0.015
0.056
0.069
0.086
0.11
0.125
0.146
0.129
0.123
0.119
0.148
0.12
0.167
0.137
0.106
0.132
0.122
0.139
0.142
0.109
0.141
0.101
0.118
0.177
0.096
0.155
0.116
0.119
0.12
0.124
0.132
0.105
0.104
0.117
0.092
0.125
0.115
0.167
0.082
0.122
0.148
0.098
0.115
0.128
0.126
0.093
0.137
0.125
0.115
0.125
0.133
0.105
0.131
0.111
0.134
0.124
0.12
0.091
0.139
0.143
0.086
0.089
0.115
0.12
0.138
0.1
0.089
0.153
0.115
0.116
0.129
0.082
0.114
0.091
0.149
0.087
0.134
0.106
0.084
0.084
0.101
0.1
0.096
0.068
0.1
0.07
0.121
0.095
0.106
0.073
0.11
0.094
0.091
0.127
0.106
0.106
0.086
0.107
0.105
0.093
0.096
0.118
0.099
0.1
0.138
0.081
0.123
0.136
0.087
0.106
0.104
0.119
0.089
0.094
0.102
0.123
0.091
0.11
0.141
0.076
0.113
0.112
0.073
0.084
0.093
0.088
0.093
0.119
0.121
0.127
0.099
0.113
0.103
0.091
0.11
0.114
0.137
0.069
0.106
0.081
0.15
0.088
0.164
0.081
0.117
0.107
0.093
0.092
0.108
0.125
0.119
0.083
0.108
0.121
0.085
0.068
0.114
0.1
0.105
0.097
0.082
0.076
0.114
0.088
0.102
0.133
0.09
0.105
0.096
0.093
0.104
0.111
0.091
0.114
0.096
0.094
0.073
0.073
0.081
0.08
0.082
0.102
0.117
0.082
0.092
0.117
0.093
0.092
0.139
0.116
0.104
0.125
0.063
0.091
0.117
0.107
0.072
0.104
0.117
0.11
0.093
0.069
0.091
0.093
0.142
0.105
0.119
0.121
0.094
0.089
0.15
0.077
0.099
0.118
0.122
0.098
0.097
0.097
0.108
0.101
0.126
0.07
0.116
0.096
0.108
0.086
0.128
0.098
0.079
0.063
0.121
0.081
0.072
0.108
0.078
0.138
0.1
0.096
0.102
0.107
0.048
0.121
0.132
0.114
0.105
0.081
0.119
0.099
0.097
0.113
0.095
0.093
0.078
0.101
0.097
0.071
0.124
0.109
0.107
0.103
0.075
0.056
0.099
0.142
0.057
0.117
0.132
0.085
0.084
0.082
0.095
0.094
0.075
0.095
0.087
0.077
0.085
0.078
0.067
0.069
0.1
0.093
0.054
0.111
0.083
0.059
0.095
0.084
0.056
0.118
0.117
0.13
0.097
0.094
0.104
0.119
0.086
0.096
0.1
0.148
0.075
0.082
0.081
0.109
0.1
0.108
0.09
0.097
0.085
0.114
0.083
0.114
0.074
0.075
0.104
0.103
0.146
0.075
0.083
0.113
0.097
0.101
0.097
0.063
0.083
0.119
0.073
0.07
0.059
0.061
0.092
0.078
0.069
0.054
0.089
0.069
0.078
0.06
0.067
0.046
0.066
0.056
0.053
0.068
0.09
0.065
0.053
0.072
0.066
0.076
0.083
0.07
0.13
0.104
0.085
0.096
0.112
0.112
0.107
0.085
0.128
0.105
0.099
0.096
0.099
0.085
0.137
0.118
0.104
0.11
0.098
0.121
0.072
0.097
0.073
0.139
0.084
0.088
0.121
0.122
0.058
0.066
0.093
0.088
0.116
0.128
0.102
0.14
0.144
0.117
0.095
0.115
0.106
0.078
0.111
0.112
0.085
0.104
0.072
0.082
0.079
0.106
0.105
0.065
0.135
0.099
0.1
0.084
0.073
0.086
0.071
0.088
0.061
0.041
0.057
0.079
0.075
0.068
0.075
0.084
0.062
0.089
0.102
0.128
0.071
0.105
0.103
0.09
0.111
0.098
0.122
0.163
0.107
0.102
0.099
0.09
0.097
0.122
0.078
0.124
0.105
0.093
0.11
0.108
0.111
0.093
0.105
0.158
0.073
0.065
0.103
0.113
0.105
0.078
0.094
0.108
0.077
0.082
0.071
0.098
0.127
0.09
0.104
0.105
0.098
0.083
0.103
0.123
0.11
0.058
0.105
0.065
0.084
0.093
0.114
0.122
0.107
0.084
0.08
0.091
0.099
0.062
0.097
0.095
0.076
0.065
0.1
0.094
0.08
0.122
0.088
0.072
0.092
0.159
0.109
0.111
0.111
0.071
0.11
0.13
0.075
0.099
0.104
0.095
0.077
0.115
0.089
0.107
0.086
0.092
0.076
0.063
0.088
0.129
0.103
0.073
0.104
0.087
0.061
0.062
0.065
0.064
0.11
0.099
0.085
0.083
0.094
0.112
0.095
0.085
0.091
0.091
0.113
0.088
0.109
0.074
0.067
0.085
0.082
0.081
0.059
0.068
0.066
0.078
0.104
0.064
0.098
0.094
0.099
0.087
0.094
0.117
0.076
0.09
0.149
0.101
0.126
0.104
0.11
0.098
0.12
0.077
0.088
0.104
0.099
0.076
0.094
0.089
0.152
0.062
0.12
0.11
0.105
0.109
0.086
0.078
0.137
0.088
0.094
0.107
0.094
0.107
0.106
0.102
0.106
0.085
0.083
0.096
0.051
0.116
0.102
0.121
0.083
0.119
0.092
0.103
0.101
0.101
0.067
0.047
0.07
0.074
0.055
0.066
0.058
0.049
0.08
0.043
0.031
0.036
0.005
0.006
0.005
0.004
0.001
0.001
0
0.001
0.001
0.002
0.001
0.001
0.002
0.005
0.002
0.002
0.004
0
0.003
0.002
0.002
0.004
0.001
0.002
0.001
0.003
0.002
0.005
0.006
0.011
0.003
0.004
0.004
0.004
0.003
0.002
0.001
0.003
0.012
0.013
0.004
0.008
0.004
0.009
0.011
0.007
0.002
0.008
0
0.006
0.005
0.004
0.007
0.006
0.006
0.006
0.004
0.002
0.003
0.005
0.005
0
0.007
0.005
0.003
0.007
0.005
0.011
0.012
0.004
0.007
0.006
0.001
0.005
0.007
0.013
0.006
0.009
0.01
0.003
0.012
0.016
0.005
0.014
0.011
0.018
0.03
0.03
0.029
0.022
0.034
0.023
0.06
0.051
0.13
0.131
0.113
0.099
0.164
0.129
0.119
0.173
0.094
0.131
0.13
0.126
0.133
0.174
0.112
0.131
0.112
0.128
0.141
0.109
0.155
0.163
0.058
0.169
0.129
0.151
0.107
0.124
0.145
0.084
0.118
0.149
0.137
0.149
0.1
0.141
0.132
0.127
0.138
0.135
0.101
0.114
0.151
0.131
0.07
0.123
0.127
0.125
0.11
0.158
0.068
0.131
0.106
0.108
0.102
0.099
0.128
0.113
0.124
0.145
0.121
0.142
0.077
0.117
0.103
0.107
0.143
0.137
0.144
0.083
0.118
0.107
0.109
0.139
0.133
0.124
0.099
0.115
0.1
0.134
0.101
0.175
0.111
0.128
0.124
0.121
0.12
0.08
0.128
0.086
0.108
0.13
0.113
0.099
0.151
0.117
0.068
0.126
0.085
0.112
0.136
0.09
0.123
0.121
0.127
0.126
0.148
0.111
0.146
0.122
0.104
0.128
0.087
0.117
0.108
0.092
0.104
0.15
0.128
0.102
0.143
0.132
0.082
0.115
0.129
0.107
0.094
0.11
0.15
0.069
0.14
0.087
0.149
0.113
0.1
0.115
0.101
0.12
0.077
0.155
0.124
0.101
0.067
0.1
0.109
0.137
0.094
0.141
0.113
0.118
0.092
0.156
0.107
0.076
0.142
0.101
0.146
0.104
0.11
0.099
0.13
0.076
0.128
0.071
0.09
0.16
0.101
0.128
0.099
0.099
0.067
0.1
0.078
0.103
0.091
0.078
0.134
0.073
0.082
0.095
0.14
0.104
0.092
0.135
0.104
0.129
0.099
0.127
0.086
0.111
0.142
0.083
0.071
0.096
0.138
0.086
0.094
0.138
0.101
0.097
0.099
0.102
0.102
0.102
0.107
0.148
0.068
0.098
0.118
0.13
0.106
0.112
0.106
0.103
0.077
0.139
0.087
0.11
0.082
0.108
0.117
0.086
0.118
0.099
0.075
0.111
0.065
0.07
0.092
0.07
0.103
0.094
0.12
0.102
0.13
0.077
0.091
0.152
0.098
0.101
0.108
0.096
0.131
0.164
0.076
0.113
0.059
0.115
0.101
0.119
0.079
0.104
0.127
0.096
0.083
0.107
0.059
0.119
0.066
0.094
0.097
0.109
0.062
0.105
0.098
0.089
0.085
0.057
0.113
0.111
0.089
0.096
0.083
0.078
0.091
0.08
0.073
0.085
0.086
0.066
0.059
0.053
0.072
0.109
0.097
0.053
0.101
0.098
0.083
0.081
0.084
0.061
0.118
0.103
0.106
0.092
0.115
0.085
0.101
0.171
0.073
0.111
0.097
0.083
0.109
0.111
0.104
0.061
0.069
0.074
0.096
0.061
0.115
0.092
0.099
0.091
0.055
0.089
0.064
0.065
0.061
0.073
0.072
0.099
0.062
0.059
0.09
0.077
0.099
0.088
0.073
0.063
0.079
0.12
0.082
0.101
0.093
0.118
0.071
0.148
0.077
0.084
0.111
0.107
0.103
0.094
0.082
0.118
0.14
0.071
0.121
0.09
0.081
0.118
0.113
0.105
0.103
0.09
0.082
0.11
0.084
0.082
0.113
0.097
0.097
0.1
0.111
0.112
0.119
0.11
0.124
0.097
0.103
0.083
0.109
0.128
0.094
0.09
0.097
0.103
0.099
0.089
0.064
0.105
0.098
0.073
0.06
0.088
0.05
0.083
0.114
0.052
0.073
0.08
0.089
0.045
0.082
0.08
0.074
0.064
0.075
0.069
0.055
0.052
0.062
0.049
0.02
0.023
0.026
0.008
0.013
0.006
0.001
0.006
0.004
0.002
0.002
0.001
0.001
0.003
0.002
0.003
0.002
0.007
0
0.003
0.004
0.002
0.001
0.001
0.003
0.009
0.001
0.003
0.002
0.005
0.004
0.002
0
0.003
0.001
0.004
0.005
0.005
0.002
0.003
0.003
0.003
0.001
0.007
0.004
0.004
0.011
0.007
0.004
0.007
0.006
0.007
0.002
0.004
0.003
0.005
0.014
0.009
0.008
0.005
0.007
0.006
0.007
0.009
0.007
0.009
0.004
0.006
0.019
0.006
0.009
0.004
0.009
0.011
0.006
0.004
0.007
0.004
0.012
0
0.007
0.01
0.001
0.003
0.005
0.002
0.006
0.003
0.004
0.004
0.005
0.006
0.003
0.004
0.009
0.002
0.004
0.011
0.012
0.013
0.02
0.03
0.055
0.058
0.085
0.129
0.114
0.107
0.147
0.118
0.109
0.128
0.105
0.118
0.154
0.134
0.13
0.107
0.133
0.117
0.122
0.157
0.157
0.116
0.132
0.106
0.182
0.095
0.169
0.107
0.15
0.104
0.164
0.118
0.101
0.116
0.113
0.118
0.117
0.163
0.125
0.17
0.066
0.144
0.084
0.141
0.135
0.105
0.141
0.114
0.131
0.142
0.127
0.083
0.155
0.116
0.086
0.168
0.084
0.108
0.128
0.125
0.161
0.097
0.157
0.091
0.1
0.139
0.119
0.13
0.095
0.11
0.127
0.116
0.097
0.135
0.083
0.151
0.104
0.108
0.094
0.117
0.096
0.108
0.144
0.128
0.086
0.116
0.122
0.123
0.078
0.127
0.123
0.126
0.106
0.104
0.129
0.075
0.107
0.14
0.107
0.107
0.12
0.119
0.095
0.09
0.103
0.118
0.141
0.105
0.146
0.099
0.128
0.173
0.112
0.091
0.127
0.122
0.101
0.088
0.165
0.128
0.125
0.107
0.163
0.13
0.077
0.122
0.159
0.122
0.124
0.101
0.152
0.075
0.123
0.165
0.083
0.124
0.134
0.116
0.148
0.105
0.109
0.088
0.135
0.126
0.127
0.081
0.111
0.103
0.112
0.09
0.124
0.087
0.119
0.12
0.115
0.132
0.068
0.114
0.106
0.091
0.11
0.081
0.13
0.085
0.09
0.133
0.092
0.127
0.075
0.094
0.102
0.105
0.08
0.109
0.113
0.115
0.125
0.084
0.13
0.114
0.113
0.117
0.119
0.066
0.102
0.079
0.101
0.086
0.078
0.075
0.149
0.068
0.12
0.088
0.17
0.127
0.093
0.105
0.086
0.074
0.096
0.076
0.078
0.119
0.093
0.099
0.074
0.14
0.103
0.139
0.078
0.115
0.103
0.085
0.092
0.155
0.11
0.08
0.088
0.148
0.098
0.104
0.105
0.112
0.113
0.121
0.085
0.094
0.084
0.132
0.12
0.104
0.072
0.144
0.107
0.084
0.094
0.088
0.121
0.11
0.092
0.103
0.118
0.101
0.144
0.092
0.105
0.105
0.102
0.13
0.138
0.093
0.084
0.067
0.132
0.105
0.124
0.064
0.079
0.085
0.128
0.126
0.082
0.114
0.068
0.101
0.1
0.107
0.079
0.082
0.117
0.103
0.092
0.07
0.133
0.075
0.105
0.081
0.145
0.122
0.067
0.129
0.082
0.096
0.102
0.099
0.081
0.121
0.11
0.071
0.109
0.081
0.121
0.089
0.096
0.086
0.108
0.115
0.086
0.074
0.108
0.099
0.128
0.111
0.093
0.099
0.135
0.068
0.087
0.087
0.09
0.127
0.069
0.083
0.083
0.073
0.083
0.096
0.096
0.07
0.098
0.1
0.099
0.103
0.116
0.115
0.102
0.117
0.071
0.135
0.08
0.119
0.073
0.126
0.134
0.075
0.101
0.089
0.101
0.084
0.077
0.095
0.076
0.127
0.065
0.059
0.045
0.085
0.094
0.075
0.113
0.089
0.121
0.09
0.097
0.111
0.068
0.088
0.066
0.066
0.098
0.099
0.102
0.081
0.131
0.069
0.064
0.116
0.105
0.101
0.097
0.042
0.074
0.087
0.056
0.099
0.059
0.12
0.095
0.095
0.088
0.089
0.105
0.092
0.079
0.073
0.121
0.099
0.101
0.102
0.093
0.079
0.112
0.093
0.072
0.092
0.115
0.073
0.114
0.094
0.081
0.064
0.07
0.071
0.113
0.098
0.124
0.092
0.099
0.097
0.134
0.058
0.088
0.06
0.068
0.048
0.095
0.056
0.08
0.102
0.09
0.099
0.088
0.048
0.054
0.066
0.051
0.026
0.018
0.017
0.009
0.003
0.004
0.004
0.005
0
0.001
0.002
0.003
0.004
0.003
0.003
0.003
0.008
0
0.001
0.002
0.003
0.002
0.004
0.01
0.003
0.005
0.003
0.001
0
0.005
0.001
0.001
0.003
0.004
0.003
0.009
0.002
0.004
0.007
0.011
0.013
0.006
0.003
0.004
0.006
0.006
0.003
0.002
0.007
0.001
0.002
0.009
0.002
0.002
0.008
0.004
0.007
0.006
0.004
0.004
0.005
0.001
0.008
0.011
0.003
0.013
0.007
0.008
0.012
0.009
0.005
0.008
0.003
0.003
0.006
0.009
0.008
0.003
0.003
0.005
0.008
0.004
0.005
0.009
0.013
0.01
0.006
0.006
0.009
0.018
0.016
0.013
0.022
0.006
0.017
0.015
0.034
0.027
0.034
0.02
0.05
0.073
0.114
0.092
0.125
0.135
0.124
0.137
0.108
0.15
0.117
0.135
0.145
0.12
0.13
0.108
0.092
0.109
0.136
0.134
0.135
0.107
0.133
0.167
0.113
0.117
0.119
0.143
0.099
0.144
0.163
0.127
0.129
0.094
0.134
0.172
0.157
0.114
0.127
0.173
0.077
0.093
0.104
0.127
0.136
0.112
0.116
0.111
0.111
0.095
0.158
0.145
0.152
0.12
0.134
0.14
0.101
0.107
0.113
0.13
0.148
0.131
0.137
0.154
0.114
0.105
0.124
0.108
0.142
0.118
0.097
0.152
0.189
0.079
0.089
0.111
0.106
0.101
0.103
0.128
0.122
0.113
0.114
0.116
0.169
0.07
0.15
0.092
0.141
0.086
0.145
0.097
0.13
0.154
0.108
0.124
0.123
0.13
0.158
0.129
0.103
0.134
0.156
0.09
0.122
0.123
0.126
0.089
0.16
0.101
0.128
0.108
0.097
0.11
0.135
0.097
0.104
0.109
0.153
0.072
0.13
0.099
0.118
0.086
0.128
0.126
0.152
0.092
0.096
0.171
0.107
0.089
0.087
0.127
0.145
0.097
0.077
0.091
0.091
0.139
0.109
0.091
0.096
0.095
0.102
0.119
0.08
0.108
0.11
0.072
0.122
0.085
0.106
0.105
0.093
0.118
0.132
0.123
0.099
0.12
0.096
0.124
0.114
0.121
0.096
0.093
0.146
0.093
0.1
0.125
0.106
0.083
0.124
0.084
0.092
0.092
0.133
0.087
0.092
0.105
0.138
0.114
0.074
0.121
0.089
0.133
0.119
0.074
0.134
0.073
0.14
0.126
0.061
0.105
0.102
0.105
0.114
0.119
0.084
0.103
0.093
0.091
0.104
0.097
0.082
0.113
0.076
0.079
0.1
0.137
0.059
0.149
0.082
0.117
0.096
0.114
0.096
0.091
0.11
0.091
0.099
0.109
0.117
0.116
0.093
0.131
0.084
0.092
0.102
0.146
0.091
0.13
0.127
0.106
0.106
0.091
0.098
0.117
0.085
0.111
0.094
0.114
0.114
0.113
0.091
0.128
0.111
0.118
0.096
0.088
0.121
0.061
0.08
0.122
0.091
0.096
0.096
0.119
0.111
0.106
0.084
0.079
0.101
0.087
0.091
0.108
0.089
0.096
0.113
0.106
0.073
0.097
0.091
0.093
0.12
0.107
0.081
0.075
0.111
0.076
0.045
0.074
0.074
0.075
0.108
0.088
0.095
0.118
0.062
0.088
0.113
0.101
0.087
0.106
0.063
0.085
0.111
0.105
0.065
0.087
0.104
0.05
0.097
0.084
0.105
0.065
0.067
0.088
0.1
0.119
0.086
0.092
0.092
0.086
0.086
0.082
0.126
0.103
0.076
0.089
0.09
0.064
0.09
0.085
0.096
0.055
0.137
0.101
0.127
0.147
0.101
0.107
0.136
0.087
0.125
0.07
0.081
0.11
0.061
0.078
0.101
0.11
0.066
0.096
0.093
0.078
0.066
0.068
0.086
0.078
0.086
0.088
0.08
0.095
0.076
0.075
0.118
0.06
0.105
0.077
0.126
0.091
0.076
0.078
0.059
0.057
0.057
0.065
0.062
0.102
0.067
0.1
0.063
0.109
0.084
0.101
0.1
0.083
0.102
0.086
0.069
0.106
0.097
0.076
0.116
0.092
0.084
0.104
0.104
0.096
0.122
0.123
0.084
0.076
0.051
0.081
0.102
0.11
0.104
0.097
0.078
0.095
0.12
0.118
0.128
0.087
0.132
0.073
0.08
0.093
0.082
0.119
0.072
0.119
0.116
0.067
0.091
0.092
0.101
0.069
0.061
0.075
0.106
0.078
0.076
0.066
0.066
0.045
0.021
0.023
0.013
0.009
0.01
0.004
0.001
0.001
0.003
0.005
0.001
0.001
0
0.005
0.001
0.003
0.001
0.003
0
0.003
0.002
0.004
0.003
0.004
0.008
0.002
0.001
0.002
0
0.002
0.002
0.006
0.006
0.005
0.009
0.009
0.006
0.007
0.003
0.007
0.008
0.008
0.003
0.005
0.003
0.006
0.002
0.006
0.003
0.007
0.005
0.004
0.006
0.003
0.006
0.008
0.004
0.012
0.007
0.007
0.002
0.004
0.002
0.006
0.007
0.002
0.001
0.004
0.008
0.012
0.01
0.008
0.013
0.013
0.007
0.013
0.022
0.021
0.022
0.01
0.01
0.008
0.01
0.008
0.007
0.014
0.026
0.01
0.027
0.019
0.02
0.018
0.012
0.011
0.01
0.011
0.031
0.029
0.033
0.042
0.057
0.047
0.102
0.108
0.11
0.147
0.102
0.14
0.104
0.159
0.145
0.121
0.147
0.176
0.077
0.185
0.132
0.114
0.101
0.099
0.134
0.123
0.115
0.096
0.127
0.114
0.12
0.111
0.166
0.125
0.112
0.099
0.103
0.108
0.151
0.144
0.117
0.141
0.119
0.144
0.109
0.122
0.136
0.121
0.148
0.138
0.105
0.161
0.131
0.121
0.126
0.128
0.102
0.13
0.121
0.118
0.136
0.156
0.067
0.159
0.114
0.134
0.107
0.144
0.09
0.118
0.116
0.143
0.103
0.148
0.075
0.109
0.088
0.138
0.142
0.091
0.1
0.129
0.123
0.142
0.139
0.124
0.152
0.127
0.103
0.084
0.172
0.107
0.115
0.121
0.13
0.113
0.121
0.154
0.139
0.104
0.116
0.109
0.174
0.117
0.081
0.147
0.071
0.115
0.141
0.111
0.108
0.119
0.129
0.094
0.137
0.11
0.109
0.126
0.074
0.12
0.123
0.15
0.095
0.099
0.135
0.091
0.129
0.146
0.088
0.089
0.143
0.091
0.119
0.1
0.127
0.081
0.131
0.135
0.075
0.11
0.08
0.133
0.095
0.131
0.117
0.114
0.081
0.1
0.089
0.091
0.081
0.113
0.111
0.086
0.112
0.132
0.094
0.121
0.101
0.112
0.109
0.123
0.124
0.107
0.113
0.085
0.125
0.156
0.094
0.076
0.095
0.091
0.097
0.099
0.106
0.113
0.098
0.055
0.112
0.121
0.103
0.102
0.082
0.109
0.081
0.098
0.092
0.138
0.053
0.065
0.144
0.107
0.105
0.135
0.139
0.113
0.098
0.075
0.144
0.102
0.089
0.092
0.085
0.128
0.092
0.103
0.046
0.13
0.078
0.121
0.1
0.102
0.093
0.147
0.106
0.123
0.082
0.139
0.106
0.115
0.103
0.089
0.086
0.11
0.087
0.12
0.084
0.112
0.075
0.091
0.083
0.104
0.115
0.089
0.097
0.124
0.083
0.114
0.116
0.065
0.08
0.113
0.094
0.089
0.104
0.094
0.092
0.102
0.144
0.083
0.09
0.081
0.103
0.124
0.123
0.074
0.091
0.109
0.102
0.096
0.09
0.101
0.075
0.104
0.118
0.068
0.119
0.092
0.093
0.074
0.119
0.088
0.061
0.083
0.083
0.067
0.086
0.084
0.083
0.1
0.076
0.104
0.091
0.11
0.119
0.069
0.125
0.091
0.094
0.087
0.119
0.107
0.062
0.081
0.112
0.134
0.124
0.082
0.095
0.131
0.064
0.101
0.126
0.073
0.09
0.09
0.084
0.092
0.067
0.101
0.059
0.067
0.116
0.076
0.115
0.096
0.113
0.127
0.111
0.076
0.105
0.089
0.125
0.141
0.08
0.136
0.096
0.09
0.093
0.074
0.07
0.086
0.072
0.062
0.087
0.113
0.096
0.09
0.085
0.099
0.071
0.065
0.075
0.102
0.059
0.099
0.096
0.079
0.119
0.076
0.081
0.091
0.071
0.048
0.073
0.051
0.075
0.089
0.072
0.089
0.112
0.118
0.075
0.071
0.122
0.082
0.097
0.072
0.089
0.082
0.097
0.09
0.09
0.103
0.077
0.096
0.093
0.088
0.1
0.085
0.096
0.062
0.076
0.085
0.073
0.077
0.121
0.051
0.091
0.058
0.079
0.059
0.065
0.081
0.108
0.075
0.079
0.109
0.07
0.088
0.09
0.109
0.064
0.118
0.101
0.07
0.104
0.058
0.08
0.056
0.111
0.096
0.091
0.12
0.096
0.101
0.082
0.121
0.109
0.097
0.086
0.104
0.075
0.077
0.1
0.079
0.126
0.108
0.121
0.088
0.084
0.114
0.1
0.097
0.066
0.098
0.082
0.118
0.112
0.091
0.13
0.088
0.084
0.144
0.093
0.084
0.085
0.092
0.086
0.105
0.065
0.081
0.106
0.068
0.14
0.063
0.066
0.083
0.1
0.059
0.1
0.07
0.08
0.09
0.064
0.07
0.167
0.068
0.108
0.08
0.117
0.076
0.102
0.08
0.082
0.088
0.078
0.069
0.073
0.089
0.122
0.073
0.08
0.091
0.073
0.082
0.09
0.084
0.074
0.113
0.106
0.093
0.081
0.116
0.093
0.083
0.115
0.089
0.151
0.097
0.106
0.117
0.109
0.087
0.101
0.117
0.109
0.076
0.092
0.085
0.11
0.137
0.095
0.116
0.067
0.084
0.081
0.084
0.103
0.088
0.065
0.044
0.07
0.06
0.084
0.082
0.061
0.049
0.035
0.02
0.012
0.005
0.004
0.001
0.003
0
0.002
0.002
0.002
0.002
0.004
0.002
0.001
0.002
0.001
0.001
0.001
0.004
0.001
0.001
0.004
0.003
0.002
0.002
0.009
0.003
0.005
0.001
0.002
0.005
0.013
0.003
0.004
0.002
0.003
0.004
0.005
0.011
0.012
0.001
0.007
0.005
0.003
0.001
0.002
0.008
0.002
0.002
0.008
0.005
0.004
0.01
0.007
0.009
0.004
0.002
0.009
0.002
0.012
0.006
0.005
0.001
0.005
0.002
0.006
0.005
0.002
0.001
0.008
0.006
0.005
0.008
0.006
0.008
0.007
0.009
0.006
0.006
0.008
0.007
0.007
0.003
0.006
0.005
0.013
0.004
0.006
0.015
0.008
0.004
0.006
0.005
0.009
0.009
0.029
0.021
0.041
0.063
0.055
0.105
0.105
0.093
0.141
0.125
0.113
0.138
0.119
0.11
0.115
0.111
0.142
0.14
0.161
0.122
0.167
0.117
0.136
0.131
0.156
0.084
0.144
0.133
0.105
0.132
0.15
0.114
0.162
0.15
0.125
0.1
0.091
0.124
0.137
0.102
0.131
0.158
0.114
0.132
0.149
0.102
0.182
0.098
0.117
0.123
0.152
0.123
0.114
0.116
0.113
0.157
0.12
0.135
0.13
0.118
0.118
0.112
0.147
0.102
0.11
0.126
0.106
0.071
0.186
0.106
0.098
0.11
0.109
0.125
0.134
0.109
0.14
0.094
0.127
0.101
0.118
0.114
0.117
0.116
0.111
0.152
0.129
0.142
0.103
0.135
0.092
0.093
0.119
0.105
0.105
0.115
0.149
0.107
0.128
0.096
0.113
0.104
0.122
0.103
0.118
0.099
0.121
0.094
0.111
0.168
0.085
0.114
0.136
0.105
0.096
0.102
0.103
0.096
0.122
0.113
0.132
0.067
0.126
0.096
0.112
0.105
0.106
0.121
0.103
0.095
0.104
0.087
0.078
0.114
0.091
0.135
0.122
0.063
0.13
0.117
0.096
0.083
0.107
0.121
0.095
0.132
0.108
0.123
0.11
0.113
0.117
0.123
0.113
0.123
0.084
0.088
0.09
0.138
0.124
0.119
0.115
0.107
0.103
0.13
0.112
0.135
0.116
0.093
0.145
0.071
0.129
0.1
0.094
0.083
0.129
0.094
0.144
0.114
0.094
0.128
0.089
0.123
0.112
0.09
0.092
0.086
0.115
0.098
0.104
0.11
0.122
0.102
0.12
0.109
0.107
0.107
0.094
0.112
0.074
0.117
0.146
0.123
0.093
0.122
0.105
0.099
0.108
0.111
0.117
0.089
0.107
0.088
0.109
0.094
0.097
0.119
0.075
0.127
0.113
0.134
0.088
0.099
0.096
0.085
0.106
0.126
0.129
0.085
0.093
0.146
0.12
0.124
0.09
0.072
0.098
0.106
0.1
0.099
0.07
0.076
0.098
0.073
0.117
0.133
0.099
0.075
0.111
0.133
0.088
0.099
0.125
0.08
0.054
0.12
0.067
0.095
0.114
0.139
0.095
0.116
0.102
0.074
0.105
0.076
0.118
0.09
0.094
0.074
0.078
0.138
0.133
0.076
0.104
0.119
0.073
0.133
0.114
0.104
0.086
0.111
0.055
0.115
0.104
0.077
0.094
0.122
0.098
0.078
0.116
0.043
0.114
0.082
0.075
0.051
0.071
0.117
0.077
0.084
0.096
0.063
0.046
0.075
0.05
0.104
0.106
0.108
0.1
0.126
0.092
0.119
0.125
0.076
0.1
0.114
0.113
0.102
0.093
0.134
0.081
0.093
0.114
0.101
0.066
0.116
0.078
0.079
0.133
0.096
0.076
0.116
0.105
0.099
0.082
0.092
0.107
0.087
0.101
0.085
0.086
0.059
0.058
0.091
0.07
0.078
0.069
0.097
0.062
0.045
0.069
0.057
0.04
0.04
0.047
0.015
0.016
0.012
0.006
0.007
0.005
0.002
0.004
0.002
0.002
0
0.003
0.004
0.005
0.003
0.002
0.001
0.004
0
0
0.004
0.002
0.003
0.004
0.006
0.004
0.004
0.001
0.006
0.002
0.001
0.005
0.003
0.004
0.005
0.007
0.006
0.005
0
0.01
0.004
0.004
0.003
0.005
0.008
0.015
0.001
0.004
0.003
0.002
0.012
0.007
0.006
0.015
0.001
0.001
0.004
0.008
0.006
0.011
0.005
0.016
0.01
0.007
0.021
0.013
0.009
0.005
0.009
0.01
0.011
0.002
0.004
0.012
0.008
0.012
0.01
0.006
0.003
0.004
0.005
0.003
0.005
0.007
0.013
0.019
0.031
0.027
0.013
0.011
0.013
0.02
0.033
0.031
0.058
0.085
0.086
0.115
0.133
0.133
0.124
0.13
0.152
0.143
0.133
0.125
0.145
0.128
0.091
0.129
0.132
0.142
0.134
0.107
0.132
0.129
0.133
0.155
0.163
0.076
0.138
0.13
0.15
0.127
0.077
0.162
0.129
0.1
0.129
0.161
0.096
0.135
0.135
0.119
0.135
0.13
0.133
0.148
0.123
0.114
0.109
0.151
0.132
0.078
0.121
0.141
0.105
0.147
0.119
0.143
0.074
0.124
0.072
0.109
0.139
0.104
0.14
0.101
0.108
0.151
0.118
0.109
0.1
0.113
0.117
0.111
0.07
0.141
0.122
0.119
0.116
0.14
0.169
0.109
0.123
0.177
0.069
0.121
0.085
0.084
0.123
0.128
0.107
0.136
0.048
0.096
0.115
0.122
0.124
0.109
0.133
0.12
0.135
0.141
0.13
0.128
0.101
0.115
0.133
0.129
0.151
0.096
0.099
0.108
0.089
0.142
0.126
0.061
0.129
0.114
0.133
0.056
0.119
0.105
0.119
0.113
0.148
0.088
0.154
0.109
0.086
0.118
0.105
0.112
0.101
0.095
0.109
0.103
0.101
0.118
0.126
0.137
0.087
0.109
0.101
0.125
0.087
0.117
0.136
0.08
0.098
0.101
0.127
0.085
0.133
0.122
0.135
0.107
0.138
0.103
0.099
0.124
0.109
0.099
0.117
0.096
0.113
0.124
0.111
0.11
0.139
0.121
0.101
0.174
0.071
0.127
0.117
0.09
0.131
0.123
0.122
0.111
0.107
0.102
0.105
0.13
0.088
0.1
0.105
0.131
0.095
0.128
0.101
0.108
0.147
0.118
0.092
0.108
0.118
0.086
0.135
0.092
0.064
0.156
0.098
0.108
0.105
0.108
0.1
0.119
0.074
0.113
0.094
0.091
0.091
0.118
0.102
0.079
0.119
0.128
0.08
0.111
0.114
0.102
0.118
0.121
0.119
0.087
0.097
0.132
0.068
0.106
0.079
0.122
0.093
0.088
0.088
0.073
0.1
0.134
0.098
0.124
0.101
0.088
0.118
0.071
0.083
0.099
0.068
0.106
0.103
0.095
0.077
0.081
0.091
0.101
0.087
0.095
0.105
0.069
0.046
0.078
0.09
0.107
0.063
0.069
0.097
