0.195
0.059
0.101
0.135
0.087
0.094
0.078
0.097
0.101
0.061
0.081
0.087
0.07
0.071
0.065
0.088
0.069
0.079
0.056
0.041
0.058
0.13
0.004
0.059
0.051
0.083
0.032
0.049
0.04
0.008
0.064
0.078
0.001
0.004
0.113
0
0.019
0.1
0
0.001
0.08
0
0.002
0.001
0.07
0.002
0
0
0.118
0
0
0.003
0.004
0.114
0
0
0
0
0.001
0
0.129
0
0
0
0
0
0.028
0
0.001
0
0.001
0
0
0
0
0
0
0
0.001
0
0
0
0.005
0
0
0
0
0
0.002
0
0
0.161
0
0
0
0
0
0
0
0
0
0
0
0
0.099
0
0
0
0
0
0
0
0
0
0
0.123
0
0
0
0
0
0
0
0
0
0.001
0
0.098
0
0
0
0
0
0
0
0
0
0
0
0
0
0
0
0
0
0
0
0
0
0
0.001
0.104
0
0
0
0
0
0
0
0
0
0
0
0.003
0
0
0
0
0.005
0
0
0.001
0
0
0
0
0.123
0
0
0
0
0
0
0
0
0.001
0
0
0
0.157
0
0
0
0
0
0
0
0
0.001
0
0
0.002
0
0
0
0
0.122
0
0
0
0
0
0
0.001
0
0
0
0
0
0
0
0
0
0
0
0
0
0
0
0.001
0.14
0
0
0
0
0
0
0
0.001
0
0
0.099
0
0
0
0
0
0.001
0
0
0
0
0.001
0
0
0
0
0
0
0.122
0
0
0
0
0
0
0
0
0
0
0
0
0
0.001
0
0
0
0.003
0
0
0
0
0
0
0
0
0
0
0
0.001
0
0
0.001
0.001
0
0.098
0
0
0
0
0
0
0.115
0
0
0
0
0
0
0
0.001
0
0.114
0
0
0
0
0
0
0
0.001
0
0
0
0
0
0.001
0
0
0
0
0
0
0.002
0
0
0
0
0
0
0
0
0.102
0
0
0
0
0
0
0
0.094
0
0
0
0
0
0
0
0
0.011
0
0
0
0
0
0
0
0
0
0.111
0
0
0
0
0
0
0
0
0
0
0.001
0
0
0
0
0
0.124
0
0
0
0
0
0
0
0
0
0
0
0
0.111
0
0
0
0
0
0
0
0
0.138
0
0
0
0
0.001
0
0
0
0
0
0
0
0
0
0
0
0
0
0.001
0
0
0
0
0
0
0
0
0
0
0
0
0
0.001
0
0
0.001
0
0
0
0.001
0
0.002
0.109
0
0
0
0
0
0
0
0
0
0
0
0.001
0
0.001
0
0.14
0
0
0
0
0
0
0
0.1
0
0
0
0
0
0
0
0
0
0
0.079
0
0
0
0
0
0
0
0
0
0
0
0
0
0.001
0
0
0.002
0
0
0
0.093
0
0
0
0
0
0
0
0
0.003
0
0
0
0
0.001
0
0
0
0
0
0
0
0
0.108
0
0
0
0
0
0
0
0.001
0
0.133
0
0
0
0
0
0
0
0.001
0
0.001
0
0
0
0.001
0
0
0
0
0
0
0
0.115
0
0
0
0
0
0
0
0
0.001
0.088
0
0
0
0
0
0
0
0
0
0
0
0
0
0
0
0
0
0
0.002
0
0
0
0
0
0
0
0.004
0
0
0.001
0
0
0
0.138
0
0
0
0.001
0
0
0
0
0
0
0
0
0
0
0
0.132
0
0
0
0
0
0
0
0
0.003
0
0.138
0
0
0
0
0
0
0
0
0.099
0
0
0
0
0
0
0
0
0.002
0
0
0
0
0
0
0
0
0
0
0
0.001
0
0
0
0
0
0
0
0.002
0.002
0.098
0
0
0
0
0
0
0
0
0
0
0
0
0.106
0
0
0
0
0
0
0
0
0
0
0
0
0.001
0.094
0
0
0
0
0
0.001
0
0.141
0
0
0
0
0
0
0
0
0
0
0
0
0
0.106
0
0
0
0
0
0
0
0
0
0
0
0
0
0
0
0
0
0
0
0
0.002
0
0
0
0
0
0
0
0
0
0.1
0
0
0
0
0
0
0
0.117
0
0
0
0
0
0
0
0
0
0
0
0
0
0
0
0
0
0.001
0
0
0.001
0.123
0
0
0
0
0
0
0
0
0.001
0
0
0
0
0
0
0
0
0
0
0
0
0
0
0
0.001
0
0
0
0
0
0
0
0
0
0
0
0
0
0
0
0.001
0.117
0
0
0
0
0
0
0
0.111
0
0
0
0
0
0.008
0.11
0
0
0
0
0
0.081
0
0
0
0
0
0
0
0
0
0
0
0
0.102
0
0
0
0
0
0
0
0
0
0
0
0
0.126
0
0
0
0
0
0
0
0
0
0
0.001
0
0
0
0.003
0
0.001
0
0
0
0
0
0
0
0.001
0
0
0
0
0
0.002
0.117
0
0
0
0
0
0
0
0
0.084
0
0
0
0
0
0
0
0
0
0
0
0
0
0.115
0
0
0
0
0
0
0
0.001
0
0.003
0
0
0
0
0.003
0
0
0
0
0
0
0
0
0
0
0
0
0
0.122
0
0
0
0
0
0
0
0
0
0
0
0
0
0
0.001
0.14
0
0
0
0
0
0.005
0
0
0
0
0
0.001
0
0
0.001
0
0
0
0
0.002
0
0
0
0
0
0
