0.016
0.12
0.149
0.163
0.166
0.15
0.115
0.175
0.122
0.16
0.134
0.162
0.136
0.17
0.11
0.155
0.163
0.115
0.147
0.149
0.13
0.16
0.154
0.144
0.213
0.11
0.153
0.125
0.149
0.158
0.112
0.137
0.145
0.187
0.14
0.126
0.113
0.167
0.159
0.154
0.12
0.17
0.094
0.183
0.137
0.16
0.139
0.118
0.154
0.154
0.164
0.137
0.155
0.134
0.171
0.122
0.115
0.141
0.142
0.132
0.131
0.14
0.149
0.125
0.139
0.165
0.134
0.125
0.145
0.172
0.145
0.108
0.139
0.138
0.144
0.181
0.158
0.158
0.149
0.103
0.154
0.127
0.093
0.167
0.155
0.141
0.129
0.118
0.137
0.106
0.153
0.138
0.157
0.117
0.136
0.116
0.155
0.156
0.153
0.121
0.153
0.116
0.186
0.113
0.157
0.134
0.129
0.13
0.114
0.138
0.09
0.158
0.128
0.146
0.133
0.123
0.154
0.096
0.165
0.161
0.116
0.128
0.162
0.105
0.112
0.115
0.165
0.138
0.142
0.125
0.09
0.156
0.139
0.147
0.14
0.146
0.155
0.196
0.144
0.16
0.105
0.135
0.139
0.164
0.089
0.145
0.112
0.165
0.144
0.118
0.102
0.15
0.098
0.099
0.145
0.139
0.131
0.128
0.144
0.099
0.133
0.121
0.173
0.144
0.105
0.093
0.135
0.182
0.147
0.116
0.133
0.13
0.17
0.137
0.109
0.126
0.146
0.102
0.127
0.146
0.124
0.139
0.137
0.112
0.166
0.114
0.085
0.153
0.137
0.12
0.126
0.099
0.12
0.109
0.126
0.135
0.13
0.103
0.137
0.113
0.104
0.133
0.092
0.134
0.126
0.133
0.126
0.127
0.107
0.144
0.128
0.146
0.131
0.152
0.08
0.129
0.115
0.157
0.08
0.095
0.129
0.12
0.174
0.111
0.123
0.076
0.079
0.154
0.107
0.13
0.148
0.103
0.133
0.139
0.146
0.129
0.105
0.097
0.136
0.129
0.155
0.123
0.102
0.153
0.119
0.133
0.11
0.112
0.145
0.112
0.124
0.097
0.134
0.149
0.103
0.136
0.116
0.127
0.126
0.122
0.139
0.128
0.093
0.124
0.096
0.102
0.116
0.091
0.097
0.112
0.131
0.137
0.121
0.171
0.129
0.157
0.114
0.121
0.139
0.124
0.111
0.15
0.108
0.124
0.115
0.115
0.143
0.127
0.131
0.131
0.092
0.149
0.118
0.132
0.079
0.11
0.131
0.115
0.112
0.129
0.124
0.131
0.124
0.159
0.12
0.107
0.143
0.149
0.137
0.129
0.093
0.115
0.145
0.083
0.13
0.139
0.118
0.124
0.096
0.13
0.118
0.137
0.105
0.11
0.12
0.117
0.129
0.134
0.112
0.159
0.126
0.09
0.103
0.144
0.153
0.064
0.16
0.099
0.171
0.115
0.113
0.11
0.099
0.113
0.109
0.114
0.132
0.126
0.119
0.1
0.107
0.134
0.098
0.124
0.097
0.142
0.116
0.072
0.136
0.116
0.09
0.124
0.089
0.125
0.126
0.126
0.126
0.109
0.116
0.097
0.114
0.08
0.107
0.15
0.098
0.148
0.088
0.101
0.15
0.126
0.112
0.095
0.116
0.142
0.093
0.075
0.158
0.094
0.067
0.162
0.125
0.145
0.107
0.111
0.105
0.119
0.143
0.085
0.125
0.147
0.089
0.119
0.085
0.131
0.082
0.122
0.125
0.139
0.092
0.096
0.1
0.152
0.105
0.099
0.092
0.138
0.087
0.105
0.127
0.1
0.141
0.125
0.104
0.101
0.096
0.128
0.078
0.12
0.091
0.124
0.13
0.119
0.139
0.063
0.136
0.1
0.134
0.133
0.134
0.109
0.117
0.081
0.189
0.079
0.139
0.085
0.14
0.139
0.135
0.116
0.121
0.119
0.158
0.096
0.095
0.15
0.165
0.089
0.114
0.126
0.13
0.131
0.104
0.138
0.113
0.117
0.137
0.064
0.129
0.11
0.123
0.101
0.137
0.122
0.11
0.087
0.126
0.139
0.082
0.115
0.099
0.077
0.12
0.138
0.097
0.101
0.102
0.11
0.138
0.088
0.065
0.077
0.112
0.163
0.118
0.103
0.099
0.101
0.121
0.107
0.102
0.102
0.118
0.092
0.163
0.109
0.126
0.114
0.147
0.109
0.102
0.12
0.106
0.077
0.109
0.097
0.111
0.086
0.107
0.153
0.088
0.095
0.13
0.091
0.152
0.125
0.113
0.102
0.096
0.152
0.127
0.118
0.157
0.127
0.119
0.096
0.099
0.111
0.095
0.103
0.076
0.138
0.117
0.124
0.115
0.105
0.117
0.097
0.174
0.095
0.128
0.125
0.12
0.116
0.061
0.088
0.093
0.111
0.099
0.1
0.118
0.119
0.091
0.125
0.091
0.095
0.1
0.116
0.102
0.119
0.129
0.091
0.128
0.135
0.128
0.134
0.081
0.129
0.11
0.126
0.142
0.112
0.123
0.1
0.11
0.115
0.108
0.15
0.116
0.118
0.147
0.139
0.126
0.134
0.071
0.097
0.112
0.167
0.102
0.116
0.138
0.125
0.122
0.117
0.151
0.139
0.097
0.102
0.134
0.134
0.07
0.134
0.155
0.107
0.099
0.076
0.118
0.068
0.131
0.141
0.102
0.143
0.118
0.121
0.108
0.117
0.08
0.088
0.115
0.11
0.106
0.089
0.149
0.073
0.1
0.098
0.162
0.1
0.078
0.131
0.136
0.143
0.09
0.111
0.111
0.147
0.087
0.095
0.107
0.075
0.112
0.131
0.117
0.142
0.098
0.09
0.137
0.128
0.128
0.136
0.134
0.123
0.116
0.13
0.122
0.108
0.138
0.11
0.096
0.13
0.161
0.09
0.119
0.111
0.137
0.1
0.097
0.096
0.102
0.066
0.16
0.107
0.111
0.113
0.127
0.071
0.1
0.112
0.077
0.067
0.146
0.106
0.107
0.137
0.106
0.097
0.118
0.128
0.13
0.099
0.127
0.141
0.094
0.094
0.136
0.121
0.11
0.103
0.105
0.08
0.126
0.091
0.11
0.158
0.14
0.121
0.166
0.099
0.13
0.107
0.103
0.14
0.092
0.087
0.106
0.107
0.127
0.128
0.123
0.12
0.095
0.141
0.106
0.109
0.129
0.088
0.113
0.097
0.127
0.071
0.124
0.117
0.076
0.074
0.114
0.139
0.108
0.13
0.14
0.126
0.141
0.122
0.137
0.078
0.095
0.071
0.079
0.113
0.138
0.082
0.116
0.123
0.082
0.13
0.115
0.059
0.145
0.141
0.11
0.125
0.134
0.116
0.072
0.129
0.117
0.102
0.121
0.084
0.093
0.125
0.099
0.133
0.092
0.126
0.093
0.111
0.093
0.131
0.088
0.132
0.115
0.093
0.151
0.101
0.121
0.111
0.121
0.117
0.093
0.098
0.104
0.087
0.131
0.089
0.138
0.13
0.079
0.143
0.139
0.093
0.118
0.167
0.107
0.122
0.103
0.102
0.108
0.151
0.13
0.114
0.133
0.094
0.113
0.124
0.102
0.1
0.094
0.122
0.117
0.126
0.155
0.121
0.135
0.094
0.108
0.108
0.108
0.102
0.113
0.089
0.082
0.146
0.123
0.112
0.121
0.098
0.117
0.159
0.08
0.147
0.101
0.092
0.126
0.103
0.081
0.173
0.128
0.097
0.112
0.104
0.098
0.083
0.104
0.124
0.113
0.112
0.114
0.095
0.111
0.109
0.122
0.141
0.117
0.154
0.097
0.121
0.098
0.105
0.14
0.078
0.152
0.118
0.13
0.081
0.111
0.091
0.132
0.079
0.12
0.145
0.113
0.121
0.102
0.109
0.102
0.084
0.133
0.101
0.13
0.087
0.113
0.072
0.117
0.145
0.113
0.12
0.092
0.104
0.145
0.103
0.112
0.12
0.098
0.082
0.125
0.109
0.117
0.121
0.122
0.131
0.11
0.102
0.114
0.076
0.124
0.096
0.137
0.122
0.104
0.117
0.133
0.115
0.136
0.111
0.114
0.13
0.08
0.14
0.123
0.124
0.104
0.112
0.12
0.1
0.129
0.114
0.113
0.106
0.144
0.098
0.119
0.095
0.137
0.093
0.126
0.12
0.147
0.12
0.116
0.097
0.092
0.071
0.08
0.096
0.123
0.129
0.14
0.087
0.098
0.118
0.096
0.112
0.119
0.11
0.11
0.125
0.094
0.141
0.106
0.084
0.121
0.104
0.085
0.138
0.081
0.088
0.091
0.056
0.088
0.1
0.11
0.106
0.177
0.13
0.092
0.106
0.114
0.09
0.078
0.163
0.094
0.124
0.113
0.093
0.111
0.144
0.118
0.079
0.136
0.129
0.07
0.077
0.115
0.118
0.143
0.09
0.102
0.102
0.043
0.117
0.063
0.104
0.076
0.116
0.095
0.13
0.093
0.181
0.093
0.131
0.121
0.144
0.091
0.137
0.081
0.075
0.166
0.136
0.121
0.13
0.096
0.104
0.123
0.153
0.077
0.161
0.123
0.126
0.138
0.09
0.105
0.109
0.097
0.088
0.141
0.103
0.129
0.153
0.093
0.101
0.105
0.11
0.101
0.112
0.117
0.11
0.144
0.095
0.064
0.09
0.102
0.092
0.101
0.116
0.12
0.138
0.089
0.111
0.102
0.068
0.121
0.105
0.14
0.11
0.166
0.104
0.13
0.116
0.104
0.128
0.116
0.111
0.088
0.136
0.118
0.142
0.102
0.093
0.128
0.153
0.083
0.105
0.111
0.076
0.108
0.13
0.12
0.109
0.108
0.13
0.137
0.137
0.105
0.144
0.071
0.125
0.094
0.109
0.1
0.111
0.105
0.114
0.086
0.111
0.094
0.091
0.163
0.083
0.123
0.138
0.125
0.131
0.099
0.089
0.117
0.133
0.098
0.116
0.126
0.107
0.109
0.129
0.111
0.14
0.115
0.105
0.101
0.15
0.123
0.063
0.121
0.07
0.128
0.116
0.087
0.119
0.107
0.103
0.092
0.151
0.124
0.1
0.094
0.129
0.132
0.095
0.102
0.171
0.083
0.118
0.103
0.116
0.133
0.111
0.12
0.127
0.133
0.092
0.132
0.095
0.128
0.12
0.127
0.122
0.096
0.125
0.113
0.091
0.107
0.14
0.077
0.123
0.098
0.099
0.093
0.087
0.113
0.132
0.103
0.15
0.058
0.113
0.109
0.137
0.146
0.115
0.075
0.11
0.112
0.119
0.122
0.095
0.102
0.104
0.143
0.085
0.133
0.103
0.134
0.102
0.059
0.115
0.136
0.108
0.146
0.137
0.136
0.127
0.098
0.134
0.1
0.149
0.106
0.12
0.113
0.1
0.141
0.101
0.118
0.101
0.107
0.128
0.16
0.141
0.147
0.073
0.133
0.086
0.134
0.091
0.095
0.079
0.105
0.125
0.107
0.149
0.08
0.111
0.146
0.076
0.156
0.127
0.121
0.083
0.106
0.109
0.091
0.086
0.106
0.105
0.079
0.096
0.097
0.105
0.1
0.1
0.124
0.097
0.142
0.098
0.139
0.098
0.088
0.107
0.108
0.1
0.078
0.112
0.103
0.101
0.144
0.112
0.168
0.116
0.104
0.125
0.1
0.124
0.111
0.112
0.083
0.121
0.166
0.101
0.12
0.098
0.112
0.112
0.126
0.109
0.107
0.107
0.146
0.1
0.12
0.163
0.105
0.108
0.135
0.105
0.091
0.119
0.119
0.115
0.115
0.113
0.107
0.086
0.106
0.103
0.115
0.096
0.122
0.099
0.097
0.121
0.136
0.12
0.098
0.106
0.089
0.05
0.09
0.096
0.114
0.131
0.107
0.138
0.121
0.111
0.121
0.082
0.154
0.132
0.09
0.095
0.076
0.118
0.109
0.096
0.097
0.075
0.117
0.111
0.127
0.119
0.112
0.139
0.104
0.124
0.09
0.094
0.117
0.102
0.081
0.101
0.155
0.113
0.089
0.146
0.141
0.071
0.157
0.092
0.118
0.123
0.084
0.123
0.093
0.136
0.086
0.115
0.088
0.104
0.086
0.132
0.079
0.152
0.1
0.105
0.138
0.087
0.09
0.072
0.142
0.077
0.091
0.112
0.09
0.108
0.087
0.089
0.119
0.166
0.136
0.118
0.15
0.086
0.118
0.118
0.128
0.091
0.109
0.108
0.127
0.095
0.09
0.121
0.119
0.113
0.113
0.098
0.076
0.105
0.076
0.099
0.104
0.125
0.091
0.131
0.13
0.089
0.127
0.106
0.131
0.123
0.113
0.111
0.083
0.091
0.072
0.124
0.095
0.114
0.101
0.121
0.095
0.128
0.137
0.094
0.153
0.089
0.103
0.114
0.107
0.115
0.107
0.128
0.104
0.141
0.128
0.113
0.137
0.105
0.125
0.141
0.105
0.088
0.147
0.068
0.049
0.059
0.083
0.078
0.108
0.112
0.125
0.127
0.152
0.107
0.142
0.114
0.059
0.13
0.124
0.163
0.054
0.146
0.103
0.162
0.124
0.113
0.148
0.104
0.126
0.102
0.102
0.087
0.143
0.116
0.125
0.123
0.119
0.103
0.094
0.116
0.141
0.114
0.111
0.109
0.117
0.083
0.108
0.147
0.087
0.12
0.094
0.143
0.119
0.107
0.099
0.132
0.093
0.11
0.105
0.101
0.12
0.129
0.141
0.103
0.14
0.091
0.115
0.11
0.146
0.109
0.114
0.103
0.126
0.078
0.133
0.093
0.121
0.11
0.138
0.108
0.065
0.098
0.127
0.129
0.126
0.076
0.114
0.118
0.143
0.133
0.12
0.098
0.089
0.085
0.089
0.145
0.122
0.083
0.124
0.096
0.097
0.129
0.09
0.13
0.068
0.09
0.129
0.097
0.102
0.115
0.12
0.113
0.163
0.052
0.122
0.1
0.153
0.129
0.12
0.106
0.114
0.127
0.112
0.154
0.109
0.092
0.093
0.104
0.155
0.116
0.107
0.104
0.123
0.09
0.197
0.103
0.133
0.103
0.096
0.11
0.093
0.136
0.117
0.128
0.131
0.112
0.121
0.113
0.101
0.134
0.095
0.12
0.112
0.095
0.101
0.118
0.152
0.061
0.089
0.124
0.107
0.094
0.087
0.105
0.099
0.087
0.108
0.117
0.104
0.103
0.142
0.125
0.112
0.101
0.112
0.132
0.121
0.109
0.09
0.154
0.079
0.142
0.099
0.12
0.131
0.122
0.094
0.072
0.078
0.112
0.121
0.092
0.092
0.119
0.107
0.12
0.125
0.078
0.121
0.114
0.144
0.077
0.108
0.133
0.131
0.093
0.133
0.106
0.149
0.122
0.111
0.111
0.104
0.15
0.119
0.094
0.087
0.106
0.092
0.114
0.114
0.11
0.12
0.126
0.111
0.108
0.094
0.106
0.113
0.121
0.076
0.135
0.118
0.1
0.113
0.115
0.13
0.116
0.115
0.115
0.106
0.109
0.106
0.138
0.118
0.111
0.125
0.107
0.111
0.112
0.07
0.128
0.128
0.13
0.137
0.109
0.112
0.096
0.126
0.069
0.093
0.12
0.086
0.11
0.089
0.103
0.091
0.122
0.093
0.153
0.083
0.147
0.168
0.148
0.076
0.099
0.141
0.097
0.125
0.081
0.113
0.109
0.132
0.106
0.119
0.146
0.122
0.108
0.135
0.123
0.073
0.118
0.125
0.148
0.07
0.132
0.093
0.136
0.134
0.092
0.078
0.112
0.089
0.068
0.073
0.134
0.096
0.112
0.11
0.145
0.068
0.066
0.085
0.118
0.096
0.109
0.111
0.151
0.08
0.122
0.119
0.114
0.133
0.123
0.131
0.088
0.106
0.107
0.077
0.159
0.132
0.093
0.107
0.13
0.101
0.12
0.112
0.088
0.095
0.103
0.144
0.102
0.112
0.12
0.09
0.098
0.101
0.103
0.115
0.089
0.153
0.117
0.11
0.112
0.11
0.094
0.149
0.11
0.141
0.099
0.104
0.103
0.192
0.07
0.078
0.152
0.122
0.104
0.124
0.053
0.134
0.137
0.092
0.119
0.117
0.091
0.09
0.095
0.124
0.112
0.118
0.097
0.127
0.13
0.084
0.114
0.101
0.143
0.134
0.094
0.17
0.09
0.138
0.12
0.088
0.089
0.102
0.142
0.141
0.121
0.122
0.127
0.101
0.115
0.068
0.161
0.125
0.083
0.093
0.1
0.109
0.078
0.115
0.115
0.128
0.128
0.087
0.124
0.124
0.09
0.084
0.112
0.106
0.097
0.093
0.111
0.111
0.13
0.135
0.102
0.112
0.121
0.088
0.125
0.081
0.111
0.092
0.118
0.135
0.12
0.117
0.12
0.136
0.102
0.132
0.129
0.115
0.099
0.079
0.103
0.123
0.165
0.126
0.097
0.119
0.105
0.1
0.112
0.104
0.115
0.158
0.148
0.077
0.126
0.102
0.111
0.098
0.101
0.075
0.125
0.088
0.098
0.149
0.147
0.094
0.11
0.077
0.117
0.105
0.114
0.145
0.095
0.107
0.076
0.123
0.127
0.115
0.117
0.104
0.143
0.135
0.098
0.155
0.107
0.133
0.095
0.149
0.109
0.14
0.091
0.102
0.153
0.102
0.123
0.161
0.075
0.111
0.172
0.146
0.085
0.117
0.099
0.132
0.139
0.089
0.126
0.111
0.117
0.129
0.104
0.116
0.115
0.1
0.109
0.116
0.123
0.152
0.117
0.121
0.117
0.08
0.111
0.065
0.123
0.106
0.115
0.108
0.12
0.106
0.103
0.118
0.104
0.101
0.116
0.148
0.133
0.067
0.114
0.11
0.179
0.1
0.112
0.122
0.117
0.126
0.082
0.11
0.125
0.125
0.076
0.157
0.097
0.101
0.114
0.099
0.106
0.087
0.101
0.08
0.163
0.09
0.091
0.093
0.089
0.108
0.09
0.098
0.076
0.142
0.103
0.064
0.108
0.105
0.135
0.091
0.113
0.105
0.106
0.112
0.115
0.168
0.121
0.099
0.093
0.097
0.124
0.101
0.103
0.143
0.096
0.118
0.114
0.134
0.094
0.12
0.107
0.132
0.12
0.09
0.118
0.103
0.106
0.17
0.136
0.123
0.155
0.108
0.107
0.146
0.143
0.097
0.14
0.1
0.139
0.101
0.081
0.134
0.105
0.124
0.106
0.074
0.125
0.168
0.05
0.109
0.174
0.085
0.105
0.144
0.096
0.128
0.091
0.121
0.109
0.101
0.119
0.12
0.132
0.119
0.113
0.089
0.116
0.139
0.141
0.122
0.119
0.084
0.089
0.123
0.079
0.164
0.118
0.087
0.111
0.103
0.103
0.117
0.081
0.098
0.111
0.127
0.1
0.135
0.093
0.092
0.089
0.104
0.123
0.114
0.121
0.075
0.135
0.062
0.109
0.1
0.121
0.081
0.155
0.118
0.083
0.096
0.142
0.152
0.13
0.113
0.103
0.131
0.089
0.13
0.144
0.128
0.122
0.089
0.106
0.104
0.103
0.086
0.139
0.121
0.075
0.119
0.09
0.099
0.139
0.12
0.107
0.114
0.088
0.137
0.134
0.068
0.11
0.126
0.112
0.104
0.122
0.108
0.105
0.098
0.128
0.106
0.079
0.131
0.113
0.095
0.064
0.111
0.114
0.133
0.101
0.126
0.105
0.11
0.084
0.108
0.123
0.147
0.087
0.096
0.071
0.125
0.09
0.117
0.124
0.135
0.137
0.102
0.108
0.121
0.11
0.107
0.13
0.056
0.106
0.113
0.119
0.133
0.094
0.086
0.094
0.105
0.099
0.108
0.132
0.111
0.122
0.126
0.072
0.102
0.105
0.106
0.101
0.117
0.104
0.132
0.13
0.116
0.091
0.114
0.093
0.063
0.112
0.106
0.117
0.097
0.105
0.104
0.102
0.135
0.085
0.179
0.136
0.111
0.085
0.118
0.084
0.094
0.123
0.134
0.09
0.106
0.114
0.094
0.116
0.11
0.108
0.105
0.123
0.137
0.09
0.116
0.136
0.085
0.147
0.103
0.117
0.078
0.082
0.084
0.11
0.149
0.12
0.136
0.11
0.122
0.116
0.125
0.125
0.101
0.129
0.121
0.148
0.075
0.129
0.103
0.081
0.155
0.078
0.121
0.095
0.108
0.145
0.116
0.097
0.104
0.103
0.105
0.125
0.105
0.087
0.119
0.139
0.101
0.144
0.1
0.148
0.143
0.129
0.091
0.121
0.069
0.139
0.103
0.142
0.105
0.125
0.124
0.103
0.109
0.134
0.145
0.127
0.106
0.115
0.111
0.117
0.134
0.1
0.117
0.109
0.121
0.135
0.085
0.116
0.122
0.111
0.127
0.1
0.137
0.145
0.11
0.114
0.097
0.133
0.118
0.105
0.11
0.125
0.094
0.094
0.066
0.092
0.115
0.093
0.134
0.083
0.093
0.139
0.135
0.079
0.106
0.095
0.161
0.137
0.105
0.129
0.095
0.093
0.072
0.086
0.103
0.114
0.083
0.088
0.112
0.08
0.098
0.133
0.111
0.109
0.093
0.08
0.148
0.116
0.125
0.13
0.097
0.094
0.068
0.089
0.107
0.108
0.104
0.107
0.124
0.113
0.096
0.114
0.122
0.129
0.134
0.107
0.142
0.098
0.135
0.151
0.108
0.134
0.118
0.092
0.149
0.1
0.117
0.125
0.113
0.129
0.142
0.142
0.119
0.143
0.092
0.127
0.095
0.131
0.145
0.133
0.126
0.099
0.156
0.139
0.101
0.147
0.093
0.123
0.116
0.111
0.126
0.127
0.121
0.103
0.128
0.092
0.115
0.095
0.073
0.129
0.097
0.101
0.13
0.055
0.142
0.127
0.117
0.117
0.096
0.122
0.087
0.144
0.06
0.129
0.116
0.079
0.109
0.084
0.112
0.126
0.113
0.093
0.109
0.123
0.103
0.132
0.134
0.091
0.121
0.113
0.091
0.11
0.129
0.099
0.101
0.112
0.103
0.102
0.099
0.1
0.13
0.102
0.126
0.11
0.117
0.142
0.113
0.109
0.112
0.142
0.109
0.142
0.107
0.124
0.123
0.087
0.132
0.123
0.125
0.13
0.124
0.097
0.077
0.129
0.089
0.106
0.097
0.119
0.081
0.13
0.089
0.106
0.1
0.086
0.103
0.119
0.134
0.116
0.091
0.154
0.12
0.109
0.085
0.144
0.091
0.147
0.116
0.116
0.142
0.069
0.108
0.121
0.152
0.077
0.11
0.09
0.123
0.108
0.097
0.095
0.136
0.085
0.11
0.125
0.095
0.121
0.096
0.114
0.079
0.127
0.105
0.085
0.138
0.132
0.117
0.139
0.094
0.084
0.11
0.116
0.12
0.115
0.112
0.108
0.103
0.095
0.152
0.087
0.127
0.099
0.142
0.082
0.098
0.121
0.133
0.135
0.081
0.127
0.112
0.113
0.144
0.113
0.105
0.12
0.161
0.074
0.102
0.079
0.077
0.101
0.094
0.071
0.125
0.09
0.132
0.073
0.136
0.116
0.094
0.08
0.102
0.129
0.101
0.103
0.118
0.113
0.116
0.129
0.104
0.13
0.109
0.071
0.105
0.091
0.1
0.059
0.093
0.09
0.116
0.119
0.114
0.117
0.122
0.11
0.096
0.091
0.135
0.107
0.131
0.129
0.075
0.11
0.121
0.073
0.071
0.073
0.111
0.121
0.079
0.086
0.129
0.098
0.069
0.144
0.101
0.129
0.13
0.109
0.097
0.089
0.099
0.114
0.071
0.088
0.093
0.109
0.083
0.085
0.144
0.113
0.079
0.099
0.108
0.089
0.157
0.101
0.107
0.118
0.133
0.094
0.124
0.123
0.13
0.11
0.149
0.097
0.106
0.138
0.1
0.116
0.082
0.119
0.13
0.118
0.085
0.112
0.078
0.076
0.108
0.084
0.116
0.119
0.158
0.072
0.115
0.127
0.13
0.113
0.131
0.112
0.105
0.112
0.113
0.087
0.139
0.167
0.131
0.11
0.116
0.141
0.101
0.134
0.101
0.111
0.103
0.151
0.073
0.082
0.083
0.128
0.082
0.11
0.103
0.101
0.126
0.112
0.115
0.099
0.142
0.113
0.119
0.104
0.083
0.137
0.135
0.118
0.096
0.145
0.113
0.132
0.139
0.123
0.123
0.104
0.151
0.098
0.137
0.092
0.114
0.114
0.104
0.111
0.115
0.165
0.109
0.095
0.126
0.12
0.106
0.1
0.088
0.153
0.09
0.114
0.112
0.091
0.125
0.171
0.095
0.134
0.105
0.136
0.115
0.091
0.081
0.123
0.114
0.119
0.094
0.109
0.108
0.094
0.122
0.061
0.11
0.076
0.102
0.145
0.127
0.108
0.101
0.094
0.158
0.131
0.098
0.095
0.154
0.107
0.114
0.113
0.131
0.127
0.107
0.153
0.068
0.127
0.086
0.115
0.131
0.11
0.147
0.135
0.165
0.127
0.103
0.092
0.142
0.1
0.103
0.112
0.105
0.122
0.097
0.081
0.104
0.115
0.105
0.081
0.105
0.09
0.113
0.087
0.149
0.104
0.105
0.098
0.108
0.09
0.104
0.108
0.11
0.102
0.111
0.066
0.097
0.111
0.125
0.08
0.137
0.134
0.099
0.133
0.103
0.095
0.102
0.167
0.095
0.102
0.089
0.097
0.083
0.126
0.126
0.108
0.104
0.101
0.122
0.132
0.124
0.123
0.147
0.088
0.101
0.123
0.085
0.052
0.11
0.098
0.068
0.111
0.093
0.114
0.117
0.142
0.104
0.09
0.117
0.132
0.117
0.117
0.13
0.089
0.119
0.154
0.095
0.098
0.128
0.097
0.131
0.146
0.116
0.124
0.08
0.131
0.086
0.12
0.116
0.094
0.075
0.153
0.122
0.121
0.124
0.142
0.114
0.148
0.123
0.106
0.093
0.12
0.108
0.094
0.137
0.133
0.114
0.089
0.098
0.072
0.123
0.088
0.115
0.119
0.084
0.128
0.091
0.109
0.1
0.101
0.109
0.134
0.096
0.075
0.147
0.103
0.147
0.091
0.148
0.125
0.093
0.113
0.102
0.09
0.089
0.16
0.122
0.082
0.118
0.112
0.087
0.125
0.109
0.106
0.105
0.113
0.116
0.087
0.136
0.11
0.088
0.109
0.133
0.119
0.137
0.126
0.126
0.083
0.08
0.129
0.13
0.131
0.126
0.091
0.14
0.133
0.14
0.078
0.132
0.18
0.115
0.119
0.126
0.115
0.136
0.083
0.131
0.127
0.118
0.119
0.15
0.086
0.138
0.107
0.11
0.136
0.089
0.119
0.103
0.13
0.106
0.101
0.119
0.083
0.132
0.07
0.146
0.116
0.092
0.116
0.097
0.113
0.076
0.141
0.104
0.171
0.118
0.122
0.113
0.111
0.125
0.12
0.101
0.096
0.142
0.093
0.112
0.086
0.115
0.097
0.117
0.108
0.135
0.109
0.117
0.142
0.088
0.104
0.108
0.106
0.101
0.134
0.09
0.131
0.104
0.091
0.118
0.106
0.111
0.123
0.088
0.122
0.123
0.134
0.107
0.097
0.09
0.105
0.109
0.092
0.074
0.067
0.047
0.074
0.049
0.108
0.09
0.093
0.106
0.117
0.116
0.126
0.132
0.115
0.106
0.126
0.093
0.132
0.126
0.103
0.081
0.141
0.143
0.094
0.081
0.085
0.067
0.102
0.073
0.074
0.078
0.089
0.103
0.105
0.108
0.102
0.091
0.112
0.08
0.134
0.109
0.112
0.115
0.11
0.123
0.144
0.093
0.111
0.099
0.105
0.119
0.132
0.106
0.095
0.131
0.129
0.145
0.106
0.13
0.123
0.095
0.109
0.114
0.129
0.124
0.095
0.138
0.129
0.1
0.088
0.114
0.101
0.128
0.083
0.098
0.118
0.143
0.1
0.072
0.158
0.138
0.103
0.134
0.081
0.119
0.149
0.102
0.101
0.081
0.138
0.114
0.124
0.114
0.103
0.105
0.137
0.12
0.103
0.111
0.092
0.111
0.116
0.146
0.113
0.104
0.094
0.135
0.115
0.096
0.147
0.14
0.071
0.153
0.11
0.132
0.126
0.11
0.12
0.114
0.08
0.13
0.121
0.104
0.081
0.134
0.1
0.136
0.113
0.123
0.103
0.116
0.106
0.123
0.092
0.133
0.082
0.145
0.116
0.086
0.12
0.105
0.126
0.13
0.119
0.093
0.142
0.098
0.103
0.135
0.101
0.087
0.1
0.113
0.118
0.131
0.101
0.128
0.152
0.112
0.136
0.112
0.142
0.093
0.118
0.125
0.131
0.091
0.112
0.111
0.104
0.082
0.088
0.102
0.102
0.14
0.116
0.106
0.112
0.134
0.1
0.12
0.093
0.13
0.06
0.092
0.098
0.122
0.08
0.128
0.122
0.087
0.121
0.092
0.105
0.123
0.091
0.097
0.106
0.147
0.1
0.136
0.079
0.109
0.125
0.105
0.103
0.126
0.109
0.134
0.068
0.132
0.142
0.079
0.121
0.109
0.075
0.157
0.106
0.122
0.14
0.08
0.148
0.122
0.087
0.13
0.084
0.144
0.092
0.127
0.137
0.09
0.11
0.124
0.085
0.102
0.147
0.093
0.141
0.101
0.138
0.132
0.108
0.128
0.092
0.08
0.09
0.08
0.1
0.087
0.148
0.091
0.128
0.115
0.124
0.096
0.131
0.084
0.117
0.101
0.102
0.082
0.109
0.081
0.112
0.122
0.086
0.102
0.093
0.102
0.104
0.098
0.102
0.117
0.089
0.106
0.123
0.123
0.097
0.139
0.126
0.091
0.148
0.116
0.164
0.107
0.098
0.103
0.1
0.064
0.102
0.12
0.044
0.096
0.118
0.073
0.092
0.109
0.107
0.133
0.104
0.072
0.084
0.145
0.113
0.135
0.106
0.101
0.107
0.142
0.072
0.139
0.085
0.136
0.122
0.112
0.134
0.148
0.126
0.105
0.13
0.098
0.127
0.083
0.128
0.144
0.105
0.097
0.113
0.11
0.106
0.11
0.097
0.127
0.091
0.104
0.09
0.105
0.114
0.134
0.099
0.099
0.121
0.152
0.115
0.131
0.099
0.109
0.118
0.1
0.095
0.096
0.109
0.095
0.08
0.128
0.104
0.067
0.097
0.102
0.166
0.069
0.101
0.113
0.115
0.131
0.1
0.088
0.101
0.141
0.104
0.114
0.173
0.117
0.12
0.097
0.122
0.067
0.128
0.115
0.095
0.141
0.079
0.124
0.097
0.125
0.156
0.127
0.131
0.1
0.099
0.148
0.106
0.123
0.118
0.076
0.114
0.11
0.114
0.087
0.128
0.129
0.119
0.128
0.141
0.079
0.169
0.099
0.124
0.152
0.1
0.129
0.123
0.153
0.126
0.121
0.121
0.126
0.112
0.117
0.107
0.098
0.119
0.09
0.126
0.112
0.124
0.093
0.133
0.112
0.094
0.142
0.144
0.087
0.141
0.148
0.167
0.109
0.098
0.098
0.154
0.103
0.102
0.12
0.109
0.127
0.086
0.148
0.082
0.138
0.1
0.138
0.108
0.088
0.131
0.113
0.105
0.096
0.097
0.092
0.093
0.089
0.101
0.087
0.116
0.088
0.126
0.108
0.154
0.097
0.143
0.153
0.093
0.129
0.12
0.116
0.108
0.115
0.12
0.115
0.138
0.137
0.1
0.111
0.108
0.187
0.104
0.097
