0.005
0.03
0.018
0.019
0.006
0.006
0.006
0.003
0.006
0.005
0.009
0.004
0.01
0.005
0.006
0.008
0.004
0.005
0.004
0.003
0.01
0.001
0.008
0.008
0.01
0.008
0.006
0.005
0.002
0.009
0.011
0.003
0.007
0.002
0.002
0.005
0.014
0.01
0.005
0.008
0.003
0.009
0.01
0.011
0.011
0.009
0.011
0.017
0.011
0.009
0.01
0.005
0.008
0.012
0.009
0.013
0.012
0.008
0.012
0.01
0.003
0.003
0.005
0.005
0.007
0.01
0.012
0.004
0.003
0.005
0.002
0.004
0.006
0.012
0.014
0.012
0.025
0.011
0.007
0.01
0.006
0.013
0.014
0.005
0.005
0.009
0.012
0.013
0.011
0.014
0.014
0.017
0.016
0.01
0.003
0.006
0.011
0.008
0.014
0.006
0.017
0.01
0.008
0.007
0.015
0.01
0.008
0.015
0.014
0.01
0.011
0.012
0.019
0.013
0.013
0.01
0.007
0.004
0.008
0.009
0.006
0.004
0.011
0.005
0.013
0.013
0.024
0.014
0.013
0.02
0.007
0.011
0.022
0.019
0.017
0.034
0.023
0.019
0.024
0.024
0.013
0.026
0.03
0.01
0.014
0.012
0.024
0.006
0.014
0.007
0.011
0.01
0.015
0.025
0.018
0.018
0.024
0.014
0.029
0.014
0.019
0.014
0.022
0.008
0.004
0.013
0.017
0.005
0.012
0.012
0.012
0.013
0.022
0.013
0.011
0.007
0.011
0.008
0.013
0.009
0.009
0.013
0.019
0.01
0.014
0.008
0.01
0.017
0.014
0.007
0.027
0.02
0.008
0.023
0.01
0.007
0.02
0.015
0.01
0.008
0.018
0.011
0.012
0.019
0.009
0.019
0.013
0.025
0.02
0.02
0.021
0.02
0.032
0.023
0.035
0.016
0.018
0.013
0.012
0.014
0.041
0.021
0.022
0.024
0.003
0.016
0.015
0.014
0.019
0.018
0.021
0.016
0.011
0.015
0.01
0.012
0.017
0.019
0.015
0.012
0.019
0.008
0.018
0.02
0.015
0.01
0.022
0.014
0.021
0.014
0.033
0.026
0.025
0.018
0.032
0.024
0.02
0.012
0.01
0.008
0.011
0.012
0.013
0.011
0.008
0.008
0.012
0.019
0.015
0.012
0.016
0.022
0.024
0.022
0.018
0.021
0.027
0.025
0.022
0.014
0.02
0.013
0.021
0.022
0.029
0.022
0.023
0.017
0.021
0.013
0.012
0.007
0.011
0.016
0.007
0.009
0.013
0.02
0.005
0.007
0.007
0.01
0.008
0.003
0.011
0.01
0.005
0.016
0.01
0.022
0.007
0.013
0.007
0.021
0.008
0.019
0.011
0.012
0.012
0.013
0.018
0.028
0.016
0.01
0.013
0.013
0.014
0.016
0.02
0.034
0.024
0.031
0.072
0.086
0.058
0.081
0.106
0.092
0.113
0.102
0.122
0.127
0.088
0.124
0.119
0.124
0.126
0.09
0.135
0.107
0.121
0.073
0.118
0.142
0.119
0.125
0.144
0.064
0.162
0.125
0.084
0.129
0.079
0.124
0.096
0.076
0.112
0.056
0.103
0.073
0.135
0.113
0.118
0.124
0.109
0.108
0.089
0.117
0.099
0.097
0.107
0.106
0.099
0.108
0.142
0.08
0.096
0.108
0.099
0.09
0.104
0.095
0.068
0.085
0.12
0.067
0.074
0.068
0.051
0.068
0.024
0.02
0.037
0.011
0.012
0.011
0.013
0.007
0.005
0.009
0.005
0.004
0.003
0.004
0.004
0.01
0.005
0.001
0.004
0.006
0.004
0.006
0.007
0.007
0.016
0.002
0.005
0.005
0.011
0.002
0.002
0.004
0.01
0.006
0.005
0.013
0.004
0.007
0.009
0.01
0.006
0.013
0.006
0.012
0.003
0.005
0.007
0.004
0.002
0.007
0.009
0.008
0.004
0.004
0.006
0.005
0.003
0.005
0.011
0.004
0.006
0.006
0.006
0.017
0.007
0.005
0.006
0.008
0.005
0.006
0.006
0.007
0.007
0.006
0.014
0.008
0.01
0.004
0.004
0.014
0.003
0.02
0.025
0.022
0.012
0.009
0.009
0.015
0.015
0.007
0.01
0.011
0.008
0.005
0.014
0.002
0.002
0.006
0.01
0.007
0.006
0.005
0.007
0.007
0.007
0.009
0.013
0.003
0.014
0.003
0.016
0.007
0.015
0.006
0.007
0.01
0.015
0.01
0.007
0.019
0.012
0.015
0.007
0.005
0.006
0.015
0.011
0.003
0.009
0.015
0.01
0.012
0.009
0.006
0.009
0.009
0.009
0.011
0.003
0.003
0.002
0.007
0.004
0.012
0.008
0.007
0.005
0.012
0.01
0.004
0.014
0.01
0.015
0.008
0.009
0.007
0.009
0.005
0.013
0.011
0.01
0.009
0.009
0.015
0.01
0.007
0.019
0.02
0.022
0.041
0.023
0.05
0.034
0.017
0.015
0.014
0.017
0.015
0.02
0.013
0.008
0.009
0.014
0.009
0.007
0.013
0.01
0.011
0.012
0.022
0.028
0.012
0.008
0.012
0.022
0.021
0.008
0.014
0.01
0.016
0.008
0.005
0.008
0.015
0.019
0.024
0.044
0.055
0.049
0.068
0.048
0.047
0.092
0.085
0.118
0.125
0.078
0.145
0.123
0.102
0.124
0.113
0.117
0.1
0.129
0.146
0.135
0.106
0.137
0.146
0.113
0.069
0.118
0.074
0.116
0.121
0.103
0.104
0.076
0.136
0.12
0.096
0.099
0.074
0.105
0.1
0.11
0.097
0.089
0.105
0.088
0.097
0.093
0.119
0.11
0.114
0.087
0.08
0.089
0.104
0.129
0.12
0.088
0.094
0.098
0.102
0.136
0.105
0.133
0.12
0.094
0.109
0.058
0.093
0.115
0.041
0.076
0.061
0.066
0.072
0.075
0.082
0.065
0.047
0.07
0.017
0.015
0.01
0.003
0.009
0.003
0.006
0.005
0.004
0.009
0.001
0.002
0.003
0.002
0.003
0.014
0.004
0.013
0.004
0.004
0
0.003
0.006
0.006
0.002
0.009
0.005
0.003
0.008
0.008
0.006
0
0.006
0.006
0.005
0.006
0.005
0.001
0.007
0.008
0.011
0.004
0.011
0.006
0.008
0.011
0.009
0.004
0.003
0.022
0.009
0.009
0.004
0.004
0.002
0.007
0.003
0.003
0.005
0.006
0.004
0.01
0.002
0.006
0.005
0.009
0.007
0.01
0.008
0.007
0.004
0.007
0.007
0.008
0.005
0.005
0.008
0.007
0.006
0.012
0.009
0.004
0.003
0.01
0
0.01
0.007
0.015
0.007
0.009
0.002
0.002
0.008
0.005
0.004
0.005
0.007
0.005
0.012
0.024
0.014
0.008
0.022
0.013
0.018
0.01
0.025
0.007
0.006
0.006
0.013
0.017
0.011
0.009
0.015
0.013
0.015
0.017
0.008
0.006
0.01
0.012
0.017
0.028
0.007
0.006
0.001
0.003
0.009
0.011
0.017
0.005
0.005
0.001
0.002
0.007
0.005
0.006
0.011
0.004
0.001
0.005
0.015
0.005
0.008
0.004
0.009
0.004
0.013
0.003
0.007
0.004
0.012
0.006
0.02
0.008
0.009
0.012
0.017
0.029
0.019
0.016
0.011
0.009
0.012
0.007
0.005
0.022
0.006
0.001
0.018
0.013
0.017
0.016
0.01
0.015
0.012
0.009
0.014
0.009
0.003
0.008
0.007
0.016
0.017
0.01
0.02
0.009
0.008
0.015
0.015
0.004
0.007
0.007
0.008
0.008
0.009
0.009
0.01
0.008
0.004
0.004
0.01
0.01
0.007
0.008
0.002
0.005
0.009
0.01
0.007
0.009
0.01
0.011
0.026
0.01
0.015
0.01
0.019
0.01
0.011
0.014
0.013
0.017
0.024
0.012
0.008
0.01
0.01
0.008
0.019
0.014
0.011
0.009
0.005
0.008
0.011
0.011
0.009
0.009
0.01
0.006
0.01
0.007
0.009
0.004
0.011
0.009
0.011
0.015
0.012
0.006
0.005
0.016
0.012
0.001
0.009
0.008
0.007
0.004
0.011
0.009
0.021
0.012
0.012
0.006
0.012
0.016
0.007
0.02
0.008
0.011
0.005
0.024
0.017
0.022
0.029
0.012
0.031
0.04
0.036
0.062
0.069
0.083
0.104
0.126
0.106
0.121
0.122
0.126
0.097
0.089
0.161
0.106
0.141
0.098
0.113
0.163
0.108
0.118
0.096
0.127
0.156
0.122
0.122
0.084
0.127
0.108
0.117
0.173
0.11
0.125
0.07
0.131
0.119
0.102
0.091
0.1
0.082
0.09
0.169
0.105
0.088
0.127
0.089
0.083
0.093
0.106
0.14
0.079
0.125
0.102
0.141
0.136
0.076
0.099
0.098
0.109
0.117
0.072
0.07
0.051
0.073
0.074
0.087
0.098
0.079
0.074
0.128
0.082
0.095
0.092
0.097
0.087
0.09
0.096
0.059
0.065
0.06
0.061
0.047
0.03
0.007
0.022
0.015
0.006
0.007
0.004
0.004
0.008
0.013
0.006
0.011
0.001
0.007
0.003
0.004
0.007
0.001
0.006
0
0.006
0.003
0.009
0.008
0.005
0.004
0.003
0.009
0.004
0.003
0.004
0.003
0.008
0.004
0.001
0.002
0.01
0.004
0.005
0.005
0.008
0.008
0.009
0.006
0.003
0.004
0.012
0.002
0.008
0.002
0.004
0.004
0.004
0.003
0.005
0.004
0.003
0.007
0.006
0.006
0.005
0.01
0.007
0.002
0.007
0.009
0.006
0.011
0.008
0.009
0.009
0.013
0.01
0.012
0.012
0.004
0.01
0.005
0.005
0.005
0.006
0.008
0.003
0.007
0.015
0.007
0.007
0.007
0.013
0.01
0.003
0.011
0.005
0.008
0.004
0.005
0.004
0.007
0.001
0.008
0.006
0.005
0.005
0.006
0.003
0.007
0.019
0.021
0.008
0.003
0.008
0.004
0.006
0.003
0.012
0.004
0.013
0.02
0.017
0.013
0.018
0.014
0.007
0.006
0.004
0.011
0.017
0.009
0.011
0.003
0.012
0.013
0.019
0.021
0.02
0.035
0.022
0.016
0.02
0.008
0.015
0.014
0.013
0.013
0.014
0.017
0.019
0.007
0.012
0.015
0.01
0.009
0.007
0.01
0.009
0.009
0.003
0.012
0.011
0.012
0.005
0.011
0.007
0.01
0.009
0.006
0.004
0.011
0.013
0.009
0.014
0.003
0.007
0.009
0.009
0.008
0.006
0.01
0.001
0.004
0.013
0.009
0.007
0.007
0.016
0.011
0.006
0.012
0.018
0.02
0.008
0.012
0.01
0.013
0.003
0.009
0.008
0.017
0.014
0.006
0.011
0.014
0.017
0.011
0.008
0.01
0.016
0.015
0.01
0.012
0.011
0.007
0.015
0.021
0.024
0.01
0.008
0.009
0.016
0.009
0.002
0.009
0.009
0.016
0.007
0.009
0.004
0.009
0.011
0.011
0.006
0.006
0.011
0.012
0.009
0.012
0.004
0.013
0.013
0.008
0.012
0.006
0.011
0.018
0.005
0.017
0.031
0.026
0.027
0.011
0.018
0.017
0.01
0.018
0.022
0.03
0.03
0.039
0.023
0.019
0.025
0.016
0.014
0.024
0.047
0.044
0.062
0.042
0.087
0.083
0.108
0.105
0.125
0.112
0.116
0.169
0.12
0.138
0.128
0.161
0.112
0.111
0.129
0.168
0.113
0.117
0.133
0.107
0.12
0.104
0.136
0.121
0.134
0.105
0.091
0.121
0.143
0.075
0.135
0.069
0.092
0.112
0.073
0.105
0.087
0.103
0.092
0.137
0.083
0.1
0.125
0.08
0.122
0.102
0.105
0.088
0.107
0.132
0.091
0.071
0.085
0.1
0.115
0.088
0.133
0.101
0.089
0.106
0.051
0.134
0.081
0.057
0.093
0.088
0.11
0.077
0.148
0.074
0.078
0.131
0.096
0.085
0.083
0.075
0.046
0.063
0.042
0.037
0.033
0.013
0.016
0.009
0.005
0.005
0.003
0.004
0.001
0.003
0.002
0.006
0.011
0.007
0.003
0.004
0.002
0.006
0.004
0.008
0.002
0.005
0.006
0.01
0.003
0.002
0.001
0.004
0.006
0
0.002
0.005
0.005
0.005
0.005
0.005
0.008
0.007
0.011
0.005
0.008
0.007
0.007
0.003
0.005
0.01
0.018
0.001
0.004
0.01
0.005
0.008
0.005
0.004
0.003
0.004
0.001
0.004
0.001
0.007
0.01
0.006
0.007
0.008
0.008
0.004
0.012
0.009
0.004
0.004
0.006
0.006
0.006
0.008
0.012
0.004
0.013
0.005
0.009
0.008
0.008
0.011
0.007
0.008
0.009
0.01
0.008
0.007
0.006
0.005
0.006
0.007
0.005
0.007
0.013
0.005
0.007
0.009
0.007
0.011
0.004
0.006
0.013
0.006
0.001
0.014
0.012
0.014
0.017
0.01
0.01
0.009
0.005
0.004
0.002
0.007
0.008
0.01
0.005
0.002
0.008
0.003
0.014
0.01
0.006
0.006
0.005
0.009
0.014
0.011
0.012
0.016
0.021
0.016
0.007
0.02
0.001
0.001
0.007
0.007
0.008
0.008
0.025
0.006
0.007
0.014
0.003
0.011
0.005
0.009
0.008
0.009
0.009
0.008
0.007
0.011
0.007
0.005
0.006
0.002
0.009
0.011
0.011
0.008
0.019
0.015
0.007
0.005
0.009
0.007
0.016
0.015
0.017
0.014
0.006
0.013
0.025
0.01
0.012
0.005
0.008
0.01
0.017
0.01
0.002
0.01
0.007
0.009
0.009
0.012
0.01
0.02
0.014
0.006
0.008
0.005
0.01
0.021
0.007
0.003
0.007
0.005
0.011
0.008
0.008
0.005
0.007
0.015
0.007
0.008
0.009
0.012
0.012
0.011
0.01
0.011
0.033
0.016
0.006
0.021
0.011
0.019
0.011
0.001
0.01
0.011
0.006
0.019
0.015
0.02
0.022
0.024
0.021
0.026
0.023
0.031
0.032
0.019
0.023
0.016
0.009
0.005
0.014
0.016
0.024
0.038
0.045
0.04
0.046
0.04
0.058
0.076
0.07
0.091
0.074
0.143
0.112
0.108
0.112
0.107
0.132
0.124
0.109
0.121
0.138
0.114
0.16
0.107
0.105
0.093
0.092
0.143
0.111
0.116
0.084
0.104
0.08
0.127
0.104
0.091
0.148
0.12
0.101
0.118
0.12
0.124
0.142
0.095
0.099
0.1
0.099
0.109
0.117
0.121
0.089
0.127
0.132
0.087
0.107
0.124
0.117
0.096
0.103
0.121
0.095
0.122
0.084
0.108
0.068
0.088
0.058
0.042
0.07
0.081
0.059
0.063
0.131
0.109
0.098
0.086
0.079
0.091
0.076
0.046
0.065
0.052
0.009
0.018
0.008
0.009
0.006
0.012
0.007
0.011
0.004
0.007
0.006
0.005
0.003
0.004
0.006
0.003
0.006
0.001
0.004
0.005
0.006
0.004
0.011
0.002
0.004
0.005
0.004
0.007
0.005
0.004
0.007
0.002
0.007
0.005
0.003
0.004
0.006
0.003
0.002
0.006
0.007
0.003
0.006
0.007
0.006
0.005
0.006
0.004
0.008
0.008
0.004
0.002
0.007
0.002
0.007
0.006
0.006
0.008
0.008
0.008
0.002
0.007
0.006
0.013
0.002
0.003
0.005
0.008
0.01
0.007
0.01
0.006
0.007
0.006
0.011
0.003
0.003
0.01
0.016
0.008
0.006
0.012
0.01
0.005
0.004
0.004
0.01
0.007
0.006
0.008
0.008
0.005
0.012
0.009
0.014
0.014
0.001
0.012
0.004
0.012
0.008
0.01
0.01
0.009
0.017
0.003
0.009
0.005
0.017
0.008
0.003
0.005
0.003
0.004
0.006
0.008
0.009
0.004
0.008
0.011
0.011
0.008
0.008
0.007
0.013
0.013
0.011
0.011
0.006
0.007
0.009
0.007
0.005
0.005
0.007
0.006
0.002
0.005
0.014
0.013
0.006
0.007
0.005
0.008
0.001
0.012
0.015
0.009
0.01
0.019
0.01
0.007
0.007
0.015
0.016
0.011
0.022
0.005
0.007
0.007
0.005
0.011
0.007
0.006
0.02
0.014
0.004
0.016
0.002
0.01
0.014
0.011
0.011
0.01
0.025
0.041
0.017
0.021
0.022
0.02
0.008
0.005
0.014
0.006
0.006
0.013
0.005
0.008
0.005
0.009
0.009
0.019
0.013
0.018
0.011
0.015
0.012
0.01
0.002
0.006
0.007
0.009
0.01
0.017
0.012
0.01
0.015
0.006
0.011
0.01
0.027
0.016
0.031
0.022
0.013
0.009
0.018
0.019
0.026
0.049
0.023
0.04
0.056
0.048
0.069
0.124
0.093
0.123
0.143
0.147
0.135
0.093
0.177
0.078
0.16
0.102
0.12
0.136
0.149
0.095
0.128
0.125
0.141
0.129
0.096
0.09
0.118
0.16
0.124
0.115
0.087
0.149
0.139
0.07
0.166
0.094
0.123
0.108
0.118
0.081
0.123
0.149
0.133
0.058
0.114
0.12
0.093
0.06
0.071
0.071
0.064
0.061
0.097
0.105
0.062
0.087
0.098
0.064
0.107
0.057
0.096
0.077
0.048
0.106
0.159
0.072
0.135
0.101
0.1
0.119
0.063
0.115
0.128
0.128
0.115
0.06
0.103
0.09
0.108
0.052
0.122
0.077
0.062
0.087
0.092
0.045
0.041
0.04
0.067
0.039
0.02
0.028
0.009
0.007
0.011
0.006
0.002
0.004
0.007
0.008
0.004
0.003
0.004
0.007
0
0.003
0.006
0.006
0.006
0.005
0.007
0.001
0.007
0.002
0.003
0.004
0.004
0.002
0.005
0.007
0.008
0.003
0.002
0.003
0.002
0.002
0.004
0.006
0.006
0.005
0.004
0.002
0.005
0.001
0.003
0.008
0.006
0.006
0.008
0.009
0.006
0.006
0.008
0.007
0.011
0.011
0.004
0.004
0.008
0.007
0.004
0.005
0.007
0.006
0.007
0.005
0.004
0.007
0.005
0.003
0.01
0.009
0.005
0.007
0.007
0.007
0.01
0.003
0.016
0.012
0.006
0.01
0.005
0.011
0.009
0.011
0.006
0.003
0.006
0.005
0.007
0.003
0.005
0.006
0.008
0.005
0.012
0.008
0.013
0.001
0.008
0.006
0.003
0.006
0.004
0.006
0.007
0.005
0.01
0.002
0.01
0.011
0.006
0.008
0.011
0.004
0.008
0.01
0.013
0.01
0.008
0.003
0.003
0.011
0.009
0.006
0.016
0.008
0.009
0.007
0.022
0.007
0.008
0.017
0.013
0.008
0.008
0.017
0.012
0.007
0.003
0.006
0.003
0.002
0.006
0.005
0.005
0.014
0.012
0.008
0.015
0.018
0.017
0.012
0.006
0.006
0.006
0.001
0.011
0.009
0.007
0.019
0.019
0.004
0.005
0.007
0.009
0.011
0.01
0.01
0.004
0.005
0.009
0.005
0.006
0.007
0.006
0.006
0.007
0.014
0.011
0.01
0.008
0.019
0.011
0.013
0.014
0.004
0.006
0.004
0.015
0.012
0.014
0.004
0.018
0.012
0.013
0.011
0.019
0.013
0.027
0.018
0.015
0.019
0.013
0.023
0.019
0.013
0.012
0.009
0.01
0.01
0.012
0.004
0.014
0.016
0.008
0.009
0.003
0.008
0.015
0.012
0.01
0.004
0.01
0.005
0.012
0.02
0.005
0.018
0.011
0.006
0.011
0.009
0.01
0.007
0.014
0.003
0.006
0.006
0.016
0.01
0.022
0.015
0.004
0.015
0.023
0.009
0.016
0.005
0.008
0.005
0.012
0.006
0.019
0.016
0.017
0.014
0.016
0.024
0.031
0.015
0.004
0.02
0.012
0.021
0.01
0.028
0.021
0.045
0.039
0.019
0.038
0.026
0.024
0.033
0.034
0.047
0.064
0.069
0.088
0.101
0.069
0.102
0.174
0.096
0.158
0.137
0.096
0.136
0.068
0.13
0.13
0.125
0.099
0.088
0.12
0.072
0.098
0.114
0.107
0.091
0.131
0.076
0.115
0.146
0.112
0.107
0.128
0.062
0.101
0.1
0.129
0.1
0.126
0.127
0.11
0.125
0.122
0.07
0.185
0.085
0.131
0.071
0.075
0.121
0.086
0.114
0.138
0.077
0.144
0.052
0.107
0.104
0.133
0.139
0.062
0.078
0.054
0.076
0.067
0.102
0.101
0.08
0.077
0.091
0.098
0.096
0.074
0.116
0.09
0.081
0.113
0.075
0.075
0.053
0.035
0.083
0.061
0.038
0.039
0.063
0.051
0.047
0.026
0.018
0.005
0.011
0.012
0.007
0.006
0.005
0.007
0.003
0.003
0.003
0.005
0.003
0.002
0.007
0.002
0.005
0.004
0.006
0.007
0.002
0.001
0.007
0.007
0.006
0.004
0.007
0.004
0.002
0.004
0.012
0.005
0.007
0.006
0.007
0.007
0.004
0.003
0.007
0.006
0.005
0.005
0.005
0.003
0.004
0.003
0.003
0.003
0
0.005
0.008
0.005
0.008
0.004
0.006
0.002
0.004
0.004
0.006
0.007
0.008
0.001
0.003
0.001
0.009
0.004
0.007
0.007
0.005
0
0.009
0.006
0.007
0.008
0.008
0.009
0.005
0.007
0.008
0.005
0.007
0.008
0.008
0.005
0.003
0.006
0.007
0.006
0.005
0.007
0.01
0.005
0.006
0.017
0.005
0.005
0.006
0.007
0.004
0.007
0.004
0.009
0.007
0.004
0.008
0.003
0.011
0.006
0.005
0.005
0.009
0.005
0.006
0.006
0.016
0.01
0.006
0.016
0.016
0.006
0.01
0.007
0.008
0.013
0.002
0.005
0.003
0.011
0.006
0.006
0.014
0.011
0.006
0.003
0.008
0.009
0.004
0.008
0.01
0.003
0.006
0.004
0.011
0.012
0.008
0.008
0.007
0.006
0.008
0.006
0.005
0.007
0.01
0.009
0.014
0.009
0.005
0.003
0.011
0.006
0.024
0.008
0.007
0.002
0.007
0.017
0.017
0.007
0.007
0.006
0.006
0.016
0.012
0.007
0.014
0.003
0.009
0.006
0.01
0.01
0.01
0.01
0.002
0.009
0.006
0.005
0.008
0.009
0.012
0.008
0.009
0.008
0.007
0.013
0.008
0.008
0.006
0.017
0.016
0.03
0.013
0.017
0.023
0.022
0.024
0.022
0.027
0.028
0.007
0.015
0.009
0.012
0.018
0.014
0.014
0.016
0.014
0.019
0.019
0.023
0.011
0.02
0.02
0.017
0.021
0.026
0.031
0.043
0.039
0.082
0.039
0.042
0.04
0.061
0.043
0.087
0.084
0.096
0.107
0.098
0.124
0.135
0.097
0.122
0.103
0.167
0.091
0.104
0.176
0.112
0.083
0.138
0.141
0.127
0.151
0.081
0.11
0.123
0.11
0.106
0.106
0.143
0.091
0.156
0.127
0.098
0.114
0.082
0.104
0.087
0.148
0.108
0.09
0.103
0.167
0.088
0.095
0.096
0.088
0.086
0.118
0.103
0.105
0.101
0.075
0.085
0.078
0.086
0.111
0.12
0.109
0.068
0.108
0.07
0.081
0.058
0.083
0.074
0.05
0.039
0.056
0.034
0.063
0.024
0.017
0.023
0.017
0.013
0.017
0.013
0.005
0.009
0.007
0.005
0.003
0.003
0.009
0.003
0.007
0.004
0.007
0.007
0.008
0.002
0.003
0.003
0.008
0.005
0.008
0.004
0.002
0.006
0.011
0.004
0.008
0.011
0.005
0.005
0.002
0.007
0.002
0.006
0.004
0.006
0.003
0.002
0.004
0.005
0.006
0.006
0.003
0.004
0.005
0.006
0.003
0.003
0.004
0.014
0.003
0.005
0.001
0.002
0.006
0.005
0.01
0.004
0.005
0.009
0.008
0.012
0.006
0.011
0.003
0.013
0.005
0.008
0.005
0.014
0.008
0.011
0.004
0.009
0.006
0.008
0.012
0.009
0.014
0.008
0.014
0.006
0.008
0.004
0.01
0.014
0.007
0.008
0.017
0.014
0.012
0.022
0.012
0.008
0.018
0.009
0.008
0.004
0.005
0.005
0.005
0.005
0.005
0.003
0.009
0.01
0.011
0.018
0.013
0.006
0.019
0.012
0.011
0.005
0.011
0.02
0.005
0.018
0.023
0.008
0.004
0.004
0.013
0.008
0.015
0.008
0.005
0.014
0.008
0.006
0.021
0.007
0.01
0.014
0.012
0.018
0.015
0.013
0.007
0.015
0.009
0.014
0.004
0.014
0.012
0.015
0.005
0.014
0.006
0.003
0.007
0.004
0.012
0.007
0.018
0.018
0.007
0.009
0.008
0.015
0.012
0.004
0.01
0.011
0.005
0.008
0.006
0.017
0.012
0.005
0.005
0.011
0.011
0.016
0.011
0.007
0.02
0.024
0.017
0.012
0.003
0.006
0.014
0.008
0.019
0.018
0.007
0.011
0.011
0.002
0.006
0.015
0.008
0.009
0.01
0.006
0.011
0.008
0.001
0.006
0.003
0.006
0.012
0.008
0.009
0.016
0.023
0.011
0.022
0.004
0.022
0.019
0.006
0.016
0.013
0.015
0.014
0.008
0.006
0.024
0.019
0.008
0.022
0.024
0.013
0.023
0.009
0.006
0.012
0.006
0.014
0.012
0.026
0.019
0.016
0.009
0.016
0.013
0.012
0.015
0.016
0.004
0.006
0.016
0.011
0.008
0.008
0.002
0.005
0.012
0.018
0.028
0.015
0.015
0.019
0.02
0.032
0.033
0.043
0.041
0.033
0.051
0.053
0.074
0.079
0.119
0.14
0.142
0.16
0.098
0.141
0.103
0.192
0.08
0.136
0.102
0.119
0.098
0.081
0.139
0.141
0.125
0.115
0.133
0.121
0.103
0.148
0.087
0.132
0.134
0.16
0.119
0.147
0.118
0.125
0.134
0.113
0.085
0.083
0.083
0.105
0.106
0.077
0.118
0.089
0.103
0.095
0.124
0.117
0.087
0.079
0.059
0.091
0.079
0.061
0.056
0.067
0.071
0.069
0.072
0.094
0.109
0.041
0.078
0.072
0.037
0.041
0.038
0.041
0.043
0.017
0.013
0.004
0.007
0.011
0.004
0.002
0.006
0.002
0.003
0.003
0.008
0.008
0.006
0.006
0.007
0.001
0.001
0.006
0.01
0.008
0.001
0.002
0.007
0.007
0.009
0.005
0.005
0.006
0.004
0.003
0.004
0.004
0.005
0.006
0.004
0.01
0.008
0.011
0.004
0.002
0.006
0.007
0.004
0.004
0.008
0.012
0.002
0.014
0.009
0.003
0.009
0.008
0.004
0.005
0.005
0.006
0.006
0.008
0.006
0.013
0.003
0.006
0.004
0.008
0.01
0.004
0.009
0.006
0.008
0.004
0.01
0.002
0.002
0.009
0.007
0.006
0.015
0.02
0.011
0.004
0.006
0.009
0.006
0.008
0.002
0.01
0.014
0.011
0.012
0.006
0.003
0.01
0.013
0.021
0.018
0.012
0.013
0.016
0.006
0.014
0.009
0.019
0.012
0.019
0.006
0.007
0.016
0.01
0.009
0.01
0.011
0.01
0.021
0.01
0.009
0.007
0.01
0.01
0.003
0.012
0.01
0.012
0.005
0.013
0.003
0.006
0.007
0.004
0.008
0.012
0.008
0.008
0.011
0.01
0.012
0.01
0.015
0.016
0.03
0.018
0.021
0.008
0.005
0.013
0.017
0.009
0.013
0.02
0.01
0.014
0.009
0.009
0.012
0.012
0.011
0.003
0.016
0.017
0.013
0.019
0.019
0.019
0.01
0.009
0.011
0.012
0.013
0.029
0.007
0.005
0.017
0.027
0.019
0.024
0.026
0.03
0.041
0.049
0.035
0.047
0.053
0.035
0.042
0.086
0.095
0.114
0.075
0.117
0.081
0.096
0.098
0.122
0.116
0.14
0.099
0.104
0.146
0.1
0.122
0.115
0.151
0.128
0.124
0.101
0.102
0.118
0.145
0.104
0.097
0.142
0.108
0.112
0.103
0.086
0.107
0.064
0.092
0.113
0.112
0.074
0.125
0.078
0.131
0.119
0.093
0.113
0.138
0.111
0.076
0.123
0.091
0.106
0.094
0.081
0.076
0.101
0.114
0.123
0.08
0.096
0.069
0.115
0.04
0.063
0.064
0.061
0.042
0.071
0.053
0.052
0.042
0.047
0.025
0.016
0.008
0.005
0.004
0.006
0.003
0.002
0.001
0.008
0.006
0.006
0.006
0.004
0.003
0.003
0.003
0.002
0.007
0.008
0.002
0.002
0.005
0.002
0.005
0.006
0.007
0.009
0.004
0.002
0.008
0.006
0.004
0.006
0.003
0.003
0.008
0.002
0.005
0.004
0.007
0.005
0.005
0.003
0.001
0.007
0.01
0.002
0.004
0.007
0.006
0.008
0.005
0.007
0.003
0.004
0.005
0.006
0.008
0.009
0.016
0.017
0.017
0.008
0.005
0.003
0.006
0.011
0.012
0.001
0.011
0.003
0.007
0.005
0.003
0.008
0.013
0.016
0.006
0.022
0.01
0.007
0.006
0.008
0.006
0.01
0.011
0.003
0.003
0.008
0.004
0.003
0.004
0.009
0.006
0.003
0.01
0.01
0.011
0.01
0.012
0.009
0.009
0.003
0.008
0.004
0.009
0.01
0.003
0.007
0.007
0.012
0.005
0.005
0.009
0.012
0.009
0.012
0.005
0.005
0.003
0.005
0.005
0.011
0.004
0.006
0.012
0.009
0.006
0.011
0.011
0.008
0.015
0.009
0.011
0.01
0.013
0.01
0.006
0.012
0.006
0.006
0.005
0.005
0.013
0.019
0.006
0.008
0.001
0.004
0.008
0.006
0.016
0.015
0.012
0.022
0.009
0.018
0.006
0.003
0.01
0.008
0.022
0.009
0.012
0.009
0.007
0.005
0.014
0.007
0.003
0.016
0.009
0.005
0.012
0.023
0.028
0.009
0.019
0.016
0.01
0.003
0.027
0.042
0.034
0.012
0.02
0.019
0.015
0.028
0.036
0.043
0.027
0.01
0.015
0.011
0.01
0.013
0.011
0.005
0.01
0.005
0.006
0.009
0.011
0.005
0.003
0.012
0.007
0.024
0.011
0.007
0.005
0.005
0.015
0.006
0.009
0.013
0.009
0.013
0.012
0.014
0.008
0.016
0.014
0.011
0.026
0.012
0.013
0.01
0.016
0.018
0.01
0.006
0.021
0.012
0.02
0.018
0.005
0.005
0.013
0.005
0.008
0.007
0.015
0.017
0.023
0.019
0.014
0.009
0.025
0.014
0.011
0.005
0.021
0.009
0.007
0.007
0.007
0.011
0.005
0.007
0.005
0.009
0.007
0.011
0.012
0.014
0.013
0.025
0.006
0.022
0.016
0.006
0.012
0.007
0.003
0.008
0.007
0.01
0.01
0.012
0.006
0.014
0.01
0.015
0.013
0.008
0.011
0.012
0.018
0.014
0.035
0.029
0.041
0.01
0.013
0.015
0.021
0.02
0.036
0.046
0.028
0.025
0.074
0.051
0.07
0.11
0.121
0.092
0.159
