0.013
0.073
0.075
0.086
0.14
0.094
0.132
0.133
0.096
0.147
0.139
0.126
0.113
0.185
0.132
0.123
0.131
0.1
0.14
0.103
0.143
0.111
0.119
0.126
0.136
0.123
0.137
0.14
0.108
0.136
0.088
0.139
0.117
0.111
0.126
0.091
0.101
0.105
0.147
0.127
0.099
0.12
0.146
0.085
0.107
0.129
0.105
0.102
0.104
0.118
0.113
0.095
0.088
0.132
0.092
0.113
0.133
0.091
0.143
0.122
0.135
0.132
0.107
0.101
0.1
0.109
0.11
0.088
0.116
0.121
0.132
0.086
0.103
0.094
0.172
0.131
0.094
0.127
0.141
0.105
0.106
0.111
0.102
0.089
0.084
0.09
0.057
0.075
0.074
0.111
0.102
0.096
0.129
0.112
0.09
0.129
0.096
0.109
0.102
0.124
0.097
0.118
0.107
0.139
0.149
0.106
0.093
0.122
0.116
0.107
0.093
0.107
0.113
0.102
0.13
0.106
0.101
0.099
0.074
0.102
0.144
0.111
0.081
0.103
0.102
0.074
0.135
0.124
0.093
0.109
0.156
0.097
0.084
0.102
0.095
0.082
0.11
0.126
0.095
0.102
0.125
0.096
0.088
0.092
0.116
0.092
0.088
0.09
0.099
0.097
0.126
0.084
0.137
0.076
0.12
0.117
0.089
0.108
0.091
0.122
0.097
0.091
0.11
0.132
0.119
0.087
0.119
0.095
0.147
0.114
0.115
0.128
0.087
0.106
0.112
0.105
0.115
0.147
0.097
0.123
0.11
0.117
0.111
0.122
0.092
0.102
0.079
0.071
0.082
0.085
0.08
0.068
0.135
0.083
0.125
0.078
0.105
0.075
0.084
0.125
0.082
0.143
0.083
0.108
0.099
0.088
0.103
0.119
0.102
0.071
0.101
0.062
0.112
0.1
0.086
0.096
0.111
0.141
0.135
0.066
0.098
0.116
0.17
0.12
0.119
0.115
0.109
0.126
0.101
0.084
0.106
0.11
0.07
0.111
0.129
0.106
0.096
0.096
0.138
0.083
0.113
0.111
0.092
0.11
0.134
0.09
0.14
0.089
0.097
0.096
0.143
0.127
0.115
0.119
0.077
0.115
0.11
0.067
0.093
0.112
0.104
0.068
0.092
0.061
0.116
0.103
0.125
0.124
0.121
0.112
0.1
0.131
0.071
0.095
0.095
0.136
0.114
0.085
0.135
0.089
0.152
0.142
0.135
0.102
0.119
0.076
0.075
0.084
0.095
0.083
0.095
0.071
0.091
0.109
0.095
0.081
0.083
0.104
0.103
0.121
0.092
0.104
0.125
0.103
0.098
0.1
0.118
0.083
0.102
0.14
0.092
0.085
0.077
0.106
0.076
0.092
0.12
0.108
0.093
0.115
0.083
0.062
0.103
0.104
0.117
0.107
0.095
0.114
0.096
0.082
0.076
0.131
0.08
0.103
0.115
0.106
0.097
0.1
0.082
0.095
0.076
0.074
0.094
0.065
0.076
0.106
0.121
0.076
0.078
0.098
0.115
0.09
0.112
0.099
0.081
0.113
0.079
0.114
0.12
0.069
0.122
0.119
0.099
0.102
0.085
0.135
0.124
0.062
0.106
0.06
0.127
0.073
0.095
0.091
0.092
0.085
0.104
0.092
0.112
0.085
0.103
0.097
0.114
0.091
0.073
0.084
0.106
0.075
0.048
0.042
0.052
0.059
0.031
0.026
0.013
0.038
0.016
0.011
0.015
0.005
0.004
0.005
0.009
0.006
0.008
0.007
0.006
0.008
0.014
0.003
0.009
0.003
0.004
0.007
0.005
0.004
0.005
0.002
0.003
0.007
0.004
0.008
0.008
0.004
0.008
0.006
0.01
0.007
0.007
0.011
0.012
0.014
0.01
0.005
0.005
0.009
0.005
0.004
0.006
0.009
0.003
0.005
0.013
0.006
0.011
0.008
0.012
0.013
0.015
0.005
0.007
0.01
0.009
0.017
0.016
0.012
0.012
0.013
0.019
0.023
0.018
0.025
0.051
0.049
0.066
0.098
0.077
0.133
0.122
0.106
0.133
0.15
0.079
0.13
0.153
0.089
0.126
0.102
0.148
0.095
0.115
0.143
0.118
0.141
0.129
0.137
0.13
0.094
0.125
0.102
0.138
0.12
0.146
0.095
0.12
0.103
0.143
0.137
0.132
0.103
0.082
0.144
0.155
0.133
0.104
0.111
0.151
0.122
0.101
0.117
0.129
0.16
0.078
0.086
0.152
0.16
0.117
0.109
0.115
0.105
0.134
0.104
0.119
0.15
0.074
0.122
0.097
0.139
0.11
0.099
0.089
0.076
0.149
0.126
0.099
0.121
0.155
0.091
0.082
0.069
0.086
0.083
0.096
0.129
0.109
0.113
0.113
0.085
0.104
0.137
0.099
0.098
0.109
0.16
0.087
0.142
0.076
0.147
0.101
0.134
0.086
0.113
0.101
0.135
0.143
0.075
0.171
0.088
0.112
0.12
0.089
0.073
0.125
0.105
0.117
0.119
0.076
0.079
0.093
0.11
0.107
0.089
0.157
0.082
0.083
0.131
0.099
0.13
0.11
0.109
0.131
0.08
0.072
0.1
0.135
0.122
0.096
0.114
0.089
0.123
0.118
0.127
0.135
0.102
0.083
0.104
0.102
0.072
0.101
0.119
0.094
0.116
0.084
0.09
0.088
0.127
0.129
0.109
0.106
0.107
0.113
0.138
0.067
0.103
0.14
0.148
0.106
0.145
0.127
0.106
0.117
0.106
0.135
0.113
0.104
0.077
0.107
0.121
0.116
0.104
0.103
0.094
0.091
0.123
0.085
0.135
0.111
0.108
0.09
0.11
0.096
0.092
0.073
0.118
0.143
0.142
0.064
0.137
0.089
0.095
0.068
0.109
0.088
0.109
0.067
0.087
0.099
0.09
0.13
0.081
0.107
0.109
0.086
0.107
0.122
0.114
0.09
0.082
0.092
0.098
0.069
0.118
0.106
0.07
0.069
0.106
0.13
0.094
0.09
0.125
0.107
0.09
0.116
0.095
0.078
0.082
0.112
0.105
0.108
0.083
0.104
0.133
0.08
0.093
0.096
0.08
0.057
0.072
0.086
0.104
0.069
0.059
0.071
0.064
0.065
0.114
0.107
0.122
0.089
0.105
0.105
0.078
0.137
0.079
0.114
0.143
0.109
0.103
0.07
0.095
0.111
0.126
0.082
0.076
0.111
0.093
0.089
0.116
0.09
0.088
0.094
0.083
0.069
0.096
0.121
0.104
0.114
0.121
0.109
0.1
0.112
0.095
0.119
0.131
0.082
0.081
0.078
0.132
0.099
0.068
0.114
0.079
0.083
0.069
0.039
0.085
0.07
0.089
0.046
0.086
0.098
0.106
0.08
0.081
0.114
0.126
0.057
0.072
0.11
0.086
0.08
0.098
0.092
0.083
0.109
0.124
0.109
0.125
0.117
0.127
0.078
0.146
0.075
0.107
0.106
0.11
0.098
0.099
0.079
0.113
0.094
0.1
0.091
0.061
0.081
0.083
0.104
0.06
0.058
0.048
0.055
0.034
0.039
0.01
0.006
0.005
0.001
0.003
0.007
0.003
0.002
0.003
0.002
0.003
0.001
0.005
0.005
0.002
0.003
0.005
0.004
0.001
0.007
0.001
0.003
0.005
0.004
0
0.009
0.006
0.003
0.004
0.002
0.006
0.007
0.003
0.005
0.007
0.004
0.001
0.005
0.002
0.007
0.013
0.007
0.008
0.014
0.014
0.002
0.005
0.011
0.004
0.003
0.005
0.005
0.016
0.009
0.009
0.006
0.009
0.001
0.009
0.014
0.003
0.007
0.006
0.006
0.005
0.008
0.016
0.008
0.02
0.013
0.021
0.015
0.02
0.028
0.014
0.022
0.012
0.005
0.021
0.011
0.021
0.024
0.015
0.015
0.015
0.006
0.011
0.012
0.01
0.013
0.015
0.022
0.017
0.025
0.043
0.074
0.098
0.105
0.128
0.126
0.111
0.163
0.139
0.089
0.129
0.109
0.159
0.137
0.113
0.135
0.118
0.103
0.134
0.102
0.121
0.165
0.134
0.114
0.137
0.166
0.148
0.107
0.164
0.142
0.08
0.13
0.147
0.123
0.18
0.128
0.116
0.118
0.168
0.113
0.115
0.12
0.137
0.104
0.129
0.097
0.141
0.113
0.131
0.11
0.143
0.074
0.194
0.115
0.139
0.139
0.104
0.128
0.137
0.087
0.112
0.107
0.15
0.115
0.1
0.086
0.129
0.133
0.122
0.14
0.11
0.137
0.09
0.112
0.139
0.121
0.094
0.148
0.103
0.149
0.08
0.158
0.114
0.125
0.109
0.123
0.103
0.103
0.085
0.109
0.119
0.141
0.15
0.086
0.138
0.112
0.156
0.078
0.115
0.089
0.13
0.114
0.126
0.094
0.132
0.1
0.11
0.148
0.072
0.124
0.1
0.101
0.118
0.124
0.099
0.101
0.142
0.12
0.111
0.12
0.109
0.092
0.137
0.101
0.092
0.137
0.105
0.093
0.087
0.131
0.134
0.085
0.134
0.067
0.134
0.112
0.146
0.085
0.132
0.13
0.083
0.137
0.107
0.098
0.125
0.102
0.097
0.101
0.126
0.119
0.095
0.136
0.104
0.101
0.134
0.11
0.114
0.118
0.088
0.104
0.118
0.116
0.127
0.11
0.115
0.091
0.104
0.126
0.085
0.103
0.129
0.108
0.151
0.112
0.091
0.119
0.127
0.066
0.096
0.12
0.111
0.1
0.077
0.135
0.148
0.124
0.099
0.107
0.103
0.074
0.111
0.103
0.14
0.095
0.071
0.162
0.081
0.152
0.106
0.09
0.105
0.101
0.123
0.115
0.047
0.084
0.08
0.14
0.085
0.089
0.074
0.089
0.151
0.111
0.084
0.077
0.13
0.085
0.096
0.08
0.1
0.122
0.108
0.107
0.106
0.136
0.091
0.117
0.08
0.116
0.076
0.096
0.093
0.115
0.124
0.094
0.118
0.089
0.128
0.115
0.116
0.11
0.094
0.085
0.083
0.086
0.115
0.081
0.099
0.112
0.079
0.123
0.105
0.078
0.063
0.093
0.093
0.088
0.093
0.057
0.087
0.06
0.099
0.115
0.117
0.101
0.103
0.073
0.099
0.089
0.071
0.072
0.106
0.107
0.105
0.109
0.104
0.097
0.138
0.08
0.124
0.112
0.101
0.195
0.075
0.118
0.088
0.12
0.104
0.098
0.089
0.081
0.078
0.11
0.13
0.088
0.093
0.099
0.087
0.112
0.114
0.085
0.075
0.081
0.1
0.07
0.05
0.068
0.087
0.071
0.083
0.093
0.09
0.077
0.123
0.092
0.085
0.116
0.088
0.132
0.101
0.064
0.091
0.07
0.098
0.067
0.092
0.051
0.082
0.061
0.086
0.122
0.099
0.093
0.117
0.077
0.105
0.055
0.064
0.108
0.114
0.062
0.158
0.064
0.094
0.076
0.085
0.107
0.104
0.061
0.088
0.066
0.096
0.072
0.1
0.103
0.082
0.105
0.138
0.102
0.131
0.084
0.073
0.06
0.051
0.062
0.048
0.067
0.046
0.034
0.023
0.008
0.014
0.011
0.008
0.01
0.005
0.009
0.003
0.007
0.001
0.006
0.006
0.003
0.006
0.002
0.004
0.002
0.007
0.005
0.005
0.003
0.006
0.003
0.014
0.004
0.009
0.002
0.003
0.01
0.002
0.003
0.004
0.01
0.002
0.01
0.006
0.011
0.011
0.008
0.011
0.018
0.014
0.005
0.009
0.005
0.005
0.002
0.015
0.014
0.021
0.01
0.008
0.01
0.005
0.01
0.005
0.02
0.017
0.015
0.006
0.021
0.022
0.007
0.01
0.019
0.023
0.008
0.004
0.014
0.016
0.034
0.046
0.032
0.03
0.036
0.046
0.046
0.029
0.028
0.094
0.097
0.134
0.148
0.12
0.168
0.063
0.147
0.117
0.163
0.098
0.154
0.106
0.146
0.117
0.114
0.119
0.099
0.149
0.145
0.111
0.118
0.163
0.082
0.099
0.114
0.121
0.146
0.12
0.118
0.147
0.13
0.147
0.114
0.127
0.126
0.171
0.095
0.141
0.122
0.095
0.125
0.152
0.086
0.116
0.102
0.119
0.097
0.192
0.111
0.11
0.092
0.102
0.133
0.12
0.117
0.124
0.096
0.117
0.103
0.144
0.142
0.101
0.119
0.123
0.087
0.094
0.116
0.087
0.139
0.103
0.113
0.138
0.12
0.097
0.153
0.124
0.094
0.099
0.097
0.143
0.124
0.129
0.067
0.112
0.111
0.104
0.108
0.119
0.102
0.134
0.102
0.147
0.098
0.104
0.135
0.097
0.108
0.08
0.111
0.1
0.141
0.114
0.108
0.114
0.126
0.087
0.141
0.104
0.076
0.122
0.135
0.083
0.112
0.126
0.104
0.152
0.12
0.086
0.118
0.109
0.095
0.099
0.106
0.122
0.109
0.096
0.134
0.095
0.121
0.121
0.124
0.077
0.1
0.109
0.117
0.094
0.116
0.137
0.082
0.107
0.112
0.11
0.123
0.092
0.079
0.076
0.09
0.099
0.103
0.08
0.103
0.09
0.123
0.131
0.117
0.116
0.102
0.118
0.123
0.112
0.086
0.108
0.123
0.077
0.101
0.082
0.077
0.14
0.088
0.1
0.064
0.081
0.117
0.079
0.105
0.082
0.127
0.116
0.113
0.097
0.084
0.106
0.106
0.118
0.099
0.127
0.067
0.107
0.069
0.101
0.122
0.086
0.115
0.078
0.155
0.1
0.099
0.117
0.134
0.104
0.065
0.139
0.094
0.127
0.114
0.128
0.146
0.053
0.141
0.078
0.108
0.104
0.084
0.113
0.106
0.131
0.089
0.099
0.108
0.093
0.141
0.069
0.122
0.094
0.104
0.131
0.091
0.129
0.075
0.112
0.084
0.12
0.112
0.073
0.107
0.073
0.114
0.116
0.124
0.082
0.11
0.097
0.146
0.112
0.108
0.154
0.103
0.081
0.084
0.094
0.09
0.121
0.062
0.116
0.097
0.08
0.1
0.064
0.103
0.105
0.117
0.082
0.089
0.071
0.091
0.085
0.128
0.114
0.087
0.084
0.096
0.076
0.117
0.09
0.136
0.083
0.126
0.113
0.113
0.085
0.095
0.095
0.076
0.054
0.084
0.043
0.062
0.096
0.072
0.097
0.088
0.071
0.127
0.129
0.123
0.106
0.096
0.091
0.105
0.094
0.065
0.116
0.149
0.1
0.136
0.095
0.123
0.083
0.104
0.075
0.089
0.059
0.117
0.067
0.093
0.052
0.096
0.099
0.05
0.088
0.101
0.057
0.071
0.076
0.1
0.11
0.1
0.1
0.12
0.08
0.068
0.048
0.083
0.08
0.078
0.046
0.077
0.067
0.049
0.043
0.021
0.022
0.017
0.007
0.005
0.01
0.009
0.003
0.006
0.005
0
0.003
0.004
0.005
0.002
0.004
0.006
0.006
0.005
0.006
0.003
0.009
0.004
0.009
0.002
0.007
0.002
0.008
0
0.005
0.011
0.004
0.004
0.009
0.006
0.004
0.006
0.014
0.003
0.004
0.008
0.009
0.008
0.009
0.013
0.008
0.012
0.006
0.009
0.011
0.009
0.012
0.002
0.006
0.005
0.004
0.009
0.004
0.006
0.009
0.004
0.003
0.014
0.004
0.008
0.015
0.002
0.007
0.022
0.008
0.018
0.007
0.009
0.01
0.01
0.005
0.004
0.003
0.006
0.006
0.018
0.013
0.02
0.046
0.027
0.055
0.06
0.093
0.11
0.113
0.118
0.11
0.132
0.093
0.121
0.131
0.165
0.143
0.141
0.123
0.128
0.116
0.135
0.154
0.112
0.102
0.123
0.13
0.161
0.103
0.117
0.114
0.142
0.113
0.127
0.061
0.17
0.102
0.163
0.124
0.117
0.143
0.106
0.108
0.103
0.147
0.135
0.1
0.147
0.123
0.105
0.093
0.168
0.075
0.149
0.104
0.127
0.117
0.101
0.137
0.123
0.095
0.115
0.096
0.121
0.158
0.094
0.119
0.137
0.147
0.09
0.103
0.135
0.091
0.161
0.11
0.087
0.127
0.138
0.072
0.112
0.125
0.123
0.209
0.12
0.098
0.107
0.113
0.1
0.082
0.085
0.089
0.131
0.114
0.141
0.124
0.083
0.14
0.109
0.116
0.112
0.089
0.134
0.152
0.09
0.085
0.113
0.117
0.112
0.118
0.146
0.129
0.112
0.109
0.116
0.14
0.114
0.129
0.1
0.145
0.11
0.115
0.125
0.095
0.107
0.109
0.12
0.108
0.083
0.103
0.103
0.074
0.113
0.138
0.103
0.134
0.107
0.113
0.121
0.099
0.102
0.116
0.132
0.109
0.122
0.115
0.113
0.11
0.108
0.089
0.123
0.107
0.119
0.098
0.127
0.078
0.077
0.117
0.112
0.068
0.098
0.067
0.134
0.096
0.103
0.124
0.124
0.095
0.146
0.089
0.085
0.097
0.083
0.125
0.069
0.13
0.089
0.132
0.088
0.105
0.126
0.121
0.107
0.088
0.113
0.144
0.112
0.105
0.116
0.102
0.116
0.099
0.071
0.125
0.111
0.101
0.129
0.142
0.105
0.104
0.096
0.059
0.061
0.115
0.125
0.139
0.097
0.129
0.124
0.09
0.115
0.155
0.083
0.098
0.136
0.107
0.103
0.08
0.092
0.094
0.081
0.089
0.113
0.052
0.111
0.079
0.087
0.105
0.102
0.081
0.112
0.095
0.09
0.075
0.098
0.085
0.116
0.108
0.122
0.11
0.089
0.071
0.111
0.07
0.103
0.096
0.103
0.087
0.09
0.101
0.096
0.13
0.118
0.102
0.101
0.093
0.098
0.105
0.091
0.098
0.098
0.076
0.079
0.111
0.105
0.138
0.08
0.107
0.128
0.079
0.1
0.077
0.076
0.082
0.11
0.075
0.107
0.074
0.112
0.1
0.079
0.093
0.097
0.124
0.079
0.098
0.136
0.076
0.086
0.127
0.096
0.093
0.083
0.11
0.105
0.1
0.083
0.099
0.091
0.044
0.055
0.053
0.05
0.025
0.015
0.016
0.006
0.004
0.003
0.003
0.001
0.004
0.004
0.002
0.001
0.009
0.003
0.004
0.006
0.005
0.007
0.002
0.008
0.007
0.002
0.009
0.009
0.007
0.007
0.022
0.02
0.021
0.011
0.015
0.009
0.003
0.004
0.009
0.007
0.003
0.008
0.004
0.007
0.01
0.008
0.005
0.005
0
0.009
0.017
0.007
0.008
0.012
0.008
0.015
0.017
0.007
0.023
0.016
0.022
0.023
0.035
0.036
0.039
0.028
0.06
0.035
0.095
0.093
0.075
0.118
0.108
0.097
0.114
0.106
0.115
0.115
0.104
0.121
0.119
0.106
0.104
0.129
0.121
0.126
0.107
0.153
0.113
0.138
0.11
0.166
0.109
0.08
0.14
0.107
0.091
0.119
0.142
0.116
0.131
0.108
0.119
0.161
0.139
0.078
0.124
0.141
0.109
0.114
0.114
0.127
0.071
0.142
0.126
0.121
0.106
0.104
0.103
0.107
0.109
0.129
0.117
0.127
0.098
0.114
0.139
0.124
0.099
0.085
0.108
0.087
0.1
0.097
0.127
0.111
0.138
0.129
0.075
0.068
0.079
0.152
0.101
0.118
0.083
0.116
0.118
0.105
0.102
0.113
0.116
0.11
0.1
0.136
0.115
0.109
0.093
0.102
0.127
0.105
0.101
0.106
0.161
0.158
0.113
0.098
0.13
0.091
0.116
0.103
0.169
0.127
0.093
0.116
0.086
0.136
0.117
0.114
0.064
0.097
0.129
0.105
0.107
0.079
0.107
0.091
0.133
0.092
0.089
0.115
0.112
0.115
0.106
0.1
0.117
0.089
0.119
0.098
0.11
0.106
0.108
0.15
0.105
0.091
0.108
0.099
0.109
0.119
0.099
0.08
0.092
0.077
0.093
0.1
0.105
0.115
0.085
0.074
0.095
0.075
0.071
0.107
0.083
0.088
0.14
0.077
0.116
0.083
0.119
0.151
0.09
0.088
0.082
0.122
0.129
0.107
0.074
0.121
0.107
0.106
0.112
0.088
0.108
0.11
0.117
0.099
0.07
0.114
0.098
0.095
0.114
0.088
0.067
0.094
0.089
0.157
0.115
0.099
0.092
0.106
0.094
0.143
0.165
0.083
0.07
0.109
0.108
0.121
0.112
0.101
0.093
0.121
0.09
0.13
0.091
0.085
0.061
0.107
0.082
0.051
0.096
0.128
0.08
0.151
0.099
0.096
0.08
0.096
0.076
0.134
0.136
0.113
0.059
0.088
0.061
0.094
0.09
0.096
0.094
0.097
0.054
0.078
0.108
0.097
0.054
0.053
0.074
0.082
0.115
0.072
0.092
0.131
0.107
0.107
0.084
0.076
0.119
0.104
0.071
0.124
0.08
0.078
0.129
0.074
0.098
0.074
0.108
0.089
0.127
0.088
0.106
0.081
0.069
0.095
0.105
0.095
0.086
0.12
0.083
0.116
0.118
0.125
0.089
0.073
0.1
0.11
0.073
0.114
0.101
0.103
0.047
0.067
0.099
0.092
0.075
0.14
0.09
0.126
0.167
0.063
0.102
0.103
0.093
0.063
0.133
0.065
0.097
0.067
0.066
0.082
0.137
0.097
0.145
0.098
0.115
0.099
0.098
0.08
0.101
0.085
0.081
0.065
0.047
0.063
0.065
0.054
0.05
0.036
0.054
0.048
0.037
0.019
0.01
0.018
0.006
0.006
0.006
0.005
0.005
0.003
0.004
0.001
0.003
0.004
0.004
0.003
0.007
0.01
0.006
0.004
0.007
0.006
0.007
0.009
0.002
0.008
0.003
0.005
0.004
0.007
0.009
0.007
0.004
0.006
0.003
0.002
0.004
0.007
0.009
0.007
0.007
0.007
0.006
0.008
0.022
0.008
0.016
0.004
0.006
0.01
0.01
0.006
0.004
0.005
0.004
0.011
0.012
0.004
0.006
0.005
0.002
0.007
0.012
0.005
0.007
0.018
0.007
0.022
0.014
0.008
0.012
0.007
0.009
0.011
0.016
0.022
0.03
0.014
0.01
0.012
0.015
0.016
0.008
0.01
0.025
0.028
0.013
0.014
0.02
0.013
0.01
0.014
0.007
0.002
0.018
0.013
0.011
0.004
0.01
0.017
0.027
0.01
0.015
0.023
0.029
0.018
0.028
0.042
0.09
0.064
0.102
0.1
0.128
0.16
0.138
0.102
0.097
0.159
0.108
0.13
0.144
0.118
0.152
0.141
0.095
0.132
0.115
0.178
0.118
0.158
0.084
0.106
0.173
0.096
0.132
0.104
0.101
0.15
0.147
0.116
0.154
0.113
0.115
0.145
0.137
0.156
0.105
0.117
0.131
0.096
0.154
0.088
0.166
0.111
0.118
0.144
0.122
0.162
0.105
0.153
0.121
0.155
0.135
0.154
0.101
0.115
0.135
0.136
0.121
0.132
0.127
0.124
0.084
0.118
0.126
0.11
0.111
0.116
0.137
0.092
0.134
0.116
0.125
0.137
0.097
0.122
0.143
0.117
0.169
0.126
0.16
0.094
0.164
0.136
0.084
0.124
0.096
0.106
0.111
0.106
0.124
0.091
0.111
0.157
0.105
0.112
0.143
0.121
0.108
0.139
0.101
0.101
0.093
0.174
0.12
0.098
0.127
0.157
0.088
0.133
0.102
0.151
0.08
0.094
0.11
0.147
0.105
0.113
0.119
0.126
0.138
0.097
0.11
0.09
0.114
0.168
0.088
0.119
0.142
0.102
0.118
0.153
0.154
0.106
0.111
0.142
0.096
0.073
0.124
0.135
0.053
0.125
0.054
0.122
0.122
0.106
0.108
0.096
0.1
0.126
0.098
0.121
0.17
0.121
0.092
0.095
0.102
0.119
0.097
0.135
0.111
0.104
0.123
0.127
0.095
0.096
0.105
0.153
0.099
0.149
0.107
0.099
0.12
0.118
0.112
0.115
0.087
0.099
0.112
0.067
0.097
0.091
0.13
0.09
0.107
0.116
0.115
0.084
0.155
0.077
0.089
0.116
0.121
0.129
0.105
0.094
0.116
0.078
0.114
0.117
0.067
0.1
0.091
0.074
0.1
0.107
0.082
0.107
0.089
0.158
0.103
0.112
0.112
0.092
0.079
0.089
0.107
0.08
0.066
0.086
0.082
0.109
0.078
0.102
0.101
0.101
0.142
0.145
0.087
0.084
0.142
0.1
0.098
0.102
0.07
0.108
0.114
0.097
0.088
0.133
0.124
0.133
0.097
0.142
0.118
0.098
0.125
0.083
0.112
0.1
0.103
0.068
0.126
0.094
0.126
0.083
0.107
0.082
0.115
0.088
0.083
0.108
0.154
0.093
0.151
0.093
0.081
0.132
0.073
0.086
0.086
0.081
0.135
0.102
0.088
0.084
0.059
0.127
0.125
0.095
0.1
0.073
0.084
0.101
0.058
0.089
0.085
0.097
0.093
0.107
0.111
0.108
0.073
0.078
0.1
0.082
0.048
0.065
0.077
0.046
0.131
0.06
0.062
0.054
0.048
0.039
0.075
0.136
0.079
0.092
0.09
0.115
0.083
0.095
0.08
0.119
0.073
0.101
0.09
0.07
0.088
0.107
0.078
0.062
0.113
0.077
0.099
0.101
0.073
0.049
0.058
0.126
0.052
0.089
0.125
0.063
0.127
0.104
0.142
0.055
0.137
0.068
0.106
0.131
0.098
0.111
0.115
0.068
0.1
0.087
0.135
0.103
0.075
0.107
0.099
0.109
0.08
0.093
0.073
0.094
0.101
0.097
0.092
0.101
0.079
0.095
0.083
0.089
0.096
0.108
0.082
0.133
0.066
0.103
0.116
0.098
0.1
0.112
0.092
0.107
0.145
0.105
0.131
0.131
0.098
0.086
0.098
0.088
0.135
0.106
0.068
0.083
0.103
0.072
0.079
0.075
0.095
0.071
0.06
0.091
0.09
0.084
0.114
0.094
0.093
0.116
0.09
0.103
0.111
0.102
0.099
0.052
0.069
0.054
0.064
0.055
0.051
0.063
0.025
0.018
0.009
0.005
0.008
0.008
0.006
0.004
0.01
0.007
0.001
0.006
0.007
0.003
0.005
0.005
0.005
0.005
0.008
0.007
0.01
0.011
0.008
0.007
0.008
0.003
0.007
0.003
0.002
0.008
0.006
0.006
0.008
0.008
0.001
0
0.007
0.001
0.012
0.007
0.004
0.008
0.007
0.005
0.004
0.005
0.011
0.011
0.006
0.009
0.005
0.005
0.013
0.017
0.009
0.015
0.014
0.018
0.011
0.016
0.004
0.005
0.006
0.009
0.012
0.01
0.014
0.017
0.004
0.012
0.012
0.005
0.01
0.01
0.004
0.009
0.006
0.013
0.012
0.011
0.014
0.013
0.014
0.014
0.009
0.023
0.019
0.014
0.027
0.011
0.037
0.01
0.016
0.019
0.018
0.047
0.042
0.027
0.035
0.06
0.086
0.089
0.059
0.164
0.113
0.13
0.125
0.117
0.142
0.097
0.144
0.14
0.123
0.124
0.121
0.134
0.105
0.1
0.131
0.095
0.119
0.118
0.148
0.151
0.095
0.156
0.134
0.178
0.129
0.172
0.116
0.105
0.135
0.135
0.12
0.107
0.135
0.138
0.102
0.13
0.115
0.122
0.125
0.148
0.103
0.122
0.155
0.119
0.122
0.134
0.125
0.148
0.114
0.118
0.089
0.1
0.137
0.15
0.138
0.115
0.118
0.118
0.125
0.071
0.145
0.107
0.146
0.136
0.138
0.109
0.161
0.088
0.136
0.117
0.105
0.14
0.082
0.14
0.143
0.1
0.162
0.111
0.069
0.158
0.098
0.122
0.089
0.135
0.085
0.135
0.1
0.099
0.169
0.113
0.151
0.12
0.106
0.08
0.159
0.087
0.155
0.116
0.116
0.139
0.134
0.104
0.087
0.128
0.096
0.132
0.11
0.143
0.079
0.129
0.105
0.107
0.113
0.147
0.098
0.118
0.118
0.086
0.129
0.074
0.101
0.145
0.116
0.094
0.115
0.108
0.109
0.137
0.119
0.105
0.115
0.109
0.094
0.143
0.104
0.141
0.126
0.107
0.111
0.126
0.072
0.147
0.101
0.123
0.101
0.11
0.115
0.071
0.137
0.138
0.087
0.092
0.124
0.117
0.107
0.066
0.096
0.116
0.11
0.124
0.123
0.073
0.121
0.097
0.154
0.106
0.077
0.114
0.101
0.124
0.092
0.096
0.153
0.062
0.092
0.093
0.104
0.108
0.079
0.107
0.11
0.113
0.096
0.085
0.085
0.123
0.12
0.076
0.09
0.122
0.086
0.095
0.108
0.083
0.09
0.107
0.163
0.09
0.088
0.119
0.086
0.083
0.1
0.114
0.086
0.096
0.089
0.112
0.095
0.121
0.063
0.094
0.101
0.098
0.133
0.111
0.098
0.102
0.086
0.123
0.094
0.09
0.084
0.138
0.103
0.103
0.12
0.087
0.095
0.085
0.097
0.094
0.115
0.099
0.144
0.076
0.098
0.116
0.065
0.093
0.135
0.087
0.104
0.078
0.108
0.128
0.143
0.098
0.109
0.139
0.101
0.094
0.095
0.07
0.059
0.076
0.107
0.071
0.131
0.07
0.124
0.098
0.101
0.106
0.125
0.076
0.11
0.063
0.078
0.074
0.095
0.093
0.067
0.09
0.089
0.147
0.081
0.126
0.077
0.114
0.122
0.077
0.086
0.074
0.116
0.105
0.111
0.1
0.067
0.056
0.051
0.043
0.055
0.072
0.039
0.076
0.078
0.066
0.1
0.084
0.07
0.1
0.075
0.093
0.086
0.091
0.084
0.1
0.068
0.059
0.124
0.089
0.11
0.07
0.094
0.124
0.132
0.123
0.13
0.085
0.104
0.088
0.112
0.103
0.121
0.108
0.114
0.113
0.103
0.097
0.109
0.127
0.077
0.066
0.097
0.052
0.084
0.085
0.052
0.061
0.053
0.094
0.055
0.061
0.091
0.089
0.104
0.067
0.083
0.084
0.121
0.105
0.08
0.074
0.098
0.11
0.095
0.068
0.067
0.07
0.091
0.105
0.088
0.12
0.108
0.111
0.106
0.135
0.113
0.08
0.111
0.105
0.093
0.096
0.076
0.108
0.1
0.091
0.079
0.088
0.089
0.059
0.055
0.05
0.063
0.071
0.058
0.101
0.105
0.078
0.103
0.101
0.069
0.088
0.068
0.104
0.08
0.076
0.086
0.069
0.077
0.078
0.119
0.084
0.118
0.096
0.146
0.094
0.138
0.1
0.08
0.109
0.111
0.08
0.123
0.072
0.089
0.099
0.108
0.087
0.139
0.075
0.092
0.104
0.134
0.109
0.104
0.123
0.064
0.117
0.092
0.111
0.141
0.086
0.099
0.144
0.089
0.131
0.089
0.112
0.107
0.094
0.083
0.106
0.132
0.091
0.071
0.094
0.096
0.117
0.084
0.067
0.077
0.057
0.09
0.135
0.094
0.088
0.07
0.079
0.066
0.069
0.054
0.075
0.047
0.054
0.046
0.041
0.032
0.024
0.014
0.014
0.008
0.013
0.011
0.004
0.004
0.006
0.007
0.005
0.005
0.006
0.006
0.011
0.003
0.005
0.005
0.01
0.003
0.007
0.007
0.003
0.006
0.001
0.003
0.003
0.005
0.012
