0.023
0.083
0.185
0.133
0.088
0.153
0.12
0.112
0.12
0.13
0.156
0.134
0.156
0.164
0.129
0.135
0.122
0.156
0.109
0.112
0.15
0.123
0.118
0.118
0.131
0.151
0.154
0.143
0.143
0.146
0.163
0.145
0.109
0.108
0.152
0.119
0.138
0.105
0.119
0.116
0.096
0.125
0.101
0.153
0.096
0.122
0.096
0.171
0.114
0.129
0.099
0.135
0.116
0.121
0.077
0.13
0.154
0.097
0.127
0.107
0.127
0.1
0.174
0.118
0.126
0.133
0.084
0.141
0.137
0.089
0.095
0.102
0.117
0.131
0.112
0.105
0.125
0.132
0.113
0.097
0.099
0.118
0.111
0.119
0.102
0.074
0.094
0.115
0.122
0.069
0.155
0.094
0.097
0.116
0.104
0.125
0.118
0.141
0.091
0.073
0.099
0.095
0.126
0.112
0.116
0.143
0.094
0.087
0.103
0.157
0.076
0.186
0.086
0.107
0.111
0.092
0.114
0.14
0.103
0.113
0.112
0.146
0.108
0.06
0.117
0.125
0.086
0.137
0.109
0.1
0.127
0.112
0.147
0.095
0.119
0.104
0.161
0.084
0.148
0.089
0.127
0.097
0.116
0.107
0.107
0.107
0.073
0.084
0.11
0.131
0.088
0.093
0.128
0.088
0.127
0.096
0.112
0.132
0.118
0.14
0.086
0.135
0.1
0.107
0.136
0.152
0.113
0.161
0.126
0.103
0.099
0.106
0.087
0.127
0.089
0.13
0.106
0.087
0.053
0.077
0.098
0.095
0.071
0.08
0.096
0.092
0.092
0.096
0.068
0.093
0.067
0.091
0.122
0.068
0.087
0.12
0.083
0.1
0.074
0.079
0.092
0.104
0.105
0.169
0.105
0.125
0.125
0.088
0.098
0.084
0.096
0.074
0.084
0.1
0.095
0.094
0.105
0.077
0.077
0.066
0.077
0.08
0.103
0.116
0.059
0.063
0.102
0.111
0.073
0.082
0.073
0.1
0.052
0.102
0.083
0.117
0.102
0.087
0.071
0.125
0.06
0.078
0.032
0.062
0.066
0.105
0.06
0.111
0.122
0.086
0.09
0.083
0.047
0.108
0.074
0.1
0.089
0.112
0.141
0.135
0.121
0.135
0.093
0.112
0.109
0.12
0.099
0.102
0.085
0.125
0.131
0.09
0.086
0.098
0.085
0.086
0.081
0.078
0.052
0.066
0.094
0.124
0.097
0.144
0.1
0.109
0.136
0.055
0.101
0.079
0.071
0.122
0.086
0.136
0.09
0.081
0.129
0.109
0.062
0.078
0.142
0.109
0.096
0.092
0.08
0.076
0.111
0.109
0.114
0.109
0.103
0.119
0.143
0.161
0.069
0.09
0.107
0.082
0.1
0.114
0.096
0.112
0.055
0.059
0.152
0.055
0.142
0.083
0.055
0.082
0.088
0.089
0.031
0.048
0.014
0.009
0.007
0.001
0.002
0.003
0.003
0.006
0.005
0.002
0.004
0.002
0.004
0.002
0.002
0.002
0.004
0.003
0.005
0.003
0.003
0.003
0.003
0.002
0.002
0
0.001
0.006
0.001
0.004
0.004
0.003
0.006
0.003
0.004
0.008
0.004
0.007
0.005
0.008
0.005
0.003
0.007
0.007
0.013
0.002
0.006
0.004
0.004
0.007
0.003
0.002
0.004
0.001
0.009
0.007
0.007
0.003
0.004
0.002
0.002
0.001
0.001
0.004
0.007
0.005
0.005
0.011
0.005
0.003
0.004
0.002
0.001
0.008
0.009
0.012
0.008
0.007
0.013
0.01
0.014
0.005
0.011
0.014
0.005
0.011
0.007
0.02
0.004
0.018
0.01
0.017
0.01
0.021
0.02
0.013
0.012
0.012
0.013
0.02
0.011
0.011
0.005
0.007
0.017
0.004
0.017
0.009
0.037
0.045
0.058
0.058
0.074
0.097
0.11
0.159
0.114
0.135
0.106
0.191
0.127
0.113
0.132
0.132
0.119
0.126
0.156
0.164
0.102
0.109
0.158
0.115
0.152
0.134
0.126
0.156
0.11
0.134
0.107
0.163
0.107
0.186
0.148
0.133
0.12
0.116
0.123
0.111
0.099
0.17
0.14
0.143
0.171
0.144
0.164
0.114
0.132
0.125
0.132
0.15
0.126
0.13
0.111
0.117
0.17
0.152
0.12
0.125
0.172
0.078
0.142
0.119
0.084
0.13
0.13
0.117
0.15
0.142
0.108
0.116
0.16
0.131
0.131
0.095
0.127
0.165
0.118
0.087
0.11
0.105
0.142
0.101
0.169
0.137
0.13
0.111
0.119
0.106
0.133
0.091
0.182
0.08
0.134
0.102
0.09
0.107
0.166
0.15
0.067
0.121
0.132
0.125
0.149
0.13
0.091
0.143
0.117
0.136
0.153
0.117
0.107
0.136
0.094
0.119
0.137
0.089
0.111
0.123
0.105
0.165
0.058
0.111
0.094
0.149
0.103
0.117
0.128
0.084
0.064
0.107
0.103
0.092
0.121
0.115
0.096
0.094
0.111
0.122
0.077
0.098
0.087
0.153
0.111
0.113
0.137
0.081
0.142
0.135
0.096
0.178
0.108
0.112
0.123
0.08
0.13
0.117
0.101
0.079
0.103
0.12
0.097
0.071
0.115
0.11
0.125
0.144
0.093
0.137
0.09
0.091
0.142
0.126
0.089
0.105
0.107
0.126
0.092
0.115
0.118
0.103
0.071
0.087
0.1
0.084
0.136
0.111
0.113
0.064
0.135
0.073
0.125
0.099
0.112
0.123
0.125
0.114
0.111
0.075
0.081
0.115
0.11
0.087
0.086
0.105
0.124
0.089
0.129
0.109
0.142
0.104
0.074
0.127
0.131
0.06
0.117
0.077
0.1
0.108
0.098
0.117
0.092
0.079
0.074
0.15
0.125
0.089
0.135
0.113
0.084
0.118
0.119
0.121
0.121
0.089
0.103
0.117
0.112
0.08
0.15
0.102
0.146
0.125
0.124
0.122
0.072
0.125
0.107
0.126
0.099
0.138
0.126
0.074
0.113
0.082
0.093
0.128
0.104
0.11
0.081
0.091
0.138
0.09
0.102
0.128
0.106
0.092
0.076
0.132
0.092
0.091
0.103
0.118
0.077
0.077
0.099
0.126
0.087
0.119
0.075
0.095
0.075
0.082
0.068
0.075
0.055
0.045
0.072
0.105
0.084
0.065
0.059
0.066
0.091
0.093
0.123
0.049
0.063
0.09
0.084
0.083
0.075
0.046
0.086
0.081
0.079
0.052
0.087
0.077
0.143
0.068
0.074
0.125
0.107
0.114
0.039
0.099
0.116
0.072
0.091
0.075
0.069
0.087
0.116
0.078
0.07
0.061
0.088
0.075
0.08
0.137
0.087
0.096
0.102
0.074
0.076
0.074
0.11
0.079
0.116
0.087
0.11
0.132
0.088
0.125
0.099
0.131
0.083
0.122
0.139
0.133
0.086
0.095
0.093
0.094
0.098
0.086
0.09
0.083
0.066
0.099
0.067
0.063
0.102
0.053
0.127
0.106
0.116
0.092
0.08
0.101
0.067
0.103
0.103
0.113
0.101
0.066
0.078
0.116
0.096
0.086
0.086
0.11
0.096
0.099
0.058
0.077
0.096
0.082
0.095
0.058
0.075
0.045
0.103
0.087
0.085
0.072
0.093
0.072
0.095
0.078
0.1
0.097
0.073
0.079
0.068
0.071
0.097
0.116
0.116
0.101
0.164
0.07
0.087
0.086
0.092
0.112
0.118
0.099
0.084
0.089
0.133
0.042
0.135
0.073
0.081
0.079
0.058
0.079
0.097
0.069
0.099
0.069
0.068
0.086
0.091
0.064
0.102
0.091
0.102
0.134
0.044
0.061
0.12
0.106
0.068
0.078
0.101
0.103
0.084
0.091
0.074
0.126
0.122
0.08
0.089
0.152
0.1
0.041
0.104
0.08
0.12
0.071
0.112
0.069
0.098
0.108
0.068
0.089
0.1
0.101
0.112
0.096
0.118
0.095
0.114
0.104
0.11
0.124
0.087
0.085
0.087
0.061
0.105
0.115
0.067
0.122
0.102
0.066
0.097
0.052
0.085
0.056
0.062
0.064
0.05
0.045
0.013
0.014
0.004
0.002
0
0.002
0.001
0
0.003
0.001
0.006
0.005
0.005
0.002
0
0.003
0
0.002
0.001
0.002
0.001
0.001
0.001
0.002
0.007
0.001
0.002
0.001
0.002
0.002
0.003
0.005
0
0.005
0.002
0.007
0.003
0.005
0.001
0.002
0.001
0.002
0.003
0.007
0.001
0.005
0.005
0.002
0.006
0.003
0.007
0.007
0.008
0.003
0.009
0.007
0.005
0.003
0.006
0.005
0.005
0.003
0.002
0.004
0.002
0.001
0.005
0.005
0.003
0.004
0.009
0.002
0.006
0.006
0.006
0.002
0.005
0.009
0.003
0.011
0.003
0.004
0.01
0.006
0.006
0.005
0.004
0.003
0.01
0.008
0.005
0.002
0.004
0.008
0.002
0.003
0.004
0.007
0.006
0.004
0.005
0.003
0.002
0.012
0.022
0.03
0.018
0.019
0.019
0.036
0.06
0.085
0.086
0.072
0.159
0.089
0.101
0.197
0.094
0.118
0.155
0.145
0.146
0.141
0.136
0.167
0.139
0.096
0.095
0.15
0.107
0.146
0.163
0.137
0.125
0.105
0.127
0.151
0.062
0.125
0.164
0.128
0.154
0.102
0.121
0.153
0.171
0.115
0.157
0.16
0.138
0.123
0.132
0.125
0.091
0.173
0.148
0.127
0.109
0.149
0.15
0.14
0.113
0.149
0.114
0.094
0.112
0.114
0.103
0.142
0.128
0.153
0.085
0.139
0.162
0.159
0.087
0.153
0.121
0.119
0.126
0.101
0.087
0.142
0.125
0.141
0.075
0.107
0.145
0.119
0.101
0.162
0.08
0.155
0.106
0.101
0.144
0.132
0.075
0.104
0.135
0.117
0.16
0.127
0.112
0.098
0.137
0.129
0.099
0.17
0.082
0.141
0.144
0.141
0.063
0.136
0.112
0.089
0.125
0.131
0.102
0.157
0.091
0.129
0.133
0.132
0.095
0.149
0.09
0.131
0.077
0.103
0.074
0.112
0.121
0.115
0.099
0.11
0.053
0.148
0.136
0.094
0.102
0.115
0.106
0.109
0.05
0.09
0.144
0.092
0.09
0.086
0.069
0.127
0.086
0.097
0.11
0.099
0.097
0.136
0.112
0.091
0.108
0.111
0.109
0.12
0.129
0.161
0.08
0.16
0.13
0.116
0.121
0.123
0.095
0.153
0.11
0.111
0.117
0.113
0.097
0.132
0.107
0.12
0.116
0.1
0.168
0.084
0.136
0.094
0.086
0.118
0.089
0.121
0.082
0.074
0.107
0.073
0.112
0.097
0.058
0.101
0.101
0.076
0.111
0.131
0.081
0.12
0.076
0.084
0.094
0.101
0.107
0.138
0.062
0.082
0.162
0.07
0.158
0.062
0.125
0.077
0.104
0.056
0.113
0.125
0.116
0.091
0.094
0.104
0.118
0.075
0.097
0.067
0.124
0.107
0.078
0.119
0.078
0.099
0.103
0.103
0.096
0.087
0.128
0.108
0.097
0.133
0.093
0.112
0.103
0.105
0.141
0.087
0.098
0.092
0.055
0.074
0.04
0.088
0.091
0.082
0.118
0.059
0.092
0.09
0.104
0.098
0.081
0.145
0.07
0.096
0.105
0.097
0.095
0.071
0.098
0.103
0.13
0.107
0.1
0.094
0.123
0.06
0.111
0.071
0.116
0.115
0.152
0.129
0.08
0.108
0.098
0.094
0.113
0.133
0.069
0.081
0.105
0.108
0.079
0.099
0.068
0.076
0.085
0.093
0.11
0.099
0.082
0.075
0.085
0.099
0.102
0.148
0.132
0.11
0.132
0.089
0.123
0.072
0.087
0.093
0.127
0.086
0.104
0.102
0.117
0.14
0.08
0.108
0.116
0.111
0.085
0.095
0.084
0.131
0.062
0.084
0.111
0.081
0.117
0.099
0.102
0.111
0.076
0.098
0.064
0.059
0.118
0.097
0.069
0.103
0.073
0.1
0.06
0.072
0.08
0.104
0.131
0.091
0.1
0.084
0.088
0.08
0.092
0.066
0.108
0.081
0.07
0.09
0.045
0.101
0.128
0.087
0.113
0.121
0.127
0.044
0.104
0.133
0.09
0.093
0.123
0.107
0.09
0.099
0.069
0.059
0.138
0.063
0.118
0.071
0.082
0.103
0.09
0.107
0.111
0.111
0.079
0.097
0.065
0.063
0.084
0.052
0.098
0.077
0.086
0.067
0.075
0.081
0.11
0.089
0.115
0.078
0.083
0.083
0.095
0.07
0.062
0.039
0.03
0.04
0.027
0.015
0.007
0.001
0.003
0
0.003
0.004
0.002
0.001
0.002
0.002
0.002
0.002
0.002
0.004
0.002
0.002
0.007
0.002
0.006
0.002
0.001
0.004
0.002
0.001
0.003
0.003
0.005
0.003
0.002
0
0
0.002
0.001
0.002
0.002
0.002
0.004
0.003
0.003
0.004
0.003
0.004
0.008
0.002
0
0.003
0.002
0.003
0.004
0.006
0.002
0.001
0.001
0.003
0.004
0
0.004
0.003
0.006
0.006
0.005
0.008
0.01
0.005
0.002
0.008
0.003
0.003
0.003
0.004
0.006
0.002
0.008
0.008
0.012
0.006
0.008
0.007
0.002
0.01
0.007
0.003
0.008
0.011
0.007
0
0.003
0.001
0.004
0.003
0.001
0.008
0.01
0.006
0.003
0.004
0.004
0.004
0.003
0.007
0.011
0.007
0.013
0.026
0.024
0.022
0.026
0.024
0.047
0.047
0.114
0.087
0.084
0.114
0.18
0.071
0.149
0.118
0.121
0.113
0.155
0.117
0.147
0.116
0.13
0.151
0.112
0.107
0.1
0.13
0.155
0.115
0.126
0.157
0.124
0.148
0.12
0.154
0.157
0.117
0.139
0.158
0.119
0.148
0.141
0.137
0.149
0.127
0.14
0.131
0.081
0.186
0.106
0.148
0.104
0.155
0.101
0.141
0.129
0.148
0.119
0.167
0.095
0.062
0.128
0.104
0.188
0.11
0.145
0.096
0.13
0.145
0.133
0.208
0.087
0.133
0.177
0.071
0.128
0.141
0.092
0.144
0.11
0.098
0.099
0.093
0.115
0.114
0.137
0.136
0.094
0.134
0.121
0.142
0.139
0.149
0.085
0.123
0.122
0.142
0.14
0.081
0.16
0.106
0.11
0.11
0.137
0.135
0.1
0.105
0.096
0.146
0.134
0.1
0.122
0.134
0.091
0.13
0.094
0.116
0.135
0.129
0.132
0.115
0.095
0.117
0.098
0.104
0.098
0.128
0.098
0.113
0.11
0.129
0.121
0.115
0.131
0.147
0.119
0.117
0.132
0.105
0.095
0.129
0.128
0.083
0.115
0.111
0.119
0.102
0.145
0.132
0.088
0.058
0.094
0.11
0.142
0.065
0.087
0.118
0.085
0.121
0.108
0.105
0.079
0.191
0.066
0.141
0.11
0.098
0.09
0.107
0.119
0.09
0.094
0.171
0.063
0.138
0.118
0.119
0.085
0.133
0.118
0.134
0.114
0.1
0.129
0.084
0.083
0.135
0.064
0.099
0.139
0.117
0.097
0.097
0.094
0.15
0.096
0.133
0.099
0.082
0.098
0.08
0.08
0.083
0.062
0.072
0.084
0.115
0.086
0.075
0.094
0.089
0.091
0.085
0.102
0.106
0.154
0.135
0.067
0.091
0.121
0.13
0.182
0.052
0.119
0.08
0.095
0.124
0.055
0.092
0.102
0.102
0.055
0.082
0.074
0.066
0.088
0.076
0.068
0.082
0.103
0.118
0.091
0.112
0.108
0.088
0.096
0.096
0.114
0.094
0.122
0.093
0.099
0.098
0.095
0.062
0.091
0.108
0.074
0.116
0.084
0.115
0.112
0.126
0.058
0.174
0.06
0.135
0.141
0.092
0.097
0.088
0.122
0.053
0.087
0.092
0.08
0.105
0.085
0.109
0.078
0.099
0.107
0.095
0.081
0.089
0.094
0.1
0.121
0.07
0.072
0.059
0.082
0.058
0.054
0.07
0.048
0.028
0.025
0.06
0.027
0.008
0
0.003
0.001
0.003
0.003
0.004
0.004
0.002
0.003
0.003
0.005
0.005
0.005
0.006
0.005
0.003
0.004
0.003
0.002
0.004
0.003
0.003
0.006
0.003
0.003
0.001
0.001
0.005
0.003
0.001
0.004
0.006
0.003
0.002
0.002
0.002
0.005
0.002
0.001
0.003
0.003
0.004
0.005
0.002
0.001
0.003
0.008
0.003
0.007
0.007
0.007
0.007
0.001
0.002
0.005
0.006
0.003
0.002
0.005
0.004
0.013
0.007
0.001
0.004
0.01
0.008
0.006
0.004
0.005
0.006
0.003
0.008
0.008
0.004
0.002
0.008
0.004
0.006
0.001
0.01
0.009
0.006
0.015
0.006
0.005
0.004
0.004
0.008
0.002
0.004
0.01
0.004
0.007
0.002
0.007
0.006
0.007
0.008
0.004
0.005
0.008
0.004
0.007
0.005
0.001
0.004
0.012
0.006
0.023
0.015
0.017
0.019
0.008
0.011
0.005
0.009
0.015
0.02
0.02
0.035
0.021
0.043
0.101
0.095
0.121
0.081
0.151
0.151
0.132
0.169
0.123
0.164
0.132
0.144
0.146
0.106
0.155
0.123
0.143
0.132
0.119
0.139
0.152
0.121
0.167
0.136
0.133
0.154
0.17
0.123
0.153
0.089
0.187
0.109
0.126
0.16
0.122
0.127
0.148
0.124
0.111
0.146
0.14
0.127
0.143
0.149
0.145
0.112
0.175
0.109
0.123
0.153
0.102
0.188
0.109
0.121
0.135
0.121
0.102
0.096
0.162
0.137
0.139
0.126
0.138
0.143
0.14
0.117
0.14
0.14
0.113
0.126
0.114
0.095
0.137
0.091
0.154
0.126
0.108
0.185
0.099
0.111
0.138
0.1
0.151
0.137
0.11
0.144
0.098
0.098
0.124
0.094
0.103
0.175
0.132
0.092
0.192
0.057
0.146
0.128
0.104
0.171
0.098
0.114
0.146
0.134
0.099
0.098
0.166
0.127
0.137
0.112
0.113
0.133
0.106
0.115
0.051
0.12
0.112
0.096
0.118
0.157
0.092
0.122
0.143
0.102
0.085
0.149
0.104
0.121
0.15
0.133
0.091
0.095
0.142
0.105
0.104
0.126
0.171
0.089
0.178
0.122
0.13
0.127
0.082
0.125
0.106
0.127
0.094
0.117
0.102
0.119
0.146
0.093
0.104
0.135
0.09
0.118
0.145
0.144
0.086
0.103
0.085
0.194
0.076
0.119
0.141
0.13
0.139
0.171
0.071
0.087
0.148
0.068
0.121
0.096
0.109
0.111
0.087
0.141
0.078
0.078
0.126
0.133
0.09
0.094
0.128
0.118
0.113
0.081
0.087
0.099
0.094
0.105
0.133
0.087
0.091
0.133
0.141
0.091
0.063
0.152
0.108
0.091
0.101
0.11
0.111
0.093
0.1
0.095
0.105
0.107
0.081
0.127
0.119
0.099
0.137
0.146
0.094
0.12
0.104
0.084
0.119
0.131
0.079
0.145
0.086
0.129
0.12
0.128
0.09
0.081
0.052
0.146
0.081
0.112
0.079
0.09
0.124
0.1
0.08
0.095
0.143
0.083
0.09
0.114
0.069
0.091
0.072
0.087
0.12
0.094
0.072
0.087
0.071
0.081
0.04
0.073
0.066
0.072
0.054
0.048
0.038
0.031
0.039
0.02
0.011
0.01
0.009
0.009
0.006
0.005
0.005
0.003
0.001
0.005
0.004
0.003
0.002
0
0.002
0.008
0.002
0
0.003
0.002
0.004
0.005
0.005
0.002
0.004
0.005
0.003
0.003
0.002
0.007
0.01
0.003
0.001
0.002
0.004
0.004
0.004
0.003
0.003
0.008
0.001
0.002
0.005
0.003
0.001
0.001
0
0.004
0.007
0.002
0.008
0.001
0.004
0.005
0.003
0
0
0.005
0.007
0.008
0.008
0
0.004
0.004
0.004
0.005
0.002
0.006
0
0.003
0.006
0.003
0.001
0.006
0.001
0.002
0.008
0.006
0.005
0.005
0.004
0.012
0.004
0.012
0.008
0.004
0.005
0.001
0.006
0.008
0.006
0.008
0.015
0.021
0.033
0.044
0.061
0.082
0.135
0.109
0.133
0.168
0.109
0.142
0.092
0.123
0.162
0.127
0.134
0.134
0.105
0.164
0.161
0.099
0.197
0.116
0.121
0.137
0.14
0.09
0.116
0.169
0.149
0.142
0.109
0.134
0.121
0.114
0.18
0.101
0.079
0.143
0.147
0.086
0.134
0.146
0.12
0.118
0.111
0.125
0.069
0.152
0.167
0.101
0.133
0.122
0.133
0.091
0.127
0.122
0.167
0.12
0.122
0.11
0.151
0.119
0.109
0.116
0.101
0.124
0.112
0.135
0.163
0.143
0.087
0.143
0.094
0.157
0.114
0.149
0.113
0.14
0.106
0.084
0.134
0.138
0.13
0.138
0.095
0.129
0.122
0.175
0.139
0.113
0.149
0.096
0.131
0.093
0.143
0.144
0.116
0.104
0.097
0.113
0.089
0.122
0.11
0.138
0.124
0.127
0.095
0.165
0.139
0.119
0.095
0.139
0.123
0.127
0.122
0.085
0.107
0.089
0.123
0.119
0.114
0.077
0.139
0.118
0.115
0.129
0.121
0.127
0.139
0.102
0.104
0.139
0.143
0.112
0.068
0.104
0.13
0.113
0.1
0.121
0.078
0.141
0.154
0.079
0.141
0.097
0.114
0.085
0.12
0.104
0.117
0.097
0.105
0.107
0.082
0.104
0.119
0.077
0.163
0.092
0.102
0.106
0.072
0.119
0.077
0.127
0.123
0.108
0.098
0.095
0.113
0.098
0.078
0.148
0.11
0.138
0.126
0.096
0.131
0.078
0.115
0.102
0.163
0.094
0.088
0.097
0.127
0.094
0.105
0.111
0.095
0.136
0.119
0.115
0.12
0.107
0.103
0.063
0.122
0.067
0.146
0.082
0.094
0.098
0.132
0.109
0.105
0.105
0.127
0.12
0.071
0.151
0.081
0.095
0.103
0.09
0.072
0.057
0.071
0.079
0.088
0.064
0.131
0.101
0.123
0.11
0.131
0.09
0.127
0.07
0.079
0.082
0.048
0.089
0.062
0.083
0.076
0.094
0.09
0.1
0.111
0.102
0.11
0.131
0.086
0.118
0.081
0.073
0.087
0.094
0.131
0.082
0.104
0.095
0.074
0.139
0.07
0.109
0.107
0.102
0.096
0.077
0.071
0.108
0.11
0.092
0.125
0.087
0.119
0.106
0.092
0.138
0.073
0.083
0.09
0.12
0.092
0.155
0.091
0.139
0.09
0.14
0.094
0.106
0.093
0.117
0.088
0.118
0.136
0.07
0.078
0.067
0.096
0.107
0.111
0.101
0.118
0.085
0.13
0.062
0.103
0.098
0.096
0.093
0.083
0.108
0.088
0.097
0.082
0.108
0.08
0.128
0.099
0.091
0.081
0.138
0.107
0.113
0.086
0.1
0.114
0.084
0.113
0.105
0.122
0.104
0.072
0.095
0.108
0.09
0.098
0.108
0.089
0.058
0.09
0.079
0.099
0.073
0.048
0.038
0.083
0.055
0.063
0.061
0.069
0.067
0.065
0.089
0.074
0.116
0.123
0.119
0.107
0.08
0.119
0.101
0.115
0.11
0.068
0.097
0.118
0.083
0.083
0.089
0.091
0.1
0.088
0.114
0.068
0.104
0.068
0.054
0.042
0.046
0.052
0.039
0.028
0.007
0.003
0.007
0
0.003
0.004
0.002
0.005
0.001
0.002
0.001
0.002
0.006
0.003
0.007
0.006
0.002
0.001
0.004
0.002
0.004
0.003
0.001
0.002
0.001
0.002
0.002
0.004
0.002
0
0.005
0.003
0.001
0.004
0.003
0.001
0.002
0.004
0
0.003
0.005
0.002
0.006
0.005
0.001
0.005
0
0.009
0.006
0.004
0.005
0.001
0.01
0.002
0.001
0.004
0.007
0.006
0.003
0.002
0
0.002
0.001
0.008
0.002
0.002
0
0.003
0.007
0.002
0
0.003
0.006
0.005
0.003
0.004
0.003
0.009
0.005
0.006
0.009
0.004
0.005
0.01
0.004
0.004
0.003
0.003
0.002
0.004
0.006
0.006
0.003
0.004
0.003
0.004
0.005
0.004
0.011
0.018
0.009
0.002
0.011
0.009
0.016
0.005
0.01
0.012
0.032
0.037
0.05
0.088
0.095
0.1
0.103
0.157
0.099
0.139
0.123
0.143
0.105
0.158
0.099
0.17
0.152
0.108
0.126
0.136
0.103
0.121
0.139
0.153
0.188
0.1
0.138
0.121
0.169
0.1
0.144
0.101
0.16
0.132
0.154
0.138
0.109
0.119
0.161
0.097
0.129
0.13
0.123
0.129
0.122
0.141
0.108
0.147
0.155
0.13
0.11
0.159
0.088
0.102
0.236
0.098
0.092
0.173
0.113
0.137
0.107
0.141
0.122
0.123
0.094
0.141
0.129
0.096
0.118
0.14
0.136
0.148
0.142
0.086
0.142
0.134
0.124
0.097
0.149
0.113
0.106
0.112
0.16
0.123
0.147
0.149
0.123
0.079
0.12
0.121
0.126
0.105
0.127
0.116
0.142
0.127
0.116
0.118
0.142
0.125
0.13
0.076
0.132
0.128
0.108
0.125
0.125
0.116
0.088
0.072
0.14
0.113
0.139
0.104
0.077
0.1
0.156
0.097
0.124
0.153
0.091
0.134
0.145
0.118
0.157
0.091
0.119
0.107
0.055
0.126
0.121
0.095
0.075
0.126
0.097
0.112
0.103
0.149
0.114
0.102
0.105
0.116
0.122
0.1
0.078
0.106
0.078
0.127
0.093
0.11
0.132
0.119
0.123
0.122
0.095
0.123
0.09
0.13
0.098
0.147
0.169
0.086
0.134
0.12
0.081
0.165
0.081
0.093
0.097
0.127
0.151
0.106
0.131
0.124
0.105
0.108
0.086
0.106
0.129
0.107
0.118
0.119
0.106
0.139
0.096
0.114
0.194
0.115
0.085
0.144
0.143
0.099
0.089
0.099
0.164
0.142
0.064
0.088
0.123
0.114
0.134
0.107
0.13
0.1
0.112
0.123
0.104
0.062
0.107
0.127
0.079
0.109
0.096
0.092
0.102
0.099
0.115
0.107
0.054
0.103
0.084
0.087
0.101
0.065
0.096
0.085
0.082
0.115
0.081
0.085
0.112
0.122
0.08
0.125
0.098
0.113
0.078
0.12
0.093
0.087
0.092
0.107
0.076
0.127
0.095
0.132
0.093
0.071
0.075
0.087
0.1
0.067
0.106
0.097
0.072
0.131
0.061
0.135
0.117
0.093
0.124
0.128
0.073
0.097
0.125
0.133
0.112
0.148
0.04
0.121
0.095
0.064
0.075
0.077
0.085
0.129
0.089
0.133
0.108
0.075
0.072
0.103
0.134
0.07
0.123
0.077
0.089
0.086
0.049
0.045
0.057
0.075
0.062
0.1
0.065
0.084
0.101
0.097
0.052
0.101
0.086
0.095
0.043
0.072
0.036
0.03
0.023
0.011
0.007
0.007
0.007
0.004
0.001
0.001
0.005
0.002
0
0.003
0.001
0.001
0.002
0.006
0.001
0.003
0.004
0.003
0.002
0.005
0.003
0.002
0.004
0.002
0.005
0.003
0.004
0.003
0.006
0.003
0.002
0.006
0.004
0.004
0.003
0.001
0.004
0.001
0.002
0.007
0.003
0.003
0.005
0.005
0.002
0.006
0.01
0.006
0.002
0.005
0.002
0.005
0.004
0.002
0.01
0.009
0.004
0.009
0.002
0.015
0.006
0.005
0.004
0.007
0.003
0.005
0.005
0.004
0.001
0.005
0.003
0.013
0.013
0.005
0.012
0.007
0.008
0.007
0.001
0.004
0.006
0.004
0.004
0.002
0.006
0.007
0.001
0.008
0.006
0.003
0.006
0.012
0.015
0.035
0.009
0.012
0.011
0.009
0.013
0.007
0.007
0.009
0.014
0.021
0.025
0.014
0.008
0.009
0.006
0.009
0.001
0.013
0.015
0.013
0.022
0.01
0.006
0.011
0.002
0.013
0.025
0.022
0.007
0.034
0.021
0.016
0.023
0.023
0.024
0.047
0.07
0.097
0.123
0.11
0.13
0.152
0.118
0.127
0.111
0.16
0.097
0.177
0.12
0.132
0.173
0.117
0.123
0.164
0.161
0.174
0.143
0.141
0.124
0.142
0.162
0.125
0.11
0.131
0.14
0.132
0.137
0.122
0.11
0.176
0.133
0.15
0.136
0.117
0.094
0.149
0.134
0.137
0.187
0.075
0.123
0.137
0.15
0.115
0.138
0.147
0.131
0.09
0.119
0.077
0.155
0.147
0.09
0.152
0.092
0.159
0.115
0.082
0.128
0.129
0.127
0.144
0.103
0.119
0.118
0.124
0.106
0.143
0.141
0.094
0.103
0.137
0.1
0.12
0.141
0.089
0.109
0.17
0.159
0.111
0.156
0.112
0.164
0.146
0.116
0.119
0.088
0.158
0.123
0.149
0.077
0.135
0.151
0.094
0.132
0.136
0.109
0.147
0.076
0.113
0.155
0.161
0.118
0.118
0.116
0.146
0.103
0.132
0.112
0.135
0.146
0.174
0.147
0.097
0.121
0.11
0.104
0.131
0.118
0.115
0.137
0.101
0.129
0.096
0.082
0.117
0.118
0.116
0.062
0.122
0.159
0.153
0.094
0.075
0.147
0.103
0.083
0.165
0.129
0.107
0.168
0.115
0.053
0.14
0.107
0.137
0.066
0.11
0.116
0.094
0.13
0.091
0.062
0.128
0.102
0.135
0.111
0.115
0.125
0.093
0.151
0.063
0.101
0.123
0.137
0.087
0.122
0.108
0.123
0.115
0.106
0.1
0.124
0.097
0.138
0.113
0.09
0.107
0.094
0.107
0.114
0.108
0.126
0.116
0.066
0.1
0.103
0.105
0.117
0.112
0.071
0.118
0.12
0.067
0.08
0.114
0.112
0.079
0.124
0.1
0.132
0.087
0.075
0.086
0.129
0.099
0.114
0.103
0.123
0.119
0.109
0.088
0.103
0.149
0.096
0.121
0.104
0.133
0.111
0.098
0.114
0.116
0.102
0.079
0.077
0.106
0.101
0.109
0.099
0.135
0.141
0.093
0.11
0.11
0.106
0.092
0.088
0.117
0.081
0.081
0.112
0.118
0.107
0.075
0.064
0.086
0.128
0.085
0.1
0.089
0.135
0.081
0.1
0.14
0.091
0.117
0.078
0.127
0.136
0.068
0.125
0.134
0.073
0.078
0.121
0.078
0.084
0.117
0.085
0.098
0.097
0.119
0.075
0.129
0.098
0.079
0.065
0.122
0.083
0.077
0.138
0.115
0.104
0.154
0.065
0.095
0.08
0.151
0.089
0.076
0.065
0.118
0.091
0.12
0.09
0.123
0.123
0.052
0.109
0.071
0.146
0.091
0.14
0.086
0.099
0.128
0.094
0.123
0.125
0.119
0.084
0.065
0.132
0.12
0.075
0.048
0.106
0.069
0.115
0.076
0.133
0.096
