0.559
0.357
0.357
0.361
0.404
0.305
0.346
0.378
0.315
0.404
0.361
0.297
0.282
0.38
0.304
0.326
0.247
0.344
0.302
0.276
0.298
0.254
0.328
0.297
0.272
0.261
0.271
0.241
0.267
0.254
0.283
0.248
0.271
0.237
0.238
0.279
0.274
0.221
0.242
0.228
0.207
0.263
0.262
0.194
0.243
0.228
0.258
0.224
0.173
0.228
0.268
0.215
0.214
0.212
0.266
0.205
0.202
0.234
0.25
0.205
0.177
0.244
0.229
0.188
0.228
0.225
0.228
0.154
0.266
0.188
0.267
0.167
0.229
0.196
0.244
0.169
0.204
0.234
0.223
0.186
0.211
0.226
0.235
0.165
0.21
0.232
0.187
0.2
0.24
0.164
0.238
0.169
0.223
0.206
0.216
0.209
0.19
0.222
0.192
0.21
