0.324
0.302
0.346
0.296
0.317
0.233
0.286
0.32
0.255
0.25
0.287
0.269
0.305
0.308
0.255
0.243
0.228
0.262
0.259
0.348
0.242
0.34
0.296
0.298
0.327
0.242
0.319
0.402
0.292
0.283
0.313
0.296
0.276
0.27
0.3
0.238
0.285
0.331
0.315
0.242
0.318
0.293
0.341
0.258
0.31
0.306
0.277
0.277
0.335
0.285
0.264
0.319
0.255
0.287
0.306
0.253
0.327
0.195
0.321
0.274
0.367
0.307
0.318
0.296
0.312
0.307
0.277
0.289
0.252
0.289
0.289
0.261
0.294
0.271
0.246
0.289
0.305
0.296
0.245
0.291
0.276
0.251
0.329
0.279
0.298
0.339
0.326
0.247
