-1.05079
0.155432
0.524291
-0.713816
0.260145
-0.212486
-0.735252
0.228921
-0.490255
-2.94925
-1.37169
-1.99153
-1.08774
0.110702
-1.81124
-1.96958
-1.50536
-1.05655
0.286013
-1.16199
-1.867
-2.11363
-1.11132
-0.88052
-1.50445
0.0967237
-0.09232
0.328731
-0.515997
-0.404123
-0.00169397
-0.295995
-0.364928
0.352452
-1.18496
0.19466
-0.354556
-1.70983
-0.0253947
-0.241887
0.346224
-0.0359407
-2.02164
0.107825
0.110689
0.372549
-0.643136
-1.05054
-0.0822377
-0.823537
-0.33221
-0.0413413
-0.676635
-0.779056
0.664691
-2.02963
-0.981557
-2.56699
-1.18861
0.153821
0.263616
-0.521846
0.0658591
-1.98865
-0.981618
-0.0303111
-0.815695
-0.400562
-0.918509
-0.594293
-0.936241
-0.878046
-0.0323946
-0.975988
-1.47797
-0.354816
0.000969343
-1.6077
-1.72009
0.339532
-0.108347
-0.0374321
-0.97569
-1.86226
-0.587149
-0.429483
0.131579
-1.95493
0.16132
-3.107
-0.214313
-0.71065
0.147805
-0.915803
-0.106468
-1.09379
-0.601795
-1.16367
-0.966877
-1.14181
-0.328074
-1.30794
0.616846
0.225997
-0.301876
0.329166
-1.58724
-1.02035
-0.245426
-0.608304
-1.47344
-2.44956
-1.71558
0.0869326
-0.214756
-0.99195
0.067293
0.00888331
-0.121092
-1.13636
-2.23303
-1.35655
-1.13004
-1.27345
-0.557804
-0.35911
0.386357
0.143613
-0.559151
-0.172714
0.0305524
-0.981378
0.464433
-0.333643
0.421403
-1.84037
-0.221686
-0.035413
-1.13122
0.436296
-0.473089
-1.66335
0.822291
-0.258124
-0.258893
-0.663261
-0.0883096
-0.394773
0.282708
-1.19401
-0.443025
-2.07541
-0.929327
-0.557837
-0.893787
-0.193635
-1.07377
-1.6779
0.373767
-1.76348
-0.0137051
0.423957
-0.140255
-0.172469
0.127493
-0.0269178
0.334863
-0.177916
-0.0910828
-0.117603
-0.572364
-0.111532
0.350205
-1.04031
-0.71108
-2.35724
-0.430919
-0.187682
0.0516793
-1.14167
-0.619376
-1.70998
-0.190515
0.102418
-0.261015
0.00777183
-1.42483
-1.20956
0.136101
-0.630543
-2.35334
-1.34509
-0.0692991
-0.820656
-0.369019
-0.239891
-0.703206
-1.10277
-0.693196
0.204128
-0.690254
0.0789856
0.273417
-1.01452
-0.239288
0.0671438
-0.226117
-0.707352
-0.988824
-0.490615
0.563603
-1.0467
-0.479325
0.400827
-0.0451025
0.182715
-0.613562
0.124273
-1.11442
-0.543233
-0.330137
-1.19025
-0.641233
-1.64947
-0.909275
-0.56088
-0.785389
-0.996593
0.483755
-2.0483
-0.113677
0.0210592
0.182428
0.608084
-0.226819
-0.0302214
-2.51589
-0.82939
-0.632209
0.301019
0.49692
-1.53902
-0.061916
-0.0928144
-0.229716
-0.512208
-2.40301
0.0760814
0.00877314
0.00246963
-1.99596
0.446961
-0.236844
-1.44218
0.0548034
-1.70455
-1.16021
0.100904
-0.846801
0.467641
0.226849
-1.04553
-0.0149522
-0.869957
0.398488
0.175741
-0.43123
-1.48811
0.330005
0.259708
-1.21051
0.504596
0.165469
0.683029
0.13797
0.155538
0.243893
-0.279025
0.0216023
0.137579
-0.370135
-1.82356
0.534591
-0.3864
0.162464
0.534663
0.448112
0.287941
0.0589426
-0.387487
0.151909
-0.448883
-2.16601
-0.105913
-1.96976
-0.258136
-0.0801531
-0.114231
-0.81586
0.0577255
-0.382033
-0.0142721
0.0881455
0.0744861
-1.81131
-0.805419
0.509069
0.215487
-0.107766
0.508727
0.0289198
-1.20484
-2.31279
-0.0983627
-0.121256
0.137912
-0.304451
-0.567639
-0.069224
0.2112
0.325487
-0.268595
0.293198
-1.11974
-0.115597
-0.683751
-0.441344
-0.255731
0.355027
0.502762
-0.253868
-1.03238
0.133006
-0.224216
0.280725
0.203987
0.204997
0.697035
-0.24121
-1.19549
-2.39607
-1.13733
-0.805752
-0.367661
-0.000450228
-1.24648
-0.226959
-0.0984731
-0.747461
-1.56269
-0.341426
-0.0197157
-1.83049
-1.81658
0.224404
-0.180504
0.219156
-0.333837
-2.13458
-1.46161
-1.68421
0.213756
0.429943
-1.59496
-0.402452
0.0304549
-1.34143
-0.907497
0.199703
0.389202
-0.605479
-0.213027
-0.72033
0.0834527
0.403198
-1.20451
-0.130429
-0.0366812
0.388639
-1.6232
-0.235791
0.335635
-0.0480168
-0.556807
0.369456
-1.04055
-1.90781
0.0198249
-0.106039
-1.488
-0.2926
0.434206
-0.380459
-0.45439
-1.63888
-0.104634
0.541107
-0.525005
0.106716
-0.808265
-1.26042
-0.827671
-2.16485
-1.07366
-0.439288
-2.10652
-0.0505597
-0.11772
0.135905
0.487233
-1.98746
0.117166
-0.113099
-1.14827
0.0216971
-1.34901
-1.45948
-0.78466
-1.17968
-0.63213
-0.951544
-1.0019
-0.78722
-0.224502
0.142051
-0.220791
-1.32385
-1.47615
-1.07055
-0.14615
0.0702499
0.40551
0.500588
-0.680627
-0.224749
-0.429385
0.110701
0.297632
-1.09294
-0.643002
-0.71767
0.0134145
-1.1878
-0.734171
-1.21567
-1.02613
0.477866
0.263415
-1.08646
-1.10196
-1.05957
-0.366695
-0.946308
0.0577006
-1.45869
-0.257027
0.351896
-0.92062
-1.44311
-3.0425
-1.13799
-0.371443
-1.11054
-0.486775
-0.636389
-0.760887
-1.61614
-3.1341
-0.128592
-0.88354
-1.50082
-0.399742
0.109239
0.231603
-0.447984
-0.472173
-0.633533
-0.456022
-1.58701
0.414397
0.598357
-0.627974
0.597026
-0.324341
0.670449
-1.65878
-0.772108
-2.1201
-0.227856
-0.0820344
0.159798
-0.249088
-0.900922
0.116726
0.255929
-2.1231
-0.181213
0.0982403
-2.35596
0.376531
-1.10192
0.0477465
0.34597
-2.83118
-0.109296
-0.511359
0.0684465
0.42713
-1.15648
-1.52967
-1.58393
-2.14368
-0.630058
-2.8052
0.487865
0.371052
0.545765
0.0171844
-1.42732
-1.16634
-1.48745
-0.448827
-0.486277
-1.34033
-0.00183614
-1.7788
-1.50402
0.323678
0.252966
0.374771
0.146468
-0.523143
-0.00691027
-2.40292
-0.440974
-0.24725
-0.387256
-0.973812
-0.238129
-0.174964
-0.933152
0.273049
-0.498276
-0.752754
-0.550194
0.583538
-0.103497
0.178996
0.287781
-0.717265
-0.262201
0.355324
-0.831298
-0.163265
-0.0243162
-0.572369
-0.272278
0.450579
0.365506
-0.38595
0.659405
-0.401912
-0.446673
-1.75591
-0.977421
-0.0926408
0.741452
0.256814
-1.27245
-0.495509
-1.29314
0.20377
-0.659613
-2.98328
-0.37521
-0.840399
-0.0508999
-0.324022
-1.27023
-0.931928
0.275461
-0.231183
-2.09863
-0.142298
-0.741529
-0.0559459
-1.14367
0.342882
-1.65464
-0.293151
-0.573704
-0.684528
-2.02804
-0.7317
-0.0957218
-0.304213
0.276888
-1.69067
-0.958641
-1.77128
-0.996382
-1.15088
0.28621
-0.103155
-0.0545506
-1.73877
-0.15676
-0.405286
0.328542
-0.944374
0.391374
-0.417644
-2.07487
0.598806
-0.333102
-0.363028
-0.974474
0.215153
-0.00924269
-0.385108
-0.105869
0.237901
-0.854865
0.309049
-0.330921
0.679886
-1.14847
-1.13161
0.0314196
-0.467623
-0.916255
-0.401442
-0.741199
-0.114813
-1.33307
-1.18803
0.220145
-2.12902
-2.27524
-0.519402
0.0532373
-0.976278
-0.388722
-0.499605
-0.782581
0.310498
-1.13902
-0.550764
-0.158992
0.371478
0.273979
0.199088
-1.05251
-0.680795
0.170868
0.146587
-0.11232
-2.16202
-0.746178
-0.889222
0.578564
-1.56934
0.190261
0.4088
-0.15175
-0.416093
-0.662889
-0.0449406
-2.17322
-1.56702
-0.162071
0.0127095
-1.04741
0.293479
-0.867157
-1.83456
-1.75586
-0.296376
-0.456308
-1.27418
-0.267433
-0.0267534
-0.332451
0.46506
0.287675
-0.517196
-1.15586
0.216248
-0.194156
-0.384761
-0.250922
-0.479674
-0.0771244
0.0164401
-0.629896
-2.13503
-1.1257
-1.21124
-1.02857
-0.831043
-0.0963217
-0.981656
-0.320732
0.24453
-0.71488
-0.43316
-1.21259
-1.4484
-2.53098
-0.677249
-2.1292
-1.5718
-1.07602
-0.584966
0.513056
0.0900441
0.0895768
-1.7345
-1.36129
-0.19461
0.412291
-0.589493
0.301412
-1.04725
-0.0478883
0.587897
-1.26783
-2.41845
0.203458
-0.603032
-1.0971
-1.10731
0.117365
0.275083
0.285781
-0.205794
0.0457705
-1.61725
-0.993803
-1.37113
-0.0137983
0.303696
0.432621
-0.60218
-0.561832
-2.67354
0.330275
-1.15607
-0.658497
0.383685
-0.486741
-1.06438
-0.482991
-0.824125
0.190845
-1.17134
-0.0781785
-0.643221
-0.136434
-0.566606
-2.04393
-0.0492452
0.515948
-0.822035
-0.234165
-0.594493
0.0671267
0.244488
-0.180962
0.217757
-0.292951
-1.55941
-1.04692
0.240742
-0.837177
-0.0851066
0.37199
0.129336
-1.1009
0.283886
-0.986533
0.0708449
-0.0977357
-0.568355
-1.51142
-0.819418
0.090148
-1.0981
0.250983
-0.637901
0.360069
-0.470567
-0.697224
-0.223822
0.307951
-0.0551888
0.0162471
-1.46772
-1.34494
-1.12425
-0.844714
-1.11239
-1.27461
-0.932945
-0.657935
-0.67352
-3.70984
-1.06861
0.0335537
-0.767418
-0.507306
-0.574637
-0.23552
-1.21752
-0.0699959
0.631616
0.117542
0.112427
-1.29562
-2.46178
-0.619593
-1.38931
0.176935
0.201065
-2.57443
-0.463374
-0.0285058
-0.409518
-1.30604
-1.50468
0.629611
0.076432
-1.04077
-1.94446
-1.81138
-1.58993
-0.182855
-0.0471608
0.331572
-0.336908
-0.292558
-1.14638
0.34697
-1.26897
-0.143232
0.376907
0.326913
-0.093501
-0.435891
-1.63636
-0.602668
-0.368291
-1.20093
-1.11518
-1.00334
-1.41296
-1.943
0.249078
-1.81735
-1.58306
-0.156138
-1.3589
-0.866679
0.110626
0.125728
-1.59516
-0.0537572
-0.233796
0.491199
-1.1869
-0.64249
-2.50948
-0.868498
-1.59082
-2.3114
0.297164
0.707867
0.039949
0.174353
-1.55777
-0.562316
-1.0544
-1.12661
-1.48954
-0.591159
-0.609176
0.294087
-0.17478
0.521044
-0.63029
0.16066
-0.149178
-0.218938
-1.55754
0.193868
-1.62106
-0.284004
0.62136
-0.744727
0.207275
-1.21285
-1.38808
-0.560687
-0.122364
0.634024
-1.08832
-1.79642
-1.75317
0.492749
0.160002
0.388757
-1.38725
-0.292315
-2.39612
0.156896
-0.723747
-0.990764
-1.86416
-0.353607
-0.369103
-1.99017
-0.013548
-1.49877
0.405437
-1.05095
-0.558861
-0.59274
-0.222979
-2.48954
0.113859
-1.03048
-0.539905
-0.358083
-0.42192
-0.419884
-1.23451
-0.832699
0.250905
-0.0764241
-0.18287
-0.226411
-1.45786
-1.67978
0.0501223
-0.882361
-1.16589
0.350753
0.347837
0.16671
-0.31925
-0.259294
0.672652
0.448776
-0.900296
-1.01405
-0.518553
0.0720469
-0.00611623
-1.95407
-1.28852
-0.82852
-1.14256
-1.81567
-1.4249
-1.89044
-1.53528
0.462018
-1.45736
-2.77969
-0.0895556
-1.03442
-1.23332
0.134203
-1.17016
-0.11111
-1.62718
-1.74885
-0.38347
-1.4792
-0.42497
-0.705542
-0.983384
-1.74048
-1.15121
0.137447
0.692194
-0.170578
0.458847
0.162608
0.408203
-0.62725
0.458997
0.267619
0.0613566
-0.158586
-1.81426
-0.318843
0.222291
-2.66541
0.127093
-1.04994
-0.266319
-1.49062
-0.249186
-0.832913
0.301289
-0.539641
0.0421204
-0.408066
0.221765
-0.207711
0.188464
-0.858274
-0.782856
-0.366784
-0.727061
0.0723076
-1.08899
-0.11378
-2.00319
-1.04553
-0.165673
-1.13743
0.46209
-0.28246
-0.402636
0.512741
-0.334372
0.264201
-0.905384
0.171734
0.102647
-0.477546
-0.0683419
-0.258255
-0.678043
0.0821826
0.629886
-0.188315
-1.32377
-0.963198
0.182754
-0.606217
-0.0919474
-0.712034
-1.05005
-1.17002
-0.66092
-0.435109
0.293881
0.367205
-0.359249
-0.414909
-0.180283
0.384338
0.133786
0.0955217
-0.0278607
-0.2252
-0.0914654
-0.0747007
-0.489078
0.535219
0.0873977
0.466265
0.269001
-1.37931
-0.172376
-1.78288
-0.931196
-0.676336
-2.01354
-0.641563
-1.26328
-0.938145
0.0177637
-0.361093
0.173283
0.280417
-0.38248
-0.0765672
-0.34323
0.205692
-0.794908
-1.25723
0.0325196
-1.22436
0.334086
-1.39962
-0.477266
-0.0334441
-0.245496
-0.038657
-1.05807
-0.60662
-0.180332
-1.15439
-0.336034
0.11079
0.0683851
0.286343
0.234959
-0.453966
-0.363247
-1.29595
-0.85015
-0.279893
0.322688
0.407552
0.0423964
0.0071216
-0.698318
0.20864
0.482392
-0.0711757
0.342947
-0.106163
-0.272263
0.35864
-0.438776
-0.813573
-1.17778
-0.68827
0.272317
0.343039
-0.43173
0.181692
-1.31045
-0.264622
-0.972237
-0.255575
-0.0801144
0.508502
-1.51307
-0.72611
-0.767222
-0.249911
-1.08386
-0.739377
0.294939
-0.0935229
-0.396772
0.095276
-0.31201
0.734489
-1.30725
-1.16597
-0.295244
-0.323918
-1.61615
0.0401821
0.252961
-0.129336
0.278536
-0.6394
-0.0566845
-0.784084
-0.107891
-0.826183
-0.758263
-1.90708
0.189012
0.478102
0.412997
-0.102035
-0.203045
-0.285191
-0.194977
-0.693474
-1.01912
-0.618821
-0.212027
-1.00832
-0.969369
-0.731989
0.354994
-0.579774
-0.54657
-0.81187
-0.189283
0.237454
-0.155896
-0.0576193
-0.116342
0.191831
-0.449981
-0.830303
-0.745134
0.113479
0.423416
-0.521985
-1.21136
-0.0933043
-0.422445
-1.06517
0.0263111
-1.18677
-1.04853
-0.189198
-0.0975472
-0.5637
-1.16645
-0.618586
-1.41337
-0.297772
0.15921
-0.426721
-0.505565
-0.566793
-0.23752
-0.130544
-0.0955068
-0.386269
-0.201281
-0.383735
-0.549356
-0.580893
0.311704
-0.809047
-0.778236
-0.0224783
-0.0561176
0.0541556
-1.06592
-0.72199
-0.95937
-0.934299
-0.61648
-0.651242
-1.27588
-0.667023
-0.494495
-0.61425
-0.264532
-0.347984
-0.807645
0.113656
-1.11693
-0.122318
-0.107344
-0.927417
0.134798
-0.227374
-0.388016
-0.526945
-0.131228
-1.4358
-1.03101
-1.80827
-1.01631
-0.772991
0.441922
-0.0938326
-1.08364
-0.610329
-0.578169
0.0976081
0.096404
-0.167914
0.313305
-0.74051
-0.38873
-0.584614
-1.69455
-0.805412
-0.195354
-0.888902
-0.867941
-1.74644
-0.17764
-0.972724
-1.2605
-0.682341
0.138801
-0.556985
0.362811
0.208567
-0.0673093
0.125284
-0.238885
-1.22588
-0.477497
0.00923521
-0.174607
0.557733
0.32709
-0.0973048
0.36252
-0.78412
0.211073
-0.131874
0.0863675
-0.200024
0.113041
-0.527673
-0.25731
-0.142177
-0.642459
-0.0793104
-0.498705
-0.634833
-0.827577
-0.0937523
-2.1439
0.328972
-0.315282
-1.84963
-0.10208
0.39745
0.0422717
0.124463
0.25802
-0.529243
-0.0579656
-0.306682
-0.368225
-0.796434
-0.751976
0.60935
-0.374492
-0.389846
0.230348
-1.72617
-0.167129
-0.0465842
-1.4937
-0.0222688
-0.765723
0.455219
-0.119555
-0.642988
-2.06529
0.159191
-0.00737383
-0.038374
0.190349
0.130586
0.400778
-0.446336
-0.181424
-1.475
-2.74463
-2.63464
-0.340543
-0.219592
0.13569
-0.690559
-1.87085
0.121846
0.359948
-0.0826486
-0.170836
-0.0246558
0.378849
-0.714605
0.0028173
-0.830772
-0.349112
0.0325824
0.0872339
-1.32526
-0.0274929
0.139761
0.346876
-1.33793
-0.153173
-0.575207
0.0910951
-0.00212563
-0.235527
-1.57936
-1.88768
-1.7815
0.480312
-2.5931
-1.32552
0.0155327
-0.236219
-0.748994
-1.50953
-0.125483
-0.0188775
-0.623411
-0.0609294
-0.0673439
-0.329733
-0.357783
-0.163962
-0.831357
-1.10293
-0.036612
0.00748712
-0.618756
0.0797533
0.48599
0.0523281
-0.119442
-0.392617
-0.195609
-0.561213
0.162342
-0.698186
0.451274
-0.529751
-0.792732
-0.00367133
-0.0101696
-0.397816
0.179362
-0.511357
-0.13125
0.137187
0.186215
-0.709412
-0.328449
0.0704297
-0.715077
0.286575
0.0362252
0.271914
0.670002
0.0414154
0.011942
-0.13651
-0.197784
-0.840689
-1.01951
0.351047
0.015091
0.0347224
0.223393
-0.316637
-3.74047
-1.15544
0.0294947
-0.245717
-0.646861
0.380078
-0.361874
0.166399
-1.46301
-0.33853
0.0636554
0.085817
-1.21843
0.109554
0.0259122
-0.135664
0.268905
-0.601855
-0.433211
-0.39971
-0.341128
0.555051
-0.602283
0.321724
-1.49043
-0.818009
0.327119
0.347486
-1.16646
0.0878915
-0.415087
-1.38684
-0.248383
-0.930717
-1.36599
-0.0343527
-0.477771
0.481646
0.334742
-0.165343
-0.0788932
-0.165185
-0.897803
-0.539679
-1.31766
0.303281
-0.404182
-0.0341375
-0.0915193
0.223109
-0.529021
-0.00902079
0.00782661
0.188568
-0.486125
-0.941385
0.362472
0.520977
-0.722639
-0.678091
0.128694
-0.215985
-1.19464
0.0709065
0.253428
0.268991
0.133678
-1.41152
-0.90155
-0.221933
0.373667
-0.350657
-0.523932
-0.441336
0.249895
0.44399
-0.30912
-0.785409
-0.380862
-0.398317
0.12455
0.556218
0.134484
-0.74206
-0.283119
-0.307611
-0.0165137
-1.2168
-1.35988
0.0662641
-0.611904
-0.940059
-0.137431
0.0858572
0.307767
-0.59612
-0.0451144
-1.17582
-1.91612
-1.71227
0.299219
-0.246771
-0.597653
-0.310926
-0.795969
0.300929
0.0343185
0.334353
-1.62693
-0.117269
-1.11987
0.0629003
-1.20412
-0.265826
0.217874
0.290503
-0.603718
-0.400712
-1.10587
0.39497
-2.06474
-0.263546
0.154747
0.443575
-0.538012
0.301568
-0.812725
-0.0750746
-0.137373
-0.27998
0.435457
-0.699058
-0.314377
-1.10145
-0.310269
-0.421768
-0.0750117
0.091006
-1.46777
-0.27782
0.154801
0.290024
-0.653777
-0.946201
-0.0292675
-0.85051
-0.714883
0.436932
-0.419566
-0.824694
-0.462068
-0.201545
0.0800986
-0.74448
-0.34557
0.187787
-0.378141
0.310922
-1.70406
0.117188
-0.140614
-0.326225
-1.25255
-1.62852
-0.443504
-0.725715
0.128268
-0.261588
-0.456366
-0.0918671
0.311173
-1.04678
-0.479579
0.111998
-0.335801
-0.0683069
-0.262925
-1.66949
-0.320743
0.196201
0.589314
-0.88924
0.376893
-0.988857
-2.02824
-0.719665
0.261564
0.210984
0.387191
-0.785788
0.474564
-0.178271
-0.881979
-1.537
-0.216255
-0.351718
-0.27316
0.122883
-1.09229
-0.109439
0.0191517
-1.07782
-1.29061
-0.220562
0.210525
-1.01146
-0.263906
-0.735984
-0.456423
-0.213991
0.224237
-0.274938
0.130523
-0.406137
0.331032
-2.77241
-0.0261735
-1.21191
0.0777451
-0.25472
0.0703704
0.52921
-0.09983
0.352648
0.33308
0.232556
-0.0985325
0.0930034
-0.445749
-1.01831
0.141319
-1.09406
0.0479601
0.136917
-0.109191
0.401982
0.469962
-0.530579
0.111205
-0.805419
0.257894
-0.875132
-0.742479
-1.07359
0.573392
-0.378399
-1.42956
-0.49124
0.104521
-0.203349
-1.30339
0.181666
0.0820871
-0.0335384
-0.111413
-0.182066
0.138172
0.025754
-0.956915
-0.0918607
-0.263266
-1.8502
-0.320088
-0.592644
-0.628077
-0.0582755
0.0765835
0.167973
-1.06796
0.0152196
-0.919167
0.514374
-0.619356
-0.436396
-1.97635
-1.43212
-0.87415
0.471975
-1.71664
-1.12957
-0.0875107
0.457053
0.229983
-1.731
0.0221519
0.159683
-0.416365
-0.560324
-0.475765
0.0122842
-0.060286
-0.437475
0.134406
0.517179
0.339495
0.314582
-0.178875
-0.119631
-0.823228
-0.221678
0.19416
-0.668199
-0.866685
0.324243
-0.649129
-0.451517
-2.00037
-0.757368
-0.289636
-0.922385
0.182928
-0.459623
-0.209058
0.11043
0.507034
-0.115708
-0.691666
0.477008
0.419795
0.0198859
0.117163
-0.0887839
-1.30204
0.267715
-0.165274
0.412608
-1.81017
0.472337
0.453934
-1.88322
0.0904116
-0.832313
-1.45069
-0.0514196
0.10478
0.0272402
0.355042
-1.25999
-0.752078
-1.3989
-1.23293
0.304591
-0.207862
-0.636798
-0.213832
-0.218739
-0.749409
-0.299423
-0.00448009
-0.222969
0.389792
-1.48253
-0.191202
-0.406955
-0.334875
-1.55009
-0.376759
0.549638
-2.47496
-0.0155198
-0.455323
-1.05217
0.0836376
-1.70626
-0.184332
-0.20705
-1.02279
-0.661969
-1.43901
-0.101809
-0.423708
-0.365119
-0.0744653
0.139134
0.00404582
-1.07413
0.14401
-0.575103
-0.489433
-1.26788
-0.0905018
-0.782751
-0.732155
0.0980928
-0.705409
-0.294069
-1.14254
-0.115398
-0.0122465
0.222289
-0.886277
0.495398
0.0781414
-0.501726
0.216068
0.0210038
-1.56702
-0.753375
-0.905057
-0.244888
-0.460706
0.0792175
-0.478952
0.157849
-0.0977291
-1.86538
-1.42372
0.203381
0.422039
0.0101319
-0.494525
-0.749156
0.131441
0.287595
-0.0357741
-0.573649
-2.29473
-0.633669
-1.7242
0.35207
-0.686487
0.145479
-0.309115
-0.0267848
-0.472807
0.576991
-0.798565
0.553698
-0.699608
-0.650099
-0.059326
-1.15501
0.104761
-1.45186
-0.43493
-1.03722
0.293239
-0.271232
-1.48811
-1.6191
-1.01395
0.135057
-0.726679
-0.358845
-0.0828216
0.390266
0.319689
-0.0368575
0.204087
-0.460225
0.612903
0.0240737
-1.30495
-1.31538
-1.14282
0.119342
-2.17729
-0.448899
0.107489
-0.475559
0.148854
-0.565338
0.13475
0.0461007
0.32252
0.370121
0.4889
-0.199611
-0.0237114
-1.56258
-1.53017
-0.472555
0.636826
-0.270263
-0.163366
0.552538
-0.295493
-0.608854
0.148263
-1.42677
-0.427146
-0.0142089
-0.147638
0.192999
-0.0612936
0.222779
-0.624572
-0.238232
-0.16161
-0.0425391
0.00187765
-0.476503
-0.258276
-0.860608
-1.10438
-1.30644
-0.221889
0.0755857
-1.81554
0.0276092
-0.0922874
0.17967
-0.05592
0.167394
0.499795
-0.531923
0.0678303
-1.28212
-1.83649
-0.247094
0.203171
-0.815301
-1.62898
0.193818
0.256639
-0.617079
0.353603
-0.505782
0.379386
-1.06877
-0.579822
-0.0725327
-0.153372
-0.419205
-0.00477094
-0.363415
0.288068
-1.83188
0.0268525
0.166484
-1.81356
0.0156217
0.0979758
-0.846002
-0.412835
0.593456
-0.718578
-0.193045
-0.377426
0.35032
-1.1205
-0.311542
0.326214
0.0571301
-0.435041
0.0984538
-0.627402
0.130207
-0.296742
0.49645
-1.19633
-0.36916
-0.421017
-0.74276
-0.438326
-1.02835
-0.335041
-0.270664
0.168371
0.268407
-0.503925
0.163361
-0.0100166
-0.603912
0.0194235
0.00753026
-0.542645
-0.460701
0
0
0
0
0
0
0
0
0
0
0
0
0
0
0
0
0
0
0
0
0
0
0
0
0
0
0
0
0
0
0
0
0
0
0
0
0
0
0
0
0
0
0
0
0
0
0
0
0
0
0
0
0
0
0
0
0
0
0
0
0
0
0
0
0
0
0
0
0
0
0
0
0
0
0
0
0
0
0
0
0
0
0
0
0
0
0
0
0
0
0
0
0
0
0
0
0
0
0
0
0
0
0
0
0
0
0
0
0
0
0
0
0
0
0
0
0
0
0
0
0
0
0
0
0
0
0
0
0
0
0
0
0
0
0
0
0
0
0
0
0
0
0
0
0
0
0
0
0
0
0
0
0
0
0
0
0
0
0
0
0
0
0
0
0
0
0
0
0
0
0
0
0
0
0
0
0
0
0
0
0
0
0
0
0
0
0
0
0
0
0
0
0
0
0
0
0
0
0
0
0
0
0
0
0
0
0
0
0
0
0
0
0
0
0
0
0
0
0
0
0
0
0
0
0
0
0
0
0
0
0
0
0
0
0
0
0
0
0
0
0
0
0
0
0
0
0
0
0
0
0
0
0
0
0
0
0
0
0
0
0
0
0
0
0
0
0
0
0
0
0
0
0
0
0
0
0
0
0
0
0
0
0
0
0
0
0
0
0
0
0
0
0
0
0
0
0
0
0
0
0
0
0
0
0
0
0
0
0
0
0
0
0
0
0
0
0
0
0
0
0
0
0
0
0
0
0
0
0
0
0
0
0
0
0
0
0
0
0
0
0
0
0
0
0
0
0
0
0
0
0
0
0
0
0
0
0
0
0
0
0
0
0
0
0
0
0
0
0
0
0
0
0
0
0
0
0
0
0
0
0
0
0
0
0
0
0
0
0
0
0
0
0
0
0
0
0
0
0
0
0
0
0
0
0
0
0
0
0
0
0
0
0
0
0
0
0
0
0
0
0
0
0
0
0
0
0
0
0
0
0
0
0
0
0
0
0
0
0
0
0
0
0
0
0
0
0
0
0
0
0
0
0
0
0
0
0
0
0
0
0
0
0
0
0
0
0
0
0
0
0
0
0
0
0
0
0
0
0
0
0
0
0
0
0
0
0
0
0
0
0
0
0
0
0
0
0
0
0
0
0
0
0
0
0
0
0
0
0
0
0
0
0
0
0
0
0
0
0
0
0
0
0
0
0
0
0
0
0
0
0
0
0
0
0
0
0
0
0
0
0
0
0
0
0
0
0
0
0
0
0
0
0
0
0
0
0
0
0
0
0
0
0
0
0
0
0
0
0
0
0
0
0
0
0
0
0
0
0
0
0
0
0
0
0
0
0
0
0
0
0
0
0
0
0
0
0
0
0
0
0
0
0
0
0
0
0
0
0
0
0
0
0
0
0
0
0
0
0
0
0
0
0
0
0
0
0
0
0
0
0
0
0
0
0
0
0
0
0
0
0
0
0
0
0
0
0
0
0
0
0
0
0
0
0
0
0
0
0
0
0
0
0
0
0
0
0
0
0
0
0
0
0
0
0
0
0
0
0
0
0
0
0
0
0
0
0
0
0
0
0
0
0
0
0
0
0
0
0
0
0
0
0
0
0
0
0
0
0
0
0
0
0
0
0
0
0
0
0
0
0
0
0
0
0
0
0
0
0
0
0
0
0
0
0
0
0
0
0
0
0
0
0
0
0
0
0
0
0
0
0
0
0
0
0
0
0
0
0
0
0
0
0
0
0
0
0
0
0
0
0
0
0
0
0
0
0
0
0
0
0
0
0
0
0
0
0
0
0
0
0
0
0
0
0
0
0
0
0
0
0
0
0
0
0
0
0
0
0
0
0
0
0
0
0
0
0
0
0
0
0
0
0
0
0
0
0
0
0
0
0
0
0
0
0
0
0
0
0
0
0
0
0
0
0
0
0
0
0
0
0
0
0
0
0
0
0
0
0
0
0
0
0
0
0
0
0
0
0
0
0
0
0
0
0
0
0
0
0
0
0
0
0
0
0
0
0
0
0
0
0
0
0
0
0
0
0
0
0
0
0
0
0
0
0
0
0
0
0
0
0
0
0
0
0
0
0
0
0
0
0
0
0
0
0
0
0
0
0
0
0
0
0
0
0
0
0
0
0
0
0
0
0
0
0
0
0
0
0
0
0
0
0
0
0
0
0
0
0
0
0
0
0
0
0
0
0
0
0
0
0
0
0
0
0
0
0
0
0
0
0
0
0
0
0
0
0
0
0
0
0
0
0
0
0
0
0
0
0
0
0
0
0
0
0
0
0
0
0
0
0
0
0
0
0
0
0
0
0
0
0
0
0
0
0
0
0
0
0
0
0
0
0
0
0
0
0
0
0
0
0
0
0
0
0
0
0
0
0
0
0
0
0
0
0
0
0
0
0
0
0
0
0
0
0
0
0
0
0
0
0
0
0
0
0
0
0
0
0
0
0
0
0
0
0
0
0
0
0
0
0
0
0
0
0
0
0
0
0
0
0
0
0
0
0
0
0
0
0
0
0
0
0
0
0
0
0
0
0
0
0
0
0
0
0
0
0
0
0
0
0
0
0
0
0
0
0
0
0
0
0
0
0
0
0
0
0
0
0
0
0
0
0
0
0
0
0
0
0
0
0
0
0
0
0
0
0
0
0
0
0
0
0
0
0
0
0
0
0
0
0
0
0
0
0
0
0
0
0
0
0
0
0
0
0
0
0
0
0
0
0
0
0
0
0
0
0
0
0
0
0
0
0
0
0
0
0
0
0
0
0
0
0
0
0
0
0
0
0
0
0
0
0
0
0
0
0
0
0
0
0
0
0
0
0
0
0
0
0
0
0
0
0
0
0
0
0
0
0
0
0
0
0
0
0
0
0
0
0
0
0
0
0
0
0
0
0
0
0
0
0
0
0
0
0
0
0
0
0
0
0
0
0
0
0
0
0
0
0
0
0
0
0
0
0
0
0
0
0
0
0
0
0
0
0
0
0
0
0
0
0
0
0
0
0
0
0
0
0
0
0
0
0
0
0
0
0
0
0
0
0
0
0
0
0
0
0
0
0
0
0
0
0
0
0
0
0
0
0
0
0
0
0
0
0
0
0
0
0
0
0
0
0
0
0
0
0
0
0
0
0
0
0
0
0
0
0
0
0
0
0
0
0
0
0
0
0
0
0
0
0
0
0
0
0
0
0
0
0
0
0
0
0
0
0
0
0
0
0
0
0
0
0
0
0
0
0
0
0
0
0
0
0
0
0
0
0
0
0
0
0
0
0
0
0
0
0
0
0
0
0
0
0
0
0
0
0
0
0
0
0
0
0
0
0
0
0
0
0
0
0
0
0
0
0
0
0
0
0
0
0
0
0
0
0
0
0
0
0
0
0
0
0
0
0
0
0
0
0
0
0
0
0
0
0
0
0
0
0
0
0
0
0
0
0
0
0
0
0
0
0
0
0
0
0
0
0
0
0
0
0
0
0
0
0
0
0
0
0
0
0
0
0
0
0
0
0
0
0
0
0
0
0
0
0
0
0
0
0
0
0
0
0
0
0
0
0
0
0
0
0
0
0
0
0
0
0
0
0
0
0
0
0
0
0
0
0
0
0
0
0
0
0
0
0
0
0
0
0
0
0
0
0
0
0
0
0
0
0
0
0
0
0
0
0
0
0
0
0
0
0
0
0
0
0
0
0
0
0
0
0
0
0
0
0
0
0
0
0
0
0
0
0
0
0
0
0
0
0
0
0
0
0
0
0
0
0
0
0
0
0
0
0
0
0
0
0
0
0
0
0
0
0
0
0
0
0
0
0
0
0
0
0
0
0
0
0
0
0
0
0
0
0
0
0
0
0
0
0
0
0
0
0
0
0
0
0
0
0
0
0
0
0
0
0
0
0
0
0
0
0
0
0
0
0
0
0
0
0
0
0
0
0
0
0
0
0
0
0
0
0
0
0
0
0
0
0
0
0
0
0
0
0
0
0
0
0
0
0
0
0
0
0
0
0
0
0
0
0
0
0
0
0
0
0
0
0
0
0
0
0
0
0
0
0
0
0
0
0
0
0
0
0
0
0
0
0
0
0
0
0
0
0
0
0
0
0
0
0
0
0
0
0
0
0
0
0
0
0
0
0
0
0
0
0
0
0
0
0
0
0
0
0
0
0
0
0
0
0
0
0
0
0
0
0
0
0
0
0
0
0
0
0
0
0
0
0
0
0
0
0
0
0
0
0
0
0
0
0
0
0
0
0
0
0
0
0
0
0
0
0
0
0
0
0
0
0
0
0
0
0
0
0
0
0
0
0
0
0
0
0
0
0
0
0
0
0
0
0
0
0
0
0
0
0
0
0
0
0
0
0
0
0
0
0
0
0
0
0
0
0
0
0
0
0
0
0
0
0
0
0
0
0
0
0
0
0
0
0
0
0
0
0
0
0
0
0
0
0
0
0
0
0
0
0
0
0
0
0
0
0
0
0
0
0
0
0
0
0
0
0
0
0
0
0
0
0
0
0
0
0
0
0
0
0
0
0
0
0
0
