1.03533
1.024
1.0419
1.14441
1.10606
1.41274
1.024
1.02498
1.02498
1.22139
1.04754
1.11323
1.04646
1.09259
1.04202
1.03182
1.03098
1.02498
1.36911
1.024
1.05875
1.02498
1.024
1.06881
1.02498
1.024
1.02498
1.02987
1.16117
1.03268
1.02819
1.02796
1.1103
1.024
1.08629
1.08509
1.04935
1.024
1.02861
1.1293
1.3011
1.024
1.02498
1.05071
1.48086
1.024
1.03557
1.12628
1.07347
1.04011
1.02498
1.024
1.02838
1.02498
1.024
1.18689
1.1015
1.03762
1.12992
1.03884
1.024
1.46624
1.52986
1.02498
1.03081
1.21774
1.20741
1.06261
1.02498
1.02498
1.03205
1.16605
1.09815
1.024
1.39877
1.07877
1.11155
1.02498
1.24662
1.0387
1.024
1.02746
1.03526
1.03099
1.05393
1.02505
1.21077
1.024
1.22428
1.024
1.024
1.12251
1.08009
1.18785
1.17101
1.05362
1.024
1.024
1.07266
1.02498
1.024
1.04034
1.29163
1.0533
1.02498
1.024
1.02844
1.02502
1.03345
1.024
1.05898
1.02498
1.03394
1.02862
1.09277
1.04265
1.05331
1.02498
1.02498
1.04091
1.07056
1.024
1.02648
1.03227
1.02498
1.02498
1.03027
1.0355
1.03281
1.024
1.02498
1.03524
1.20846
1.024
1.31798
1.20089
1.02498
1.024
1.024
1.02771
1.024
1.024
1.02498
1.17731
1.24856
1.26444
1.02498
1.069
1.04292
1.10119
1.02498
1.02874
1.12728
1.03651
1.13967
1.06595
1.02998
1.11768
1.02498
1.21256
1.18555
1.37944
1.16177
1.024
1.02498
1.024
1.024
1.12609
1.02606
1.24371
1.12457
1.024
1.04811
1.024
1.02498
1.08565
1.024
1.03384
1.34587
1.03711
1.28013
1.024
1.16111
1.06879
1.02855
1.25149
1.02854
1.50248
1.02498
1.18702
1.0269
1.12017
1.13799
1.4087
1.16566
1.024
1.02498
1.0633
1.024
1.42729
1.05198
1.02498
1.02498
1.07462
1.07751
1.17509
1.11017
1.02828
1.07986
1.08833
1.02498
1.24419
1.02498
1.15611
1.02498
1.07965
1.024
1.06527
1.14737
1.02927
1.024
1.04045
1.024
1.25575
1.0622
1.02645
1.02498
1.23301
1.02498
1.02498
1.37373
1.02498
1.10933
1.024
1.7519
1.19864
1.63715
1.024
1.024
1.1642
1.02639
1.02498
1.024
1.02498
1.02535
1.17023
1.03418
1.02498
1.09271
1.024
1.024
1.04357
1.15693
1.02498
1.20034
1.03025
1.02708
1.03437
1.0294
1.02498
1.03223
1.024
1.024
1.06233
1.06012
1.09793
1.02498
1.06866
1.21665
1.024
1.1545
1.02705
1.18993
1.16133
1.0313
1.024
1.1836
1.04308
1.05836
1.024
1.11588
1.024
1.024
1.02498
1.37171
1.23172
1.32913
1.02805
1.56094
1.03696
1.03188
1.024
1.024
1.02498
1.024
1.15584
1.03571
1.18578
1.31013
1.3435
1.08361
1.20767
1.13357
1.024
1.02878
1.02498
1.024
1.04823
1.15963
1.06081
1.18768
1.02498
1.13786
1.02498
1.0318
1.02621
1.024
1.17859
1.024
2.06244
1.05735
1.02794
1.10627
1.02998
1.024
1.23481
1.05643
1.02668
1.02498
1.06979
1.05587
1.06091
1.03181
1.02702
1.024
1.06314
1.02498
1.024
1.13237
1.03972
1.42114
1.0553
1.08116
1.16514
1.024
1.02498
1.02498
1.0252
1.02498
1.024
1.6342
1.02812
1.06352
1.02825
1.02498
1.15063
1.02498
1.024
1.02498
1.024
1.19173
1.1303
1.03252
1.024
1.09544
1.024
1.024
1.10013
1.06535
1.024
1.16943
1.09492
1.08003
1.02987
1.024
1.0476
1.03263
1.50195
1.02498
1.03716
1.0553
1.05019
1.024
1.04472
1.17017
1.14532
1.12579
1.024
1.20184
1.18065
1.024
1.024
1.02657
1.024
1.024
1.024
1.09077
1.04118
1.03355
1.06236
1.06309
1.31471
1.09727
1.22739
1.02982
1.02498
1.04657
1.02658
1.18518
1.024
1.024
1.06155
1.39969
1.03103
1.08589
1.02498
1.09634
1.1521
1.0318
1.03666
1.02498
1.024
1.17367
1.02498
1.024
1.04576
1.05794
1.02498
1.02807
1.15961
1.12556
1.09254
1.1161
1.024
1.10416
1.10889
1.024
1.03196
1.02498
1.024
1.25222
1.09965
1.03715
1.08861
1.21919
1.15672
1.07535
1.02592
1.024
1.02498
1.75654
1.02498
1.02498
1.04603
1.09229
1.28947
1.2794
1.16096
1.44642
1.024
1.02498
1.0882
1.02907
1.41769
1.25317
1.0892
1.05519
1.0817
1.07514
1.16971
1.0668
1.07028
1.03499
1.02685
1.10086
1.02498
1.05573
1.02498
1.03013
1.2811
1.39693
1.03957
1.22164
1.024
1.024
1.024
1.02658
1.0314
1.05139
1.024
1.024
1.02498
1.024
1.024
1.14986
1.06027
1.02847
1.35978
1.3731
1.11962
1.02498
1.06512
1.0271
1.03052
1.03009
1.02498
1.38311
1.23159
1.84905
1.08425
1.04989
1.20496
1.03805
1.07003
1.02919
1.22605
1.09567
1.024
1.03674
1.24286
1.13085
1.03576
1.02561
1.10348
1.19591
1.024
1.02648
1.024
1.02617
1.024
1.0425
1.11644
1.02498
1.21244
1.06911
1.07267
1.05387
1.0484
1.28625
1.024
1.06679
1.02498
1.02504
1.05625
1.03046
1.0454
1.17031
1.024
1.024
1.29213
1.43621
1.02796
1.02498
1.08126
1.02505
1.02498
1.024
1.08558
1.06227
1.024
1.024
1.03039
1.024
1.064
1.07186
1.024
1.02498
1.02498
1.29649
1.024
1.02498
1.16579
1.27395
1.15925
1.024
1.04075
1.18974
1.024
1.024
1.02815
1.02498
1.33669
1.08598
1.02498
1.024
1.02498
1.024
1.13715
1.05057
1.05732
1.0468
1.02672
1.024
1.081
1.02637
1.024
1.10527
1.024
1.0252
1.1337
1.06702
1.02815
1.024
1.04599
1.03758
1.02799
1.024
1.024
1.024
1.024
1.03209
1.17778
1.3672
1.05198
1.0283
1.02717
1.0786
1.06413
1.024
1.08974
1.05236
1.06276
1.04943
1.03783
1.1856
1.11746
1.02917
1.35304
1.20409
1.02498
1.13443
1.024
1.08115
1.024
1.17119
1.02498
1.02498
1.02498
1.29394
1.05404
1.024
1.18416
1.05342
1.20541
1.04312
1.024
1.05591
1.03953
1.02867
1.08463
1.024
1.06164
1.03643
1.20495
1.04765
1.03771
1.19121
1.02498
1.02498
1.02498
1.17108
1.02953
1.14762
1.02834
1.024
1.024
1.07352
1.13454
1.32606
1.024
1.024
1.08013
1.024
1.024
1.07825
1.21084
1.02498
1.024
1.02498
1.08028
1.02498
1.024
1.11541
1.13854
1.03717
1.02504
1.03667
1.08973
1.024
1.02498
1.02498
1.024
1.02498
1.03931
1.024
1.16754
1.36178
1.024
1.25899
1.03036
1.14631
1.0413
1.03375
1.10026
1.35354
1.14436
1.16567
1.04274
1.02498
1.03691
1.08287
1.51242
1.28321
1.024
1.024
1.024
1.07855
1.02498
1.10756
1.25155
1.02861
1.20508
1.02781
1.024
1.24644
1.024
1.024
1.18265
1.02498
1.08692
1.12364
1.02498
1.19486
1.024
1.15436
1.14049
1.024
1.2556
1.024
1.024
1.15608
1.02498
1.02498
1.13928
1.02498
1.024
1.09884
1.04433
1.0281
1.03453
1.02498
1.04426
1.2323
1.02498
1.02498
1.11212
1.02648
1.02498
1.02498
1.18766
1.26264
1.17011
1.024
1.0705
1.31883
1.03964
1.02498
1.20641
1.024
1.04061
1.09162
1.35427
1.1941
1.024
1.02947
1.04353
1.11564
1.02498
1.024
1.19519
1.41041
1.02498
1.02498
1.02945
1.02784
1.024
1.0306
1.024
1.60633
1.02793
1.33827
1.024
1.12427
1.13401
1.07839
1.024
1.27269
1.024
1.02498
1.20613
1.024
1.02735
1.02498
1.10988
1.27587
1.024
1.024
1.02498
1.16533
1.02498
1.12782
1.024
1.30804
1.15923
1.03637
1.024
1.14604
1.17188
1.10826
1.02498
1.03007
1.024
1.024
1.024
1.024
1.024
1.024
1.55007
1.02498
1.03821
1.33122
1.024
1.024
1.024
1.024
1.07428
1.02498
1.12573
1.12152
1.024
1.09484
1.024
1.1663
1.23129
1.06297
1.02498
1.02993
1.02498
1.07371
1.02498
1.11269
1.024
1.02503
1.02827
1.03582
1.024
1.024
1.09129
1.02498
1.26885
1.02498
1.05356
1.14901
1.35067
1.08211
1.02498
1.03444
1.03615
1.07894
1.12797
1.02498
1.11441
1.02498
1.06454
1.11958
1.02498
1.23976
1.02556
1.03584
1.20915
1.03987
1.18731
1.024
1.07482
1.03663
1.0321
1.07961
1.024
1.04821
1.03001
1.024
1.05606
1.02498
1.02498
1.02498
1.06202
1.02498
1.8076
1.10098
1.07068
1.024
1.03082
1.18474
1.03467
1.024
1.02498
1.10314
1.11077
1.06277
1.02498
1.36455
1.05087
1.02725
1.13325
1.03682
1.02498
1.06884
1.024
1.03702
1.40036
1.02498
1.0265
1.11911
1.05652
1.02498
1.03727
1.02498
1.11679
1.024
1.04699
1.04228
1.024
1.22051
1.02923
1.04737
1.02498
1.05375
1.03139
1.19519
1.07261
1.02498
1.024
1.02498
1.03422
1.02498
1.02498
1.024
1.05388
1.02498
1.024
1.03128
1.02498
1.02498
1.02576
1.04003
1.16093
1.03253
1.08468
1.04099
1.02498
1.05953
1.06261
1.07816
1.05886
1.26491
1.03413
1.02838
1.16355
1.024
1.02957
1.02954
1.024
1.10942
1.024
1.024
1.35391
1.02498
1.02983
1.06881
1.21864
1.03027
1.02637
1.18008
1.02498
1.02884
1.02498
1.024
1.29676
1.024
1.024
1.08718
1.024
1.02498
1.0337
1.24475
1.03152
1.024
1.21714
1.03211
1.02913
0.868716
1.14371
1.00664
1.06662
0.879036
0.8192
0.820447
0.898283
1.15417
0.8192
1.00731
0.951072
0.849692
0.819688
0.819688
0.830102
0.819688
0.845673
0.86764
0.819695
0.819688
1.34919
1.22742
0.931057
1.03497
1.13049
0.9674
0.916904
0.820555
0.819688
0.910021
0.821482
0.972172
1.09801
0.830141
0.83902
0.8192
0.899203
0.855235
0.84811
1.12647
1.42866
0.874368
0.879311
1.15407
1.02471
0.819688
0.858879
0.942345
1.12726
0.885004
0.819688
0.918914
0.925844
0.890212
0.819688
1.11737
0.82399
0.820776
1.11141
0.89858
1.00572
0.856253
0.831075
0.889444
0.819688
0.943642
0.832586
0.82034
0.834663
0.933049
0.892698
1.00079
0.93666
1.21913
1.25064
1.02274
0.850278
1.07748
1.08738
0.824899
0.819688
0.83927
0.869097
0.819688
1.067
0.836871
0.831298
0.965984
0.8192
1.04648
1.43613
0.842334
0.932198
0.861357
0.862744
1.09343
0.882347
0.891702
1.16837
0.835832
0.864725
0.820517
0.85143
0.973651
0.974833
0.864139
0.864419
1.04597
1.07411
1.04313
0.832769
0.881656
0.827911
0.842162
1.05569
0.819688
0.868747
0.887264
0.867601
0.8192
0.927535
1.12897
0.819688
1.19373
0.880624
1.32754
0.942227
1.03786
1.11113
1.32671
1.17711
0.820589
1.2212
0.864898
1.0186
1.0697
1.24092
0.931366
0.839809
1.14958
0.931342
0.823688
0.912375
1.01294
0.89145
1.06887
0.915459
0.853114
0.926675
0.863918
0.939773
0.820654
1.09153
1.11523
0.8192
1.10945
0.837018
0.93094
1.40802
0.819688
0.824401
1.22055
1.00075
1.15272
0.819688
0.863287
0.828426
0.949331
0.849709
0.831998
0.8192
0.887472
1.43972
0.949537
1.03431
1.00746
0.822141
0.819688
1.2272
0.993507
1.03557
0.980855
0.998657
0.858455
0.935006
0.908368
0.89127
0.840357
1.11898
1.02407
0.8265
0.923838
0.819688
1.14906
0.826989
0.916769
1.07534
0.837964
1.46426
1.1075
0.863879
1.01905
1.08103
0.951113
0.925245
1.67351
1.02864
0.819688
0.886174
0.831918
1.08627
0.829493
0.8192
0.819688
0.819688
0.820855
0.993406
0.866176
0.910022
0.825354
0.884883
0.892778
0.834076
0.929819
0.882436
1.31865
0.916878
0.862291
0.836814
0.823835
1.21568
0.819688
0.978683
1.02254
0.865582
1.07536
0.916439
1.07175
1.04312
0.830074
1.18242
0.823267
1.14725
1.45635
0.821876
1.11308
0.974948
1.417
0.8192
0.819688
0.819688
1.04612
1.18401
1.10945
1.15132
0.855945
0.873986
0.8192
1.00967
0.821422
1.01101
0.843773
1.00836
0.855804
1.38246
0.891447
0.930121
1.16139
0.828939
0.821209
1.03584
0.819688
1.12482
0.872999
1.17811
1.06928
1.3447
0.972512
0.868372
1.43088
1.24938
0.819688
0.839918
1.1004
1.10626
0.828306
0.884601
1.48426
0.8192
0.819688
0.982588
0.819688
0.966847
1.0301
0.956425
0.824392
0.863282
0.877597
0.821206
1.00577
0.8192
0.877205
1.2485
1.16994
1.24819
0.824131
0.830319
1.11713
0.823233
0.997513
0.819688
0.888735
0.848198
0.893448
1.12847
0.879926
0.972736
0.852505
0.830837
0.832323
0.855326
1.01912
0.828298
0.96112
1.2168
1.63003
0.846818
0.819934
0.943919
0.858836
0.861486
1.2134
1.15617
0.877347
0.881482
0.853542
0.855192
1.05517
1.4361
0.828818
1.20212
1.34292
0.849825
1.04261
0.899451
0.828077
0.964763
0.834025
0.93696
0.852529
0.968619
1.05041
0.876487
0.819688
0.977294
1.39585
1.12949
1.30704
0.97363
1.04268
0.824017
0.863574
0.986606
0.833651
0.884077
0.967995
1.10534
1.20914
0.821277
0.951523
0.980852
0.967707
0.823354
0.858988
1.08777
0.819688
1.0372
1.0282
0.829557
0.895884
0.826321
0.963084
1.03627
1.45029
0.910578
0.822286
0.837374
0.839973
1.19079
0.819688
0.819688
1.08377
1.17002
1.00535
0.85656
1.07508
1.56805
1.00044
1.47816
0.937209
0.951418
0.820685
1.01225
0.959581
0.891228
0.876344
0.819688
0.882527
0.998899
1.2689
0.842678
0.865718
0.836519
0.93635
0.821432
0.888294
1.01956
1.0811
1.09234
0.849466
1.03893
1.23687
0.821706
0.832186
1.47533
1.325
0.887103
0.832778
0.933924
1.25359
1.08062
0.966041
1.19017
0.894262
1.13992
0.823012
0.822886
1.13389
1.2616
0.832679
1.18141
0.819688
0.827789
0.819688
0.896137
0.858293
0.994271
0.839908
0.883445
0.828184
0.91598
0.819688
0.838196
0.821727
1.12192
0.877662
0.826754
1.24888
0.821949
0.833892
0.846799
0.835067
0.827216
1.09934
1.29465
0.831045
1.00517
0.974045
1.17894
0.825382
0.853388
0.823621
1.19842
1.24349
1.29253
0.940942
0.89653
1.04607
0.901338
0.8192
1.17101
0.908642
1.00213
0.913834
1.0109
0.907822
1.02072
0.8192
0.918846
1.03984
0.826636
0.871655
0.834105
1.02891
0.964316
0.841592
0.819688
1.26616
0.847289
1.00552
1.05256
0.819688
0.827077
0.8555
0.921846
0.826919
0.984636
0.831207
0.866507
1.18628
0.862249
0.823059
0.823574
0.914224
0.935602
1.05987
1.09361
0.819688
1.19092
0.930866
0.900522
0.879189
0.84266
1.27353
0.820288
0.943106
0.894637
0.987554
1.27238
0.819688
0.900213
0.838922
0.832879
1.04159
0.853297
1.00577
0.821316
0.847511
0.902791
0.8192
0.973089
1.05141
0.941884
0.900766
0.822248
1.59044
0.981041
0.848776
0.895631
0.852587
1.15401
0.858265
0.894924
1.02641
0.834291
1.21901
0.870906
0.8192
1.11803
0.8192
0.98965
0.832314
1.27053
0.872971
1.25028
1.57922
0.827118
0.821613
0.819688
0.928305
1.25153
1.10967
1.15882
1.08865
1.02179
1.24448
0.883039
0.819688
0.93205
0.870045
0.899624
0.833691
1.55645
0.904914
1.02247
1.20973
0.828375
0.819688
0.93713
0.841864
0.8255
1.00445
0.8192
1.0149
0.832974
0.843334
0.893989
0.849061
1.28348
1.39764
0.898554
1.1466
0.870898
0.833191
0.836425
0.986171
0.871194
0.832971
1.00488
1.48539
0.859873
1.13741
0.819688
1.00652
1.29598
1.02377
1.13927
1.2046
1.35282
1.12418
0.819688
0.819688
0.857462
1.13488
1.14371
0.86163
0.887354
1.20543
0.883418
0.832445
1.11452
0.833517
0.8192
0.979426
0.848676
0.954766
1.13182
0.8715
0.860935
0.834802
0.846864
1.05442
0.822286
1.33891
1.08384
0.835786
0.8192
1.14127
0.819691
0.824977
0.96989
1.5011
0.853615
0.866297
0.83606
0.852932
0.826564
1.02929
0.82313
0.832853
0.824662
0.861779
0.823587
1.06868
0.995076
1.1684
1.71578
1.12586
1.22973
0.8192
0.8192
0.836779
1.19935
0.834269
0.834995
1.34773
0.819688
1.26548
0.86964
0.819688
0.925334
1.32548
1.19928
0.843343
1.15709
0.889133
1.18244
1.07484
0.913925
0.933269
0.826681
0.926091
1.15551
0.838534
1.13867
0.979612
0.96637
0.904052
0.8192
0.827164
0.933598
0.829326
1.17443
0.98283
1.11727
0.840904
0.901211
1.01893
1.38568
0.917575
0.821716
1.10569
0.826072
1.08952
0.946072
0.914635
0.822835
0.819688
1.00604
0.861709
1.11715
1.21466
0.82504
0.890184
1.33531
0.897569
0.898241
1.24452
0.819688
1.16751
0.869818
0.908652
1.01717
1.16546
0.82288
0.872348
0.849193
0.86845
0.819688
0.896641
0.864079
1.08186
0.821014
0.830662
0.837655
0.819688
1.09501
0.962347
0.823675
1.09216
0.912071
1.00466
0.942592
1.17384
0.882548
0.965963
0.833344
0.969586
0.825933
0.819688
0.996309
0.819688
0.842681
1.19848
1.0076
0.820987
0.930895
1.10998
0.831016
0.876529
0.862375
0.947305
1.34935
0.819688
0.884978
1.17873
1.04813
0.894157
0.830449
0.83849
1.09649
1.16834
0.83271
0.830355
1.01484
0.872003
1.10314
1.35737
0.957839
1.18702
0.820336
0.876827
1.11041
1.0328
0.983267
1.18766
0.852861
0.860611
1.10901
0.819688
0.821383
0.983794
0.819688
0.838778
0.819688
0.904517
0.969968
0.837037
0.847801
0.965967
0.904216
1.25226
1.02894
0.81969
0.830132
0.936194
1.09301
1.47956
0.819688
0.958959
1.00299
1.01892
0.823212
0.994874
0.825117
0.886349
0.832373
0.87342
1.33451
0.819688
0.871633
0.8192
1.10649
1.05909
0.878101
1.00023
0.843938
0.847826
1.39632
1.08869
1.28168
0.8192
1.36475
0.993367
1.01398
0.846755
0.83501
1.05847
1.13932
0.85423
0.841703
1.30781
0.829029
0.823564
0.926053
0.823619
0.85966
0.830341
0.94825
0.853757
1.16291
0.923824
0.974308
1.26823
1.09774
1.02715
1.13453
0.826177
0.822279
0.851177
0.880863
0.843602
0.841715
0.845158
1.10405
0.821257
1.06515
0.819688
0.829912
0.824354
0.929112
0.85253
0.8192
1.10847
0.827068
1.29165
1.09606
0.970843
1.1049
0.889382
0.8192
1.07511
1.15858
0.93221
1.14027
0.871747
1.03094
1.02481
1.17671
0.82736
0.826501
0.990609
1.13187
1.01769
0.833779
1.28609
1.08329
0.988631
0.8192
1.41874
0.849154
1.06873
1.04722
0.826772
0.850575
0.877127
0.985297
0.947689
1.02713
0.919795
0.885744
1.12438
0.842332
0.82025
0.828348
0.888371
1.25531
0.94035
1.19048
1.16992
1.04725
0.82361
0.844751
1.12981
1.04785
1.13683
1.34651
1.04577
0.983417
0.847661
0.8192
1.39811
1.17026
0.819688
0.840049
0.884963
1.09541
0.903024
1.03269
0.918222
0.994622
1.15102
0.83514
0.97045
0.8192
0.822049
0.962424
0.907817
0.964841
0.912915
1.08385
1.15775
1.00383
0.936904
1.12957
0.8451
0.943673
0.85625
0.819688
0.946825
0.83739
1.06929
1.16945
1.10174
1.11722
0.833549
0.819688
1.18114
0.837203
0.918039
0.837795
1.05263
0.819688
0.834829
1.28247
0.825979
0.921292
1.17865
0.8192
1.20371
1.1232
0.823383
0.855155
0.822873
0.897638
1.28399
1.07667
0.900223
0.94988
0
0
0
0
0
0
0
0
0
0
0
0
0
0
0
0
0
0
0
0
0
0
0
0
0
0
0
0
0
0
0
0
0
0
0
0
0
0
0
0
0
0
0
0
0
0
0
0
0
0
0
0
0
0
0
0
0
0
0
0
0
0
0
0
0
0
0
0
0
0
0
0
0
0
0
0
0
0
0
0
0
0
0
0
0
0
0
0
0
0
0
0
0
0
0
0
0
0
0
0
0
0
0
0
0
0
0
0
0
0
0
0
0
0
0
0
0
0
0
0
0
0
0
0
0
0
0
0
0
0
0
0
0
0
0
0
0
0
0
0
0
0
0
0
0
0
0
0
0
0
0
0
0
0
0
0
0
0
0
0
0
0
0
0
0
0
0
0
0
0
0
0
0
0
0
0
0
0
0
0
0
0
0
0
0
0
0
0
0
0
0
0
0
0
0
0
0
0
0
0
0
0
0
0
0
0
0
0
0
0
0
0
0
0
0
0
0
0
0
0
0
0
0
0
0
0
0
0
0
0
0
0
0
0
0
0
0
0
0
0
0
0
0
0
0
0
0
0
0
0
0
0
0
0
0
0
0
0
0
0
0
0
0
0
0
0
0
0
0
0
0
0
0
0
0
0
0
0
0
0
0
0
0
0
0
0
0
0
0
0
0
0
0
0
0
0
0
0
0
0
0
0
0
0
0
0
0
0
0
0
0
0
0
0
0
0
0
0
0
0
0
0
0
0
0
0
0
0
0
0
0
0
0
0
0
0
0
0
0
0
0
0
0
0
0
0
0
0
0
0
0
0
0
0
0
0
0
0
0
0
0
0
0
0
0
0
0
0
0
0
0
0
0
0
0
0
0
0
0
0
0
0
0
0
0
0
0
0
0
0
0
0
0
0
0
0
0
0
0
0
0
0
0
0
0
0
0
0
0
0
0
0
0
0
0
0
0
0
0
0
0
0
0
0
0
0
0
0
0
0
0
0
0
0
0
0
0
0
0
0
0
0
0
0
0
0
0
0
0
0
0
0
0
0
0
0
0
0
0
0
0
0
0
0
0
0
0
0
0
0
0
0
0
0
0
0
0
0
0
0
0
0
0
0
0
0
0
0
0
0
0
0
0
0
0
0
0
0
0
0
0
0
0
0
0
0
0
0
0
0
0
0
0
0
0
0
0
0
0
0
0
0
0
0
0
0
0
0
0
0
0
0
0
0
0
0
0
0
0
0
0
0
0
0
0
0
0
0
0
0
0
0
0
0
0
0
0
0
0
0
0
0
0
0
0
0
0
0
0
0
0
0
0
0
0
0
0
0
0
0
0
0
0
0
0
0
0
0
0
0
0
0
0
0
0
0
0
0
0
0
0
0
0
0
0
0
0
0
0
0
0
0
0
0
0
0
0
0
0
0
0
0
0
0
0
0
0
0
0
0
0
0
0
0
0
0
0
0
0
0
0
0
0
0
0
0
0
0
0
0
0
0
0
0
0
0
0
0
0
0
0
0
0
0
0
0
0
0
0
0
0
0
0
0
0
0
0
0
0
0
0
0
0
0
0
0
0
0
0
0
0
0
0
0
0
0
0
0
0
0
0
0
0
0
0
0
0
0
0
0
0
0
0
0
0
0
0
0
0
0
0
0
0
0
0
0
0
0
0
0
0
0
0
0
0
0
0
0
0
0
0
0
0
0
0
0
0
0
0
0
0
0
0
0
0
0
0
0
0
0
0
0
0
0
0
0
0
0
0
0
0
0
0
0
0
0
0
0
0
0
0
0
0
0
0
0
0
0
0
0
0
0
0
0
0
0
0
0
0
0
0
0
0
0
0
0
0
0
0
0
0
0
0
0
0
0
0
0
0
0
0
0
0
0
0
0
0
0
0
0
0
0
0
0
0
0
0
0
0
0
0
0
0
0
0
0
0
0
0
0
0
0
0
0
0
0
0
0
0
0
0
0
0
0
0
0
0
0
0
0
0
0
0
0
0
0
0
0
0
0
0
0
0
0
0
0
0
0
0
0
0
0
0
0
0
0
0
0
0
0
0
0
0
0
0
0
0
0
0
0
0
0
0
0
0
0
0
0
0
0
0
0
0
0
0
0
0
0
0
0
0
0
0
0
0
0
0
0
0
0
0
0
0
0
0
0
0
0
0
0
0
0
0
0
0
0
0
0
0
0
0
0
0
0
0
0
0
0
0
0
0
0
0
0
0
0
0
0
0
0
0
0
0
0
0
0
0
0
0
0
0
0
0
0
0
0
0
0
0
0
0
0
0
0
0
0
0
0
0
0
0
0
0
0
0
0
0
0
0
0
0
0
0
0
0
0
0
0
0
0
0
0
0
0
0
0
0
0
0
0
0
0
0
0
0
0
0
0
0
0
0
0
0
0
0
0
0
0
0
0
0
0
0
0
0
0
0
0
0
0
0
0
0
0
0
0
0
0
0
0
0
0
0
0
0
0
0
0
0
0
0
0
0
0
0
0
0
0
0
0
0
0
0
0
0
0
0
0
0
0
0
0
0
0
0
0
0
0
0
0
0
0
0
0
0
0
0
0
0
0
0
0
0
0
0
0
0
0
0
0
0
0
0
0
0
0
0
0
0
0
0
0
0
0
0
0
0
0
0
0
0
0
0
0
0
0
0
0
0
0
0
0
0
0
0
0
0
0
0
0
0
0
0
0
0
0
0
0
0
0
0
0
0
0
0
0
0
0
0
0
0
0
0
0
0
0
0
0
0
0
0
0
0
0
0
0
0
0
0
0
0
0
0
0
0
0
0
0
0
0
0
0
0
0
0
0
0
0
0
0
0
0
0
0
0
0
0
0
0
0
0
0
0
0
0
0
0
0
0
0
0
0
0
0
0
0
0
0
0
0
0
0
0
0
0
0
0
0
0
0
0
0
0
0
0
0
0
0
0
0
0
0
0
0
0
0
0
0
0
0
0
0
0
0
0
0
0
0
0
0
0
0
0
0
0
0
0
0
0
0
0
0
0
0
0
0
0
0
0
0
0
0
0
0
0
0
0
0
0
0
0
0
0
0
0
0
0
0
0
0
0
0
0
0
0
0
0
0
0
0
0
0
0
0
0
0
0
0
0
0
0
0
0
0
0
0
0
0
0
0
0
0
0
0
0
0
0
0
0
0
0
0
0
0
0
0
0
0
0
0
0
0
0
0
0
0
0
0
0
0
0
0
0
0
0
0
0
0
0
0
0
0
0
0
0
0
0
0
0
0
0
0
0
0
0
0
0
0
0
0
0
0
0
0
0
0
0
0
0
0
0
0
0
0
0
0
0
0
0
0
0
0
0
0
0
0
0
0
0
0
0
0
0
0
0
0
0
0
0
0
0
0
0
0
0
0
0
0
0
0
0
0
0
0
0
0
0
0
0
0
0
0
0
0
0
0
0
0
0
0
0
0
0
0
0
0
0
0
0
0
0
0
0
0
0
0
0
0
0
0
0
0
0
0
0
0
0
0
0
0
0
0
0
0
0
0
0
0
0
0
0
0
0
0
0
0
0
0
0
0
0
0
0
0
0
0
0
0
0
0
0
0
0
0
0
0
0
0
0
0
0
0
0
0
0
0
0
0
0
0
0
0
0
0
0
0
0
0
0
0
0
0
0
0
0
0
0
0
0
0
0
0
0
0
0
0
0
0
0
0
0
0
0
0
0
0
0
0
0
0
0
0
0
0
0
0
0
0
0
0
0
0
0
0
0
0
0
0
0
0
0
0
0
0
0
0
0
0
0
0
0
0
0
0
0
0
0
0
0
0
0
0
0
0
0
0
0
0
0
0
0
0
0
0
0
0
0
0
0
0
0
0
0
0
0
0
0
0
0
0
0
0
0
0
0
0
0
0
0
0
0
0
0
0
0
0
0
0
0
0
0
0
0
0
0
0
0
0
0
0
0
0
0
0
0
0
0
0
0
0
0
0
0
0
0
0
0
0
0
0
0
0
0
0
0
0
0
0
0
0
0
0
0
0
0
0
0
0
0
0
0
0
0
0
0
0
0
0
0
0
0
0
0
0
0
0
0
0
0
0
0
0
0
0
0
0
0
0
0
0
0
0
0
0
0
0
0
0
0
0
0
0
0
0
0
0
0
0
0
0
0
0
0
0
0
0
0
0
0
0
0
0
0
0
0
0
0
0
0
0
0
0
0
0
0
0
0
0
0
0
0
0
0
0
0
0
0
0
0
0
0
0
0
0
0
0
0
0
0
0
0
0
0
0
0
0
0
0
0
0
0
0
0
0
0
0
0
0
0
0
0
0
0
0
0
0
0
0
0
0
0
0
0
0
0
0
0
0
0
0
0
0
0
0
0
0
0
0
0
0
0
0
0
0
0
0
0
0
0
0
0
0
0
0
0
0
0
0
0
0
0
0
0
0
0
0
0
0
0
0
0
0
0
0
0
0
0
0
0
0
0
0
0
0
0
0
0
0
0
0
0
0
0
0
0
0
0
0
0
0
0
0
0
0
0
0
0
0
0
0
0
0
0
0
0
0
0
0
0
0
