-0.644992
-1.85738
-0.697433
0.202194
0.0593511
0.568664
-2.87382
-0.991416
-0.58679
0.227098
-0.300018
0.0874723
-0.28696
0.0761267
-0.22031
-0.364019
-0.37764
-0.71574
0.566812
-1.51562
-0.156368
-0.990897
-2.44939
0.181806
-0.710057
-1.79651
-0.77858
-0.108512
0.133156
-0.332404
-0.633549
-0.645864
0.116018
-1.2932
-0.101319
-0.0912772
-0.135932
-1.72937
-0.377792
0.193559
0.356741
-0.812399
-1.19012
-0.291304
0.629964
-1.53372
-0.446442
0.231411
0.0426246
-0.375315
-0.775962
-1.00389
-1.06211
-1.08909
-0.671891
0.397459
0.109318
-0.494611
-0.0482477
-0.41273
-0.957221
0.676482
0.756261
-1.02121
-0.530237
0.458037
0.331806
-0.583293
-0.70811
-0.685173
-0.231573
0.307687
0.0781954
-1.43368
0.742488
0.123851
0.0169428
-0.39707
0.288207
-0.0914637
-1.75958
-0.491789
-0.218929
-0.172917
-0.011027
-0.563242
0.357822
-2.33477
0.46361
-1.33319
-1.18277
0.230476
0.00246093
0.219757
0.462143
0.0343979
-0.64751
-1.99423
-0.0542793
-0.843697
-1.84963
0.0220651
0.488568
-0.248582
-0.674866
-0.98754
-0.956464
-0.948136
-0.761765
-1.33124
-0.251409
-0.722803
-0.227681
-0.559923
-0.137939
-0.350264
-0.209373
-0.958467
-0.865282
-0.186319
-0.245836
-1.28275
-0.403937
-0.324531
-0.947723
-1.31779
-0.590353
-0.406601
-0.549233
-1.30592
-0.685051
-0.455883
0.446267
-1.72108
0.532729
0.40486
-0.894906
-0.78293
-0.889574
-1.06058
-1.34346
-1.2355
-0.985491
0.416386
0.184453
0.387126
-0.608963
0.123276
9.16306e-05
0.189942
-0.602861
-0.724539
0.117747
-0.187756
0.100207
0.139921
-0.850646
0.127497
-0.960169
0.359054
0.229495
0.608214
0.189728
-0.761006
-0.804452
-1.68781
-2.27486
0.162547
-0.332858
0.391233
-0.0295125
-1.27468
0.0247265
-2.53818
-0.979418
-0.156452
-1.58327
-0.59769
0.499879
-0.141634
0.523403
-1.58841
0.295797
-0.0295963
-0.565288
0.321909
-0.35888
0.696624
-0.826097
0.373481
-0.519471
0.184843
0.0483122
0.636425
0.0863467
-1.44834
-0.730902
-0.0707184
-1.39098
0.629489
0.0105978
-1.13462
-0.879693
-0.220361
0.0292928
0.308672
0.129609
-0.427351
-0.173758
0.0898059
-1.15553
0.504103
-0.661797
0.395452
-0.812992
0.0661835
-1.32714
-0.11384
0.221283
-0.300671
-1.89862
-0.275157
-1.4019
0.342157
0.00574118
-0.698405
-0.506532
0.335267
-0.961202
-0.639457
0.551798
-1.35183
0.0624804
-1.368
0.863531
0.203115
0.787956
-1.95811
-0.834727
0.188925
-0.91315
-0.828154
-0.953619
-0.714318
-0.663974
0.133896
-0.467262
-0.696863
-0.00615584
-1.57606
-1.43559
-0.328264
0.155644
-1.18068
0.442357
-0.674461
-0.822822
-0.36924
-0.437917
-0.848375
-0.602208
-2.01298
-2.28541
-0.0591618
-0.267876
0.147359
-1.14711
0.131757
0.280324
-2.54481
0.299433
-0.411447
0.226631
0.185795
-0.544805
-1.84146
0.301969
-0.377679
-0.140599
-0.849719
0.249427
-2.44326
-0.855774
-0.549134
0.542354
0.325764
0.448163
-0.93206
0.73378
-0.115788
-0.293084
-1.24952
-1.20981
-1.00644
-1.1753
0.0474104
-0.3929
0.316862
0.454843
0.518968
0.0130608
0.418486
0.359825
-0.643988
-0.262771
-0.635996
-1.29722
-0.0219176
0.284434
-0.0436203
0.413147
-0.79203
0.31653
-0.934398
-0.212397
-0.618478
-1.34205
0.207789
-1.8079
1.09925
-0.0931403
-0.361707
0.118227
-0.629311
-1.1251
0.3472
-0.0529655
-0.386337
-0.993374
-0.110054
-0.070191
-0.25059
-0.185084
-0.662724
-1.02007
0.0809101
-1.20056
-1.88573
0.215993
-0.474006
0.5424
-0.118764
-0.0785614
0.227944
-1.93778
-0.744473
-0.946231
-0.856256
-1.30025
-1.1946
0.764033
-0.72336
-0.145088
-0.560896
-1.29319
0.299467
-0.962193
-2.19543
-0.639544
-2.00888
0.141898
0.216943
-0.272973
-1.30573
-0.038696
-1.02918
-1.38035
-0.107205
0.0294762
-1.34497
0.22956
-0.000360977
0.0123319
-0.820076
-1.32147
-0.334408
-0.297595
0.743128
-1.31816
-0.51336
-0.021185
-0.250462
-1.86734
0.0529958
0.130492
0.124909
0.244206
-1.49085
0.203862
0.453655
-1.16941
-1.38577
-0.468287
-1.08418
-1.82754
-1.58148
-0.0232248
-0.415666
-0.707311
-0.0966864
-0.0258083
0.562261
0.00551739
0.332464
-0.610412
-1.4842
-0.131964
-0.373213
0.125624
-1.8986
-1.3736
0.135971
0.536161
-0.699835
-0.22998
-0.748811
0.112739
0.23889
-0.463249
-0.231994
-1.00257
-1.04769
0.195042
-1.04666
-1.20437
-0.22502
-0.115103
-1.055
-0.532022
0.16138
0.0465891
0.187672
0.167862
-1.52891
0.164818
0.210925
-1.38354
-0.200484
-1.42208
-1.23874
0.321872
0.180903
-0.157092
-0.0614825
0.416131
0.326213
-0.00497019
-0.749334
-1.16405
-0.724272
0.79204
-0.967865
-0.666042
-0.375812
0.0646216
0.408179
0.471915
0.430301
0.592339
-1.07617
-0.800241
0.0368824
-0.136314
0.482677
0.497873
0.152742
-0.464862
-0.0994605
-0.239744
0.141617
-0.000492491
-0.0568018
-0.27171
-0.316544
0.0264764
-1.0152
-0.36875
-0.899984
-0.239976
0.454418
0.389556
-0.399299
0.362606
-1.16709
-1.63086
-1.05024
-1.09233
-0.446595
-0.205133
-0.955082
-1.36008
-0.886917
-1.53201
-1.89035
0.186414
0.104292
-0.467383
0.470759
0.521402
0.207949
-0.68699
-0.0623962
-0.725069
-0.184858
-0.547284
-1.25125
0.568993
0.473153
0.892023
0.118388
-0.418877
0.323949
-0.23776
-0.0741497
-0.657339
0.392467
0.127676
-1.29544
-0.154479
0.337812
0.345066
-0.153563
-0.449657
0.059429
0.245638
-2.17344
-0.628831
-1.43833
-0.948047
-1.86702
-0.0752513
0.223936
-0.84464
0.344657
-0.167458
-0.17814
0.0774929
0.0729933
0.350607
-1.96404
-0.0595572
-0.976191
-0.770804
-0.0911401
-0.427518
-0.0117868
0.282382
-2.4482
-1.00996
0.491112
0.576637
-0.728647
-0.464516
0.191489
-0.844331
-0.977773
-1.61515
-0.156643
-0.178014
-1.31289
-1.44024
-0.957597
-2.86804
-0.0191366
0.17379
-1.65391
-0.834819
-0.918296
0.430566
-1.14213
-1.12093
0.232065
0.462791
0.278507
-1.05977
-0.394052
0.25079
-1.88635
-1.3105
-0.942038
-0.492795
0.605199
-0.0247438
-1.04217
-1.22327
-0.626778
-0.832902
0.0299191
-0.2682
-0.0587909
-0.417766
-0.618918
-0.920386
-0.0946965
-0.553873
-1.61059
0.0802538
-2.3222
-0.710376
0.00461988
-0.0106287
-0.63322
-1.04745
-0.247615
-0.310817
-0.950945
-1.67448
-1.84069
-1.40578
-1.07537
-0.380326
0.183263
0.492232
-0.179301
-0.38284
-0.697321
-0.0664288
0.0196107
-1.60498
0.0246255
0.0431708
-0.0332698
-0.462635
-0.43214
0.316605
0.10772
-0.741026
0.563271
0.533854
-1.31121
0.161955
-1.56471
-0.021566
-1.31729
0.0908659
-0.759804
-0.87028
-0.833133
0.509487
-0.543981
-1.74147
0.5645
0.0137135
0.369133
-0.463604
-0.988978
0.169033
-0.300799
-0.758926
-0.0998994
-1.16377
-0.0376412
-0.382833
0.357194
-0.323364
-0.215354
0.343436
-0.627443
-0.779261
-1.29985
0.0806367
-0.248383
0.106724
-0.43999
-1.26402
-1.36514
-0.142892
0.215338
0.543267
-1.65091
-1.09348
0.112331
-1.38052
-1.66191
0.2426
0.349449
-1.05824
-1.43157
-0.764784
0.0598909
-1.27322
-1.91962
0.111914
0.260633
-0.105587
-0.371534
-0.336685
0.0585544
-1.72666
-0.673022
-0.965453
-2.18441
-0.551296
-0.311061
-2.13898
0.18465
0.52843
-1.79579
0.443403
-0.841874
0.25062
-0.353227
-0.606992
0.105945
0.589903
0.267959
0.373505
-0.253341
-1.28364
-0.381455
0.0618218
0.677208
0.318673
-2.46332
-1.21621
-1.29925
0.166189
-0.71461
-0.00595558
0.321403
-0.435254
0.34959
-0.343305
-1.85765
0.469335
-1.10705
-1.54819
0.194802
-1.55981
-0.00752727
0.0897285
-0.980167
0.379712
-0.77201
0.313907
0.23955
-1.64105
0.365924
-1.21437
-2.05591
0.249085
-0.824076
-0.836328
0.042461
-0.921008
-2.55721
-0.0165944
-0.423167
-0.525185
-0.193109
-0.62759
-0.228911
0.255944
-1.37905
-0.741952
-0.0389676
-0.388085
-1.25125
-0.644935
0.348728
0.561653
0.219257
-1.28001
-0.0150024
0.610889
-0.267276
-0.631425
0.284754
-1.06051
-0.150861
0.0954161
0.525607
0.468789
-1.52898
-0.57447
-0.243847
0.348738
-1.25187
-1.26739
0.224922
0.615367
-0.915811
-0.600812
-0.823546
-0.368561
-2.09735
-0.865812
-1.45268
0.800913
-0.471389
0.561608
-1.5521
0.175241
0.177354
-0.182951
-1.89185
0.348144
-1.31086
-0.563393
0.312908
-1.83188
-0.493913
-0.884074
0.0592844
0.394208
-1.80926
-1.03066
-0.520031
0.23144
-0.5239
0.308274
-1.70094
0.458282
0.21732
-0.509364
-1.72453
0.268238
0.362591
0.0169002
-0.720988
-0.598075
-1.38106
-0.924707
-1.51614
-1.10862
-1.25564
-1.65136
0.789109
-1.06649
-0.277186
0.552991
-1.88437
-1.53236
-1.78642
-0.913658
-0.0234265
-0.657493
0.0602682
0.102547
-1.00675
0.123639
-2.1096
0.291084
0.410427
-0.297181
-1.12818
-0.651229
-0.696707
0.213587
-1.16258
0.153015
-2.28641
-0.504908
-0.785725
-0.475129
-1.56936
-1.02517
-0.17954
-0.864545
0.432635
-1.09611
-0.290317
0.096915
0.609631
0.101168
-0.556819
-0.084884
-0.361496
0.101113
0.213844
-0.719082
0.230493
-1.11901
-0.0730608
-0.0636744
-0.983534
0.30491
-0.731565
-0.571209
0.46567
-0.487128
0.305902
-0.783183
0.142447
-0.372616
-0.393659
0.0338032
-1.53155
-0.194614
-0.630989
-1.90299
-0.400736
-0.77931
-0.355538
-0.938823
-0.0238086
-0.828738
0.887728
0.0512722
-0.0344673
-1.39777
-0.38193
0.262777
-0.521505
-0.985938
-0.714648
-0.115689
0.188883
-0.0189327
-0.223862
0.528548
-0.333439
-0.604371
0.379712
-0.104131
-0.790715
-0.0322133
-1.69704
-0.209703
0.594977
-0.64082
-0.506956
-0.0274206
-0.0138904
-1.10931
-0.525312
-1.11708
0.122437
-2.18649
-0.434151
-0.611826
-1.50201
0.270972
-0.635715
0.0678684
-0.458078
0.0543671
-0.699664
0.455959
-0.0774794
-0.455439
-0.847174
-0.701436
-0.278359
-1.12045
-0.752814
-1.3705
-0.0356302
-1.00469
-0.784332
-0.521776
-0.557794
-0.873131
-0.752312
-0.341248
0.213672
-0.32917
0.168547
-0.371147
-1.25558
-0.0333903
0.0677601
-0.11482
-0.497165
0.396327
-0.293579
-0.354823
0.179283
-0.834417
-0.257032
-0.158785
-1.64513
0.0428591
-1.49557
-1.33569
0.470119
-0.449099
-0.588306
0.111921
0.40794
-0.154728
-0.318648
0.287759
-1.00594
-0.751233
-0.336006
-1.81337
0.475652
-0.811661
-1.20905
0.160018
-2.39945
-0.902295
-0.332612
0.229298
-0.564189
-0.777622
0.336759
-0.166884
-0.429301
-0.727298
0.257786
0.123741
0.211028
-0.0228939
-1.51584
-0.846946
-0.323073
0.330712
-0.647488
0.271275
0.276326
-0.392092
-0.93512
-0.85558
-0.573392
-1.51786
-0.481301
-0.452414
-0.776891
-0.846272
0.685466
0.432956
-0.101667
0.212878
0.29432
-0.133996
-0.180137
-1.01846
-0.9229
0.0636998
-1.01713
0.00363711
0.365419
-1.322
-0.408819
-1.83003
-0.0332254
-0.709979
-0.303712
0.225781
0.650989
-0.218183
-0.32966
0.35668
0.271636
-1.24772
-0.33909
0.117688
0.296402
-0.30121
-0.897074
-0.671879
-0.118474
-0.224405
-1.08083
0.221383
-0.931733
-0.93988
0.416179
-0.439038
0.117137
-0.389607
-0.508593
0.0632373
-0.942182
0.12589
-0.255817
-0.965194
-0.895383
-0.0210155
-0.0107185
0.0641246
0.0960824
0.425523
0.379268
0.0581108
-0.31959
0.21378
0.247621
-1.38124
-1.78626
-0.503038
-0.101192
-0.873039
0.161535
-0.447276
-0.639241
0.0370765
-1.6186
0.279717
0.64625
-0.36576
0.169586
-0.0248187
-0.184004
0.222089
-0.23387
-0.43288
0.220221
-0.351866
-0.257609
-0.695018
-0.415483
0.115141
0.138636
-0.432455
-0.328046
0.0716156
0.298609
-0.211832
-1.27762
0.059358
-0.441616
-0.456069
0.226125
-0.844185
-0.443894
-0.19748
-0.503055
-1.35527
-0.0883065
0.342436
-0.647342
0.434705
-0.405587
0.523797
0.0291997
0.384883
0.389921
0.519797
0.397031
-1.29476
0.502273
-0.498392
0.179652
0.415712
0.298609
-0.278561
-0.386831
0.287296
0.0782843
-0.669315
-0.282021
0.149768
-0.180204
0.195073
-0.0997094
-0.0124782
0.0662073
-0.278878
-0.0133578
-0.7494
0.366775
0.233937
-1.12608
0.350076
-0.895234
0.0399894
0.624582
-0.800717
-0.563029
0.46161
0.136974
0.329931
-0.916552
-0.195207
-0.646908
-0.0563553
-0.33707
-1.68081
-1.85743
-0.180694
0.714828
-0.0415547
0.224143
-0.258563
-0.719303
-1.06696
0.362295
-0.0190294
0.263013
0.0844811
0.272977
-0.258656
0.195537
-0.0628779
-0.143844
-0.475193
0.319432
0.229892
-1.33742
-0.418356
-0.972365
0.369906
-1.01496
0.0772567
0.150758
-0.39642
0.734683
0.178453
-0.378549
-0.020732
0.0649424
0.125573
-0.219139
0.816521
0.353539
-1.02288
-0.505314
-0.390911
0.308415
-0.439588
-1.38508
-1.27521
-1.34846
-0.533893
0.114329
-0.450899
-0.375738
-0.639241
-0.339224
-0.0141326
-0.53532
-0.0658067
-0.161296
0.617478
-0.119042
-0.376712
-0.531289
-0.508666
0.469458
-1.34953
-0.233537
0.0912992
-0.312466
0.295323
-0.0474479
0.141117
0.250235
-0.559834
0.376951
-0.629477
0.249693
0.700512
-0.723649
0.25555
-0.8863
0.632732
-1.51527
-0.748067
-0.986897
0.132192
0.368242
0.264092
0.232618
-0.286029
-0.136182
-1.4239
0.134663
-0.935706
-0.0645416
-0.280525
0.16986
-0.355673
0.603778
-0.133675
-0.0585601
0.196727
-0.881073
-0.379807
0.193364
-1.28862
0.20749
-0.118692
0.4029
0.1503
0.485413
-0.0736845
-0.427415
0.597353
0.494828
-0.726726
-1.00923
0.37753
0.333565
-0.377432
-0.351308
0.678928
-1.24653
-1.12579
0.106618
-1.14734
0.00787312
0.323617
-0.411005
-0.555048
-1.14808
-0.476334
-0.894189
0.145028
-1.28513
-0.256898
0.562807
0.381611
0.533918
-0.6086
-0.266911
0.271489
-1.05772
0.205307
-1.09448
-0.379311
-0.174141
-0.739136
0.358129
-0.303248
0.0271209
-0.465163
-0.555902
-0.450307
-0.379492
0.0382698
-0.802606
0.0531685
0.515078
0.833236
-0.170621
-0.670621
-0.0650345
-0.199508
-0.152635
0.397913
0.254475
-0.0794495
-0.106712
-0.281797
-0.160904
0.00848007
0.600545
-0.360882
0.499574
0.605471
-0.390105
0.173257
-0.00533184
-0.466001
0.158182
-0.631852
-0.0461222
-0.183763
-0.0497894
0.263574
-0.184856
-0.878058
-0.135896
0.535641
0.409572
0.514794
0.250004
0.305801
-0.521351
-0.0663416
-0.0390494
-0.696093
-0.29268
0.164649
0.340615
0.335379
-0.636991
0.0718788
0.134769
-0.154594
-0.591245
-0.379133
0.208753
-1.59269
0.130492
0.218494
-0.854612
0.0315513
-0.781291
-0.200954
0.287109
0.624712
-0.445963
-0.63386
-0.508884
-0.662663
0.333781
-1.12197
-1.24277
0.387027
0.420697
0.0251116
-0.5353
0.32358
0.725501
0.155893
0.678415
-0.135994
-0.150856
-0.825714
-0.101992
-0.209057
-0.397596
-0.324452
-0.85927
-0.203432
0.0451084
0.545124
-0.434914
-0.184619
-0.791844
-0.0501505
-0.730931
-0.122143
0.23279
0.351292
0.448211
-0.234631
-0.0523751
0.48661
-0.732215
-1.04095
0.609339
0.57061
-0.308931
-0.444004
-0.218345
0.559828
0.181256
-0.111603
0.508239
-0.183239
0.22264
-0.876472
-1.22591
0.27658
0.504216
-0.727542
0.456804
-1.41174
-0.69095
-1.88084
0.00156711
-0.263828
-0.00189394
-0.750816
-0.133722
-1.2221
-0.0956758
-1.03508
-0.681989
-0.808303
0.373411
-0.168877
-0.334864
0.507484
-0.871144
-0.262019
-0.291686
-0.56486
-0.457843
0.381853
0.497802
-0.790558
0.21448
0.0250299
0.421514
-0.544526
-0.326177
-0.698696
0.277815
0.393932
0.529006
-0.0648137
-0.111274
0.294633
-0.364497
-1.22873
0.42739
-0.186122
-0.0257331
-0.0128325
0.231488
0.146878
0.121832
-1.50338
0.0667942
0.154315
-0.990413
-0.272509
-0.289192
0.222112
0.147982
-0.422454
-1.34504
0.490691
-0.768117
0.0450531
0.187696
-0.502223
-0.895637
-0.52427
-0.203084
-0.843243
0.274182
-0.586392
-0.555332
0.490478
-0.316062
-0.846399
-0.454655
0.105782
0.0329827
0.21518
0.253629
-1.24266
0.491374
-0.18068
-0.144927
-0.692676
-0.249352
0.439112
-1.0934
0.0623805
-0.128149
-0.0561548
0.499519
-0.740857
-0.161028
-0.465894
-0.53263
0.105074
-0.221753
0.0546126
-0.71766
-0.350903
-0.164954
-0.971184
-0.403885
0.412393
-0.0728182
-0.107888
-0.761735
0.729827
0.0211723
-1.08407
-0.304053
-0.316622
0.359718
-0.303416
-0.148976
0.0257257
-0.625693
0.407718
-0.130886
-1.05864
0.329231
-1.57037
0.0298139
-0.338029
0.565455
-0.35756
0.461759
0.74731
-0.502085
-0.735688
-0.837167
-0.000299571
0.413958
0.204127
0.462346
0.108742
0.219063
0.436056
-0.331263
-1.14365
-0.0345042
-0.116307
-0.557967
-0.154771
0.645659
0.0407388
0.189117
0.490395
-0.451235
-0.646791
-0.0571763
-0.396446
-0.596144
0.0119012
-2.52366
0.204105
-0.421368
-0.547515
-0.756552
-0.514879
0.552294
0.582907
-0.0369565
0.377203
-0.655717
-0.607952
-0.724294
0.102647
-0.0877715
-1.08067
0.186573
0.667404
-0.0836988
0.252957
-0.995752
0.0669453
0.506966
0.0891858
0.320719
0.457732
0.510792
0.32158
-0.783886
-1.01344
-0.516733
0.335134
0.315202
-0.716786
-0.168744
0.402724
-0.0893601
-0.747493
0.3334
-0.701982
-1.67095
0.187988
-0.197007
-0.123213
0.193786
-0.391116
-0.645334
-0.622657
-0.634914
0.132303
-0.975199
0.682335
0.397525
-0.469389
-1.18265
0.354622
-0.870934
-0.652997
0.109757
0.669973
-0.273502
-0.577136
-0.430977
-0.208134
-0.692791
-0.0573596
-0.768439
-0.566336
-0.422974
-0.223538
-1.26655
0.259228
0.181801
0.278781
0.865726
0.427372
0.474107
-1.50676
-1.92338
-0.569333
0.334286
-0.482068
-0.959511
0.624947
-0.690548
0.463256
-0.286871
-0.928802
0.0267096
0.604037
0.445915
-0.383279
0.352627
-0.414248
0.358696
0.146624
-0.396709
0.182598
-0.542102
-0.064051
0.355553
-0.517337
0.413637
-0.221508
-0.546704
-0.368091
-1.38422
-0.549059
-0.150964
-0.413163
0.294272
0.021444
0.334241
-0.282946
-0.215608
-0.177164
0.625826
0.0400993
-0.848127
0.314557
-0.81351
0.289087
-0.119659
-0.164377
-0.54501
-1.05162
0.274385
-0.151836
0.290357
0.402317
-0.171477
-0.00030546
0.438136
-0.418761
0.125317
0.534271
-0.760526
0.354118
-0.310087
-0.0755548
0.0810189
0.269318
-0.667895
-0.489305
-0.148425
-0.295136
-1.05332
-0.0459332
-0.370694
0.382935
-0.679684
-0.730799
-0.636117
-1.54737
0.0840567
0.208186
-0.741391
0.21915
-0.353111
0.0198965
-0.0369455
0.451751
-0.644151
0.119533
-0.453435
0.0659023
-0.689645
-0.684563
0.0622687
-1.00236
-1.60237
0.271358
0.0374353
-0.716774
0.0625446
0.346267
-0.998321
-0.230639
-0.233583
0.103689
0.446642
-1.0673
-0.303032
0.390696
0.356794
-0.271434
-0.518879
-0.469938
0.284451
0.451534
-0.665293
-0.5417
0.0979739
-0.166625
0.125056
0.515511
0.173165
0.484299
-0.574838
-0.344426
0.0943015
0.173161
0.109873
0.416042
-0.355147
-0.309402
0.0299873
-1.0843
-0.810224
0.109796
-0.771002
-0.613754
-1.17518
-0.762112
0.140534
-0.427142
-0.236006
-0.0853746
-0.463747
0.437012
0.000781017
-0.515323
-0.625634
-0.163486
0.303111
0.656719
-1.32127
0.0518727
0.0945592
0.182178
-0.865205
0.0637645
-0.699827
-0.176361
-0.741661
-0.0610815
0.597436
-0.813927
-0.043024
-1.11085
0.190306
0.207694
-0.114998
0.132083
-0.487402
-0.210623
0.530508
0.29843
0.534999
-1.35635
0.52089
0.181943
0.189334
-0.188993
-0.673274
0.38528
0.236549
-0.26168
-0.299051
0.599835
-0.495382
-1.01877
-0.124004
-0.546224
-0.44023
-0.895928
0.055489
-0.32729
0.276809
-0.286954
0.245375
0.364439
0.234682
0.388618
0.172398
-0.602052
-0.630347
-0.43671
-0.377319
-0.398018
-0.344409
-0.32711
0.312752
-0.629635
0.0709329
-0.68875
-0.512468
-0.555233
0.0243517
-0.215431
-1.76459
0.176746
-0.622536
0.514241
0.275261
0.127073
0.457762
-0.298207
-1.29267
0.308793
0.219682
-0.369614
0.359541
-0.398884
0.189208
0.159497
0.42469
-0.687151
-0.607303
0.0462502
0.250673
0.197606
-0.565855
0.537159
0.303848
0.168148
-1.48518
0.617934
-0.58747
0.33825
0.186016
-1.12601
-0.0891986
-0.331759
0.166407
0.0449459
0.106523
-0.0147467
-0.391606
0.342535
-0.163363
-0.955929
-0.679726
0.000825357
0.460929
0.0418786
0.323797
0.170675
0.298169
-0.943663
-0.610052
0.271053
0.170829
0.383613
0.575
0.289372
0.134467
-0.391444
-2.48012
0.63861
0.505212
-1.06816
-0.549191
-0.0977623
0.357165
-0.255429
0.285289
-0.0493463
0.190683
0.249054
-0.729642
0.11738
-1.07144
-1.276
0.106775
-0.131633
0.156215
-0.159046
0.216175
0.346663
0.276051
-0.0140867
0.212934
-0.27606
0.184297
-0.261324
-1.00565
-0.0430585
-0.439453
0.156255
0.400806
0.20294
0.284323
-0.382794
-0.490456
0.359153
-0.760781
-0.132942
-0.221116
0.288814
-0.47038
-0.445495
0.506437
-1.0704
-0.13214
0.389958
-1.58568
0.369865
0.300779
-0.955253
-0.388604
-0.722789
-0.0597234
0.381296
0.351004
-0.295125
-0.0723261
0
0
0
0
0
0
0
0
0
0
0
0
0
0
0
0
0
0
0
0
0
0
0
0
0
0
0
0
0
0
0
0
0
0
0
0
0
0
0
0
0
0
0
0
0
0
0
0
0
0
0
0
0
0
0
0
0
0
0
0
0
0
0
0
0
0
0
0
0
0
0
0
0
0
0
0
0
0
0
0
0
0
0
0
0
0
0
0
0
0
0
0
0
0
0
0
0
0
0
0
0
0
0
0
0
0
0
0
0
0
0
0
0
0
0
0
0
0
0
0
0
0
0
0
0
0
0
0
0
0
0
0
0
0
0
0
0
0
0
0
0
0
0
0
0
0
0
0
0
0
0
0
0
0
0
0
0
0
0
0
0
0
0
0
0
0
0
0
0
0
0
0
0
0
0
0
0
0
0
0
0
0
0
0
0
0
0
0
0
0
0
0
0
0
0
0
0
0
0
0
0
0
0
0
0
0
0
0
0
0
0
0
0
0
0
0
0
0
0
0
0
0
0
0
0
0
0
0
0
0
0
0
0
0
0
0
0
0
0
0
0
0
0
0
0
0
0
0
0
0
0
0
0
0
0
0
0
0
0
0
0
0
0
0
0
0
0
0
0
0
0
0
0
0
0
0
0
0
0
0
0
0
0
0
0
0
0
0
0
0
0
0
0
0
0
0
0
0
0
0
0
0
0
0
0
0
0
0
0
0
0
0
0
0
0
0
0
0
0
0
0
0
0
0
0
0
0
0
0
0
0
0
0
0
0
0
0
0
0
0
0
0
0
0
0
0
0
0
0
0
0
0
0
0
0
0
0
0
0
0
0
0
0
0
0
0
0
0
0
0
0
0
0
0
0
0
0
0
0
0
0
0
0
0
0
0
0
0
0
0
0
0
0
0
0
0
0
0
0
0
0
0
0
0
0
0
0
0
0
0
0
0
0
0
0
0
0
0
0
0
0
0
0
0
0
0
0
0
0
0
0
0
0
0
0
0
0
0
0
0
0
0
0
0
0
0
0
0
0
0
0
0
0
0
0
0
0
0
0
0
0
0
0
0
0
0
0
0
0
0
0
0
0
0
0
0
0
0
0
0
0
0
0
0
0
0
0
0
0
0
0
0
0
0
0
0
0
0
0
0
0
0
0
0
0
0
0
0
0
0
0
0
0
0
0
0
0
0
0
0
0
0
0
0
0
0
0
0
0
0
0
0
0
0
0
0
0
0
0
0
0
0
0
0
0
0
0
0
0
0
0
0
0
0
0
0
0
0
0
0
0
0
0
0
0
0
0
0
0
0
0
0
0
0
0
0
0
0
0
0
0
0
0
0
0
0
0
0
0
0
0
0
0
0
0
0
0
0
0
0
0
0
0
0
0
0
0
0
0
0
0
0
0
0
0
0
0
0
0
0
0
0
0
0
0
0
0
0
0
0
0
0
0
0
0
0
0
0
0
0
0
0
0
0
0
0
0
0
0
0
0
0
0
0
0
0
0
0
0
0
0
0
0
0
0
0
0
0
0
0
0
0
0
0
0
0
0
0
0
0
0
0
0
0
0
0
0
0
0
0
0
0
0
0
0
0
0
0
0
0
0
0
0
0
0
0
0
0
0
0
0
0
0
0
0
0
0
0
0
0
0
0
0
0
0
0
0
0
0
0
0
0
0
0
0
0
0
0
0
0
0
0
0
0
0
0
0
0
0
0
0
0
0
0
0
0
0
0
0
0
0
0
0
0
0
0
0
0
0
0
0
0
0
0
0
0
0
0
0
0
0
0
0
0
0
0
0
0
0
0
0
0
0
0
0
0
0
0
0
0
0
0
0
0
0
0
0
0
0
0
0
0
0
0
0
0
0
0
0
0
0
0
0
0
0
0
0
0
0
0
0
0
0
0
0
0
0
0
0
0
0
0
0
0
0
0
0
0
0
0
0
0
0
0
0
0
0
0
0
0
0
0
0
0
0
0
0
0
0
0
0
0
0
0
0
0
0
0
0
0
0
0
0
0
0
0
0
0
0
0
0
0
0
0
0
0
0
0
0
0
0
0
0
0
0
0
0
0
0
0
0
0
0
0
0
0
0
0
0
0
0
0
0
0
0
0
0
0
0
0
0
0
0
0
0
0
0
0
0
0
0
0
0
0
0
0
0
0
0
0
0
0
0
0
0
0
0
0
0
0
0
0
0
0
0
0
0
0
0
0
0
0
0
0
0
0
0
0
0
0
0
0
0
0
0
0
0
0
0
0
0
0
0
0
0
0
0
0
0
0
0
0
0
0
0
0
0
0
0
0
0
0
0
0
0
0
0
0
0
0
0
0
0
0
0
0
0
0
0
0
0
0
0
0
0
0
0
0
0
0
0
0
0
0
0
0
0
0
0
0
0
0
0
0
0
0
0
0
0
0
0
0
0
0
0
0
0
0
0
0
0
0
0
0
0
0
0
0
0
0
0
0
0
0
0
0
0
0
0
0
0
0
0
0
0
0
0
0
0
0
0
0
0
0
0
0
0
0
0
0
0
0
0
0
0
0
0
0
0
0
0
0
0
0
0
0
0
0
0
0
0
0
0
0
0
0
0
0
0
0
0
0
0
0
0
0
0
0
0
0
0
0
0
0
0
0
0
0
0
0
0
0
0
0
0
0
0
0
0
0
0
0
0
0
0
0
0
0
0
0
0
0
0
0
0
0
0
0
0
0
0
0
0
0
0
0
0
0
0
0
0
0
0
0
0
0
0
0
0
0
0
0
0
0
0
0
0
0
0
0
0
0
0
0
0
0
0
0
0
0
0
0
0
0
0
0
0
0
0
0
0
0
0
0
0
0
0
0
0
0
0
0
0
0
0
0
0
0
0
0
0
0
0
0
0
0
0
0
0
0
0
0
0
0
0
0
0
0
0
0
0
0
0
0
0
0
0
0
0
0
0
0
0
0
0
0
0
0
0
0
0
0
0
0
0
0
0
0
0
0
0
0
0
0
0
0
0
0
0
0
0
0
0
0
0
0
0
0
0
0
0
0
0
0
0
0
0
0
0
0
0
0
0
0
0
0
0
0
0
0
0
0
0
0
0
0
0
0
0
0
0
0
0
0
0
0
0
0
0
0
0
0
0
0
0
0
0
0
0
0
0
0
0
0
0
0
0
0
0
0
0
0
0
0
0
0
0
0
0
0
0
0
0
0
0
0
0
0
0
0
0
0
0
0
0
0
0
0
0
0
0
0
0
0
0
0
0
0
0
0
0
0
0
0
0
0
0
0
0
0
0
0
0
0
0
0
0
0
0
0
0
0
0
0
0
0
0
0
0
0
0
0
0
0
0
0
0
0
0
0
0
0
0
0
0
0
0
0
0
0
0
0
0
0
0
0
0
0
0
0
0
0
0
0
0
0
0
0
0
0
0
0
0
0
0
0
0
0
0
0
0
0
0
0
0
0
0
0
0
0
0
0
0
0
0
0
0
0
0
0
0
0
0
0
0
0
0
0
0
0
0
0
0
0
0
0
0
0
0
0
0
0
0
0
0
0
0
0
0
0
0
0
0
0
0
0
0
0
0
0
0
0
0
0
0
0
0
0
0
0
0
0
0
0
0
0
0
0
0
0
0
0
0
0
0
0
0
0
0
0
0
0
0
0
0
0
0
0
0
0
0
0
0
0
0
0
0
0
0
0
0
0
0
0
0
0
0
0
0
0
0
0
0
0
0
0
0
0
0
0
0
0
0
0
0
0
0
0
0
0
0
0
0
0
0
0
0
0
0
0
0
0
0
0
0
0
0
0
0
0
0
0
0
0
0
0
0
0
0
0
0
0
0
0
0
0
0
0
0
0
0
0
0
0
0
0
0
0
0
0
0
0
0
0
0
0
0
0
0
0
0
0
0
0
0
0
0
0
0
0
0
0
0
0
0
0
0
0
0
0
0
0
0
0
0
0
0
0
0
0
0
0
0
0
0
0
0
0
0
0
0
0
0
0
0
0
0
0
0
0
0
0
0
0
0
0
0
0
0
0
0
0
0
0
0
0
0
0
0
0
0
0
0
0
0
0
0
0
0
0
0
0
0
0
0
0
0
0
0
0
0
0
0
0
0
0
0
0
0
0
0
0
0
0
0
0
0
0
0
0
0
0
0
0
0
0
0
0
0
0
0
0
0
0
0
0
0
0
0
0
0
0
0
0
0
0
0
0
0
0
0
0
0
0
0
0
0
0
0
0
0
0
0
0
0
0
0
0
0
0
0
0
0
0
0
0
0
0
0
0
0
0
0
0
0
0
0
0
0
0
0
0
0
0
0
0
0
0
0
0
0
0
0
0
0
0
0
0
0
0
0
0
0
0
0
0
0
0
0
0
0
0
0
0
0
0
0
0
0
0
0
0
0
0
0
0
0
0
0
0
0
0
0
0
0
0
0
0
0
0
0
0
0
0
0
0
0
0
0
0
0
0
0
0
0
0
0
0
0
0
0
0
0
0
0
0
0
0
0
0
0
0
0
0
0
0
0
0
0
0
0
0
0
0
0
0
0
0
0
0
