0
0
0
0
0
0
0
0
0
0
0
0
0
0
0
0
0
0
0
0
0
0
0
0
0
0
0
0
0
0
0
0
0
0
0
0
0
0
0
0
0
0
0
0
0
0
0
0
0
0
0
0
0
0
0
0
0
0
0
0
0
0
0
0
0
0
0
0
0
0
0
0
0
0
0
0
0
0
0
0
0
0
0
0
0
0
0
0
0
0
0
0
0
0
0
0
0
0
0
0
0
0
0
0
0
0
0
0
0
0
0
0
0
0
0
0
0
0
0
0
0
0
0
0
0
0
0
0
0
0
0
0
0
0
0
0
0
0
0
0
0
0
0
0
0
0
0
0
0
0
0
0
0
0
0
0
0
0
0
0
0
0
0
0
0
0
0
0
0
0
0
0
0
0
0
0
0
0
0
0
0
0
0
0
0
0
0
0
0
0
0
0
0
0
0
0
0
0
0
0
0
0
0
0
0
0
0
0
0
0
0
0
0
0
0
0
0
0
0
0
0
0
0
0
0
0
0
0
0
0
0
0
0
0
0
0
0
0
0
0
0
0
0
0
0
0
0
0
0
0
0
0
0
0
0
0
0
0
0
0
0
0
0
0
0
0
0
0
0
0
0
0
0
0
0
0
0
0
0
0
0
0
0
0
0
0
0
0
0
0
0
0
0
0
0
0
0
0
0
0
0
0
0
0
0
0
0
0
0
0
0
0
0
0
0
0
0
0
0
0
0
0
0
0
0
0
0
0
0
0
0
0
0
0
0
0
0
0
0
0
0
0
0
0
0
0
0
0
0
0
0
0
0
0
0
0
0
0
0
0
0
0
0
0
0
0
0
0
0
0
0
0
0
0
0
0
0
0
0
0
0
0
0
0
0
0
0
0
0
0
0
0
0
0
0
0
0
0
0
0
0
0
0
0
0
0
0
0
0
0
0
0
0
0
0
0
0
0
0
0
0
0
0
0
0
0
0
0
0
0
0
0
0
0
0
0
0
0
0
0
0
0
0
0
0
0
0
0
0
0
0
0
0
0
0
0
0
0
0
0
0
0
0
0
0
0
0
0
0
0
0
0
0
0
0
0
0
0
0
0
0
0
0
0
0
0
0
0
0
0
0
0
0
0
0
0
0
0
0
0
0
0
0
0
0
0
0
0
0
0
0
0
0
0
0
0
0
0
0
0
0
0
0
0
0
0
0
0
0
0
0
0
0
0
0
0
0
0
0
0
0
0
0
0
0
0
0
0
0
0
0
0
0
0
0
0
0
0
0
0
0
0
0
0
0
0
0
0
0
0
0
0
0
0
0
0
0
0
0
0
0
0
0
0
0
0
0
0
0
0
0
0
0
0
0
0
0
0
0
0
0
0
0
0
0
0
0
0
0
0
0
0
0
0
0
0
0
0
0
0
0
0
0
0
0
0
0
0
0
0
0
0
0
0
0
0
0
0
0
0
0
0
0
0
0
0
0
0
0
0
0
0
0
0
0
0
0
0
0
0
0
0
0
0
0
0
0
0
0
0
0
0
0
0
0
0
0
0
0
0
0
0
0
0
0
0
0
0
0
0
0
0
0
0
0
0
0
0
0
0
0
0
0
0
0
0
0
0
0
0
0
0
0
0
0
0
0
0
0
0
0
0
0
0
0
0
0
0
0
0
0
0
0
0
0
0
0
0
0
0
0
0
0
0
0
0
0
0
0
0
0
0
0
0
0
0
0
0
0
0
0
0
0
0
0
0
0
0
0
0
0
0
0
0
0
0
0
0
0
0
0
0
0
0
0
0
0
0
0
0
0
0
0
0
0
0
0
0
0
0
0
0
0
0
0
0
0
0
0
0
0
0
0
0
0
0
0
0
0
0
0
0
0
0
0
0
0
0
0
0
0
0
0
0
0
0
0
0
0
0
0
0
0
0
0
0
0
0
0
0
0
0
0
0
0
0
0
0
0
0
0
0
0
0
0
0
0
0
0
0
0
0
0
0
0
0
0
0
0
0
0
0
0
0
0
0
0
0
0
0
0
0
0
0
0
0
0
0
0
0
0
0
0
0
0
0
0
0
0
0
0
0
0
0
0
0
0
0
0
0
0
0
0
0
0
0
0
0
0
0
0
0
0
0
0
0
0
0
0
0
0
0
0
0
0
0
0
0
0
0
0
0
0
0
0
0
0
0
0
0
0
0
0
0
0
0
0
0
0
0
0
0
0
0
0
0
0
0
0
0
0
0
0
0
0
0
0
0
0
0
0
0
0
0
0
0
0
0
0
0
0
0
0
0
0
0
0
0
0
0
0
0
0
0
0
0
0
0
0
0
0
0
0
0
0
0
0
0
0
0
0
0
0
0
0
0
0
0
0
0
0
0
0
0
0
0
0
0
0
0
0
0
0
0
0
0
0
0
0
0
0
0
0
0
0
0
0
0
0
0
0
0
0
0
0
0
0
0
0
0
0
0
0
0
0
0
0
0
0
0
0
0
0
0
0
0
0
0
0
0
0
0
0
0
0
0
0
0
0
0
0
0
0
0
0
0
0
0
0
0
0
0
0
0
0
0
0
0
0
0
0
0
0
0
0
0
0
0
0
0
0
0
0
0
0
0
0
0
0
0
0
0
0
0
0
0
0
0
0
0
0
0
0
0
0
0
0
0
0
0
0
0
0
0
0
0
0
0
0
0
0
0
0
0
0
0
0
0
0
0
0
0
0
0
0
0
0
0
0
0
0
0
0
0
0
0
0
0
0
0
0
0
0
0
0
0
0
0
0
0
0
0
0
0
0
0
0
0
0
0
0
0
0
0
0
0
0
0
0
0
0
0
0
0
0
0
0
0
0
0
0
0
0
0
0
0
0
0
0
0
0
0
0
0
0
0
0
0
0
0
0
0
0
0
0
0
0
0
0
0
0
0
0
0
0
0
0
0
0
0
0
0
0
0
0
0
0
0
0
0
0
0
0
0
0
0
0
0
0
0
0
0
0
0
0
0
0
0
0
0
0
0
0
0
0
0
0
0
0
0
0
0
0
0
0
0
0
0
0
0
0
0
0
0
0
0
0
0
0
0
0
0
0
0
0
0
0
0
0
0
0
0
0
0
0
0
0
0
0
0
0
0
0
0
0
0
0
0
0
0
0
0
0
0
0
0
0
0
0
0
0
0
0
0
0
0
0
0
0
0
0
0
0
0
0
0
0
0
0
0
0
0
0
0
0
0
0
0
0
0
0
0
0
0
0
0
0
0
0
0
0
0
0
0
0
0
0
0
0
0
0
0
0
0
0
0
0
0
0
0
0
0
0
0
0
0
0
0
0
0
0
0
0
0
0
0
0
0
0
0
0
0
0
0
0
0
0
0
0
0
0
0
0
0
0
0
0
0
0
0
0
0
0
0
0
0
0
0
0
0
0
0
0
0
0
0
0
0
0
0
0
0
0
0
0
0
0
0
0
0
0
0
0
0
0
0
0
0
0
0
0
0
0
0
0
0
0
0
0
0
0
0
0
0
0
0
0
0
0
0
0
0
0
0
0
0
0
0
0
0
0
0
0
0
0
0
0
0
0
0
0
0
0
0
0
0
0
0
0
0
0
0
0
0
0
0
0
0
0
0
0
0
0
0
0
0
0
0
0
0
0
0
0
0
0
0
0
0
0
0
0
0
0
0
0
0
0
0
0
0
0
0
0
0
0
0
0
0
0
0
0
0
0
0
0
0
0
0
0
0
0
0
0
0
0
0
0
0
0
0
0
0
0
0
0
0
0
0
0
0
0
0
0
0
0
0
0
0
0
0
0
0
0
0
0
0
0
0
0
0
0
0
0
0
0
0
0
0
0
0
0
0
0
0
0
0
0
0
0
0
0
0
0
0
0
0
0
0
0
0
0
0
0
0
0
0
0
0
0
0
0
0
0
0
0
0
0
0
0
0
0
0
0
0
0
0
0
0
0
0
0
0
0
0
0
0
0
0
0
0
0
0
0
0
0
0
0
0
0
0
0
0
0
0
0
0
0
0
0
0
0
0
0
0
0
0
0
0
0
0
0
0
0
0
0
0
0
0
0
0
0
0
0
0
0
0
0
0
0
0
0
0
0
0
0
0
0
0
0
0
0
0
0
0
0
0
0
0
0
0
0
0
0
0
0
0
0
0
0
0
0
0
0
0
0
0
0
0
0
0
0
0
0
0
0
0
0
0
0
0
0
0
0
0
0
0
0
0
0
0
0
0
0
0
0
0
0
0
0
0
0
0
0
0
0
0
0
0
0
0
0
0
0
0
0
0
0
0
0
0
0
0
0
0
0
0
0
0
0
0
0
0
0
0
0
0
0
0
0
0
0
0
0
0
0
0
0
0
0
0
0
0
0
0
0
0
0
0
0
0
0
0
0
0
0
0
0
0
0
0
0
0
0
0
0
0
0
0
0
0
0
0
0
0
0
0
0
0
0
0
0
0
0
0
0
0
0
0
0
0
0
0
0
0
0
0
0
0
0
0
0
0
0
0
0
0
0
0
0
0
0
0
0
0
0
0
0
0
0
0
-0.904098
0.422206
0.251138
-0.147759
-1.21817
0.263424
-0.57801
0.7631
0.276988
-0.43725
0.068698
-0.878615
-0.765859
0.0284365
0.253004
-0.106859
-0.415183
0.305826
-0.0189799
-0.552564
-1.82945
0.353493
0.526729
-0.695777
0.101317
0.248777
-1.46719
0.165824
0.0794716
-0.00760087
-0.555516
0.148052
-0.0203106
-1.49584
0.499312
0.383079
0.260238
-0.211246
-0.802187
-0.373517
0.0819909
-1.09489
-0.142397
0.203664
0.139235
0.0999119
0.298294
-1.08313
-1.01218
0.284322
-0.698962
-0.30558
0.238943
-0.748334
-0.902154
0.533067
-0.535955
-0.659246
-0.0541534
-0.267192
0.0897533
0.580803
-0.0208863
-0.81126
0.181223
-0.144738
0.684469
0.435096
-0.952153
-0.143663
-1.0016
-0.79061
-0.0777308
0.32441
0.15585
0.0463724
-2.49292
-0.329983
-0.0358698
0.255286
-0.245601
-0.211404
0.013405
-0.635658
0.374076
-0.351016
-0.427702
-0.631955
0.312011
0.136487
-1.25561
0.0097229
0.118676
-0.140116
-0.109731
0.712853
0.100015
-0.577789
-0.593507
0.487986
-0.419967
-0.829027
-1.38484
0.202454
-0.510784
-0.904138
-1.42924
-2.26877
-0.804084
0.30911
-0.0636803
-0.529874
0.214118
0.248199
-0.321461
0.191414
0.156112
-0.808094
-0.499512
0.388046
0.124878
0.225852
-0.256758
-0.176326
-0.551884
0.0185988
0.477784
-0.253137
0.661665
-0.593207
-0.341108
0.0899131
-0.865642
-0.504571
-0.845153
-0.246809
-0.909549
-0.244223
0.595208
-0.872137
-0.134548
-2.18539
0.000681898
-0.169415
-0.297398
-1.12819
0.143868
-0.495383
0.305174
-0.786437
0.226699
0.445291
0.450845
-0.498
-0.0496055
-1.06829
-0.129033
0.14581
-0.875277
0.420212
0.276255
0.280958
0.0705403
-1.31517
0.259984
-0.241474
-1.39886
-1.47564
0.235127
-0.270608
-0.871711
0.185431
0.269522
0.483747
0.5447
0.0287523
0.314591
0.364811
-0.870782
-0.356986
-0.13433
0.540262
0.547311
0.0824748
-0.585219
0.478579
0.240794
-0.138291
0.287573
-0.790158
0.296514
-0.0156817
-1.00773
0.111717
0.67911
0.474762
-0.408631
-0.579805
0.117931
0.341125
-1.19079
-0.00475839
0.58988
0.328575
-0.564101
0.125313
0.118005
-0.907969
-1.12026
-2.02576
-0.88049
-0.252288
-0.874222
-1.17758
-0.216228
-0.87122
-1.15243
-0.289466
-0.186622
-0.33077
-0.638552
0.430363
-1.53183
-0.607159
-0.296731
-0.338564
-0.187131
-0.272815
-0.694344
0.677483
-1.28503
-0.844495
0.72842
-0.484374
0.37302
0.243069
-0.0886392
-0.748764
-0.452385
-0.666963
-1.13059
-0.45932
-0.173792
0.345063
-0.061228
0.0816556
-0.533846
-0.164955
-0.510075
-0.367254
0.186962
-0.339975
0.564295
0.52522
-0.363241
-2.35699
-0.224402
0.0440529
-1.48488
-1.06415
-1.11323
-0.768959
-0.0256013
0.639601
-1.44987
-0.832798
-1.68013
0.392553
0.158794
-0.481662
-0.0994196
0.127379
0.158499
0.375789
-0.000720849
-2.19544
-0.302643
-0.397692
0.142429
-0.0452517
-0.373167
-0.087856
0.274848
0.0713469
-0.382314
-0.39818
-0.4054
-1.43908
-0.0613104
-0.708904
0.138763
0.60543
-0.835404
0.10301
-0.640059
0.358513
0.517946
-1.93261
-2.4298
0.192846
-0.951712
-0.407297
-0.0615865
-0.0528536
-1.74914
0.113649
-0.654075
-0.303566
0.564853
-1.14233
-0.762225
-0.953723
0.798793
-1.62118
-1.24521
0.040552
-0.526598
-1.82803
0.442733
-0.781746
0.434625
0.0240274
0.419925
-0.0161347
0.685819
-0.356698
0.2267
-1.69286
0.343523
-0.0264213
-1.7618
0.0212213
0.479544
-0.526625
0.00398425
-0.415619
-0.111419
0.243231
-0.917454
-3.19218
-3.29716
-0.502236
0.667201
0.111526
-0.74435
-0.401626
0.234629
-0.612824
-0.215103
0.33832
-1.27106
0.310325
0.113147
-0.210462
0.148531
0.338816
-0.908445
0.0806501
-0.827536
-0.424717
-1.0139
0.323284
-1.15718
0.391081
-1.25369
-0.389428
0.0982354
0.225996
-1.52441
-0.204867
-0.284085
-0.843951
0.35544
-0.254295
0.494786
-2.40611
0.711611
-0.610423
0.262158
-1.49983
0.46576
-0.908606
-1.50331
-0.38315
0.24714
-0.235758
-0.116365
-0.717083
0.254276
-0.891636
-0.421748
-1.08213
0.390133
0.822383
-0.667422
-0.0768016
0.306032
-1.39249
-0.126864
0.388273
-0.989931
-0.434092
-2.04677
0.476279
-1.22079
0.491793
-1.1801
-0.990411
-1.30759
-1.33868
0.0522784
-0.667697
-0.553468
-0.305475
-0.256337
0.905743
-0.474375
-0.326395
0.541716
-0.553059
-0.521626
-0.652161
-1.1002
-1.91883
-1.23253
-0.754081
0.478272
0.0666244
0.256743
-0.651778
-0.787227
-0.622033
-0.441341
-1.05053
-0.828899
0.445147
0.0995268
-0.246015
-1.49268
-1.03702
0.418282
0.427595
-0.266547
-0.638098
0.31242
-1.70764
0.0395657
-1.14908
0.0881676
-0.980147
0.0725839
0.0614603
0.610009
0.542569
-1.75699
0.316556
0.0468377
-0.942509
-0.178627
-0.319694
-0.0549553
0.484506
0.251401
-0.114232
-0.846667
0.235818
-0.502621
-0.463462
-0.975558
-0.309892
0.0145082
0.209614
-0.756166
-0.220554
-0.691086
0.735877
-1.68521
-1.06394
0.458984
0.0412864
-1.02462
0.282952
-0.11819
-0.205135
-0.151896
-0.865017
0.240121
0.281578
0.380907
-0.86486
-0.388539
-0.535124
0.483683
-0.105736
0.309265
-0.237433
-0.630016
0.285327
-0.445965
-0.007484
-1.11254
-2.0363
-1.42592
0.17801
-0.461178
-0.90086
-0.413305
-0.575682
-1.20883
0.243606
-0.169745
0.171148
-0.0424528
0.0289424
-0.246701
-0.221717
-0.19591
0.353295
-1.03204
-0.386385
0.379689
-2.36263
-1.12911
-0.221908
-0.396348
0.375649
-1.63466
0.242258
-0.0289146
-0.0901816
0.424757
-0.445928
0.185084
0.319242
-0.129595
-0.149629
0.222321
0.065184
-1.11611
-0.248994
-0.734125
-1.53271
0.133558
-0.755599
0.136609
0.50742
0.131041
-1.13077
0.389908
-0.70594
-1.44273
-1.4063
-0.406539
-0.0980336
0.144574
0.105927
0.161191
0.0825656
-1.91721
-1.04997
-0.325772
0.332186
-1.88373
-1.52462
0.407391
-0.404319
-0.0141627
-0.829763
-0.448452
0.449918
-1.37677
-2.61343
-0.213632
0.353657
-1.20075
0.337127
-0.839888
-1.08456
0.20881
0.0509405
0.155302
0.0585553
-0.839287
-0.770255
-1.59778
-1.26435
-0.518224
0.201152
0.385315
-0.772733
-0.851151
-1.10969
-0.133778
0.220872
0.347279
-0.180841
-0.767885
-0.454237
-0.322242
0.0506919
-1.41323
0.0762523
-1.11007
0.335935
-1.25145
-0.254956
-2.07626
0.350934
-0.503637
-1.9227
0.267943
0.244067
0.497983
-2.32741
0.427065
0.390096
-0.470773
0.0528831
-0.155485
-0.613066
-0.221191
-0.713275
-0.573339
-1.60401
-0.00160896
-1.0982
-1.09369
0.561418
-1.34109
-0.355276
0.0818277
-1.22232
-0.607284
-1.02351
-1.61952
0.47951
-0.0165923
-0.391008
0.0604221
-0.000991613
0.212332
0.0432051
0.138486
-0.248633
-0.736351
-0.31673
0.000466672
-0.374113
-0.58028
-0.421419
-1.5643
0.122403
-0.261328
-0.0220584
-0.515794
0.0678244
0.40864
-0.635777
-0.664656
-1.37026
0.286229
-1.05756
-0.407305
-0.743955
-0.925059
-0.368744
-1.40853
-0.0347165
0.443656
0.246388
-0.406018
-0.218797
0.573152
-0.695271
0.304763
-0.24425
0.655375
0.550387
-0.842752
0.656023
0.593435
-1.9387
-1.05183
-1.96141
0.438415
-0.679379
-0.27293
0.481593
-0.636464
-0.218996
-0.29963
-0.934745
0.392851
-0.223687
0.436155
-2.40346
-0.0537588
-0.933174
-0.0543859
-0.429119
-1.8689
0.407354
0.61446
0.0570936
-0.671474
0.296742
0.356032
0.124103
-0.309665
-0.121165
-0.842755
-2.09633
-0.196698
-1.60762
0.288391
-1.06358
-1.23077
-0.0815163
0.268672
-0.790056
0.226543
-0.0250155
-0.980405
0.351259
-0.38077
-0.641313
-0.19457
-0.947078
-0.177172
-0.0374597
0.541738
-1.38381
-0.384335
-0.821333
-0.839707
-0.404929
0.143554
-0.280955
0.134328
0.138868
-0.539758
-0.176989
0.151637
-1.36219
0.69885
-0.424805
-0.256834
-0.566159
-1.71
-1.74063
-0.33594
-1.3217
-0.792395
0.150809
-0.0293945
0.409102
0.442188
0.0715187
0.166883
-0.608702
0.132349
0.0675466
0.053007
-1.2642
-0.784577
0.400558
-0.0852051
0.00262342
-0.836008
0.449544
-0.240008
-1.58987
0.501121
-0.0911407
0.437329
-0.195176
-0.0810806
-0.140403
0.207661
0.173028
-0.762683
-0.344126
-0.576222
0.468823
0.512714
-1.54025
-1.41898
0.232999
0.597027
-0.414676
0.308321
-0.743567
0.0764414
0.373295
0.133443
-0.347953
-0.733478
-1.78267
-1.57409
-0.469142
-0.371395
0.585985
0.210448
0.169826
-0.348109
-0.435632
0.14197
-1.17358
-1.29632
0.22876
0.171481
-1.74999
0.457944
-0.239523
-0.947141
-0.771925
-0.60556
-0.0155264
0.474346
-0.16019
0.0302536
-0.0539066
-1.53229
-1.83597
0.154568
0.281603
0.285819
-1.56353
-0.983473
-0.34502
-1.0745
-0.884282
-0.834955
-0.219799
-1.21104
0.126351
0.232451
-0.783611
0.521003
0.348898
0.456448
-0.281283
0.181648
-0.771728
0.375236
0.563515
0.440269
-0.684322
-0.304167
-0.676623
-0.261443
-0.960094
-1.3097
-1.62161
0.137999
-0.0377668
-0.86776
-1.56482
0.161596
0.151453
-1.16817
-1.31121
0.518538
-0.527449
0.562503
-0.785048
-1.43841
-0.320861
-1.10265
-0.0101096
0.0495741
-1.03387
0.351013
-0.706269
0.0422227
-1.0654
-0.774111
-0.701964
-0.411636
-2.20788
0.697526
-0.635283
0.369462
-0.767481
-0.378292
-1.23774
-0.257508
0.0657927
0.082392
-0.969021
-0.268461
0.0779493
-0.166299
-1.04875
0.168541
-0.178214
-0.796651
-1.32566
-1.15062
-0.412981
-1.47511
-1.1525
0.510495
-1.21907
0.629134
0.134859
-0.260212
-1.01202
-1.59314
-0.649118
-0.377912
0.596833
0.485053
-1.24831
-1.29882
-0.165166
-0.281001
0.0211607
-0.316834
-0.465815
0.164556
0.329693
-0.948999
-0.183191
0.0138451
-0.659014
-1.07031
-1.83218
0.258839
-0.442958
-0.151648
-0.430462
0.380865
0.515911
0.454713
-0.571917
0.204417
-0.575678
0.671003
0.434193
-0.546819
0.242504
-0.666585
-1.68766
-0.0236303
0.488665
-0.0434056
0.135604
-0.320699
-0.0568314
0.347668
0.701023
-0.736647
0.0675786
-0.992746
0.0444116
-0.322452
-0.016881
-0.627686
0.0151577
-0.0615659
0.133061
-0.619141
-0.432945
0.318358
-1.29523
0.0101465
-0.100648
-0.211516
0.326117
0.0885858
-0.992647
-0.0503309
0.541288
0.491493
-0.286167
-0.44367
-0.269545
-0.386156
0.0223297
-0.564487
0.293369
-1.77183
-1.15877
0.0762336
-1.72158
0.205497
0.143158
0.386448
0.316993
-0.347362
-0.106624
0.00582374
-0.588563
-0.334894
0.0900279
0.505417
-0.481342
-1.13006
-2.47229
0.561655
0.440428
-0.635414
-0.805387
-0.24441
-0.176791
-1.19045
-0.372293
-0.485044
0.0616248
-0.539851
-0.0585944
-0.404676
0.0189771
-1.07254
-1.11308
0.0587645
-0.0969055
0.00481095
0.296465
-0.24088
0.0592214
0.521207
0.448297
0.0161006
0.538266
-0.603653
-1.00794
0.272805
-0.0729299
0.507727
0.262838
-0.940719
-0.583707
-0.43198
-0.510412
-0.534614
0.0684297
0.418059
-0.775293
0.385174
0.197291
-0.0570445
-0.517465
0.396203
-1.01043
0.0272676
0.0146656
-0.3218
0.00383086
-0.512746
0.0267194
-0.174412
0.164871
0.0797467
-0.222889
-1.01055
-0.19854
-1.92299
0.329215
0.273224
-1.07793
-0.12679
-0.0237092
-0.138705
0.282678
-1.6596
0.224317
-0.384507
-0.479014
-0.51183
-0.081263
-0.762237
0.566314
-0.423929
-0.0586004
0.530598
0.250753
-0.179384
-0.00287077
0.183736
-0.970092
-0.540606
-1.13884
-0.161536
-0.59291
0.16155
0.562023
0.445569
-0.692535
-0.173222
-0.52312
0.219801
-0.660246
-0.239242
-0.0345707
-0.160142
0.266617
0.0819998
-1.3745
-0.732887
-0.0874625
0.553196
-1.03921
0.366802
0.0107859
0.203939
0.244621
-0.677367
0.340828
-1.74477
0.537575
-0.241519
-0.664451
-1.15544
-0.115928
-0.852064
-1.20808
-0.790273
0.279326
0.15074
-0.893764
-0.668618
-0.0393459
-1.71877
-0.48397
0.604658
0.401602
-0.560603
-1.30622
0.362412
-0.357694
-0.728426
-0.476499
-0.0195481
0.0795516
-1.67065
0.283472
-0.129875
-0.722556
-0.520048
0.16667
-0.277051
0.231451
-1.47103
0.449663
0.249481
0.0850309
0.543771
-1.85389
-0.459114
-0.56694
0.0574483
-0.23566
0.265117
-0.600927
-0.176201
-0.98961
0.304756
0.2933
0.27545
-0.262552
-0.16779
-0.434315
0.250291
-0.822506
0.192862
0.46663
0.45438
0.385338
0.30032
0.666716
-1.51691
-0.234279
0.073437
-1.39228
-0.237758
-0.227571
-0.0959566
0.168022
0.0195631
-0.032225
-0.0878534
-0.313788
0.152362
-0.227729
-0.233008
-0.214345
-0.756536
-0.654676
0.154821
-0.523785
-0.972839
0.0357971
0.327997
0.229399
-0.470043
-0.249854
0.334026
-0.274186
-0.734097
0.338612
-1.01732
-0.0460784
-0.687768
-1.63304
-1.37602
-0.310898
-0.388261
-0.113144
0.544097
0.107023
0.134226
0.0410851
-0.483114
-0.483787
-0.137332
-0.021391
0.0726837
-0.352395
0.151758
-1.21477
-1.66824
-0.641501
-0.224397
-0.738135
-0.681476
-1.37792
0.410088
0.250647
-1.03159
-0.640082
-0.0755948
-0.910328
-1.23568
-0.218468
-0.93652
0.274382
0.293699
-0.881375
-0.562064
0.36804
0.325814
0.547688
0.663996
-2.35958
-0.486357
-0.0252473
-1.57323
-0.0327575
-1.74464
-0.318295
-0.155973
-0.957678
0.319956
0.209219
0.636167
-0.0422477
-0.33674
0.186261
0.336296
-0.7226
-0.810448
-2.20139
-0.129544
-0.282889
-0.847169
-0.0881821
0.25872
-0.124316
-0.282721
-0.191781
0.263048
0.428428
-0.0290595
-1.61348
0.422204
-0.336074
0.439906
0.377746
-0.0611359
-0.457574
0.187662
0.449302
-0.573362
-0.925465
-0.450768
-1.25143
0.0585101
0.374425
-0.378712
0.698418
0.132485
-0.311997
0.170015
-0.020109
-0.462735
-0.795931
0.235875
0.206681
-1.04559
-0.270144
-0.370366
-0.0370578
0.609086
-0.166961
0.202356
-0.581878
-2.07894
-0.347679
0.541189
-0.129127
-1.09865
-0.140027
-0.172551
-0.0294777
-0.182536
-0.852878
-0.448917
0.412933
-0.439029
-0.688109
0.128093
-0.551294
-1.15347
-0.407315
-0.154632
-0.0670001
-0.627613
0.231474
-0.776011
-0.0790344
-0.373325
0.288924
0.0582576
-0.239694
-0.0346701
0.211654
0.405941
-0.630085
0.108891
-3.34684
0.398935
0.0648115
-2.21778
0.10262
0.705502
0.400547
-0.0797019
0.341681
0.468813
-0.0985033
-1.0827
-0.0243551
0.0343568
-0.214386
-1.59341
-1.95375
0.301126
0.236083
0.265002
-0.73001
-0.144303
-0.280487
0.354288
-0.540206
-0.169223
-0.115207
-0.21342
-0.991279
0.256118
0.21909
0.317778
-0.315939
-1.59816
0.435686
-0.291617
0.289248
-0.137334
0.0962833
0.527552
-0.0319329
0.245337
0.00100232
0.197823
-1.63106
-0.464847
-1.32176
-0.272697
-0.4509
0.418935
-0.187291
-0.303602
-0.177013
-0.926629
0.102807
0.110064
-0.218928
0.0930828
-0.68959
-0.181207
-0.800498
-0.398864
0.337846
-0.629721
0.346796
0.00340589
-0.52608
-0.609886
0.115115
0.236537
-0.0899316
-0.2291
0.094288
-1.12548
-0.793941
-0.121448
0.149708
0.484121
0.0147442
0.100505
-0.237227
0.36492
-0.116758
-1.01867
0.146133
-0.31316
-0.531479
0.11818
-0.270099
0.545646
0.476778
0.441438
0.267369
-1.58157
0.0783318
-0.956509
-0.635017
-0.236885
-0.695149
-0.819183
-0.0705935
-0.636592
-1.39817
-0.0273494
-0.289366
-2.00097
-0.437468
-0.590683
-0.769769
0.522539
-0.733666
0.237875
0.167925
-1.02567
-0.601448
0.454036
0.389718
0.228656
0.208783
-0.288926
-1.46571
0.107385
0.29419
-0.0167834
-1.40574
-0.15218
-0.25906
0.260792
0.402457
0.143308
0.454449
-0.238717
-0.501466
-0.384705
0.362752
0.243514
-2.67699
-0.648776
0.395241
-0.472893
0.00127324
-0.0104716
-0.227754
0.480129
-0.0181113
-0.102536
-0.0318157
0.234385
-1.00341
0.326942
0.558327
0.365173
0.477706
-1.19644
-1.65012
-0.491298
0.332141
-0.00346127
-0.405827
0.282985
0.351726
-0.0316011
0.456555
0.00379263
-0.0457318
0.554766
-1.46969
-0.412963
0.14494
-0.869553
-0.700448
-0.866778
-0.984843
-0.189244
0.322243
-0.966103
-0.461763
-0.36374
-0.0808175
-0.710975
0.563681
-0.156323
0.312466
-1.84466
-0.872585
0.233662
-1.07845
-0.71326
-0.191173
0.018795
-0.56425
0.443843
0.03569
-0.0203
-0.0348357
-0.891635
-1.1592
-0.0268693
0.149874
0.207894
-0.383785
-0.743385
0.236837
-0.536769
-0.54306
-0.440902
-0.421596
0.358509
-1.02492
-0.877137
-0.869836
0.0699034
-0.622782
-0.639262
0.235718
0.0325471
0.40771
-1.01718
-0.614669
-0.176439
-1.55726
0.00712343
0.0270161
-0.0504241
-0.325762
0.269124
-0.722471
0.120399
-0.484439
0.121751
-0.251271
0.520651
-0.811813
-0.252237
-0.437697
0.0155803
-0.547301
-0.171497
-0.855183
0.0511062
0.493939
0.0392225
-0.485815
0.562639
-0.854623
-0.368936
-0.76082
0.152576
-0.659674
0.0887256
-0.031849
0.306718
-0.978598
0.781878
-0.159592
0.0262367
0.00474496
-0.743159
-0.530059
-0.994216
-0.36933
-0.608752
0.256137
0.395725
0.184024
0.215663
-1.2717
-0.461268
-0.353824
-1.2607
0.0496884
-0.98552
0.196485
0.39807
-0.530619
0.0503063
-0.644704
0.00118345
-1.13193
-0.156722
-0.0968926
-0.291609
-1.54753
-0.739706
-1.21713
-0.300479
0.25451
-0.932121
0.259634
0.228238
-0.106137
0.459765
-0.380566
-0.185181
-0.25065
-1.55423
-0.155637
0.131448
0.122254
0.293986
0.0760629
0.101717
-0.500454
0.432411
-0.497207
-0.547452
0.377006
-0.202677
-0.748519
-0.717111
0.59303
-0.211825
-0.0185585
0.0596104
0.123584
0.315731
0.541425
-0.540608
0.0947463
0.52592
0.576799
-1.85604
-0.927258
0.210677
-0.374946
-0.325134
-0.616983
0.0381526
-0.414623
-0.951867
0.26368
0.185285
0.310486
0.0301374
0.407879
0.119853
0.0138236
-0.0640942
-0.940527
-0.583642
-0.606618
-0.512841
0.0251747
0.168556
0.194469
-0.939643
-1.07974
-0.379929
-1.11601
-0.490117
0.216499
-0.314228
-0.577467
-0.0634577
0.0964245
-0.942537
0.231587
0.80454
-0.676238
-1.41334
0.307036
0.00214138
0.381718
-0.922997
0.311917
-0.945031
-0.394215
0.350218
0.023572
0.129382
-0.230718
-1.05881
-0.0659326
-0.728191
0.126745
-0.318386
0.323928
-0.387669
-0.0543506
0.0267145
-1.46796
-0.328054
0.505679
-1.12333
-0.389551
0.343329
-0.164917
0.00984476
-1.60392
-0.192332
0.111785
0.205242
-0.0162117
-0.3775
-0.736459
-0.688163
-0.799182
-0.0208612
0.51456
-0.853418
-1.08117
0.55642
0.457514
0.113155
0.459705
-0.781781
-1.4897
0.00750197
0.495665
0.38316
-0.112225
-1.37579
-0.246732
-0.593961
-0.38281
-0.692366
-0.741363
-0.0579423
-0.555998
-0.998364
0.175924
0.762436
0.0106832
0.219261
-0.510305
-0.146099
-0.383474
0.0372332
-0.171381
-0.409922
-1.37342
-0.0821541
-0.773796
-0.416223
0.0404215
0.179319
-0.169387
-0.159352
-0.151131
-0.645973
0.18358
-1.10944
-1.29444
-0.0688399
0.362684
0.0395177
-0.407436
0.253442
-0.146403
0.0341345
-0.341593
0.0742434
-0.437892
0.613811
-0.30646
0.494505
0.0675351
0.014952
-0.264506
0.125002
-0.939578
-0.364694
-0.483896
-0.276595
0.689054
-1.34926
-0.565248
0.238584
-0.315059
0.465824
0.365307
0.347403
-0.765451
-0.646177
0.218785
-0.361012
0.28932
-0.615397
0.218957
-0.369087
0.540346
-1.46978
0.0590592
-1.9537
0.0457064
-1.06389
-0.911854
-0.141546
-0.910019
-0.548951
0.0450088
-0.517031
0.152752
-0.287605
0.330798
0.39891
-0.573712
-0.672871
-0.120242
-0.19163
0.248146
-0.796177
0.63795
0.347171
0.373977
0.328034
0.0426911
-0.0561198
0.155519
-1.21884
0.0924079
-0.071682
-1.34746
0.595201
-0.403845
-0.619877
-0.889325
0.29239
0.411423
0.329284
0.364513
-0.312058
0.311848
-0.0743561
0.13214
0.139109
-0.167311
0.234645
-0.0112758
-0.00961199
0.273517
-1.32443
0.375707
0.282893
-0.644
0.48575
-1.1848
-0.285451
-1.04052
0.223828
-0.309332
0.457612
0.0344652
-0.440456
-0.33188
0.419299
0.730291
0.099302
-0.221168
0.351643
0.652521
-1.21845
0.331384
-0.617604
-0.444022
-0.0275494
-0.895643
-0.7154
-2.27413
-0.0913435
-0.457448
-0.988247
0.126302
-0.121338
0.365125
-0.0181285
0.179516
-0.504238
0.135615
0.429741
0.0994224
0.190987
-0.244283
-0.37805
-0.0907697
0.331231
-0.637348
0.433315
0.0685667
-0.627049
-1.19871
0.114337
0.421505
-0.0452858
0.388279
-0.00386369
0.506647
-1.91293
0.452267
0.178405
-2.47323
-0.645082
0.304269
0.374481
-0.9554
-1.54174
0.358985
-0.0271685
-1.31484
0.320054
0.353636
-0.0595159
0.213552
0.192296
-0.595121
-0.217762
-0.379358
-1.07735
0.531804
-1.13836
-0.155938
-0.876939
-0.622828
-0.867413
-1.55536
0.334365
0.0569766
-0.506792
0.0308896
-0.615027
-0.413591
-0.167219
-0.0370834
-0.0528586
0.729643
0.540817
-1.36386
-0.246224
0.721026
-0.638265
-0.383066
-1.61891
0.19536
-0.958323
0.342746
-0.710993
-0.0159977
-0.407972
-0.966259
0.164072
-0.0175521
-0.14646
0.0937644
-0.822569
-2.69052
0.298089
0.262605
-0.651167
-0.357682
-0.942894
-0.0130701
0.0594037
0.578474
0.337835
-0.622952
-0.358744
-1.40084
0.541029
-0.803938
