1.42714
1.23307
1.02498
1.05095
1.04483
1.15103
1.05755
1.05174
1.03613
1.02498
1.024
1.15169
1.02899
1.04303
1.0715
1.53736
1.13566
1.29012
1.17191
1.04049
1.19136
1.024
1.16054
1.02498
1.02875
1.28838
1.04115
1.19115
1.21293
1.02498
1.03395
1.024
1.18761
1.024
1.29208
1.28375
1.45004
1.024
1.024
1.03521
1.03882
1.11903
1.024
1.024
1.04395
1.06309
1.02822
1.02631
1.07691
1.12885
1.21122
1.024
1.17796
1.08645
1.15129
1.024
1.22283
1.16325
1.0695
1.05117
1.56241
1.07383
1.1607
1.06883
1.1114
1.09248
1.02498
1.02498
1.02498
1.29164
1.0431
1.10641
1.17206
1.07316
1.024
1.03067
1.36144
1.0267
1.02498
1.02498
1.02498
1.02498
1.05868
1.26284
1.06457
1.0834
1.024
1.15649
1.02533
1.03297
1.17247
1.08282
1.02709
1.024
1.02498
1.05687
1.02498
1.02498
1.024
1.13241
1.16385
1.02498
1.2255
1.28619
1.024
1.11883
1.21461
1.02498
1.54718
1.02498
1.024
1.25582
1.024
1.05418
1.024
1.12042
1.20681
1.34244
1.02498
1.02498
1.05748
1.024
1.024
1.44631
1.2149
1.25434
1.21873
1.024
1.12942
1.024
1.02917
1.03242
1.024
1.06707
1.02498
1.024
1.03379
1.024
1.17928
1.024
1.02736
1.024
1.033
1.07322
1.03249
1.17017
1.25743
1.024
1.024
1.03942
1.37002
1.02498
1.11582
1.25834
1.04976
1.024
1.16425
1.02755
1.1086
1.024
1.06153
1.02498
1.11093
1.03258
1.06744
1.02498
1.13323
1.06371
1.08474
1.2939
1.024
1.09198
1.024
1.07358
1.03766
1.02791
1.08771
1.1998
1.30563
1.23314
1.024
1.029
1.06403
1.06552
1.02498
1.06203
1.024
1.024
1.09182
1.16523
1.05698
1.05692
1.02498
1.13037
1.027
1.28042
1.024
1.02623
1.28834
1.31088
1.024
1.05985
1.03211
1.03569
1.0401
1.12163
1.024
1.09366
1.024
1.024
1.05315
1.07413
1.28817
1.09353
1.11336
1.06122
1.02498
1.06305
1.07921
1.25514
1.02498
1.05507
1.15514
1.03892
1.19795
1.03089
1.10598
1.024
1.1444
1.20677
1.02843
1.02821
1.07956
1.02879
1.03943
1.07861
1.13933
1.17262
1.10622
1.15834
1.024
1.31262
1.024
1.0917
1.04721
1.20514
1.02649
1.12039
1.024
1.0541
1.26986
1.34614
1.03462
1.04773
1.04713
1.03504
1.10163
1.024
1.04381
1.03439
1.024
1.02894
1.03176
1.06357
1.11152
1.06597
1.024
1.0353
1.2178
1.024
1.02498
1.18732
1.07232
1.04787
1.04475
1.02656
1.0361
1.024
1.07665
1.08118
1.02762
1.12664
1.024
1.04459
1.024
1.3103
1.22567
1.10611
1.024
1.06309
1.03282
1.024
1.02498
1.25807
1.03662
1.03086
1.024
1.15849
1.05689
1.07073
1.02985
1.03968
1.04293
1.1427
1.02918
1.02498
1.24264
1.03609
1.35378
1.36152
1.12888
1.024
1.05314
1.06772
1.02661
1.10425
1.024
1.09372
1.08326
1.05147
1.0251
1.024
1.03126
1.04867
1.02498
1.08777
1.024
1.02498
1.06367
1.02498
1.06865
1.02844
1.05389
1.05489
1.02498
1.29346
1.0455
1.04511
1.30886
1.03643
1.08853
1.12096
1.11087
1.03373
1.05505
1.03525
1.24784
1.024
1.1393
1.123
1.024
1.08562
1.024
1.07997
1.02986
1.024
1.02498
1.06304
1.09149
1.18961
1.024
1.0491
1.0652
1.02498
1.02708
1.29598
1.20526
1.04987
1.02506
1.15249
1.09936
1.02831
1.02498
1.02908
1.10374
1.024
1.08318
1.13707
1.06741
1.02498
1.03432
1.17647
1.02717
1.25237
1.04254
1.21009
1.02501
1.024
1.03997
1.02709
1.04337
1.31023
1.14154
1.13764
1.2197
1.03892
1.05592
1.02498
1.23281
1.40005
1.06931
1.08223
1.03509
1.05759
1.07008
1.02513
1.1151
1.024
1.226
1.02498
1.05233
1.67536
1.02498
1.29555
1.45254
1.15914
1.02498
1.02498
1.06301
1.22798
1.024
1.03785
1.51636
1.07272
1.02498
1.024
1.02544
1.024
1.05838
1.34317
1.02699
1.02544
1.25636
1.02498
1.04102
1.02498
1.024
1.14406
1.0325
1.1748
1.02948
1.10081
1.04022
1.03596
1.14978
1.11915
1.024
1.10748
1.1479
1.33043
1.024
1.02878
1.65478
1.1071
1.0305
1.0435
1.02609
1.024
1.11318
1.02498
1.02498
1.1242
1.05288
1.55335
1.281
1.05745
1.18195
1.05848
1.02498
1.024
1.20814
1.3226
1.02981
1.03016
1.08983
1.721
1.25695
1.02902
1.04266
1.32279
1.03092
1.02498
1.02498
1.03064
1.08866
1.22111
1.024
1.3457
1.02669
1.03681
1.46958
1.2303
1.05339
1.11431
1.024
1.02498
1.28926
1.21942
1.024
1.03125
1.05335
1.24682
1.05453
1.03455
1.024
1.02669
1.02631
1.35734
1.024
1.05629
1.04841
1.12133
1.02498
1.07226
1.06561
1.02667
1.32303
1.02498
1.02709
1.08588
1.2386
1.0665
1.024
1.02498
1.1688
1.024
1.19819
1.0252
1.024
1.1106
1.19381
1.024
1.08523
1.024
1.26374
1.30975
1.02498
1.024
1.30417
1.02498
1.10463
1.03089
1.024
1.30495
1.024
1.12529
1.024
1.02498
1.32944
1.02498
1.04531
1.024
1.024
1.5997
1.37641
1.02498
1.04053
1.09836
1.03912
1.024
1.02782
1.11507
1.06966
1.02498
1.024
1.02799
1.301
1.2397
1.5285
1.10639
1.02692
1.5205
1.32378
1.35357
1.02498
1.03822
1.17733
1.2089
1.09996
1.024
1.05418
1.26237
1.024
1.02775
1.024
1.025
1.0523
1.02498
1.27054
1.02885
1.024
1.09893
1.04998
1.03438
1.1698
1.21847
1.03885
1.02498
1.06324
1.23064
1.13962
1.02498
1.03817
1.024
1.07031
1.024
1.18994
1.0859
1.23936
1.04288
1.08218
1.024
1.22354
1.22982
1.03344
1.024
1.024
1.31652
1.0283
1.04226
1.09981
1.02498
1.0493
1.05657
1.14625
1.11909
1.15091
1.02498
1.024
1.03716
1.12775
1.06693
1.02498
1.21979
1.03976
1.49573
1.06074
1.05179
1.024
1.02912
1.20172
1.024
1.05179
1.22967
1.08835
1.18255
1.05623
1.02654
1.02498
1.10699
1.02671
1.024
1.02808
1.23867
1.024
1.33173
1.17994
1.024
1.24119
1.02499
1.06035
1.0606
1.20683
1.05039
1.0403
1.21974
1.44786
1.02498
1.07134
1.07657
1.07295
1.03069
1.16228
1.02659
1.02498
1.11409
1.15439
1.02498
1.024
1.20934
1.07551
1.02498
1.05941
1.08143
1.1734
1.20102
1.02728
1.0257
1.02904
1.10144
1.33834
1.024
1.4632
1.0285
1.03195
1.15762
1.08032
1.024
1.07861
1.10963
1.12041
1.0301
1.19244
1.03498
1.02661
1.02789
1.02499
1.02947
1.13278
1.23555
1.024
1.31459
1.1767
1.04025
1.05825
1.03698
1.04151
1.02681
1.08275
1.02498
1.24242
1.03208
1.27131
1.04493
1.04285
1.028
1.04098
1.02499
1.04405
1.07038
1.14259
1.1146
1.36008
1.024
1.024
1.08349
1.18974
1.35686
1.065
1.06831
1.08129
1.20332
1.19721
1.02969
1.02837
1.29142
1.22412
1.23907
1.08248
1.024
1.48165
1.07367
1.05449
1.22682
1.09071
1.03269
1.02498
1.02923
1.10329
1.11519
1.02518
1.024
1.22992
1.08573
1.18874
1.0822
1.18293
1.12464
1.024
1.47118
1.08548
1.19541
1.54204
1.37831
1.024
1.08393
1.02678
1.024
1.024
1.04514
1.19862
1.03774
1.1188
1.024
1.08659
1.024
1.07932
1.14776
1.0692
1.05799
1.024
1.02599
1.024
1.02498
1.17915
1.06227
1.17903
1.17427
1.16955
1.025
1.024
1.02749
1.03128
1.02659
1.31923
1.02662
1.19468
1.024
1.05743
1.08938
1.02498
1.14562
1.0417
1.13243
1.024
1.02668
1.24328
1.024
1.02922
1.024
1.2273
1.20093
1.08664
1.05157
1.02511
1.02736
1.024
1.08341
1.43725
1.04497
1.26223
1.024
1.02783
1.22228
1.22933
1.024
1.13357
1.02498
1.04889
1.4306
1.33217
1.05103
1.02919
1.024
1.03339
1.09278
1.03969
1.14297
1.02949
1.07295
1.024
1.03532
1.32712
1.02908
1.024
1.05178
1.03031
1.03592
1.03426
1.28522
1.16293
1.02498
1.35486
1.02498
1.02801
1.1476
1.02498
1.37034
1.43519
1.03291
1.02721
1.13402
1.04335
1.04315
1.03113
1.02882
1.024
1.024
1.09049
1.03271
1.024
1.24513
1.06047
1.06924
1.03892
1.18405
1.36753
1.05552
1.05591
1.28741
1.15175
1.02498
1.25862
1.02956
1.024
1.06198
1.28871
1.2056
1.02659
1.024
1.03594
1.12561
1.40399
1.06199
1.024
1.02818
1.06347
1.024
1.63699
1.46877
1.02886
1.024
1.024
1.024
1.15118
1.26203
1.02874
1.024
1.18209
1.21497
1.08221
1.2689
1.21875
1.38586
1.02878
1.04367
1.024
1.02498
1.10862
1.08055
1.26202
1.02952
1.08845
1.11704
1.04038
1.02499
1.024
1.02498
1.024
1.03073
1.14999
1.02649
1.024
1.02514
1.18945
1.05657
1.02611
1.1519
1.21745
1.17887
1.03656
1.024
1.18556
1.05132
1.34886
1.25148
1.30712
1.024
1.02498
1.03693
1.08343
1.05545
1.06406
1.04918
1.14229
1.04906
1.03642
1.02804
1.024
1.024
1.024
1.02498
1.024
1.13556
1.02498
1.024
1.08006
1.06011
1.02759
1.0368
1.27839
1.1728
1.11145
1.0402
1.024
1.22909
1.02498
1.39121
1.024
1.02498
1.06628
1.02498
1.19593
1.02498
1.08349
1.02939
1.03927
1.05916
1.02532
1.024
0.907101
1.17964
0.887719
0.953903
1.18966
0.867818
1.02384
1.09352
0.825616
1.12496
1.12947
0.864846
1.11308
0.852932
1.253
1.17327
0.844784
1.04546
0.869898
0.841438
1.02549
0.876258
1.29539
0.8192
0.875418
0.821071
0.819689
0.933116
0.884929
0.821308
1.25098
1.16686
0.934304
0.820137
1.01256
0.919102
0.874196
0.868936
1.02281
0.839011
1.35667
0.84262
0.831589
1.18303
0.819689
0.926312
1.12691
0.907068
0.853304
0.82926
0.862808
0.830546
1.03999
0.937049
1.6809
1.04659
1.19923
0.87078
1.31248
0.835476
1.00425
0.878868
0.995303
0.891835
0.825728
1.58466
0.926197
1.18941
0.851845
0.822205
0.825972
0.988478
0.83551
0.833387
1.03264
1.00485
1.04642
1.32369
0.890541
0.858994
0.836251
0.830244
1.21993
0.820527
0.856602
0.963507
1.18672
0.925801
0.938666
0.835646
0.822013
1.4725
1.1023
1.23603
1.00818
1.20111
0.821509
0.907847
0.92824
0.901648
0.851943
0.906681
0.846596
0.819689
1.14079
0.871844
0.900424
0.8192
0.886702
1.0205
0.869565
0.823392
1.1605
0.832856
0.872417
1.0777
1.02317
1.11167
1.01615
0.8192
1.05212
1.01458
1.00196
0.932069
0.982955
1.33226
1.50923
0.856113
0.955602
1.17799
1.01317
1.35618
1.13025
0.943813
0.828672
1.01186
0.877429
1.05457
0.943201
1.15046
0.839443
0.838161
0.822845
0.884845
1.03616
0.836099
1.22989
0.846781
0.954314
0.915351
0.842059
0.846792
1.08749
0.82648
0.893423
1.09103
0.931614
0.819689
0.92724
1.23568
0.863177
1.22755
1.20085
0.907462
1.03346
1.12932
0.819689
1.03417
0.819689
0.831162
0.84449
0.888297
0.841789
0.896386
0.833902
1.15021
0.965244
0.824727
0.898943
1.02828
1.03024
0.855018
0.81986
0.876424
0.822131
1.03145
0.819689
0.835754
1.17409
0.88833
0.849362
0.820091
0.939135
0.908656
0.92583
0.821973
0.852361
1.27399
1.01044
0.975795
1.0205
1.09305
0.838869
1.01121
0.821492
1.24204
0.847963
0.865751
0.87968
0.924055
0.863244
0.819689
1.27106
0.933137
0.935894
1.1953
0.982825
1.22775
1.14471
1.16074
1.05869
1.15055
0.948073
0.906808
0.819689
1.13511
1.40636
0.838692
1.06517
1.24034
0.859673
1.02225
0.833841
0.90301
1.0036
0.99465
1.0409
0.902676
1.4319
0.848095
1.23242
0.819689
1.11955
1.14721
0.914945
0.882937
0.832243
0.857904
1.14808
0.900333
1.01069
0.868441
1.09201
1.33703
0.890704
0.980204
1.3591
0.892796
0.956059
0.839754
1.06405
0.85924
0.99679
0.819689
0.884971
0.89631
1.02692
0.931998
0.895714
1.06371
0.862044
0.981446
1.0355
0.832141
0.842663
1.10645
0.852445
1.34158
0.864596
0.961571
1.01612
0.838199
0.830536
0.84254
1.07899
0.880926
0.852374
0.846441
1.00171
1.10954
1.03734
0.820646
1.18015
0.881071
1.00173
0.912468
0.829452
1.518
0.926379
1.13315
0.922183
0.938735
0.881321
1.02128
0.914604
0.8192
1.2264
0.864052
0.840148
0.902232
0.850288
0.8192
1.17467
0.981105
1.09801
1.16577
0.923514
0.845471
1.06619
0.896186
1.1355
1.0102
0.904086
1.04521
0.902592
0.850732
0.93693
0.819532
0.905806
1.01597
0.899595
0.890405
1.08548
0.871716
0.932183
1.58619
1.2421
0.82311
0.82372
0.837063
0.819689
0.839137
0.82015
0.876906
0.86782
0.819689
1.0989
0.837588
0.951543
0.8192
1.06366
0.859081
0.827026
1.13234
0.920436
1.14876
0.905235
0.953771
1.09605
0.825763
0.823115
0.887021
0.845833
0.918822
1.26625
1.23571
1.12885
0.907846
0.979127
1.25747
0.920186
1.38463
1.1021
0.888105
0.918567
1.04171
1.22394
1.18481
1.16248
1.06089
0.887324
1.01088
1.05716
0.970923
0.914519
0.858049
0.820092
0.932149
1.15604
0.944062
0.910006
0.825502
1.22006
1.2306
0.819689
0.846072
0.868542
0.899129
0.819689
1.02741
0.819689
1.05507
0.819689
0.923017
1.05016
0.824899
1.34851
0.890601
1.09622
0.833145
1.01283
0.8192
0.847221
1.10844
0.871301
0.859095
1.06563
0.936469
1.12993
1.19862
1.00252
1.00444
0.821588
0.826902
0.935421
0.92244
1.23592
1.47096
1.33153
1.07901
1.0091
0.969304
0.92245
1.03171
1.13441
0.940648
0.956244
0.92096
0.8509
1.1035
1.07957
0.821736
1.04702
1.28384
0.873963
1.21119
0.91706
0.819965
1.44542
0.92952
1.03921
0.825867
1.0627
1.06403
0.958888
0.992713
0.829322
0.819689
1.143
1.0464
1.04512
1.01132
0.88241
1.27063
0.88732
0.835445
1.05977
0.836583
0.929461
0.835111
0.821849
0.878175
0.8192
0.824014
1.06342
0.857807
1.06253
0.828375
1.03684
0.916621
0.857017
0.826494
0.874774
1.04465
0.823567
1.14856
0.819689
0.819689
1.09538
1.04008
0.974386
1.26485
1.12157
0.819689
0.943877
0.896271
0.946762
1.01759
0.98358
0.851824
1.08265
1.00242
0.983428
0.970586
1.04625
0.843577
1.31315
0.963441
0.911913
0.819689
1.16791
0.823263
0.966512
1.08247
0.916177
0.841767
0.850413
1.00786
1.16676
1.11969
0.958861
0.953968
0.943014
0.84306
0.877497
1.08262
0.954917
0.971138
1.01109
1.02172
1.01165
0.999399
1.30151
1.26404
0.839316
1.21824
1.16775
1.28425
1.36348
0.929783
0.967252
0.838361
0.888622
0.873978
1.18879
1.21014
1.05016
0.847244
0.923839
1.26122
1.15604
0.824227
1.0598
1.03548
1.14031
0.924519
1.38638
1.01033
1.15302
0.933844
1.23902
0.841967
0.858418
1.27243
0.819689
0.943621
1.21672
0.819689
1.49366
1.46194
1.16988
0.920638
0.937222
0.8761
0.831923
0.921926
0.945347
0.891042
0.832665
0.827111
1.1896
0.870199
0.826782
1.26404
1.11041
1.3062
1.02054
0.829545
1.20677
1.14868
0.928264
0.916422
0.87252
0.991452
0.858392
1.11592
1.16825
1.10138
0.853865
0.855736
1.02943
0.943541
0.855699
0.976805
1.01139
1.04521
0.947022
0.819689
1.04321
1.08119
0.903718
1.28567
0.97636
0.819734
1.13712
0.880654
1.25661
1.04485
1.22992
0.918694
1.34174
0.914669
1.23966
0.849381
1.243
0.979597
1.02951
1.11591
0.819689
0.858566
0.990643
0.881618
0.910736
0.958002
1.20813
0.8192
0.836614
0.960162
1.36826
1.17563
1.19803
0.931428
0.908818
0.933629
0.87517
0.945384
0.860866
1.42579
0.819689
1.11343
1.07437
0.853629
0.819689
0.823801
1.00179
1.47157
0.959482
0.930662
1.02607
0.828552
0.840281
0.960104
1.07382
1.42091
1.22713
0.87665
1.0193
1.02319
1.05936
0.943662
0.82228
0.987314
0.991908
0.836567
0.852302
0.846166
0.950142
1.14398
1.08437
1.44927
0.911472
0.840281
0.841586
1.23463
1.16219
0.84046
1.19881
0.920543
0.822133
1.0997
0.856066
0.838178
0.845526
0.981451
0.821143
1.05825
0.956043
1.15422
0.854902
0.963008
1.04848
0.834377
0.858794
1.08728
0.901864
0.819689
0.823552
0.819689
0.828986
1.13163
1.25685
0.854924
1.06655
0.8192
1.14226
0.822066
0.960124
1.18555
0.859013
1.05456
1.12665
1.12784
1.00989
1.06167
0.830412
0.819689
0.987328
0.846434
0.852587
1.44326
0.822703
1.03375
0.961834
0.835397
1.12863
1.14639
0.980522
0.93295
0.863371
0.952915
0.978519
1.11779
0.851262
1.1001
1.1009
1.55045
0.826749
1.07578
0.82263
0.839207
0.866745
0.821655
0.819689
1.36238
1.25195
0.871293
0.822482
1.23717
1.01018
0.892784
0.970362
0.832539
0.822417
1.02034
0.87995
1.05041
0.897608
1.2009
1.43284
0.859997
0.892312
1.15831
1.08073
0.860885
0.868105
0.819689
1.01423
1.52567
0.855825
0.819689
0.826231
0.84348
0.865962
0.860879
0.86671
0.855849
1.36781
0.821383
1.11796
1.03366
0.8192
0.827335
0.971194
0.860949
0.833378
0.844441
1.0188
0.971339
0.911939
1.05251
1.05687
0.931505
1.2697
1.31445
0.871681
1.18378
0.94209
0.821234
0.819689
0.819689
0.992864
0.950598
1.02293
1.42501
0.93611
1.00746
1.21678
0.8192
1.03847
0.866594
1.02859
0.902769
0.8192
0.819689
1.17877
1.10779
0.92839
0.881935
0.940982
0.979643
1.05182
0.964245
0.862002
0.825345
0.996344
0.820572
0.953252
1.18643
0.844899
1.30689
1.24271
0.833497
1.17295
1.04049
0.834452
1.21056
1.03198
0.8192
0.820731
1.23159
1.13548
0.905441
1.29581
1.21165
0.917048
1.11516
0.97542
0.822977
0.825025
1.27295
0.926498
0.850123
1.07429
1.31072
0.849185
0.830763
1.17197
1.32585
1.01853
0.893069
0.932625
0.819689
0.837963
1.17429
0.82889
1.21313
0.846383
0.890515
1.09271
0.823453
1.01607
0.835253
1.33945
0.862003
1.17076
1.22637
0.919174
0.83278
0.934986
1.12571
0.819689
1.14166
0.819692
0.819689
1.11466
0.894735
0.892545
1.01576
0.835077
0.8192
1.4288
0.859458
1.30099
0.876362
1.02289
0.926831
0.850441
0.898187
0.84487
1.05386
1.09403
1.00135
0.823202
0.984883
0.971061
1.01749
0.821821
1.15744
0.843314
0.865213
0.905926
0.90041
1.30513
1.26658
0.876064
0.885778
1.03097
0.857287
0.847964
0.822975
1.06434
0.846976
0.819689
0.905108
0.877289
1.10993
0.824903
1.05839
0.840694
0.859401
1.09185
0.877635
0.864468
0.894235
0.919747
1.28631
1.52374
0.890951
0.991446
1.28346
0.89467
0.948978
0.847693
0.970072
1.14647
1.07649
0.925127
0.943556
0.917787
0.938337
1.01511
1.0491
1.30482
0.820502
0.870276
1.07729
0.881248
0.94018
0.854466
1.01248
0.928935
1.28582
0.819689
0.848653
1.35966
0.827782
0.879678
0.936457
0.916663
0.825333
0.899733
1.19406
1.0732
0.819689
1.10956
0.82359
1.36628
0.994805
0.894077
0.8192
0.826724
1.14421
1.10881
0.828856
0.849152
0.830183
0.850046
0.920835
0.865695
0.889504
0
0
0
0
0
0
0
0
0
0
0
0
0
0
0
0
0
0
0
0
0
0
0
0
0
0
0
0
0
0
0
0
0
0
0
0
0
0
0
0
0
0
0
0
0
0
0
0
0
0
0
0
0
0
0
0
0
0
0
0
0
0
0
0
0
0
0
0
0
0
0
0
0
0
0
0
0
0
0
0
0
0
0
0
0
0
0
0
0
0
0
0
0
0
0
0
0
0
0
0
0
0
0
0
0
0
0
0
0
0
0
0
0
0
0
0
0
0
0
0
0
0
0
0
0
0
0
0
0
0
0
0
0
0
0
0
0
0
0
0
0
0
0
0
0
0
0
0
0
0
0
0
0
0
0
0
0
0
0
0
0
0
0
0
0
0
0
0
0
0
0
0
0
0
0
0
0
0
0
0
0
0
0
0
0
0
0
0
0
0
0
0
0
0
0
0
0
0
0
0
0
0
0
0
0
0
0
0
0
0
0
0
0
0
0
0
0
0
0
0
0
0
0
0
0
0
0
0
0
0
0
0
0
0
0
0
0
0
0
0
0
0
0
0
0
0
0
0
0
0
0
0
0
0
0
0
0
0
0
0
0
0
0
0
0
0
0
0
0
0
0
0
0
0
0
0
0
0
0
0
0
0
0
0
0
0
0
0
0
0
0
0
0
0
0
0
0
0
0
0
0
0
0
0
0
0
0
0
0
0
0
0
0
0
0
0
0
0
0
0
0
0
0
0
0
0
0
0
0
0
0
0
0
0
0
0
0
0
0
0
0
0
0
0
0
0
0
0
0
0
0
0
0
0
0
0
0
0
0
0
0
0
0
0
0
0
0
0
0
0
0
0
0
0
0
0
0
0
0
0
0
0
0
0
0
0
0
0
0
0
0
0
0
0
0
0
0
0
0
0
0
0
0
0
0
0
0
0
0
0
0
0
0
0
0
0
0
0
0
0
0
0
0
0
0
0
0
0
0
0
0
0
0
0
0
0
0
0
0
0
0
0
0
0
0
0
0
0
0
0
0
0
0
0
0
0
0
0
0
0
0
0
0
0
0
0
0
0
0
0
0
0
0
0
0
0
0
0
0
0
0
0
0
0
0
0
0
0
0
0
0
0
0
0
0
0
0
0
0
0
0
0
0
0
0
0
0
0
0
0
0
0
0
0
0
0
0
0
0
0
0
0
0
0
0
0
0
0
0
0
0
0
0
0
0
0
0
0
0
0
0
0
0
0
0
0
0
0
0
0
0
0
0
0
0
0
0
0
0
0
0
0
0
0
0
0
0
0
0
0
0
0
0
0
0
0
0
0
0
0
0
0
0
0
0
0
0
0
0
0
0
0
0
0
0
0
0
0
0
0
0
0
0
0
0
0
0
0
0
0
0
0
0
0
0
0
0
0
0
0
0
0
0
0
0
0
0
0
0
0
0
0
0
0
0
0
0
0
0
0
0
0
0
0
0
0
0
0
0
0
0
0
0
0
0
0
0
0
0
0
0
0
0
0
0
0
0
0
0
0
0
0
0
0
0
0
0
0
0
0
0
0
0
0
0
0
0
0
0
0
0
0
0
0
0
0
0
0
0
0
0
0
0
0
0
0
0
0
0
0
0
0
0
0
0
0
0
0
0
0
0
0
0
0
0
0
0
0
0
0
0
0
0
0
0
0
0
0
0
0
0
0
0
0
0
0
0
0
0
0
0
0
0
0
0
0
0
0
0
0
0
0
0
0
0
0
0
0
0
0
0
0
0
0
0
0
0
0
0
0
0
0
0
0
0
0
0
0
0
0
0
0
0
0
0
0
0
0
0
0
0
0
0
0
0
0
0
0
0
0
0
0
0
0
0
0
0
0
0
0
0
0
0
0
0
0
0
0
0
0
0
0
0
0
0
0
0
0
0
0
0
0
0
0
0
0
0
0
0
0
0
0
0
0
0
0
0
0
0
0
0
0
0
0
0
0
0
0
0
0
0
0
0
0
0
0
0
0
0
0
0
0
0
0
0
0
0
0
0
0
0
0
0
0
0
0
0
0
0
0
0
0
0
0
0
0
0
0
0
0
0
0
0
0
0
0
0
0
0
0
0
0
0
0
0
0
0
0
0
0
0
0
0
0
0
0
0
0
0
0
0
0
0
0
0
0
0
0
0
0
0
0
0
0
0
0
0
0
0
0
0
0
0
0
0
0
0
0
0
0
0
0
0
0
0
0
0
0
0
0
0
0
0
0
0
0
0
0
0
0
0
0
0
0
0
0
0
0
0
0
0
0
0
0
0
0
0
0
0
0
0
0
0
0
0
0
0
0
0
0
0
0
0
0
0
0
0
0
0
0
0
0
0
0
0
0
0
0
0
0
0
0
0
0
0
0
0
0
0
0
0
0
0
0
0
0
0
0
0
0
0
0
0
0
0
0
0
0
0
0
0
0
0
0
0
0
0
0
0
0
0
0
0
0
0
0
0
0
0
0
0
0
0
0
0
0
0
0
0
0
0
0
0
0
0
0
0
0
0
0
0
0
0
0
0
0
0
0
0
0
0
0
0
0
0
0
0
0
0
0
0
0
0
0
0
0
0
0
0
0
0
0
0
0
0
0
0
0
0
0
0
0
0
0
0
0
0
0
0
0
0
0
0
0
0
0
0
0
0
0
0
0
0
0
0
0
0
0
0
0
0
0
0
0
0
0
0
0
0
0
0
0
0
0
0
0
0
0
0
0
0
0
0
0
0
0
0
0
0
0
0
0
0
0
0
0
0
0
0
0
0
0
0
0
0
0
0
0
0
0
0
0
0
0
0
0
0
0
0
0
0
0
0
0
0
0
0
0
0
0
0
0
0
0
0
0
0
0
0
0
0
0
0
0
0
0
0
0
0
0
0
0
0
0
0
0
0
0
0
0
0
0
0
0
0
0
0
0
0
0
0
0
0
0
0
0
0
0
0
0
0
0
0
0
0
0
0
0
0
0
0
0
0
0
0
0
0
0
0
0
0
0
0
0
0
0
0
0
0
0
0
0
0
0
0
0
0
0
0
0
0
0
0
0
0
0
0
0
0
0
0
0
0
0
0
0
0
0
0
0
0
0
0
0
0
0
0
0
0
0
0
0
0
0
0
0
0
0
0
0
0
0
0
0
0
0
0
0
0
0
0
0
0
0
0
0
0
0
0
0
0
0
0
0
0
0
0
0
0
0
0
0
0
0
0
0
0
0
0
0
0
0
0
0
0
0
0
0
0
0
0
0
0
0
0
0
0
0
0
0
0
0
0
0
0
0
0
0
0
0
0
0
0
0
0
0
0
0
0
0
0
0
0
0
0
0
0
0
0
0
0
0
0
0
0
0
0
0
0
0
0
0
0
0
0
0
0
0
0
0
0
0
0
0
0
0
0
0
0
0
0
0
0
0
0
0
0
0
0
0
0
0
0
0
0
0
0
0
0
0
0
0
0
0
0
0
0
0
0
0
0
0
0
0
0
0
0
0
0
0
0
0
0
0
0
0
0
0
0
0
0
0
0
0
0
0
0
0
0
0
0
0
0
0
0
0
0
0
0
0
0
0
0
0
0
0
0
0
0
0
0
0
0
0
0
0
0
0
0
0
0
0
0
0
0
0
0
0
0
0
0
0
0
0
0
0
0
0
0
0
0
0
0
0
0
0
0
0
0
0
0
0
0
0
0
0
0
0
0
0
0
0
0
0
0
0
0
0
0
0
0
0
0
0
0
0
0
0
0
0
0
0
0
0
0
0
0
0
0
0
0
0
0
0
0
0
0
0
0
0
0
0
0
0
0
0
0
0
0
0
0
0
0
0
0
0
0
0
0
0
0
0
0
0
0
0
0
0
0
0
0
0
0
0
0
0
0
0
0
0
0
0
0
0
0
0
0
0
0
0
0
0
0
0
0
0
0
0
0
0
0
0
0
0
0
0
0
0
0
0
0
0
0
0
0
0
0
0
0
0
0
0
0
0
0
0
0
0
0
0
0
0
0
0
0
0
0
0
0
0
0
0
0
0
0
0
0
0
0
0
0
0
0
0
0
0
0
0
0
0
0
0
0
0
0
0
0
0
0
0
0
0
0
0
0
0
0
0
0
0
0
0
0
0
0
0
0
0
0
0
0
0
0
0
0
0
0
0
0
0
0
0
0
0
0
0
0
0
0
0
0
0
0
0
0
0
0
0
0
0
0
0
0
0
0
0
0
0
0
0
0
0
0
0
0
0
0
0
0
0
0
0
0
0
0
0
0
0
0
0
0
0
0
0
0
0
0
0
0
0
0
0
0
0
0
0
0
0
0
0
0
0
0
0
0
0
0
0
0
0
0
0
0
0
0
0
0
0
0
0
0
0
0
0
0
0
0
0
0
0
0
0
0
0
0
0
0
0
0
0
0
0
0
0
0
0
0
0
0
0
0
0
0
0
0
0
0
0
0
0
0
0
0
0
0
0
0
0
0
0
0
0
0
0
0
0
0
0
0
0
0
0
0
0
0
0
0
0
0
0
0
0
0
0
0
0
0
0
0
0
