0
0
0
0
0
0
0
0
0
0
0
0
0
0
0
0
0
0
0
0
0
0
0
0
0
0
0
0
0
0
0
0
0
0
0
0
0
0
0
0
0
0
0
0
0
0
0
0
0
0
0
0
0
0
0
0
0
0
0
0
0
0
0
0
0
0
0
0
0
0
0
0
0
0
0
0
0
0
0
0
0
0
0
0
0
0
0
0
0
0
0
0
0
0
0
0
0
0
0
0
0
0
0
0
0
0
0
0
0
0
0
0
0
0
0
0
0
0
0
0
0
0
0
0
0
0
0
0
0
0
0
0
0
0
0
0
0
0
0
0
0
0
0
0
0
0
0
0
0
0
0
0
0
0
0
0
0
0
0
0
0
0
0
0
0
0
0
0
0
0
0
0
0
0
0
0
0
0
0
0
0
0
0
0
0
0
0
0
0
0
0
0
0
0
0
0
0
0
0
0
0
0
0
0
0
0
0
0
0
0
0
0
0
0
0
0
0
0
0
0
0
0
0
0
0
0
0
0
0
0
0
0
0
0
0
0
0
0
0
0
0
0
0
0
0
0
0
0
0
0
0
0
0
0
0
0
0
0
0
0
0
0
0
0
0
0
0
0
0
0
0
0
0
0
0
0
0
0
0
0
0
0
0
0
0
0
0
0
0
0
0
0
0
0
0
0
0
0
0
0
0
0
0
0
0
0
0
0
0
0
0
0
0
0
0
0
0
0
0
0
0
0
0
0
0
0
0
0
0
0
0
0
0
0
0
0
0
0
0
0
0
0
0
0
0
0
0
0
0
0
0
0
0
0
0
0
0
0
0
0
0
0
0
0
0
0
0
0
0
0
0
0
0
0
0
0
0
0
0
0
0
0
0
0
0
0
0
0
0
0
0
0
0
0
0
0
0
0
0
0
0
0
0
0
0
0
0
0
0
0
0
0
0
0
0
0
0
0
0
0
0
0
0
0
0
0
0
0
0
0
0
0
0
0
0
0
0
0
0
0
0
0
0
0
0
0
0
0
0
0
0
0
0
0
0
0
0
0
0
0
0
0
0
0
0
0
0
0
0
0
0
0
0
0
0
0
0
0
0
0
0
0
0
0
0
0
0
0
0
0
0
0
0
0
0
0
0
0
0
0
0
0
0
0
0
0
0
0
0
0
0
0
0
0
0
0
0
0
0
0
0
0
0
0
0
0
0
0
0
0
0
0
0
0
0
0
0
0
0
0
0
0
0
0
0
0
0
0
0
0
0
0
0
0
0
0
0
0
0
0
0
0
0
0
0
0
0
0
0
0
0
0
0
0
0
0
0
0
0
0
0
0
0
0
0
0
0
0
0
0
0
0
0
0
0
0
0
0
0
0
0
0
0
0
0
0
0
0
0
0
0
0
0
0
0
0
0
0
0
0
0
0
0
0
0
0
0
0
0
0
0
0
0
0
0
0
0
0
0
0
0
0
0
0
0
0
0
0
0
0
0
0
0
0
0
0
0
0
0
0
0
0
0
0
0
0
0
0
0
0
0
0
0
0
0
0
0
0
0
0
0
0
0
0
0
0
0
0
0
0
0
0
0
0
0
0
0
0
0
0
0
0
0
0
0
0
0
0
0
0
0
0
0
0
0
0
0
0
0
0
0
0
0
0
0
0
0
0
0
0
0
0
0
0
0
0
0
0
0
0
0
0
0
0
0
0
0
0
0
0
0
0
0
0
0
0
0
0
0
0
0
0
0
0
0
0
0
0
0
0
0
0
0
0
0
0
0
0
0
0
0
0
0
0
0
0
0
0
0
0
0
0
0
0
0
0
0
0
0
0
0
0
0
0
0
0
0
0
0
0
0
0
0
0
0
0
0
0
0
0
0
0
0
0
0
0
0
0
0
0
0
0
0
0
0
0
0
0
0
0
0
0
0
0
0
0
0
0
0
0
0
0
0
0
0
0
0
0
0
0
0
0
0
0
0
0
0
0
0
0
0
0
0
0
0
0
0
0
0
0
0
0
0
0
0
0
0
0
0
0
0
0
0
0
0
0
0
0
0
0
0
0
0
0
0
0
0
0
0
0
0
0
0
0
0
0
0
0
0
0
0
0
0
0
0
0
0
0
0
0
0
0
0
0
0
0
0
0
0
0
0
0
0
0
0
0
0
0
0
0
0
0
0
0
0
0
0
0
0
0
0
0
0
0
0
0
0
0
0
0
0
0
0
0
0
0
0
0
0
0
0
0
0
0
0
0
0
0
0
0
0
0
0
0
0
0
0
0
0
0
0
0
0
0
0
0
0
0
0
0
0
0
0
0
0
0
0
0
0
0
0
0
0
0
0
0
0
0
0
0
0
0
0
0
0
0
0
0
0
0
0
0
0
0
0
0
0
0
0
0
0
0
0
0
0
0
0
0
0
0
0
0
0
0
0
0
0
0
0
0
0
0
0
0
0
0
0
0
0
0
0
0
0
0
0
0
0
0
0
0
0
0
0
0
0
0
0
0
0
0
0
0
0
0
0
0
0
0
0
0
0
0
0
0
0
0
0
0
0
0
0
0
0
0
0
0
0
0
0
0
0
0
0
0
0
0
0
0
0
0
0
0
0
0
0
0
0
0
0
0
0
0
0
0
0
0
0
0
0
0
0
0
0
0
0
0
0
0
0
0
0
0
0
0
0
0
0
0
0
0
0
0
0
0
0
0
0
0
0
0
0
0
0
0
0
0
0
0
0
0
0
0
0
0
0
0
0
0
0
0
0
0
0
0
0
0
0
0
0
0
0
0
0
0
0
0
0
0
0
0
0
0
0
0
0
0
0
0
0
0
0
0
0
0
0
0
0
0
0
0
0
0
0
0
0
0
0
0
0
0
0
0
0
0
0
0
0
0
0
0
0
0
0
0
0
0
0
0
0
0
0
0
0
0
0
0
0
0
0
0
0
0
0
0
0
0
0
0
0
0
0
0
0
0
0
0
0
0
0
0
0
0
0
0
0
0
0
0
0
0
0
0
0
0
0
0
0
0
0
0
0
0
0
0
0
0
0
0
0
0
0
0
0
0
0
0
0
0
0
0
0
0
0
0
0
0
0
0
0
0
0
0
0
0
0
0
0
0
0
0
0
0
0
0
0
0
0
0
0
0
0
0
0
0
0
0
0
0
0
0
0
0
0
0
0
0
0
0
0
0
0
0
0
0
0
0
0
0
0
0
0
0
0
0
0
0
0
0
0
0
0
0
0
0
0
0
0
0
0
0
0
0
0
0
0
0
0
0
0
0
0
0
0
0
0
0
0
0
0
0
0
0
0
0
0
0
0
0
0
0
0
0
0
0
0
0
0
0
0
0
0
0
0
0
0
0
0
0
0
0
0
0
0
0
0
0
0
0
0
0
0
0
0
0
0
0
0
0
0
0
0
0
0
0
0
0
0
0
0
0
0
0
0
0
0
0
0
0
0
0
0
0
0
0
0
0
0
0
0
0
0
0
0
0
0
0
0
0
0
0
0
0
0
0
0
0
0
0
0
0
0
0
0
0
0
0
0
0
0
0
0
0
0
0
0
0
0
0
0
0
0
0
0
0
0
0
0
0
0
0
0
0
0
0
0
0
0
0
0
0
0
0
0
0
0
0
0
0
0
0
0
0
0
0
0
0
0
0
0
0
0
0
0
0
0
0
0
0
0
0
0
0
0
0
0
0
0
0
0
0
0
0
0
0
0
0
0
0
0
0
0
0
0
0
0
0
0
0
0
0
0
0
0
0
0
0
0
0
0
0
0
0
0
0
0
0
0
0
0
0
0
0
0
0
0
0
0
0
0
0
0
0
0
0
0
0
0
0
0
0
0
0
0
0
0
0
0
0
0
0
0
0
0
0
0
0
0
0
0
0
0
0
0
0
0
0
0
0
0
0
0
0
0
0
0
0
0
0
0
0
0
0
0
0
0
0
0
0
0
0
0
0
0
0
0
0
0
0
0
0
0
0
0
0
0
0
0
0
0
0
0
0
0
0
0
0
0
0
0
0
0
0
0
0
0
0
0
0
0
0
0
0
0
0
0
0
0
0
0
0
0
0
0
0
0
0
0
0
0
0
0
0
0
0
0
0
0
0
0
0
0
0
0
0
0
0
0
0
0
0
0
0
0
0
0
0
0
0
0
0
0
0
0
0
0
0
0
0
0
0
0
0
0
0
0
0
0
0
0
0
0
0
0
0
0
0
0
0
0
0
0
0
0
0
0
0
0
0
0
0
0
0
0
0
0
0
0
0
0
0
0
0
0
0
0
0
0
0
0
0
0
0
0
0
0
0
0
0
0
0
0
0
0
0
0
0
0
0
0
0
0
0
0
0
0
0
0
0
0
0
0
0
0
0
0
0
0
0
0
0
0
0
0
0
0
0
0
0
0
0
0
0
0
0
0
0
0
0
0
0
0
0
0
0
0
0
0
0
0
0
0
0
0
0
0
0
0
0
0
0
0
0
0
0
0
0
0
0
0
0
0
0
0
0
0
0
0
0
0
0
0
0
0
0
0
0
0
0
0
0
0.343615
0.0758427
0.800386
-0.126409
-0.158962
-0.540947
-1.12699
-0.938064
-1.13021
0.0560354
-0.158509
-0.694199
-1.17202
-1.16959
0.329927
-0.5204
0.309908
-0.944611
-0.291776
-0.349807
-0.476204
0.00209232
-0.492726
0.424612
0.36044
0.732162
0.1765
0.340842
0.698093
0.215328
-0.718864
-1.43327
0.0633235
0.238321
0.433214
-0.428014
-0.231989
-0.733198
0.479602
-1.06016
-0.562257
0.0382394
0.186331
-0.882824
-2.06888
-1.05221
-0.950207
0.537371
-0.404747
-2.15849
0.667049
-0.256082
-0.0370988
-1.83005
-0.00504018
0.475487
0.36775
-0.499403
-1.05168
-0.38212
-0.112262
-0.40442
0.603329
-0.770045
0.420898
0.403198
-0.785979
-1.13117
0.0704431
-0.107554
-1.33075
-0.381177
-0.332415
0.026307
0.071476
-0.869735
0.492091
-0.456319
-0.471207
-0.706053
0.818965
0.402281
-0.42867
0.260688
0.427255
0.593238
-0.231874
0.271297
0.575005
-0.457306
0.0147214
-0.186293
0.548681
-0.970843
0.496958
0.548979
0.441004
0.340962
0.0914965
0.145311
-1.05772
-0.177277
-0.123889
0.457758
0.338897
-1.62485
-1.3891
0.285438
-0.618614
-0.233266
-0.908709
0.178291
-0.415036
0.0980962
-1.43267
0.379516
-0.14764
-0.14634
0.0976167
-0.0411073
-1.36971
-1.80434
0.111293
0.0849882
-0.898256
-1.55418
0.385012
0.178119
-0.879898
0.431518
-0.649854
-1.42141
0.0183175
0.340572
-0.468764
-0.252381
0.369238
0.428841
-0.230312
0.259483
-0.662084
-0.774203
0.436254
0.275277
-0.682663
0.403388
-0.476336
-0.58064
0.41673
0.261007
-0.912379
-0.243054
-0.410324
0.380026
-0.280358
0.226136
0.399378
-1.08724
-0.666252
-0.324745
-0.548124
-1.11373
-1.22739
-1.32678
0.142095
-1.60332
-1.10587
-0.30439
-0.759728
-0.713588
0.237548
0.0730751
-0.01806
-2.20181
0.165228
0.440238
0.0713104
-0.4528
-0.0607327
0.532212
-0.862433
0.44575
-1.54365
0.207663
0.287202
0.0680371
0.481772
0.00329481
0.768072
0.41325
-0.227678
-0.100219
-0.00863666
0.171024
0.858345
-1.71762
-0.139414
0.237353
0.47261
-0.336072
-1.46595
0.115085
-1.06121
0.157636
-1.8334
0.421307
-0.427592
0.514766
0.251063
-0.126963
0.548394
0.388548
-0.036139
-0.135707
-2.0567
-0.0165042
-0.256832
-1.01848
0.175627
-0.316362
-0.534109
-0.382148
-0.0380339
0.123202
-1.29308
0.619414
0.443615
0.209922
0.389251
0.250139
-0.810684
-0.214848
-0.783355
-0.726376
0.515484
-2.73647
0.341249
-0.0547652
-0.520045
-1.15248
0.498875
-1.55019
-0.597993
-1.17453
-1.3754
0.400259
0.662464
-1.58368
0.229279
-0.637582
-1.44141
-0.374372
-0.902521
-0.163561
0.460071
0.320272
-1.62739
-0.17568
0.235314
-0.235613
0.158207
-2.24807
0.404103
0.284659
-0.00365375
0.62309
-1.08466
0.0934275
0.0644578
-0.340629
0.0554388
-0.685848
0.73636
-0.573254
-0.574706
0.156631
0.439431
-1.69717
-0.427976
-1.66667
-0.0382201
0.533319
-0.806175
0.126758
-1.00808
-0.700854
-0.036335
-0.390743
0.26485
-0.0858098
0.267357
-0.264974
-0.226984
-1.3857
0.16148
-0.216478
0.510159
-1.01961
-0.380747
0.0204688
-0.52
0.178448
-0.256023
0.228991
-2.00899
0.589157
0.768425
0.03869
-0.011187
-1.11113
-0.00939524
0.550658
-1.11253
0.424913
-0.642172
-0.39672
-1.73424
-0.253048
-0.405421
0.383147
0.664079
0.693942
-0.856366
-0.0186928
-0.402855
-0.902429
-1.51942
-2.16597
0.472423
0.645976
0.162877
-0.29419
0.228909
-0.202428
-0.546001
0.293372
0.0588989
0.307468
-1.67107
-0.958994
-0.409704
0.311133
0.273497
-0.524817
0.52453
-0.119864
0.361552
0.0640208
-0.20114
-0.6221
-0.801718
-0.126625
-0.0353419
0.506076
-0.109433
-1.01792
0.0465044
-0.0985862
0.204904
-0.993165
-0.975899
-0.188645
0.0889117
-0.446504
-0.764409
0.0979481
-0.609944
0.0508473
-0.132535
-1.73357
-0.0514114
0.325864
0.381993
-0.146617
0.506293
-0.196013
-0.534481
-0.790072
0.207878
0.13037
0.160786
-0.634081
-0.640938
-0.967629
-1.2386
-0.752924
0.388127
0.332603
-2.37801
0.306464
-1.41657
-1.10619
0.102569
0.00291486
-0.363363
-1.59533
-2.48787
0.399581
-0.632318
0.557542
-1.05568
0.643468
0.53533
-1.84995
-0.284958
-0.393836
-2.15093
-1.10462
-0.793197
-0.443811
-1.29844
-0.503134
-0.421413
-0.179345
0.197951
0.417607
-0.480886
-0.414387
-0.308293
0.352367
0.060282
-1.45475
-0.367414
0.317668
-0.654774
0.27069
0.66535
0.496178
0.0173915
-0.214116
0.22073
0.294842
-0.401676
-0.243813
0.0258881
-1.39914
0.329225
-1.06701
0.42491
0.0238025
0.582194
-0.147328
0.190139
-0.958887
0.462334
0.628122
0.679855
-1.16574
0.00912378
-0.125946
-0.311691
-1.42067
-1.16134
-0.682897
0.382765
-1.59779
0.344638
-0.969615
0.550704
-0.902299
-0.0860307
0.455311
-0.0965627
-0.429695
0.102138
-0.587746
-0.695673
0.156838
0.550678
0.461641
-0.021255
0.348064
-0.994301
-0.954818
-1.10435
-1.11248
-0.0495898
0.283787
-0.538299
0.291405
-0.259902
-1.59417
-0.263083
0.47791
-0.150045
0.3517
0.588404
-0.294098
-0.380763
-0.893876
-0.305924
0.392556
-0.254894
0.0168685
-0.269685
-0.1684
-1.21337
-0.291904
0.0824128
-1.26353
-0.202527
-0.637914
-0.390671
-0.350608
-1.12634
-0.895983
-0.0948558
-0.0690404
0.0325477
0.496473
-1.50315
-0.325453
-0.296606
0.083157
-0.78961
0.394647
-0.0875982
-0.277299
-1.21917
0.457058
-2.21738
0.130094
-1.52489
-1.02243
-0.0493175
0.522978
-0.153803
-0.0112418
-0.000444925
0.42026
-0.0217438
-0.268288
0.137262
-1.60267
-0.0327183
0.653011
-0.0421277
0.392561
0.209533
0.0384434
-0.458473
0.405963
-0.311028
0.12774
0.0428282
-0.246958
-0.36712
0.14822
0.107677
-0.634538
0.554325
0.666921
0.0416721
-0.860547
-0.318537
0.0471272
0.270586
-1.0889
-0.495648
-0.255511
0.495624
-0.944922
0.379194
-0.35185
-0.841536
0.264246
0.287113
0.0564243
-0.568278
0.166276
0.683808
0.48275
0.455566
0.200272
0.0624858
-0.345625
0.0692926
0.200703
-0.576284
-0.428885
-1.26834
-0.193677
-1.3717
-1.01375
0.422124
-0.262138
-0.394577
-0.0526768
0.185624
-0.126099
0.437475
-0.345892
-1.40452
-0.678451
-0.892662
0.358378
-0.510843
-0.521456
-0.92559
-0.539182
0.0477944
-0.550967
-0.570135
0.017459
-0.579697
-0.265253
-1.19013
-0.415518
0.0276776
-1.43189
0.202201
0.095888
-0.0938889
-0.747851
0.433251
-0.872715
0.521824
0.078579
0.16357
-0.756314
-0.25571
0.231137
-1.21763
0.228109
-1.72717
-0.98114
0.0765169
-2.06211
-0.998419
-0.314824
0.205114
-0.153643
-0.196866
-1.64708
-1.21641
-0.401126
0.00158501
-1.87146
0.0619471
0.445826
-0.865399
-0.69177
-1.49243
-0.257035
-0.74775
-0.855826
-0.0191111
-0.975534
0.0980378
-0.157548
-0.440651
-0.863964
-0.612966
0.52677
-0.0109815
-2.19508
-0.690617
0.0826891
0.0624262
0.0995135
-0.307596
-0.677013
0.281327
-0.801133
0.0634627
-0.0458935
0.0415706
-0.676627
-0.530768
-0.487511
-0.646067
-0.223168
-1.05344
-1.13664
-1.84357
-0.616723
-1.47267
0.542817
-0.873663
0.43593
0.619628
-0.2948
-0.0478482
0.097374
0.294951
0.230091
-0.402701
0.191585
-0.431589
-0.15414
0.554592
0.0574586
-0.692996
-1.08512
0.0898343
-0.494725
0.434836
-0.306044
-0.227168
0.327635
-0.319544
-0.176498
0.0129518
-0.850409
-0.491111
-1.13615
0.00126776
0.553049
-1.43569
-1.85123
-0.191557
-0.0342222
-1.0584
-0.0150123
-0.508633
-2.00952
0.234531
0.381981
-1.20966
-1.12189
-0.0615953
-2.36718
-0.420366
-0.952486
-0.474679
0.176089
0.103162
-0.210158
0.212265
-0.202732
0.702356
-0.0910104
-0.516165
-0.663207
-0.114166
0.473544
0.295646
-0.312725
-0.485155
0.368023
-0.555543
-0.343849
-1.3356
0.0179348
-0.671594
-1.12792
-0.0980856
0.762635
-0.90567
-0.101109
-0.218679
-0.0853789
-2.26553
0.744757
0.570953
-1.19125
0.123324
0.0709805
0.195292
0.261548
-0.185142
-1.39529
0.242768
-0.622639
-0.646468
0.386682
-0.419379
-0.651546
0.576749
0.671534
-1.15053
0.219207
-0.132542
0.585115
-1.10373
0.145384
0.238468
0.245297
0.398962
-0.804032
-0.277201
-1.51188
-0.239308
-1.17643
-0.506075
-0.84027
-1.31469
0.643332
-1.80655
0.248026
0.103204
-0.373776
-2.0222
-0.305413
-2.04752
-1.0524
-0.229914
0.42718
-1.16213
-0.951566
-0.985558
0.535582
-0.369205
0.127814
0.658778
0.00884393
0.578675
-0.584378
-0.840427
0.439636
0.0374527
0.227927
-0.582964
-0.942852
-0.170712
0.592864
0.034438
0.192599
0.119445
0.255867
0.113119
-0.165312
0.341802
-0.048884
-0.00436661
-2.62919
0.167454
0.021719
-0.893698
0.369576
-1.09812
-0.143792
0.598796
0.222741
0.159539
-0.364864
-0.680632
-0.519283
-0.316204
0.437869
0.402161
-2.28832
0.268682
-1.20799
0.534772
-0.258431
0.0668629
-1.33157
-1.33587
0.50529
0.438426
-0.00748814
-1.62994
0.420685
-0.52234
-0.101864
0.287926
-0.552453
-0.0263516
0.570748
0.177062
0.51068
-1.01696
-0.00317362
-1.88173
-0.303788
0.369416
-1.50626
0.475995
-0.205075
-3.07203
-0.165195
-0.972239
0.03257
-0.865433
-0.732636
0.362675
-1.62168
-0.55432
-0.0114417
-0.144721
0.392214
-1.58048
-0.438036
0.0244078
0.587154
0.271118
0.0296288
-1.13413
-1.09791
-0.705498
-1.07524
0.148885
-0.231584
0.68274
0.0333003
0.553675
7.76827e-05
-0.934745
-1.16029
-0.226552
-0.0476756
0.730301
-0.507472
-0.615475
-1.29951
-0.230882
0.236935
-0.865887
-2.30744
0.289302
-0.308216
-0.158533
-0.1286
0.479192
-1.33379
-0.381794
0.11402
-0.671948
-0.772755
0.0744512
-0.131416
0.69113
0.517809
-0.256545
-0.626218
-0.859745
-0.647886
0.30247
0.517892
-1.48318
0.322279
0.243546
-0.332903
0.429075
-0.0567321
-0.440758
0.489815
-0.100633
-0.681621
-0.404655
-0.531304
0.38286
0.0205012
0.253657
-0.217405
-1.65778
0.473019
-0.0216978
-0.143591
0.195692
-0.666515
-0.121463
-1.21121
0.37108
-0.409191
-0.713369
-0.254193
-1.02556
-0.0856987
-0.34453
-0.579705
0.186152
-0.720328
-0.975654
-1.24125
-0.218163
-0.561481
0.194806
-0.256786
-0.178668
-0.0965027
-0.306771
0.347759
-0.0403774
0.367498
-1.21956
0.253046
-1.28196
0.108323
-0.448826
0.588392
0.102952
-1.06141
-0.136115
-1.42507
0.0557754
-0.326045
0.192318
-0.223325
-1.01421
-0.303116
-0.23192
0.117288
0.673661
-0.298538
0.116416
-0.608275
0.2922
-0.742065
-0.097083
0.00760677
-0.716236
-0.959626
0.33869
0.390048
-0.215811
0.757244
-0.944167
-0.540853
-0.0678017
-0.878925
-0.818708
-1.175
-0.906738
0.0572538
0.250058
-0.251359
0.420885
-1.04578
-0.74139
0.0612772
-1.85141
0.41582
-0.289191
0.54755
0.567266
0.58989
-0.0507407
-1.72081
0.0718679
-0.0268683
-0.830397
0.501575
0.130815
0.458808
0.144563
-0.640039
0.100075
-0.819068
0.217979
-0.422666
0.194231
0.0211862
-0.853139
-0.239317
0.273631
-0.63629
-0.282272
0.0253113
-0.362896
-1.48643
-0.157207
0.419662
-1.06768
-0.0388989
0.581297
-0.574527
-0.162655
-0.760509
-1.01719
0.447395
-0.00781065
-0.104315
0.534303
-1.56578
0.114736
0.139126
-0.906722
0.128952
0.526994
0.569591
-0.436531
-0.181363
0.11424
0.0422488
0.350231
0.307076
-0.414818
0.312605
-1.46833
0.259767
-0.0496561
0.034655
-0.889501
-0.64761
-0.11792
0.42532
-0.395112
-0.36091
-0.344288
-0.471676
0.429919
0.655281
-0.588331
0.30631
0.477542
-0.448587
0.195105
-0.369404
-0.41727
-0.283785
-0.470305
-0.034576
-0.930004
-0.40754
-0.599283
-0.934487
-0.494445
-0.895565
-1.01975
0.621287
-0.587751
0.506881
0.250404
-0.212898
-0.571237
0.471382
0.484214
-1.23202
-0.103194
0.0271187
-0.627688
0.257252
0.479078
-0.350852
-0.812475
-0.6676
-0.15466
-0.438523
0.433046
0.0298957
-1.51737
-0.329699
-0.1621
-0.13268
0.580665
-0.474773
0.357249
0.5465
-0.20596
0.164005
0.373796
-0.466811
0.444315
-0.0462575
-1.80574
-0.483331
-0.653624
-0.308671
-0.216441
-0.466725
0.0379802
0.47038
-0.248857
-0.246842
-1.97497
-0.66461
0.579067
0.0894797
-0.839934
0.113627
-0.610704
0.479715
-0.589143
0.0797161
0.200829
-0.666453
-1.26226
0.109385
-0.242854
-0.424764
0.529521
-0.356156
-0.310302
0.532265
0.588755
-0.167524
0.827323
0.463148
-0.321587
0.629529
-0.63156
0.0403973
-0.0797695
0.281316
0.000727515
0.476199
0.24255
-0.0630989
-0.723298
0.177058
0.631943
0.325222
-0.0285376
-1.71163
0.085567
-1.77481
-0.262678
-0.232559
-0.333485
-0.934767
-0.0565267
-0.364018
-0.900457
-0.322628
0.266858
-0.520474
0.390152
0.46022
-1.09488
0.0463567
-1.33247
0.21077
0.00254971
-0.543046
0.243859
-0.43947
-0.719956
-0.0124352
0.0791352
0.471817
-0.533521
-0.60981
-1.0523
-0.686219
-1.22616
-0.414857
-0.545546
0.52204
0.743285
0.0446746
0.305048
0.178374
-0.441432
-0.234834
0.322658
-0.263723
0.374992
0.225033
-0.076808
-0.144939
-0.578895
-1.28731
-0.324433
-0.489485
-0.0335364
-0.547364
-0.938188
0.134887
0.295635
0.50835
-0.304593
0.382842
0.0848286
0.245424
-0.398015
-0.429063
0.0370082
0.16626
0.315097
-0.0963396
-1.21774
0.467253
-0.360812
0.470174
-1.22402
-1.68989
0.612114
-1.46005
-0.509971
0.0367692
-0.313213
-1.22812
-0.180786
-0.0137215
0.428365
-0.895993
0.404116
-0.483352
0.72057
0.330223
-0.691262
-0.427275
-0.634399
0.524484
-0.382417
0.290775
-0.0995679
-0.503627
-0.134239
0.367058
-0.00267556
-0.936109
-0.591183
-0.093463
0.339656
0.492418
-0.370902
-0.0627011
0.406404
0.0237789
-1.16726
-0.405224
-0.649283
0.43507
-0.72676
0.502714
-1.372
-0.671083
-0.135276
-0.0363307
-0.753972
0.430145
-0.651968
0.109988
-0.0996054
0.297854
0.610419
0.242785
0.603676
-1.09965
-0.14775
-0.760317
-0.108224
-0.102837
-0.430548
-0.83097
-0.340261
0.276565
0.209573
0.651155
-0.83723
-0.427611
0.290002
-1.28406
-0.385733
-0.722522
-0.295861
0.129551
0.134781
-0.163513
-0.195969
0.479382
-0.210773
0.226391
0.165888
-0.231151
0.465555
0.217315
-2.21947
-1.16036
0.504607
0.0659967
-0.286216
-1.34024
-0.273442
-0.480627
-0.67051
-0.17247
-1.47095
-0.179819
0.015077
0.292515
-0.701224
0.0756839
-0.134953
-0.00257772
-0.300821
-0.331874
0.274316
-0.0809233
-0.873784
0.400304
0.235846
-0.687392
-1.08938
-1.65077
0.228783
0.201077
0.644746
-0.941914
-0.263346
-0.582388
-0.0844783
-0.297553
-0.272696
-1.30432
0.257983
0.602141
-0.363589
0.33867
0.619139
-1.41678
-0.535257
-0.0201537
-0.850638
0.22106
0.165108
-1.52226
-0.0643367
-0.817723
-0.855277
-0.328343
0.060993
-0.515548
0.46042
-0.322117
-0.582212
-0.624253
-0.00343714
-0.0516593
-0.193783
-1.14541
-0.452123
-0.967155
0.181557
-0.214194
0.161624
-0.651144
-0.271106
0.105799
0.0721118
-0.422037
-0.769527
0.2586
-0.575909
0.320111
-0.2233
-0.255141
0.509936
-0.38149
0.570776
0.304975
-0.167897
0.105359
-0.0321818
-1.195
0.117307
-0.246204
-1.66375
0.661262
-1.06504
-0.602868
-0.729281
-0.359402
-1.10886
-1.05734
-0.616969
-0.559767
-0.286689
0.59812
-0.595528
0.176166
0.429612
-0.907526
-0.734984
-0.233497
0.523486
-1.40616
0.296923
0.133867
-0.0317531
0.45762
-0.30309
-0.741808
-0.364685
-1.35194
-0.461857
-0.89133
-1.74012
-1.09562
-0.0469005
-0.146998
0.153538
0.503528
0.264142
-0.176755
-1.60924
-0.260623
0.521415
0.282957
-0.511447
-1.1938
-0.63856
0.027216
0.0507984
0.476423
-0.417627
-1.07444
-2.15705
0.00609584
0.650342
-1.14618
-0.0609755
-0.16972
-0.556551
0.204521
0.255882
0.235439
-1.77487
-1.89252
-0.89559
-0.995416
-0.679189
-0.448408
0.09087
-0.00699379
0.450955
0.565438
0.032792
-0.324505
0.0503622
0.0960029
-0.902272
-0.324588
0.346856
-0.590163
-0.394484
-0.962033
-0.177368
0.329728
-0.809526
0.273383
0.24283
0.416671
0.0059116
0.0513839
-0.222906
0.0312222
0.740907
0.0708314
-0.626505
0.602192
0.437613
-0.360336
-0.0540373
-0.234622
0.0280806
-1.01525
0.00780286
-0.119942
-0.576671
-1.44738
0.438828
0.478715
-0.200584
-0.956803
-0.366854
-0.409935
-0.0366392
0.0110886
0.25602
0.123312
-0.392368
-1.48693
0.212382
-0.532737
0.590614
-0.120892
0.508275
0.520537
-0.736007
-0.00123237
0.00889151
-0.385886
0.459142
0.0892796
0.280752
0.442912
0.204334
0.126906
-0.59131
-1.15389
0.170701
0.301332
0.2906
0.110762
-0.119139
-0.0290903
-0.506395
-1.44744
0.21244
-1.1116
0.453505
0.254748
0.220034
0.116131
0.257866
-0.151835
0.535992
0.352964
-1.60035
-0.481702
-0.230342
-0.506274
0.295733
-0.16228
-1.96884
-1.71636
0.480621
-0.767023
-0.887731
-0.634527
0.031514
0.352222
-0.215988
0.563316
-0.774199
-0.212183
0.213768
-0.622927
-0.263153
-0.467147
0.310063
-0.0741635
-0.693182
-1.19999
0.309154
-0.40156
-0.3796
-1.17188
-0.600635
-0.0182797
0.28898
0.528853
0.479352
0.692874
-0.939454
-0.317031
-0.417764
-0.0392908
-1.08799
-1.51622
-0.0353917
-1.90757
-0.979005
-0.0301386
-0.358059
0.469142
0.49999
-1.33101
-0.164837
-1.51365
-0.735232
-1.34598
-0.145843
0.0274431
-0.226772
-0.312676
0.447271
0.387871
-0.260881
0.0829466
0.00425591
0.201957
0.139406
-0.170828
-0.0828887
0.330913
-0.521345
-0.547126
-1.11969
-0.208339
0.381059
0.0978232
-0.533094
-0.340945
0.0790004
-1.17892
-0.700395
0.264174
0.444662
0.0611826
0.00938633
-0.0885962
0.474348
-0.157137
-0.852148
0.377595
0.385858
0.108888
-0.165235
-0.40457
-0.889017
-1.61718
-0.607475
0.170532
-0.228205
0.030297
-1.0171
0.386861
-1.29544
0.21125
-0.963909
-0.321084
0.40059
-0.467028
-2.04364
0.306884
-0.921528
-1.20012
-0.512374
0.230155
-0.390623
-0.0833827
-0.20623
0.202041
-0.962046
-0.204254
-0.0997986
-0.101821
0.534907
-0.0103804
-1.04212
0.138964
-0.526269
0.167228
0.471745
0.47152
-0.241759
0.399483
-1.75824
0.571069
-0.651592
-0.199465
-0.899659
-0.304651
-0.175001
-0.0392147
0.00781353
-0.759506
0.280644
-1.02587
-0.125691
-1.01346
-0.588099
0.113279
-0.618486
-0.408683
-0.921811
0.160436
-0.402775
0.00368632
-0.867903
-1.44288
-0.664481
-1.78178
-0.657365
-2.61832
-0.119488
-0.15198
-0.194692
0.362663
-0.691883
0.469522
-0.19257
-0.301214
-0.234954
-0.760196
0.00946938
-1.03841
-1.5922
-0.149002
0.157034
-0.0704589
-0.559666
-0.4845
-0.0510132
-0.0413987
-0.665375
-1.08352
0.453275
-0.393656
0.332891
0.364726
-0.0819734
-0.442208
-0.0534911
0.837856
0.136491
-2.59453
0.189096
0.0372047
-0.0193493
-0.979131
0.217227
-1.11314
-0.222881
-0.119476
0.24551
-0.46601
-0.429315
-0.275061
-0.827401
-0.0873439
-0.0696336
-0.112471
0.173352
-0.719233
0.308967
-1.68848
0.507699
0.366881
-0.196351
0.0915945
-1.0116
-1.39716
0.0267599
-0.00696442
0.431253
-0.461673
0.341777
-0.330497
-0.761041
-0.732733
0.276225
-0.881129
0.508572
-0.0586018
-0.217457
-0.236111
-0.228923
0.202849
-0.799794
0.355772
0.0121565
-0.823145
-0.0408139
-1.12121
-0.102474
-0.933624
-0.616444
-1.03496
-1.15642
-1.16526
-1.03719
-1.56604
0.38464
-0.292933
-0.287406
0.255207
-0.278387
0.678165
0.170552
0.0321718
0.56711
-1.16536
-0.998449
0.160866
0.440588
-0.486975
0.150279
0.169084
-0.24994
0.346812
-0.328845
-0.310617
-0.111146
0.104717
-0.810025
0.165803
0.20192
0.538015
0.252606
-0.0900732
0.139377
-0.567621
-0.343223
-0.472243
-0.43457
-0.698345
0.599486
-0.0385499
-0.630691
0.271003
0.397266
-0.0536958
-0.849543
-0.585667
-0.860491
0.288566
-0.645433
0.421133
-1.23449
-0.222949
-0.19895
-0.219405
0.0112904
-0.202733
-1.64912
0.157728
-0.182892
-0.355974
0.359154
-0.725803
-0.551174
0.0262106
-0.0776309
0.0871089
-0.347471
-0.560393
-0.04616
0.445049
0.193448
0.437064
-0.075305
-0.527644
-0.117446
-0.752205
-1.26002
-0.646645
0.0774949
-0.697697
-0.556958
-0.633514
-0.574479
-0.225381
0.120261
-0.403781
-0.230349
0.166166
0.515277
0.373573
-0.042094
-0.839996
-0.106873
0.267824
-0.463281
0.0310037
0.00386095
-0.147233
0.587503
0.341619
-0.174785
-0.768154
-0.369884
0.119198
-1.54398
-0.236681
0.290001
0.547771
-0.403022
0.0300931
0.164578
0.241962
0.117112
0.391
-0.442001
0.115042
-0.806213
0.456341
0.475304
0.246348
0.166189
0.409984
0.750985
0.468372
0.429193
-0.341343
-1.21497
0.654672
0.312549
0.221334
0.142641
-0.42334
-0.00929685
-0.59429
-0.231922
0.488944
-0.1119
0.651454
0.181184
-0.171443
-0.415478
-0.814376
0.0314693
-0.054534
0.233648
-0.0423606
0.094945
-0.316184
0.129865
-0.15873
-0.0109397
-0.204461
0.123054
-0.830486
0.498063
0.267152
-0.479938
-0.33309
-0.962606
-0.137486
0.227301
0.408166
-0.424439
-0.224354
0.532902
-0.715377
