-0.781115
0.268207
0.701682
-0.400275
0.439296
-0.118496
-0.439455
0.447731
-0.48519
-2.67435
-1.07169
-1.60344
-0.780401
0.319539
-1.87518
-1.43233
-1.31399
-1.16391
0.475171
-0.837446
-1.43269
-1.61698
-0.893639
-0.772552
-1.29319
0.23489
0.00616939
0.549533
-0.476883
-0.18988
0.0448955
-0.217516
-0.115181
0.461834
-0.889303
0.284624
-0.200938
-1.39724
0.221968
0.154034
0.383164
0.0387689
-1.66471
0.252522
0.213674
0.424426
-0.385957
-0.660254
0.0436526
-0.608263
-0.0506528
-0.0329727
-0.405266
-0.662025
0.788135
-1.72427
-0.760294
-1.99115
-1.0581
0.336284
0.327111
-0.425643
0.267611
-1.67621
-0.913648
0.0572877
-0.64078
-0.139671
-0.443197
-0.34125
-0.429961
-0.69766
0.195009
-1.08752
-1.20864
-0.307613
0.0781149
-1.30706
-1.62958
0.468461
0.0116616
0.141741
-0.589068
-1.49168
-0.311946
-0.425609
0.239999
-1.6619
0.125468
-2.93259
-0.0148889
-0.555198
0.180909
-0.53799
0.0290277
-0.609448
-0.369839
-0.952445
-0.805598
-0.967453
-0.125912
-0.946371
0.700937
0.334228
-0.0868526
0.292984
-1.38805
-1.03809
-0.0181033
-0.435298
-1.23538
-2.1373
-1.32435
0.236124
0.0678214
-0.593894
0.178193
0.0631716
0.186432
-1.05245
-1.76575
-0.940335
-0.998782
-1.07378
-0.217209
-0.0942024
0.476916
0.137564
-0.571907
-0.117819
0.103869
-0.693181
0.565957
-0.158009
0.452959
-1.52097
0.0161451
-0.0291267
-0.651467
0.583806
-0.18792
-1.28404
0.903413
0.0545304
-0.070279
-0.614952
0.0438488
-0.398891
0.393519
-1.06127
-0.323868
-1.5557
-0.786943
-0.317752
-0.766127
-0.119802
-0.691376
-1.24779
0.572711
-1.16575
-0.0184636
0.487921
0.162384
-0.0470351
0.213444
-0.0922082
0.504674
-0.03816
0.0231473
0.12818
-0.789605
-0.0415857
0.493193
-0.903774
-0.523623
-2.25031
-0.128674
0.11556
0.261064
-0.780666
-0.309233
-1.44559
-0.145243
0.310224
-0.190516
0.0626001
-1.05504
-1.02601
0.216152
-0.514672
-1.64299
-0.936982
0.105026
-0.526548
-0.23321
-0.107698
-0.417605
-0.745221
-0.280492
0.231178
-0.481991
0.184553
0.271337
-0.862829
0.0114015
0.0835554
-0.00122325
-0.619057
-0.752998
-0.337822
0.672049
-0.700113
-0.217045
0.488743
0.0784363
0.2537
-0.562199
0.237224
-0.799879
-0.276615
-0.0855199
-0.925095
-0.30793
-1.40868
-0.85291
-0.294633
-0.796157
-0.71783
0.492779
-1.46978
-0.149869
0.182065
0.268969
0.747772
-0.225636
0.176103
-2.19218
-0.733887
-0.270523
0.262687
0.494474
-1.1365
0.0699041
0.0565888
-0.131414
-0.452041
-2.07673
0.261623
0.211743
0.246315
-1.7724
0.500161
-0.18949
-1.26201
0.139563
-1.22148
-0.86773
0.12724
-0.58326
0.565223
0.370082
-0.83545
0.295482
-0.699611
0.553742
0.193011
-0.246548
-1.34788
0.479877
0.274117
-0.870282
0.647694
0.170122
0.79081
0.177633
0.249674
0.390776
-0.177052
0.18855
0.216701
-0.0182552
-1.29364
0.676433
-0.184838
0.253327
0.641637
0.524664
0.30874
0.157248
-0.297356
0.234957
-0.599955
-1.50476
-0.0745482
-1.52514
-0.211156
0.126884
-0.125344
-0.455346
0.0737386
-0.126104
0.210375
0.264623
0.16376
-1.36879
-0.80743
0.667643
0.349796
0.0606849
0.626601
0.101643
-0.849205
-1.8629
-0.122812
-0.138244
0.284036
-0.205672
-0.177303
0.0706994
0.175505
0.448041
-0.127783
0.355259
-0.711027
0.121296
-0.471433
-0.228614
-0.161584
0.59505
0.536182
-0.07596
-0.845333
0.0810938
-0.0328723
0.303786
0.25874
0.189037
0.751608
-0.00421862
-1.02541
-1.92516
-0.903559
-0.541673
-0.224144
0.194891
-0.930687
-0.123286
0.0257965
-0.505068
-1.41603
-0.192289
0.0626397
-1.59324
-1.5045
0.401138
-0.0516674
0.361236
-0.316866
-1.7508
-1.22566
-1.31359
0.343646
0.420931
-1.29834
-0.184571
-0.0520317
-1.13095
-0.435729
0.255642
0.492909
-0.356077
-0.277628
-0.485647
0.0230885
0.484073
-0.989077
0.108152
0.111982
0.51731
-1.33235
-0.0158767
0.379796
0.137163
-0.296791
0.378153
-0.875688
-1.49317
0.11651
0.136484
-0.984255
-0.207743
0.579993
-0.116911
-0.343112
-1.43677
-0.0445793
0.651706
-0.287956
0.16778
-0.554216
-0.939442
-0.389027
-1.89565
-0.825563
0.0202358
-1.66395
0.0434079
0.0887248
0.207872
0.673192
-1.73544
0.340563
-0.141212
-0.824308
0.101088
-1.04485
-0.93506
-0.6752
-1.06715
-0.413658
-0.818732
-0.813549
-0.752588
-0.0450762
0.239398
-0.0414993
-1.06504
-1.06139
-1.11389
-0.0637771
0.26032
0.481456
0.677258
-0.420899
-0.0238886
-0.460545
0.240354
0.308012
-0.842776
-0.353275
-0.350068
0.270546
-1.11514
-0.640056
-1.08419
-0.975087
0.526438
0.365531
-0.842393
-0.931904
-0.805253
-0.0776976
-0.542569
0.173069
-1.27395
-0.014683
0.421736
-0.64649
-1.04456
-2.55977
-0.761783
-0.194564
-0.908228
-0.186117
-0.322633
-0.447699
-0.988318
-2.82372
-0.0790349
-0.750914
-1.2053
-0.148663
0.216993
0.23588
-0.417364
-0.21336
-0.583873
-0.338868
-1.25697
0.432776
0.673169
-0.498234
0.656297
-0.184526
0.710339
-1.10242
-0.358169
-1.58872
-0.0275262
-0.158378
0.159085
-0.00573423
-0.605237
0.276781
0.285937
-1.81299
0.117236
0.2118
-2.02668
0.419103
-0.749308
0.138544
0.462189
-2.48396
0.0129538
-0.441832
0.143231
0.516051
-0.910375
-1.47529
-1.46768
-1.65829
-0.602737
-2.21686
0.550058
0.467068
0.583873
0.180338
-1.18565
-0.780186
-1.13971
-0.190014
-0.147489
-1.02878
0.0817656
-1.55115
-1.17554
0.439586
0.304111
0.55599
0.213319
-0.606968
0.0954477
-1.77599
-0.208256
-0.133405
-0.4037
-0.815351
-0.00448437
-0.216413
-0.518763
0.409557
-0.264936
-0.326068
-0.6762
0.678303
-0.096158
0.27677
0.371376
-0.510849
-0.000213413
0.423816
-0.704312
-0.0483752
0.204011
-0.371223
-0.0794219
0.581028
0.479354
0.0779779
0.659327
-0.0535653
-0.387483
-1.83627
-0.738207
0.0613862
0.895697
0.366492
-0.842116
-0.262261
-1.23773
0.394719
-0.413376
-2.92388
-0.0638759
-0.620904
0.106376
-0.113578
-0.922136
-0.746693
0.446412
-0.211739
-1.83392
-0.0101642
-0.596142
0.162929
-0.693698
0.380851
-1.22465
-0.0160973
0.0302035
-0.397315
-1.65101
-0.304812
-0.0943519
-0.127548
0.235679
-1.30146
-0.527423
-1.63258
-0.98092
-0.949478
0.42732
0.169677
0.175548
-1.45362
-0.11281
-0.307543
0.411358
-0.694751
0.410018
-0.228483
-1.75908
0.723063
-0.049781
-0.0895832
-0.675749
0.282587
0.281272
-0.14876
0.0153423
0.294514
-0.560929
0.455792
-0.189195
0.656588
-1.02882
-0.977259
0.147936
-0.100782
-0.73511
-0.216072
-0.63385
0.145948
-1.13255
-0.745333
0.370118
-1.96728
-2.05475
-0.525744
0.211914
-0.847756
-0.111344
-0.182888
-0.588076
0.44316
-1.01254
-0.215864
0.162933
0.498148
0.311651
0.376916
-0.716382
-0.394268
0.339692
0.246098
-0.0388168
-1.83891
-0.475338
-0.762166
0.757156
-1.18547
0.261492
0.529808
0.0124311
-0.236736
-0.502131
0.198836
-1.92662
-1.25594
0.174087
0.112321
-0.770552
0.498183
-0.541002
-1.31904
-1.33041
-0.155125
-0.365377
-1.10959
-0.0368816
0.142677
-0.249505
0.690461
0.289193
-0.302268
-0.626776
0.343787
-0.0691454
-0.256435
-0.124343
-0.204745
0.0691512
0.209979
-0.276426
-1.77592
-0.777113
-0.689609
-0.687964
-0.55802
-0.0168889
-0.768019
-0.247856
0.442308
-0.413176
-0.0572029
-0.931535
-1.13034
-2.0663
-0.594899
-1.74372
-1.16622
-0.707804
-0.559761
0.627838
0.236081
0.259829
-1.426
-1.19254
-0.23032
0.523078
-0.188353
0.413447
-0.947713
0.0588614
0.592941
-1.02224
-2.04929
0.325166
-0.202339
-0.969846
-0.658784
0.261269
0.42656
0.363086
-0.0137735
0.196912
-1.30973
-0.825925
-1.13695
-0.0861336
0.346844
0.52005
-0.244067
-0.15175
-1.9733
0.383284
-0.730528
-0.561298
0.452919
-0.240764
-0.826258
-0.179142
-0.445335
0.188547
-1.29412
0.104327
-0.636564
0.0562242
-0.203316
-2.07739
0.0568313
0.612533
-0.890955
-0.129326
-0.159769
0.235568
0.335478
-0.0263369
0.391419
-0.179045
-1.33693
-0.812308
0.310115
-0.597717
0.106617
0.457873
0.323702
-0.782021
0.367185
-0.704096
0.143277
0.0881785
-0.521149
-1.34861
-0.576691
0.237816
-0.962062
0.326702
-0.342581
0.51893
-0.318381
-0.466631
0.00820127
0.394472
0.26575
0.000598905
-1.29985
-1.16283
-1.09694
-0.436384
-0.835681
-0.767731
-0.762663
-0.425218
-0.517057
-3.34954
-0.773979
0.159868
-0.391035
-0.318041
-0.273445
-0.0437131
-0.507757
-0.120411
0.703988
0.241388
0.288124
-1.18679
-2.13547
-0.295264
-0.625494
0.246866
0.320968
-2.11316
-0.385533
-0.0464025
-0.113909
-1.07306
-1.17584
0.704625
0.177112
-0.718136
-1.84804
-1.73821
-1.0193
0.106118
0.0678238
0.480107
-0.0117595
-0.11694
-0.938571
0.344671
-1.12235
0.0529674
0.517566
0.524304
0.19393
-0.203246
-1.35434
-0.693008
-0.202105
-1.04259
-0.956625
-0.844232
-1.08646
-1.88921
0.295691
-1.43707
-1.30453
-0.0106462
-1.12196
-0.584328
0.289927
0.257171
-1.17348
0.130464
-0.0116611
0.590438
-0.776207
-0.377647
-2.12713
-0.647462
-1.39902
-2.14816
0.367051
0.782659
0.332715
0.261263
-1.35958
-0.381141
-0.796617
-0.909912
-1.50849
-0.536113
-0.247919
0.354081
-0.137563
0.567257
-0.41025
0.207593
0.129712
-0.111726
-1.27239
0.318776
-1.18343
-0.0308363
0.75326
-0.504873
0.265679
-0.490841
-1.26344
-0.164285
0.100256
0.71929
-1.05155
-1.41083
-1.53824
0.556904
0.340728
0.459188
-1.04398
-0.0423811
-2.17468
0.257855
-0.714795
-0.731525
-1.45365
-0.214768
-0.196043
-1.6387
0.100798
-1.47479
0.520712
-0.851232
-0.178111
-0.284413
-0.186705
-2.00809
0.280191
-0.552459
-0.373863
-0.0468004
-0.330967
-0.200953
-0.971303
-0.647726
0.336407
0.142477
0.0244893
-0.135341
-1.05663
-1.47505
0.195178
-0.645219
-0.900877
0.401061
0.441895
0.223287
-0.357245
-0.268273
0.854363
0.601201
-0.800714
-0.794963
-0.407407
0.11099
0.0827052
-1.48668
-0.817248
-0.90362
-0.965463
-1.35999
-0.97514
-1.61631
-1.36189
0.562262
-1.13741
-2.50803
-0.0789517
-0.6876
-1.02465
0.181312
-0.872577
-0.0600361
-1.37926
-1.43184
-0.282234
-1.19523
-0.252452
-0.422535
-0.579856
-1.35851
-0.983861
0.157111
0.818593
-0.0986263
0.553832
0.313328
0.566511
-0.31908
0.552367
0.252652
0.241914
-0.179929
-1.42677
-0.216969
0.380538
-2.20368
0.268588
-0.91106
-0.12301
-1.32353
-0.189525
-0.542234
0.408986
-0.291114
0.222279
-0.245626
0.416434
-0.291588
0.342637
-0.445072
-0.320437
-0.209071
-0.563797
0.0545147
-0.868713
0.0187874
-1.68598
-0.869293
-0.0948114
-0.932807
0.569279
-0.313581
-0.315709
0.651239
-0.197175
0.347202
-0.792076
0.276964
0.223728
-0.224243
-0.00772228
-0.252515
-0.410547
0.285962
0.735242
-0.00814225
-1.08638
-0.842081
0.31819
-0.472958
0.0542613
-0.45287
-0.943902
-0.75408
-0.291589
-0.421524
0.372271
0.424756
-0.0920539
-0.166275
-0.0614673
0.472909
0.216271
0.0745683
0.112446
-0.135504
0.148842
0.0930552
-0.361162
0.631542
0.0821474
0.518634
0.376782
-1.07933
-0.0651728
-1.55167
-0.546739
-0.467162
-1.55315
-0.620443
-1.06205
-0.678478
0.103979
-0.234027
0.341125
0.275283
-0.184265
0.023814
-0.382429
0.375581
-0.708302
-0.91117
0.157837
-0.998496
0.455862
-1.19
-0.410128
0.0467718
-0.0741887
0.275901
-0.960283
-0.655553
-0.0214263
-1.11037
-0.175905
0.187051
0.113447
0.460108
0.476689
-0.343115
-0.325147
-1.14232
-0.532644
-0.23278
0.388318
0.493279
0.209441
0.0237649
-0.651868
0.308457
0.525093
0.0888001
0.435886
0.136906
-0.163374
0.495658
-0.486982
-0.801152
-0.652381
-0.270218
0.323501
0.388714
-0.337047
0.234301
-1.18177
-0.216035
-0.508178
-0.126082
0.0412573
0.713828
-1.53149
-0.502389
-0.681809
-0.112757
-0.822038
-0.462197
0.363721
0.123426
-0.216142
0.258473
-0.0724916
0.894652
-1.08479
-1.00763
-0.163223
-0.0904685
-1.28984
0.233688
0.340848
-0.0608049
0.275295
-0.421883
-0.0183941
-0.634711
0.0574244
-0.866138
-0.465609
-1.8164
0.365427
0.521341
0.50192
0.117905
-0.0839376
-0.366362
-0.0305192
-0.528613
-0.884854
-0.477588
-0.00713854
-0.591043
-0.540661
-0.340311
0.420962
-0.232266
-0.31979
-0.568796
-0.138924
0.310687
-0.114568
-0.0947156
0.110002
0.279412
-0.480402
-0.521525
-0.635762
0.130572
0.587431
-0.45863
-1.07103
-0.0377489
-0.391046
-0.796924
-0.0157725
-0.900054
-0.959716
0.00622672
0.0174871
-0.483928
-1.10927
-0.357668
-1.23599
-0.0854088
0.307576
-0.28917
-0.433906
-0.280768
-0.0794888
-0.0250728
-0.21603
-0.29306
-0.028511
-0.198241
-0.378389
-0.305456
0.33939
-0.544721
-0.821398
0.119549
0.0388099
0.32534
-0.762604
-0.515015
-0.636423
-0.711671
-0.492495
-0.463986
-1.04171
-0.572052
-0.475773
-0.483518
-0.163807
-0.235459
-0.395025
0.316779
-0.803523
-0.00487093
-0.098978
-0.659445
0.165399
-0.266927
-0.291045
-0.318629
-0.0816014
-0.916989
-0.898596
-1.25394
-0.793651
-0.636555
0.511737
0.00117879
-0.762829
-0.608853
-0.267613
0.124177
0.195556
-0.184474
0.43958
-0.704452
-0.274924
-0.69728
-1.4785
-0.626136
-0.0426586
-0.454042
-0.768318
-1.70453
-0.0814581
-0.842816
-1.16563
-0.564755
0.148504
-0.37453
0.50347
0.414575
-0.0130521
0.2738
-0.0607773
-0.839791
-0.235532
-0.067083
-0.0393143
0.647583
0.44741
0.0377063
0.448295
-0.686005
0.193461
0.0882834
0.209537
-0.185725
0.217402
-0.311692
-0.259398
-0.0652463
-0.660768
0.0196412
-0.37738
-0.404551
-0.600626
0.0943443
-2.02681
0.554953
-0.222962
-1.38457
0.125959
0.4386
0.0492882
0.100749
0.410306
-0.367137
0.0707533
-0.245881
-0.316916
-0.795328
-0.528003
0.730766
-0.44769
-0.14023
0.403148
-1.44654
-0.121541
0.148131
-1.24984
-0.0281366
-0.372123
0.562641
-0.134999
-0.593725
-1.71984
0.27749
0.156023
0.0670534
0.304691
0.237407
0.554698
-0.30282
-0.171275
-1.31133
-2.35408
-2.03799
-0.310738
0.0191578
0.106229
-0.397002
-1.8096
0.192639
0.452852
-0.189926
-0.160721
0.00232713
0.38183
-0.671832
0.205101
-0.860332
-0.308843
0.0622618
0.163707
-0.998232
-0.0507499
0.194621
0.318434
-0.979906
-0.0661994
-0.275138
0.147408
0.180042
-0.0586272
-1.28663
-1.42377
-1.41735
0.463154
-2.46952
-1.0365
0.0270055
-0.133248
-0.475169
-1.28371
-0.10614
0.068503
-0.348817
0.0773983
0.157743
-0.270185
-0.173751
0.0406116
-0.632374
-1.00156
0.0408787
0.169561
-0.570531
0.263127
0.584295
0.186862
-0.0985594
-0.13106
-0.0223536
-0.553416
0.231205
-0.700868
0.598292
-0.244703
-0.802813
0.149914
0.0812559
-0.357892
0.363223
-0.380655
-0.150663
0.0586648
0.282176
-0.499112
-0.308553
0.194775
-0.553575
0.418891
0.206026
0.469715
0.768688
-0.123929
0.0142478
-0.0566678
-0.108295
-0.614375
-1.04777
0.452201
0.0967751
0.0547759
0.354989
-0.184808
-3.30295
-1.11211
0.138716
-0.0552202
-0.30331
0.424446
-0.378787
0.290864
-1.35527
-0.131593
0.111659
0.0965227
-0.971182
0.234936
0.239324
-0.00618131
0.346048
-0.619893
-0.170544
-0.221911
-0.140973
0.665928
-0.444611
0.393858
-0.958805
-0.746323
0.360675
0.205592
-0.873092
0.218125
-0.386676
-1.23491
0.0170606
-0.879992
-1.08946
0.030674
-0.186802
0.544685
0.326783
0.127846
-0.0156406
-0.0673351
-0.676563
-0.340633
-1.12219
0.312318
-0.169414
0.145869
-0.135029
0.334799
-0.376929
0.128591
0.0727618
0.375382
-0.44651
-0.681556
0.426711
0.715176
-0.448621
-0.407491
0.217243
-0.092923
-1.00306
0.227386
0.306488
0.452314
0.300293
-1.26356
-0.695726
-0.0332899
0.37641
-0.295207
-0.456078
-0.272433
0.350673
0.576335
-0.0984004
-0.687854
-0.469585
-0.344809
0.245892
0.683663
0.202302
-0.38583
-0.196731
-0.413153
0.0219429
-0.816619
-1.13333
0.156984
-0.341844
-0.596564
-0.0324257
0.139806
0.343046
-0.329572
0.0345788
-1.13036
-1.7085
-1.49554
0.504671
0.0860431
-0.291352
-0.42002
-0.666411
0.313937
0.083228
0.500897
-1.21451
0.0324923
-0.849346
0.199451
-0.908571
-0.132699
0.237957
0.286682
-0.33007
-0.25356
-0.790645
0.584485
-1.55478
0.0101266
0.382182
0.482988
-0.070083
0.419869
-0.937615
-0.00639481
-0.0616064
-0.210632
0.538219
-0.638327
-0.14478
-0.829177
-0.0498672
-0.220029
0.113385
0.181921
-1.19646
-0.134595
0.20362
0.296659
-0.496323
-0.748361
0.157537
-0.665626
-0.539433
0.53872
-0.242358
-0.617542
-0.240516
-0.18251
0.155311
-0.519367
-0.555316
0.244435
-0.12847
0.262874
-1.42945
0.196586
0.0608038
-0.206211
-0.806337
-1.38044
-0.179213
-0.674777
0.272837
-0.229867
-0.385481
-0.048277
0.458497
-0.927553
-0.545099
0.132596
-0.280089
0.00697045
0.0491551
-1.53292
-0.0764006
0.273258
0.713908
-0.824508
0.395244
-0.671359
-1.72168
-0.612834
0.235089
0.300426
0.556361
-0.566502
0.613302
0.040226
-0.660875
-1.19965
-0.0510139
-0.17765
-0.200361
0.165085
-0.761291
-0.148735
0.168415
-0.888204
-1.19882
0.0303099
0.310793
-0.54109
0.0382491
-0.759832
-0.43388
-0.02895
0.390846
-0.154119
0.124802
-0.205698
0.391976
-2.50037
-0.104357
-1.06419
0.251512
-0.104234
0.0410862
0.665767
0.0415424
0.475959
0.423432
0.413267
-0.0097059
0.139091
-0.228941
-0.823152
0.0978896
-0.591734
0.177848
0.377437
0.0559475
0.409538
0.601956
-0.424597
0.243903
-0.567529
0.451408
-0.7925
-0.677052
-0.786445
0.728595
-0.0789152
-1.09924
-0.228352
0.152213
-0.191647
-0.978735
0.251329
0.149022
0.16963
-0.00086506
-0.0850888
0.193339
0.0948184
-0.716732
-0.0466802
-0.134966
-1.57869
-0.168349
-0.46037
-0.537291
0.223847
0.185501
0.267322
-0.862153
0.160916
-0.485024
0.543676
-0.489887
-0.202617
-1.52335
-1.26493
-0.796587
0.530916
-1.21989
-0.921496
0.0177634
0.499398
0.33258
-1.41763
0.17102
0.124303
-0.416861
-0.474101
-0.301242
0.159847
0.0761173
-0.184807
0.191572
0.641107
0.391367
0.440296
-0.0609876
-0.0605757
-0.624051
-0.156476
0.209969
-0.688278
-0.645048
0.434809
-0.412316
-0.311888
-1.98116
-0.389161
-0.0997411
-0.645121
0.275764
-0.291523
-0.0561243
0.247462
0.588099
0.0769993
-0.495855
0.587985
0.525972
0.106713
0.100368
-0.0455569
-1.08464
0.348409
-0.0999627
0.53051
-1.93496
0.582525
0.575252
-1.63266
0.147898
-0.73059
-1.1052
0.0755995
0.170459
0.120256
0.467344
-0.898574
-0.803796
-1.04952
-0.885177
0.323681
-0.110621
-0.661894
-0.0244678
-0.10613
-0.549139
-0.262235
0.132697
-0.228048
0.454417
-1.4707
-0.105531
-0.309609
-0.196491
-1.08006
-0.212303
0.73544
-1.95681
0.123269
-0.403289
-0.788941
0.239641
-1.55661
-0.228862
-0.0521995
-0.702094
-0.342363
-1.22844
0.0587828
-0.215452
-0.273576
-0.0558662
0.208747
0.0643002
-0.86243
0.271127
-0.260542
-0.245727
-0.859243
-0.182445
-0.515341
-0.546927
0.0631023
-0.595924
-0.312503
-0.981151
0.097038
0.15178
0.375189
-0.886392
0.613839
0.235343
-0.191228
0.266156
0.0118611
-1.36636
-0.577484
-0.76493
-0.120492
-0.304992
0.148864
-0.42442
0.319528
0.00469961
-1.7852
-1.26959
0.21755
0.562895
0.155496
-0.204284
-0.531717
0.226122
0.296974
0.0101299
-0.599526
-2.03098
-0.291549
-1.29356
0.450862
-0.299295
0.297289
-0.244201
0.102816
-0.430917
0.544103
-0.648042
0.692316
-0.513979
-0.350904
0.0767983
-0.737275
0.203328
-1.0448
-0.257933
-0.70643
0.385024
-0.0687874
-1.21919
-1.2866
-0.673182
0.157568
-0.850909
-0.293171
0.048654
0.482459
0.390765
-0.0447968
0.288572
-0.131304
0.719646
0.109126
-0.85216
-0.933155
-0.893577
0.277465
-1.80511
-0.274192
0.16768
-0.246186
0.380586
-0.471767
0.269099
0.138382
0.472818
0.442225
0.642259
0.0597729
0.140019
-1.18801
-1.4565
-0.296027
0.705899
-0.101625
-0.0688831
0.655857
-0.184416
-0.266409
0.274504
-0.995608
-0.269161
0.114215
-0.192754
0.211815
0.118419
0.105126
-0.358668
-0.156784
0.060346
0.129621
0.117045
-0.277303
-0.227801
-0.546043
-0.753715
-1.1926
0.0364314
0.0859044
-1.57303
0.152459
0.156939
0.275171
0.00873601
0.237613
0.544115
-0.435063
0.0860069
-0.964228
-1.75253
-0.243307
0.402296
-0.590558
-1.47331
0.272064
0.30204
-0.49065
0.513253
-0.770829
0.476281
-0.81253
-0.328674
0.00330329
0.0217898
-0.146491
0.202748
-0.392449
0.347255
-1.36611
0.101556
0.259264
-1.31648
0.306752
0.148971
-0.602372
-0.45613
0.74918
-0.835924
-0.110616
-0.151236
0.475633
-0.980211
-0.10409
0.429782
0.187916
-0.456252
0.14525
-0.395956
0.325758
-0.0984799
0.532656
-1.02097
-0.197927
-0.354294
-0.475688
-0.358393
-0.621562
-0.224441
-0.061015
0.261136
0.328726
-0.226286
0.258259
0.0672314
-0.500075
0.13921
0.122735
-0.31625
-0.39498
0
0
0
0
0
0
0
0
0
0
0
0
0
0
0
0
0
0
0
0
0
0
0
0
0
0
0
0
0
0
0
0
0
0
0
0
0
0
0
0
0
0
0
0
0
0
0
0
0
0
0
0
0
0
0
0
0
0
0
0
0
0
0
0
0
0
0
0
0
0
0
0
0
0
0
0
0
0
0
0
0
0
0
0
0
0
0
0
0
0
0
0
0
0
0
0
0
0
0
0
0
0
0
0
0
0
0
0
0
0
0
0
0
0
0
0
0
0
0
0
0
0
0
0
0
0
0
0
0
0
0
0
0
0
0
0
0
0
0
0
0
0
0
0
0
0
0
0
0
0
0
0
0
0
0
0
0
0
0
0
0
0
0
0
0
0
0
0
0
0
0
0
0
0
0
0
0
0
0
0
0
0
0
0
0
0
0
0
0
0
0
0
0
0
0
0
0
0
0
0
0
0
0
0
0
0
0
0
0
0
0
0
0
0
0
0
0
0
0
0
0
0
0
0
0
0
0
0
0
0
0
0
0
0
0
0
0
0
0
0
0
0
0
0
0
0
0
0
0
0
0
0
0
0
0
0
0
0
0
0
0
0
0
0
0
0
0
0
0
0
0
0
0
0
0
0
0
0
0
0
0
0
0
0
0
0
0
0
0
0
0
0
0
0
0
0
0
0
0
0
0
0
0
0
0
0
0
0
0
0
0
0
0
0
0
0
0
0
0
0
0
0
0
0
0
0
0
0
0
0
0
0
0
0
0
0
0
0
0
0
0
0
0
0
0
0
0
0
0
0
0
0
0
0
0
0
0
0
0
0
0
0
0
0
0
0
0
0
0
0
0
0
0
0
0
0
0
0
0
0
0
0
0
0
0
0
0
0
0
0
0
0
0
0
0
0
0
0
0
0
0
0
0
0
0
0
0
0
0
0
0
0
0
0
0
0
0
0
0
0
0
0
0
0
0
0
0
0
0
0
0
0
0
0
0
0
0
0
0
0
0
0
0
0
0
0
0
0
0
0
0
0
0
0
0
0
0
0
0
0
0
0
0
0
0
0
0
0
0
0
0
0
0
0
0
0
0
0
0
0
0
0
0
0
0
0
0
0
0
0
0
0
0
0
0
0
0
0
0
0
0
0
0
0
0
0
0
0
0
0
0
0
0
0
0
0
0
0
0
0
0
0
0
0
0
0
0
0
0
0
0
0
0
0
0
0
0
0
0
0
0
0
0
0
0
0
0
0
0
0
0
0
0
0
0
0
0
0
0
0
0
0
0
0
0
0
0
0
0
0
0
0
0
0
0
0
0
0
0
0
0
0
0
0
0
0
0
0
0
0
0
0
0
0
0
0
0
0
0
0
0
0
0
0
0
0
0
0
0
0
0
0
0
0
0
0
0
0
0
0
0
0
0
0
0
0
0
0
0
0
0
0
0
0
0
0
0
0
0
0
0
0
0
0
0
0
0
0
0
0
0
0
0
0
0
0
0
0
0
0
0
0
0
0
0
0
0
0
0
0
0
0
0
0
0
0
0
0
0
0
0
0
0
0
0
0
0
0
0
0
0
0
0
0
0
0
0
0
0
0
0
0
0
0
0
0
0
0
0
0
0
0
0
0
0
0
0
0
0
0
0
0
0
0
0
0
0
0
0
0
0
0
0
0
0
0
0
0
0
0
0
0
0
0
0
0
0
0
0
0
0
0
0
0
0
0
0
0
0
0
0
0
0
0
0
0
0
0
0
0
0
0
0
0
0
0
0
0
0
0
0
0
0
0
0
0
0
0
0
0
0
0
0
0
0
0
0
0
0
0
0
0
0
0
0
0
0
0
0
0
0
0
0
0
0
0
0
0
0
0
0
0
0
0
0
0
0
0
0
0
0
0
0
0
0
0
0
0
0
0
0
0
0
0
0
0
0
0
0
0
0
0
0
0
0
0
0
0
0
0
0
0
0
0
0
0
0
0
0
0
0
0
0
0
0
0
0
0
0
0
0
0
0
0
0
0
0
0
0
0
0
0
0
0
0
0
0
0
0
0
0
0
0
0
0
0
0
0
0
0
0
0
0
0
0
0
0
0
0
0
0
0
0
0
0
0
0
0
0
0
0
0
0
0
0
0
0
0
0
0
0
0
0
0
0
0
0
0
0
0
0
0
0
0
0
0
0
0
0
0
0
0
0
0
0
0
0
0
0
0
0
0
0
0
0
0
0
0
0
0
0
0
0
0
0
0
0
0
0
0
0
0
0
0
0
0
0
0
0
0
0
0
0
0
0
0
0
0
0
0
0
0
0
0
0
0
0
0
0
0
0
0
0
0
0
0
0
0
0
0
0
0
0
0
0
0
0
0
0
0
0
0
0
0
0
0
0
0
0
0
0
0
0
0
0
0
0
0
0
0
0
0
0
0
0
0
0
0
0
0
0
0
0
0
0
0
0
0
0
0
0
0
0
0
0
0
0
0
0
0
0
0
0
0
0
0
0
0
0
0
0
0
0
0
0
0
0
0
0
0
0
0
0
0
0
0
0
0
0
0
0
0
0
0
0
0
0
0
0
0
0
0
0
0
0
0
0
0
0
0
0
0
0
0
0
0
0
0
0
0
0
0
0
0
0
0
0
0
0
0
0
0
0
0
0
0
0
0
0
0
0
0
0
0
0
0
0
0
0
0
0
0
0
0
0
0
0
0
0
0
0
0
0
0
0
0
0
0
0
0
0
0
0
0
0
0
0
0
0
0
0
0
0
0
0
0
0
0
0
0
0
0
0
0
0
0
0
0
0
0
0
0
0
0
0
0
0
0
0
0
0
0
0
0
0
0
0
0
0
0
0
0
0
0
0
0
0
0
0
0
0
0
0
0
0
0
0
0
0
0
0
0
0
0
0
0
0
0
0
0
0
0
0
0
0
0
0
0
0
0
0
0
0
0
0
0
0
0
0
0
0
0
0
0
0
0
0
0
0
0
0
0
0
0
0
0
0
0
0
0
0
0
0
0
0
0
0
0
0
0
0
0
0
0
0
0
0
0
0
0
0
0
0
0
0
0
0
0
0
0
0
0
0
0
0
0
0
0
0
0
0
0
0
0
0
0
0
0
0
0
0
0
0
0
0
0
0
0
0
0
0
0
0
0
0
0
0
0
0
0
0
0
0
0
0
0
0
0
0
0
0
0
0
0
0
0
0
0
0
0
0
0
0
0
0
0
0
0
0
0
0
0
0
0
0
0
0
0
0
0
0
0
0
0
0
0
0
0
0
0
0
0
0
0
0
0
0
0
0
0
0
0
0
0
0
0
0
0
0
0
0
0
0
0
0
0
0
0
0
0
0
0
0
0
0
0
0
0
0
0
0
0
0
0
0
0
0
0
0
0
0
0
0
0
0
0
0
0
0
0
0
0
0
0
0
0
0
0
0
0
0
0
0
0
0
0
0
0
0
0
0
0
0
0
0
0
0
0
0
0
0
0
0
0
0
0
0
0
0
0
0
0
0
0
0
0
0
0
0
0
0
0
0
0
0
0
0
0
0
0
0
0
0
0
0
0
0
0
0
0
0
0
0
0
0
0
0
0
0
0
0
0
0
0
0
0
0
0
0
0
0
0
0
0
0
0
0
0
0
0
0
0
0
0
0
0
0
0
0
0
0
0
0
0
0
0
0
0
0
0
0
0
0
0
0
0
0
0
0
0
0
0
0
0
0
0
0
0
0
0
0
0
0
0
0
0
0
0
0
0
0
0
0
0
0
0
0
0
0
0
0
0
0
0
0
0
0
0
0
0
0
0
0
0
0
0
0
0
0
0
0
0
0
0
0
0
0
0
0
0
0
0
0
0
0
0
0
0
0
0
0
0
0
0
0
0
0
0
0
0
0
0
0
0
0
0
0
0
0
0
0
0
0
0
0
0
0
0
0
0
0
0
0
0
0
0
0
0
0
0
0
0
0
0
0
0
0
0
0
0
0
0
0
0
0
0
0
0
0
0
0
0
0
0
0
0
0
0
0
0
0
0
0
0
0
0
0
0
0
0
0
0
0
0
0
0
0
0
0
0
0
0
0
0
0
0
0
0
0
0
0
0
0
0
0
0
0
0
0
0
0
0
0
0
0
0
0
0
0
0
0
0
0
0
0
0
0
0
0
0
0
0
0
0
0
0
0
0
0
0
0
0
0
0
0
0
0
0
0
0
0
0
0
0
0
0
0
0
0
0
0
0
0
0
0
0
0
0
0
0
0
0
0
0
0
0
0
0
0
0
0
0
0
0
0
0
0
0
0
0
0
0
0
0
0
0
0
0
0
0
0
0
0
0
0
0
0
0
0
0
0
0
0
0
0
0
0
0
0
0
0
0
0
0
0
0
0
0
0
0
0
0
0
0
0
0
0
0
0
0
0
0
0
0
0
0
0
0
0
0
0
0
0
0
0
0
0
0
0
0
0
0
0
0
0
0
0
0
0
0
0
0
0
0
0
0
0
0
0
0
0
0
0
0
0
0
0
0
0
0
0
0
0
0
0
0
0
0
0
0
