0
0
0
0
0
0
0
0
0
0
0
0
0
0
0
0
0
0
0
0
0
0
0
0
0
0
0
0
0
0
0
0
0
0
0
0
0
0
0
0
0
0
0
0
0
0
0
0
0
0
0
0
0
0
0
0
0
0
0
0
0
0
0
0
0
0
0
0
0
0
0
0
0
0
0
0
0
0
0
0
0
0
0
0
0
0
0
0
0
0
0
0
0
0
0
0
0
0
0
0
0
0
0
0
0
0
0
0
0
0
0
0
0
0
0
0
0
0
0
0
0
0
0
0
0
0
0
0
0
0
0
0
0
0
0
0
0
0
0
0
0
0
0
0
0
0
0
0
0
0
0
0
0
0
0
0
0
0
0
0
0
0
0
0
0
0
0
0
0
0
0
0
0
0
0
0
0
0
0
0
0
0
0
0
0
0
0
0
0
0
0
0
0
0
0
0
0
0
0
0
0
0
0
0
0
0
0
0
0
0
0
0
0
0
0
0
0
0
0
0
0
0
0
0
0
0
0
0
0
0
0
0
0
0
0
0
0
0
0
0
0
0
0
0
0
0
0
0
0
0
0
0
0
0
0
0
0
0
0
0
0
0
0
0
0
0
0
0
0
0
0
0
0
0
0
0
0
0
0
0
0
0
0
0
0
0
0
0
0
0
0
0
0
0
0
0
0
0
0
0
0
0
0
0
0
0
0
0
0
0
0
0
0
0
0
0
0
0
0
0
0
0
0
0
0
0
0
0
0
0
0
0
0
0
0
0
0
0
0
0
0
0
0
0
0
0
0
0
0
0
0
0
0
0
0
0
0
0
0
0
0
0
0
0
0
0
0
0
0
0
0
0
0
0
0
0
0
0
0
0
0
0
0
0
0
0
0
0
0
0
0
0
0
0
0
0
0
0
0
0
0
0
0
0
0
0
0
0
0
0
0
0
0
0
0
0
0
0
0
0
0
0
0
0
0
0
0
0
0
0
0
0
0
0
0
0
0
0
0
0
0
0
0
0
0
0
0
0
0
0
0
0
0
0
0
0
0
0
0
0
0
0
0
0
0
0
0
0
0
0
0
0
0
0
0
0
0
0
0
0
0
0
0
0
0
0
0
0
0
0
0
0
0
0
0
0
0
0
0
0
0
0
0
0
0
0
0
0
0
0
0
0
0
0
0
0
0
0
0
0
0
0
0
0
0
0
0
0
0
0
0
0
0
0
0
0
0
0
0
0
0
0
0
0
0
0
0
0
0
0
0
0
0
0
0
0
0
0
0
0
0
0
0
0
0
0
0
0
0
0
0
0
0
0
0
0
0
0
0
0
0
0
0
0
0
0
0
0
0
0
0
0
0
0
0
0
0
0
0
0
0
0
0
0
0
0
0
0
0
0
0
0
0
0
0
0
0
0
0
0
0
0
0
0
0
0
0
0
0
0
0
0
0
0
0
0
0
0
0
0
0
0
0
0
0
0
0
0
0
0
0
0
0
0
0
0
0
0
0
0
0
0
0
0
0
0
0
0
0
0
0
0
0
0
0
0
0
0
0
0
0
0
0
0
0
0
0
0
0
0
0
0
0
0
0
0
0
0
0
0
0
0
0
0
0
0
0
0
0
0
0
0
0
0
0
0
0
0
0
0
0
0
0
0
0
0
0
0
0
0
0
0
0
0
0
0
0
0
0
0
0
0
0
0
0
0
0
0
0
0
0
0
0
0
0
0
0
0
0
0
0
0
0
0
0
0
0
0
0
0
0
0
0
0
0
0
0
0
0
0
0
0
0
0
0
0
0
0
0
0
0
0
0
0
0
0
0
0
0
0
0
0
0
0
0
0
0
0
0
0
0
0
0
0
0
0
0
0
0
0
0
0
0
0
0
0
0
0
0
0
0
0
0
0
0
0
0
0
0
0
0
0
0
0
0
0
0
0
0
0
0
0
0
0
0
0
0
0
0
0
0
0
0
0
0
0
0
0
0
0
0
0
0
0
0
0
0
0
0
0
0
0
0
0
0
0
0
0
0
0
0
0
0
0
0
0
0
0
0
0
0
0
0
0
0
0
0
0
0
0
0
0
0
0
0
0
0
0
0
0
0
0
0
0
0
0
0
0
0
0
0
0
0
0
0
0
0
0
0
0
0
0
0
0
0
0
0
0
0
0
0
0
0
0
0
0
0
0
0
0
0
0
0
0
0
0
0
0
0
0
0
0
0
0
0
0
0
0
0
0
0
0
0
0
0
0
0
0
0
0
0
0
0
0
0
0
0
0
0
0
0
0
0
0
0
0
0
0
0
0
0
0
0
0
0
0
0
0
0
0
0
0
0
0
0
0
0
0
0
0
0
0
0
0
0
0
0
0
0
0
0
0
0
0
0
0
0
0
0
0
0
0
0
0
0
0
0
0
0
0
0
0
0
0
0
0
0
0
0
0
0
0
0
0
0
0
0
0
0
0
0
0
0
0
0
0
0
0
0
0
0
0
0
0
0
0
0
0
0
0
0
0
0
0
0
0
0
0
0
0
0
0
0
0
0
0
0
0
0
0
0
0
0
0
0
0
0
0
0
0
0
0
0
0
0
0
0
0
0
0
0
0
0
0
0
0
0
0
0
0
0
0
0
0
0
0
0
0
0
0
0
0
0
0
0
0
0
0
0
0
0
0
0
0
0
0
0
0
0
0
0
0
0
0
0
0
0
0
0
0
0
0
0
0
0
0
0
0
0
0
0
0
0
0
0
0
0
0
0
0
0
0
0
0
0
0
0
0
0
0
0
0
0
0
0
0
0
0
0
0
0
0
0
0
0
0
0
0
0
0
0
0
0
0
0
0
0
0
0
0
0
0
0
0
0
0
0
0
0
0
0
0
0
0
0
0
0
0
0
0
0
0
0
0
0
0
0
0
0
0
0
0
0
0
0
0
0
0
0
0
0
0
0
0
0
0
0
0
0
0
0
0
0
0
0
0
0
0
0
0
0
0
0
0
0
0
0
0
0
0
0
0
0
0
0
0
0
0
0
0
0
0
0
0
0
0
0
0
0
0
0
0
0
0
0
0
0
0
0
0
0
0
0
0
0
0
0
0
0
0
0
0
0
0
0
0
0
0
0
0
0
0
0
0
0
0
0
0
0
0
0
0
0
0
0
0
0
0
0
0
0
0
0
0
0
0
0
0
0
0
0
0
0
0
0
0
0
0
0
0
0
0
0
0
0
0
0
0
0
0
0
0
0
0
0
0
0
0
0
0
0
0
0
0
0
0
0
0
0
0
0
0
0
0
0
0
0
0
0
0
0
0
0
0
0
0
0
0
0
0
0
0
0
0
0
0
0
0
0
0
0
0
0
0
0
0
0
0
0
0
0
0
0
0
0
0
0
0
0
0
0
0
0
0
0
0
0
0
0
0
0
0
0
0
0
0
0
0
0
0
0
0
0
0
0
0
0
0
0
0
0
0
0
0
0
0
0
0
0
0
0
0
0
0
0
0
0
0
0
0
0
0
0
0
0
0
0
0
0
0
0
0
0
0
0
0
0
0
0
0
0
0
0
0
0
0
0
0
0
0
0
0
0
0
0
0
0
0
0
0
0
0
0
0
0
0
0
0
0
0
0
0
0
0
0
0
0
0
0
0
0
0
0
0
0
0
0
0
0
0
0
0
0
0
0
0
0
0
0
0
0
0
0
0
0
0
0
0
0
0
0
0
0
0
0
0
0
0
0
0
0
0
0
0
0
0
0
0
0
0
0
0
0
0
0
0
0
0
0
0
0
0
0
0
0
0
0
0
0
0
0
0
0
0
0
0
0
0
0
0
0
0
0
0
0
0
0
0
0
0
0
0
0
0
0
0
0
0
0
0
0
0
0
0
0
0
0
0
0
0
0
0
0
0
0
0
0
0
0
0
0
0
0
0
0
0
0
0
0
0
0
0
0
0
0
0
0
0
0
0
0
0
0
0
0
0
0
0
0
0
0
0
0
0
0
0
0
0
0
0
0
0
0
0
0
0
0
0
0
0
0
0
0
0
0
0
0
0
0
0
0
0
0
0
0
0
0
0
0
0
0
0
0
0
0
0
0
0
0
0
0
0
0
0
0
0
0
0
0
0
0
0
0
0
0
0
0
0
0
0
0
0
0
0
0
0
0
0
0
0
0
0
0
0
0
0
0
0
0
0
0
0
0
0
0
0
0
0
0
0
0
0
0
0
0
0
0
0
0
0
0
0
0
0
0
0
0
0
0
0
0
0
0
0
0
0
0
0
0
0
0
0
0
0
0
0
0
0
0
0
0
0
0
0
0
0
0
0
0
0
0
0
0
0
0
0
0
0
0
0
0
0
0
0
0
0
0
0
0
0
0
0
0
0
0
0
0
0
0
0
0
0
0
0
0
0
0
0
0
0
0
0
0
0
0
0
0
0
0
0
0
0
0
0
0
0
0
0
0
0
0
0
0
0
0
0
0
0
0
0
0
0
0
0
0
0
0
0
0
0
0
0
0
0
0
0
0
0
0
0
0
0
0
0
0
0
0
0
0
0
0.999024
1.22201
1.07678
1.04106
0.999024
1.17032
1.00136
1.59956
1.09643
1.01038
1.06065
1.00327
1.00582
1.05412
1.07012
1.0622
1.03577
1.15126
1.08017
1.00046
0.999024
1.23244
1.46254
1.00347
1.10774
1.14072
0.999978
1.07169
1.05877
1.08745
0.999978
1.07838
1.06814
0.999024
1.45519
1.24072
1.16871
1.01227
0.999978
1.02712
1.0695
0.999024
1.02758
1.16776
1.11356
1.12245
1.13015
0.999024
0.999024
1.25071
0.999978
1.01097
1.15559
0.999024
0.999978
1.35409
1.01009
0.999978
1.06172
1.02774
1.09932
1.38422
1.05588
1.02945
1.07477
1.04687
1.53092
1.19962
0.999024
1.03034
0.999024
1.00045
1.03965
1.19936
1.14562
1.09645
0.999024
1.02883
1.04704
1.12146
1.0108
1.01881
1.06169
1.00664
1.17605
1.01757
1.00105
1.01295
1.26124
1.10697
0.999024
1.08467
1.05768
1.01209
1.02817
1.47533
1.14203
0.999978
1.00597
1.30069
1.0071
0.999978
0.999024
1.15164
1.00652
0.999024
0.999024
0.999024
0.999024
1.12675
1.09687
1.00246
1.12649
1.12705
1.02624
1.12219
1.11838
1.00134
0.999978
1.22998
1.1893
1.10666
1.08768
0.999997
1.00283
1.12977
1.31738
1.02251
1.53036
1.00491
1.02406
1.06669
0.999978
1.00483
0.999978
1.00669
0.999024
1.02871
1.34864
1.00265
1.06935
0.999024
1.05584
1.0459
1.02418
1.00294
1.20546
1.0241
1.20316
0.999024
1.13264
1.29172
1.19249
1.01086
1.0689
0.999024
1.01004
1.11655
1.00115
1.27125
1.13836
1.08432
1.12609
0.999024
1.15527
1.0093
0.999024
0.999024
1.18406
1.0089
1.00029
1.19414
1.12067
1.35307
1.3245
1.07511
1.16792
1.10234
1.00193
1.01808
1.06814
1.39047
1.29629
1.07378
1.00449
1.36554
1.11502
1.0315
1.07871
1.00148
1.19906
1.03252
0.999024
1.1589
1.42836
1.26341
1.01547
1.01896
1.04945
1.22371
0.999978
1.06766
1.47561
1.2545
0.999024
1.10741
1.12687
1.00687
0.999024
0.999024
1.00139
1.02375
1.00001
0.999024
1.06693
1.0022
0.999024
1.0365
1.01347
1.00714
0.999978
1.26912
0.999024
1.01131
1.01993
1.00896
1.0343
1.02927
0.999978
1.49955
0.999024
1.00329
1.56941
1.02554
1.23055
1.13417
1.04018
0.999978
0.999978
1.00528
0.999978
1.004
1.03714
1.19199
1.07605
1.08425
1.00004
1.04532
1.01346
1.00222
1.13976
1.00123
1.37503
1.37996
1.00862
0.999024
1.0449
1.06766
0.999024
0.999024
1.00008
1.005
1.05819
1.51564
0.999024
0.999978
0.999024
1.2914
1.17501
1.01589
1.07604
1.09116
1.12837
1.2703
1.04694
0.999024
1.03154
1.03815
1.09206
1.04808
1.02378
1.06289
1.18587
1.07182
1.01333
1.00738
1.0229
0.999024
1.04864
1.00236
1.11924
1.47593
1.00261
1.02683
1.00205
1.17693
1.38385
0.999024
0.999024
1.1096
0.999024
1.00692
1.06185
1.03772
0.999024
1.11354
1.00402
1.0298
1.41275
0.999024
0.999024
0.999978
1.70129
0.999024
0.999024
1.0902
1.00336
0.999024
1.21012
1.00157
1.2284
1.1019
1.29577
1.05986
1.50989
1.00055
1.12007
0.999024
1.28061
1.04624
0.999024
1.07872
1.36685
1.00718
1.08701
1.02822
1.02284
1.18483
0.999024
0.999024
0.999024
1.00374
1.51152
1.12519
0.999978
1.00726
1.14136
0.999978
1.06105
1.25438
0.999024
1.1737
1.08391
1.04795
1.1745
1.24747
0.999978
1.09237
0.999978
1.00106
0.999024
1.12728
0.999024
1.23561
0.999024
1.0055
1.1195
1.23215
0.999024
1.0247
1.03744
0.999024
1.19634
1.01129
1.32035
0.999024
1.48911
1.00547
1.14446
0.999024
1.3254
0.999978
0.999024
1.01032
1.13326
1.03313
1.04823
1.00391
1.1713
1.0029
1.00963
1.00013
1.28377
1.63533
1.00662
1.0723
1.21431
0.999024
1.02923
1.24458
1.0013
0.999978
0.999024
1.41545
0.999024
1.36758
0.999024
1.0015
0.999024
0.999978
1.15013
0.999978
1.00539
1.02533
1.00865
1.82194
1.00371
1.04563
1.55782
1.01272
1.00076
1.00203
0.999024
0.999024
0.999024
0.999024
1.21244
1.04688
1.16361
1.00667
1.00303
1.00119
1.00412
0.999024
0.999024
1.35557
1.10743
1.02209
0.999024
0.999024
1.33939
1.24317
1.01903
1.00057
1.29397
1.00268
1.14474
0.999978
1.08128
0.999978
1.11448
1.07709
1.40752
1.41537
0.999024
1.19467
1.07191
1.00297
1.04304
1.02929
1.09806
1.25056
1.15357
1.03526
0.999024
1.17236
1.00444
1.00139
1.00601
1.01512
1.05031
1.08599
0.999978
1.02866
0.999978
1.52471
0.999024
1.0014
1.2928
1.11806
0.999024
1.19354
1.03349
1.01995
1.04334
1.00264
1.16445
1.1287
1.24965
0.999024
1.00302
1.01285
1.3085
1.08264
1.1816
1.06233
1.0132
1.13647
1.02006
1.08422
0.999024
0.999024
0.999024
1.13493
1.00128
0.999024
1.03277
1.02221
0.999024
1.16502
1.00539
1.12936
1.03308
1.07366
1.06699
1.02929
1.02025
1.19967
0.999024
1.01279
1.16138
0.999024
0.999024
1.0375
1.0167
1.24611
0.999024
1.27539
1.06615
1.05611
1.20094
1.00724
1.14473
1.16174
1.10169
1.02012
1.19445
1.04989
1.00145
1.02193
0.999024
0.999024
1.10611
1.00128
1.12956
1.49686
1.0878
0.999024
1.18856
1.00461
0.999024
0.999978
1.00245
1.07786
1.13531
1.12448
1.05649
1.05039
0.999024
0.999024
1.03775
1.22289
0.999024
0.999024
1.25095
1.00044
1.0395
0.99998
1.00711
1.28419
0.999024
0.999024
1.03505
1.19337
0.999024
1.1974
0.999978
0.999024
1.1188
1.05356
1.10203
1.10425
0.999978
0.999984
0.999024
0.999024
1.00123
1.16307
1.30785
1.00168
0.999024
0.999024
1.02857
1.0776
1.28912
1.04795
0.999978
1.01549
1.02544
1.07305
0.999024
1.16716
0.999978
1.30971
0.999024
1.06525
0.999024
1.21075
1.02781
0.999024
1.16241
1.17916
1.28439
0.999024
1.24636
1.19157
1.02086
1.11302
1.03871
0.999024
1.04969
1.00514
0.999024
0.999024
1.1295
0.999024
0.999024
1.41655
0.999024
1.04759
1.09173
0.999024
0.999978
1.00245
0.999024
1.26204
1.02844
1.01806
1.07671
1.06051
1.19046
1.05056
1.08551
1.03404
0.999978
1.01732
1.05109
1.02992
1.00447
1.02756
0.999024
1.09192
1.01653
1.04234
1.02086
1.1075
1.22772
1.01029
1.00722
0.999024
1.21616
0.999024
1.00759
0.999978
0.999978
1.0162
0.999024
1.06022
1.28565
1.14186
1.03997
1.01495
1.40155
1.0018
1.11686
1.02702
1.48208
1.3042
1.00208
1.4704
1.28401
0.999024
1.00125
0.999024
1.20153
1.00257
1.03553
1.24691
0.999024
1.01814
0.999978
0.999978
1.22588
1.03539
1.35562
0.999024
1.05375
0.999978
1.00844
1.0001
0.999024
1.18371
1.37327
1.11723
0.999978
1.19521
1.20832
1.17961
1.01221
1.04704
0.999978
0.999024
1.02695
0.999024
1.12566
0.999024
0.999024
1.03374
1.24252
1.00438
1.15659
1.05802
1.00244
1.23377
1.02039
1.00325
1.0505
0.999978
1.03155
1.04959
1.38765
0.999024
1.00972
0.999024
1
1.01621
1.11788
1.01159
1.16739
1.11995
1.01032
1.044
1.13771
0.999024
1.50523
1.01139
1.01229
1.00288
0.999024
0.999024
1.0028
1.00166
1.00189
1.07415
1.04609
1.28564
1.27413
1.0997
1.12934
0.999978
1.162
1.05635
1.06646
0.999978
0.999024
1.22903
1.05016
1.05266
0.999978
1.2355
1.04919
0.999024
1.26149
1.03758
1.2324
1.08031
1.04205
1.02379
1.09948
1.12971
0.999978
1.01546
0.999978
1.3269
1.26746
0.999024
0.999024
1.09235
1.47037
1.00604
1.15196
1.0036
1.12176
1.25662
1.07422
1.0229
0.999978
0.999024
0.999024
0.999978
1.00437
1.36932
1.16401
1.09992
1.01612
1.00133
1.05316
0.999024
0.999024
1.18627
1.13535
0.999024
1.19994
1.00422
0.999024
0.999024
1.00226
1.08419
1.32725
1.0512
1.10145
1.05911
0.999978
0.999024
1.06729
1.16522
1.22831
0.999024
1.00172
1.02031
0.999024
0.999978
1.00151
1.01038
0.999024
1.09259
1.19946
0.999024
1.3829
1.3018
1.24503
1.03048
1.11263
0.999024
1.16178
1.38264
1.3436
1.00149
1.01782
1.00181
1.01106
0.999978
0.999024
0.999024
1.14197
1.02811
0.999024
0.999024
1.16329
1.14162
1.00114
0.999024
1.30749
1.00572
1.46854
0.999978
0.999024
1.02066
0.999978
1.09188
1.11116
0.999024
1.28286
1.00467
1.05479
0.999024
0.999978
0.999981
1.0067
0.999024
1.39154
1.001
1.28633
0.999978
1.03867
0.999024
1.02924
1.06506
1.06736
0.999978
1.03002
1.14588
1.01897
0.999978
1.13335
1.10473
1.00336
0.999978
0.999024
1.02574
0.999024
0.999978
1.31832
0.999024
1.46896
1.06846
1.01215
0.999978
0.999024
1.0038
1.01517
1.37751
1.31105
0.999978
0.999024
1.03414
1.01677
1.12537
1.01466
1.00891
1.08744
1.18945
0.999024
1.05484
1.07395
1.01104
1.00002
0.999024
1.15124
1.0136
1.05684
1.01704
1.30703
1.33081
1.27633
1.01415
1.08962
1.01979
1.50846
1.1548
1.00094
1.22226
1.007
0.999024
1.08293
1.27249
1.03093
1.07219
1.04314
1.08095
1.17555
1.50913
0.999978
1.08025
0.999978
1.04938
1.03296
1.04365
1.00305
1.06572
1.0464
1.14296
1.01217
1.00736
1.25195
0.999024
1.08024
1.06861
1.02702
1.22195
1.10292
0.999024
1.04726
1.36619
1.32795
1.04642
0.999978
1.02442
1.009
1.09116
1.00534
1.22103
0.999024
0.999024
1.04562
0.999024
1.1395
1.06448
1.27759
1.20587
1.01313
1.05948
1.08459
1.00338
1.03472
1.06124
1.36088
1.0019
0.999024
0.999024
1.36902
1.2218
0.867444
0.802025
0.85011
0.853827
0.828262
0.914579
0.873911
0.871822
0.847409
0.91144
0.8267
0.91985
0.799697
0.800517
1.01929
0.915933
0.938917
1.03435
0.842796
0.956902
1.30668
1.18323
0.944974
1.32189
0.811807
0.799697
1.11157
0.879604
1.34015
1.11453
0.801286
0.815897
0.821192
0.829342
0.860811
0.95691
1.14992
0.801789
1.16221
0.931037
0.941416
0.810148
1.11418
0.800546
1.00881
0.932272
1.0011
0.951144
0.812388
1.02899
0.953281
1.08595
0.968976
0.8469
0.802662
0.882646
0.799219
1.06495
1.03399
0.799219
1.1055
0.949214
0.948809
1.06767
0.799697
1.09475
0.896894
0.849691
0.848836
0.952364
0.852253
1.34174
0.846152
1.00313
1.36615
1.06086
0.907125
0.943327
0.994178
0.799697
0.808983
0.800216
0.894788
0.940786
0.989235
1.3659
1.25265
0.807971
0.932196
0.83237
1.12241
0.810706
1.04431
0.912965
0.834299
1.03583
0.95035
0.799723
0.799219
0.961965
1.37238
0.852977
1.15898
0.933033
1.09218
1.17701
0.833687
1.08416
0.799219
1.32346
0.88479
0.835944
0.807901
0.929731
0.801396
0.80364
0.810608
1.07733
1.02715
0.81173
0.81003
0.884939
0.834722
0.81804
1.39715
1.16266
0.835284
0.802395
1.18155
1.0152
0.913783
0.966439
1.03408
1.11712
0.799697
1.02338
0.932903
0.809698
0.815683
0.941328
0.868718
1.0885
0.799219
1.21769
1.07676
1.104
1.31855
0.799219
0.834405
0.810505
1.01702
0.836061
1.10988
0.900547
0.989994
0.824382
1.00181
1.10947
1.03568
0.833303
0.861449
0.853042
1.10106
0.799697
1.01376
1.18562
1.27175
1.12725
1.04507
1.45256
0.867654
0.852
0.940856
0.928806
0.839396
0.901347
0.923037
1.12152
1.06352
0.932244
0.909817
0.907443
0.97836
0.900088
0.832025
0.979525
0.805734
0.841599
0.975787
0.872158
0.80079
0.895673
1.16086
0.970804
0.946911
0.872789
1.16697
0.825338
0.824704
1.11189
0.876309
0.859318
0.812409
0.799219
0.803488
0.827921
1.00743
0.866026
1.16275
0.989164
0.909272
0.883806
0.801964
0.817266
0.908294
1.02063
0.90568
0.920975
0.971585
0.799219
0.799697
0.838129
1.0953
0.807264
0.929317
0.799697
1.24326
1.05895
0.874973
0.831171
0.883757
0.79975
0.903048
0.925307
0.799219
1.13264
1.00242
0.805882
0.806604
1.26108
1.11479
1.22025
1.40949
0.799219
0.806888
1.03775
0.799733
0.877236
0.799219
0.887971
0.848318
0.799219
1.03356
1.03446
1.3635
0.881315
0.847319
1.08968
1.06373
0.839878
0.799697
0.801107
0.953966
0.965652
0.849123
0.831745
1.08152
1.10185
0.859068
0.903574
1.11031
1.15724
0.919054
0.799697
1.22131
0.875183
1.19409
1.13958
0.912164
0.828814
1.04146
1.26925
0.85069
0.799697
0.818611
0.799219
0.921062
1.2319
0.854361
1.53505
1.05195
0.819685
0.993391
0.893596
0.94033
0.802239
1.12072
1.00265
0.805254
0.879259
0.840688
0.945671
1.47908
0.892879
1.09154
0.811594
0.80258
0.97073
1.31851
0.939124
0.799219
0.893233
0.914386
0.958918
1.03912
0.804536
0.830207
1.2072
0.818841
0.874884
0.95179
0.819372
0.799219
0.861923
0.893166
0.901085
0.81742
1.06226
0.812474
0.966356
0.893434
1.19611
0.936326
0.879038
0.867593
0.999104
1.31868
0.800086
0.891742
0.799219
1.18016
0.932746
0.855386
0.944808
1.47914
1.04813
0.901573
1.21017
1.29745
0.916958
0.80229
0.965081
0.937574
0.920193
0.80627
0.799697
1.0532
1.0405
0.999249
0.84069
0.886563
1.08123
1.25046
0.942026
0.861142
0.877189
0.886302
0.804835
1.1337
1.02769
1.22062
0.80732
0.799219
1.12294
0.868592
1.10588
1.02801
0.920158
1.23641
1.01582
1.06373
0.941601
1.05946
0.799697
0.825259
0.799219
0.864111
0.857675
1.17307
1.06599
0.976567
0.894658
0.815864
1.07585
0.954139
1.01585
1.05908
0.810432
0.87233
0.804619
0.814755
1.07647
0.915682
1.1815
0.994554
0.81046
0.813947
0.913791
1.01539
0.94942
0.841832
1.04816
0.897126
0.900955
0.84189
1.03211
1.18349
0.976506
1.04034
0.906533
1.14564
0.900804
0.799219
1.01412
0.836415
0.923418
1.00368
0.857546
1.34455
1.20417
1.25505
1.07787
0.837522
0.911108
0.799219
0.80819
0.845963
0.803605
0.812406
0.931311
0.857442
0.799219
0.910307
0.839499
0.799219
0.864976
0.857373
0.824195
1.27963
0.813138
1.224
0.98602
0.80241
0.81413
1.22395
1.36982
1.03934
1.03106
0.849999
0.801555
0.996911
1.05229
0.88
0.805546
0.853436
0.885144
1.06278
1.06684
0.977834
1.20598
0.873552
0.815216
0.831974
1.13252
1.13977
0.799697
0.800667
1.19482
0.836635
1.02583
0.926748
0.843412
1.20874
0.936713
0.940498
0.962737
1.07
0.852959
1.19215
1.3241
1.16791
1.27609
0.799219
0.799219
0.83521
1.06188
1.04079
0.864599
1.24836
1.13908
0.932806
1.26763
0.919268
0.982423
1.38741
0.799219
0.813312
1.0944
0.799697
0.892197
0.859999
0.83109
0.856257
1.11836
0.805923
0.811457
0.872758
1.01042
0.865537
1.29887
0.931758
1.09417
0.799219
0.802934
1.01062
0.799697
0.811153
0.853066
1.02943
0.822789
1.27252
1.01515
0.962256
1.06957
0.806389
0.799697
0.942734
1.02432
0.981887
0.933069
0.810174
1.04461
0.820234
0.879548
0.8244
0.839179
1.04993
0.799697
0.864379
0.803816
0.966522
0.812694
0.825148
1.18877
0.999714
1.1765
0.799219
0.803062
0.923264
0.799697
1.00309
1.03028
0.93966
0.817589
1.08381
0.808435
1.06069
0.807818
0.985894
0.824989
1.29724
0.813465
0.818204
0.848984
0.958509
0.818429
0.905578
0.802156
0.893696
1.25566
0.938099
0.834613
1.27919
0.817541
0.879585
0.809044
0.985692
0.815888
1.10467
0.92333
1.14537
0.808675
1.59242
0.868155
0.910307
0.868128
0.800069
0.849529
0.833635
1.00963
0.804311
1.06473
1.1941
1.1376
1.06841
0.805509
0.88439
0.926351
0.799219
0.965385
0.832794
1.0873
1.22093
0.839501
0.997783
0.810753
0.964482
0.810967
0.913743
0.949061
0.824511
0.807525
0.848606
0.804172
0.859732
1.09831
0.807277
1.04069
1.06369
1.05556
1.2279
0.813739
0.905163
0.842841
0.799697
0.906834
0.97968
0.941767
1.19618
0.906875
1.02623
0.815378
1.2557
0.817958
0.85627
1.16568
0.857272
0.858508
0.948837
1.41347
0.924056
0.966248
1.02263
1.08901
1.06186
1.29996
0.822909
1.04183
1.28234
1.43713
0.799219
0.804432
1.13919
0.874573
0.939549
0.815424
0.959214
1.06576
0.799697
1.12546
1.06741
1.1866
1.0663
1.23762
1.09543
0.883738
0.928916
0.838904
0.859874
0.82225
0.80908
0.979315
1.13909
1.01994
0.806971
0.808151
0.82046
0.869873
0.873123
1.05725
0.902804
0.902226
0.927909
0.926131
0.800231
1.1735
1.61155
0.859229
0.799219
1.15016
0.947422
1.16109
0.799219
1.11121
0.917048
0.823415
1.22564
0.916959
0.905696
0.878956
0.834262
1.0681
0.802521
1.02521
0.881604
1.14564
0.897177
0.848063
0.913068
0.799219
0.845724
1.16983
0.827067
0.859156
1.10761
0.942953
0.919162
0.799697
0.829141
0.984137
1.05238
0.899994
0.846385
0.880329
0.809751
0.801672
0.974523
1.25853
0.838045
0.859413
1.33357
1.2405
0.939774
1.23623
0.800916
0.799219
0.944213
1.31657
1.26743
0.863903
0.799219
0.848154
0.811726
0.854967
0.810788
0.809978
1.07746
0.8244
0.801152
1.03897
1.5585
0.930026
1.03006
0.805382
0.87256
0.845213
0.948376
0.840363
0.868455
0.804164
1.0732
0.811714
0.857319
0.934822
1.07417
0.905179
0.850408
0.957258
0.900471
1.00517
0.799219
0.814798
0.926793
1.2083
0.950149
0.829286
1.15107
0.850899
0.986359
0.840447
1.08307
0.820228
1.40914
0.867459
1.1948
0.988888
0.882292
0.873394
1.03241
0.813044
0.815707
0.820827
0.853079
1.49629
0.799219
0.824355
1.04453
0.850389
1.21527
1.06633
1.04221
0.839547
0.849192
1.05796
0.825276
1.1156
0.819156
1.04492
0.818871
1.26267
0.803897
0.953848
0.799219
1.04886
0.799219
0.800174
0.866844
0.803801
0.810119
1.05488
0.832041
0.945149
0.881899
1.09955
1.15009
0.887999
0.810705
0.868807
0.924319
1.04938
0.843883
1.4411
1.15179
1.19917
1.15885
0.925674
0.917214
1.03275
0.799697
1.09197
0.949162
0.799697
1.3887
0.855109
0.801081
0.831531
1.14225
1.21461
1.17652
1.26109
0.985238
1.13707
0.966412
0.993703
0.970391
0.949876
1.06684
0.945363
0.93557
1.04711
0.799219
1.1883
1.1269
0.816746
1.26715
0.799697
0.847992
0.862543
1.10712
0.829602
1.19068
0.989084
0.830751
0.926785
1.16632
1.44785
1.05885
0.925538
1.10252
1.51153
0.799697
1.02517
0.815791
0.842643
0.943509
0.849162
0.804971
0.799219
0.965303
0.809983
0.821043
0.951602
1.02251
1.17861
0.959989
0.971746
0.913171
1.06807
1.13668
0.934366
0.956057
0.832595
0.824297
0.865942
1.15437
0.870824
1.19872
0.965449
1.00048
0.824938
1.04405
1.17061
0.890786
1.18647
0.906016
1.16688
0.799219
1.12537
0.991921
0.809695
0.851855
1.13267
1.19294
0.799697
0.799219
1.13733
0.946473
0.799219
1.16736
1.24123
0.87352
1.08721
0.986692
0.82157
1.08626
0.837864
0.811699
1.25199
0.802535
0.854886
0.803532
0.807956
0.799697
0.799697
1.11633
1.02611
0.800265
0.949959
0.813591
0.837488
0.882734
0.884202
0.877603
1.53146
1.2677
0.799219
0.861974
1.51182
0.83551
0.82086
0.799219
1.05684
0.818287
1.12742
0.809693
0.887392
0.819105
0.80004
1.04391
0.94499
0.983933
1.08854
0.80354
0.799219
1.09733
1.12356
0.807685
0.831423
0.819224
0.871964
0.880852
1.36971
1.13952
0.809599
0.844647
0.799697
1.3004
0.899449
