0
0
0
0
0
0
0
0
0
0
0
0
0
0
0
0
0
0
0
0
0
0
0
0
0
0
0
0
0
0
0
0
0
0
0
0
0
0
0
0
0
0
0
0
0
0
0
0
0
0
0
0
0
0
0
0
0
0
0
0
0
0
0
0
0
0
0
0
0
0
0
0
0
0
0
0
0
0
0
0
0
0
0
0
0
0
0
0
0
0
0
0
0
0
0
0
0
0
0
0
0
0
0
0
0
0
0
0
0
0
0
0
0
0
0
0
0
0
0
0
0
0
0
0
0
0
0
0
0
0
0
0
0
0
0
0
0
0
0
0
0
0
0
0
0
0
0
0
0
0
0
0
0
0
0
0
0
0
0
0
0
0
0
0
0
0
0
0
0
0
0
0
0
0
0
0
0
0
0
0
0
0
0
0
0
0
0
0
0
0
0
0
0
0
0
0
0
0
0
0
0
0
0
0
0
0
0
0
0
0
0
0
0
0
0
0
0
0
0
0
0
0
0
0
0
0
0
0
0
0
0
0
0
0
0
0
0
0
0
0
0
0
0
0
0
0
0
0
0
0
0
0
0
0
0
0
0
0
0
0
0
0
0
0
0
0
0
0
0
0
0
0
0
0
0
0
0
0
0
0
0
0
0
0
0
0
0
0
0
0
0
0
0
0
0
0
0
0
0
0
0
0
0
0
0
0
0
0
0
0
0
0
0
0
0
0
0
0
0
0
0
0
0
0
0
0
0
0
0
0
0
0
0
0
0
0
0
0
0
0
0
0
0
0
0
0
0
0
0
0
0
0
0
0
0
0
0
0
0
0
0
0
0
0
0
0
0
0
0
0
0
0
0
0
0
0
0
0
0
0
0
0
0
0
0
0
0
0
0
0
0
0
0
0
0
0
0
0
0
0
0
0
0
0
0
0
0
0
0
0
0
0
0
0
0
0
0
0
0
0
0
0
0
0
0
0
0
0
0
0
0
0
0
0
0
0
0
0
0
0
0
0
0
0
0
0
0
0
0
0
0
0
0
0
0
0
0
0
0
0
0
0
0
0
0
0
0
0
0
0
0
0
0
0
0
0
0
0
0
0
0
0
0
0
0
0
0
0
0
0
0
0
0
0
0
0
0
0
0
0
0
0
0
0
0
0
0
0
0
0
0
0
0
0
0
0
0
0
0
0
0
0
0
0
0
0
0
0
0
0
0
0
0
0
0
0
0
0
0
0
0
0
0
0
0
0
0
0
0
0
0
0
0
0
0
0
0
0
0
0
0
0
0
0
0
0
0
0
0
0
0
0
0
0
0
0
0
0
0
0
0
0
0
0
0
0
0
0
0
0
0
0
0
0
0
0
0
0
0
0
0
0
0
0
0
0
0
0
0
0
0
0
0
0
0
0
0
0
0
0
0
0
0
0
0
0
0
0
0
0
0
0
0
0
0
0
0
0
0
0
0
0
0
0
0
0
0
0
0
0
0
0
0
0
0
0
0
0
0
0
0
0
0
0
0
0
0
0
0
0
0
0
0
0
0
0
0
0
0
0
0
0
0
0
0
0
0
0
0
0
0
0
0
0
0
0
0
0
0
0
0
0
0
0
0
0
0
0
0
0
0
0
0
0
0
0
0
0
0
0
0
0
0
0
0
0
0
0
0
0
0
0
0
0
0
0
0
0
0
0
0
0
0
0
0
0
0
0
0
0
0
0
0
0
0
0
0
0
0
0
0
0
0
0
0
0
0
0
0
0
0
0
0
0
0
0
0
0
0
0
0
0
0
0
0
0
0
0
0
0
0
0
0
0
0
0
0
0
0
0
0
0
0
0
0
0
0
0
0
0
0
0
0
0
0
0
0
0
0
0
0
0
0
0
0
0
0
0
0
0
0
0
0
0
0
0
0
0
0
0
0
0
0
0
0
0
0
0
0
0
0
0
0
0
0
0
0
0
0
0
0
0
0
0
0
0
0
0
0
0
0
0
0
0
0
0
0
0
0
0
0
0
0
0
0
0
0
0
0
0
0
0
0
0
0
0
0
0
0
0
0
0
0
0
0
0
0
0
0
0
0
0
0
0
0
0
0
0
0
0
0
0
0
0
0
0
0
0
0
0
0
0
0
0
0
0
0
0
0
0
0
0
0
0
0
0
0
0
0
0
0
0
0
0
0
0
0
0
0
0
0
0
0
0
0
0
0
0
0
0
0
0
0
0
0
0
0
0
0
0
0
0
0
0
0
0
0
0
0
0
0
0
0
0
0
0
0
0
0
0
0
0
0
0
0
0
0
0
0
0
0
0
0
0
0
0
0
0
0
0
0
0
0
0
0
0
0
0
0
0
0
0
0
0
0
0
0
0
0
0
0
0
0
0
0
0
0
0
0
0
0
0
0
0
0
0
0
0
0
0
0
0
0
0
0
0
0
0
0
0
0
0
0
0
0
0
0
0
0
0
0
0
0
0
0
0
0
0
0
0
0
0
0
0
0
0
0
0
0
0
0
0
0
0
0
0
0
0
0
0
0
0
0
0
0
0
0
0
0
0
0
0
0
0
0
0
0
0
0
0
0
0
0
0
0
0
0
0
0
0
0
0
0
0
0
0
0
0
0
0
0
0
0
0
0
0
0
0
0
0
0
0
0
0
0
0
0
0
0
0
0
0
0
0
0
0
0
0
0
0
0
0
0
0
0
0
0
0
0
0
0
0
0
0
0
0
0
0
0
0
0
0
0
0
0
0
0
0
0
0
0
0
0
0
0
0
0
0
0
0
0
0
0
0
0
0
0
0
0
0
0
0
0
0
0
0
0
0
0
0
0
0
0
0
0
0
0
0
0
0
0
0
0
0
0
0
0
0
0
0
0
0
0
0
0
0
0
0
0
0
0
0
0
0
0
0
0
0
0
0
0
0
0
0
0
0
0
0
0
0
0
0
0
0
0
0
0
0
0
0
0
0
0
0
0
0
0
0
0
0
0
0
0
0
0
0
0
0
0
0
0
0
0
0
0
0
0
0
0
0
0
0
0
0
0
0
0
0
0
0
0
0
0
0
0
0
0
0
0
0
0
0
0
0
0
0
0
0
0
0
0
0
0
0
0
0
0
0
0
0
0
0
0
0
0
0
0
0
0
0
0
0
0
0
0
0
0
0
0
0
0
0
0
0
0
0
0
0
0
0
0
0
0
0
0
0
0
0
0
0
0
0
0
0
0
0
0
0
0
0
0
0
0
0
0
0
0
0
0
0
0
0
0
0
0
0
0
0
0
0
0
0
0
0
0
0
0
0
0
0
0
0
0
0
0
0
0
0
0
0
0
0
0
0
0
0
0
0
0
0
0
0
0
0
0
0
0
0
0
0
0
0
0
0
0
0
0
0
0
0
0
0
0
0
0
0
0
0
0
0
0
0
0
0
0
0
0
0
0
0
0
0
0
0
0
0
0
0
0
0
0
0
0
0
0
0
0
0
0
0
0
0
0
0
0
0
0
0
0
0
0
0
0
0
0
0
0
0
0
0
0
0
0
0
0
0
0
0
0
0
0
0
0
0
0
0
0
0
0
0
0
0
0
0
0
0
0
0
0
0
0
0
0
0
0
0
0
0
0
0
0
0
0
0
0
0
0
0
0
0
0
0
0
0
0
0
0
0
0
0
0
0
0
0
0
0
0
0
0
0
0
0
0
0
0
0
0
0
0
0
0
0
0
0
0
0
0
0
0
0
0
0
0
0
0
0
0
0
0
0
0
0
0
0
0
0
0
0
0
0
0
0
0
0
0
0
0
0
0
0
0
0
0
0
0
0
0
0
0
0
0
0
0
0
0
0
0
0
0
0
0
0
0
0
0
0
0
0
0
0
0
0
0
0
0
0
0
0
0
0
0
0
0
0
0
0
0
0
0
0
0
0
0
0
0
0
0
0
0
0
0
0
0
0
0
0
0
0
0
0
0
0
0
0
0
0
0
0
0
0
0
0
0
0
0
0
0
0
0
0
0
0
0
0
0
0
0
0
0
0
0
0
0
0
0
0
0
0
0
0
0
0
0
0
0
0
0
0
0
0
0
0
0
0
0
0
0
0
0
0
0
0
0
0
0
0
0
0
0
0
0
0
0
0
0
0
0
0
0
0
0
0
0
0
0
0
0
0
0
0
0
0
0
0
0
0
0
0
0
0
0
0
0
0
0
0
0
0
0
0
0
0
0
0
0
0
0
0
0
0
0
0
0
0
0
0
0
0
0
0
0
0
0
0
0
0
0
0
0
0
0
0
0
0
0
0
0
0
0
0
0
0
0
0
0
0
0
0
0
0
0
0
0
0
0
0
0
0
0
0
0
0
0
0
0
0
0
0
0
0
0
0
0
0
0
0
0
0
0
0
0
0
0
0
0
0
0
0
0
0
0
0
0
0
0
0
0
0
0
0
0
0
0
0
0
0
0
0
0
0
0
0
0
0
0
0
0
0
0
0
0
0
0
0
0
0
0
0
0
0
0
0
0
0
0
0
0
0
0
0
0
0
0
0
0
0
0
0
0
0
-0.996373
0.39108
0.206117
-0.127187
-1.32254
0.242361
-0.522609
0.736879
0.231124
-0.51064
0.0411512
-0.894678
-0.712421
0.03833
0.220637
-0.0359905
-0.449438
0.275192
0.0331117
-0.611599
-1.70329
0.432633
0.569675
-0.825931
0.0842128
0.323785
-1.43498
0.103746
0.00890026
0.00382806
-0.473849
0.222481
-0.122718
-1.56838
0.576846
0.33819
0.258856
-0.22629
-0.61266
-0.348999
0.11322
-1.12699
-0.0986076
0.265714
0.119833
0.021307
0.307047
-1.07278
-1.01898
0.3401
-0.748417
-0.271588
0.149219
-0.811089
-0.875481
0.536419
-0.406909
-0.881626
-0.0832375
-0.178114
0.146288
0.576715
-0.0924519
-0.836605
0.242293
-0.0662894
0.62603
0.351963
-0.83287
-0.126987
-1.00159
-0.544336
-0.0475887
0.318128
0.186309
0.100408
-2.37352
-0.354117
-0.113036
0.250099
-0.429589
-0.309114
0.0452783
-0.691969
0.327567
-0.346362
-0.487392
-0.519938
0.292118
0.171908
-1.23027
0.0779563
0.135097
-0.325385
-0.214856
0.696764
0.101457
-0.543347
-0.66639
0.498129
-0.511924
-0.821406
-1.17762
0.196021
-0.465563
-0.767427
-1.51379
-1.97667
-0.797832
0.295887
0.0446669
-0.572829
0.246459
0.214669
-0.407088
0.194463
0.147688
-0.947554
-0.367682
0.401811
0.240664
0.215498
-0.16005
-0.207743
-0.555845
-0.0454962
0.48441
-0.295135
0.710424
-0.477034
-0.267919
0.124729
-0.880797
-0.300917
-0.734424
-0.326147
-1.00918
-0.215212
0.57852
-0.888451
-0.0791892
-2.15818
0.0434605
-0.278542
-0.398118
-1.09869
0.0887201
-0.442088
0.317731
-0.880036
0.289517
0.483403
0.462878
-0.47798
-0.115454
-1.15426
-0.246784
0.234479
-0.798128
0.391219
0.277849
0.280531
0.0597554
-1.29757
0.198204
-0.303106
-1.47353
-1.54433
0.261697
-0.296254
-0.783072
0.245916
0.214356
0.507241
0.570802
-0.0635444
0.266055
0.322863
-1.02645
-0.442016
-0.107017
0.545632
0.560812
-0.0174582
-0.668203
0.491341
0.271647
-0.137219
0.25232
-0.863076
0.353609
-0.00105562
-1.05965
0.0940751
0.697287
0.44336
-0.435197
-0.426372
0.0918081
0.343175
-1.13065
-0.0597579
0.605455
0.375125
-0.569625
0.155475
0.0995
-0.883086
-1.176
-1.99635
-0.800193
-0.112529
-0.824347
-1.12287
-0.286756
-0.789611
-0.980717
-0.454757
-0.1212
-0.421394
-0.67469
0.477424
-1.47141
-0.605304
-0.265425
-0.380816
-0.163245
-0.331136
-0.730422
0.682352
-1.20104
-0.928546
0.737827
-0.531262
0.419886
0.216789
-0.23015
-0.842617
-0.521928
-0.636365
-1.03205
-0.564158
-0.217133
0.356185
-0.0965973
0.116127
-0.486423
-0.164122
-0.410259
-0.397348
0.215532
-0.414256
0.561255
0.573249
-0.306987
-2.3992
-0.297062
-0.0237429
-1.36697
-1.07644
-0.889221
-0.864881
0.0259638
0.622356
-1.47045
-1.08867
-1.5686
0.361466
0.151681
-0.514189
-0.18334
0.0945978
0.239218
0.396194
-0.0148439
-2.14685
-0.330142
-0.336776
0.0618983
-0.0201847
-0.27582
-0.113294
0.216344
-0.0766501
-0.43925
-0.299571
-0.229767
-1.36874
0.00168428
-0.67118
0.0914127
0.653055
-0.764733
0.0686052
-0.58726
0.338046
0.593228
-2.04118
-2.36064
0.116591
-0.806517
-0.447365
-0.079144
0.0134948
-1.67172
0.0295628
-0.619872
-0.251048
0.589676
-1.16688
-0.927672
-0.805489
0.821811
-1.63375
-1.30046
0.142284
-0.418665
-1.817
0.527232
-0.7616
0.481843
-0.0638179
0.456483
0.00817861
0.670883
-0.45025
0.229711
-1.66601
0.350104
0.00131891
-1.8132
0.0719876
0.509271
-0.566251
-0.145881
-0.337743
-0.197524
0.254634
-0.869389
-3.13333
-3.16816
-0.57481
0.6574
0.121732
-0.814827
-0.476143
0.295305
-0.67855
-0.291366
0.362581
-1.18303
0.335348
0.102124
-0.204243
0.151521
0.29408
-0.89169
0.218741
-0.710437
-0.50395
-0.991281
0.25144
-1.27805
0.378558
-1.17833
-0.404307
0.169177
0.20156
-1.51984
-0.203271
-0.148381
-0.914391
0.344571
-0.387458
0.473582
-2.20287
0.727065
-0.529851
0.259716
-1.54699
0.469194
-0.923131
-1.38324
-0.542523
0.242651
-0.303463
-0.0586915
-0.868013
0.189184
-0.946646
-0.472196
-1.08721
0.441929
0.817169
-0.552623
-0.0447658
0.299094
-1.33674
-0.0753326
0.321737
-1.11875
-0.497702
-2.01915
0.553692
-1.41856
0.512612
-1.37751
-0.96681
-1.20937
-1.25885
0.0378744
-0.629556
-0.521211
-0.267475
-0.14874
0.919203
-0.513056
-0.256252
0.627156
-0.486975
-0.548428
-0.651465
-1.17952
-2.02063
-1.29341
-0.662408
0.523335
0.0644163
0.25527
-0.477472
-0.80995
-0.740618
-0.540092
-1.07041
-1.02581
0.443128
0.00722321
-0.323266
-1.472
-1.08262
0.385776
0.48708
-0.145773
-0.605213
0.306926
-1.61006
-0.0151958
-1.23161
0.0633566
-0.880822
0.0712476
-0.00696829
0.531863
0.527561
-1.89557
0.310061
-0.0851907
-0.822834
-0.0625907
-0.209641
-0.0204722
0.530766
0.206282
-0.19998
-0.83453
0.188984
-0.407713
-0.484232
-0.813867
-0.3685
-0.0536381
0.118268
-0.939142
-0.18167
-0.912929
0.744593
-1.7473
-0.944718
0.488307
0.0857573
-1.0814
0.28757
-0.143516
-0.106968
-0.144658
-0.825871
0.184155
0.317504
0.390706
-0.945291
-0.379694
-0.461948
0.534243
-0.103224
0.37287
-0.200075
-0.527473
0.26655
-0.457064
0.0701344
-1.11
-2.12406
-1.37984
0.104691
-0.456114
-0.829904
-0.226272
-0.529764
-1.16064
0.179286
-0.187222
0.219037
-0.0503164
0.0189603
-0.173756
-0.200786
-0.206234
0.335564
-1.23137
-0.325022
0.398716
-2.30023
-1.30466
-0.177755
-0.414478
0.447455
-1.4637
0.314416
-0.112057
0.00635946
0.415561
-0.427
0.268453
0.312359
-0.0332656
-0.164887
0.281657
0.0479571
-1.14778
-0.337093
-0.556266
-1.51132
0.12714
-0.817156
0.173952
0.602187
0.183687
-1.05735
0.412874
-0.663408
-1.45738
-1.24404
-0.500153
-0.0306875
0.108934
0.199029
0.109795
0.0748033
-1.83747
-0.963678
-0.341763
0.409289
-1.80454
-1.5277
0.39396
-0.401751
-0.0861186
-0.88732
-0.403049
0.348042
-1.42945
-2.64108
-0.170069
0.315437
-1.1922
0.350497
-0.677041
-1.11088
0.205431
-0.0124875
0.13429
-0.00385432
-0.975894
-0.675454
-1.58229
-1.172
-0.625673
0.287864
0.380296
-0.717086
-0.854618
-0.874386
-0.0644159
0.187981
0.386739
-0.0749321
-0.780628
-0.470271
-0.338707
0.0201364
-1.43044
0.07478
-0.930649
0.385422
-1.22262
-0.160507
-2.03711
0.312826
-0.447149
-2.01419
0.282215
0.251688
0.51633
-2.20246
0.500726
0.370555
-0.396398
0.0856567
-0.104796
-0.551294
-0.198524
-0.745281
-0.518187
-1.53439
0.0627296
-1.17357
-1.08731
0.531736
-1.47225
-0.355618
0.168536
-1.15632
-0.620615
-0.976706
-1.55493
0.508089
-0.062527
-0.410953
0.0339285
0.0402723
0.157934
0.0100432
0.162028
-0.207301
-0.810501
-0.398418
0.0231691
-0.35622
-0.646171
-0.336066
-1.6371
0.131232
-0.348375
0.0734415
-0.558019
0.0653018
0.406002
-0.603985
-0.707264
-1.28515
0.211801
-1.07596
-0.356918
-0.744035
-0.832088
-0.420568
-1.5009
0.0193697
0.3781
0.334531
-0.353501
-0.282018
0.581796
-0.689883
0.29293
-0.0944848
0.611802
0.529204
-0.838371
0.627995
0.608088
-1.91815
-0.958554
-2.03271
0.448881
-0.694664
-0.281058
0.461641
-0.741929
-0.110588
-0.345538
-0.950634
0.425887
-0.226548
0.484111
-2.38297
-0.0256382
-1.05922
-0.109008
-0.36816
-1.83933
0.405241
0.603545
0.0942712
-0.622148
0.29589
0.352275
0.030206
-0.352747
-0.0458085
-0.733493
-2.06181
-0.258392
-1.42494
0.319873
-0.981701
-1.21523
-0.165884
0.303708
-0.856353
0.229521
-0.0380488
-1.07802
0.308962
-0.320219
-0.582484
-0.285287
-0.935451
-0.101712
-0.148145
0.53773
-1.31693
-0.377935
-0.891117
-0.808553
-0.546098
0.195973
-0.296658
0.211377
0.135404
-0.597675
-0.157405
0.153141
-1.30835
0.680657
-0.498744
-0.161259
-0.544902
-1.84561
-1.76418
-0.330671
-1.31769
-0.682825
0.123588
-0.184185
0.409175
0.407196
0.0227903
0.171369
-0.611519
0.104579
0.0946167
0.145803
-1.24002
-0.857701
0.35897
-0.125734
-0.0736097
-0.855917
0.470174
-0.237189
-1.62378
0.499547
-0.0535256
0.373082
-0.0472136
-0.0527444
-0.194027
0.173041
0.136068
-0.771908
-0.270458
-0.569516
0.471766
0.492307
-1.58872
-1.24177
0.192756
0.61013
-0.296584
0.36779
-0.712105
0.0999904
0.31975
0.147758
-0.417557
-0.842249
-1.79012
-1.56676
-0.543769
-0.289899
0.527194
0.208911
0.181437
-0.277439
-0.414137
0.190733
-1.12935
-1.24179
0.166835
0.166301
-1.67485
0.438065
-0.292762
-0.927814
-0.639274
-0.618338
0.0410064
0.46855
-0.229645
0.0621164
-0.127678
-1.61488
-1.80365
0.165449
0.262527
0.305068
-1.31087
-0.723779
-0.368388
-1.06694
-0.614495
-0.814079
-0.244959
-1.09556
0.22848
0.229533
-0.793923
0.473317
0.352048
0.433826
-0.210429
0.116446
-0.870505
0.333389
0.539673
0.435357
-0.735587
-0.33296
-0.739106
-0.278098
-0.97203
-1.16523
-1.58881
0.157107
-0.106525
-0.819293
-1.49722
0.0632451
0.160167
-1.20609
-1.24087
0.548726
-0.403934
0.589423
-0.770657
-1.27237
-0.304258
-1.04903
0.102597
0.0578093
-0.908776
0.371403
-0.641939
-0.0164963
-1.02754
-0.800364
-0.897884
-0.389576
-2.27554
0.697564
-0.73738
0.34881
-0.80281
-0.265258
-1.29618
-0.24237
0.126913
0.132819
-0.894771
-0.136287
0.141389
-0.211517
-1.03722
0.188818
-0.188289
-0.738037
-1.38816
-1.22858
-0.423469
-1.39902
-1.07768
0.516269
-1.26062
0.581484
0.0169755
-0.277409
-1.04835
-1.60475
-0.684803
-0.431262
0.565216
0.564086
-1.22023
-1.26662
-0.188343
-0.239307
0.0596364
-0.2556
-0.36511
0.177498
0.351043
-1.06035
-0.0930685
0.0872097
-0.598057
-1.06248
-1.88535
0.246858
-0.386241
-0.0507756
-0.296547
0.437382
0.512423
0.44536
-0.52052
0.0475702
-0.584503
0.719238
0.424556
-0.633237
0.266734
-0.723542
-1.5546
0.0227266
0.482123
-0.0743138
0.0954941
-0.336063
0.0782055
0.292693
0.730981
-0.619498
0.0268297
-1.06592
0.00568688
-0.268128
-0.0658092
-0.622433
0.0698136
-0.0602121
0.174424
-0.60805
-0.341343
0.387983
-1.39347
0.0430399
-0.116051
-0.235387
0.322957
0.140835
-0.902623
-0.0339925
0.510767
0.482242
-0.20433
-0.489867
-0.399718
-0.398846
0.0320365
-0.653446
0.30607
-1.68009
-1.30294
0.0701932
-1.53367
0.310637
0.196009
0.452132
0.313094
-0.322176
-0.235645
-0.0123058
-0.47557
-0.27473
0.0608923
0.386363
-0.512847
-1.11087
-2.35958
0.561296
0.494365
-0.597292
-0.844107
-0.283717
-0.28822
-1.26119
-0.329379
-0.418296
0.0253116
-0.408595
-0.121933
-0.32973
-0.0215747
-1.02287
-1.08872
0.00557882
-0.13849
0.0531243
0.337454
-0.237662
-0.00329829
0.584636
0.367066
0.0495579
0.588987
-0.668155
-0.862373
0.224248
-0.0563566
0.493401
0.24781
-0.946602
-0.602962
-0.421304
-0.48776
-0.470956
0.0922303
0.456941
-0.826978
0.341577
0.135633
-0.153886
-0.497431
0.419666
-0.969753
-0.0143067
-0.0752524
-0.218061
0.0532432
-0.510239
0.0652418
-0.171237
0.159335
0.104274
-0.306215
-1.00119
-0.140163
-1.90249
0.261676
0.29931
-1.03127
-0.14127
-0.0417167
-0.0898477
0.253778
-1.54544
0.269286
-0.313808
-0.467317
-0.500825
-0.0120446
-0.686121
0.528629
-0.370664
-0.142864
0.547849
0.326283
-0.207088
-0.00296028
0.199087
-0.953756
-0.579828
-1.17086
-0.185864
-0.583929
0.0885563
0.583824
0.420298
-0.621991
-0.240801
-0.374013
0.196234
-0.677127
-0.22185
-0.0139765
-0.0399294
0.288776
0.137221
-1.36742
-0.745141
-0.107786
0.540978
-0.878711
0.301751
0.0474878
0.202485
0.277051
-0.587283
0.32553
-1.7835
0.572832
-0.192368
-0.637766
-1.11445
-0.134154
-0.922221
-1.20325
-0.770664
0.299938
0.086367
-0.824904
-0.588402
0.0237452
-1.66591
-0.443134
0.597768
0.399832
-0.562544
-1.24286
0.368919
-0.304966
-0.686386
-0.534321
0.102521
0.0255796
-1.59332
0.247303
-0.0866743
-0.626423
-0.354556
0.234523
-0.307175
0.181312
-1.52288
0.487174
0.256865
0.113757
0.592841
-1.8512
-0.405342
-0.634909
0.0420626
-0.390058
0.304359
-0.602098
-0.220419
-1.07954
0.220677
0.283649
0.307767
-0.423688
-0.185792
-0.377896
0.266041
-0.857253
0.178071
0.498194
0.48736
0.394089
0.286355
0.643238
-1.39885
-0.26988
0.0165375
-1.23256
-0.233582
-0.161903
-0.0619282
0.178602
-0.00260257
0.0174032
-0.162492
-0.423842
0.129276
-0.301343
-0.306156
-0.343341
-0.624176
-0.670245
0.137934
-0.421845
-0.980238
-0.0279415
0.286913
0.24248
-0.270812
-0.216175
0.309918
-0.246203
-0.819773
0.308274
-0.991724
-0.118317
-0.760686
-1.69138
-1.21954
-0.341293
-0.346931
-0.0919406
0.52281
0.176536
0.154696
-0.0332508
-0.628463
-0.488704
-0.0767349
0.013541
-0.0131955
-0.323842
0.155047
-1.17458
-1.76191
-0.694383
-0.116227
-0.758932
-0.727462
-1.39779
0.426688
0.339428
-0.971347
-0.599109
-0.0984301
-1.00598
-1.25817
-0.368974
-1.03535
0.244516
0.279425
-0.852415
-0.569285
0.390179
0.375396
0.543586
0.693078
-2.42496
-0.320432
-0.0259917
-1.55493
-0.0722306
-1.85488
-0.201932
-0.19671
-0.976065
0.318991
0.197429
0.580997
-0.0541235
-0.484213
0.222394
0.329612
-0.674006
-0.970469
-2.14408
-0.0515078
-0.267443
-0.867005
-0.0800166
0.283005
-0.0586019
-0.25544
-0.200605
0.188713
0.392062
-0.0467765
-1.50472
0.397196
-0.270024
0.492322
0.379534
-0.000244344
-0.450118
0.190229
0.488452
-0.521008
-0.878396
-0.496121
-1.15455
0.110178
0.354102
-0.329578
0.697205
0.0949226
-0.417316
0.143116
0.0369264
-0.343351
-0.72746
0.227189
0.232923
-1.00894
-0.262798
-0.384022
-0.0871131
0.651544
-0.233029
0.221497
-0.489505
-2.03984
-0.366602
0.53016
-0.103795
-1.03654
-0.132004
-0.119263
0.0715463
-0.142731
-0.967727
-0.405466
0.414908
-0.362566
-0.78003
0.0552187
-0.633671
-1.08208
-0.560542
-0.042169
-0.0788806
-0.48995
0.328108
-0.806243
-0.0013356
-0.344842
0.257883
0.0678065
-0.235718
-0.0371716
0.240559
0.428483
-0.665834
0.0986464
-3.28534
0.419141
-0.0374769
-2.07086
0.172082
0.67488
0.351436
-0.124335
0.332971
0.475712
-0.0417942
-0.936873
-0.0223162
0.0170973
-0.15172
-1.61643
-2.01193
0.188252
0.259663
0.274319
-0.783536
-0.0907487
-0.384557
0.397581
-0.63227
-0.191887
-0.119028
-0.411117
-0.898554
0.253564
0.258552
0.295048
-0.336047
-1.55107
0.467501
-0.288889
0.336226
-0.0554063
0.0657369
0.486882
-0.145019
0.257763
-0.0170817
0.262471
-1.49874
-0.566582
-1.38027
-0.259406
-0.368838
0.37498
-0.162457
-0.330784
-0.131157
-0.925184
0.021947
0.0280801
-0.222011
0.107942
-0.71965
-0.185606
-0.80669
-0.23836
0.350577
-0.539441
0.405842
0.0156403
-0.638025
-0.648737
0.0898705
0.28984
-0.0519435
-0.281942
0.142893
-1.10439
-0.715101
-0.266034
0.143839
0.485168
0.0300448
0.0990848
-0.221285
0.349824
-0.15938
-1.05518
0.164496
-0.333717
-0.523457
0.156633
-0.212413
0.531801
0.411518
0.443416
0.287981
-1.44269
0.0755163
-1.01463
-0.474651
-0.309476
-0.78728
-0.852097
-0.013955
-0.811982
-1.40798
-0.0546355
-0.299292
-1.92303
-0.46102
-0.469113
-0.85525
0.548119
-0.818678
0.210339
0.172827
-1.01424
-0.651578
0.414068
0.448824
0.222433
0.211955
-0.415054
-1.3169
0.109016
0.258514
0.00880366
-1.41638
-0.230377
-0.217228
0.253524
0.395333
0.094238
0.47772
-0.128076
-0.537766
-0.327473
0.37007
0.314136
-2.71129
-0.66394
0.49783
-0.330861
-0.0677968
-0.0187127
-0.172341
0.550216
-0.12666
-0.08969
-0.029337
0.197978
-1.0602
0.372295
0.617779
0.373654
0.450103
-1.2508
-1.58397
-0.505987
0.307466
0.0672472
-0.442695
0.355188
0.345831
0.0250718
0.486133
-0.0806824
-0.0776262
0.552315
-1.49663
-0.390978
0.0701777
-0.854436
-0.604733
-0.793883
-0.879476
-0.2276
0.303039
-1.09482
-0.514059
-0.298814
-0.109888
-0.803406
0.542965
-0.0965634
0.288714
-1.91497
-0.754032
0.212699
-0.962516
-0.7386
-0.141793
0.120523
-0.583306
0.488386
0.0449528
0.0165008
0.0309051
-0.72015
-1.14756
0.0510229
0.1178
0.19021
-0.44078
-0.798441
0.173599
-0.458577
-0.62695
-0.507319
-0.356663
0.32088
-1.17997
-1.04084
-0.840706
0.097201
-0.603967
-0.680004
0.282611
0.0381721
0.423374
-0.923186
-0.481356
-0.0729437
-1.51599
-0.0438038
0.0350158
-0.0952621
-0.367486
0.293747
-0.748079
0.10975
-0.460395
0.101796
-0.321119
0.47738
-0.838604
-0.310162
-0.324193
0.0468998
-0.457124
-0.0786569
-0.741034
0.0455915
0.512168
0.134148
-0.437633
0.518024
-0.713638
-0.384767
-0.822781
0.161029
-0.611492
0.176435
0.0325925
0.272064
-0.954462
0.748067
-0.101905
0.0141412
-0.0532629
-0.829344
-0.488372
-1.00407
-0.336517
-0.650759
0.28856
0.366103
0.2079
0.199433
-1.2405
-0.341605
-0.331154
-1.18934
0.0718923
-0.824686
0.245877
0.366309
-0.473796
0.0508654
-0.666134
0.0159758
-0.912851
-0.201741
-0.00980556
-0.268194
-1.6093
-0.808635
-1.08683
-0.209004
0.250583
-0.925969
0.283444
0.229397
-0.0784434
0.459232
-0.385117
-0.2431
-0.397395
-1.40354
-0.26643
0.0737671
0.128378
0.35028
0.163189
0.079837
-0.511563
0.432909
-0.486047
-0.482325
0.285105
-0.187749
-0.756429
-0.680039
0.577535
-0.135929
-0.0474049
0.0638379
0.144122
0.277251
0.508625
-0.571861
0.182674
0.53526
0.605538
-1.70614
-1.04489
0.266551
-0.334382
-0.242579
-0.621978
0.0266829
-0.435287
-1.04948
0.321858
0.168267
0.356517
-0.0481316
0.457963
0.156928
-0.00895603
-0.0521445
-0.855829
-0.723759
-0.488268
-0.55383
0.110808
0.136388
0.170924
-1.00491
-1.00655
-0.286941
-1.05145
-0.501696
0.103631
-0.329904
-0.577087
-0.052031
0.0661462
-0.896479
0.318052
0.776456
-0.563411
-1.37818
0.340861
0.0282098
0.422129
-1.00333
0.383724
-0.902468
-0.446789
0.404107
0.0827011
0.082928
-0.306943
-0.98438
-0.000261461
-0.745095
0.270134
-0.420283
0.335629
-0.385994
-0.0864562
0.0634227
-1.59901
-0.401253
0.47388
-1.14038
-0.446216
0.33932
-0.113172
-0.0243839
-1.53504
-0.283324
0.171469
0.117813
0.00167267
-0.411349
-0.722745
-0.581888
-0.923632
0.0432659
0.480999
-0.871921
-1.01227
0.517535
0.477274
0.0214153
0.453884
-0.801456
-1.51257
0.104311
0.515515
0.406261
-0.198587
-1.39254
-0.339422
-0.567747
-0.205158
-0.633198
-0.789791
-0.11217
-0.612752
-1.02765
0.0975774
0.785179
0.0960375
0.224596
-0.488773
-0.111731
-0.332078
0.0523978
-0.121847
-0.364123
-1.43308
0.00643916
-0.651137
-0.33448
0.0360699
0.179044
-0.19599
-0.230233
-0.0118187
-0.56561
0.117398
-1.11104
-1.255
-0.0172834
0.411891
-0.146124
-0.429949
0.215267
-0.120686
0.0163113
-0.347717
0.195811
-0.523784
0.619511
-0.347662
0.389752
0.0368928
-0.00507741
-0.324137
0.162569
-0.922139
-0.520854
-0.429843
-0.230889
0.698849
-1.4655
-0.571687
0.232436
-0.277895
0.425231
0.327881
0.373646
-0.852948
-0.706036
0.164301
-0.361927
0.235866
-0.58373
0.187527
-0.472398
0.540128
-1.39871
0.0464301
-2.0397
0.100848
-0.83018
-0.930911
-0.0751292
-0.902355
-0.494071
0.049804
-0.438486
0.171551
-0.266952
0.40248
0.448239
-0.559757
-0.59679
-0.0294663
-0.231709
0.251956
-0.762784
0.644422
0.295453
0.415473
0.380407
0.00306684
-0.0189568
0.106043
-1.20698
0.188109
-0.126459
-1.44167
0.626538
-0.397608
-0.672512
-0.918481
0.258997
0.363229
0.347049
0.341239
-0.410003
0.307032
-0.151127
0.148705
0.172564
-0.157168
0.250722
-0.0236417
0.0627117
0.300342
-1.29132
0.399046
0.34019
-0.551637
0.451626
-1.16716
-0.344739
-0.92845
0.213953
-0.345394
0.415772
0.0689873
-0.393626
-0.316635
0.338613
0.702324
0.066163
-0.189984
0.359437
0.660944
-1.15071
0.331936
-0.60008
-0.465068
-0.0793503
-0.977681
-0.74723
-2.07194
-0.0619505
-0.462518
-0.86439
0.0753638
-0.0759305
0.370483
-0.0868998
0.201549
-0.357901
0.166437
0.400352
0.12285
0.208477
-0.181951
-0.364891
-0.0530047
0.330879
-0.601751
0.414099
0.0855815
-0.665606
-1.16632
0.0684444
0.383716
-0.110927
0.416203
-0.111836
0.508326
-1.75229
0.438143
0.195131
-2.42825
-0.538785
0.303908
0.362921
-0.985624
-1.51952
0.377054
0.0664489
-1.19292
0.248016
0.419403
-0.0551814
0.174454
0.210432
-0.532917
-0.164048
-0.320334
-1.01627
0.544063
-1.06167
-0.0863503
-0.801692
-0.669847
-0.98199
-1.5233
0.331416
0.145648
-0.485866
0.0233765
-0.568624
-0.454742
-0.223857
0.00358925
-0.16992
0.740799
0.534692
-1.27331
-0.200958
0.745856
-0.589215
-0.349054
-1.61062
0.201931
-0.924857
0.340459
-0.590453
-0.00261113
-0.388189
-1.13355
0.10468
-0.0157491
-0.142847
0.105169
-0.780381
-2.66286
0.350007
0.301218
-0.808432
-0.390291
-0.987418
-0.109568
0.0347101
0.60829
0.423274
-0.64469
-0.256922
-1.33003
0.498205
-0.866282
