1.00268
1.10908
1.43905
1.00042
1.19871
1.02507
1.00377
1.17479
1.00358
1.00042
1.00042
1.00042
1.00042
1.06094
1.00042
1.00042
1.00042
1.00042
1.24322
1.00187
1.00042
1.00042
1.00291
1.00042
1.00042
1.08355
1.03646
1.28473
1.00454
1.00897
1.01259
1.0187
1.03581
1.25233
1.00042
1.06732
1.00266
1.00042
1.07505
1.12429
1.1383
1.04088
1.00042
1.0479
1.10249
1.2401
1.00585
1.00042
1.02158
1.00042
1.07496
1.04276
1.00042
1.00605
1.55212
1.00042
1.00042
1.00042
1.00042
1.151
1.20309
1.01055
1.13394
1.00042
1.00042
1.07693
1.00562
1.02704
1.00042
1.00219
1.00191
1.00042
1.08247
1.00042
1.00042
1.00367
1.02068
1.00042
1.00042
1.21023
1.00751
1.07035
1.00428
1.00042
1.03186
1.00457
1.08293
1.00042
1.14832
1.00042
1.04524
1.00251
1.09603
1.00042
1.05287
1.00627
1.00526
1.0096
1.00042
1.00119
1.04392
1.00042
1.44392
1.10724
1.03997
1.17633
1.00042
1.00042
1.07095
1.00042
1.00042
1.00042
1.00042
1.13372
1.05581
1.00042
1.04986
1.03438
1.0471
1.00042
1.00042
1.00042
1.00042
1.00042
1.01054
1.01665
1.21687
1.12034
1.00115
1.03201
1.0789
1.00042
1.3491
1.0039
1.15473
1.00042
1.03582
1.06132
1.00561
1.32298
1.00042
1.00042
1.83903
1.05905
1.00623
1.00789
1.03239
1.00544
1.16946
1.00042
1.01082
1.00042
1.00042
1.00159
1.00959
1.03344
1.00134
1.00042
1.23991
1.00042
1.03655
1.25318
1.07778
1.0435
1.08407
1.02904
1.23423
1.01127
1.04332
1.064
1.0025
1.04845
1.24272
1.00042
1.01008
1.00042
1.01542
1.0791
1.12693
1.00042
1.01068
1.00042
1.02208
1.10322
1.02189
1.02888
1.00042
1.00042
1.08709
1.00707
1.00042
1.00298
1.05768
1.00097
1.00349
1.02239
1.00189
1.00594
1.00739
1.13175
1.00786
1.06632
1.24911
1.00042
1.04079
1.1105
1.06528
1.00042
1.00042
1.01249
1.45747
1.00226
1.01691
1.27616
1.06969
1.09454
1.00042
1.06699
1.00042
1.00295
1.02623
1.00042
1.00797
1.00042
1.00042
1.01222
1.00042
1.00042
1.23808
1.00042
1.04629
1.08943
1.12984
1.53636
1.01876
1.13979
1.00042
1.00198
1.00457
1.22617
1.26751
1.00042
1.05806
1.04821
1.03756
1.00042
1.00042
1.15046
1.06887
1.06277
1.00042
1.30755
1.02143
1.00042
1.06463
1.00042
1.00042
1.05045
1.00042
1.29882
1.23191
1.00042
1.08842
1.00042
1.23982
1.13667
1.03657
1.00042
1.16239
1.14066
1.00042
1.37892
1.05223
1.58946
1.05606
1.15799
1.0763
1.02204
1.04219
1.15985
1.01452
1.00042
1.41797
1.02915
1.17461
1.41472
1.30952
1.18027
1.07537
1.01307
1.10006
1.00603
1.00042
1.03476
1.00042
1.03239
1.07021
1.02419
1.00837
1.12635
1.04799
1.08422
1.11273
1.03012
1.00042
1.00042
1.48635
1.1107
1.02589
1.37112
1.04568
1.0041
1.00042
1.03354
1.0317
1.08534
1.03209
1.01138
1.02814
1.07946
1.14349
1.0073
1.16119
1.00042
1.05577
1.00285
1.01334
1.00973
1.31291
1.30229
1.04124
1.00042
1.06917
1.07235
1.19592
1.13956
1.097
1.57463
1.03722
1.00042
1.00042
1.00042
1.00834
1.03068
1.07228
1.00042
1.01206
1.04587
1.00339
1.00042
1.01253
1.09292
1.00042
1.00042
1.12835
1.0331
1.18577
1.00389
1.00042
1.00042
1.00042
1.14323
1.19881
1.00042
1.0183
1.02452
1.00042
1.00774
1.15356
1.23515
1.00917
1.019
1.00657
1.08353
1.23503
1.00042
1.03431
1.09041
1.23682
1.00042
1.01241
1.14798
1.07292
1.00569
1.16599
1.00427
1.00042
1.0445
1.02777
1.00042
1.01218
1.29716
1.00893
1.01045
1.00042
1.03186
1.41707
1.009
1.10218
1.00371
1.00042
1.0093
1.00042
1.00042
1.01689
1.00042
1.06553
1.05273
1.10273
1.5002
1.00042
1.11714
1.0396
1.00042
1.03564
1.00042
1.00042
1.00042
1.00042
1.00272
1.00042
1.00313
1.00249
1.06475
1.04273
1.03303
1.00042
1.00042
1.00042
1.01121
1.13935
1.28949
1.5238
1.00042
1.02502
1.01647
1.10897
1.10229
1.00042
1.00636
1.01454
1.08593
1.00272
1.00144
1.00042
1.00042
1.29197
1.14542
1.00042
1.00042
1.00042
1.01287
1.00042
1.04225
1.00042
1.05824
1.21621
1.00109
1.00042
1.00042
1.00042
1.03712
1.00177
1.02085
1.0025
1.00042
1.00042
1.00042
1.02346
1.0042
1.00042
1.02621
1.09362
1.12759
1.00307
1.00974
1.00803
1.02713
1.00042
1.25973
1.48995
1.01519
1.47011
1.0141
1.39154
1.00042
1.00183
1.00042
1.01957
1.02087
1.03586
1.07267
1.00042
1.13967
1.19086
1.00042
1.05502
1.04118
1.00042
1.22108
1.00042
1.05634
1.24835
1.00042
1.03235
1.0226
1.03491
1.25149
1.00042
1.00042
1.00042
1.00042
1.00141
1.00042
1.30753
1.16363
1.34149
1.08193
1.00042
1.00042
1.00042
1.01863
1.0282
1.00042
1.07813
1.00042
1.00042
1.25923
1.16926
1.33845
1.0943
1.00273
1.04417
1.00042
1.00551
1.03
1.00426
1.00042
1.01744
1.01351
1.00042
1.15463
1.01333
1.00587
1.00042
1.47839
1.06502
1.15182
1.18282
1.00537
1.02662
1.25597
1.00538
1.01115
1.08261
1.00878
1.0178
1.30937
1.27904
1.06375
1.45848
1.01362
1.00948
1.00042
1.00042
1.06369
1.68987
1.19902
1.00042
1.00512
1.00042
1.19038
1.00042
1.00042
1.01683
1.00268
1.05289
1.01952
1.00042
1.00244
1.20265
1.0339
1.00042
1.07032
1.00042
1.07626
1.00042
1.15951
1.00042
1.0397
1.03112
1.00449
1.00042
1.00276
1.0297
1.01972
1.07719
1.00042
1.00808
1.00042
1.00042
1.00042
1.18466
1.03549
1.08252
1.00042
1.01525
1.02027
1.16009
1.00042
1.18798
1.02139
1.00042
1.38986
1.02259
1.01291
1.00042
1.15828
1.08071
1.00775
1.03996
1.13672
1.00426
1.14788
1.02635
1.40065
1.00042
1.00042
1.10324
1.01564
1.00564
1.00418
1.00333
1.09787
1.00042
1.001
1.14449
1.00042
1.00042
1.00042
1.0792
1.00268
1.0308
1.03852
1.00042
1.19044
1.00042
1.01388
1.0943
1.3135
1.12876
1.10657
1.00042
1.00401
1.15441
1.10204
1.03139
1.00042
1.00042
1.00267
1.54904
1.00042
1.10154
1.26946
1.02457
1.01435
1.00657
1.09835
1.00042
1.00042
1.06929
1.03634
1.0019
1.25113
1.00587
1.00042
1.00042
1.03385
1.01782
1.00042
1.01489
1.14345
1.01926
1.46874
1.21543
1.02333
1.00042
1.17222
1.03247
1.00648
1.03853
1.02231
1.03484
1.09228
1.00586
1.00042
1.00042
1.00189
1.00042
1.01003
1.03315
1.00042
1.02002
1.14333
1.01193
1.03881
1.00426
1.00042
1.00042
1.00921
1.00042
1.00042
1.00042
1.00496
1.32864
1.11107
1.13295
1.00042
1.00042
1.02746
1.28706
1.0129
1.21271
1.00042
1.08041
1.31594
1.00042
1.00042
1.07983
1.01174
1.00042
1.00451
1.07305
1.20987
1.18372
1.01001
1.08132
1.00042
1.00042
1.00042
1.04497
1.15781
1.22974
1.01354
1.0249
1.00042
1.19788
1.00374
1.00411
1.13866
1.01477
1.00042
1.02555
1.00042
1.10234
1.00042
1.11576
1.00592
1.05009
1.00776
1.00042
1.04102
1.46168
1.00437
1.03259
1.00132
1.11937
1.23129
1.05296
1.11958
1.01537
1.00042
1.00042
1.15634
1.00042
1.05356
1.17105
1.12917
1.00042
1.15064
1.00042
1.12267
1.04236
1.00306
1.00042
1.00042
1.12777
1.00042
1.14189
1.01289
1.26954
1.02496
1.00671
1.01963
1.20207
1.11693
1.05873
1.00042
1.00042
1.00042
1.00042
1.00042
1.00042
1.00042
1.00042
1.00131
1.00042
1.00042
1.03947
1.00673
1.01835
1.02302
1.02174
1.00428
1.0387
1.43562
1.13382
1.10995
1.00042
1.00042
1.00709
1.00042
1.13268
1.19604
1.00042
1.00851
1.05576
1.00904
1.00042
1.00042
1.52127
1.0321
1.00042
1.00042
1.00042
1.00398
1.06128
1.05007
1.21987
1.02605
1.04034
1.00042
1.18969
1.00042
1.0282
1.27446
1.23496
1.06342
1.02439
1.00042
1.00261
1.0167
1.00042
1.00042
1.00042
1.00042
1.00042
1.15606
1.00042
1.00042
1.07244
1.00042
1.00378
1.14619
1.11418
1.00042
1.10412
1.02889
1.42488
1.00042
1.00772
1.00042
1.00042
1.00042
1.00042
1.217
1.50277
1.12895
1.10785
1.00042
1.00878
1.00042
1.00042
1.00042
1.00595
1.00114
1.16933
1.03983
1.36563
1.00659
1.12501
1.03809
1.02828
1.00042
1.14169
1.00042
1.02011
1.52864
1.00442
1.18058
1.0042
1.00042
1.00694
1.08338
1.53758
1.00042
1.00042
1.00042
1.30492
1.09381
1.26828
1.00042
1.03762
1.00042
1.1038
1.00271
1.00533
1.00042
1.00724
1.00863
1.00042
1.05939
1.00042
1.24696
1.00042
1.00509
1.00863
1.03676
1.00042
1.09017
1.0013
1.01068
1.03351
1.00355
1.02246
1.00042
1.00042
1.14388
1.06471
1.05328
1.05734
1.00042
1.00042
1.07756
1.00042
1.00251
1.15788
1.18657
1.1648
1.00613
1.02925
1.67552
1.24433
1.00042
1.0031
1.02334
1.10339
1.10556
1.00042
1.00042
1.00042
1.00042
1.00042
1.0047
1.00042
1.00042
1.27935
1.00042
1.00042
1.05551
1.00682
1.00042
1.11106
1.00042
1.04564
1.00042
1.00042
1.00142
1.00042
1.01046
1.003
1.00349
1.00042
1.00042
1.07576
1.59903
1.01337
1.3124
1.08617
1.35587
1.00859
1.38488
1.11406
1.09872
1.01468
1.00042
1.00942
1.19547
1.00042
1.14785
0.806623
0.872122
0.800333
0.820644
0.81193
1.10429
0.815224
1.07726
0.847558
1.18743
0.876043
1.10343
0.810406
0.922376
0.823874
0.803903
1.08872
0.804231
0.937318
0.801581
0.800333
0.868519
0.810468
1.23285
0.837737
0.859241
1.35092
0.827478
1.07143
0.803183
1.03479
0.990241
0.86374
0.898281
0.847326
0.881314
1.02411
1.52659
0.915298
0.840934
0.802087
1.15104
0.819006
0.855732
0.808947
0.800333
0.803274
0.824564
0.822122
1.20094
1.1439
0.874099
0.819806
0.886472
1.11421
0.975866
0.941705
0.905848
0.874266
0.916414
0.94718
0.823215
1.33457
0.932709
1.23166
1.1077
0.800333
0.944768
0.800333
0.806614
0.800333
0.800333
0.804862
0.803896
0.824306
0.905031
0.850276
1.02112
1.07638
0.82634
0.942721
0.816133
1.10886
0.800333
0.819545
0.935023
0.800333
1.15105
0.832542
0.859342
0.970603
0.888932
0.96784
0.808354
0.812856
0.905799
0.800333
0.839409
0.948763
0.981539
1.0704
1.15462
0.803154
0.819959
0.800333
0.800333
0.874199
1.16286
1.19485
1.0355
0.916009
0.878081
1.04527
1.26137
0.97206
1.15684
0.912605
0.877035
1.2348
0.815046
0.804653
0.80416
0.812977
1.0914
1.08155
0.862642
1.06437
0.800333
0.922512
0.803266
0.838167
0.865772
1.36105
0.851623
0.819631
0.808866
0.83945
0.801581
0.837586
1.02409
0.927449
0.856068
0.967831
0.842785
1.73541
0.801581
0.800333
0.859298
0.867708
0.800333
0.99814
1.04234
0.843747
1.07503
0.940687
0.88813
0.812163
0.887141
0.802638
0.802647
0.800333
1.0983
1.1674
1.23387
0.99763
0.858274
0.844617
0.866323
0.80696
0.800333
0.837594
0.907096
0.800333
0.823078
0.817667
1.15244
0.869983
0.87402
0.809719
0.848576
1.14934
0.901394
0.867187
1.04092
1.06926
0.803257
0.804053
0.803731
0.913998
1.35189
0.838638
0.801581
0.923578
0.819673
0.800333
0.891198
0.800333
0.861176
0.946975
0.84366
0.831513
0.801581
0.813155
0.800333
0.916655
1.04209
0.823535
0.821207
0.881007
0.862267
0.856439
0.89558
0.878191
0.885061
0.869901
0.84469
0.85888
1.06675
0.819771
0.812591
0.881714
0.921425
1.06055
0.800333
0.879384
0.836155
0.805835
0.806438
0.837109
0.834849
0.807591
0.818948
0.820763
0.818148
0.834687
0.822148
1.12043
0.800333
1.00339
0.857624
0.803353
0.963615
0.870359
0.870581
0.816686
0.85004
0.800554
0.806976
0.800333
0.800333
0.806012
1.20944
0.897232
0.803885
0.810186
0.81247
1.0032
0.991208
0.853409
1.18546
0.800333
0.879727
0.803926
0.811935
0.814207
0.855225
0.824363
0.803859
0.800333
0.932936
0.840154
0.810451
0.810216
0.994619
0.807448
1.2308
1.17456
0.889039
1.03661
0.893388
0.804191
0.87582
0.895036
0.881032
1.36954
1.2426
0.980946
1.26768
0.804671
0.965877
0.899597
0.950279
0.864988
0.969813
0.826889
0.851366
0.826145
0.844975
0.86409
0.814773
0.809625
0.800333
0.911322
0.800333
1.28064
0.822768
0.800333
0.94123
1.1845
0.987909
0.978338
1.18438
0.825581
0.908302
0.858786
0.815269
0.805253
0.800333
1.50968
0.988079
0.877434
1.0595
0.800333
0.956919
0.941661
0.800333
0.890126
0.830965
1.25568
0.898027
0.907762
0.800333
1.01672
1.01037
0.916628
1.04276
0.983012
1.2466
0.819862
0.831083
0.800333
0.800333
0.800333
0.830026
0.88122
1.02788
0.836029
0.831624
1.0342
1.15789
0.901775
0.931313
0.953339
1.21281
0.821763
0.964686
0.800333
0.829397
1.01286
0.922668
0.801581
1.04057
1.10661
1.10347
0.801581
0.837519
0.836498
1.02113
0.951413
0.867391
0.800333
0.805172
0.800333
1.18143
0.801581
0.800333
0.943968
0.862003
0.811877
0.800333
0.898764
0.920816
0.804475
0.874002
0.967486
0.842463
0.895499
0.882881
0.800333
0.800333
0.935983
1.0156
0.812509
1.05034
1.27313
0.934052
0.944046
0.859814
1.04566
0.889427
1.09372
0.84204
1.23911
0.813832
0.812486
0.930866
0.877474
0.841096
1.01639
0.838105
0.860733
1.03409
1.04213
0.825845
0.875313
0.970174
0.838972
1.13181
0.950371
1.1465
1.52884
0.958224
1.01093
0.881478
0.874734
0.807582
0.800333
1.10465
0.948968
1.03053
1.0473
0.85314
0.800333
0.804239
0.894966
0.878922
0.828531
1.0766
0.858467
1.10204
0.800333
0.844759
0.945435
0.939484
0.801581
0.938616
0.956474
0.896662
1.16607
0.811665
0.847833
0.844596
0.872878
1.36565
0.800333
1.18911
0.801581
0.813586
1.1377
1.0863
0.81406
0.923849
0.866686
0.800333
0.870522
0.847969
0.800333
0.918047
0.880897
1.30676
1.11279
0.966128
0.877929
0.986453
0.803184
0.814598
0.801581
1.00174
0.837317
0.931432
0.847292
0.989448
0.836255
0.953537
0.962966
1.13021
0.928565
0.842501
1.11213
1.46719
0.817107
0.885298
1.00223
0.854099
0.800333
0.98584
1.08351
1.19899
0.974966
0.812292
0.881704
0.977987
1.14056
0.823939
0.824861
0.816248
1.27313
1.26507
0.882259
0.802973
0.895252
0.817322
1.00592
1.39566
0.984151
0.808925
0.844901
0.842944
0.924045
0.800333
0.800333
1.0432
0.813266
0.800333
0.938877
1.04065
1.07034
0.848582
0.953998
0.858228
0.842675
0.833111
1.20948
0.934111
0.818931
0.952542
0.918419
1.10443
1.02365
1.19263
0.800333
0.908194
0.806455
0.982483
0.88076
1.03146
1.04685
0.956648
0.816951
0.971632
0.804055
1.25147
0.800333
0.89247
1.05384
1.18318
0.84321
1.18613
0.802808
0.945571
0.888432
0.840177
1.2263
0.802788
0.836406
0.801581
0.857938
0.864213
1.06528
0.938335
0.806261
0.884293
1.06127
1.07441
0.81004
0.800333
1.06914
0.802872
0.810487
1.27946
0.895988
0.813267
0.843909
0.818611
0.983342
0.823076
0.881731
0.999621
0.879807
1.01332
0.801581
1.00268
0.904346
0.833745
0.802757
0.800333
0.814214
0.833085
1.02979
0.816901
0.805201
0.948946
1.10513
0.804133
0.861309
1.04491
0.951067
0.937045
0.885667
0.825054
0.942789
1.10582
1.44919
0.808956
1.05718
0.800333
0.800333
0.800333
1.04403
1.11563
1.31213
0.814054
1.34252
0.894969
0.815382
0.800333
0.860988
0.812939
0.864749
1.04415
0.800333
0.867079
0.969132
0.80404
0.800333
0.90712
0.960025
0.812914
0.952349
0.861331
0.80394
0.849551
1.18939
0.873303
1.02345
0.811612
1.11427
0.800333
0.87532
0.86564
0.992635
0.895108
0.975689
1.3782
1.0351
1.17688
1.22862
1.09809
0.837002
0.980653
0.844868
0.810906
1.00256
0.8356
0.963196
1.08563
0.876001
1.13735
1.32695
0.881354
1.2495
0.838316
1.08023
0.816226
0.835083
0.800333
1.4403
0.849968
0.800333
0.810476
0.976344
0.854143
0.800333
0.978833
0.918284
0.995165
0.867536
0.984255
0.989822
0.940852
0.806312
0.891927
0.912273
0.800333
0.913184
0.80547
0.933943
0.996012
0.895932
0.964247
0.824461
0.948417
0.821596
1.25217
0.821336
0.866992
0.803193
0.803277
0.800333
1.3374
0.800333
0.800333
0.948592
1.22078
1.05211
0.801581
0.975614
0.986151
0.868597
0.804665
0.812188
1.03615
0.895932
0.889811
1.02335
1.37234
1.13122
1.0969
0.896036
0.92303
0.804263
0.881774
1.04068
0.80551
0.816274
1.16135
0.82261
0.861601
0.800333
0.804663
0.852136
0.80371
1.05576
0.805245
0.871966
1.0993
1.26625
0.91451
0.801353
1.31137
1.23961
0.946262
1.00015
0.932819
0.800333
1.07629
0.885019
1.22541
0.800333
1.23142
1.24161
0.800333
0.951207
0.802167
0.800333
0.995889
0.90017
1.03946
1.23946
0.800333
0.837702
0.801581
0.800333
1.11113
0.956808
0.880752
0.902331
0.845737
0.800753
0.839721
0.894737
0.868425
1.14857
0.800333
0.836132
0.865673
0.881219
0.800333
0.829961
1.4499
0.800333
0.956299
0.900031
0.804182
1.03525
0.800333
0.862613
0.854127
0.808768
0.850899
0.800333
0.991093
0.876387
0.920101
0.947279
1.102
0.883024
0.800333
1.07736
0.815689
0.811239
0.800333
1.09782
0.811269
0.812501
0.961288
0.822984
0.858175
0.801581
0.882174
0.954416
1.03768
0.840885
1.29
0.967374
0.882516
1.01898
0.867601
0.800333
0.802974
0.800333
0.85702
0.824648
0.924826
0.887351
1.07515
0.914849
0.800333
0.803502
1.08925
1.21514
1.04152
0.823292
0.80976
1.16352
1.00657
0.924513
0.831381
0.800333
0.858447
0.800333
1.22327
0.830854
1.05296
0.826752
0.998005
0.813103
1.31195
0.827663
1.49462
0.802191
0.822027
0.99051
0.850472
0.985065
0.803356
0.84313
0.811199
0.99167
0.870885
0.82034
0.801581
0.810995
0.980243
0.863825
0.819603
0.940891
1.11312
1.07154
0.890373
1.01951
0.850496
1.48637
0.95033
0.803767
0.802963
0.801581
0.991358
0.800333
0.821629
1.04732
0.803604
1.13118
0.803707
0.968463
0.952937
1.21924
1.15758
1.34319
0.912029
0.99367
0.800333
0.822439
0.848247
1.41476
0.823501
0.903428
1.39157
0.909436
0.818262
1.00723
0.806951
0.8527
0.895485
0.931069
1.00939
0.983226
1.03123
0.872348
0.829464
0.852546
1.0206
0.88623
0.813556
0.817836
0.803286
0.817098
0.821888
0.866656
0.894587
0.800333
1.03606
0.982674
0.992713
0.912597
1.05979
1.20959
0.801581
0.946639
0.800333
0.800333
0.823709
1.05651
0.810405
0.800333
1.10202
1.03981
0.932598
1.14015
0.811157
1.19428
0.84041
0.813291
0.843674
0.89909
0.854558
0.947691
0.81774
1.05264
0.800333
0.982457
1.041
0.800333
0.992964
0.924276
0.806268
0.802479
1.51444
0.810479
0.843185
0.855127
1.25289
0.845966
0.887916
1.2285
0.951349
0.852116
1.02111
0.810212
0.988939
0.847633
1.34625
0.803093
0.814102
0.865093
0.829312
0.813329
0.830817
0.828051
0.948956
1.07355
1.1288
0.841079
1.02222
0.930381
0.803404
0.937776
0.856922
0.865507
0.851396
0
0
0
0
0
0
0
0
0
0
0
0
0
0
0
0
0
0
0
0
0
0
0
0
0
0
0
0
0
0
0
0
0
0
0
0
0
0
0
0
0
0
0
0
0
0
0
0
0
0
0
0
0
0
0
0
0
0
0
0
0
0
0
0
0
0
0
0
0
0
0
0
0
0
0
0
0
0
0
0
0
0
0
0
0
0
0
0
0
0
0
0
0
0
0
0
0
0
0
0
0
0
0
0
0
0
0
0
0
0
0
0
0
0
0
0
0
0
0
0
0
0
0
0
0
0
0
0
0
0
0
0
0
0
0
0
0
0
0
0
0
0
0
0
0
0
0
0
0
0
0
0
0
0
0
0
0
0
0
0
0
0
0
0
0
0
0
0
0
0
0
0
0
0
0
0
0
0
0
0
0
0
0
0
0
0
0
0
0
0
0
0
0
0
0
0
0
0
0
0
0
0
0
0
0
0
0
0
0
0
0
0
0
0
0
0
0
0
0
0
0
0
0
0
0
0
0
0
0
0
0
0
0
0
0
0
0
0
0
0
0
0
0
0
0
0
0
0
0
0
0
0
0
0
0
0
0
0
0
0
0
0
0
0
0
0
0
0
0
0
0
0
0
0
0
0
0
0
0
0
0
0
0
0
0
0
0
0
0
0
0
0
0
0
0
0
0
0
0
0
0
0
0
0
0
0
0
0
0
0
0
0
0
0
0
0
0
0
0
0
0
0
0
0
0
0
0
0
0
0
0
0
0
0
0
0
0
0
0
0
0
0
0
0
0
0
0
0
0
0
0
0
0
0
0
0
0
0
0
0
0
0
0
0
0
0
0
0
0
0
0
0
0
0
0
0
0
0
0
0
0
0
0
0
0
0
0
0
0
0
0
0
0
0
0
0
0
0
0
0
0
0
0
0
0
0
0
0
0
0
0
0
0
0
0
0
0
0
0
0
0
0
0
0
0
0
0
0
0
0
0
0
0
0
0
0
0
0
0
0
0
0
0
0
0
0
0
0
0
0
0
0
0
0
0
0
0
0
0
0
0
0
0
0
0
0
0
0
0
0
0
0
0
0
0
0
0
0
0
0
0
0
0
0
0
0
0
0
0
0
0
0
0
0
0
0
0
0
0
0
0
0
0
0
0
0
0
0
0
0
0
0
0
0
0
0
0
0
0
0
0
0
0
0
0
0
0
0
0
0
0
0
0
0
0
0
0
0
0
0
0
0
0
0
0
0
0
0
0
0
0
0
0
0
0
0
0
0
0
0
0
0
0
0
0
0
0
0
0
0
0
0
0
0
0
0
0
0
0
0
0
0
0
0
0
0
0
0
0
0
0
0
0
0
0
0
0
0
0
0
0
0
0
0
0
0
0
0
0
0
0
0
0
0
0
0
0
0
0
0
0
0
0
0
0
0
0
0
0
0
0
0
0
0
0
0
0
0
0
0
0
0
0
0
0
0
0
0
0
0
0
0
0
0
0
0
0
0
0
0
0
0
0
0
0
0
0
0
0
0
0
0
0
0
0
0
0
0
0
0
0
0
0
0
0
0
0
0
0
0
0
0
0
0
0
0
0
0
0
0
0
0
0
0
0
0
0
0
0
0
0
0
0
0
0
0
0
0
0
0
0
0
0
0
0
0
0
0
0
0
0
0
0
0
0
0
0
0
0
0
0
0
0
0
0
0
0
0
0
0
0
0
0
0
0
0
0
0
0
0
0
0
0
0
0
0
0
0
0
0
0
0
0
0
0
0
0
0
0
0
0
0
0
0
0
0
0
0
0
0
0
0
0
0
0
0
0
0
0
0
0
0
0
0
0
0
0
0
0
0
0
0
0
0
0
0
0
0
0
0
0
0
0
0
0
0
0
0
0
0
0
0
0
0
0
0
0
0
0
0
0
0
0
0
0
0
0
0
0
0
0
0
0
0
0
0
0
0
0
0
0
0
0
0
0
0
0
0
0
0
0
0
0
0
0
0
0
0
0
0
0
0
0
0
0
0
0
0
0
0
0
0
0
0
0
0
0
0
0
0
0
0
0
0
0
0
0
0
0
0
0
0
0
0
0
0
0
0
0
0
0
0
0
0
0
0
0
0
0
0
0
0
0
0
0
0
0
0
0
0
0
0
0
0
0
0
0
0
0
0
0
0
0
0
0
0
0
0
0
0
0
0
0
0
0
0
0
0
0
0
0
0
0
0
0
0
0
0
0
0
0
0
0
0
0
0
0
0
0
0
0
0
0
0
0
0
0
0
0
0
0
0
0
0
0
0
0
0
0
0
0
0
0
0
0
0
0
0
0
0
0
0
0
0
0
0
0
0
0
0
0
0
0
0
0
0
0
0
0
0
0
0
0
0
0
0
0
0
0
0
0
0
0
0
0
0
0
0
0
0
0
0
0
0
0
0
0
0
0
0
0
0
0
0
0
0
0
0
0
0
0
0
0
0
0
0
0
0
0
0
0
0
0
0
0
0
0
0
0
0
0
0
0
0
0
0
0
0
0
0
0
0
0
0
0
0
0
0
0
0
0
0
0
0
0
0
0
0
0
0
0
0
0
0
0
0
0
0
0
0
0
0
0
0
0
0
0
0
0
0
0
0
0
0
0
0
0
0
0
0
0
0
0
0
0
0
0
0
0
0
0
0
0
0
0
0
0
0
0
0
0
0
0
0
0
0
0
0
0
0
0
0
0
0
0
0
0
0
0
0
0
0
0
0
0
0
0
0
0
0
0
0
0
0
0
0
0
0
0
0
0
0
0
0
0
0
0
0
0
0
0
0
0
0
0
0
0
0
0
0
0
0
0
0
0
0
0
0
0
0
0
0
0
0
0
0
0
0
0
0
0
0
0
0
0
0
0
0
0
0
0
0
0
0
0
0
0
0
0
0
0
0
0
0
0
0
0
0
0
0
0
0
0
0
0
0
0
0
0
0
0
0
0
0
0
0
0
0
0
0
0
0
0
0
0
0
0
0
0
0
0
0
0
0
0
0
0
0
0
0
0
0
0
0
0
0
0
0
0
0
0
0
0
0
0
0
0
0
0
0
0
0
0
0
0
0
0
0
0
0
0
0
0
0
0
0
0
0
0
0
0
0
0
0
0
0
0
0
0
0
0
0
0
0
0
0
0
0
0
0
0
0
0
0
0
0
0
0
0
0
0
0
0
0
0
0
0
0
0
0
0
0
0
0
0
0
0
0
0
0
0
0
0
0
0
0
0
0
0
0
0
0
0
0
0
0
0
0
0
0
0
0
0
0
0
0
0
0
0
0
0
0
0
0
0
0
0
0
0
0
0
0
0
0
0
0
0
0
0
0
0
0
0
0
0
0
0
0
0
0
0
0
0
0
0
0
0
0
0
0
0
0
0
0
0
0
0
0
0
0
0
0
0
0
0
0
0
0
0
0
0
0
0
0
0
0
0
0
0
0
0
0
0
0
0
0
0
0
0
0
0
0
0
0
0
0
0
0
0
0
0
0
0
0
0
0
0
0
0
0
0
0
0
0
0
0
0
0
0
0
0
0
0
0
0
0
0
0
0
0
0
0
0
0
0
0
0
0
0
0
0
0
0
0
0
0
0
0
0
0
0
0
0
0
0
0
0
0
0
0
0
0
0
0
0
0
0
0
0
0
0
0
0
0
0
0
0
0
0
0
0
0
0
0
0
0
0
0
0
0
0
0
0
0
0
0
0
0
0
0
0
0
0
0
0
0
0
0
0
0
0
0
0
0
0
0
0
0
0
0
0
0
0
0
0
0
0
0
0
0
0
0
0
0
0
0
0
0
0
0
0
0
0
0
0
0
0
0
0
0
0
0
0
0
0
0
0
0
0
0
0
0
0
0
0
0
0
0
0
0
0
0
0
0
0
0
0
0
0
0
0
0
0
0
0
0
0
0
0
0
0
0
0
0
0
0
0
0
0
0
0
0
0
0
0
0
0
0
0
0
0
0
0
0
0
0
0
0
0
0
0
0
0
0
0
0
0
0
0
0
0
0
0
0
0
0
0
0
0
0
0
0
0
0
0
0
0
0
0
0
0
0
0
0
0
0
0
0
0
0
0
0
0
0
0
0
0
0
0
0
0
0
0
0
0
0
0
0
0
0
0
0
0
0
0
0
0
0
0
0
0
0
0
0
0
0
0
0
0
0
0
0
0
0
0
0
0
0
0
0
0
0
0
0
0
0
0
0
0
0
0
0
0
0
0
0
0
0
0
0
0
0
0
0
0
0
0
0
0
0
0
0
0
0
0
0
0
0
0
0
0
0
0
0
0
0
0
0
0
0
0
0
0
0
0
0
0
0
0
0
0
0
0
0
0
0
0
0
0
0
0
0
0
0
0
0
0
0
0
0
0
0
0
0
0
0
0
0
0
0
0
0
0
0
0
0
0
0
0
0
0
0
0
0
0
0
0
0
0
0
0
0
0
0
0
0
0
0
0
0
0
0
0
0
0
0
0
0
0
0
0
0
0
0
0
0
0
0
0
0
0
0
0
0
0
0
0
0
0
0
