0
0
0
0
0
0
0
0
0
0
0
0
0
0
0
0
0
0
0
0
0
0
0
0
0
0
0
0
0
0
0
0
0
0
0
0
0
0
0
0
0
0
0
0
0
0
0
0
0
0
0
0
0
0
0
0
0
0
0
0
0
0
0
0
0
0
0
0
0
0
0
0
0
0
0
0
0
0
0
0
0
0
0
0
0
0
0
0
0
0
0
0
0
0
0
0
0
0
0
0
0
0
0
0
0
0
0
0
0
0
0
0
0
0
0
0
0
0
0
0
0
0
0
0
0
0
0
0
0
0
0
0
0
0
0
0
0
0
0
0
0
0
0
0
0
0
0
0
0
0
0
0
0
0
0
0
0
0
0
0
0
0
0
0
0
0
0
0
0
0
0
0
0
0
0
0
0
0
0
0
0
0
0
0
0
0
0
0
0
0
0
0
0
0
0
0
0
0
0
0
0
0
0
0
0
0
0
0
0
0
0
0
0
0
0
0
0
0
0
0
0
0
0
0
0
0
0
0
0
0
0
0
0
0
0
0
0
0
0
0
0
0
0
0
0
0
0
0
0
0
0
0
0
0
0
0
0
0
0
0
0
0
0
0
0
0
0
0
0
0
0
0
0
0
0
0
0
0
0
0
0
0
0
0
0
0
0
0
0
0
0
0
0
0
0
0
0
0
0
0
0
0
0
0
0
0
0
0
0
0
0
0
0
0
0
0
0
0
0
0
0
0
0
0
0
0
0
0
0
0
0
0
0
0
0
0
0
0
0
0
0
0
0
0
0
0
0
0
0
0
0
0
0
0
0
0
0
0
0
0
0
0
0
0
0
0
0
0
0
0
0
0
0
0
0
0
0
0
0
0
0
0
0
0
0
0
0
0
0
0
0
0
0
0
0
0
0
0
0
0
0
0
0
0
0
0
0
0
0
0
0
0
0
0
0
0
0
0
0
0
0
0
0
0
0
0
0
0
0
0
0
0
0
0
0
0
0
0
0
0
0
0
0
0
0
0
0
0
0
0
0
0
0
0
0
0
0
0
0
0
0
0
0
0
0
0
0
0
0
0
0
0
0
0
0
0
0
0
0
0
0
0
0
0
0
0
0
0
0
0
0
0
0
0
0
0
0
0
0
0
0
0
0
0
0
0
0
0
0
0
0
0
0
0
0
0
0
0
0
0
0
0
0
0
0
0
0
0
0
0
0
0
0
0
0
0
0
0
0
0
0
0
0
0
0
0
0
0
0
0
0
0
0
0
0
0
0
0
0
0
0
0
0
0
0
0
0
0
0
0
0
0
0
0
0
0
0
0
0
0
0
0
0
0
0
0
0
0
0
0
0
0
0
0
0
0
0
0
0
0
0
0
0
0
0
0
0
0
0
0
0
0
0
0
0
0
0
0
0
0
0
0
0
0
0
0
0
0
0
0
0
0
0
0
0
0
0
0
0
0
0
0
0
0
0
0
0
0
0
0
0
0
0
0
0
0
0
0
0
0
0
0
0
0
0
0
0
0
0
0
0
0
0
0
0
0
0
0
0
0
0
0
0
0
0
0
0
0
0
0
0
0
0
0
0
0
0
0
0
0
0
0
0
0
0
0
0
0
0
0
0
0
0
0
0
0
0
0
0
0
0
0
0
0
0
0
0
0
0
0
0
0
0
0
0
0
0
0
0
0
0
0
0
0
0
0
0
0
0
0
0
0
0
0
0
0
0
0
0
0
0
0
0
0
0
0
0
0
0
0
0
0
0
0
0
0
0
0
0
0
0
0
0
0
0
0
0
0
0
0
0
0
0
0
0
0
0
0
0
0
0
0
0
0
0
0
0
0
0
0
0
0
0
0
0
0
0
0
0
0
0
0
0
0
0
0
0
0
0
0
0
0
0
0
0
0
0
0
0
0
0
0
0
0
0
0
0
0
0
0
0
0
0
0
0
0
0
0
0
0
0
0
0
0
0
0
0
0
0
0
0
0
0
0
0
0
0
0
0
0
0
0
0
0
0
0
0
0
0
0
0
0
0
0
0
0
0
0
0
0
0
0
0
0
0
0
0
0
0
0
0
0
0
0
0
0
0
0
0
0
0
0
0
0
0
0
0
0
0
0
0
0
0
0
0
0
0
0
0
0
0
0
0
0
0
0
0
0
0
0
0
0
0
0
0
0
0
0
0
0
0
0
0
0
0
0
0
0
0
0
0
0
0
0
0
0
0
0
0
0
0
0
0
0
0
0
0
0
0
0
0
0
0
0
0
0
0
0
0
0
0
0
0
0
0
0
0
0
0
0
0
0
0
0
0
0
0
0
0
0
0
0
0
0
0
0
0
0
0
0
0
0
0
0
0
0
0
0
0
0
0
0
0
0
0
0
0
0
0
0
0
0
0
0
0
0
0
0
0
0
0
0
0
0
0
0
0
0
0
0
0
0
0
0
0
0
0
0
0
0
0
0
0
0
0
0
0
0
0
0
0
0
0
0
0
0
0
0
0
0
0
0
0
0
0
0
0
0
0
0
0
0
0
0
0
0
0
0
0
0
0
0
0
0
0
0
0
0
0
0
0
0
0
0
0
0
0
0
0
0
0
0
0
0
0
0
0
0
0
0
0
0
0
0
0
0
0
0
0
0
0
0
0
0
0
0
0
0
0
0
0
0
0
0
0
0
0
0
0
0
0
0
0
0
0
0
0
0
0
0
0
0
0
0
0
0
0
0
0
0
0
0
0
0
0
0
0
0
0
0
0
0
0
0
0
0
0
0
0
0
0
0
0
0
0
0
0
0
0
0
0
0
0
0
0
0
0
0
0
0
0
0
0
0
0
0
0
0
0
0
0
0
0
0
0
0
0
0
0
0
0
0
0
0
0
0
0
0
0
0
0
0
0
0
0
0
0
0
0
0
0
0
0
0
0
0
0
0
0
0
0
0
0
0
0
0
0
0
0
0
0
0
0
0
0
0
0
0
0
0
0
0
0
0
0
0
0
0
0
0
0
0
0
0
0
0
0
0
0
0
0
0
0
0
0
0
0
0
0
0
0
0
0
0
0
0
0
0
0
0
0
0
0
0
0
0
0
0
0
0
0
0
0
0
0
0
0
0
0
0
0
0
0
0
0
0
0
0
0
0
0
0
0
0
0
0
0
0
0
0
0
0
0
0
0
0
0
0
0
0
0
0
0
0
0
0
0
0
0
0
0
0
0
0
0
0
0
0
0
0
0
0
0
0
0
0
0
0
0
0
0
0
0
0
0
0
0
0
0
0
0
0
0
0
0
0
0
0
0
0
0
0
0
0
0
0
0
0
0
0
0
0
0
0
0
0
0
0
0
0
0
0
0
0
0
0
0
0
0
0
0
0
0
0
0
0
0
0
0
0
0
0
0
0
0
0
0
0
0
0
0
0
0
0
0
0
0
0
0
0
0
0
0
0
0
0
0
0
0
0
0
0
0
0
0
0
0
0
0
0
0
0
0
0
0
0
0
0
0
0
0
0
0
0
0
0
0
0
0
0
0
0
0
0
0
0
0
0
0
0
0
0
0
0
0
0
0
0
0
0
0
0
0
0
0
0
0
0
0
0
0
0
0
0
0
0
0
0
0
0
0
0
0
0
0
0
0
0
0
0
0
0
0
0
0
0
0
0
0
0
0
0
0
0
0
0
0
0
0
0
0
0
0
0
0
0
0
0
0
0
0
0
0
0
0
0
0
0
0
0
0
0
0
0
0
0
0
0
0
0
0
0
0
0
0
0
0
0
0
0
0
0
0
0
0
0
0
0
0
0
0
0
0
0
0
0
0
0
0
0
0
0
0
0
0
0
0
0
0
0
0
0
0
0
0
0
0
0
0
0
0
0
0
0
0
0
0
0
0
0
0
0
0
0
0
0
0
0
0
0
0
0
0
0
0
0
0
0
0
0
0
0
0
0
0
0
0
0
0
0
0
0
0
0
0
0
0
0
0
0
0
0
0
0
0
0
0
0
0
0
0
0
0
0
0
0
0
0
0
0
0
0
0
0
0
0
0
0
0
0
0
0
0
0
0
0
0
0
0
0
0
0
0
0
0
0
0
0
0
0
0
0
0
0
0
0
0
0
0
0
0
0
0
0
0
0
0
0
0
0
0
0
0
0
0
0
0
0
0
0
0
0
0
0
0
0
0
0
0
0
0
0
0
0
0
0
0
0
0
0
0
0
0
0
0
0
0
0
0
0
0
0
0
0
0
0
0
0
0
0
0
0
0
0
0
0
0
0
0
0
0
0
0
0
0
0
0
0
0
0
0
0
0
0
0
0
0
0
0
0
0
0
0
0
0
0
0
0
0
0
0
0
0
0
0
0
0
0
0
0
0
0
0
0
0
0
0
0
0
0
0
0
0
0
0
0
0
0
0
0
0
0
0
0
0
0
0
0
0
0
0
0
0
0
0
0
0
0
0
0
0
0
0
0
0
0
0
0
0
0
0
0
0
0
0
0
0
0
0
0
0
0
0
0
0
0
0
0
0
0
0
0
0
0
0
0
0
0
0
0
-0.932645
0.44363
0.247125
-0.0803975
-1.14988
0.201614
-0.611637
0.72801
0.347274
-0.442391
0.114773
-0.797211
-0.704594
0.0222682
0.205992
-0.0577646
-0.370058
0.290181
-0.0313549
-0.583655
-1.83849
0.411237
0.619646
-0.640711
0.072827
0.360058
-1.41009
0.130014
0.104607
0.011401
-0.582945
0.197099
-0.0706222
-1.47953
0.606327
0.374414
0.32761
-0.158059
-0.725302
-0.338751
0.0360426
-1.07809
-0.144772
0.308814
0.137784
0.0791932
0.305144
-1.08049
-1.05607
0.288118
-0.857426
-0.342806
0.246619
-0.868365
-0.796101
0.540722
-0.554645
-0.858963
-0.0173927
-0.141894
0.0355652
0.625361
0.00932176
-0.793588
0.233479
-0.0345969
0.709526
0.371621
-0.902211
-0.0576705
-0.940661
-0.651817
0.00488803
0.35224
0.163738
0.0987976
-2.45463
-0.364377
-0.197181
0.335835
-0.4043
-0.336323
0.0435066
-0.589941
0.329102
-0.25776
-0.439816
-0.393754
0.349109
0.163974
-1.21574
0.0882083
0.170372
-0.184417
-0.217791
0.688803
0.136322
-0.5975
-0.602554
0.500888
-0.373061
-0.663062
-1.16342
0.185181
-0.485831
-1.00334
-1.43918
-2.0811
-0.721917
0.300429
0.0690912
-0.533784
0.29712
0.210237
-0.382596
0.0342938
0.161172
-0.837117
-0.528805
0.423605
0.26578
0.184831
-0.209259
-0.0956715
-0.404453
0.122418
0.450109
-0.354201
0.690252
-0.579391
-0.206765
0.158506
-0.778361
-0.324599
-0.838701
-0.211413
-1.01265
-0.0893483
0.5759
-0.950143
0.0362833
-2.09341
0.0219768
-0.165474
-0.347384
-1.28979
0.142001
-0.395614
0.370498
-0.86414
0.253314
0.454875
0.426829
-0.508283
-0.0877812
-1.13744
-0.138044
0.229324
-0.724508
0.409652
0.2715
0.302366
0.0822866
-1.46163
0.311315
-0.238957
-1.38352
-1.62515
0.300944
-0.246701
-0.730368
0.168351
0.342604
0.521835
0.554209
0.0133412
0.333087
0.347788
-0.802896
-0.396443
-0.13503
0.538389
0.526656
0.0321883
-0.578131
0.513397
0.370891
0.00869036
0.31297
-0.834198
0.312864
-0.00530501
-0.978973
0.211468
0.703285
0.459199
-0.472826
-0.492988
0.138681
0.42495
-1.03772
0.031591
0.587224
0.364517
-0.581297
0.219209
0.0995498
-0.943693
-1.21368
-2.08506
-0.913564
-0.259245
-0.730235
-1.1351
-0.202625
-0.805604
-1.0685
-0.289574
-0.114465
-0.332029
-0.582759
0.488947
-1.40872
-0.407894
-0.272976
-0.363447
-0.268073
-0.271084
-0.701197
0.701898
-1.23255
-0.871543
0.782334
-0.3921
0.404963
0.219722
-0.114378
-0.759268
-0.393125
-0.690079
-1.04833
-0.504435
-0.171148
0.336156
-0.063806
0.0886588
-0.632667
-0.19891
-0.467039
-0.356481
0.25856
-0.456217
0.582225
0.51205
-0.385743
-2.35966
-0.181187
-0.0211897
-1.41877
-0.980036
-0.837257
-0.741828
0.0262241
0.63962
-1.492
-0.965051
-1.66295
0.40598
0.11479
-0.375701
-0.0084344
0.0890119
0.160979
0.414614
-0.0543527
-2.19849
-0.338592
-0.261929
0.0640803
-0.0495011
-0.252477
-0.19772
0.31605
0.0204815
-0.437656
-0.318142
-0.350752
-1.48096
-0.0428189
-0.630212
0.180676
0.665547
-0.799135
0.0918179
-0.692028
0.400954
0.523015
-1.98059
-2.26731
0.221225
-0.807547
-0.361521
-0.159763
-0.0344238
-1.67292
0.153017
-0.575434
-0.26672
0.593172
-1.19276
-0.721656
-0.849725
0.83183
-1.63798
-1.2122
0.117663
-0.473493
-1.79393
0.499794
-0.756027
0.449301
0.00224781
0.418522
-0.0130669
0.697348
-0.450237
0.196515
-1.59909
0.374518
0.0160994
-1.67238
0.0285898
0.524405
-0.569138
-0.143927
-0.36298
-0.150108
0.230293
-0.973869
-3.0286
-3.09533
-0.567556
0.641333
0.178402
-0.710665
-0.427169
0.245033
-0.612034
-0.211571
0.393384
-1.2311
0.325572
0.173433
-0.159645
0.129083
0.311925
-0.925663
0.178819
-0.733443
-0.593197
-1.05351
0.252695
-1.17769
0.423336
-1.08535
-0.346485
0.212559
0.304999
-1.43345
-0.220254
-0.234887
-0.853672
0.413664
-0.294562
0.459816
-2.33744
0.714368
-0.589821
0.283008
-1.65781
0.551272
-0.850932
-1.47446
-0.537892
0.205708
-0.277364
-0.0044904
-0.844148
0.303602
-0.865418
-0.378456
-1.1011
0.438753
0.800976
-0.673704
-0.146287
0.316315
-1.38284
-0.0405786
0.360564
-0.98128
-0.507779
-1.9936
0.510069
-1.1127
0.524529
-1.12055
-0.920645
-1.17954
-1.27818
0.0790696
-0.630846
-0.564698
-0.365376
-0.177932
0.899233
-0.599819
-0.368729
0.599035
-0.536063
-0.42668
-0.50844
-1.06653
-1.9939
-1.28396
-0.535778
0.532165
0.0196003
0.242467
-0.557342
-0.794619
-0.701711
-0.560093
-1.09228
-0.961828
0.448475
-0.0487159
-0.249152
-1.46468
-0.938876
0.395914
0.460498
-0.217417
-0.566781
0.369315
-1.56983
0.106401
-1.24429
0.0462453
-0.860463
0.0365219
0.0645345
0.611253
0.507811
-1.98716
0.329112
-0.0346172
-0.812126
-0.0759039
-0.381729
0.0290551
0.48835
0.299641
-0.0355738
-0.740323
0.199832
-0.512177
-0.37496
-0.744681
-0.38516
-0.0589987
0.200089
-0.702626
-0.208631
-0.755116
0.759896
-1.65613
-1.00978
0.501723
0.0859747
-1.01352
0.197426
-0.158441
-0.239416
-0.173004
-0.821398
0.248714
0.395884
0.397103
-0.92158
-0.281677
-0.441642
0.434456
-0.0733425
0.30284
-0.217161
-0.526117
0.322978
-0.471551
-0.0209871
-1.05058
-1.96113
-1.4246
0.0827302
-0.392355
-0.974662
-0.290185
-0.478427
-1.09669
0.30723
-0.0462084
0.265813
-0.0931521
0.0707066
-0.279547
-0.107006
-0.148048
0.417654
-0.929605
-0.445651
0.38908
-2.35406
-1.21397
-0.199668
-0.470914
0.426275
-1.42475
0.284517
-0.0797563
0.0762386
0.401514
-0.378854
0.155836
0.343048
-0.0415714
-0.252171
0.290757
0.0593214
-1.16747
-0.241849
-0.608706
-1.51496
0.238855
-0.760303
0.214015
0.551233
0.137896
-1.08577
0.449559
-0.83751
-1.32144
-1.3037
-0.479502
-0.0994303
0.162997
0.207287
0.150917
0.0622603
-1.78762
-0.987716
-0.2949
0.371336
-1.83739
-1.66035
0.429905
-0.370308
-0.0227241
-0.724869
-0.430979
0.424188
-1.38101
-2.66932
-0.27977
0.287598
-1.17046
0.31691
-0.772728
-1.06003
0.271324
0.13201
0.19178
0.0115491
-0.775501
-0.652071
-1.59791
-1.15619
-0.475999
0.253656
0.405166
-0.699081
-0.863645
-0.969326
-0.0366313
0.24841
0.409131
-0.0919597
-0.889309
-0.358648
-0.418107
-0.0597626
-1.49745
0.149419
-0.948435
0.410457
-1.24678
-0.10132
-2.09281
0.379097
-0.41204
-1.9241
0.344293
0.239342
0.462231
-2.27439
0.504418
0.421144
-0.305924
0.0747005
-0.20271
-0.503221
-0.236358
-0.796108
-0.559251
-1.46198
0.0560081
-1.04969
-1.12061
0.569857
-1.3153
-0.233372
0.103384
-1.05291
-0.578632
-0.94334
-1.52489
0.504951
-0.0862435
-0.356037
0.12687
0.0366483
0.181751
0.0753522
0.102664
-0.130447
-0.698107
-0.33079
0.0386359
-0.311613
-0.747249
-0.395165
-1.59129
0.176597
-0.272002
0.024847
-0.395473
0.10961
0.483918
-0.573626
-0.622675
-1.22431
0.300996
-1.00341
-0.459492
-0.662778
-0.821176
-0.267738
-1.39603
-0.064043
0.375639
0.31946
-0.407535
-0.364817
0.607695
-0.71523
0.372163
-0.150845
0.665239
0.526369
-0.982252
0.61392
0.623769
-1.93943
-0.844169
-1.79569
0.468187
-0.698815
-0.217324
0.527288
-0.771464
-0.204454
-0.254221
-0.922065
0.428403
-0.21656
0.443372
-2.27757
0.0199822
-0.949417
-0.055355
-0.304303
-1.85993
0.425744
0.592615
0.112309
-0.574261
0.264931
0.414642
0.128716
-0.275836
-0.120551
-0.769641
-2.11314
-0.221089
-1.49982
0.268802
-1.19051
-1.22466
-0.0518947
0.320501
-0.867144
0.248984
0.0657034
-0.919909
0.322104
-0.357774
-0.631193
-0.141164
-0.954841
-0.0552269
-0.0994094
0.525807
-1.35648
-0.542108
-0.773468
-0.934396
-0.441085
0.184315
-0.36234
0.140456
0.0933882
-0.474571
-0.155442
0.119552
-1.42933
0.694154
-0.392432
-0.219894
-0.573334
-1.74917
-1.82364
-0.320762
-1.23639
-0.741156
0.155905
-0.12242
0.481663
0.478187
0.111056
0.103884
-0.526715
0.236503
0.0599885
0.122784
-1.19767
-0.796432
0.391076
-0.105592
0.0152909
-0.776269
0.437462
-0.190941
-1.67264
0.512423
-0.144294
0.431343
-0.128176
0.000432819
-0.164732
0.160654
0.191315
-0.864952
-0.421671
-0.563202
0.523578
0.533386
-1.52801
-1.09479
0.219159
0.590762
-0.367869
0.286848
-0.708844
0.0178203
0.3408
0.225079
-0.274072
-0.629687
-1.7919
-1.53403
-0.537454
-0.324691
0.529398
0.304727
0.184584
-0.350005
-0.455372
0.149647
-1.07849
-1.2722
0.20431
0.192251
-1.79681
0.446422
-0.305762
-0.863232
-0.758701
-0.514743
0.0794957
0.505811
-0.0281975
0.0991686
0.0853442
-1.64258
-1.83217
0.214331
0.278429
0.323249
-1.44152
-0.802575
-0.224643
-1.11825
-0.608131
-0.807712
-0.267556
-1.14729
0.166305
0.167466
-0.778263
0.497943
0.380807
0.463021
-0.277898
0.221696
-0.743568
0.40508
0.539602
0.446192
-0.692417
-0.2018
-0.815191
-0.216637
-0.832856
-1.37438
-1.54084
0.267851
-0.110272
-0.847262
-1.54156
0.11811
0.146706
-1.04947
-1.21724
0.545902
-0.439281
0.507523
-0.824139
-1.30431
-0.23343
-0.937871
0.138532
0.0281242
-0.977791
0.433955
-0.651509
0.0343594
-1.11896
-0.827817
-0.82477
-0.355706
-2.16284
0.683763
-0.784845
0.337989
-0.676787
-0.178607
-1.2731
-0.260123
0.106104
0.0321493
-0.925781
-0.280779
0.132061
-0.188537
-0.977495
0.156287
-0.177118
-0.78887
-1.29169
-1.22768
-0.383929
-1.374
-1.20072
0.556116
-1.25943
0.645252
0.115949
-0.226276
-1.06697
-1.58167
-0.592145
-0.397397
0.593337
0.545256
-1.06417
-1.26305
-0.139378
-0.239611
-0.0392896
-0.160584
-0.402379
0.215302
0.402817
-0.943336
-0.182741
0.125544
-0.651192
-1.04166
-1.89603
0.27089
-0.423206
-0.092023
-0.328569
0.492381
0.584107
0.484688
-0.624003
0.109495
-0.582013
0.649871
0.485905
-0.480619
0.288361
-0.593616
-1.62074
0.0536394
0.444131
-0.0103942
0.145017
-0.321303
0.0186327
0.341766
0.743488
-0.622139
0.184889
-1.00467
-0.0223822
-0.171994
0.0832632
-0.646342
0.0753842
-0.125253
0.155472
-0.653636
-0.416654
0.37254
-1.36753
0.0280111
-0.0417951
-0.182643
0.396858
0.0668189
-0.891278
-0.00114825
0.505186
0.547799
-0.350193
-0.523378
-0.379214
-0.312417
0.0101423
-0.552858
0.287432
-1.76728
-1.28036
0.0663083
-1.616
0.245254
0.115085
0.409147
0.405713
-0.331101
0.031407
0.0297516
-0.581068
-0.259669
0.0528829
0.474963
-0.407873
-1.03376
-2.38115
0.557286
0.5043
-0.551863
-0.813816
-0.25062
-0.224536
-1.0628
-0.330518
-0.328993
0.0613745
-0.490145
-0.0434794
-0.415212
-0.0125873
-1.06058
-1.21021
0.0465954
-0.169231
0.0478135
0.347022
-0.211969
0.139055
0.601969
0.414619
-0.0489652
0.581114
-0.577421
-1.00911
0.302894
-0.0183317
0.537567
0.308767
-0.949437
-0.598439
-0.461471
-0.516635
-0.449118
0.150203
0.457194
-0.75562
0.352689
0.124514
-0.094892
-0.544076
0.46533
-1.00194
0.0103347
-0.0183877
-0.205018
-0.00317972
-0.461034
0.0445385
-0.207766
0.235129
0.119253
-0.334468
-1.02392
-0.134255
-1.87919
0.293036
0.254785
-0.969545
-0.104145
0.041041
-0.0687097
0.266428
-1.534
0.220612
-0.371266
-0.472928
-0.393694
-0.0647355
-0.828205
0.570812
-0.329863
-0.0982857
0.565864
0.318239
-0.161248
-0.0162297
0.140965
-0.972151
-0.449097
-1.08256
-0.279303
-0.608052
0.184762
0.584122
0.407269
-0.781057
-0.156747
-0.454437
0.220762
-0.780922
-0.147723
-0.0472519
-0.127598
0.247468
0.10968
-1.26814
-0.781817
-0.0506776
0.499447
-0.9228
0.375524
-0.0448703
0.219966
0.304379
-0.619992
0.330199
-1.81052
0.576698
-0.156994
-0.676561
-1.09421
-0.0773442
-1.03224
-1.19278
-0.730102
0.332439
0.0562409
-0.783903
-0.584475
-0.033547
-1.7274
-0.588029
0.515608
0.32982
-0.515397
-1.14872
0.344182
-0.416605
-0.774126
-0.412941
-0.00213547
0.136488
-1.51818
0.27743
-0.109106
-0.620853
-0.404666
0.171162
-0.127936
0.165773
-1.50896
0.45853
0.20536
0.0286252
0.580156
-1.87803
-0.363045
-0.649947
0.153014
-0.255914
0.256043
-0.573548
-0.137004
-0.851312
0.278033
0.297823
0.282163
-0.358028
-0.230396
-0.47928
0.30443
-0.79201
0.227524
0.488894
0.498418
0.416649
0.307566
0.639571
-1.30989
-0.116427
0.0228154
-1.35336
-0.254898
-0.229838
-0.0268393
0.203652
0.0460494
-0.00111845
-0.158983
-0.23138
0.148906
-0.216913
-0.238711
-0.296006
-0.621198
-0.602089
0.124633
-0.471425
-0.910828
-0.0118191
0.33027
0.211035
-0.36678
-0.213619
0.293762
-0.235353
-0.782301
0.343247
-0.966065
-0.0852816
-0.695891
-1.51608
-1.20278
-0.320631
-0.270087
-0.0702313
0.583449
0.171708
0.0890411
0.0361792
-0.654213
-0.434105
-0.098913
-0.0509021
0.0312973
-0.353427
0.228018
-1.11454
-1.74922
-0.68599
-0.0518378
-0.662277
-0.737104
-1.35023
0.369012
0.290565
-0.993829
-0.558424
-0.0660171
-1.02747
-1.09571
-0.208135
-0.874582
0.23256
0.318528
-0.938179
-0.621849
0.4261
0.363542
0.548499
0.669152
-2.42177
-0.51689
0.0886563
-1.56099
0.0139389
-1.74437
-0.280641
-0.204321
-1.00128
0.354332
0.160557
0.625023
-0.172131
-0.432334
0.289471
0.364498
-0.752184
-0.863574
-2.13805
-0.14605
-0.262277
-0.833027
-0.0882732
0.319504
-0.0624348
-0.201777
-0.264117
0.24518
0.421058
-0.00770211
-1.58954
0.438802
-0.272282
0.414226
0.33744
-0.0717037
-0.509025
0.226037
0.490577
-0.427704
-0.939954
-0.513444
-1.14546
0.155487
0.423031
-0.312359
0.724996
0.141068
-0.351362
0.164143
-0.0242482
-0.336253
-0.738432
0.309145
0.143468
-1.1262
-0.261209
-0.348903
-0.0255368
0.626684
-0.145072
0.251025
-0.569576
-2.03785
-0.349274
0.505058
-0.118468
-1.0857
-0.09614
-0.240502
-0.0641418
-0.200675
-0.918382
-0.393556
0.371393
-0.517457
-0.633386
0.085582
-0.620136
-1.14019
-0.502494
-0.00162388
0.00079879
-0.531398
0.315524
-0.869545
-0.111447
-0.446253
0.272663
0.0470516
-0.312565
0.0115053
0.230448
0.37842
-0.579382
0.0654358
-3.23151
0.384333
-0.0823347
-2.01099
0.164034
0.637695
0.395278
-0.164383
0.342379
0.459997
-0.0654935
-0.998152
-0.00556136
-0.000904273
-0.260284
-1.57923
-1.90847
0.260431
0.189236
0.314751
-0.536345
-0.0872218
-0.238559
0.347989
-0.776019
-0.224053
-0.173329
-0.236444
-1.00528
0.251226
0.226005
0.31605
-0.337342
-1.52735
0.433405
-0.26748
0.286848
-0.0245011
0.0737226
0.509085
-0.0622706
0.297564
0.00931818
0.27849
-1.54844
-0.451984
-1.45044
-0.284861
-0.332198
0.340264
-0.174393
-0.289961
-0.217121
-0.849906
0.186041
0.0776806
-0.260003
0.167114
-0.662083
-0.289539
-0.772566
-0.362035
0.31636
-0.649014
0.461421
0.0369125
-0.497573
-0.599483
0.0701903
0.214139
0.0051648
-0.205154
0.152321
-1.07202
-0.789347
-0.270443
0.200203
0.501939
0.0570262
0.0574816
-0.179343
0.370247
-0.213303
-1.04845
0.151113
-0.275129
-0.495041
0.158495
-0.300673
0.550661
0.392775
0.448223
0.306514
-1.46335
0.0392156
-0.963207
-0.577488
-0.311828
-0.673494
-0.812028
-0.0744
-0.751716
-1.35841
-0.00444714
-0.138269
-1.91513
-0.463533
-0.573656
-0.655945
0.50757
-0.739631
0.191766
0.180059
-1.10077
-0.623869
0.432902
0.459372
0.209912
0.205336
-0.411355
-1.36543
0.13887
0.260085
-0.0365643
-1.36384
-0.219366
-0.174155
0.320515
0.400345
0.143477
0.457616
-0.129476
-0.625885
-0.293278
0.336984
0.245639
-2.69039
-0.650342
0.477369
-0.417289
0.022762
-0.00769942
-0.198644
0.456471
-0.142634
-0.0768889
-0.086397
0.188376
-0.987909
0.392516
0.537717
0.376227
0.481603
-1.3605
-1.61927
-0.486923
0.343546
0.095141
-0.39505
0.304999
0.357194
-0.00954999
0.397066
-0.0356182
0.0295262
0.58809
-1.55218
-0.287438
0.0895604
-0.874816
-0.62421
-0.759467
-0.842188
-0.253878
0.370785
-0.937798
-0.637341
-0.268328
-0.0349314
-0.62006
0.595506
-0.144078
0.326962
-1.89245
-0.856703
0.188755
-0.970908
-0.777817
-0.205661
0.0251498
-0.57459
0.463583
0.0447964
-0.0525801
0.0558862
-0.747411
-1.13026
-0.0136815
0.179885
0.256595
-0.404398
-0.733344
0.281451
-0.496967
-0.709427
-0.577308
-0.385445
0.289827
-1.22815
-0.902163
-0.737364
-0.00438697
-0.566462
-0.672067
0.328007
0.0261818
0.450808
-0.922105
-0.571534
-0.168598
-1.42483
0.00111911
0.136319
-0.0817291
-0.246008
0.328662
-0.775182
0.151032
-0.487139
0.0908184
-0.215438
0.491868
-0.846613
-0.282995
-0.451796
0.0700052
-0.616234
-0.144035
-0.733954
0.0469502
0.464046
0.0803166
-0.460842
0.536861
-0.785
-0.289513
-0.930839
0.152879
-0.619785
0.113363
-0.0352719
0.28822
-0.966678
0.840199
-0.0804339
-0.0248961
0.00668365
-0.814397
-0.533346
-0.97565
-0.300546
-0.592723
0.242231
0.41021
0.210557
0.280382
-1.21213
-0.402441
-0.3753
-1.19089
0.0245365
-0.925274
0.178167
0.393301
-0.466474
0.0199555
-0.776224
0.0647971
-0.983974
-0.225353
-0.0474098
-0.280293
-1.55218
-0.707943
-1.11207
-0.252972
0.295603
-0.957563
0.172194
0.284304
-0.0348189
0.491986
-0.410465
-0.223958
-0.262891
-1.58272
-0.141615
0.181208
0.132761
0.337046
0.139494
0.153837
-0.529998
0.468147
-0.491486
-0.600606
0.410028
-0.152121
-0.698084
-0.628944
0.59451
-0.178354
0.0252534
0.0912611
0.12878
0.269868
0.562554
-0.569864
0.150302
0.518756
0.635605
-1.83254
-0.843108
0.243561
-0.370559
-0.22385
-0.718722
0.0333383
-0.314463
-1.12887
0.330063
0.263985
0.354437
0.0121977
0.421559
0.0826859
-0.0247409
-0.0395949
-0.880024
-0.665065
-0.694724
-0.595934
0.114031
0.167881
0.229864
-0.779514
-0.997029
-0.356668
-1.08885
-0.471547
0.182025
-0.358648
-0.476269
-0.0284046
0.0966185
-0.899623
0.331069
0.795396
-0.596124
-1.48085
0.40138
-0.00744581
0.429885
-0.994706
0.32594
-1.00852
-0.395416
0.384239
0.0302707
0.0973777
-0.217166
-0.955653
-0.103293
-0.754356
0.184376
-0.293697
0.351694
-0.285793
-0.0547055
0.0101931
-1.52207
-0.470922
0.442014
-1.04422
-0.318312
0.283499
-0.0717377
0.0282923
-1.63545
-0.233105
0.201594
0.0990657
0.0322912
-0.425939
-0.652212
-0.591134
-0.866098
0.0852365
0.529925
-0.753102
-0.995151
0.523804
0.39787
0.127216
0.483625
-0.820983
-1.41615
0.0486665
0.541817
0.375605
-0.105685
-1.38166
-0.346515
-0.567709
-0.38051
-0.580885
-0.64053
-0.0624538
-0.607755
-1.05008
0.144445
0.755395
0.0926244
0.302911
-0.694558
-0.134274
-0.373048
0.0878735
-0.130273
-0.337886
-1.33765
0.048307
-0.737617
-0.315946
0.0754383
0.139605
-0.265207
-0.272717
-0.080618
-0.457376
0.1626
-1.08745
-1.31325
-0.032811
0.372861
-0.0396273
-0.374411
0.273366
-0.119348
0.0593602
-0.315819
0.154828
-0.460336
0.643728
-0.338827
0.471947
0.109376
-0.0532618
-0.351002
0.184389
-0.898553
-0.581556
-0.390178
-0.234652
0.680494
-1.35096
-0.514609
0.281865
-0.280269
0.482177
0.334565
0.35541
-0.805668
-0.58852
0.187189
-0.409452
0.283424
-0.554514
0.250407
-0.307624
0.545893
-1.4093
0.0909125
-2.08518
0.0635771
-0.96413
-0.794762
-0.131446
-0.827643
-0.53766
0.00372946
-0.495789
0.193735
-0.295199
0.323399
0.441266
-0.472329
-0.652549
-0.137115
-0.186653
0.273752
-0.783593
0.689079
0.362052
0.382733
0.330879
0.105967
-0.145061
0.178105
-1.18378
0.165205
-0.10002
-1.45821
0.604261
-0.488894
-0.667474
-0.933953
0.316952
0.368018
0.306571
0.335328
-0.334832
0.233392
-0.152015
0.152624
0.243744
-0.0954433
0.257051
-0.0652845
0.0329032
0.256032
-1.34838
0.390971
0.323451
-0.595396
0.497263
-1.21969
-0.332039
-0.830174
0.227278
-0.315472
0.432272
-0.018975
-0.536491
-0.375594
0.380832
0.676842
0.165293
-0.18602
0.363079
0.659867
-1.20255
0.282805
-0.608042
-0.449056
-0.0168211
-0.964884
-0.744636
-2.05488
-0.0863999
-0.439208
-0.888547
0.108838
-0.103693
0.365709
-0.0270095
0.183801
-0.40148
0.182422
0.430371
0.088612
0.181607
-0.178603
-0.367834
-0.0799579
0.378524
-0.601885
0.43279
0.0549754
-0.699542
-1.18363
0.0233891
0.441278
-0.0256286
0.40357
-0.125779
0.478092
-1.78026
0.422443
0.235675
-2.53347
-0.535271
0.281424
0.331125
-0.947402
-1.51102
0.378332
-0.00401298
-1.2165
0.266966
0.429708
-0.0070267
0.256734
0.232641
-0.548932
-0.10008
-0.364289
-0.96846
0.531034
-1.23797
-0.127867
-0.922833
-0.652363
-0.94674
-1.50528
0.381725
0.132809
-0.628802
0.0361423
-0.577051
-0.361239
-0.194058
0.017499
-0.0612416
0.750164
0.561969
-1.34908
-0.196657
0.725583
-0.533175
-0.409714
-1.63074
0.242364
-0.904172
0.375991
-0.592216
0.00331949
-0.38137
-1.01524
0.124706
0.0299421
-0.197257
0.107051
-0.795275
-2.55131
0.358633
0.262838
-0.78755
-0.342153
-0.950352
-0.0430011
0.0435755
0.600343
0.257607
-0.656953
-0.235472
-1.32872
0.490537
-0.809978
