0
0
0
0
0
0
0
0
0
0
0
0
0
0
0
0
0
0
0
0
0
0
0
0
0
0
0
0
0
0
0
0
0
0
0
0
0
0
0
0
0
0
0
0
0
0
0
0
0
0
0
0
0
0
0
0
0
0
0
0
0
0
0
0
0
0
0
0
0
0
0
0
0
0
0
0
0
0
0
0
0
0
0
0
0
0
0
0
0
0
0
0
0
0
0
0
0
0
0
0
0
0
0
0
0
0
0
0
0
0
0
0
0
0
0
0
0
0
0
0
0
0
0
0
0
0
0
0
0
0
0
0
0
0
0
0
0
0
0
0
0
0
0
0
0
0
0
0
0
0
0
0
0
0
0
0
0
0
0
0
0
0
0
0
0
0
0
0
0
0
0
0
0
0
0
0
0
0
0
0
0
0
0
0
0
0
0
0
0
0
0
0
0
0
0
0
0
0
0
0
0
0
0
0
0
0
0
0
0
0
0
0
0
0
0
0
0
0
0
0
0
0
0
0
0
0
0
0
0
0
0
0
0
0
0
0
0
0
0
0
0
0
0
0
0
0
0
0
0
0
0
0
0
0
0
0
0
0
0
0
0
0
0
0
0
0
0
0
0
0
0
0
0
0
0
0
0
0
0
0
0
0
0
0
0
0
0
0
0
0
0
0
0
0
0
0
0
0
0
0
0
0
0
0
0
0
0
0
0
0
0
0
0
0
0
0
0
0
0
0
0
0
0
0
0
0
0
0
0
0
0
0
0
0
0
0
0
0
0
0
0
0
0
0
0
0
0
0
0
0
0
0
0
0
0
0
0
0
0
0
0
0
0
0
0
0
0
0
0
0
0
0
0
0
0
0
0
0
0
0
0
0
0
0
0
0
0
0
0
0
0
0
0
0
0
0
0
0
0
0
0
0
0
0
0
0
0
0
0
0
0
0
0
0
0
0
0
0
0
0
0
0
0
0
0
0
0
0
0
0
0
0
0
0
0
0
0
0
0
0
0
0
0
0
0
0
0
0
0
0
0
0
0
0
0
0
0
0
0
0
0
0
0
0
0
0
0
0
0
0
0
0
0
0
0
0
0
0
0
0
0
0
0
0
0
0
0
0
0
0
0
0
0
0
0
0
0
0
0
0
0
0
0
0
0
0
0
0
0
0
0
0
0
0
0
0
0
0
0
0
0
0
0
0
0
0
0
0
0
0
0
0
0
0
0
0
0
0
0
0
0
0
0
0
0
0
0
0
0
0
0
0
0
0
0
0
0
0
0
0
0
0
0
0
0
0
0
0
0
0
0
0
0
0
0
0
0
0
0
0
0
0
0
0
0
0
0
0
0
0
0
0
0
0
0
0
0
0
0
0
0
0
0
0
0
0
0
0
0
0
0
0
0
0
0
0
0
0
0
0
0
0
0
0
0
0
0
0
0
0
0
0
0
0
0
0
0
0
0
0
0
0
0
0
0
0
0
0
0
0
0
0
0
0
0
0
0
0
0
0
0
0
0
0
0
0
0
0
0
0
0
0
0
0
0
0
0
0
0
0
0
0
0
0
0
0
0
0
0
0
0
0
0
0
0
0
0
0
0
0
0
0
0
0
0
0
0
0
0
0
0
0
0
0
0
0
0
0
0
0
0
0
0
0
0
0
0
0
0
0
0
0
0
0
0
0
0
0
0
0
0
0
0
0
0
0
0
0
0
0
0
0
0
0
0
0
0
0
0
0
0
0
0
0
0
0
0
0
0
0
0
0
0
0
0
0
0
0
0
0
0
0
0
0
0
0
0
0
0
0
0
0
0
0
0
0
0
0
0
0
0
0
0
0
0
0
0
0
0
0
0
0
0
0
0
0
0
0
0
0
0
0
0
0
0
0
0
0
0
0
0
0
0
0
0
0
0
0
0
0
0
0
0
0
0
0
0
0
0
0
0
0
0
0
0
0
0
0
0
0
0
0
0
0
0
0
0
0
0
0
0
0
0
0
0
0
0
0
0
0
0
0
0
0
0
0
0
0
0
0
0
0
0
0
0
0
0
0
0
0
0
0
0
0
0
0
0
0
0
0
0
0
0
0
0
0
0
0
0
0
0
0
0
0
0
0
0
0
0
0
0
0
0
0
0
0
0
0
0
0
0
0
0
0
0
0
0
0
0
0
0
0
0
0
0
0
0
0
0
0
0
0
0
0
0
0
0
0
0
0
0
0
0
0
0
0
0
0
0
0
0
0
0
0
0
0
0
0
0
0
0
0
0
0
0
0
0
0
0
0
0
0
0
0
0
0
0
0
0
0
0
0
0
0
0
0
0
0
0
0
0
0
0
0
0
0
0
0
0
0
0
0
0
0
0
0
0
0
0
0
0
0
0
0
0
0
0
0
0
0
0
0
0
0
0
0
0
0
0
0
0
0
0
0
0
0
0
0
0
0
0
0
0
0
0
0
0
0
0
0
0
0
0
0
0
0
0
0
0
0
0
0
0
0
0
0
0
0
0
0
0
0
0
0
0
0
0
0
0
0
0
0
0
0
0
0
0
0
0
0
0
0
0
0
0
0
0
0
0
0
0
0
0
0
0
0
0
0
0
0
0
0
0
0
0
0
0
0
0
0
0
0
0
0
0
0
0
0
0
0
0
0
0
0
0
0
0
0
0
0
0
0
0
0
0
0
0
0
0
0
0
0
0
0
0
0
0
0
0
0
0
0
0
0
0
0
0
0
0
0
0
0
0
0
0
0
0
0
0
0
0
0
0
0
0
0
0
0
0
0
0
0
0
0
0
0
0
0
0
0
0
0
0
0
0
0
0
0
0
0
0
0
0
0
0
0
0
0
0
0
0
0
0
0
0
0
0
0
0
0
0
0
0
0
0
0
0
0
0
0
0
0
0
0
0
0
0
0
0
0
0
0
0
0
0
0
0
0
0
0
0
0
0
0
0
0
0
0
0
0
0
0
0
0
0
0
0
0
0
0
0
0
0
0
0
0
0
0
0
0
0
0
0
0
0
0
0
0
0
0
0
0
0
0
0
0
0
0
0
0
0
0
0
0
0
0
0
0
0
0
0
0
0
0
0
0
0
0
0
0
0
0
0
0
0
0
0
0
0
0
0
0
0
0
0
0
0
0
0
0
0
0
0
0
0
0
0
0
0
0
0
0
0
0
0
0
0
0
0
0
0
0
0
0
0
0
0
0
0
0
0
0
0
0
0
0
0
0
0
0
0
0
0
0
0
0
0
0
0
0
0
0
0
0
0
0
0
0
0
0
0
0
0
0
0
0
0
0
0
0
0
0
0
0
0
0
0
0
0
0
0
0
0
0
0
0
0
0
0
0
0
0
0
0
0
0
0
0
0
0
0
0
0
0
0
0
0
0
0
0
0
0
0
0
0
0
0
0
0
0
0
0
0
0
0
0
0
0
0
0
0
0
0
0
0
0
0
0
0
0
0
0
0
0
0
0
0
0
0
0
0
0
0
0
0
0
0
0
0
0
0
0
0
0
0
0
0
0
0
0
0
0
0
0
0
0
0
0
0
0
0
0
0
0
0
0
0
0
0
0
0
0
0
0
0
0
0
0
0
0
0
0
0
0
0
0
0
0
0
0
0
0
0
0
0
0
0
0
0
0
0
0
0
0
0
0
0
0
0
0
0
0
0
0
0
0
0
0
0
0
0
0
0
0
0
0
0
0
0
0
0
0
0
0
0
0
0
0
0
0
0
0
0
0
0
0
0
0
0
0
0
0
0
0
0
0
0
0
0
0
0
0
0
0
0
0
0
0
0
0
0
0
0
0
0
0
0
0
0
0
0
0
0
0
0
0
0
0
0
0
0
0
0
0
0
0
0
0
0
0
0
0
0
0
0
0
0
0
0
0
0
0
0
0
0
0
0
0
0
0
0
0
0
0
0
0
0
0
0
0
0
0
0
0
0
0
0
0
0
0
0
0
0
0
0
0
0
0
0
0
0
0
0
0
0
0
0
0
0
0
0
0
0
0
0
0
0
0
0
0
0
0
0
0
0
0
0
0
0
0
0
0
0
0
0
0
0
0
0
0
0
0
0
0
0
0
0
0
0
0
0
0
0
0
0
0
0
0
0
0
0
0
0
0
0
0
0
0
0
0
0
0
0
0
0
0
0
0
0
0
0
0
0
0
0
0
0
0
0
0
0
0
0
0
0
0
0
0
0
0
0
0
0
0
0
0
0
0
0
0
0
0
0
0
0
0
0
0
0
0
0
0
0
0
0
0
0
0
0
0
0
0
0
0
0
0
0
0
0
0
0
0
0
0
0
0
0
0
0
0
0
0
0
0
0
0
0
0
0
0
0
0
0
0
0
0
0
0
0
0
0
0
0
0
0
0
0
0
0
0
0
0
0
0
0
0
0
0
0
0
0
0
0
0
0
0
0
0
0
0
0
0
0
0
0
0
0
0
0
0
0
0
0
0
0
0
0
0
0
0
0
0
0
0
0
0
0
0
0
0
0
0
0
0
0
0
0
0
0
0
0
0
0
0
0
0
0
0
0
0
-2.08089
0.182817
0.210194
-0.672922
-1.67463
0.0542086
-1.07671
0.54079
-0.0983227
-0.819603
-0.0943908
-1.45463
-1.3828
-0.157443
0.0305603
-0.435034
-1.18207
0.0617387
-0.26324
-1.1448
-2.86598
0.450689
0.48482
-1.15809
0.019739
0.135158
-2.65734
-0.140118
-0.18986
-0.318681
-0.998923
0.060958
-0.369428
-1.78754
0.296743
0.272319
-0.0514583
-0.332591
-0.622963
-1.03776
-0.364328
-1.4259
-0.0868087
0.0920009
-0.0307848
-0.297811
0.164806
-1.71838
-1.40755
-0.167504
-0.859704
-0.880627
-0.279578
-1.45354
-1.17704
0.456166
-1.24915
-1.42768
-0.229577
-0.357666
-0.105586
0.447038
-0.469562
-1.52579
0.125946
-0.0970263
0.41765
0.416033
-1.52928
-0.19911
-1.63868
-1.49937
-0.0923756
0.0809016
-0.160963
-0.139172
-2.46099
-0.912653
-0.56395
0.288548
-0.831789
-0.65415
0.0436822
-0.657312
-0.000751088
-0.614997
-1.20501
-0.792048
0.262761
0.123803
-2.01729
-0.00757518
0.000932484
-0.269611
-0.879188
0.469914
-0.127741
-1.16543
-1.43629
0.266149
-0.802537
-1.03282
-1.69104
-0.00952729
-0.863668
-1.43482
-2.73519
-2.61491
-0.597311
0.0616661
-0.280234
-0.750712
0.0272183
-0.0126596
-1.09046
0.139579
-0.289655
-1.46565
-0.680474
0.142272
-0.0355408
0.0241331
-0.806793
-0.892427
-0.643568
-0.476486
0.502865
-0.75436
0.505058
-1.05001
-0.634072
0.0941226
-1.28964
-0.6514
-1.20208
-0.698081
-1.25088
-0.116115
0.410849
-1.32687
-0.303911
-2.53814
-0.594554
-0.920839
-0.887331
-1.96496
-0.386567
-1.29757
0.231553
-1.37796
0.268054
0.372458
0.298207
-0.736384
-0.894658
-1.61363
-0.458029
-0.090872
-1.43498
0.277888
0.248958
0.261396
-0.218976
-1.29241
0.112246
-0.674145
-1.5197
-2.16443
-0.16214
-0.580718
-1.46734
-0.0259641
-0.0672779
0.306168
0.480695
-0.432526
0.0380492
0.305353
-1.52927
-1.19024
-0.352665
0.468001
0.43291
-0.299248
-1.22143
0.298031
0.171745
-0.538431
0.0675486
-1.49329
0.235461
-0.112666
-1.62491
0.0957765
0.585161
0.154481
-0.848571
-0.481442
-0.270365
0.229366
-1.70143
-0.181944
0.491111
0.164004
-1.09533
0.16543
-0.128121
-1.59995
-1.62984
-2.68483
-1.30553
-0.754129
-1.21733
-2.10407
-0.336706
-1.20006
-1.60169
-1.21531
-0.481359
-1.00382
-0.591791
0.227229
-1.50153
-0.56475
-0.723485
-0.843351
-0.855518
-0.861851
-0.753152
0.55625
-2.23385
-1.39565
0.634943
-0.621134
0.25231
0.0332886
-0.479277
-1.2173
-0.938534
-1.22502
-1.78241
-0.507131
-0.164343
-0.0693073
-0.583256
-0.250187
-1.20422
-0.521766
-0.512433
-0.593777
-0.06491
-0.601602
0.449701
0.352031
-0.712804
-2.97921
-0.81888
-0.45408
-1.53875
-1.33116
-1.81951
-1.2147
-0.0464842
0.432342
-1.85267
-1.61158
-1.8527
0.11666
-0.198045
-0.794757
-0.389761
-0.114089
-0.0617762
0.152236
-0.296998
-2.74481
-0.644826
-1.06032
-0.371178
-0.465144
-1.03683
-0.809669
0.136994
-0.172127
-0.340362
-0.591551
-0.803121
-2.29101
-0.0896574
-1.26904
0.119657
0.575476
-1.09711
-0.157193
-0.935749
0.218021
0.309439
-2.66201
-3.3495
-0.264762
-1.20159
-0.711625
-0.534123
-0.342885
-1.88487
-0.276465
-0.652099
-0.184688
0.386869
-1.36969
-1.25719
-1.24043
0.67387
-2.07183
-1.60981
-0.00121013
-0.455637
-2.16058
0.326259
-0.990337
0.331015
-0.0458186
0.305879
-0.106183
0.472086
-0.765337
0.0625654
-2.53652
0.195028
-0.277404
-2.52209
-0.285571
0.276521
-0.864449
-0.173686
-0.746647
-0.591249
0.125602
-1.26197
-3.53392
-3.87232
-1.04169
0.420339
-0.161131
-1.42492
-1.09441
0.197753
-0.573762
-0.0339316
0.137567
-1.5762
0.24839
-0.147365
-0.100149
-0.303406
-0.144142
-1.39153
0.00711934
-1.46852
-0.787818
-1.06742
0.145342
-1.68079
0.0827258
-1.30523
-1.04405
0.0276855
-0.178144
-1.97504
-0.233762
-0.382728
-1.29028
0.16863
-0.657647
0.363914
-2.96162
0.553096
-1.30709
0.110176
-1.87571
0.361193
-1.05609
-2.23786
-0.515089
0.0978112
-0.928613
-0.499362
-1.82156
0.214198
-1.27689
-1.39809
-1.83346
0.336625
0.618409
-1.03455
-0.420813
0.191175
-1.77725
-0.209637
0.258326
-1.38927
-0.846496
-2.81513
0.426971
-1.54365
0.384969
-1.56854
-1.36643
-1.7159
-2.11916
0.0642956
-0.688453
-0.897458
-0.713772
-0.606231
0.671749
-1.14573
-0.691906
0.340485
-0.829765
-1.03834
-1.1339
-1.53161
-3.02775
-1.56413
-1.11244
0.457146
-0.442845
-0.180097
-1.23724
-1.46558
-1.21408
-0.876166
-1.79245
-1.36952
0.193201
-0.341449
-0.749679
-1.70995
-1.25557
0.175871
0.339025
-0.71299
-0.898012
0.146272
-1.79203
-0.531827
-1.42351
-0.100302
-1.85209
-0.239988
-0.373844
0.348062
0.28967
-2.8601
0.230146
-0.164667
-1.51325
-0.286033
-0.932862
0.118613
0.43712
0.107353
-0.238484
-1.32357
-0.0112136
-0.882285
-1.02448
-1.35327
-0.571968
-0.24072
0.059198
-1.33559
-1.01456
-0.964409
0.554125
-2.10726
-1.62941
0.334208
-0.456788
-1.59851
0.000879772
-0.326697
-0.332228
-0.363904
-1.11833
-0.0390457
0.35177
0.134152
-2.10083
-0.721604
-1.0278
0.411233
-0.721227
0.0265754
-0.596051
-0.733389
0.0562699
-0.928432
-0.0467761
-1.52839
-2.50893
-1.74256
-0.157536
-1.04048
-0.980117
-0.310184
-0.72851
-1.77274
-0.0521554
-0.401359
0.303104
-0.203091
-0.0828221
-0.468584
-0.461863
-0.449829
0.173062
-1.47321
-0.829461
0.248835
-2.72798
-1.69723
-0.625701
-1.31375
0.331412
-2.2656
-0.0556707
-0.455542
-0.422998
0.22174
-0.534685
-0.185808
0.362845
-0.565078
-0.467225
0.139864
-0.0614257
-1.45992
-0.930858
-0.700101
-2.41662
-0.307926
-1.26844
-0.385406
0.493904
0.0143901
-1.69583
0.205826
-0.82057
-2.17614
-2.23435
-0.503894
-0.347365
-0.277622
-0.156229
-0.0314223
-0.281665
-2.83308
-1.33869
-0.629012
0.402977
-2.39512
-1.85519
0.0958243
-0.93471
-0.527951
-1.4078
-1.39658
0.15333
-1.58218
-3.00094
-0.966353
0.178965
-1.70216
0.112366
-1.90012
-1.00689
0.10057
-0.178275
-0.0484167
-0.760772
-1.48544
-0.867438
-2.46576
-1.3407
-0.894758
0.0863418
0.245953
-1.60295
-0.722418
-1.28984
-0.238034
0.323634
0.118334
-0.162998
-0.899416
-0.647373
-0.774061
-0.238991
-2.08899
-0.0967603
-1.42713
0.128586
-1.68148
-0.150444
-2.62948
0.0765643
-0.982465
-2.42006
0.230247
-0.0557827
0.247367
-2.68567
0.338388
0.157337
-1.13052
-0.345259
-0.334042
-0.823714
-0.659207
-1.14358
-0.905013
-2.21457
-0.113434
-1.70075
-1.33595
0.419175
-1.88744
-0.342834
-0.244179
-1.48455
-0.766467
-1.33999
-1.9374
0.404502
-0.140617
-0.857706
-0.33293
-0.179003
-0.0177655
-0.383735
0.128901
-0.409172
-0.972979
-0.77434
-0.245954
-1.02796
-0.948157
-0.976418
-2.50914
-0.332839
-0.811873
-0.602028
-1.15365
0.206645
0.360413
-0.944441
-1.36752
-1.74461
-0.172533
-1.61605
-0.569626
-1.3055
-0.749096
-0.577502
-2.36322
-0.385754
0.27001
0.0826551
-0.903589
-0.463884
0.388834
-0.775251
0.201317
-0.204706
0.483923
0.448415
-1.44864
0.495607
0.56187
-1.82883
-1.48378
-2.40771
0.197924
-1.19163
-0.73569
0.342032
-0.955808
-0.287714
-0.327032
-1.80142
0.271949
-0.668417
0.172436
-3.37357
-0.513365
-1.56022
-0.396594
-0.89544
-2.34177
0.205906
0.546191
-0.106312
-0.845287
0.129982
0.0731724
-0.222103
-0.866239
-0.455271
-1.08878
-2.85018
-0.393386
-2.04537
0.119883
-1.53845
-1.5484
-0.506469
0.0906823
-1.33992
0.152321
-0.201329
-1.5735
0.291961
-0.624503
-1.03675
-0.530194
-1.56437
-0.140737
-0.86484
0.369546
-1.88003
-0.855271
-0.942821
-1.32077
-0.880221
-0.273815
-0.641812
-0.0562977
0.0862503
-1.20985
-0.444405
-0.677602
-2.0166
0.503989
-0.926245
-0.640085
-0.626749
-2.27505
-2.56423
-0.515993
-1.99617
-0.988113
0.0557716
-0.508669
0.0772737
0.180467
-0.263829
-0.0610149
-0.977741
-0.238514
0.232093
-0.0206881
-1.68569
-0.960173
0.184398
-0.233532
-0.537184
-1.49232
0.363264
-0.937026
-2.33742
0.390326
-0.301831
0.319162
-0.581876
-0.214167
-0.345177
0.186998
-0.249672
-1.03301
-0.6077
-0.7299
0.205343
0.408461
-2.07374
-1.54156
0.00829661
0.487043
-0.896492
0.206917
-1.03627
-0.0517524
0.122264
-0.108857
-0.578423
-0.646423
-2.81149
-1.61467
-0.932831
-0.735811
0.471233
-0.0449332
-0.0416233
-0.817199
-0.62461
-0.0972803
-1.60493
-1.59779
0.0924766
0.00666396
-2.61562
0.280935
-0.79114
-1.10705
-0.722862
-0.888327
-0.171866
0.336356
-0.468053
-0.295819
-0.402028
-2.48777
-2.47494
0.057057
-0.0171323
0.0815868
-2.10606
-1.10346
-0.633521
-1.39091
-0.726139
-1.15863
-0.208193
-1.38953
-0.387181
-0.190782
-1.23902
0.297397
0.115717
0.188673
-0.590466
0.0463472
-1.41225
0.289554
0.371895
0.25813
-0.895941
-0.958462
-0.881214
-0.147481
-1.64562
-1.93863
-1.51074
0.0862154
-0.33389
-1.53731
-1.98266
0.00445816
-0.146218
-1.60779
-2.26388
0.405123
-0.853336
0.376747
-1.04767
-1.70963
-0.770886
-0.885433
-0.0271602
-0.179514
-0.812626
0.192914
-1.03631
-0.202873
-1.47323
-1.34141
-1.60288
-0.539759
-2.94144
0.595127
-1.17845
0.127926
-1.04078
-0.685908
-1.59031
-0.580708
-0.700686
-0.627494
-1.38031
-0.482409
-0.149433
-1.01667
-1.4827
-0.129946
-1.06901
-1.00371
-1.8177
-2.07772
-1.12186
-1.71372
-1.85293
0.359599
-1.92656
0.568341
-0.0901954
-0.524345
-1.86748
-2.12357
-1.63352
-0.826465
0.419444
0.463134
-2.15496
-1.74151
-0.303169
-0.470198
-0.19826
-0.560484
-0.533344
0.0608812
0.403607
-1.546
-0.396373
-0.427973
-1.06238
-1.55852
-2.57572
-0.00568526
-0.728513
-0.664281
-0.71432
0.158728
0.464469
0.449021
-1.31339
-0.107754
-1.08439
0.526799
0.329264
-0.785517
-0.0954325
-0.82171
-2.24917
-0.255835
0.204378
-0.498741
0.111898
-1.11137
-0.112757
0.216647
0.55266
-1.59919
-0.257273
-1.58097
-0.165318
-0.605415
-0.311537
-0.88131
0.0905006
-0.123992
0.0340641
-1.34129
-0.796827
0.372998
-1.4195
-0.604804
-0.581713
-0.145743
0.152462
-0.00124183
-1.17807
-0.22867
0.511115
0.263364
-0.717416
-0.102956
-0.775538
-0.780753
-0.142563
-1.41586
0.0410977
-2.50762
-1.67047
-0.493535
-2.2575
0.308692
0.0200946
0.287589
0.160567
-0.889679
-0.225148
-0.49714
-1.08308
-0.797737
-0.221397
0.461911
-1.10963
-1.47821
-3.06587
0.321394
0.328371
-0.444376
-1.59932
-0.735283
-0.464686
-1.41909
-0.461616
-0.369553
-0.31658
-0.657427
-0.310372
-0.82693
-0.0678008
-1.69976
-1.4383
-0.231645
-0.25231
-0.0819848
0.228797
-0.39972
-0.0644285
0.40048
0.295161
-0.020509
0.431587
-0.475102
-1.14031
0.0694606
-0.214693
0.309968
0.258503
-1.69002
-0.907653
-0.425014
-1.08719
-0.491158
-0.133056
0.248466
-1.11017
0.270635
0.0212476
-0.122939
-0.652877
0.279092
-1.49043
-0.14177
0.0338816
-0.449354
-0.334147
-0.751135
-0.103084
-0.250024
0.119675
0.179113
-0.654224
-1.36952
-0.440537
-2.38803
0.120385
0.188814
-0.801516
-0.141095
0.040432
-0.496577
0.243374
-1.53718
-0.157601
-0.867678
-0.419613
-0.671084
-0.170921
-1.09458
0.296861
-0.849836
-0.487416
0.431706
0.229421
-0.495096
-0.490882
0.0700006
-1.05468
-0.853916
-1.39304
-0.268335
-0.559535
0.302056
0.393
0.129798
-1.06558
-0.262929
-0.557654
0.288195
-0.886056
-0.143667
-0.424314
-0.275072
0.0393037
-0.248361
-1.91036
-0.96555
-0.112398
0.343058
-1.29827
0.25026
-0.00477398
-0.195763
0.0244178
-1.0082
0.259569
-2.03735
0.313209
-0.930264
-1.1304
-1.39163
-0.204048
-1.29253
-1.34723
-1.42337
0.0854149
-0.498956
-1.15453
-0.451172
-0.183358
-1.74416
-0.628835
0.381009
0.211907
-0.849709
-1.43019
0.205194
-0.476002
-0.832113
-0.889368
-0.134681
0.0656741
-2.0674
0.262814
-0.19123
-0.903763
-0.778431
0.12315
-0.624752
0.122914
-2.06299
0.256648
0.0183429
0.123462
0.411964
-2.37627
-1.02238
-0.965294
-0.12876
-0.932023
0.100254
-0.485221
-0.136165
-1.08822
0.153236
0.228496
0.132271
-0.711179
-0.255007
-0.207732
0.0727233
-1.76111
0.209068
0.281628
0.201128
0.27341
0.197482
0.390679
-1.53457
-0.559323
-0.135341
-1.29084
-0.606698
-0.704266
-0.276771
0.0986698
-0.362106
-0.107381
-0.17446
-1.09495
0.0714098
-0.427513
-0.428299
-0.295016
-0.810217
-0.931113
-0.0979915
-0.660179
-1.49831
-0.267879
0.0065282
0.0196504
-0.41518
-0.407171
0.0325465
-0.518289
-1.10183
0.289096
-1.61468
-0.524043
-0.937686
-1.96775
-1.64027
-0.48048
-0.278462
-0.340455
0.438983
0.15889
-0.141866
-0.361867
-0.950582
-0.154821
-0.0756888
-0.146102
-0.297131
-0.5387
0.089143
-1.12655
-1.97385
-0.919521
0.106058
-0.59503
-0.736976
-2.05058
0.401029
0.220316
-1.45869
-1.06213
-0.0440372
-1.37744
-1.54811
-0.42485
-1.20001
0.269242
0.266131
-0.958985
-0.900777
0.152781
0.238032
0.401647
0.436461
-3.09097
-0.711858
-0.366763
-2.09878
-0.00430598
-2.23903
-0.3725
-0.732113
-1.40475
0.174505
0.0417401
0.35727
0.0585574
-0.354603
-0.157701
0.204393
-1.49656
-0.800692
-2.65474
-0.00788216
-0.460032
-1.12776
-0.558551
0.0858617
-0.355086
-0.75418
-0.452129
0.102311
0.169156
-0.245499
-1.75694
0.208923
-0.649063
0.262709
0.217414
-0.000238059
-0.498862
0.169216
0.265331
-0.6147
-0.760919
-0.672504
-1.10227
0.141953
0.207264
-0.273547
0.468788
0.0716321
-0.763215
-0.139671
-0.0704126
-0.432546
-0.89621
0.0659997
0.0786394
-1.59113
-0.444423
-0.414922
-0.558873
0.381498
-0.382537
-0.119254
-0.896757
-2.24182
-0.147508
0.33407
-0.0657931
-1.25228
-0.775022
-0.385802
-0.0106551
-0.100503
-1.8003
-0.675376
0.122828
-0.636479
-1.12819
-0.0588887
-0.857514
-2.04675
-0.694111
-0.0847698
-0.23833
-0.412115
0.231523
-0.871171
-0.296739
-0.985026
0.163672
-0.0611083
-0.799853
-0.624318
0.195899
0.188582
-0.816222
-0.0126132
-3.69008
0.211161
0.0112423
-2.52158
-0.236835
0.415758
0.247102
-0.44797
0.0968153
0.281626
-0.453869
-1.13528
-0.176077
-0.21744
-0.408866
-2.60155
-2.60832
0.274833
0.068171
0.0965678
-0.633406
-0.299746
-0.404063
0.310322
-0.914362
-0.394215
-0.211931
-0.380264
-1.18309
0.140126
0.112368
0.324809
-0.597254
-2.03538
0.260232
-0.514825
0.166199
-0.190433
-0.139767
0.398424
-0.0751983
0.124604
-0.00238215
0.282325
-1.7627
-1.34875
-1.89921
-0.378398
-0.381926
0.252934
-0.651044
-0.636434
-0.683664
-1.00357
-0.129048
-0.0295584
-0.619367
-0.109636
-1.03117
-0.110452
-1.17798
-0.301816
0.0718899
-0.623735
0.294064
-0.155219
-0.758291
-1.10816
-0.0518906
0.140535
-0.13527
-0.263343
0.00057331
-1.52619
-0.912379
-0.620244
-0.0429956
0.412027
-0.015346
0.0698351
-0.67088
0.28173
-0.252394
-1.01525
0.0472368
-0.300811
-0.699553
-0.0279742
-0.666232
0.350976
0.248684
0.329161
0.1845
-1.74576
-0.0787644
-1.45706
-0.719759
-0.644293
-1.00079
-1.29839
-0.182122
-0.991424
-1.4079
-0.217792
-0.354455
-2.32748
-0.598055
-0.444254
-1.09186
0.426051
-0.854836
0.101586
0.100903
-1.48933
-0.932654
0.195176
0.342652
0.00317452
-0.0403286
-0.974544
-1.63591
0.14561
0.0733877
-0.492745
-1.69723
-0.451913
-0.425381
0.0343601
0.281142
-0.025796
0.425613
-0.446494
-0.618536
-0.594183
0.13798
0.132552
-3.60142
-1.04598
0.259199
-0.834592
-0.230665
-0.339628
-0.764515
0.351818
-0.713469
-0.182559
-0.434411
0.113335
-1.21676
0.176424
0.414087
0.20717
0.317782
-1.58334
-1.98348
-0.774387
0.125987
0.0633808
-1.15092
0.126226
0.198542
-0.0943109
0.301281
-0.223479
-0.247565
0.360518
-1.64073
-0.89322
-0.206253
-1.15689
-0.745041
-0.637365
-1.18839
-0.738624
0.0307926
-1.12109
-0.525548
-0.57634
-0.432946
-1.10794
0.377705
-0.100879
0.182841
-2.26329
-1.21625
-0.210976
-1.70308
-1.3803
-0.321878
-0.300484
-0.790482
0.248347
-0.481497
-0.390612
-0.168038
-0.950727
-1.35522
-0.163083
0.07575
0.126135
-0.324387
-1.1738
0.0953788
-0.982897
-0.790831
-1.13946
-0.554761
0.206959
-1.98711
-1.41273
-1.05751
-0.225088
-1.12651
-1.1483
0.172993
-0.309449
0.34727
-1.46729
-0.551909
-0.707906
-2.40011
-0.189868
-0.455168
-0.398924
-0.63134
0.209245
-1.38271
0.0988934
-0.392613
-0.0675037
-0.709905
0.309541
-1.42656
-0.568147
-0.624337
-0.385769
-0.512301
-0.523575
-0.925384
-0.493428
0.247193
0.0240402
-1.37735
0.457345
-1.19766
-0.911423
-1.35085
0.0155393
-0.883809
-0.217536
-0.170902
0.281329
-1.14959
0.5745
-0.118356
-0.202642
-0.0453863
-1.0322
-0.562841
-1.22553
0.143095
-1.34388
0.193291
0.251259
-0.129323
0.262636
-1.42146
-0.529016
-0.228539
-1.82463
0.0698919
-1.31924
0.134943
0.402422
-0.654281
-0.41213
-0.498841
-0.262227
-1.05033
-0.735149
-0.129845
-0.342043
-1.98153
-0.946536
-1.45045
-0.611787
-0.0510294
-1.56672
0.131717
0.109563
-0.548382
0.345174
-0.6689
-0.799694
-0.568611
-1.7834
-0.228637
-0.0578175
-0.303636
0.348866
-0.0174532
-0.0713121
-1.05151
0.298558
-0.614425
-0.377659
0.00025526
-0.126889
-0.453605
-1.03408
0.295785
-0.532893
-0.352548
-0.0521487
-0.105393
0.293927
0.399205
-0.795455
0.0375937
0.431628
0.330106
-1.77845
-1.31691
0.0110086
-0.525318
-0.643565
-1.10408
-0.163541
-0.93838
-1.59273
-0.0630784
0.0617917
-0.0237714
0.0299641
0.287223
-0.101273
-0.188544
-0.195119
-1.29757
-0.771073
-0.663676
-1.21192
-0.0496639
-0.00453965
0.0195647
-1.48045
-1.79058
-0.373367
-1.44198
-0.496826
0.207502
-0.550534
-0.834726
-0.348332
-0.0989275
-1.51068
0.218805
0.506167
-0.813803
-1.73746
0.157767
-0.0114215
0.36813
-1.34058
0.175517
-1.02405
-0.139113
0.273501
-0.068147
-0.162251
-0.520656
-0.819197
-0.0964569
-0.817119
0.11937
-0.790537
0.143854
-0.559074
-0.157156
-0.176206
-1.66761
-0.830451
0.199697
-1.50202
-0.529664
0.160636
-0.177431
0.0314233
-2.09669
-0.371922
-0.123251
0.125961
-0.080829
-0.610798
-0.893144
-1.04551
-1.13138
-0.0211916
0.289399
-0.819907
-1.01597
0.312229
0.128742
-0.254526
0.321158
-0.861881
-1.78124
-0.0718941
0.221203
0.128219
-0.318767
-1.46533
-0.805625
-1.11025
-0.786035
-0.925081
-0.967835
-0.343409
-0.80342
-1.44359
-0.0265029
0.537396
-0.130936
0.259545
-0.631469
-0.0224097
-0.969751
-0.371151
-0.183413
-0.291846
-1.57139
-0.0327493
-0.77806
-0.45647
0.0978452
-0.0715499
-0.558125
-0.357349
0.00643366
-0.81755
0.242113
-1.36072
-1.27703
-0.115049
0.210655
-0.137074
-0.488579
0.0376786
-0.418909
-0.145979
-0.736217
0.304653
-0.793629
0.476753
-0.656962
0.190125
-0.262037
-0.298388
-0.531915
0.166662
-1.0805
-1.11739
-0.659104
-0.680829
0.469515
-1.78406
-0.819789
-0.216312
-0.207126
0.286932
0.120581
0.324917
-0.800866
-0.584998
0.177887
-0.461013
0.0866334
-0.931708
0.148414
-0.656729
0.246132
-1.94931
-0.149211
-2.7175
-0.242947
-1.14229
-1.16977
-0.403021
-0.894917
-0.7454
0.0542619
-0.918176
-0.0363488
-0.772261
0.278971
0.268844
-0.822539
-0.906884
-0.275727
-0.389627
-0.00331274
-1.19565
0.479129
0.0523554
0.0912196
0.18544
-0.121439
-0.32344
0.0277033
-1.83005
0.224047
-0.0713574
-1.9293
0.414551
-0.955374
-1.23644
-1.52524
0.191669
0.281294
0.26447
0.238355
-0.403061
0.140234
-0.590098
-0.0110652
-0.0701369
-0.25119
0.0734115
-0.427624
0.0626173
-0.072571
-1.71992
0.297235
0.152331
-0.741187
0.319263
-1.3279
-0.690167
-0.748213
-0.0499649
-0.553601
0.334755
-0.0722699
-0.711096
-0.577366
0.153422
0.485069
-0.0329779
-0.537132
0.142884
0.440801
-1.52742
0.198778
-0.742382
-0.646015
-0.427445
-1.12017
-0.832349
-2.55966
-0.270398
-0.710703
-0.574776
-0.0834736
-0.0793247
0.186445
-0.27363
0.246477
-0.384081
0.139949
0.196117
0.0482322
0.0518923
-0.0227309
-0.7489
-0.599921
0.0451614
-1.0197
0.271928
-0.151555
-0.748478
-1.65403
0.0117797
0.318956
-0.0137126
0.186217
-0.474218
0.347003
-2.33199
0.18636
0.215822
-2.70634
-0.850874
0.0519495
0.0289281
-1.48093
-1.55452
0.198996
-0.289018
-1.60615
-0.00840293
0.303781
-0.146086
-0.245888
0.184895
-0.948922
-0.868623
-0.731873
-1.24971
0.41693
-1.24349
-0.377336
-0.594574
-1.00277
-1.49559
-1.76672
0.226228
-0.0624519
-0.714231
-0.233334
-1.0949
-0.480261
-0.497511
-0.305564
-0.222962
0.485925
0.383545
-1.699
-1.12438
0.504092
-0.943945
-0.904628
-1.82363
0.0597528
-1.03302
0.156995
-0.598696
-0.224834
-0.776532
-0.828874
-0.0357389
-0.0829859
-0.187428
-0.0291501
-1.49239
-3.26763
0.254861
0.0965482
-0.867097
-0.597187
-0.803274
-0.285341
-0.0595691
0.484228
0.284631
-0.815119
-0.396529
-1.59348
0.386886
-0.812845
