0
0
0
0
0
0
0
0
0
0
0
0
0
0
0
0
0
0
0
0
0
0
0
0
0
0
0
0
0
0
0
0
0
0
0
0
0
0
0
0
0
0
0
0
0
0
0
0
0
0
0
0
0
0
0
0
0
0
0
0
0
0
0
0
0
0
0
0
0
0
0
0
0
0
0
0
0
0
0
0
0
0
0
0
0
0
0
0
0
0
0
0
0
0
0
0
0
0
0
0
0
0
0
0
0
0
0
0
0
0
0
0
0
0
0
0
0
0
0
0
0
0
0
0
0
0
0
0
0
0
0
0
0
0
0
0
0
0
0
0
0
0
0
0
0
0
0
0
0
0
0
0
0
0
0
0
0
0
0
0
0
0
0
0
0
0
0
0
0
0
0
0
0
0
0
0
0
0
0
0
0
0
0
0
0
0
0
0
0
0
0
0
0
0
0
0
0
0
0
0
0
0
0
0
0
0
0
0
0
0
0
0
0
0
0
0
0
0
0
0
0
0
0
0
0
0
0
0
0
0
0
0
0
0
0
0
0
0
0
0
0
0
0
0
0
0
0
0
0
0
0
0
0
0
0
0
0
0
0
0
0
0
0
0
0
0
0
0
0
0
0
0
0
0
0
0
0
0
0
0
0
0
0
0
0
0
0
0
0
0
0
0
0
0
0
0
0
0
0
0
0
0
0
0
0
0
0
0
0
0
0
0
0
0
0
0
0
0
0
0
0
0
0
0
0
0
0
0
0
0
0
0
0
0
0
0
0
0
0
0
0
0
0
0
0
0
0
0
0
0
0
0
0
0
0
0
0
0
0
0
0
0
0
0
0
0
0
0
0
0
0
0
0
0
0
0
0
0
0
0
0
0
0
0
0
0
0
0
0
0
0
0
0
0
0
0
0
0
0
0
0
0
0
0
0
0
0
0
0
0
0
0
0
0
0
0
0
0
0
0
0
0
0
0
0
0
0
0
0
0
0
0
0
0
0
0
0
0
0
0
0
0
0
0
0
0
0
0
0
0
0
0
0
0
0
0
0
0
0
0
0
0
0
0
0
0
0
0
0
0
0
0
0
0
0
0
0
0
0
0
0
0
0
0
0
0
0
0
0
0
0
0
0
0
0
0
0
0
0
0
0
0
0
0
0
0
0
0
0
0
0
0
0
0
0
0
0
0
0
0
0
0
0
0
0
0
0
0
0
0
0
0
0
0
0
0
0
0
0
0
0
0
0
0
0
0
0
0
0
0
0
0
0
0
0
0
0
0
0
0
0
0
0
0
0
0
0
0
0
0
0
0
0
0
0
0
0
0
0
0
0
0
0
0
0
0
0
0
0
0
0
0
0
0
0
0
0
0
0
0
0
0
0
0
0
0
0
0
0
0
0
0
0
0
0
0
0
0
0
0
0
0
0
0
0
0
0
0
0
0
0
0
0
0
0
0
0
0
0
0
0
0
0
0
0
0
0
0
0
0
0
0
0
0
0
0
0
0
0
0
0
0
0
0
0
0
0
0
0
0
0
0
0
0
0
0
0
0
0
0
0
0
0
0
0
0
0
0
0
0
0
0
0
0
0
0
0
0
0
0
0
0
0
0
0
0
0
0
0
0
0
0
0
0
0
0
0
0
0
0
0
0
0
0
0
0
0
0
0
0
0
0
0
0
0
0
0
0
0
0
0
0
0
0
0
0
0
0
0
0
0
0
0
0
0
0
0
0
0
0
0
0
0
0
0
0
0
0
0
0
0
0
0
0
0
0
0
0
0
0
0
0
0
0
0
0
0
0
0
0
0
0
0
0
0
0
0
0
0
0
0
0
0
0
0
0
0
0
0
0
0
0
0
0
0
0
0
0
0
0
0
0
0
0
0
0
0
0
0
0
0
0
0
0
0
0
0
0
0
0
0
0
0
0
0
0
0
0
0
0
0
0
0
0
0
0
0
0
0
0
0
0
0
0
0
0
0
0
0
0
0
0
0
0
0
0
0
0
0
0
0
0
0
0
0
0
0
0
0
0
0
0
0
0
0
0
0
0
0
0
0
0
0
0
0
0
0
0
0
0
0
0
0
0
0
0
0
0
0
0
0
0
0
0
0
0
0
0
0
0
0
0
0
0
0
0
0
0
0
0
0
0
0
0
0
0
0
0
0
0
0
0
0
0
0
0
0
0
0
0
0
0
0
0
0
0
0
0
0
0
0
0
0
0
0
0
0
0
0
0
0
0
0
0
0
0
0
0
0
0
0
0
0
0
0
0
0
0
0
0
0
0
0
0
0
0
0
0
0
0
0
0
0
0
0
0
0
0
0
0
0
0
0
0
0
0
0
0
0
0
0
0
0
0
0
0
0
0
0
0
0
0
0
0
0
0
0
0
0
0
0
0
0
0
0
0
0
0
0
0
0
0
0
0
0
0
0
0
0
0
0
0
0
0
0
0
0
0
0
0
0
0
0
0
0
0
0
0
0
0
0
0
0
0
0
0
0
0
0
0
0
0
0
0
0
0
0
0
0
0
0
0
0
0
0
0
0
0
0
0
0
0
0
0
0
0
0
0
0
0
0
0
0
0
0
0
0
0
0
0
0
0
0
0
0
0
0
0
0
0
0
0
0
0
0
0
0
0
0
0
0
0
0
0
0
0
0
0
0
0
0
0
0
0
0
0
0
0
0
0
0
0
0
0
0
0
0
0
0
0
0
0
0
0
0
0
0
0
0
0
0
0
0
0
0
0
0
0
0
0
0
0
0
0
0
0
0
0
0
0
0
0
0
0
0
0
0
0
0
0
0
0
0
0
0
0
0
0
0
0
0
0
0
0
0
0
0
0
0
0
0
0
0
0
0
0
0
0
0
0
0
0
0
0
0
0
0
0
0
0
0
0
0
0
0
0
0
0
0
0
0
0
0
0
0
0
0
0
0
0
0
0
0
0
0
0
0
0
0
0
0
0
0
0
0
0
0
0
0
0
0
0
0
0
0
0
0
0
0
0
0
0
0
0
0
0
0
0
0
0
0
0
0
0
0
0
0
0
0
0
0
0
0
0
0
0
0
0
0
0
0
0
0
0
0
0
0
0
0
0
0
0
0
0
0
0
0
0
0
0
0
0
0
0
0
0
0
0
0
0
0
0
0
0
0
0
0
0
0
0
0
0
0
0
0
0
0
0
0
0
0
0
0
0
0
0
0
0
0
0
0
0
0
0
0
0
0
0
0
0
0
0
0
0
0
0
0
0
0
0
0
0
0
0
0
0
0
0
0
0
0
0
0
0
0
0
0
0
0
0
0
0
0
0
0
0
0
0
0
0
0
0
0
0
0
0
0
0
0
0
0
0
0
0
0
0
0
0
0
0
0
0
0
0
0
0
0
0
0
0
0
0
0
0
0
0
0
0
0
0
0
0
0
0
0
0
0
0
0
0
0
0
0
0
0
0
0
0
0
0
0
0
0
0
0
0
0
0
0
0
0
0
0
0
0
0
0
0
0
0
0
0
0
0
0
0
0
0
0
0
0
0
0
0
0
0
0
0
0
0
0
0
0
0
0
0
0
0
0
0
0
0
0
0
0
0
0
0
0
0
0
0
0
0
0
0
0
0
0
0
0
0
0
0
0
0
0
0
0
0
0
0
0
0
0
0
0
0
0
0
0
0
0
0
0
0
0
0
0
0
0
0
0
0
0
0
0
0
0
0
0
0
0
0
0
0
0
0
0
0
0
0
0
0
0
0
0
0
0
0
0
0
0
0
0
0
0
0
0
0
0
0
0
0
0
0
0
0
0
0
0
0
0
0
0
0
0
0
0
0
0
0
0
0
0
0
0
0
0
0
0
0
0
0
0
0
0
0
0
0
0
0
0
0
0
0
0
0
0
0
0
0
0
0
0
0
0
0
0
0
0
0
0
0
0
0
0
0
0
0
0
0
0
0
0
0
0
0
0
0
0
0
0
0
0
0
0
0
0
0
0
0
0
0
0
0
0
0
0
0
0
0
0
0
0
0
0
0
0
0
0
0
0
0
0
0
0
0
0
0
0
0
0
0
0
0
0
0
0
0
0
0
0
0
0
0
0
0
0
0
0
0
0
0
0
0
0
0
0
0
0
0
0
0
0
0
0
0
0
0
0
0
0
0
0
0
0
0
0
0
0
0
0
0
0
0
0
0
0
0
0
0
0
0
0
0
0
0
0
0
0
0
0
0
0
0
0
0
0
0
0
0
0
0
0
0
0
0
0
0
0
0
0
0
0
0
0
0
0
0
0
0
0
0
0
0
0
0
0
0
0
0
0
0
0
0
0
0
0
0
0
0
0
0
0
0
0
0
0
0
0
0
0
0
0
0
0
0
0
0
0
0
0
0
0
0
0
0
0
0
0
0
0
0
0
0
0
0
0
0
0
0
0
0
0
0
0
0
0
0
0
0
0
0
0
0
0
0
0
0
0
0
0
0
0
0
0
0
0
0
0
0
0
0
0
0
0
0
0
0
0
0
0
0
0
0
0
0
0
0
0
0
0
0
0
0
0
0
0
0
-0.935695
0.430104
0.244847
-0.113497
-1.33993
0.246953
-0.697439
0.73739
0.255705
-0.373985
0.14795
-0.798582
-0.666355
-0.0322492
0.223797
0.0140786
-0.319426
0.307933
0.0297276
-0.645
-1.92448
0.436014
0.621375
-0.65212
0.0954359
0.358997
-1.4049
0.0766119
0.11069
0.0779633
-0.573557
0.196106
-0.0452882
-1.575
0.543993
0.354957
0.295154
-0.178554
-0.699796
-0.376218
0.130271
-1.12163
-0.120602
0.258555
0.124079
0.0404894
0.319118
-1.02164
-1.05584
0.308279
-0.799804
-0.364622
0.248172
-0.841724
-0.767364
0.522051
-0.481372
-0.773221
-0.118913
-0.260645
0.0511035
0.566308
0.0689725
-0.80063
0.156436
-0.149628
0.686016
0.349513
-0.981959
-0.193222
-0.897099
-0.721613
-0.0527907
0.36706
0.235971
0.0119773
-2.53843
-0.359943
-0.135422
0.327732
-0.319815
-0.404777
0.0572471
-0.717256
0.248308
-0.386178
-0.527247
-0.668924
0.296058
0.127483
-1.21391
0.000724293
0.141454
-0.179487
-0.139436
0.677535
0.10774
-0.660457
-0.596002
0.528096
-0.520082
-0.821445
-1.39894
0.157685
-0.444784
-0.905598
-1.39014
-2.14306
-0.835761
0.312726
-0.049795
-0.420459
0.224955
0.191554
-0.354104
0.141095
0.129098
-1.04052
-0.455328
0.358863
0.152597
0.181495
-0.231811
-0.135282
-0.622696
-0.0279023
0.459667
-0.177584
0.682632
-0.553886
-0.321528
0.149255
-0.844136
-0.467948
-0.890213
-0.23915
-0.849496
-0.154377
0.630394
-0.9169
-0.00117555
-2.00238
-0.0218176
-0.202277
-0.309936
-1.09196
0.0981557
-0.498605
0.295975
-0.907757
0.215287
0.439619
0.522535
-0.448371
-0.139015
-1.1338
-0.0856225
0.230454
-0.743343
0.422814
0.312202
0.246884
0.114978
-1.14798
0.247073
-0.299145
-1.3038
-1.61235
0.230756
-0.345062
-0.818318
0.194954
0.158251
0.504471
0.525117
0.0228099
0.28737
0.360511
-0.878127
-0.53136
-0.213124
0.537988
0.53334
0.102936
-0.636546
0.451758
0.267132
-0.0341735
0.200278
-0.830055
0.283552
-0.0429742
-0.943934
0.193565
0.660139
0.454291
-0.487825
-0.589763
0.00173174
0.333951
-1.21426
0.0691822
0.552118
0.348288
-0.680282
0.182518
0.0867962
-0.976783
-1.07293
-2.11658
-0.919785
-0.276386
-0.812165
-1.14741
-0.195891
-0.794175
-1.09964
-0.321411
-0.157856
-0.368616
-0.733617
0.472653
-1.50983
-0.511093
-0.238885
-0.405522
-0.20334
-0.286162
-0.705338
0.655312
-1.27868
-0.822038
0.760366
-0.65354
0.435733
0.161679
-0.168733
-0.796776
-0.565686
-0.605582
-1.04983
-0.395841
-0.156638
0.310108
-0.0472102
0.153043
-0.504656
-0.0547249
-0.408289
-0.495072
0.257255
-0.434417
0.527434
0.545331
-0.320711
-2.27104
-0.106176
-0.0425014
-1.3496
-0.992843
-1.13201
-0.848917
0.034134
0.66772
-1.5292
-0.863422
-1.72253
0.330436
0.0831831
-0.422839
-0.121071
0.0559629
0.173566
0.397328
-0.0706612
-2.1004
-0.297289
-0.401083
0.0978777
-0.256031
-0.282628
-0.0787118
0.328229
-0.044513
-0.400848
-0.291456
-0.286137
-1.39391
0.054988
-0.669297
0.0973268
0.630048
-0.844771
0.0969076
-0.682684
0.359118
0.539659
-1.88916
-2.51142
0.164759
-0.98984
-0.471116
-0.126171
-0.0361955
-1.65612
0.126113
-0.700947
-0.314051
0.588713
-1.33599
-0.711682
-0.987844
0.766037
-1.59792
-1.34156
0.0942717
-0.425767
-1.78688
0.419761
-0.819636
0.43776
0.0527503
0.431202
0.0531716
0.661561
-0.433369
0.288452
-1.4868
0.379356
0.0388282
-1.80953
0.0282623
0.530838
-0.610338
-0.0496077
-0.281349
-0.0838713
0.254155
-0.965499
-3.26073
-3.28582
-0.600926
0.679819
0.180101
-0.704641
-0.401038
0.289416
-0.544902
-0.318026
0.219007
-1.29957
0.364107
0.172757
-0.150411
0.110438
0.303896
-0.969869
0.203037
-0.887498
-0.548365
-0.928576
0.253253
-1.23621
0.390828
-1.31556
-0.378499
0.0818311
0.282119
-1.56174
-0.129731
-0.246043
-0.717122
0.391792
-0.296787
0.516761
-2.2516
0.652439
-0.573579
0.269592
-1.69405
0.460721
-0.994554
-1.53955
-0.34059
0.328832
-0.311166
-0.142191
-0.670882
0.261418
-0.962765
-0.526948
-1.13158
0.430546
0.818356
-0.57815
0.0447462
0.285403
-1.40897
-0.107601
0.412776
-0.998896
-0.536462
-2.2441
0.56587
-1.18629
0.453366
-1.26335
-0.910024
-1.09319
-1.25724
-0.015972
-0.62753
-0.426041
-0.278995
-0.260979
0.900489
-0.514766
-0.433146
0.583746
-0.465267
-0.399489
-0.600352
-1.18359
-2.02074
-1.27956
-0.708947
0.547153
0.092738
0.198787
-0.595079
-0.822377
-0.60035
-0.576708
-1.10633
-0.963931
0.395717
0.0122462
-0.156625
-1.55318
-0.965509
0.401954
0.380674
-0.311383
-0.593051
0.396821
-1.63228
0.0905185
-1.09911
0.08773
-0.882764
-0.00325854
0.0749568
0.558114
0.497933
-1.85054
0.313286
-0.0254644
-0.889077
-0.198797
-0.303504
-0.0509896
0.47213
0.214393
-0.16282
-0.854317
0.247916
-0.496457
-0.489887
-1.0216
-0.223877
0.0787562
0.176992
-0.839453
-0.318812
-0.837429
0.748643
-1.79897
-0.899435
0.503177
0.119821
-1.03889
0.285669
-0.0608652
-0.2828
-0.0584152
-0.858069
0.127839
0.338451
0.373476
-0.904619
-0.354834
-0.496602
0.439023
-0.181423
0.322355
-0.291713
-0.542709
0.295727
-0.486016
0.0323463
-0.990583
-2.00892
-1.45887
0.210967
-0.452038
-0.891893
-0.196081
-0.675456
-1.00765
0.310163
-0.152907
0.217965
-0.0533732
0.0754495
-0.222499
-0.167179
-0.17983
0.366659
-0.914398
-0.424324
0.321812
-2.32801
-1.22911
-0.199384
-0.352114
0.428809
-1.51625
0.26675
-0.110959
-0.100266
0.443457
-0.597428
0.22546
0.343924
-0.0948128
-0.149807
0.307388
0.138807
-1.14407
-0.292137
-0.606713
-1.48731
0.0774566
-0.762783
0.161329
0.546396
0.0600687
-1.26392
0.484523
-0.724431
-1.32928
-1.38678
-0.510709
-0.0468239
0.17054
0.184196
0.104536
0.0331965
-1.79333
-1.08822
-0.261617
0.348302
-1.86545
-1.59028
0.401122
-0.474627
0.0554279
-0.773868
-0.415701
0.365878
-1.34563
-2.43029
-0.265154
0.325834
-1.20555
0.281686
-0.725148
-1.12018
0.171649
0.018765
0.0406567
-0.0525897
-0.826824
-0.820391
-1.54214
-1.33078
-0.545728
0.294977
0.396785
-0.731324
-0.891011
-1.07004
-0.110909
0.265898
0.346719
-0.215201
-0.748518
-0.326417
-0.204212
-0.0569689
-1.49586
0.0631464
-1.01796
0.378026
-1.20188
-0.123291
-2.13665
0.292274
-0.516493
-2.07472
0.34362
0.231796
0.430803
-2.36632
0.41008
0.3936
-0.508679
0.0589903
-0.251761
-0.623451
-0.268577
-0.757271
-0.497988
-1.66993
0.0349226
-1.09531
-1.08291
0.551155
-1.4534
-0.261335
0.106396
-1.21772
-0.52455
-0.995674
-1.53846
0.509917
-0.0939695
-0.418841
-0.00614737
0.0390604
0.153709
0.00111659
0.166524
-0.176168
-0.782937
-0.278731
-0.0296433
-0.328924
-0.618911
-0.437015
-1.57165
0.187647
-0.200443
0.0162148
-0.459518
0.0530145
0.423096
-0.530536
-0.70188
-1.41855
0.264834
-1.11809
-0.335313
-0.754827
-0.899947
-0.415889
-1.32172
0.0909159
0.379908
0.280968
-0.310682
-0.330073
0.613479
-0.648295
0.318432
-0.0924277
0.65527
0.548782
-0.975928
0.623381
0.591292
-1.87431
-0.934113
-1.84023
0.42279
-0.69626
-0.319297
0.40946
-0.716313
-0.235424
-0.214335
-0.97611
0.445761
-0.11351
0.405416
-2.43663
0.0165567
-1.17832
-0.0626248
-0.48324
-1.8378
0.342503
0.576748
0.116585
-0.748236
0.258417
0.420546
0.0406635
-0.272892
-0.0712507
-0.778622
-2.09791
-0.188053
-1.62551
0.28167
-1.20266
-1.27897
0.0109708
0.23598
-0.818199
0.239396
0.000149185
-0.949484
0.334015
-0.326798
-0.6382
-0.136749
-0.942136
-0.107324
-0.118897
0.566049
-1.37389
-0.446027
-0.821087
-0.961901
-0.510726
0.191877
-0.364661
0.179396
0.139707
-0.590813
-0.21208
0.136088
-1.46447
0.693421
-0.327684
-0.289993
-0.451446
-1.7389
-1.861
-0.298633
-1.51362
-0.837934
0.0449306
-0.134627
0.361584
0.481126
0.0533951
0.160773
-0.601889
0.13509
0.0821874
0.071128
-1.07429
-0.876613
0.392053
-0.158922
0.0292954
-0.755949
0.438027
-0.127786
-1.55053
0.523954
-0.0324558
0.410359
-0.205377
0.0563782
-0.170264
0.196242
0.165871
-0.737496
-0.419922
-0.439882
0.443491
0.462299
-1.70687
-1.33879
0.163809
0.617
-0.572473
0.256472
-0.579709
0.0590443
0.322572
0.0938268
-0.373986
-0.73669
-1.84928
-1.52457
-0.420381
-0.44424
0.565935
0.225879
0.214628
-0.308437
-0.501908
0.211926
-1.0802
-1.187
0.227896
0.157652
-1.69077
0.35791
-0.251645
-0.947215
-0.749625
-0.627128
-0.0709308
0.484235
-0.126091
0.0731933
-0.0076355
-1.46061
-1.93373
0.153863
0.307365
0.292628
-1.59805
-0.889139
-0.359959
-1.07726
-0.728145
-0.844659
-0.158669
-1.10127
0.0722549
0.221338
-0.708273
0.505912
0.397853
0.415019
-0.327711
0.219424
-0.94435
0.424327
0.530769
0.429735
-0.706201
-0.2139
-0.803423
-0.24113
-1.07846
-1.35548
-1.62297
0.195854
-0.0489958
-0.887616
-1.61979
0.172397
0.123171
-1.27999
-1.3701
0.529016
-0.470596
0.582831
-0.717287
-1.41075
-0.312398
-1.0794
0.0947006
0.0366399
-0.891082
0.407679
-0.74773
0.062183
-1.06488
-0.774902
-0.842288
-0.34537
-2.32594
0.673071
-0.624826
0.352051
-0.788946
-0.357047
-1.24516
-0.242712
0.0735881
0.0478728
-1.03895
-0.206998
0.117922
-0.138595
-1.01111
0.185954
-0.269383
-0.799139
-1.49388
-1.2595
-0.449932
-1.50729
-1.13113
0.499234
-1.27289
0.666099
0.11944
-0.167411
-0.94377
-1.67694
-0.656461
-0.20804
0.581473
0.490335
-1.18718
-1.33987
-0.205077
-0.100434
0.0424733
-0.267895
-0.444777
0.189266
0.361227
-1.07878
-0.171296
0.0772907
-0.615309
-1.14846
-1.86119
0.300631
-0.415977
-0.196508
-0.429991
0.453923
0.533579
0.438619
-0.816258
0.168482
-0.500258
0.63257
0.41077
-0.438114
0.267743
-0.645583
-1.70202
0.0363559
0.402946
-0.0416486
0.0704022
-0.243179
0.0595743
0.355123
0.723085
-0.726374
0.108303
-0.966503
0.0256177
-0.248665
0.0186947
-0.557093
0.0305408
0.0166282
0.146331
-0.598549
-0.445641
0.421958
-1.3282
0.0840734
-0.118851
-0.360423
0.376949
0.159458
-0.972379
-0.0183968
0.555376
0.450483
-0.354572
-0.482781
-0.243278
-0.272848
0.00737647
-0.647744
0.233342
-1.79953
-1.29673
0.124572
-1.65461
0.278592
0.116879
0.401066
0.340358
-0.303521
-0.037817
0.0516332
-0.492863
-0.24372
0.0387001
0.490961
-0.593485
-0.968086
-2.43693
0.536067
0.442719
-0.697545
-0.737581
-0.241729
-0.227675
-1.05068
-0.366558
-0.467165
0.0425357
-0.576345
-0.149333
-0.496142
-0.0415218
-1.15816
-1.12373
-0.00871618
-0.135747
-0.0415874
0.389122
-0.232763
0.0959054
0.560789
0.403726
-0.0324759
0.514887
-0.670147
-0.903282
0.241519
-0.0880927
0.505387
0.322659
-1.04993
-0.578694
-0.404267
-0.53767
-0.532998
0.0751841
0.452071
-0.898652
0.380404
0.135218
-0.113769
-0.52259
0.368815
-1.1286
0.0764552
0.00012232
-0.359224
-0.0581035
-0.389385
0.0355974
-0.176181
0.166534
0.0314558
-0.357311
-0.97872
-0.138067
-1.8078
0.301949
0.287436
-1.08964
-0.0537291
-0.0199196
-0.12262
0.225279
-1.75477
0.24741
-0.447005
-0.53326
-0.504097
-0.0276188
-0.801381
0.510427
-0.298572
-0.0838951
0.490392
0.294938
-0.086009
0.00161942
0.172093
-0.943633
-0.444918
-1.12633
-0.228518
-0.602335
0.220806
0.534789
0.373939
-0.691799
-0.16509
-0.371437
0.149454
-0.681324
-0.122668
-0.0544742
-0.161768
0.267487
0.147794
-1.27678
-0.818346
-0.0524177
0.515543
-0.997596
0.336823
0.0315462
0.196913
0.236864
-0.700622
0.350885
-1.96953
0.558538
-0.208958
-0.574659
-1.17875
-0.101547
-0.925957
-1.19644
-0.761146
0.344988
0.0748457
-0.912975
-0.676926
-0.00468806
-1.76438
-0.600338
0.542834
0.405637
-0.546332
-1.19267
0.334681
-0.389987
-0.718277
-0.485841
0.00148453
0.0663811
-1.64576
0.239539
-0.0991577
-0.637998
-0.422237
0.185124
-0.0981289
0.293173
-1.41845
0.454724
0.239892
0.0366994
0.582087
-1.8649
-0.583727
-0.633356
0.0484703
-0.287505
0.270006
-0.611491
-0.036302
-1.04
0.330742
0.285785
0.235981
-0.22113
-0.302585
-0.341433
0.260798
-0.790125
0.224041
0.435627
0.508653
0.335155
0.279819
0.607446
-1.44649
-0.141784
0.0822184
-1.4225
-0.337666
-0.192695
0.00577039
0.177472
0.0123456
-0.00212824
-0.0867686
-0.38803
0.119999
-0.136654
-0.276094
-0.426157
-0.771526
-0.638831
0.109328
-0.549728
-0.915731
0.00399626
0.353835
0.208729
-0.373391
-0.236664
0.232671
-0.31451
-0.731701
0.326052
-1.09721
-0.115746
-0.782973
-1.59305
-1.16391
-0.448334
-0.326772
-0.0573544
0.574717
0.0960101
0.137724
0.00887429
-0.540022
-0.557766
-0.140788
0.0548127
0.106099
-0.431135
0.161036
-1.28875
-1.73081
-0.597893
-0.247781
-0.794202
-0.782835
-1.48511
0.388883
0.317503
-0.938124
-0.680184
-0.0346766
-0.944003
-1.24058
-0.30043
-0.786992
0.212012
0.26907
-0.985588
-0.560563
0.374109
0.370285
0.534755
0.632726
-2.39061
-0.609303
0.0718856
-1.57334
0.0178951
-1.7991
-0.311254
-0.168572
-0.950735
0.316482
0.2123
0.593822
-0.161144
-0.38215
0.214692
0.343026
-0.717058
-0.928482
-2.1282
-0.0974507
-0.27728
-0.893788
-0.122452
0.258793
-0.105812
-0.256277
-0.223794
0.209031
0.361333
0.00934941
-1.6345
0.389471
-0.408083
0.377359
0.375975
-0.108914
-0.432788
0.167381
0.433194
-0.542586
-0.947015
-0.501349
-1.11206
0.0621781
0.350338
-0.472864
0.703048
0.0763962
-0.330174
0.156736
-0.0275339
-0.360785
-0.619756
0.250943
0.127967
-1.12555
-0.331021
-0.329324
0.0270112
0.617513
-0.153404
0.177836
-0.511228
-2.14759
-0.28868
0.548936
-0.0879129
-1.126
-0.173264
-0.210659
-0.0771086
-0.168371
-0.948209
-0.396314
0.381102
-0.429153
-0.808094
0.110365
-0.591044
-1.16027
-0.414474
0.0372901
0.0102254
-0.614429
0.197526
-0.832241
-0.0209249
-0.327048
0.281752
-0.00708556
-0.258124
-0.028225
0.196145
0.408211
-0.692483
0.14149
-3.43012
0.37269
0.0397773
-2.28085
0.12242
0.66924
0.38377
-0.109537
0.330805
0.443927
-0.0965922
-0.974796
-0.00382872
0.0506296
-0.181464
-1.65934
-1.92611
0.221254
0.228835
0.244861
-0.794237
-0.0933584
-0.355198
0.414725
-0.52353
-0.108304
-0.226925
-0.142372
-0.977513
0.304937
0.252398
0.355687
-0.270083
-1.47008
0.427777
-0.422733
0.285811
-0.156123
0.0422746
0.50392
0.0119535
0.209911
0.11211
0.249387
-1.50746
-0.382892
-1.22563
-0.146413
-0.381221
0.397615
-0.108818
-0.209928
-0.131925
-0.95225
0.105634
0.136097
-0.389478
0.150892
-0.716571
-0.106126
-0.846265
-0.278634
0.30381
-0.648481
0.355368
-0.00899022
-0.524787
-0.560855
0.0356544
0.222491
-0.0450436
-0.215787
0.0722516
-1.04514
-0.721186
-0.161554
0.139161
0.493692
0.0314961
0.0625957
-0.233744
0.412473
-0.276067
-1.06699
0.196811
-0.388222
-0.724178
0.121714
-0.261436
0.534304
0.427503
0.376352
0.256426
-1.64358
0.102688
-1.02131
-0.617342
-0.301253
-0.73707
-0.703208
-0.0530717
-0.619756
-1.38572
-0.0553764
-0.259794
-2.05473
-0.43221
-0.607033
-0.811016
0.511139
-0.70617
0.154195
0.211047
-1.00183
-0.776842
0.422711
0.397692
0.221338
0.219824
-0.277543
-1.45412
0.212729
0.225665
-0.027877
-1.53567
-0.251544
-0.251704
0.224547
0.439531
0.206008
0.437266
-0.0543204
-0.531569
-0.279275
0.354491
0.237318
-2.71801
-0.69973
0.477654
-0.424889
-0.0516801
-0.066784
-0.185534
0.441162
-0.0618334
-0.164193
-0.0704552
0.175619
-1.17972
0.388261
0.573439
0.403098
0.493169
-1.1312
-1.60645
-0.418613
0.304181
0.00665407
-0.409417
0.296072
0.285012
-0.0016044
0.412717
-0.113629
-0.019261
0.545739
-1.45996
-0.325388
0.0263627
-0.938563
-0.682335
-0.896334
-0.952764
-0.231795
0.339664
-0.909908
-0.368473
-0.484264
0.0339267
-0.72306
0.61164
-0.01417
0.296948
-1.80449
-0.740948
0.200224
-1.19293
-0.689137
-0.181546
0.0252793
-0.525732
0.469542
0.0108234
-0.121404
-0.0256555
-0.800887
-1.24433
0.0776191
0.129733
0.245765
-0.400862
-0.807352
0.263208
-0.460116
-0.631213
-0.457664
-0.423631
0.301367
-1.25331
-0.883544
-0.924472
0.0204672
-0.599149
-0.656627
0.271841
-0.0479494
0.419729
-0.832893
-0.562994
-0.201993
-1.5458
-0.149499
0.0601709
-0.0126414
-0.266886
0.284731
-0.649199
0.165011
-0.607078
0.0990276
-0.129341
0.48851
-1.00191
-0.213731
-0.532242
0.00695953
-0.52436
-0.158538
-0.787525
0.0257748
0.49593
0.113347
-0.580803
0.537037
-0.922479
-0.289626
-0.727552
0.113551
-0.465372
0.0864505
-0.00498939
0.279825
-0.797623
0.738776
-0.147595
-0.0389476
-0.00472397
-0.706701
-0.463636
-1.06239
-0.393721
-0.639228
0.256809
0.406038
0.253212
0.226946
-1.31271
-0.451989
-0.20707
-1.32736
0.0531946
-0.928173
0.173754
0.427549
-0.488567
0.0240734
-0.704336
0.0396753
-1.15326
-0.0949397
-0.0639125
-0.232971
-1.49123
-0.644151
-1.11366
-0.262472
0.300497
-0.817557
0.282041
0.220617
-0.116198
0.488716
-0.353115
-0.269999
-0.222277
-1.5063
-0.10702
0.166876
0.067178
0.295734
0.0166302
0.107407
-0.506609
0.469373
-0.503377
-0.662866
0.40014
-0.18024
-0.860791
-0.776478
0.58362
-0.281099
0.0218316
0.0121248
0.116473
0.266641
0.574149
-0.631067
0.174192
0.558961
0.572518
-1.80265
-0.968605
0.313293
-0.479304
-0.358955
-0.809626
0.00195158
-0.29399
-1.12106
0.336197
0.19958
0.322648
-0.0503942
0.4226
0.031762
0.0491574
0.0111621
-0.907501
-0.618554
-0.58874
-0.514559
0.0602917
0.115087
0.165478
-0.898395
-1.02844
-0.259703
-1.10007
-0.562325
0.214434
-0.364555
-0.545941
-0.0734372
0.0140534
-0.987226
0.250006
0.779674
-0.619081
-1.38321
0.253047
-0.0302152
0.367959
-0.992781
0.353721
-1.03449
-0.417113
0.384203
0.047436
0.0653166
-0.1777
-0.912076
0.0322466
-0.954709
0.149441
-0.397854
0.354522
-0.360803
-0.0927822
0.0792827
-1.53442
-0.518999
0.460327
-0.916183
-0.372734
0.335028
-0.169107
0.0291362
-1.55539
-0.155155
0.174975
0.135878
-0.0384841
-0.400902
-0.882321
-0.743406
-0.948451
-0.0315125
0.478615
-0.669875
-1.03673
0.5877
0.424759
0.119657
0.466074
-0.801524
-1.46266
-0.00750366
0.476622
0.253696
-0.054324
-1.31668
-0.286542
-0.542595
-0.292669
-0.624297
-0.6931
-0.0507264
-0.648337
-0.979117
0.215092
0.723009
0.0926829
0.262533
-0.515411
-0.154425
-0.357101
0.096468
-0.0206155
-0.275225
-1.3727
0.0140591
-0.715469
-0.341432
0.0503501
0.188767
-0.193797
-0.152394
0.0182669
-0.63547
0.232279
-1.37018
-1.33955
0.00654133
0.372333
0.0347204
-0.379913
0.254976
-0.14011
0.0393731
-0.396592
0.124783
-0.457053
0.653843
-0.348151
0.449595
0.0494107
0.0213581
-0.358773
0.125864
-0.949525
-0.509147
-0.563556
-0.267895
0.709296
-1.36386
-0.670933
0.327539
-0.281736
0.436108
0.27896
0.309714
-0.827171
-0.662591
0.206266
-0.30553
0.212486
-0.642684
0.274495
-0.361383
0.509516
-1.46527
0.0178364
-2.21129
0.0570098
-1.04619
-0.936569
-0.142453
-0.814912
-0.481814
-0.000244289
-0.450401
0.180685
-0.250232
0.369679
0.405312
-0.382296
-0.545937
-0.0794494
-0.214603
0.223406
-0.638246
0.681558
0.33496
0.394181
0.357666
-0.0255895
-0.114921
0.184208
-1.13751
0.18157
-0.101393
-1.41265
0.60559
-0.508395
-0.747686
-0.942095
0.261492
0.399105
0.326683
0.359625
-0.408635
0.302096
-0.105786
0.11694
0.196148
-0.153613
0.251525
0.0155665
0.03062
0.257993
-1.32666
0.374419
0.29366
-0.594518
0.459959
-1.16689
-0.353262
-0.930217
0.139094
-0.339275
0.457828
-0.0100155
-0.414211
-0.396905
0.36722
0.672281
0.14296
-0.146898
0.320243
0.679196
-1.15975
0.300549
-0.624616
-0.321475
-0.00991206
-0.956187
-0.783384
-2.23848
-0.0604627
-0.441493
-0.881986
0.144939
-0.163288
0.325947
-0.084337
0.1721
-0.382934
0.180082
0.474007
0.10772
0.228747
-0.335802
-0.394464
-0.0251914
0.325158
-0.653357
0.398606
0.0932454
-0.644251
-1.19218
0.0918987
0.435507
-0.0441351
0.391791
-0.119413
0.468742
-1.85513
0.420168
0.218121
-2.60878
-0.579032
0.339977
0.357819
-0.908101
-1.53
0.3992
-0.0112535
-1.11011
0.248523
0.394453
-0.0376338
0.26583
0.173081
-0.443254
-0.262269
-0.25018
-1.26902
0.516015
-1.22246
-0.13293
-0.886314
-0.722884
-1.03486
-1.64177
0.297888
0.121354
-0.489511
0.00392532
-0.552191
-0.375928
-0.287556
-0.017219
-0.116455
0.71716
0.540821
-1.42782
-0.261448
0.737326
-0.695787
-0.428399
-1.74449
0.205045
-1.06284
0.297412
-0.651857
-0.0578676
-0.381202
-1.02021
0.182317
0.0206256
-0.331019
0.0838378
-0.862988
-2.77985
0.35394
0.305275
-0.707597
-0.300662
-0.965405
-0.013625
-0.0163285
0.592579
0.310201
-0.619029
-0.322485
-1.43941
0.531597
-1.04411
