0
0
0
0
0
0
0
0
0
0
0
0
0
0
0
0
0
0
0
0
0
0
0
0
0
0
0
0
0
0
0
0
0
0
0
0
0
0
0
0
0
0
0
0
0
0
0
0
0
0
0
0
0
0
0
0
0
0
0
0
0
0
0
0
0
0
0
0
0
0
0
0
0
0
0
0
0
0
0
0
0
0
0
0
0
0
0
0
0
0
0
0
0
0
0
0
0
0
0
0
0
0
0
0
0
0
0
0
0
0
0
0
0
0
0
0
0
0
0
0
0
0
0
0
0
0
0
0
0
0
0
0
0
0
0
0
0
0
0
0
0
0
0
0
0
0
0
0
0
0
0
0
0
0
0
0
0
0
0
0
0
0
0
0
0
0
0
0
0
0
0
0
0
0
0
0
0
0
0
0
0
0
0
0
0
0
0
0
0
0
0
0
0
0
0
0
0
0
0
0
0
0
0
0
0
0
0
0
0
0
0
0
0
0
0
0
0
0
0
0
0
0
0
0
0
0
0
0
0
0
0
0
0
0
0
0
0
0
0
0
0
0
0
0
0
0
0
0
0
0
0
0
0
0
0
0
0
0
0
0
0
0
0
0
0
0
0
0
0
0
0
0
0
0
0
0
0
0
0
0
0
0
0
0
0
0
0
0
0
0
0
0
0
0
0
0
0
0
0
0
0
0
0
0
0
0
0
0
0
0
0
0
0
0
0
0
0
0
0
0
0
0
0
0
0
0
0
0
0
0
0
0
0
0
0
0
0
0
0
0
0
0
0
0
0
0
0
0
0
0
0
0
0
0
0
0
0
0
0
0
0
0
0
0
0
0
0
0
0
0
0
0
0
0
0
0
0
0
0
0
0
0
0
0
0
0
0
0
0
0
0
0
0
0
0
0
0
0
0
0
0
0
0
0
0
0
0
0
0
0
0
0
0
0
0
0
0
0
0
0
0
0
0
0
0
0
0
0
0
0
0
0
0
0
0
0
0
0
0
0
0
0
0
0
0
0
0
0
0
0
0
0
0
0
0
0
0
0
0
0
0
0
0
0
0
0
0
0
0
0
0
0
0
0
0
0
0
0
0
0
0
0
0
0
0
0
0
0
0
0
0
0
0
0
0
0
0
0
0
0
0
0
0
0
0
0
0
0
0
0
0
0
0
0
0
0
0
0
0
0
0
0
0
0
0
0
0
0
0
0
0
0
0
0
0
0
0
0
0
0
0
0
0
0
0
0
0
0
0
0
0
0
0
0
0
0
0
0
0
0
0
0
0
0
0
0
0
0
0
0
0
0
0
0
0
0
0
0
0
0
0
0
0
0
0
0
0
0
0
0
0
0
0
0
0
0
0
0
0
0
0
0
0
0
0
0
0
0
0
0
0
0
0
0
0
0
0
0
0
0
0
0
0
0
0
0
0
0
0
0
0
0
0
0
0
0
0
0
0
0
0
0
0
0
0
0
0
0
0
0
0
0
0
0
0
0
0
0
0
0
0
0
0
0
0
0
0
0
0
0
0
0
0
0
0
0
0
0
0
0
0
0
0
0
0
0
0
0
0
0
0
0
0
0
0
0
0
0
0
0
0
0
0
0
0
0
0
0
0
0
0
0
0
0
0
0
0
0
0
0
0
0
0
0
0
0
0
0
0
0
0
0
0
0
0
0
0
0
0
0
0
0
0
0
0
0
0
0
0
0
0
0
0
0
0
0
0
0
0
0
0
0
0
0
0
0
0
0
0
0
0
0
0
0
0
0
0
0
0
0
0
0
0
0
0
0
0
0
0
0
0
0
0
0
0
0
0
0
0
0
0
0
0
0
0
0
0
0
0
0
0
0
0
0
0
0
0
0
0
0
0
0
0
0
0
0
0
0
0
0
0
0
0
0
0
0
0
0
0
0
0
0
0
0
0
0
0
0
0
0
0
0
0
0
0
0
0
0
0
0
0
0
0
0
0
0
0
0
0
0
0
0
0
0
0
0
0
0
0
0
0
0
0
0
0
0
0
0
0
0
0
0
0
0
0
0
0
0
0
0
0
0
0
0
0
0
0
0
0
0
0
0
0
0
0
0
0
0
0
0
0
0
0
0
0
0
0
0
0
0
0
0
0
0
0
0
0
0
0
0
0
0
0
0
0
0
0
0
0
0
0
0
0
0
0
0
0
0
0
0
0
0
0
0
0
0
0
0
0
0
0
0
0
0
0
0
0
0
0
0
0
0
0
0
0
0
0
0
0
0
0
0
0
0
0
0
0
0
0
0
0
0
0
0
0
0
0
0
0
0
0
0
0
0
0
0
0
0
0
0
0
0
0
0
0
0
0
0
0
0
0
0
0
0
0
0
0
0
0
0
0
0
0
0
0
0
0
0
0
0
0
0
0
0
0
0
0
0
0
0
0
0
0
0
0
0
0
0
0
0
0
0
0
0
0
0
0
0
0
0
0
0
0
0
0
0
0
0
0
0
0
0
0
0
0
0
0
0
0
0
0
0
0
0
0
0
0
0
0
0
0
0
0
0
0
0
0
0
0
0
0
0
0
0
0
0
0
0
0
0
0
0
0
0
0
0
0
0
0
0
0
0
0
0
0
0
0
0
0
0
0
0
0
0
0
0
0
0
0
0
0
0
0
0
0
0
0
0
0
0
0
0
0
0
0
0
0
0
0
0
0
0
0
0
0
0
0
0
0
0
0
0
0
0
0
0
0
0
0
0
0
0
0
0
0
0
0
0
0
0
0
0
0
0
0
0
0
0
0
0
0
0
0
0
0
0
0
0
0
0
0
0
0
0
0
0
0
0
0
0
0
0
0
0
0
0
0
0
0
0
0
0
0
0
0
0
0
0
0
0
0
0
0
0
0
0
0
0
0
0
0
0
0
0
0
0
0
0
0
0
0
0
0
0
0
0
0
0
0
0
0
0
0
0
0
0
0
0
0
0
0
0
0
0
0
0
0
0
0
0
0
0
0
0
0
0
0
0
0
0
0
0
0
0
0
0
0
0
0
0
0
0
0
0
0
0
0
0
0
0
0
0
0
0
0
0
0
0
0
0
0
0
0
0
0
0
0
0
0
0
0
0
0
0
0
0
0
0
0
0
0
0
0
0
0
0
0
0
0
0
0
0
0
0
0
0
0
0
0
0
0
0
0
0
0
0
0
0
0
0
0
0
0
0
0
0
0
0
0
0
0
0
0
0
0
0
0
0
0
0
0
0
0
0
0
0
0
0
0
0
0
0
0
0
0
0
0
0
0
0
0
0
0
0
0
0
0
0
0
0
0
0
0
0
0
0
0
0
0
0
0
0
0
0
0
0
0
0
0
0
0
0
0
0
0
0
0
0
0
0
0
0
0
0
0
0
0
0
0
0
0
0
0
0
0
0
0
0
0
0
0
0
0
0
0
0
0
0
0
0
0
0
0
0
0
0
0
0
0
0
0
0
0
0
0
0
0
0
0
0
0
0
0
0
0
0
0
0
0
0
0
0
0
0
0
0
0
0
0
0
0
0
0
0
0
0
0
0
0
0
0
0
0
0
0
0
0
0
0
0
0
0
0
0
0
0
0
0
0
0
0
0
0
0
0
0
0
0
0
0
0
0
0
0
0
0
0
0
0
0
0
0
0
0
0
0
0
0
0
0
0
0
0
0
0
0
0
0
0
0
0
0
0
0
0
0
0
0
0
0
0
0
0
0
0
0
0
0
0
0
0
0
0
0
0
0
0
0
0
0
0
0
0
0
0
0
0
0
0
0
0
0
0
0
0
0
0
0
0
0
0
0
0
0
0
0
0
0
0
0
0
0
0
0
0
0
0
0
0
0
0
0
0
0
0
0
0
0
0
0
0
0
0
0
0
0
0
0
0
0
0
0
0
0
0
0
0
0
0
0
0
0
0
0
0
0
0
0
0
0
0
0
0
0
0
0
0
0
0
0
0
0
0
0
0
0
0
0
0
0
0
0
0
0
0
0
0
0
0
0
0
0
0
0
0
0
0
0
0
0
0
0
0
0
0
0
0
0
0
0
0
0
0
0
0
0
0
0
0
0
0
0
0
0
0
0
0
0
0
0
0
0
0
0
0
0
0
0
0
0
0
0
0
0
0
0
0
0
0
0
0
0
0
0
0
0
0
0
0
0
0
0
0
0
0
0
0
0
0
0
0
0
0
0
0
0
0
0
0
0
0
0
0
0
0
0
0
0
0
0
0
0
0
0
0
0
0
0
0
0
0
0
0
0
0
0
0
0
0
0
0
0
0
0
0
0
0
0
0
0
0
0
0
0
0
0
0
0
0
0
0
0
0
0
0
0
0
0
0
0
0
0
0
0
0
0
0
0
0
0
0
0
0
0
0
0
0
0
0
0
0
0
0
0
0
0
0
0
0
0
0
0
0
0
0
0
0
0
0
0
0
0
0
0
0
0
0
0
0
0
0
0
0
0
0
0
0
0
0
0
0
0
0
0
0
0
0
0
0
0
0
0
0
0
0
0
0
0
0
0
0
0
0
0
0
0
0
0
0
0
1.32049
1.024
1.07776
1.31998
1.02989
1.20155
1.02498
1.024
1.06893
1.171
1.024
1.02498
1.02828
1.14881
1.08216
1.02498
1.024
1.04274
1.08777
1.024
1.02503
1.03102
1.024
1.024
1.02777
1.28227
1.12678
1.23365
1.024
1.30324
1.024
1.02498
1.03938
1.15502
1.04412
1.024
1.04521
1.02594
1.08239
1.29147
1.05017
1.13837
1.06157
1.05707
1.15519
1.07635
1.10166
1.09487
1.03437
1.14489
1.02747
1.0282
1.024
1.17763
1.024
1.40167
1.24434
1.14204
1.03197
1.02994
1.03786
1.04891
1.09643
1.02969
1.11843
1.02791
1.4001
1.02692
1.06204
1.02498
1.03838
1.15145
1.02498
1.22166
1.0418
1.19031
1.15046
1.024
1.06716
1.05449
1.024
1.03883
1.05628
1.24853
1.06934
1.024
1.05082
1.03485
1.024
1.024
1.24516
1.03266
1.024
1.02498
1.05089
1.1219
1.024
1.024
1.024
1.04865
1.024
1.024
1.03089
1.08803
1.1558
1.02498
1.19384
1.17856
1.4097
1.3862
1.04325
1.32408
1.02498
1.07963
1.18261
1.33858
1.0386
1.10261
1.03184
1.0363
1.0296
1.42103
1.02498
1.10013
1.49552
1.02498
1.055
1.024
1.024
1.1067
1.25653
1.32955
1.20098
1.17743
1.024
1.02887
1.024
1.02498
1.13117
1.43649
1.04773
1.30134
1.02498
1.10097
1.024
1.19377
1.02498
1.30563
1.14165
1.18703
1.024
1.45644
1.12933
1.05562
1.024
1.02671
1.024
1.024
1.02498
1.024
1.04201
1.15961
1.05424
1.03703
1.02719
1.024
1.024
1.13076
1.02498
1.03032
1.03401
1.02864
1.03415
1.02775
1.024
1.32339
1.07187
1.13364
1.02498
1.10334
1.03919
1.024
1.12243
1.06908
1.04161
1.024
1.10269
1.024
1.21414
1.30816
1.02562
1.07402
1.03488
1.02498
1.05738
1.024
1.17716
1.02974
1.0311
1.0609
1.02498
1.02498
1.024
1.02498
1.12969
1.06804
1.28497
1.03681
1.024
1.26716
1.63465
1.024
1.03818
1.04603
1.39992
1.024
1.04629
1.31117
1.02498
1.18364
1.024
1.02498
1.05627
1.09785
1.5819
1.03815
1.02498
1.4404
1.03931
1.03058
1.02785
1.02526
1.02561
1.11881
1.17374
1.04577
1.05605
1.02813
1.0381
1.02655
1.02498
1.02498
1.39318
1.0947
1.13061
1.02791
1.024
1.08962
1.1192
1.07092
1.041
1.03033
1.15753
1.02498
1.10475
1.10005
1.21824
1.03674
1.32508
1.024
1.19698
1.024
1.024
1.02799
1.14923
1.29127
1.03019
1.024
1.28617
1.44692
1.23417
1.05157
1.49438
1.24691
1.0253
1.36406
1.024
1.02858
1.024
1.04921
1.02498
1.32258
1.03494
1.03407
1.09196
1.25181
1.024
1.38857
1.025
1.03706
1.22322
1.21186
1.02498
1.3762
1.0266
1.11368
1.024
1.54819
1.22427
1.67261
1.024
1.0349
1.14748
1.02498
1.0307
1.10506
1.16881
1.02889
1.30393
1.024
1.1043
1.02694
1.02671
1.10132
1.05644
1.06269
1.02498
1.02942
1.02498
1.02498
1.14342
1.04768
1.02854
1.024
1.02498
1.024
1.02498
1.08051
1.28385
1.02588
1.16179
1.15516
1.23863
1.02498
1.06102
1.04604
1.10911
1.04012
1.024
1.024
1.0839
1.11426
1.02687
1.33844
1.46284
1.024
1.21904
1.04166
1.03236
1.63586
1.16072
1.024
1.20207
1.10523
1.10146
1.46623
1.024
1.11641
1.27104
1.14416
1.02498
1.23536
1.53595
1.024
1.024
1.1514
1.29265
1.20354
1.33311
1.13263
1.024
1.02498
1.23802
1.14986
1.07398
1.1502
1.40601
1.024
1.08932
1.18624
1.06592
1.024
1.04075
1.38604
1.13794
1.02498
1.12172
1.02498
1.20908
1.16914
1.09605
1.02912
1.04773
1.54489
1.04631
1.02498
1.2579
1.52738
1.024
1.61899
1.04466
1.16569
1.03351
1.024
1.04378
1.024
1.11733
1.10322
1.024
1.10704
1.08225
1.024
1.03905
1.02502
1.04666
1.05458
1.08636
1.09392
1.27652
1.23266
1.024
1.32253
1.56847
1.49303
1.02526
1.41049
1.07367
1.02913
1.34172
1.024
1.024
1.02892
1.04204
1.024
1.024
1.21169
1.02498
1.29078
1.02498
1.09338
1.02731
1.08285
1.03309
1.02498
1.02498
1.02498
1.02498
1.2304
1.27167
1.024
1.024
1.0433
1.05111
1.08295
1.02498
1.1173
1.02516
1.08393
1.03293
1.03037
1.08429
1.03202
1.03812
1.024
1.03186
1.02784
1.05073
1.024
1.02741
1.03671
1.02793
1.6869
1.0603
1.02498
1.03742
1.02645
1.03475
1.03934
1.13225
1.20455
1.08173
1.39179
1.26772
1.03691
1.02678
1.02591
1.84478
1.024
1.05137
1.024
1.1067
1.029
1.02706
1.0267
1.02744
1.11599
1.0641
1.04063
1.024
1.43014
1.027
1.02498
1.05141
1.04016
1.37916
1.03314
1.14526
1.14949
1.16243
1.05161
1.02498
1.024
1.024
1.09653
1.04838
1.05444
1.02498
1.03884
1.02583
1.12684
1.02549
1.02498
1.14618
1.03147
1.02498
1.04985
1.024
1.15443
1.02498
1.03422
1.03133
1.18391
1.024
1.02962
1.10592
1.0326
1.024
1.06468
1.1033
1.06171
1.06164
1.024
1.27195
1.02498
1.13857
1.15118
1.10275
1.25702
1.24554
1.03269
1.16097
1.024
1.024
1.49705
1.024
1.09374
1.024
1.02591
1.03558
1.02498
1.05005
1.16672
1.26274
1.20852
1.024
1.18456
1.024
1.024
1.15354
1.07654
1.02498
1.03521
1.02498
1.03354
1.10244
1.16584
1.04438
1.21527
1.12755
1.02498
1.02498
1.14187
1.37611
1.02766
1.02671
1.14874
1.18172
1.02498
1.04113
1.13285
1.17324
1.024
1.02498
1.04506
1.17337
1.04171
1.48284
1.02498
1.02498
1.024
1.02956
1.02719
1.024
1.39961
1.024
1.02498
1.46814
1.024
1.08285
1.21344
1.08667
1.0913
1.03032
1.0321
1.17506
1.07617
1.024
1.02498
1.07033
1.1285
1.38795
1.02498
1.024
1.30205
1.03359
1.02643
1.024
1.025
1.13371
1.1862
1.02498
1.53908
1.18857
1.17603
1.0495
1.024
1.07821
1.02498
1.024
1.08513
1.03533
1.1725
1.02498
1.02498
1.024
1.04185
1.04388
1.11963
1.024
1.024
1.03681
1.04327
1.02498
1.14341
1.02659
1.14145
1.26786
1.024
1.03103
1.47263
1.03832
1.02656
1.024
1.02498
1.13289
1.11642
1.024
1.13757
1.02498
1.58017
1.11699
1.08505
1.02498
1.07932
1.024
1.04414
1.024
1.024
1.17064
1.03705
1.02957
1.2144
1.02824
1.02498
1.02498
1.024
1.06716
1.024
1.03613
1.05309
1.18904
1.024
1.06721
1.32793
1.03342
1.25373
1.02498
1.02498
1.17865
1.07692
1.02514
1.13748
1.024
1.15893
1.035
1.02498
1.02835
1.03593
1.17588
1.0513
1.024
1.31265
1.15427
1.04655
1.14857
1.04519
1.19754
1.06243
1.22151
1.024
1.15964
1.02952
1.04428
1.05425
1.02498
1.02663
1.31383
1.024
1.35864
1.05059
1.02498
1.0253
1.03063
1.18888
1.27068
1.10743
1.05731
1.18695
1.024
1.10826
1.02498
1.09982
1.02587
1.05924
1.13048
1.024
1.16155
1.05415
1.0542
1.024
1.02499
1.02498
1.38932
1.10441
1.19135
1.3241
1.08781
1.024
1.03273
1.09534
1.024
1.05621
1.14066
1.18369
1.06925
1.024
1.14449
1.04409
1.02498
1.23391
1.05639
1.21861
1.56256
1.06312
1.024
1.024
1.18292
1.29941
1.08557
1.40885
1.02674
1.02498
1.03831
1.024
1.11888
1.02498
1.39268
1.03748
1.02794
1.024
1.0639
1.20581
1.16115
1.03295
1.35772
1.60848
1.20966
1.02504
1.04948
1.02498
1.02498
1.024
1.05957
1.16321
1.02679
1.024
1.05917
1.02498
1.02949
1.14781
1.024
1.25077
1.024
1.024
1.024
1.02713
1.024
1.27752
1.024
1.02571
1.02498
1.56858
1.0613
1.02502
1.024
1.02498
1.05166
1.03438
1.13448
1.0303
1.06259
1.02498
1.28619
1.02498
1.04924
1.02539
1.024
1.02498
1.02781
1.0344
1.024
1.26113
1.02498
1.03295
1.06425
1.46991
1.17153
1.05264
1.11933
1.03163
1.3222
1.08567
1.07238
1.02498
1.09145
1.44665
1.02498
1.10216
1.024
1.024
1.05304
1.15636
1.024
1.53017
1.3658
1.024
1.14027
1.03481
1.2917
1.07178
1.024
1.024
1.14895
1.02771
1.024
1.03411
1.05163
1.03463
1.11157
1.02843
1.02566
1.09958
1.0659
1.32723
1.1541
1.06748
1.024
1.10912
1.02897
1.0394
1.11269
1.03064
1.02498
1.02788
1.024
1.024
1.02498
1.02498
1.02498
1.11511
1.28402
1.09463
1.02498
1.04674
1.0604
1.024
1.02791
1.02498
1.03394
1.06772
1.17725
1.024
1.02498
1.24153
1.174
1.024
1.02498
1.06124
1.024
1.024
1.024
1.05021
1.15807
1.02498
1.02671
1.031
1.04443
1.04729
1.02498
1.02498
1.1672
1.27317
1.02498
1.20104
1.08464
1.02752
1.62912
1.027
1.0791
1.08054
1.04155
1.02498
1.24493
1.14653
1.02498
1.02609
1.02498
1.024
1.06615
1.42301
1.14741
1.024
1.02498
1.2416
1.024
1.2842
1.06279
1.03381
1.36705
1.23322
1.02498
1.03263
1.16237
1.10155
1.17312
1.02719
1.11486
1.32563
1.024
1.02498
1.04281
1.024
1.03047
1.024
1.05979
1.02902
1.02498
1.03594
1.06037
1.024
1.02498
1.02498
1.10233
1.17797
1.32568
1.20714
1.2415
1.04474
1.04234
1.024
1.024
1.07871
1.07723
1.02704
1.06845
1.07409
1.23695
1.03123
1.14514
1.40415
0.969912
0.819689
1.05936
0.827222
0.8192
1.00431
0.904247
0.848932
0.931247
0.909445
0.833736
0.99147
0.819689
0.843582
0.952278
1.11302
0.832634
1.22072
0.993589
1.1206
0.976516
0.8192
0.949478
0.829757
0.819689
0.96866
0.942931
0.822683
1.41855
0.855809
0.981598
0.826324
0.819689
0.858724
0.940264
0.921454
1.09032
0.821563
1.19925
1.08509
1.35409
0.930014
0.885919
0.942087
1.05294
1.20061
0.838945
1.06531
1.01799
0.995614
1.11334
1.24318
0.845003
0.991091
1.26605
1.16194
1.23836
0.832504
1.11065
0.830632
0.8644
1.18364
0.83725
1.08421
0.819689
1.10001
0.822152
0.905346
1.00349
1.40102
0.948541
1.26778
0.822588
0.836088
0.8192
1.1382
1.05319
0.892484
1.07484
0.863634
1.22807
1.00877
1.35676
1.25007
0.94743
0.874697
0.837536
1.27287
1.60754
1.19298
0.980255
0.862309
0.872542
0.916372
0.90822
1.42677
0.8192
0.880721
1.11825
1.10549
1.02852
1.03451
0.880435
0.962106
1.00307
1.12457
1.06248
1.08451
1.14288
0.909054
0.851837
0.8716
1.05543
0.889673
0.848712
0.820326
1.01752
0.925381
1.11735
0.819989
0.911159
0.940279
0.819689
0.920591
0.982321
0.8192
0.914243
0.819689
1.16204
0.841402
1.00761
0.953208
1.04877
1.03161
1.06202
0.864111
1.08936
1.04412
0.829686
0.851443
0.953354
0.967
1.16613
0.8192
0.84599
0.87956
0.9117
1.18265
0.93829
1.19645
0.952823
0.821209
1.11243
0.850986
0.879721
0.8192
1.00401
0.948309
0.8192
0.828618
0.969045
0.835712
0.837113
1.16538
1.11549
0.835532
0.8192
0.838248
0.881759
1.20456
0.957002
0.971851
0.958536
0.976562
0.824494
0.898459
0.876248
0.833694
0.824729
0.819689
0.819689
1.07505
0.892206
1.12311
1.03382
1.06046
1.10254
0.89596
0.8192
1.16274
0.958903
0.857747
1.013
0.957022
0.819689
0.819689
1.18975
0.873181
0.866588
0.819697
0.822495
0.819689
0.82202
1.19525
1.26824
0.832781
0.854598
1.27883
0.867778
0.820292
1.08511
0.954194
0.872282
0.820151
1.12541
0.819689
0.8192
0.931471
0.876911
0.8192
0.832856
0.82114
0.860279
0.836352
0.838964
0.840148
0.853276
1.08748
1.40451
0.908704
0.993708
0.820844
1.23717
1.00743
0.999918
0.849279
0.909498
0.952976
1.12023
1.00257
0.884911
0.836418
0.88661
0.821277
1.08948
0.846408
0.906003
0.968156
0.856309
0.94611
1.05947
0.855319
0.8192
0.825487
0.844759
1.28538
0.892913
1.13704
1.01804
0.930435
0.943474
0.819689
0.924466
1.05794
0.961289
0.997574
0.819689
0.819689
1.00871
1.2797
0.8192
0.819689
0.852634
1.03886
0.8192
0.819689
1.17176
0.824678
0.861985
1.01142
0.950383
0.846158
0.927966
0.891951
1.02243
1.606
0.830384
0.845869
0.820198
0.848398
0.951426
0.824888
0.819689
0.843768
1.22774
0.983028
0.840106
1.053
0.824818
0.82499
0.830247
0.923294
0.981635
0.830488
1.10343
0.867553
1.01948
1.16571
0.885185
0.876862
1.19818
1.22296
0.819689
1.07991
0.819953
0.819689
0.821542
0.82305
1.02642
1.16878
0.839336
0.843335
0.935584
0.823936
0.827596
0.819689
0.897807
0.900529
1.08547
1.08725
0.819689
0.92826
0.86717
0.934039
1.1813
0.98584
0.929209
1.13268
0.844204
1.02275
0.819715
0.879817
0.83844
0.859433
0.914026
1.00048
0.829289
0.838483
0.856147
0.820641
0.95018
1.29868
0.826112
0.987672
1.16117
1.02043
1.03924
1.09145
1.08113
0.835275
0.843591
0.819689
0.875851
0.901226
0.820244
1.2382
0.987118
0.898613
0.85462
0.843408
0.819689
1.00664
1.47615
0.861202
0.870847
0.841007
0.857538
0.825388
1.03453
0.819689
1.18905
1.00327
0.823912
0.940815
1.2048
0.8192
0.901874
1.08675
0.819689
0.821845
0.822655
0.931504
0.901949
0.856712
0.83027
0.819689
0.819689
0.872073
0.917712
0.849008
1.0873
1.3812
0.819689
1.19679
1.11099
0.8192
0.874683
0.819689
1.25965
1.30144
1.20954
0.958405
0.838899
1.10872
0.960954
0.826104
0.843971
1.5624
1.14051
0.960921
0.902422
1.00088
0.979687
0.819689
0.8836
1.2646
0.819689
0.87249
1.09564
0.819689
1.27986
0.880182
0.819689
0.8192
0.849274
1.08227
1.24511
1.14635
1.05617
1.06987
1.17909
1.03938
0.833058
1.04748
0.855339
0.860699
1.05797
0.837293
0.830523
0.932186
0.923937
0.819689
1.31748
1.14044
0.979595
0.928696
1.26849
0.827274
0.8192
0.893038
0.93937
0.81969
1.36457
0.848994
1.14981
0.833151
0.965834
0.858397
0.855384
0.865478
0.828938
1.01578
0.888261
1.00335
0.983689
0.85239
0.883706
0.820213
1.13116
0.8192
0.923071
0.837038
1.06331
1.1864
0.982452
0.860261
0.993171
1.05981
1.19294
1.08049
0.819689
1.12107
0.849275
1.23681
1.45705
0.917232
0.819876
0.82169
0.819689
0.819695
1.03964
0.819689
0.962874
0.825171
0.846955
0.889867
0.843558
1.09842
1.52644
0.819689
0.835255
1.00454
1.09925
1.14309
1.0183
1.28219
0.860261
0.949692
1.28392
0.823793
0.821652
0.876168
1.05654
0.903271
0.936274
0.964977
0.832309
0.941018
0.830785
0.89661
0.83839
0.831169
0.820202
1.04605
0.924482
1.199
0.84585
0.842502
0.831061
0.866821
0.938292
1.2831
0.869277
0.830312
0.995084
0.824003
0.970649
0.877257
0.823178
0.819689
1.17172
1.32536
0.822667
0.822089
0.974521
0.91486
0.822714
0.823267
1.05322
1.30384
1.30499
0.821123
0.949328
0.8192
1.11024
1.09609
0.822736
0.962121
0.841025
0.839429
1.18428
1.42783
0.954418
1.00226
1.03952
1.08924
0.8192
0.857624
0.861645
1.00055
0.821714
0.821634
1.08344
1.15272
0.904012
0.819689
0.92753
1.12938
1.10443
0.825866
0.819689
0.819689
0.819689
0.836073
0.886214
1.17215
1.22854
0.835554
0.893094
0.968432
1.57353
1.17048
0.846524
0.92893
1.03355
0.995465
0.855902
0.943472
1.27899
1.33476
0.932085
1.73095
0.8192
1.20184
0.970275
0.849315
1.11013
0.917602
0.823715
0.819689
0.834993
0.839775
0.844675
0.902698
0.819828
0.863103
0.82169
1.27169
0.936404
0.866907
0.94066
1.18784
0.941795
0.943125
1.23082
1.13269
1.085
0.819689
0.928124
0.914636
0.840348
1.27704
0.862955
0.83783
1.07307
1.2038
0.875661
1.04219
0.896791
0.83999
0.99915
1.05271
0.879349
1.13507
0.848862
0.971625
0.985316
0.945907
0.820497
0.819689
0.821565
0.819689
0.873908
0.906366
0.896782
1.26228
0.959604
1.02265
0.859829
0.823662
1.37551
1.06663
0.819689
1.08426
0.967811
0.83425
1.09592
1.02442
0.819689
0.93909
1.19277
0.870167
0.873936
0.81969
1.23714
0.8192
0.892255
1.05405
0.99041
1.21495
1.1492
0.900504
0.988168
0.92497
1.54545
0.997213
0.934765
0.820149
1.09301
0.898444
0.895321
0.821518
1.04706
0.899494
0.84542
0.834936
1.42059
1.0535
0.835099
0.953651
0.869018
0.895136
1.03197
1.24212
0.899639
0.819689
0.89348
0.895567
1.06168
0.911209
1.06439
0.892873
0.868126
0.86819
0.83363
0.922328
0.886244
0.973538
0.900692
0.854175
0.935987
0.841093
1.53998
0.87458
1.01845
0.892602
0.8192
0.921223
0.82598
0.843735
0.892579
0.871541
0.921329
0.823342
1.26473
0.988203
0.819689
0.872048
0.8192
0.943267
0.983128
0.825321
0.84976
0.85398
1.19916
0.852493
1.04633
0.979324
1.07669
0.824571
0.831196
1.13746
0.920636
0.834108
1.10558
1.02389
0.824678
1.32483
0.925899
0.8192
0.836685
0.906366
0.820701
1.64804
0.977221
0.819689
1.33729
0.885099
1.28148
1.30636
1.36558
1.23281
1.6003
0.837672
0.956263
0.888579
1.19105
1.24389
0.822406
0.819787
1.21591
0.819689
1.21588
0.964948
0.882471
0.992439
0.879858
1.1092
0.863229
0.819689
1.05091
1.02916
0.830307
0.832205
1.00968
1.15623
0.991945
0.823272
0.896017
1.07093
0.882517
1.12396
1.01005
0.8192
0.845263
0.91075
1.05057
1.04507
0.846732
0.888815
1.24474
1.18217
0.837568
0.823882
1.18131
0.835763
0.940727
1.06061
0.819689
0.964106
0.819689
0.838283
1.04105
1.17457
1.05956
1.26411
1.21821
0.853028
1.10015
0.858035
0.840576
0.991574
1.34998
0.82227
1.05059
0.819689
0.915854
1.00643
0.932424
1.01294
0.837956
0.869661
1.08709
1.08014
0.822256
0.848428
0.914274
0.8192
1.12606
0.827489
0.874714
1.17222
1.0125
1.28524
0.854896
0.885977
0.870938
0.827926
0.958851
0.819689
1.1973
0.837148
0.980988
1.0837
1.02776
0.819689
0.868864
0.881419
1.15618
0.866487
0.821255
0.848023
0.919006
0.829078
0.938905
1.13704
1.15343
0.947299
0.819885
1.39208
0.842122
1.17557
0.857358
0.864596
0.962277
1.02568
1.03546
1.04925
0.8192
1.51564
0.921784
0.823949
0.8192
0.892324
1.04255
0.820075
0.825456
0.98737
0.875635
0.956555
0.914849
0.825513
1.7619
0.83508
0.994193
1.49014
0.910646
0.8192
0.96967
1.3268
0.929537
1.12132
0.837807
1.13462
1.15601
0.820852
0.819689
1.38329
0.922551
0.821086
0.828021
0.819689
1.65005
1.00193
0.819689
0.922982
0.837988
0.849173
1.05129
1.22304
1.24995
0.844597
0.94515
0.820291
1.12752
0.850342
0.830943
1.05586
1.06253
1.28965
1.17272
0.933483
1.28373
0.928564
0.874068
0.820016
1.19449
0.90634
1.44747
0.895849
1.10714
0.867308
1.22433
0.928502
1.13082
0.853761
0.843055
1.22136
0.997085
0.819689
0.968553
0.819689
0.945448
0.976048
1.16877
1.03614
1.30586
0.819768
1.098
1.01519
1.2012
0.838815
0.864454
0.979859
0.944559
0.949335
0.819689
1.04193
1.04581
0.857657
0.877924
0.92936
1.13819
1.04595
1.11505
0.865885
0.838779
1.05391
0.8192
0.838448
