1.00313
1.15638
1.54149
0.999024
1.28078
1.05153
1.013
1.21976
1.00607
0.999024
0.999024
0.999978
0.999024
1.11969
0.999024
0.999024
0.999024
0.999024
1.32976
1.00294
0.999024
0.999024
0.999978
0.999024
0.999024
1.13068
1.0578
1.34933
1.00263
1.02137
1.02887
1.04157
1.06111
1.29284
0.999024
1.14168
1.00449
0.999024
1.11623
1.18349
1.17579
1.0575
0.999024
1.07688
1.13178
1.27783
1.00279
0.999978
1.02545
1.00316
1.09728
1.073
1.00493
1.00174
1.58783
0.999024
0.999024
0.999024
0.999024
1.22419
1.25625
1.01409
1.19576
0.999024
0.999978
1.12217
1.00881
1.02622
1.00137
1.01157
1.02685
0.999024
1.13273
0.999024
0.999978
1.01187
1.03642
0.999024
0.999024
1.27315
1.01563
1.10151
1.00171
0.999024
1.04957
1.0063
1.11986
0.999024
1.14595
0.999024
1.06065
1.00772
1.14934
1.00279
1.08677
1.00475
1.03171
1.00182
1.00147
0.999978
1.04741
0.999024
1.4819
1.15943
1.0788
1.18698
0.999024
0.999024
1.10114
1.01464
1.0009
0.999024
0.999024
1.20155
1.07384
1.00051
1.10621
1.05628
1.09774
0.999024
0.999024
0.999978
0.999978
1.00001
1.02319
1.02161
1.27123
1.19431
1.00249
1.04722
1.14712
1.00171
1.38493
1.00663
1.20618
0.999024
1.07529
1.079
1.00471
1.37805
1.00516
0.999024
1.90184
1.06366
1.01732
1.01159
1.06527
1.01782
1.2601
1.00293
1.02302
0.999024
0.999978
1.01321
1.00627
1.03887
1.00728
0.999024
1.31855
0.999978
1.0612
1.28087
1.1571
1.0645
1.1145
1.01765
1.29216
1.02576
1.09032
1.1002
1.01051
1.06801
1.29992
0.999024
1.01685
0.999024
1.01897
1.12077
1.18462
1.00082
1.02928
0.999024
1.03797
1.14635
1.01384
1.04952
0.999024
0.999978
1.11391
1.01008
0.999024
1.00107
1.0974
1.0091
1.00189
1.05805
0.999978
1.00482
1.0205
1.15576
1.01759
1.10178
1.31797
1.00185
1.07991
1.14563
1.09811
1.0059
0.999978
1.01637
1.50194
0.999995
1.03701
1.36227
1.10035
1.14289
0.999978
1.09848
0.999978
1.00149
1.03968
0.999024
1.02266
0.999024
0.999978
1.03803
0.999978
0.999024
1.3183
0.999024
1.0518
1.1311
1.18303
1.61259
1.0474
1.23497
0.999024
0.999978
1.01011
1.2793
1.33597
0.999024
1.10765
1.09196
1.07705
1.008
0.999024
1.22315
1.10998
1.09936
0.999024
1.35831
1.05111
0.999978
1.08977
0.999024
1.00368
1.08638
0.999978
1.36668
1.31329
0.999024
1.15084
1.00102
1.28263
1.19254
1.05372
0.999024
1.224
1.19456
0.999978
1.4672
1.08442
1.66957
1.09601
1.20526
1.12824
1.02372
1.07388
1.19667
1.05405
0.999024
1.47797
1.05638
1.2114
1.50206
1.33165
1.22892
1.10401
1.0335
1.15166
1.00752
0.999024
1.08586
0.999024
1.0552
1.13702
1.0474
1.01344
1.1547
1.07473
1.1162
1.15387
1.06271
0.999024
1.00362
1.55006
1.17435
1.04967
1.44295
1.05459
1.00099
0.999024
1.06254
1.04255
1.14244
1.03239
1.02458
1.06477
1.10216
1.20022
1.02192
1.21975
1.00132
1.11182
1.00904
1.02848
1.02592
1.36304
1.35161
1.07105
1.00359
1.10702
1.10995
1.23674
1.19615
1.10483
1.61205
1.07609
0.999024
0.999024
1.00235
1.01502
1.05332
1.11338
0.999024
1.01884
1.08819
1.00309
0.999024
1.03605
1.10998
0.999024
0.999024
1.18633
1.04629
1.23983
0.999978
0.999024
0.999024
0.999024
1.17819
1.24253
0.999024
1.03869
1.04573
0.999978
1.02049
1.16126
1.27369
1.03567
1.02545
1.00441
1.09712
1.28262
0.999024
1.05108
1.12399
1.27879
0.999978
1.02913
1.17469
1.08421
1.00742
1.1967
0.999978
0.999024
1.05029
1.04434
1.00291
1.0139
1.34782
1.02235
1.02768
0.999024
1.05141
1.46362
1.02661
1.16634
1.00778
1.00174
1.00902
0.999024
0.999978
1.05635
0.999024
1.10111
1.08679
1.13963
1.58627
0.999024
1.18875
1.04215
1.00382
1.05079
1.00134
1.00646
1.0007
0.999978
1.00186
1.00171
1.00172
1.00804
1.10453
1.07502
1.07542
0.999024
0.999978
0.999024
1.01076
1.18952
1.35252
1.62588
1.00104
1.08222
1.01502
1.15149
1.11719
0.999978
1.00753
1.02315
1.14335
0.999978
1.00697
0.999024
0.999024
1.31242
1.20402
0.999024
0.999024
1.00094
1.03366
0.999978
1.07063
0.999024
1.12087
1.25086
1.00328
0.999024
0.999024
1.0037
1.054
0.999978
1.04072
1.01185
1.00644
0.999024
0.999024
1.0289
0.999978
0.999024
1.08375
1.15167
1.17326
0.999978
1.05131
1.01369
1.03672
0.999024
1.27817
1.55822
1.02479
1.54773
1.03808
1.46412
0.999024
1.02284
0.999024
1.02123
1.02199
1.04577
1.10767
0.999978
1.20067
1.22862
0.999024
1.0946
1.06731
0.999024
1.24368
1.00186
1.08499
1.32463
0.999024
1.03921
1.04446
1.06681
1.30431
1.00161
0.999024
0.999024
0.999024
1.00405
0.999024
1.35047
1.19156
1.40773
1.13844
1.00212
1.00303
0.999024
1.058
1.04804
1.00194
1.13833
0.999024
0.999024
1.31689
1.21108
1.38571
1.15664
1.00685
1.07756
0.999024
1.02449
1.06804
1.00989
1.00533
1.03166
1.03473
1.00359
1.19513
1.0265
1.01282
1.00325
1.52376
1.08008
1.17994
1.24287
1.01042
1.05226
1.31776
1.00557
1.03257
1.13425
1.0289
1.02015
1.33477
1.32918
1.11519
1.5292
1.03788
1.01424
0.999024
0.999024
1.10206
1.77074
1.23207
0.999024
1.02453
0.999024
1.29662
1.00464
0.999024
1.02774
0.999978
1.09757
1.03352
1.00206
1.00111
1.27242
1.05786
0.999024
1.11311
1.00592
1.1124
0.999993
1.2004
0.999978
1.05699
1.08937
1.00182
0.999024
1.01359
1.03863
1.03386
1.10167
0.999024
1.01656
0.999024
1.00123
0.999024
1.24488
1.09817
1.12439
0.999978
1.02029
1.03135
1.21234
1.01143
1.21249
1.05433
0.999024
1.43945
1.03653
1.0071
1.00714
1.19172
1.16181
1.03862
1.06999
1.13728
1.00306
1.20012
1.03199
1.39887
0.999978
0.999024
1.19761
1.05071
1.00949
1.02154
1.00646
1.17102
0.999978
1.00105
1.19817
0.999024
0.999024
0.999978
1.10996
1.00521
1.05124
1.05819
1.00105
1.23884
0.999978
1.03071
1.18668
1.41224
1.1677
1.17523
1.00236
1.00613
1.23484
1.14394
1.06908
0.999024
1.00381
1.00356
1.62388
0.999024
1.13047
1.32807
1.04728
1.02849
1.00457
1.15797
0.999024
0.999024
1.1061
1.07107
1.00818
1.32772
1.01593
0.999024
0.999024
1.059
1.03102
0.999024
1.03497
1.19186
1.04208
1.57798
1.20379
1.04878
0.999978
1.24979
1.07647
1.03345
1.08017
1.05273
1.06739
1.15934
1.01109
0.999024
0.999024
1.00568
1.00137
1.00434
1.03831
0.999978
1.03437
1.2315
1.02246
1.05798
0.999978
0.999024
0.999024
1.01343
0.999024
0.999024
1.00196
1.01216
1.35777
1.15583
1.18564
0.999024
0.999978
1.05082
1.34715
1.02859
1.27596
0.999024
1.14231
1.34567
0.999024
0.999024
1.11757
1.02569
0.999024
1.00002
1.11205
1.31763
1.21661
1.0356
1.13692
0.999024
0.999024
0.999984
1.06572
1.19797
1.30105
1.04438
1.06273
0.999024
1.27085
1.00781
1.00918
1.18784
1.03232
1.00147
1.0444
1.00938
1.13464
0.999024
1.18339
1.00014
1.06804
1.02671
0.999024
1.07115
1.54461
0.999978
1.06592
1.00577
1.17222
1.32951
1.08988
1.17221
1.02126
0.999024
0.999978
1.20785
1.00215
1.1107
1.27911
1.19481
1.01144
1.21081
1.00111
1.17131
1.07663
1.01641
0.999024
1.01165
1.20492
0.999978
1.15841
1.03413
1.31749
1.06484
1.01689
1.05817
1.22468
1.1688
1.09892
0.999024
0.999024
0.999024
1.00101
1.00033
0.999024
1.00302
1.00343
1.01208
0.999024
0.999978
1.06964
1.00919
1.03074
1.02196
1.05536
1.00638
1.08498
1.4795
1.18574
1.1439
0.999024
0.999024
1.01053
1.00218
1.15747
1.25327
0.999024
1.0237
1.08447
1.01257
0.999024
0.999024
1.58928
1.05369
1.00288
0.999024
0.999024
0.999978
1.12428
1.08026
1.29756
1.04489
1.08184
1.00057
1.23739
0.999024
1.05705
1.3395
1.32903
1.10814
1.05998
0.999024
0.999978
1.03518
0.999024
1.00248
0.999978
0.999024
0.999024
1.21315
0.999978
0.999024
1.09419
0.999024
1.00622
1.23259
1.16029
0.999024
1.1446
1.06829
1.49239
0.999024
1.00725
0.999024
1.00282
0.999024
0.999024
1.29504
1.53215
1.24254
1.14977
0.999024
1.01029
1.00734
0.999024
0.999024
1.00515
1.01107
1.21818
1.08417
1.41448
1.01334
1.16213
1.06334
1.05037
0.999024
1.19681
0.999024
1.03705
1.61382
1.00753
1.21688
1.00377
0.999024
1.05582
1.14053
1.5817
0.999024
0.999024
0.999024
1.34962
1.16916
1.3239
0.999978
1.03752
0.999024
1.1251
1.00112
1.00563
0.999024
1.03629
1.01804
0.999024
1.07299
0.999024
1.29915
0.999024
1.01261
1.03262
1.06174
0.999024
1.12026
1.00591
1.01033
1.06345
1.02083
1.04212
1.00164
1.00159
1.17952
1.09413
1.11214
1.1036
0.999024
0.999024
1.10492
0.999024
0.999978
1.20454
1.23204
1.21161
1.01812
1.05726
1.72584
1.31246
1.00111
0.999978
1.02285
1.12967
1.13949
0.999024
1.00222
1.00168
0.999024
0.999024
1.00405
0.999024
0.999024
1.33197
0.999024
0.999024
1.08737
1.00155
0.999024
1.14861
0.999024
1.0579
0.999024
0.999024
1.022
0.999024
1.01914
1.00882
1.00693
0.999024
0.999024
1.08231
1.69918
1.04119
1.36813
1.13631
1.46421
1.01149
1.45591
1.13727
1.16161
1.02499
0.999024
1.03463
1.26573
0.999024
1.21183
0.801164
0.915065
0.799219
0.851384
0.840443
1.15151
0.822937
1.1407
0.890545
1.22517
0.903381
1.1299
0.823022
0.974445
0.854288
0.81974
1.13085
0.804572
0.988918
0.799697
0.805358
0.874331
0.836397
1.3025
0.858394
0.875159
1.37987
0.859024
1.12548
0.806617
1.06931
1.02843
0.868761
0.941572
0.875899
0.861773
1.09373
1.56633
0.970557
0.874453
0.804894
1.18264
0.811866
0.914354
0.816919
0.802181
0.808807
0.852487
0.83614
1.26493
1.18859
0.927882
0.86222
0.943358
1.15673
1.02397
0.989321
0.951447
0.890366
0.967792
1.01
0.851669
1.38146
0.988685
1.26938
1.14242
0.7997
0.940179
0.799219
0.808161
0.804398
0.799219
0.801537
0.821954
0.833484
0.952334
0.881064
1.07437
1.09664
0.842773
1.01607
0.845585
1.16377
0.799733
0.836361
0.986205
0.799219
1.19636
0.82923
0.86869
1.01064
0.937252
1.04375
0.811785
0.818917
0.954693
0.799219
0.892369
1.00653
1.01173
1.15813
1.23766
0.817922
0.828801
0.799219
0.810246
0.927071
1.19254
1.23759
1.08825
0.955903
0.879887
1.08132
1.31476
1.03767
1.17233
1.00032
0.919083
1.26756
0.839375
0.806148
0.814049
0.871092
1.14671
1.16121
0.88494
1.12444
0.799697
0.932206
0.82941
0.857133
0.892941
1.45031
0.872881
0.849473
0.815243
0.838124
0.804348
0.864334
1.1129
0.990518
0.875159
1.05072
0.88299
1.81364
0.80227
0.806524
0.876155
0.892891
0.799219
1.08631
1.1009
0.899325
1.13279
1.01933
0.921292
0.82134
0.925613
0.804471
0.807503
0.799219
1.18325
1.18566
1.29224
1.02621
0.880059
0.866904
0.90822
0.81791
0.802423
0.865266
0.938581
0.809412
0.840039
0.834792
1.21765
0.934017
0.901664
0.817314
0.845883
1.19051
0.947866
0.892411
1.11982
1.09585
0.803316
0.80616
0.805439
0.971886
1.42629
0.864513
0.800216
0.951681
0.834964
0.800952
0.91759
0.799219
0.895668
1.01319
0.889239
0.844166
0.799697
0.840611
0.809493
0.983587
1.13713
0.839004
0.833641
0.936566
0.907102
0.880804
0.932561
0.899173
0.934465
0.932937
0.858297
0.862822
1.09141
0.845397
0.803725
0.93996
0.93026
1.12746
0.801992
0.925424
0.843569
0.803802
0.812702
0.868889
0.869157
0.813942
0.820821
0.835873
0.846741
0.840029
0.83701
1.17024
0.805707
1.05036
0.931566
0.80305
1.01203
0.915936
0.892679
0.865348
0.860348
0.805317
0.803367
0.799219
0.805839
0.804328
1.27768
0.926363
0.80271
0.810349
0.816095
1.04122
1.03589
0.859864
1.2042
0.799219
0.91442
0.806
0.822001
0.82442
0.882758
0.822193
0.809376
0.799219
0.977366
0.853918
0.827989
0.820148
1.04367
0.802656
1.30847
1.23738
0.919416
1.09327
0.927828
0.817431
0.885035
0.906885
0.93713
1.41589
1.26123
1.03477
1.33002
0.816897
1.00448
0.952154
0.965821
0.886174
1.00314
0.877581
0.863783
0.86038
0.861594
0.888936
0.833891
0.829232
0.804677
0.930088
0.799219
1.35993
0.860248
0.799219
1.00977
1.24427
1.00437
1.04876
1.23508
0.840864
0.930963
0.884432
0.837689
0.799994
0.816375
1.58624
1.01187
0.884757
1.12908
0.800562
1.0044
0.98825
0.799697
0.910331
0.875919
1.31562
0.931594
0.918208
0.799219
1.07828
1.0585
0.997408
1.12143
1.03303
1.32054
0.848448
0.844448
0.799219
0.806417
0.799219
0.843596
0.92713
1.07645
0.869195
0.852594
1.0695
1.17913
0.92362
0.970948
0.987153
1.25257
0.833441
1.02455
0.801127
0.827443
1.05034
0.952933
0.800574
1.05278
1.15135
1.12341
0.800968
0.888688
0.862553
1.09336
1.04977
0.908287
0.799219
0.80739
0.799219
1.22798
0.799697
0.807256
0.963965
0.870954
0.818772
0.807864
0.958336
0.954163
0.810637
0.894061
1.01567
0.85795
0.929448
0.986574
0.801653
0.799219
0.972111
1.07318
0.835249
1.0939
1.30535
0.973283
0.988204
0.890207
1.11788
0.891393
1.08676
0.855489
1.27111
0.848752
0.811014
0.966486
0.911201
0.838996
1.07611
0.878454
0.873616
1.04103
1.10205
0.833704
0.901386
1.00599
0.866019
1.16353
0.988918
1.22139
1.57627
0.953037
1.04438
0.897907
0.912327
0.803994
0.799219
1.16709
0.987209
1.06143
1.1302
0.90184
0.799219
0.804037
0.939122
0.911002
0.879382
1.11163
0.884174
1.12482
0.802218
0.872013
1.00705
0.974573
0.799697
1.00205
1.03301
0.881722
1.22256
0.830101
0.912546
0.8803
0.914413
1.42732
0.809477
1.23882
0.802755
0.816834
1.18222
1.12667
0.810657
0.958892
0.879207
0.799219
0.892696
0.872352
0.799219
0.963735
0.937088
1.30639
1.14615
1.03183
0.93128
0.968385
0.807238
0.825343
0.805457
1.01973
0.863231
0.966469
0.87218
1.02519
0.844377
0.985264
1.0119
1.17644
0.98911
0.864884
1.14042
1.54031
0.829873
0.879245
1.02104
0.884773
0.806988
1.03764
1.10356
1.27303
1.05083
0.829654
0.923369
1.0396
1.20503
0.841314
0.844087
0.862758
1.33314
1.34978
0.924241
0.799929
0.945122
0.847873
1.08137
1.44299
1.01929
0.816891
0.865874
0.852875
0.966907
0.805264
0.799219
1.09126
0.817033
0.812924
0.976795
1.06681
1.11309
0.910524
0.993329
0.884806
0.860811
0.85704
1.25995
0.978327
0.854856
1.00543
0.993158
1.12901
1.08117
1.26137
0.799219
0.983326
0.803076
1.07513
0.90133
1.0797
1.09199
1.01545
0.818201
1.01447
0.801191
1.32302
0.799219
0.927753
1.13104
1.25743
0.891587
1.21471
0.799697
0.963415
0.950971
0.852529
1.28852
0.800116
0.872064
0.799697
0.885906
0.889159
1.11666
0.976615
0.818744
0.905479
1.09876
1.10395
0.804144
0.803377
1.14053
0.807896
0.817285
1.28078
0.932811
0.816836
0.889115
0.847039
1.02531
0.845738
0.902844
1.04564
0.896346
1.05285
0.799697
1.03063
0.985137
0.884479
0.806386
0.802984
0.844335
0.831006
1.07539
0.85828
0.828176
1.00296
1.12143
0.808209
0.891123
1.08571
0.983436
0.959622
0.972096
0.844862
0.991931
1.1385
1.49489
0.819129
1.06946
0.805707
0.802864
0.813143
1.04351
1.1798
1.35645
0.817681
1.38224
0.969605
0.814864
0.799697
0.891748
0.844754
0.885388
1.08468
0.803277
0.888828
1.02866
0.814192
0.799219
0.953047
0.998931
0.811971
0.991992
0.854503
0.804448
0.886345
1.2698
0.911706
1.03367
0.833225
1.1444
0.799219
0.874582
0.895341
1.06581
0.915776
1.00165
1.41749
1.07182
1.242
1.27118
1.1791
0.875265
1.01057
0.884502
0.822422
1.02716
0.858304
1.01472
1.13292
0.876188
1.17661
1.35752
0.916304
1.31629
0.903938
1.17652
0.826265
0.842139
0.799697
1.50339
0.885269
0.799697
0.840468
1.00871
0.871211
0.802175
1.03827
0.949836
1.03176
0.904724
1.06836
1.02104
1.0017
0.801433
0.935345
0.959177
0.799219
0.956475
0.813951
0.9678
1.04748
0.956901
1.02017
0.830446
1.05258
0.829879
1.30479
0.830954
0.912659
0.799759
0.799697
0.801011
1.40086
0.799697
0.806266
0.981723
1.26114
1.09107
0.799697
1.04449
1.02934
0.883109
0.81509
0.850985
1.10588
0.961673
0.913854
1.06518
1.41486
1.17131
1.1744
0.946556
0.963629
0.816753
0.908524
1.10494
0.806226
0.823348
1.19801
0.840496
0.884414
0.799219
0.827029
0.865353
0.804934
1.13323
0.829349
0.905173
1.14521
1.3202
0.920958
0.812424
1.34487
1.27936
0.996179
1.0081
0.951486
0.799219
1.1285
0.956124
1.2598
0.80241
1.2618
1.29064
0.799219
0.990647
0.825535
0.799219
1.05875
0.962242
1.09336
1.30062
0.806698
0.837245
0.803813
0.813553
1.17283
0.982266
0.925561
0.954388
0.861625
0.806128
0.857202
0.945249
0.90511
1.19676
0.799219
0.854672
0.898783
0.934704
0.800792
0.855921
1.53986
0.799219
1.00363
0.911697
0.802631
1.08831
0.801926
0.892621
0.881659
0.809625
0.884879
0.802455
1.05187
0.908457
0.981651
1.00567
1.16326
0.934051
0.801207
1.145
0.847346
0.826803
0.799219
1.14352
0.837317
0.810259
0.955385
0.860055
0.884703
0.801256
0.952782
1.02159
1.13497
0.871556
1.33074
1.05398
0.967516
1.0621
0.887334
0.799219
0.804908
0.802597
0.895706
0.822384
0.984719
0.953665
1.12227
0.957412
0.799219
0.80614
1.09251
1.28634
1.08157
0.862513
0.838847
1.24129
1.0634
0.916311
0.844646
0.799697
0.912288
0.799219
1.25667
0.857833
1.09101
0.873648
1.0763
0.820993
1.35227
0.822584
1.53878
0.8005
0.819246
1.00915
0.875763
1.04302
0.805091
0.898152
0.804374
1.06604
0.908669
0.821144
0.799697
0.830668
1.02674
0.882786
0.849565
0.997011
1.17384
1.13834
0.901251
1.10486
0.900936
1.5329
0.994283
0.801057
0.80355
0.802829
1.02516
0.799219
0.830853
1.10076
0.822683
1.18058
0.81199
1.01614
1.04408
1.29835
1.22909
1.42731
0.980213
1.09087
0.800787
0.828086
0.879115
1.44978
0.854478
0.949822
1.43588
0.968114
0.849028
1.03913
0.815412
0.899001
0.914247
1.00342
1.0699
1.06469
1.06172
0.885876
0.853626
0.901029
1.07522
0.965201
0.847926
0.834784
0.812295
0.856729
0.862201
0.943682
0.901508
0.801984
1.09844
1.04708
1.05893
0.936477
1.1059
1.24382
0.820492
0.980712
0.799219
0.799219
0.84058
1.16472
0.833056
0.799219
1.12664
1.04346
1.00215
1.20353
0.823843
1.28087
0.836577
0.821086
0.887918
0.953647
0.91638
1.02598
0.820204
1.053
0.799219
1.04007
1.0915
0.799219
1.0798
0.982385
0.844268
0.811251
1.56418
0.820733
0.897532
0.882055
1.30654
0.850546
0.931819
1.25723
1.00318
0.883413
1.08359
0.823208
1.01616
0.878258
1.39596
0.799697
0.858365
0.872948
0.85701
0.844537
0.843295
0.855837
1.02649
1.15591
1.18177
0.900792
1.09825
0.956029
0.811876
0.968623
0.89708
0.916414
0.874072
0
0
0
0
0
0
0
0
0
0
0
0
0
0
0
0
0
0
0
0
0
0
0
0
0
0
0
0
0
0
0
0
0
0
0
0
0
0
0
0
0
0
0
0
0
0
0
0
0
0
0
0
0
0
0
0
0
0
0
0
0
0
0
0
0
0
0
0
0
0
0
0
0
0
0
0
0
0
0
0
0
0
0
0
0
0
0
0
0
0
0
0
0
0
0
0
0
0
0
0
0
0
0
0
0
0
0
0
0
0
0
0
0
0
0
0
0
0
0
0
0
0
0
0
0
0
0
0
0
0
0
0
0
0
0
0
0
0
0
0
0
0
0
0
0
0
0
0
0
0
0
0
0
0
0
0
0
0
0
0
0
0
0
0
0
0
0
0
0
0
0
0
0
0
0
0
0
0
0
0
0
0
0
0
0
0
0
0
0
0
0
0
0
0
0
0
0
0
0
0
0
0
0
0
0
0
0
0
0
0
0
0
0
0
0
0
0
0
0
0
0
0
0
0
0
0
0
0
0
0
0
0
0
0
0
0
0
0
0
0
0
0
0
0
0
0
0
0
0
0
0
0
0
0
0
0
0
0
0
0
0
0
0
0
0
0
0
0
0
0
0
0
0
0
0
0
0
0
0
0
0
0
0
0
0
0
0
0
0
0
0
0
0
0
0
0
0
0
0
0
0
0
0
0
0
0
0
0
0
0
0
0
0
0
0
0
0
0
0
0
0
0
0
0
0
0
0
0
0
0
0
0
0
0
0
0
0
0
0
0
0
0
0
0
0
0
0
0
0
0
0
0
0
0
0
0
0
0
0
0
0
0
0
0
0
0
0
0
0
0
0
0
0
0
0
0
0
0
0
0
0
0
0
0
0
0
0
0
0
0
0
0
0
0
0
0
0
0
0
0
0
0
0
0
0
0
0
0
0
0
0
0
0
0
0
0
0
0
0
0
0
0
0
0
0
0
0
0
0
0
0
0
0
0
0
0
0
0
0
0
0
0
0
0
0
0
0
0
0
0
0
0
0
0
0
0
0
0
0
0
0
0
0
0
0
0
0
0
0
0
0
0
0
0
0
0
0
0
0
0
0
0
0
0
0
0
0
0
0
0
0
0
0
0
0
0
0
0
0
0
0
0
0
0
0
0
0
0
0
0
0
0
0
0
0
0
0
0
0
0
0
0
0
0
0
0
0
0
0
0
0
0
0
0
0
0
0
0
0
0
0
0
0
0
0
0
0
0
0
0
0
0
0
0
0
0
0
0
0
0
0
0
0
0
0
0
0
0
0
0
0
0
0
0
0
0
0
0
0
0
0
0
0
0
0
0
0
0
0
0
0
0
0
0
0
0
0
0
0
0
0
0
0
0
0
0
0
0
0
0
0
0
0
0
0
0
0
0
0
0
0
0
0
0
0
0
0
0
0
0
0
0
0
0
0
0
0
0
0
0
0
0
0
0
0
0
0
0
0
0
0
0
0
0
0
0
0
0
0
0
0
0
0
0
0
0
0
0
0
0
0
0
0
0
0
0
0
0
0
0
0
0
0
0
0
0
0
0
0
0
0
0
0
0
0
0
0
0
0
0
0
0
0
0
0
0
0
0
0
0
0
0
0
0
0
0
0
0
0
0
0
0
0
0
0
0
0
0
0
0
0
0
0
0
0
0
0
0
0
0
0
0
0
0
0
0
0
0
0
0
0
0
0
0
0
0
0
0
0
0
0
0
0
0
0
0
0
0
0
0
0
0
0
0
0
0
0
0
0
0
0
0
0
0
0
0
0
0
0
0
0
0
0
0
0
0
0
0
0
0
0
0
0
0
0
0
0
0
0
0
0
0
0
0
0
0
0
0
0
0
0
0
0
0
0
0
0
0
0
0
0
0
0
0
0
0
0
0
0
0
0
0
0
0
0
0
0
0
0
0
0
0
0
0
0
0
0
0
0
0
0
0
0
0
0
0
0
0
0
0
0
0
0
0
0
0
0
0
0
0
0
0
0
0
0
0
0
0
0
0
0
0
0
0
0
0
0
0
0
0
0
0
0
0
0
0
0
0
0
0
0
0
0
0
0
0
0
0
0
0
0
0
0
0
0
0
0
0
0
0
0
0
0
0
0
0
0
0
0
0
0
0
0
0
0
0
0
0
0
0
0
0
0
0
0
0
0
0
0
0
0
0
0
0
0
0
0
0
0
0
0
0
0
0
0
0
0
0
0
0
0
0
0
0
0
0
0
0
0
0
0
0
0
0
0
0
0
0
0
0
0
0
0
0
0
0
0
0
0
0
0
0
0
0
0
0
0
0
0
0
0
0
0
0
0
0
0
0
0
0
0
0
0
0
0
0
0
0
0
0
0
0
0
0
0
0
0
0
0
0
0
0
0
0
0
0
0
0
0
0
0
0
0
0
0
0
0
0
0
0
0
0
0
0
0
0
0
0
0
0
0
0
0
0
0
0
0
0
0
0
0
0
0
0
0
0
0
0
0
0
0
0
0
0
0
0
0
0
0
0
0
0
0
0
0
0
0
0
0
0
0
0
0
0
0
0
0
0
0
0
0
0
0
0
0
0
0
0
0
0
0
0
0
0
0
0
0
0
0
0
0
0
0
0
0
0
0
0
0
0
0
0
0
0
0
0
0
0
0
0
0
0
0
0
0
0
0
0
0
0
0
0
0
0
0
0
0
0
0
0
0
0
0
0
0
0
0
0
0
0
0
0
0
0
0
0
0
0
0
0
0
0
0
0
0
0
0
0
0
0
0
0
0
0
0
0
0
0
0
0
0
0
0
0
0
0
0
0
0
0
0
0
0
0
0
0
0
0
0
0
0
0
0
0
0
0
0
0
0
0
0
0
0
0
0
0
0
0
0
0
0
0
0
0
0
0
0
0
0
0
0
0
0
0
0
0
0
0
0
0
0
0
0
0
0
0
0
0
0
0
0
0
0
0
0
0
0
0
0
0
0
0
0
0
0
0
0
0
0
0
0
0
0
0
0
0
0
0
0
0
0
0
0
0
0
0
0
0
0
0
0
0
0
0
0
0
0
0
0
0
0
0
0
0
0
0
0
0
0
0
0
0
0
0
0
0
0
0
0
0
0
0
0
0
0
0
0
0
0
0
0
0
0
0
0
0
0
0
0
0
0
0
0
0
0
0
0
0
0
0
0
0
0
0
0
0
0
0
0
0
0
0
0
0
0
0
0
0
0
0
0
0
0
0
0
0
0
0
0
0
0
0
0
0
0
0
0
0
0
0
0
0
0
0
0
0
0
0
0
0
0
0
0
0
0
0
0
0
0
0
0
0
0
0
0
0
0
0
0
0
0
0
0
0
0
0
0
0
0
0
0
0
0
0
0
0
0
0
0
0
0
0
0
0
0
0
0
0
0
0
0
0
0
0
0
0
0
0
0
0
0
0
0
0
0
0
0
0
0
0
0
0
0
0
0
0
0
0
0
0
0
0
0
0
0
0
0
0
0
0
0
0
0
0
0
0
0
0
0
0
0
0
0
0
0
0
0
0
0
0
0
0
0
0
0
0
0
0
0
0
0
0
0
0
0
0
0
0
0
0
0
0
0
0
0
0
0
0
0
0
0
0
0
0
0
0
0
0
0
0
0
0
0
0
0
0
0
0
0
0
0
0
0
0
0
0
0
0
0
0
0
0
0
0
0
0
0
0
0
0
0
0
0
0
0
0
0
0
0
0
0
0
0
0
0
0
0
0
0
0
0
0
0
0
0
0
0
0
0
0
0
0
0
0
0
0
0
0
0
0
0
0
0
0
0
0
0
0
0
0
0
0
0
0
0
0
0
0
0
0
0
0
0
0
0
0
0
0
0
0
0
0
0
0
0
0
0
0
0
0
0
0
0
0
0
0
0
0
0
0
0
0
0
0
0
0
0
0
0
0
0
0
0
0
0
0
0
0
0
0
0
0
0
0
0
0
0
0
0
0
0
0
0
0
0
0
0
0
0
0
0
0
0
0
0
0
0
0
0
0
0
0
0
0
0
0
0
0
0
0
0
0
0
0
0
0
0
0
0
0
0
0
0
0
0
0
0
0
0
0
0
0
0
0
0
0
0
0
0
0
0
0
0
0
0
0
0
0
0
0
0
0
0
0
0
0
0
0
0
0
0
0
0
0
0
0
0
0
0
0
0
0
0
0
0
0
0
0
0
0
0
0
0
0
0
0
0
0
0
0
0
0
0
0
0
0
0
0
0
0
0
0
0
0
0
0
0
0
0
0
0
0
0
0
0
0
0
0
0
0
0
0
0
0
0
0
0
0
0
0
0
0
0
0
0
0
0
0
0
0
0
0
0
0
0
0
0
0
0
0
0
0
0
0
0
0
0
0
0
0
0
0
0
0
0
0
0
0
0
0
0
0
0
0
0
0
0
0
0
0
0
0
0
0
0
0
0
0
0
0
0
0
0
0
0
0
0
0
0
0
0
0
0
0
0
0
0
0
0
0
0
0
0
0
0
0
0
0
0
0
0
0
0
0
0
0
0
0
0
0
