-0.621759
0.228967
0.701221
-0.371405
0.414463
-0.242199
-0.407634
0.403208
-0.345932
-2.64032
-1.12597
-1.5737
-0.725026
0.175231
-1.8691
-1.59071
-1.31266
-1.10594
0.409173
-0.756644
-1.48115
-1.77392
-0.840049
-0.846151
-1.31435
0.234889
-0.0484507
0.505944
-0.584318
-0.209648
0.0337701
-0.150768
0.0176216
0.471449
-0.899393
0.259359
-0.267577
-1.37641
0.066755
0.0994653
0.389604
0.0472443
-1.67694
0.167856
0.257189
0.43424
-0.363896
-0.743754
-0.0291294
-0.621444
-0.0221393
-5.14986e-05
-0.536975
-0.433898
0.721021
-1.57888
-0.755049
-2.01221
-0.94554
0.274694
0.333582
-0.337216
0.300098
-1.83209
-0.837327
0.167467
-0.728581
-0.330691
-0.56432
-0.323633
-0.396964
-0.66573
0.13034
-1.05381
-1.03067
-0.260455
0.05815
-1.48399
-1.41669
0.464651
-0.100189
0.141942
-0.579889
-1.43041
-0.300878
-0.305706
0.184536
-1.69466
0.178758
-2.95307
-0.112296
-0.481557
0.179299
-0.545672
0.0672779
-0.687277
-0.4052
-0.660116
-0.6591
-0.849733
-0.164457
-0.934259
0.630552
0.326133
-0.121881
0.278988
-1.36877
-0.941182
-0.076347
-0.421547
-1.2024
-2.02563
-1.194
0.275956
0.00116797
-0.620736
0.0660209
0.0461195
0.197866
-1.0456
-1.98912
-1.12126
-0.963827
-0.970131
-0.302102
-0.0319382
0.501574
0.289029
-0.426307
-0.181726
0.0793961
-0.633417
0.560161
-0.0990532
0.399796
-1.42836
-0.0120581
0.035833
-0.73725
0.562037
-0.210568
-1.40681
0.940909
-0.0918405
-0.162979
-0.434246
0.107138
-0.361759
0.34681
-0.978121
-0.373047
-1.47341
-0.698317
-0.416021
-0.739022
-0.103565
-0.802294
-1.19306
0.577592
-1.12529
-0.0265532
0.446616
0.210157
-0.0225317
0.109131
-0.243663
0.434926
-0.0613744
0.184487
0.129905
-0.64993
-0.0612631
0.448264
-0.887559
-0.412899
-2.36953
-0.180933
0.127044
0.232153
-0.689652
-0.31012
-1.4268
-0.171757
0.27584
-0.269081
0.192463
-1.02423
-0.931812
0.343986
-0.460387
-1.71974
-0.892627
0.159587
-0.460026
-0.329649
-0.140548
-0.445269
-0.756893
-0.298295
0.247681
-0.421081
0.124411
0.261965
-0.751589
-0.0668881
0.0851281
0.112112
-0.506678
-0.821055
-0.435925
0.660779
-0.770454
-0.155249
0.532114
0.150761
0.272358
-0.516704
0.242456
-0.786378
-0.241829
-0.0556056
-0.772106
-0.310132
-1.33278
-0.988098
-0.357476
-0.899624
-0.604589
0.551111
-1.50563
-0.206374
0.175921
0.302972
0.791081
-0.151748
0.178428
-2.218
-0.645385
-0.355202
0.334698
0.497285
-1.2629
0.0712362
-0.0035768
-0.0474141
-0.322389
-1.97005
0.269147
0.238715
0.184653
-1.84521
0.457634
-0.136575
-1.44633
0.0889324
-1.14365
-0.945275
0.147158
-0.703859
0.549515
0.441434
-0.840079
0.242696
-0.63905
0.534827
0.273083
-0.0675029
-1.13848
0.534596
0.288273
-0.745254
0.636181
0.210038
0.824164
0.177957
0.256894
0.290052
-0.254634
0.134292
0.198011
-0.055836
-1.34503
0.650521
-0.0951435
0.24149
0.657303
0.5045
0.266774
0.126114
-0.351411
0.262767
-0.49961
-1.49265
-0.0946215
-1.36297
-0.281586
0.136285
-0.06766
-0.403966
0.186511
-0.182189
0.176663
0.280594
0.0271031
-1.2459
-0.865302
0.684661
0.364843
-0.0367486
0.576202
0.146245
-0.85655
-1.74431
-0.0947528
-0.188012
0.250598
-0.302677
-0.140984
0.0866013
0.200977
0.432011
-0.0279196
0.325247
-0.688566
0.0857509
-0.579362
-0.186657
-0.225029
0.539106
0.538228
-0.166423
-0.785021
0.142118
-0.0584107
0.312932
0.244194
0.111352
0.749132
-0.0718127
-1.15853
-1.91986
-0.814218
-0.51679
-0.059227
0.130812
-0.940083
-0.198536
0.057345
-0.683383
-1.49177
-0.122851
0.0367035
-1.49813
-1.54305
0.313539
-0.0711508
0.371335
-0.333956
-1.71107
-1.16794
-1.5064
0.372128
0.382495
-1.22435
-0.111104
-0.0182748
-0.96536
-0.552473
0.156501
0.479176
-0.577566
-0.306258
-0.551015
0.0381486
0.45869
-0.941853
0.131356
0.152077
0.559106
-1.23591
-0.0733362
0.412813
0.054427
-0.205678
0.318426
-0.872914
-1.4848
0.113728
-0.0318868
-0.953874
-0.338203
0.482346
-0.186332
-0.354754
-1.42885
-0.00796397
0.629375
-0.171273
0.195196
-0.520625
-1.07863
-0.459304
-1.8878
-0.796811
-0.0988539
-1.62649
0.0194157
0.0557803
0.209781
0.670331
-1.74749
0.218215
-0.162701
-0.783923
0.160758
-0.995795
-1.00276
-0.688743
-0.885607
-0.381189
-0.98062
-0.942078
-0.589088
-0.134443
0.255627
-0.0848358
-1.23396
-0.950323
-1.15093
-0.120053
0.22739
0.446795
0.698519
-0.417157
-0.0450189
-0.274788
0.271464
0.276473
-0.841107
-0.43081
-0.45266
0.220205
-0.923712
-0.490898
-1.07358
-0.873732
0.499487
0.396788
-0.780572
-0.877948
-0.73402
-0.0258466
-0.517361
0.0914667
-1.25395
-0.0337943
0.452874
-0.679061
-1.27151
-2.74907
-0.756584
-0.161381
-0.823647
-0.232649
-0.399705
-0.435293
-1.05679
-2.80122
-0.114283
-0.901933
-1.11935
-0.124658
0.179975
0.255839
-0.607769
-0.288674
-0.461584
-0.3019
-1.38619
0.491675
0.678921
-0.401756
0.662849
-0.237166
0.679963
-1.2206
-0.330612
-1.63942
-0.0926044
-0.20835
0.0985298
0.0454515
-0.754668
0.134789
0.231018
-1.79827
0.158065
0.182574
-1.99276
0.39472
-0.883061
0.153251
0.473016
-2.4034
0.150367
-0.422935
0.119158
0.532206
-0.788459
-1.60666
-1.4613
-1.57468
-0.631846
-2.4238
0.628162
0.431978
0.602515
0.182257
-1.13219
-0.782217
-1.2074
-0.0838092
-0.265091
-0.940271
0.204535
-1.63277
-1.13555
0.455279
0.277625
0.518383
0.283203
-0.582843
0.11009
-1.79386
-0.246329
-0.00359912
-0.2822
-0.749064
-0.0436218
-0.248299
-0.531254
0.343996
-0.195154
-0.395431
-0.573018
0.664557
-0.0435373
0.298071
0.328166
-0.442373
-0.00169045
0.406346
-0.729694
-0.0158068
0.192746
-0.393108
-0.0802224
0.585498
0.459463
0.0095934
0.661042
-0.164353
-0.26766
-1.72914
-0.75355
0.00955071
0.854956
0.394909
-0.951869
-0.148476
-1.26073
0.355358
-0.476433
-2.70006
-0.0264512
-0.610483
0.0702953
-0.25744
-1.11005
-0.904879
0.39503
-0.136397
-1.99248
-0.0212764
-0.718855
0.184887
-0.622848
0.393682
-1.45618
-0.122648
0.00544651
-0.337256
-1.75258
-0.364802
-0.0241588
-0.141834
0.14854
-1.49366
-0.486841
-1.67908
-0.860597
-1.15177
0.425387
0.142821
0.11547
-1.27806
-0.0963914
-0.315837
0.409978
-0.679883
0.417177
-0.285804
-1.79968
0.690451
-0.0971405
-0.169676
-0.658178
0.284179
0.274179
-0.242492
-0.0371047
0.309302
-0.654952
0.379634
-0.14182
0.659828
-0.93915
-1.06889
0.240938
-0.0940534
-0.613945
-0.222958
-0.575815
0.135571
-0.984507
-0.814596
0.310676
-2.06923
-2.08794
-0.495223
0.155606
-0.853283
-0.221733
-0.266009
-0.719252
0.470276
-1.08441
-0.322346
0.149937
0.505728
0.320929
0.338823
-0.787631
-0.437163
0.340908
0.221428
0.139588
-1.87147
-0.533206
-0.818925
0.741624
-1.23134
0.341905
0.526453
-0.0207634
-0.247224
-0.486459
0.191564
-2.12094
-1.24824
0.0457862
0.0177263
-0.631432
0.496462
-0.61355
-1.29279
-1.53403
-0.14853
-0.412755
-1.10906
-0.130345
0.109436
-0.143642
0.650244
0.259263
-0.268427
-0.783008
0.344219
-0.117398
-0.181765
-0.139705
-0.113181
0.0993925
0.136698
-0.302306
-1.75088
-0.774875
-0.565749
-0.746985
-0.716939
-0.0953393
-0.710981
-0.293916
0.412445
-0.39569
-0.115469
-0.941506
-1.11308
-2.0263
-0.470695
-1.72859
-1.23132
-0.685992
-0.634639
0.568544
0.0919959
0.293031
-1.52924
-1.12668
-0.183467
0.493109
-0.206984
0.387786
-0.957542
0.153604
0.586247
-0.919161
-2.03724
0.271446
-0.210986
-0.952174
-0.795607
0.176382
0.405995
0.362746
-0.0165042
0.167818
-1.28312
-0.744056
-1.13774
0.05015
0.356431
0.508803
-0.254026
-0.108487
-1.98654
0.36928
-0.875176
-0.480445
0.400421
-0.212978
-0.920196
-0.129087
-0.47189
0.200015
-1.19907
0.174368
-0.426706
0.0145345
-0.364257
-1.80416
-0.0681376
0.59759
-0.87071
-0.00701922
-0.302786
0.17185
0.360784
-0.049714
0.374426
-0.183257
-1.30187
-0.804146
0.2932
-0.684856
0.0733532
0.421842
0.324384
-0.790414
0.346883
-0.669997
0.253567
0.0844221
-0.563951
-1.34798
-0.603469
0.30336
-0.854031
0.275701
-0.29841
0.422632
-0.327073
-0.492655
0.0423514
0.396374
0.290445
0.00955707
-1.38397
-1.16323
-1.05669
-0.508114
-1.0722
-0.809491
-0.683738
-0.406233
-0.556393
-3.4061
-0.834511
0.191221
-0.301261
-0.288783
-0.297638
-0.100138
-0.725754
-0.176229
0.685654
0.219158
0.258374
-1.14494
-2.14247
-0.357448
-0.779502
0.22247
0.305367
-2.17345
-0.52187
-0.0241557
-0.228579
-0.965953
-1.16844
0.687463
0.118035
-0.690855
-1.8035
-1.60527
-0.95149
0.0990848
0.0842097
0.434449
-0.168173
-0.165201
-0.968147
0.381724
-1.15777
0.107499
0.462281
0.443924
0.245051
-0.112061
-1.30016
-0.631773
-0.175666
-1.07886
-0.949395
-0.750443
-1.22825
-1.65368
0.294679
-1.5047
-1.3564
0.0562616
-1.1503
-0.468295
0.267947
0.189305
-1.21058
0.0884081
0.0211734
0.659887
-0.998673
-0.423809
-1.89574
-0.603911
-1.30017
-2.13902
0.376262
0.758787
0.239679
0.224475
-1.38526
-0.471162
-0.609469
-0.947997
-1.35598
-0.60663
-0.282865
0.385232
-0.0704985
0.6316
-0.567739
0.242111
0.0874604
-0.10713
-1.27385
0.317453
-1.1915
-0.0833851
0.737801
-0.610659
0.318888
-0.473188
-1.31369
-0.210174
0.0394828
0.714785
-1.09194
-1.30397
-1.49859
0.587828
0.39543
0.420923
-0.956312
-0.138948
-2.18292
0.206352
-0.657951
-0.636989
-1.44477
-0.350019
-0.228946
-1.68981
0.0725101
-1.57372
0.493956
-0.805239
-0.205891
-0.293317
-0.19308
-2.22747
0.282012
-0.612261
-0.323081
0.00125168
-0.334391
-0.270642
-1.01889
-0.746246
0.359723
0.0999062
0.0658479
-0.0553436
-1.04619
-1.54159
0.0984267
-0.774806
-0.827047
0.373938
0.360286
0.254083
-0.288038
-0.0726843
0.830495
0.535357
-0.79054
-0.675182
-0.35395
0.175841
-0.00493415
-1.59027
-0.880057
-0.881323
-0.784328
-1.48604
-0.995755
-1.65301
-1.35282
0.5468
-1.32914
-2.41113
-0.044631
-0.747901
-1.11278
0.219723
-0.947489
-0.00510813
-1.36918
-1.46245
-0.230305
-1.29965
-0.183695
-0.406122
-0.592568
-1.35155
-0.95886
0.169864
0.827475
0.0121327
0.554901
0.308735
0.540141
-0.342065
0.482353
0.294468
0.263731
-0.189956
-1.31717
-0.239545
0.418683
-2.21114
0.220227
-0.890316
-0.0657677
-1.36797
-0.25642
-0.479649
0.419899
-0.3642
0.2069
-0.15397
0.4191
-0.128518
0.328696
-0.661238
-0.245435
-0.138127
-0.620222
0.102538
-0.817088
0.0478356
-1.63689
-1.03663
-0.0822688
-1.05162
0.522474
-0.398872
-0.322009
0.621754
-0.177734
0.338664
-0.725045
0.171268
0.188268
-0.271879
-0.00349365
-0.190071
-0.435066
0.231906
0.76013
0.00728938
-1.05035
-0.920735
0.38297
-0.50471
0.0386462
-0.598732
-0.912502
-0.886913
-0.338488
-0.245015
0.406598
0.423753
-0.139949
-0.18238
-0.121171
0.515172
0.177148
0.136055
0.10221
-0.0963322
0.127434
0.127199
-0.141095
0.609711
0.0994747
0.54877
0.33424
-1.01424
-0.0247597
-1.70842
-0.594201
-0.515913
-1.5166
-0.861416
-1.00361
-0.703899
0.102199
-0.240114
0.283808
0.257406
-0.23652
0.0606786
-0.377834
0.376047
-0.879298
-1.00973
0.184059
-0.99349
0.411859
-1.17333
-0.463551
-0.0107803
-0.0528554
0.198544
-1.09442
-0.596689
-0.217186
-1.00149
-0.177126
0.196549
-0.00329463
0.448912
0.442777
-0.340333
-0.469493
-0.930992
-0.656136
-0.232658
0.368315
0.544924
0.245486
0.0653685
-0.528475
0.275463
0.568705
0.0239986
0.396474
0.105443
-0.272489
0.474422
-0.416715
-0.667656
-0.680157
-0.265929
0.286854
0.423396
-0.370663
0.282712
-1.18284
-0.286449
-0.601789
-0.105444
-0.0121815
0.66658
-1.54598
-0.604571
-0.592403
-0.293795
-0.928223
-0.519333
0.35131
0.0627578
-0.211367
0.198067
-0.0851112
0.853767
-0.881859
-1.04342
-0.071113
-0.110481
-1.33021
0.263415
0.314697
0.0163146
0.368819
-0.396183
-0.0242032
-0.651037
0.123859
-0.957264
-0.564971
-1.77628
0.349405
0.534277
0.48668
0.130923
-0.161653
-0.350939
-0.0625994
-0.597094
-0.841018
-0.443392
0.0156502
-0.581354
-0.788951
-0.511684
0.480389
-0.161156
-0.298739
-0.591114
-0.118496
0.393148
-0.027065
0.0305569
0.130859
0.2166
-0.635198
-0.571408
-0.601019
0.238069
0.576974
-0.463723
-0.877586
-0.055155
-0.405155
-0.85654
0.021526
-0.813424
-0.888559
-0.0303229
-0.121137
-0.427307
-1.15362
-0.38102
-1.23483
-0.0859881
0.24321
-0.343211
-0.26739
-0.337183
-0.0822356
-0.0536856
-0.111407
-0.273434
0.0467068
-0.196434
-0.364334
-0.149862
0.331514
-0.686904
-0.720415
0.108582
-0.0438737
0.236425
-0.742591
-0.625506
-0.780993
-0.671005
-0.550592
-0.406454
-0.832706
-0.565607
-0.475098
-0.597227
-0.236135
-0.149431
-0.356233
0.351495
-0.854576
0.0126828
-0.0355361
-0.79135
0.171061
-0.0125826
-0.254298
-0.251845
-0.211161
-0.903398
-0.849348
-1.34189
-0.967286
-0.714799
0.558554
0.0148982
-0.710075
-0.493174
-0.31641
0.0885818
0.132697
-0.0814456
0.324681
-0.912724
-0.233527
-0.739133
-1.3604
-0.609713
-0.114705
-0.605628
-0.750645
-1.57145
-0.114749
-0.919351
-1.28009
-0.60155
0.170854
-0.350054
0.527443
0.415125
-0.0822983
0.277192
-0.0696486
-0.786215
-0.234415
-0.0327755
-0.105821
0.611791
0.415486
0.0947733
0.512941
-0.670567
0.206161
0.107934
0.155665
-0.196848
0.251101
-0.316264
-0.23725
-0.0567413
-0.65902
0.066229
-0.409596
-0.439057
-0.698376
0.00713543
-1.9837
0.499592
-0.289213
-1.39387
0.109119
0.460793
0.119938
0.13444
0.4334
-0.446683
0.0839637
-0.0990332
-0.297153
-0.75877
-0.553726
0.760277
-0.30139
-0.295584
0.365696
-1.60152
-0.0678655
0.063254
-1.06541
-0.00382487
-0.478437
0.541078
-0.0959913
-0.542012
-1.73732
0.271448
0.160429
0.109767
0.323453
0.254475
0.542322
-0.225332
-0.105515
-1.12235
-2.17411
-1.96552
-0.30812
-0.102235
0.212671
-0.355096
-1.6146
0.188855
0.399645
-0.102415
-0.141591
-0.0306225
0.441154
-0.736595
0.145571
-0.875434
-0.172989
0.179175
0.159925
-0.975488
0.0676751
0.232678
0.336508
-0.956254
-0.159268
-0.346269
0.100707
0.155859
-0.151913
-1.14616
-1.54649
-1.4164
0.464304
-2.45859
-1.08872
0.0169379
-0.138562
-0.585352
-1.31431
-0.0267404
0.131186
-0.370589
0.00857826
0.212625
-0.275579
-0.202923
-0.0200925
-0.543768
-1.02814
-0.0776708
0.175567
-0.415444
0.201592
0.561246
0.177057
0.00244237
-0.0967527
-0.0727812
-0.360961
0.247004
-0.714176
0.566583
-0.242361
-0.761626
0.148113
0.0771078
-0.332686
0.376876
-0.293088
-0.142341
0.0808089
0.322763
-0.464012
-0.239321
0.226114
-0.511589
0.400434
0.0953283
0.462585
0.775008
-0.187931
0.0451798
-0.0534103
-0.0783271
-0.77762
-1.06529
0.461112
0.0828854
0.0383784
0.326434
-0.210974
-3.1659
-1.15802
0.0697676
-0.13563
-0.241157
0.36875
-0.229152
0.267442
-1.2363
-0.143897
0.149118
0.156925
-0.989089
0.162782
0.159833
0.00339404
0.385369
-0.661486
-0.146615
-0.110157
-0.192095
0.650141
-0.46638
0.40707
-1.05089
-0.631956
0.36027
0.353579
-0.792464
0.169975
-0.304259
-1.27445
-0.13559
-0.734644
-1.09028
0.0942544
-0.139299
0.530894
0.391271
0.0678451
0.0257445
-0.184767
-0.656806
-0.325475
-1.04408
0.250818
-0.190497
0.10897
-0.13044
0.284104
-0.308726
0.0113871
0.0965219
0.280735
-0.432828
-0.794798
0.469692
0.67592
-0.464422
-0.325662
0.215536
-0.118209
-0.883917
0.103955
0.290459
0.379701
0.288141
-1.28476
-0.621516
-0.0316219
0.320904
-0.394715
-0.523233
-0.351138
0.372577
0.555341
-0.0482555
-0.666363
-0.35666
-0.249577
0.292335
0.653492
0.143034
-0.385496
-0.153649
-0.412855
0.127678
-0.86856
-1.26104
0.146101
-0.359772
-0.532987
-0.00636867
0.255448
0.366754
-0.266355
0.12442
-1.19413
-1.66412
-1.46241
0.478591
-0.0265845
-0.12955
-0.380992
-0.609874
0.330193
0.173287
0.482528
-1.18894
0.0542969
-0.910545
0.123735
-0.941014
-0.0074874
0.219366
0.279934
-0.291092
-0.236046
-0.78596
0.524168
-1.46423
0.0657661
0.33426
0.441659
-0.191905
0.502879
-0.747368
-0.0331163
-0.118942
-0.302263
0.556031
-0.538986
-0.205559
-0.751547
-0.0522577
-0.259459
0.211732
0.183184
-1.28706
-0.133059
0.251254
0.343833
-0.547234
-0.762439
0.128278
-0.754228
-0.579351
0.471082
-0.188664
-0.59865
-0.335291
-0.168589
0.0673108
-0.522933
-0.621414
0.330968
-0.230711
0.299967
-1.33453
0.269034
-0.0262101
-0.0515304
-0.954371
-1.32322
-0.200409
-0.674123
0.313361
-0.236958
-0.359879
-0.00924261
0.39198
-0.960451
-0.619852
0.104379
-0.240274
-0.0247246
0.0601164
-1.39164
-0.0568648
0.272
0.725972
-0.840224
0.382415
-0.718493
-1.72502
-0.636962
0.320824
0.328285
0.536667
-0.719542
0.607353
0.0617715
-0.502897
-1.07034
-0.015434
-0.128431
-0.128393
0.162247
-0.836253
-0.0538131
0.0877183
-0.905352
-1.06946
-0.0462051
0.238706
-0.600593
0.0408068
-0.830045
-0.55049
-0.0394788
0.471381
-0.129707
0.0868029
-0.273994
0.342888
-2.49759
-0.0253615
-1.05915
0.20465
-0.00199998
0.12998
0.640463
0.0281493
0.429899
0.413898
0.406883
-0.055675
0.0832019
-0.255491
-0.550894
0.244283
-0.573227
0.154274
0.338497
0.0505063
0.427439
0.537254
-0.39039
0.207192
-0.671035
0.417799
-0.659844
-0.690453
-0.625013
0.671905
-0.131323
-1.18481
-0.237468
0.167844
-0.156409
-0.980169
0.233907
0.0589452
0.0975761
0.0328763
-0.0979545
0.166329
0.173932
-0.652951
-0.0684097
-0.0909222
-1.46495
-0.164046
-0.426797
-0.521883
0.230423
0.115335
0.28685
-0.769057
0.0669317
-0.715482
0.598612
-0.387334
-0.153121
-1.53496
-1.26277
-0.751715
0.574209
-1.43595
-1.05605
-0.0282349
0.441748
0.35952
-1.3963
0.189192
0.130313
-0.268015
-0.559329
-0.325967
0.1817
0.0942811
-0.233163
0.148862
0.699827
0.377878
0.380855
-0.0498027
-0.0277329
-0.607926
-0.124621
0.259333
-0.735412
-0.656347
0.362062
-0.488992
-0.387308
-2.03421
-0.341434
-0.00404506
-0.74774
0.32162
-0.354717
0.0477099
0.310033
0.545562
-0.0551274
-0.427315
0.586498
0.496689
0.141415
0.191522
-0.00797633
-1.15702
0.34984
-0.144378
0.528218
-1.72727
0.585825
0.612214
-1.53401
0.164728
-0.845106
-1.1589
0.0339272
0.20294
0.198982
0.457664
-0.839559
-0.678431
-1.03925
-0.749239
0.355146
-0.150666
-0.614325
-0.135962
-0.127843
-0.647319
-0.239205
0.147782
-0.224935
0.491201
-1.50416
-0.0998363
-0.230218
-0.203544
-1.0488
-0.170389
0.736487
-2.05506
0.0831803
-0.377794
-0.965058
0.181299
-1.66951
-0.248846
-0.0635692
-0.599735
-0.274117
-1.25342
0.093483
-0.167083
-0.286892
0.0924135
0.310846
0.0249609
-0.874388
0.246664
-0.338488
-0.320882
-0.919414
-0.135262
-0.468735
-0.516781
0.0964705
-0.405782
-0.341082
-0.956966
0.092748
0.209926
0.391051
-0.780248
0.62975
0.224775
-0.0911533
0.292041
0.0147755
-1.3634
-0.43789
-0.842659
-0.21431
-0.264866
0.166756
-0.363782
0.355835
0.0433448
-1.66575
-1.11731
0.158525
0.526396
0.174424
-0.302573
-0.549538
0.300544
0.311331
0.00844667
-0.509639
-1.93282
-0.209654
-1.4485
0.399115
-0.265614
0.183125
-0.125844
0.165449
-0.36902
0.597605
-0.627372
0.672732
-0.468264
-0.365235
0.151435
-0.696505
0.176624
-1.06768
-0.268572
-0.843767
0.395175
-0.104826
-1.30059
-1.18664
-0.685114
0.269613
-0.821236
-0.282611
-0.00378319
0.441682
0.378264
0.0412413
0.362229
-0.192978
0.709778
0.105671
-0.802438
-0.848368
-0.952259
0.201449
-1.74777
-0.261833
0.269428
-0.297319
0.311367
-0.591712
0.267023
0.145626
0.460099
0.442604
0.681721
0.111157
0.113471
-1.30769
-1.43212
-0.267206
0.710145
-0.0449513
-0.046361
0.665511
-0.246347
-0.357607
0.220432
-1.16226
-0.292784
0.0219332
-0.0228128
0.253576
0.0398234
0.17846
-0.307792
-0.236008
0.10174
0.148825
0.133495
-0.277647
-0.149092
-0.648136
-0.823936
-1.15073
-0.0664463
0.104451
-1.53394
0.134099
0.0324127
0.259042
0.0885209
0.288694
0.605345
-0.323411
0.0345663
-0.892698
-1.71946
-0.281558
0.394263
-0.58176
-1.28857
0.346021
0.277154
-0.37466
0.483539
-0.804497
0.562557
-0.98386
-0.397825
-0.0108227
-0.00228479
-0.167182
0.199802
-0.309544
0.289522
-1.32192
0.192851
0.24887
-1.38076
0.287865
0.195078
-0.610295
-0.435569
0.728207
-0.818441
-0.0896232
-0.245767
0.526285
-1.11046
-0.0312793
0.352067
0.214261
-0.416018
0.235032
-0.401812
0.330118
-0.0801425
0.563977
-1.07249
-0.161902
-0.386987
-0.642574
-0.356873
-0.709584
-0.254224
0.0164593
0.228893
0.366289
-0.225292
0.255564
0.0097436
-0.469145
0.183989
0.154487
-0.274109
-0.47155
0
0
0
0
0
0
0
0
0
0
0
0
0
0
0
0
0
0
0
0
0
0
0
0
0
0
0
0
0
0
0
0
0
0
0
0
0
0
0
0
0
0
0
0
0
0
0
0
0
0
0
0
0
0
0
0
0
0
0
0
0
0
0
0
0
0
0
0
0
0
0
0
0
0
0
0
0
0
0
0
0
0
0
0
0
0
0
0
0
0
0
0
0
0
0
0
0
0
0
0
0
0
0
0
0
0
0
0
0
0
0
0
0
0
0
0
0
0
0
0
0
0
0
0
0
0
0
0
0
0
0
0
0
0
0
0
0
0
0
0
0
0
0
0
0
0
0
0
0
0
0
0
0
0
0
0
0
0
0
0
0
0
0
0
0
0
0
0
0
0
0
0
0
0
0
0
0
0
0
0
0
0
0
0
0
0
0
0
0
0
0
0
0
0
0
0
0
0
0
0
0
0
0
0
0
0
0
0
0
0
0
0
0
0
0
0
0
0
0
0
0
0
0
0
0
0
0
0
0
0
0
0
0
0
0
0
0
0
0
0
0
0
0
0
0
0
0
0
0
0
0
0
0
0
0
0
0
0
0
0
0
0
0
0
0
0
0
0
0
0
0
0
0
0
0
0
0
0
0
0
0
0
0
0
0
0
0
0
0
0
0
0
0
0
0
0
0
0
0
0
0
0
0
0
0
0
0
0
0
0
0
0
0
0
0
0
0
0
0
0
0
0
0
0
0
0
0
0
0
0
0
0
0
0
0
0
0
0
0
0
0
0
0
0
0
0
0
0
0
0
0
0
0
0
0
0
0
0
0
0
0
0
0
0
0
0
0
0
0
0
0
0
0
0
0
0
0
0
0
0
0
0
0
0
0
0
0
0
0
0
0
0
0
0
0
0
0
0
0
0
0
0
0
0
0
0
0
0
0
0
0
0
0
0
0
0
0
0
0
0
0
0
0
0
0
0
0
0
0
0
0
0
0
0
0
0
0
0
0
0
0
0
0
0
0
0
0
0
0
0
0
0
0
0
0
0
0
0
0
0
0
0
0
0
0
0
0
0
0
0
0
0
0
0
0
0
0
0
0
0
0
0
0
0
0
0
0
0
0
0
0
0
0
0
0
0
0
0
0
0
0
0
0
0
0
0
0
0
0
0
0
0
0
0
0
0
0
0
0
0
0
0
0
0
0
0
0
0
0
0
0
0
0
0
0
0
0
0
0
0
0
0
0
0
0
0
0
0
0
0
0
0
0
0
0
0
0
0
0
0
0
0
0
0
0
0
0
0
0
0
0
0
0
0
0
0
0
0
0
0
0
0
0
0
0
0
0
0
0
0
0
0
0
0
0
0
0
0
0
0
0
0
0
0
0
0
0
0
0
0
0
0
0
0
0
0
0
0
0
0
0
0
0
0
0
0
0
0
0
0
0
0
0
0
0
0
0
0
0
0
0
0
0
0
0
0
0
0
0
0
0
0
0
0
0
0
0
0
0
0
0
0
0
0
0
0
0
0
0
0
0
0
0
0
0
0
0
0
0
0
0
0
0
0
0
0
0
0
0
0
0
0
0
0
0
0
0
0
0
0
0
0
0
0
0
0
0
0
0
0
0
0
0
0
0
0
0
0
0
0
0
0
0
0
0
0
0
0
0
0
0
0
0
0
0
0
0
0
0
0
0
0
0
0
0
0
0
0
0
0
0
0
0
0
0
0
0
0
0
0
0
0
0
0
0
0
0
0
0
0
0
0
0
0
0
0
0
0
0
0
0
0
0
0
0
0
0
0
0
0
0
0
0
0
0
0
0
0
0
0
0
0
0
0
0
0
0
0
0
0
0
0
0
0
0
0
0
0
0
0
0
0
0
0
0
0
0
0
0
0
0
0
0
0
0
0
0
0
0
0
0
0
0
0
0
0
0
0
0
0
0
0
0
0
0
0
0
0
0
0
0
0
0
0
0
0
0
0
0
0
0
0
0
0
0
0
0
0
0
0
0
0
0
0
0
0
0
0
0
0
0
0
0
0
0
0
0
0
0
0
0
0
0
0
0
0
0
0
0
0
0
0
0
0
0
0
0
0
0
0
0
0
0
0
0
0
0
0
0
0
0
0
0
0
0
0
0
0
0
0
0
0
0
0
0
0
0
0
0
0
0
0
0
0
0
0
0
0
0
0
0
0
0
0
0
0
0
0
0
0
0
0
0
0
0
0
0
0
0
0
0
0
0
0
0
0
0
0
0
0
0
0
0
0
0
0
0
0
0
0
0
0
0
0
0
0
0
0
0
0
0
0
0
0
0
0
0
0
0
0
0
0
0
0
0
0
0
0
0
0
0
0
0
0
0
0
0
0
0
0
0
0
0
0
0
0
0
0
0
0
0
0
0
0
0
0
0
0
0
0
0
0
0
0
0
0
0
0
0
0
0
0
0
0
0
0
0
0
0
0
0
0
0
0
0
0
0
0
0
0
0
0
0
0
0
0
0
0
0
0
0
0
0
0
0
0
0
0
0
0
0
0
0
0
0
0
0
0
0
0
0
0
0
0
0
0
0
0
0
0
0
0
0
0
0
0
0
0
0
0
0
0
0
0
0
0
0
0
0
0
0
0
0
0
0
0
0
0
0
0
0
0
0
0
0
0
0
0
0
0
0
0
0
0
0
0
0
0
0
0
0
0
0
0
0
0
0
0
0
0
0
0
0
0
0
0
0
0
0
0
0
0
0
0
0
0
0
0
0
0
0
0
0
0
0
0
0
0
0
0
0
0
0
0
0
0
0
0
0
0
0
0
0
0
0
0
0
0
0
0
0
0
0
0
0
0
0
0
0
0
0
0
0
0
0
0
0
0
0
0
0
0
0
0
0
0
0
0
0
0
0
0
0
0
0
0
0
0
0
0
0
0
0
0
0
0
0
0
0
0
0
0
0
0
0
0
0
0
0
0
0
0
0
0
0
0
0
0
0
0
0
0
0
0
0
0
0
0
0
0
0
0
0
0
0
0
0
0
0
0
0
0
0
0
0
0
0
0
0
0
0
0
0
0
0
0
0
0
0
0
0
0
0
0
0
0
0
0
0
0
0
0
0
0
0
0
0
0
0
0
0
0
0
0
0
0
0
0
0
0
0
0
0
0
0
0
0
0
0
0
0
0
0
0
0
0
0
0
0
0
0
0
0
0
0
0
0
0
0
0
0
0
0
0
0
0
0
0
0
0
0
0
0
0
0
0
0
0
0
0
0
0
0
0
0
0
0
0
0
0
0
0
0
0
0
0
0
0
0
0
0
0
0
0
0
0
0
0
0
0
0
0
0
0
0
0
0
0
0
0
0
0
0
0
0
0
0
0
0
0
0
0
0
0
0
0
0
0
0
0
0
0
0
0
0
0
0
0
0
0
0
0
0
0
0
0
0
0
0
0
0
0
0
0
0
0
0
0
0
0
0
0
0
0
0
0
0
0
0
0
0
0
0
0
0
0
0
0
0
0
0
0
0
0
0
0
0
0
0
0
0
0
0
0
0
0
0
0
0
0
0
0
0
0
0
0
0
0
0
0
0
0
0
0
0
0
0
0
0
0
0
0
0
0
0
0
0
0
0
0
0
0
0
0
0
0
0
0
0
0
0
0
0
0
0
0
0
0
0
0
0
0
0
0
0
0
0
0
0
0
0
0
0
0
0
0
0
0
0
0
0
0
0
0
0
0
0
0
0
0
0
0
0
0
0
0
0
0
0
0
0
0
0
0
0
0
0
0
0
0
0
0
0
0
0
0
0
0
0
0
0
0
0
0
0
0
0
0
0
0
0
0
0
0
0
0
0
0
0
0
0
0
0
0
0
0
0
0
0
0
0
0
0
0
0
0
0
0
0
0
0
0
0
0
0
0
0
0
0
0
0
0
0
0
0
0
0
0
0
0
0
0
0
0
0
0
0
0
0
0
0
0
0
0
0
0
0
0
0
0
0
0
0
0
0
0
0
0
0
0
0
0
0
0
0
0
0
0
0
0
0
0
0
0
0
0
0
0
0
0
0
0
0
0
0
0
0
0
0
0
0
0
0
0
0
0
0
0
0
0
0
0
0
0
0
0
0
0
0
0
0
0
0
0
0
0
0
0
0
0
0
0
0
0
0
0
0
0
0
0
0
0
0
0
0
0
0
0
0
0
0
0
0
0
0
0
0
0
0
0
0
0
0
0
0
0
0
0
0
0
0
0
0
0
0
0
0
0
0
0
0
0
0
0
0
0
0
0
0
0
0
0
0
0
0
0
0
0
0
0
0
0
0
0
0
0
0
0
0
0
0
0
0
0
0
0
0
0
0
0
0
0
0
0
0
0
0
0
0
0
0
0
0
0
0
0
0
0
0
0
0
0
0
0
0
0
0
0
0
0
0
0
0
0
0
0
0
0
0
0
0
0
0
0
0
0
0
0
0
0
0
0
0
0
0
0
0
0
0
0
0
0
0
0
0
0
0
0
0
0
0
0
0
0
0
0
0
0
0
0
0
0
0
0
0
0
0
0
0
0
