1.39918
1.21611
1.02498
1.06919
1.04836
1.1267
1.03881
1.05834
1.04526
1.02577
1.024
1.139
1.02498
1.04566
1.08449
1.53158
1.11535
1.26108
1.16325
1.05543
1.18831
1.024
1.15621
1.02498
1.0333
1.26339
1.04165
1.17524
1.19963
1.02686
1.02905
1.024
1.16109
1.024
1.29312
1.27142
1.43999
1.024
1.024
1.04462
1.02948
1.11027
1.024
1.024
1.04354
1.05692
1.02649
1.02498
1.07784
1.1197
1.20293
1.024
1.17802
1.07684
1.13086
1.024
1.20339
1.14645
1.06492
1.03121
1.53716
1.06085
1.14207
1.06889
1.10929
1.09992
1.02498
1.02569
1.02498
1.28407
1.04536
1.12498
1.17223
1.07241
1.024
1.02835
1.34255
1.02498
1.02498
1.02498
1.02498
1.02498
1.06175
1.2284
1.06275
1.06128
1.024
1.138
1.02498
1.03242
1.17965
1.08092
1.02498
1.024
1.02498
1.04313
1.02498
1.02498
1.024
1.11293
1.15096
1.02498
1.21141
1.2507
1.024
1.11147
1.1904
1.02498
1.54916
1.02498
1.024
1.23673
1.024
1.04662
1.024
1.11431
1.18906
1.35852
1.0283
1.02579
1.06135
1.024
1.024
1.44301
1.21472
1.24623
1.19563
1.024
1.12212
1.024
1.02498
1.03014
1.024
1.07219
1.02498
1.024
1.03432
1.024
1.19783
1.024
1.02722
1.024
1.03189
1.07651
1.02846
1.13459
1.25603
1.024
1.024
1.05458
1.36343
1.02498
1.11599
1.23669
1.0381
1.024
1.14105
1.02863
1.09745
1.024
1.04559
1.02498
1.10823
1.03065
1.0613
1.02498
1.12822
1.04729
1.06814
1.27774
1.024
1.08015
1.024
1.06099
1.05181
1.02498
1.09476
1.16816
1.29977
1.19665
1.024
1.03336
1.05793
1.06335
1.02564
1.05185
1.024
1.024
1.08917
1.15346
1.05591
1.05531
1.02498
1.13889
1.02498
1.26232
1.024
1.02498
1.272
1.29464
1.024
1.06345
1.03807
1.03148
1.03707
1.10609
1.024
1.08328
1.024
1.024
1.05311
1.07032
1.25094
1.08305
1.09677
1.07586
1.02711
1.0453
1.06209
1.24735
1.02498
1.06131
1.16727
1.04077
1.20969
1.03759
1.1083
1.024
1.13233
1.18336
1.03204
1.02542
1.06564
1.02498
1.0355
1.08109
1.11499
1.16208
1.10587
1.16269
1.024
1.30394
1.024
1.07621
1.04524
1.18558
1.02498
1.11559
1.024
1.04048
1.25505
1.33288
1.0336
1.0614
1.04064
1.03374
1.10258
1.024
1.04692
1.02913
1.024
1.02498
1.03102
1.06119
1.11827
1.06319
1.024
1.0289
1.18911
1.024
1.02498
1.17468
1.07047
1.06164
1.05267
1.02498
1.04702
1.024
1.07931
1.06755
1.02738
1.10427
1.024
1.04285
1.024
1.30005
1.21985
1.09313
1.024
1.04771
1.0352
1.024
1.02498
1.24644
1.04629
1.03244
1.024
1.12906
1.04178
1.05937
1.04635
1.03623
1.04118
1.11834
1.02727
1.02498
1.23617
1.03894
1.32602
1.32969
1.12264
1.024
1.04322
1.05284
1.02605
1.09737
1.024
1.06709
1.07522
1.06541
1.02498
1.024
1.02763
1.04446
1.02498
1.08409
1.024
1.02525
1.05787
1.02498
1.05475
1.03092
1.04727
1.04831
1.02498
1.28206
1.04239
1.03857
1.29779
1.03727
1.07605
1.12384
1.10392
1.03851
1.06109
1.04254
1.22522
1.024
1.15026
1.12553
1.024
1.09284
1.024
1.06762
1.02662
1.024
1.02577
1.05277
1.09433
1.16724
1.024
1.04831
1.07252
1.02498
1.03279
1.25366
1.19483
1.05821
1.02498
1.13719
1.07893
1.02689
1.02719
1.02904
1.10609
1.024
1.07344
1.12482
1.07316
1.02498
1.0278
1.15243
1.02897
1.24332
1.04848
1.18145
1.02757
1.024
1.02978
1.02898
1.03699
1.28852
1.12423
1.12529
1.19568
1.03996
1.04614
1.02498
1.19786
1.39083
1.0826
1.06784
1.03737
1.04919
1.06117
1.0269
1.11651
1.024
1.20561
1.02578
1.05404
1.67005
1.02498
1.29079
1.44701
1.13966
1.02498
1.0257
1.04189
1.20534
1.024
1.02984
1.50168
1.06723
1.02765
1.024
1.02498
1.024
1.06596
1.33035
1.02979
1.03437
1.24236
1.02498
1.03847
1.02498
1.024
1.12255
1.03322
1.16065
1.02581
1.08655
1.04306
1.04535
1.13599
1.1109
1.024
1.10994
1.14896
1.30272
1.024
1.0307
1.64176
1.11114
1.02498
1.04397
1.02498
1.024
1.10374
1.02498
1.02747
1.13262
1.05418
1.54099
1.27315
1.05642
1.16622
1.05924
1.02642
1.024
1.19313
1.28905
1.02722
1.02653
1.07996
1.69808
1.24763
1.02806
1.04188
1.2802
1.03471
1.02498
1.02722
1.03396
1.08717
1.19579
1.024
1.31635
1.02498
1.03385
1.44162
1.21789
1.05508
1.10123
1.024
1.02498
1.26376
1.18388
1.024
1.02726
1.04289
1.20744
1.05763
1.04226
1.024
1.02535
1.02717
1.33722
1.024
1.07165
1.03207
1.11202
1.02498
1.0799
1.05529
1.02498
1.27507
1.02498
1.02501
1.08064
1.22596
1.03879
1.024
1.02498
1.1568
1.024
1.19444
1.02682
1.024
1.10723
1.1653
1.024
1.07865
1.024
1.24648
1.29133
1.02734
1.024
1.28383
1.02498
1.08716
1.02498
1.024
1.28092
1.024
1.12284
1.024
1.02498
1.3234
1.02498
1.05205
1.024
1.024
1.58222
1.37716
1.02498
1.0454
1.09473
1.03226
1.024
1.03403
1.10468
1.07346
1.02498
1.024
1.02993
1.30613
1.24496
1.5423
1.1067
1.02498
1.51605
1.3055
1.3501
1.02498
1.05261
1.15362
1.20051
1.08923
1.024
1.04743
1.25445
1.024
1.02498
1.024
1.02498
1.0495
1.02498
1.24976
1.03522
1.024
1.09259
1.04296
1.03596
1.1438
1.20455
1.03758
1.02498
1.06046
1.209
1.12661
1.03077
1.04432
1.024
1.05711
1.024
1.18647
1.06568
1.2218
1.04231
1.06928
1.024
1.21082
1.21636
1.04144
1.024
1.024
1.31458
1.02919
1.03108
1.08723
1.02597
1.04122
1.04686
1.13333
1.11629
1.16403
1.02498
1.024
1.03084
1.12058
1.09115
1.02882
1.22461
1.03455
1.47892
1.04758
1.06954
1.024
1.02498
1.19358
1.024
1.05905
1.20969
1.09228
1.16777
1.06045
1.02498
1.02498
1.10318
1.04821
1.024
1.0257
1.22616
1.024
1.30658
1.1709
1.024
1.22737
1.02648
1.06566
1.05154
1.19729
1.05327
1.04632
1.19629
1.44208
1.02498
1.07536
1.06545
1.07412
1.02825
1.15799
1.02498
1.02498
1.07855
1.15667
1.02498
1.024
1.20547
1.06036
1.02498
1.06564
1.08203
1.15108
1.19287
1.02498
1.02578
1.02674
1.08508
1.3378
1.024
1.4588
1.02969
1.03834
1.17218
1.06946
1.024
1.0962
1.11424
1.12774
1.02624
1.17312
1.03661
1.02653
1.02498
1.02498
1.03144
1.11181
1.20786
1.024
1.32031
1.17509
1.0325
1.04174
1.04127
1.0439
1.02498
1.08412
1.02867
1.21876
1.03252
1.25018
1.03795
1.04791
1.03227
1.04597
1.02828
1.04632
1.0662
1.15626
1.11328
1.36222
1.024
1.024
1.06915
1.16813
1.32601
1.06545
1.07168
1.08414
1.18901
1.18396
1.02498
1.02897
1.26974
1.20727
1.2126
1.08264
1.024
1.43005
1.08363
1.04181
1.19221
1.07864
1.02655
1.02498
1.02498
1.09029
1.11768
1.02498
1.024
1.21128
1.08699
1.19242
1.06165
1.18152
1.10066
1.024
1.48285
1.09356
1.21339
1.50751
1.36292
1.024
1.07215
1.02498
1.024
1.024
1.04442
1.1932
1.03731
1.10662
1.024
1.08893
1.024
1.06451
1.15032
1.06725
1.04673
1.024
1.02867
1.024
1.02498
1.15416
1.07605
1.16122
1.15238
1.14066
1.02903
1.024
1.02498
1.02988
1.02768
1.29595
1.02822
1.17215
1.024
1.0771
1.09037
1.02498
1.11364
1.03938
1.1253
1.024
1.02498
1.24347
1.024
1.02623
1.024
1.20755
1.18343
1.08073
1.0398
1.02502
1.02498
1.024
1.09063
1.40043
1.04419
1.25452
1.024
1.02852
1.2014
1.20031
1.024
1.15787
1.02498
1.0423
1.41754
1.33027
1.05013
1.02634
1.024
1.03198
1.07928
1.04555
1.11915
1.02884
1.07521
1.024
1.03201
1.30807
1.03567
1.024
1.04725
1.02991
1.04844
1.03712
1.27647
1.1585
1.02498
1.34702
1.02608
1.02646
1.12575
1.0256
1.34847
1.43041
1.03127
1.02623
1.11793
1.0506
1.0438
1.03038
1.0309
1.024
1.024
1.0792
1.03296
1.024
1.20561
1.06904
1.07501
1.04544
1.14404
1.34176
1.0399
1.04408
1.2788
1.13961
1.02498
1.24841
1.02498
1.024
1.052
1.25303
1.18376
1.02843
1.024
1.02758
1.12926
1.37125
1.06569
1.024
1.024
1.04596
1.024
1.61116
1.45855
1.02594
1.024
1.024
1.024
1.14715
1.217
1.03077
1.024
1.14867
1.20665
1.09221
1.255
1.1831
1.36068
1.02498
1.04992
1.024
1.02538
1.103
1.0807
1.26087
1.03263
1.07985
1.11678
1.03829
1.0265
1.024
1.02498
1.024
1.0305
1.14835
1.02498
1.024
1.02642
1.16859
1.05777
1.02766
1.12432
1.20027
1.1615
1.04484
1.024
1.18717
1.04368
1.31462
1.23989
1.303
1.024
1.02605
1.02921
1.08573
1.06497
1.07111
1.05157
1.13689
1.05251
1.04518
1.02911
1.024
1.024
1.024
1.02498
1.024
1.12766
1.02968
1.024
1.08122
1.07469
1.03027
1.03686
1.27683
1.17415
1.08804
1.03326
1.024
1.20516
1.02498
1.36918
1.024
1.02498
1.06358
1.03343
1.16219
1.02498
1.0879
1.03044
1.04383
1.06138
1.02807
1.024
0.901176
1.16843
0.914752
0.967491
1.17953
0.882331
1.02235
1.09369
0.822306
1.11756
1.08814
0.881023
1.07681
0.835084
1.23662
1.17482
0.83265
1.0658
0.864378
0.852
1.01885
0.886097
1.31536
0.8192
0.855631
0.8192
0.824222
0.936694
0.886193
0.823061
1.23696
1.16089
0.944742
0.8192
1.00904
0.910302
0.872719
0.877505
1.01848
0.839626
1.35885
0.848604
0.822856
1.18799
0.819689
0.923861
1.10965
0.883536
0.842825
0.849418
0.854674
0.820543
1.02139
0.946376
1.66803
1.02479
1.20444
0.859985
1.31659
0.828667
0.978591
0.877169
0.980877
0.910403
0.821597
1.58061
0.924987
1.21424
0.869871
0.821771
0.829488
0.98336
0.836669
0.83051
1.03043
1.0281
1.06137
1.32195
0.897095
0.862406
0.832741
0.828838
1.23349
0.825368
0.870927
0.968023
1.18977
0.928697
0.92377
0.839855
0.824673
1.47357
1.11369
1.2253
1.02571
1.19359
0.819705
0.90177
0.937804
0.897437
0.849491
0.885907
0.845177
0.819712
1.15548
0.874309
0.90951
0.8192
0.889326
1.01277
0.860257
0.819689
1.16042
0.82959
0.876843
1.08512
1.0328
1.11339
1.00891
0.8192
1.0664
1.00135
0.990974
0.91627
0.992814
1.34465
1.52325
0.857771
0.956925
1.18308
1.01607
1.38382
1.12202
0.948639
0.830651
1.01104
0.889883
1.07049
0.947488
1.14303
0.829613
0.836948
0.819689
0.877024
1.02656
0.82903
1.21584
0.835997
0.976529
0.92726
0.826367
0.862378
1.08787
0.829004
0.86967
1.07462
0.933152
0.823038
0.946536
1.24336
0.868447
1.2192
1.18848
0.901367
1.02666
1.10571
0.819689
1.01914
0.819689
0.831107
0.83965
0.888672
0.840546
0.901433
0.822941
1.15641
0.978467
0.824229
0.912337
1.03656
1.03457
0.844835
0.819689
0.882267
0.821198
0.989089
0.820634
0.846769
1.17132
0.911662
0.859108
0.819689
0.946695
0.913193
0.912933
0.82692
0.838
1.27292
1.02286
0.955296
1.01044
1.07613
0.832988
1.03027
0.819689
1.2472
0.855191
0.855906
0.881078
0.904327
0.854256
0.819689
1.27864
0.924615
0.924722
1.21913
0.951893
1.21594
1.14403
1.17302
1.03616
1.13431
0.93926
0.906128
0.821258
1.13517
1.42
0.844052
1.0937
1.25833
0.856077
1.01514
0.831812
0.908414
1.02514
0.998681
1.05174
0.891224
1.45084
0.849294
1.24783
0.819689
1.13375
1.13205
0.939317
0.887952
0.831604
0.843922
1.15749
0.906108
1.01937
0.857642
1.07475
1.35656
0.870965
0.95422
1.34118
0.873108
0.958433
0.837153
1.06846
0.851637
0.99123
0.821179
0.897302
0.892161
1.02537
0.939604
0.890049
1.0574
0.85716
0.997377
1.03653
0.842473
0.848329
1.05582
0.854966
1.33005
0.869503
0.980007
1.03502
0.836992
0.828522
0.835031
1.05703
0.879649
0.850423
0.840262
1.0057
1.10263
1.0368
0.819729
1.18003
0.876469
0.99381
0.906055
0.828987
1.48164
0.95508
1.09931
0.929289
0.929913
0.88038
1.03253
0.929376
0.8192
1.22007
0.884213
0.834428
0.922087
0.854047
0.8192
1.19643
0.994456
1.10338
1.16549
0.902977
0.838864
1.07814
0.897237
1.13706
1.0302
0.894041
1.05366
0.898703
0.841004
0.922128
0.8192
0.916659
1.01814
0.914277
0.891011
1.08693
0.880479
0.931009
1.57326
1.2646
0.821751
0.824085
0.826237
0.819689
0.828115
0.826785
0.867109
0.859942
0.819689
1.0943
0.83687
0.931773
0.8192
1.07287
0.858793
0.819689
1.15444
0.926921
1.16361
0.902279
0.939562
1.10783
0.822862
0.826803
0.896974
0.853616
0.947529
1.28506
1.24963
1.09792
0.889134
0.97256
1.25698
0.902358
1.38762
1.09442
0.883242
0.911536
1.00211
1.2198
1.18393
1.1538
1.05609
0.891199
0.9988
1.0342
0.998658
0.926989
0.858101
0.819689
0.973504
1.17463
0.931998
0.910268
0.824206
1.21537
1.20672
0.819689
0.861832
0.866095
0.877882
0.819689
1.00058
0.821687
1.05852
0.819689
0.909721
1.04745
0.83395
1.3376
0.892068
1.11425
0.833191
1.01595
0.8192
0.866723
1.08586
0.852208
0.843511
1.02738
0.965423
1.15716
1.17474
1.01917
0.995205
0.819689
0.820213
0.93517
0.904095
1.22458
1.48325
1.32661
1.08755
1.0267
0.943379
0.9069
1.03888
1.1381
0.947692
0.953549
0.938412
0.861178
1.11012
1.08043
0.827497
1.04871
1.26651
0.894865
1.2186
0.908367
0.825552
1.42024
0.938638
1.03228
0.827124
1.05742
1.04513
0.977081
0.9939
0.827591
0.819689
1.16222
1.04536
1.05096
1.01768
0.884672
1.28184
0.880726
0.857177
1.05739
0.834988
0.917703
0.844565
0.819689
0.860375
0.8192
0.823359
1.07269
0.855041
1.08775
0.824448
1.03486
0.910077
0.874321
0.825236
0.883403
1.031
0.821262
1.10844
0.819689
0.819689
1.08458
1.03829
0.976932
1.27946
1.12449
0.819689
0.950079
0.901536
0.940767
1.02199
0.990376
0.850058
1.0648
1.00689
0.975032
0.965476
1.04488
0.858791
1.29899
0.963806
0.914355
0.821946
1.16143
0.819689
0.97057
1.08653
0.938118
0.828209
0.860454
0.981602
1.15986
1.10142
0.975884
0.966673
0.938037
0.838265
0.875123
1.112
0.948482
0.930798
1.01001
1.00706
1.05751
1.01228
1.31876
1.257
0.843213
1.23162
1.16027
1.31343
1.34961
0.912328
0.940371
0.828031
0.892969
0.884349
1.17681
1.22238
1.0534
0.838752
0.902501
1.2601
1.15298
0.827329
1.07981
1.03628
1.14269
0.916635
1.37328
1.02269
1.13878
0.919412
1.24893
0.847082
0.84033
1.26995
0.819689
0.908362
1.22977
0.819689
1.48073
1.4705
1.1547
0.890505
0.898686
0.887671
0.826151
0.915347
0.938707
0.869473
0.829223
0.827103
1.21651
0.875427
0.827648
1.24891
1.12187
1.32725
1.03753
0.838826
1.20773
1.12809
0.919496
0.920108
0.892658
0.964004
0.871975
1.11186
1.16551
1.12756
0.844107
0.856029
1.03064
0.950495
0.84654
0.968706
0.999222
1.02069
0.933401
0.819689
1.01171
1.10396
0.898265
1.29604
0.961433
0.82108
1.13786
0.890786
1.26975
1.06564
1.21105
0.928374
1.34114
0.928407
1.23743
0.870258
1.25161
0.977904
1.04734
1.13144
0.819689
0.859124
1.03113
0.873488
0.916772
0.950696
1.18261
0.8192
0.84416
0.971711
1.3766
1.16465
1.2169
0.916637
0.897634
0.93474
0.887343
0.945476
0.844308
1.40241
0.819689
1.12839
1.07064
0.859818
0.819696
0.828303
0.993698
1.47095
0.967982
0.950673
1.02764
0.830031
0.830735
0.958756
1.04142
1.42517
1.21009
0.855776
1.02554
1.0383
1.06935
0.947905
0.82097
1.00207
0.965289
0.832051
0.854189
0.847195
0.939738
1.1595
1.10538
1.44989
0.919664
0.849948
0.828848
1.23751
1.17365
0.839321
1.20977
0.930661
0.8192
1.0904
0.868189
0.850191
0.840451
0.969226
0.819689
1.07267
0.920857
1.15436
0.837536
0.992491
1.07
0.836697
0.866619
1.08544
0.911127
0.819689
0.82543
0.819689
0.841549
1.14157
1.24845
0.855043
1.08194
0.8192
1.14795
0.823059
0.974327
1.18725
0.850307
1.05186
1.11409
1.1262
1.0325
1.07111
0.837495
0.819724
0.988624
0.857369
0.851304
1.46377
0.819689
1.01906
0.940511
0.839261
1.10678
1.1583
0.983813
0.921901
0.877062
0.956255
0.968074
1.12609
0.856587
1.09227
1.06888
1.54657
0.824081
1.08141
0.819689
0.850563
0.873412
0.830467
0.819689
1.34477
1.25362
0.889497
0.822468
1.22147
0.995219
0.890684
0.975688
0.83295
0.819689
1.00269
0.864809
1.03722
0.888083
1.19814
1.43428
0.862432
0.88721
1.14587
1.08798
0.886051
0.869871
0.819689
1.0025
1.53451
0.856519
0.819689
0.832036
0.829714
0.861761
0.875217
0.871232
0.852621
1.37047
0.820605
1.10632
1.00712
0.8192
0.825253
0.960184
0.871609
0.834172
0.834402
0.999655
0.986394
0.884957
1.05482
1.07232
0.896683
1.29987
1.32581
0.866421
1.178
0.941704
0.821461
0.819689
0.819689
0.990985
0.973652
1.00074
1.42811
0.919582
0.999054
1.19516
0.8192
1.03363
0.895891
1.02786
0.90049
0.8192
0.819689
1.17888
1.08831
0.934487
0.87725
0.948069
0.987579
1.05208
0.974686
0.864397
0.827393
0.966951
0.823184
0.958867
1.19778
0.843753
1.32876
1.25147
0.827729
1.16789
1.01816
0.835901
1.18516
1.03299
0.8192
0.822607
1.20917
1.13763
0.884955
1.30179
1.17376
0.9168
1.10621
0.995392
0.824089
0.824858
1.28958
0.910309
0.847118
1.07707
1.31043
0.851032
0.84546
1.13204
1.31565
1.00984
0.881632
0.921635
0.819689
0.836338
1.16121
0.835703
1.23328
0.845425
0.890131
1.07327
0.824517
1.00874
0.835765
1.29976
0.88335
1.18912
1.21989
0.930374
0.830344
0.913317
1.1104
0.819689
1.11418
0.819689
0.819689
1.12373
0.876386
0.864887
1.02091
0.849116
0.8192
1.45318
0.852533
1.30382
0.887902
1.03702
0.967284
0.837159
0.898709
0.835332
1.04272
1.1195
1.00356
0.822538
0.996524
0.97539
1.04758
0.819689
1.15278
0.845022
0.853488
0.877605
0.879887
1.31759
1.2624
0.882898
0.870692
1.03183
0.876777
0.855719
0.823185
1.09035
0.835499
0.819689
0.921724
0.869693
1.13053
0.832269
1.01029
0.854502
0.84901
1.09422
0.882179
0.870158
0.89192
0.924771
1.2769
1.55853
0.894242
1.01469
1.28654
0.893363
0.952006
0.84595
0.969676
1.13238
1.08065
0.932733
0.938487
0.93773
0.929954
1.02852
1.05388
1.31451
0.822588
0.871961
1.1025
0.876825
0.949344
0.844806
1.01986
0.956822
1.27543
0.820153
0.850673
1.38083
0.825727
0.863464
0.936044
0.930269
0.825985
0.871558
1.19448
1.09111
0.819689
1.08487
0.819689
1.38552
1.01289
0.906565
0.8192
0.824481
1.15144
1.10063
0.831244
0.833154
0.829657
0.851145
0.930275
0.889477
0.884104
0
0
0
0
0
0
0
0
0
0
0
0
0
0
0
0
0
0
0
0
0
0
0
0
0
0
0
0
0
0
0
0
0
0
0
0
0
0
0
0
0
0
0
0
0
0
0
0
0
0
0
0
0
0
0
0
0
0
0
0
0
0
0
0
0
0
0
0
0
0
0
0
0
0
0
0
0
0
0
0
0
0
0
0
0
0
0
0
0
0
0
0
0
0
0
0
0
0
0
0
0
0
0
0
0
0
0
0
0
0
0
0
0
0
0
0
0
0
0
0
0
0
0
0
0
0
0
0
0
0
0
0
0
0
0
0
0
0
0
0
0
0
0
0
0
0
0
0
0
0
0
0
0
0
0
0
0
0
0
0
0
0
0
0
0
0
0
0
0
0
0
0
0
0
0
0
0
0
0
0
0
0
0
0
0
0
0
0
0
0
0
0
0
0
0
0
0
0
0
0
0
0
0
0
0
0
0
0
0
0
0
0
0
0
0
0
0
0
0
0
0
0
0
0
0
0
0
0
0
0
0
0
0
0
0
0
0
0
0
0
0
0
0
0
0
0
0
0
0
0
0
0
0
0
0
0
0
0
0
0
0
0
0
0
0
0
0
0
0
0
0
0
0
0
0
0
0
0
0
0
0
0
0
0
0
0
0
0
0
0
0
0
0
0
0
0
0
0
0
0
0
0
0
0
0
0
0
0
0
0
0
0
0
0
0
0
0
0
0
0
0
0
0
0
0
0
0
0
0
0
0
0
0
0
0
0
0
0
0
0
0
0
0
0
0
0
0
0
0
0
0
0
0
0
0
0
0
0
0
0
0
0
0
0
0
0
0
0
0
0
0
0
0
0
0
0
0
0
0
0
0
0
0
0
0
0
0
0
0
0
0
0
0
0
0
0
0
0
0
0
0
0
0
0
0
0
0
0
0
0
0
0
0
0
0
0
0
0
0
0
0
0
0
0
0
0
0
0
0
0
0
0
0
0
0
0
0
0
0
0
0
0
0
0
0
0
0
0
0
0
0
0
0
0
0
0
0
0
0
0
0
0
0
0
0
0
0
0
0
0
0
0
0
0
0
0
0
0
0
0
0
0
0
0
0
0
0
0
0
0
0
0
0
0
0
0
0
0
0
0
0
0
0
0
0
0
0
0
0
0
0
0
0
0
0
0
0
0
0
0
0
0
0
0
0
0
0
0
0
0
0
0
0
0
0
0
0
0
0
0
0
0
0
0
0
0
0
0
0
0
0
0
0
0
0
0
0
0
0
0
0
0
0
0
0
0
0
0
0
0
0
0
0
0
0
0
0
0
0
0
0
0
0
0
0
0
0
0
0
0
0
0
0
0
0
0
0
0
0
0
0
0
0
0
0
0
0
0
0
0
0
0
0
0
0
0
0
0
0
0
0
0
0
0
0
0
0
0
0
0
0
0
0
0
0
0
0
0
0
0
0
0
0
0
0
0
0
0
0
0
0
0
0
0
0
0
0
0
0
0
0
0
0
0
0
0
0
0
0
0
0
0
0
0
0
0
0
0
0
0
0
0
0
0
0
0
0
0
0
0
0
0
0
0
0
0
0
0
0
0
0
0
0
0
0
0
0
0
0
0
0
0
0
0
0
0
0
0
0
0
0
0
0
0
0
0
0
0
0
0
0
0
0
0
0
0
0
0
0
0
0
0
0
0
0
0
0
0
0
0
0
0
0
0
0
0
0
0
0
0
0
0
0
0
0
0
0
0
0
0
0
0
0
0
0
0
0
0
0
0
0
0
0
0
0
0
0
0
0
0
0
0
0
0
0
0
0
0
0
0
0
0
0
0
0
0
0
0
0
0
0
0
0
0
0
0
0
0
0
0
0
0
0
0
0
0
0
0
0
0
0
0
0
0
0
0
0
0
0
0
0
0
0
0
0
0
0
0
0
0
0
0
0
0
0
0
0
0
0
0
0
0
0
0
0
0
0
0
0
0
0
0
0
0
0
0
0
0
0
0
0
0
0
0
0
0
0
0
0
0
0
0
0
0
0
0
0
0
0
0
0
0
0
0
0
0
0
0
0
0
0
0
0
0
0
0
0
0
0
0
0
0
0
0
0
0
0
0
0
0
0
0
0
0
0
0
0
0
0
0
0
0
0
0
0
0
0
0
0
0
0
0
0
0
0
0
0
0
0
0
0
0
0
0
0
0
0
0
0
0
0
0
0
0
0
0
0
0
0
0
0
0
0
0
0
0
0
0
0
0
0
0
0
0
0
0
0
0
0
0
0
0
0
0
0
0
0
0
0
0
0
0
0
0
0
0
0
0
0
0
0
0
0
0
0
0
0
0
0
0
0
0
0
0
0
0
0
0
0
0
0
0
0
0
0
0
0
0
0
0
0
0
0
0
0
0
0
0
0
0
0
0
0
0
0
0
0
0
0
0
0
0
0
0
0
0
0
0
0
0
0
0
0
0
0
0
0
0
0
0
0
0
0
0
0
0
0
0
0
0
0
0
0
0
0
0
0
0
0
0
0
0
0
0
0
0
0
0
0
0
0
0
0
0
0
0
0
0
0
0
0
0
0
0
0
0
0
0
0
0
0
0
0
0
0
0
0
0
0
0
0
0
0
0
0
0
0
0
0
0
0
0
0
0
0
0
0
0
0
0
0
0
0
0
0
0
0
0
0
0
0
0
0
0
0
0
0
0
0
0
0
0
0
0
0
0
0
0
0
0
0
0
0
0
0
0
0
0
0
0
0
0
0
0
0
0
0
0
0
0
0
0
0
0
0
0
0
0
0
0
0
0
0
0
0
0
0
0
0
0
0
0
0
0
0
0
0
0
0
0
0
0
0
0
0
0
0
0
0
0
0
0
0
0
0
0
0
0
0
0
0
0
0
0
0
0
0
0
0
0
0
0
0
0
0
0
0
0
0
0
0
0
0
0
0
0
0
0
0
0
0
0
0
0
0
0
0
0
0
0
0
0
0
0
0
0
0
0
0
0
0
0
0
0
0
0
0
0
0
0
0
0
0
0
0
0
0
0
0
0
0
0
0
0
0
0
0
0
0
0
0
0
0
0
0
0
0
0
0
0
0
0
0
0
0
0
0
0
0
0
0
0
0
0
0
0
0
0
0
0
0
0
0
0
0
0
0
0
0
0
0
0
0
0
0
0
0
0
0
0
0
0
0
0
0
0
0
0
0
0
0
0
0
0
0
0
0
0
0
0
0
0
0
0
0
0
0
0
0
0
0
0
0
0
0
0
0
0
0
0
0
0
0
0
0
0
0
0
0
0
0
0
0
0
0
0
0
0
0
0
0
0
0
0
0
0
0
0
0
0
0
0
0
0
0
0
0
0
0
0
0
0
0
0
0
0
0
0
0
0
0
0
0
0
0
0
0
0
0
0
0
0
0
0
0
0
0
0
0
0
0
0
0
0
0
0
0
0
0
0
0
0
0
0
0
0
0
0
0
0
0
0
0
0
0
0
0
0
0
0
0
0
0
0
0
0
0
0
0
0
0
0
0
0
0
0
0
0
0
0
0
0
0
0
0
0
0
0
0
0
0
0
0
0
0
0
0
0
0
0
0
0
0
0
0
0
0
0
0
0
0
0
0
0
0
0
0
0
0
0
0
0
0
0
0
0
0
0
0
0
0
0
0
0
0
0
0
0
0
0
0
0
0
0
0
0
0
0
0
0
0
0
0
0
0
0
0
0
0
0
0
0
0
0
0
0
0
0
0
0
0
0
0
0
0
0
0
0
0
0
0
0
0
0
0
0
0
0
0
0
0
0
0
0
0
0
0
0
0
0
0
0
0
0
0
0
0
0
0
0
0
0
0
0
0
0
0
0
0
0
0
0
0
0
0
0
0
0
0
0
0
0
0
0
0
0
0
0
0
0
0
0
0
0
0
0
0
0
0
0
0
0
0
0
0
0
0
0
0
0
0
0
0
0
0
0
0
0
0
0
0
0
0
0
0
0
0
0
0
0
0
0
0
0
0
0
0
0
0
0
0
0
0
0
0
0
0
0
0
0
0
0
0
0
0
0
0
0
0
0
0
0
0
0
0
0
0
0
0
0
0
0
0
0
0
0
0
0
0
0
0
0
0
0
0
0
0
0
0
0
0
0
0
0
0
0
0
0
0
0
0
0
0
0
0
0
0
0
0
0
0
0
0
0
0
0
0
0
0
0
0
0
0
0
0
0
0
0
0
0
0
0
0
0
0
0
0
0
0
0
0
0
0
0
0
0
0
0
0
0
0
0
0
0
0
0
0
0
0
0
0
0
0
0
0
0
0
0
0
0
0
0
0
0
0
0
0
0
0
0
0
0
0
0
0
0
0
0
0
0
0
0
0
0
0
0
0
0
0
0
0
0
0
0
0
0
0
0
0
0
0
0
0
0
0
0
0
0
0
0
0
0
0
0
0
0
0
0
0
0
0
0
0
0
0
0
0
0
0
0
0
0
0
0
0
0
0
0
0
0
0
0
0
0
0
0
0
0
0
0
0
0
0
0
0
0
0
0
0
0
