1.39626
1.22101
1.02498
1.06036
1.04839
1.1354
1.04278
1.05958
1.04181
1.0292
1.024
1.13328
1.02498
1.03571
1.08107
1.53544
1.11856
1.27623
1.18005
1.05583
1.19595
1.024
1.15693
1.02498
1.02867
1.26271
1.03495
1.1881
1.18397
1.02675
1.03048
1.024
1.16892
1.024
1.28153
1.27346
1.40967
1.024
1.024
1.0363
1.02697
1.10332
1.024
1.024
1.04438
1.05554
1.02682
1.02498
1.07357
1.11327
1.20524
1.024
1.17679
1.08479
1.13199
1.024
1.21432
1.16274
1.06589
1.03873
1.54305
1.07783
1.15561
1.06165
1.10777
1.09729
1.02498
1.02498
1.0288
1.29444
1.05681
1.11911
1.17291
1.07005
1.024
1.02936
1.34702
1.02498
1.02498
1.02498
1.02498
1.02498
1.06311
1.23034
1.05581
1.07271
1.024
1.14658
1.0293
1.03521
1.16684
1.08271
1.02498
1.024
1.02498
1.04023
1.02498
1.02498
1.024
1.12968
1.16176
1.02498
1.21013
1.24735
1.024
1.11594
1.22883
1.02768
1.52855
1.02498
1.024
1.22676
1.024
1.0499
1.024
1.11659
1.20089
1.34833
1.02702
1.02498
1.04899
1.024
1.024
1.44162
1.21278
1.2574
1.1901
1.024
1.12056
1.024
1.02498
1.02669
1.024
1.07544
1.02498
1.024
1.03321
1.024
1.18143
1.024
1.02542
1.024
1.03489
1.07386
1.03196
1.13328
1.24061
1.024
1.024
1.04557
1.33845
1.02498
1.10626
1.2394
1.04726
1.024
1.13808
1.02642
1.09574
1.024
1.06427
1.02498
1.09704
1.03307
1.06527
1.02718
1.1199
1.04907
1.06231
1.27958
1.024
1.07784
1.024
1.06561
1.04945
1.02498
1.09139
1.15849
1.28038
1.21652
1.024
1.03542
1.0646
1.05734
1.02498
1.06285
1.024
1.024
1.08907
1.15529
1.05394
1.05268
1.02498
1.13044
1.02498
1.26463
1.024
1.02498
1.27086
1.30569
1.024
1.06826
1.04342
1.03834
1.03257
1.10765
1.024
1.09205
1.024
1.024
1.05034
1.06979
1.26607
1.09428
1.09298
1.0692
1.0267
1.04802
1.0592
1.23923
1.02498
1.06568
1.1616
1.0406
1.20939
1.03492
1.12048
1.024
1.13803
1.18658
1.0364
1.02498
1.07001
1.02498
1.04319
1.06783
1.11984
1.16198
1.09876
1.17008
1.024
1.2951
1.024
1.08023
1.03449
1.18544
1.02498
1.11732
1.024
1.06481
1.24781
1.35004
1.03089
1.0538
1.04117
1.03276
1.10465
1.024
1.05069
1.03049
1.024
1.02498
1.02753
1.05257
1.11617
1.06248
1.024
1.02898
1.18934
1.024
1.02498
1.16648
1.063
1.05513
1.05072
1.02888
1.04085
1.024
1.0793
1.0789
1.03005
1.0994
1.024
1.0345
1.024
1.29687
1.20784
1.09755
1.024
1.04798
1.03101
1.024
1.02498
1.23037
1.05023
1.02832
1.024
1.14133
1.04048
1.06866
1.04051
1.04318
1.04304
1.11989
1.02833
1.02498
1.23441
1.0427
1.33502
1.35924
1.13783
1.024
1.05735
1.05683
1.02498
1.09601
1.024
1.073
1.07519
1.05992
1.02498
1.024
1.0324
1.04839
1.02498
1.08289
1.024
1.02498
1.05697
1.02498
1.06818
1.02921
1.05157
1.04539
1.02498
1.27562
1.04862
1.04435
1.3024
1.03398
1.07656
1.1095
1.10503
1.03768
1.05431
1.04111
1.24724
1.024
1.14703
1.12273
1.024
1.09074
1.024
1.07849
1.02783
1.024
1.02498
1.06138
1.09183
1.168
1.024
1.04824
1.06935
1.02498
1.03105
1.27629
1.1804
1.05198
1.02498
1.14776
1.0724
1.02675
1.02669
1.02792
1.09409
1.024
1.05649
1.11983
1.06537
1.02498
1.02692
1.14577
1.03252
1.24697
1.05389
1.20047
1.02614
1.024
1.03322
1.02627
1.04522
1.2853
1.14744
1.13476
1.19968
1.04627
1.05925
1.02498
1.21523
1.38783
1.06971
1.07369
1.04251
1.05189
1.05701
1.02674
1.12261
1.024
1.21875
1.02498
1.04704
1.63598
1.02498
1.30463
1.42857
1.14042
1.02498
1.02498
1.04508
1.20115
1.024
1.03628
1.49879
1.05913
1.02741
1.024
1.02821
1.024
1.06242
1.34686
1.03329
1.03434
1.23521
1.02498
1.04353
1.02498
1.024
1.14019
1.03016
1.1626
1.02712
1.08123
1.04733
1.04074
1.12826
1.12506
1.024
1.1092
1.14762
1.304
1.024
1.02863
1.62175
1.11294
1.02918
1.04163
1.02498
1.024
1.09974
1.02498
1.02664
1.13325
1.05993
1.5377
1.26131
1.04724
1.17421
1.06617
1.02498
1.024
1.21263
1.28027
1.02668
1.02747
1.09487
1.6905
1.23024
1.03402
1.0502
1.27666
1.03346
1.02498
1.02668
1.02991
1.09383
1.19485
1.024
1.31471
1.02498
1.03692
1.44723
1.22139
1.05562
1.11402
1.024
1.02498
1.26407
1.19775
1.024
1.02747
1.05541
1.21225
1.05514
1.0372
1.024
1.02651
1.02669
1.36347
1.024
1.06365
1.03052
1.0926
1.02498
1.08807
1.06523
1.02696
1.28784
1.02498
1.02498
1.0815
1.22258
1.04782
1.024
1.02498
1.15129
1.024
1.1994
1.02676
1.024
1.10449
1.15305
1.024
1.07282
1.024
1.25166
1.27728
1.02549
1.024
1.28758
1.02498
1.07989
1.02498
1.024
1.28606
1.024
1.12724
1.024
1.02498
1.30843
1.02498
1.05403
1.024
1.024
1.57829
1.37707
1.02498
1.04894
1.09985
1.03266
1.024
1.03269
1.10487
1.08155
1.02498
1.024
1.02675
1.30009
1.23241
1.53688
1.11305
1.03036
1.51567
1.28699
1.34242
1.02498
1.04374
1.17307
1.20604
1.08223
1.024
1.04704
1.26607
1.024
1.02498
1.024
1.02498
1.04867
1.02498
1.24758
1.04546
1.024
1.10181
1.04315
1.03777
1.14212
1.21482
1.03448
1.02614
1.05752
1.22362
1.13017
1.02853
1.04444
1.024
1.07357
1.024
1.19024
1.07925
1.22609
1.04354
1.06973
1.024
1.20781
1.22249
1.03597
1.024
1.024
1.28998
1.03537
1.02837
1.10348
1.02498
1.03869
1.04555
1.133
1.11869
1.16071
1.02498
1.024
1.02971
1.12289
1.08595
1.02638
1.21759
1.03942
1.46676
1.04273
1.0704
1.024
1.02498
1.19812
1.024
1.05364
1.20215
1.10304
1.18514
1.06186
1.02498
1.02498
1.11434
1.04319
1.024
1.03295
1.23021
1.024
1.31565
1.16732
1.024
1.2408
1.02499
1.06048
1.05493
1.20115
1.05303
1.04813
1.18547
1.41802
1.02498
1.07059
1.06644
1.06974
1.02596
1.16747
1.02498
1.02498
1.08368
1.14568
1.02498
1.024
1.21086
1.06652
1.02498
1.07177
1.07733
1.15577
1.20285
1.02498
1.02498
1.02667
1.09038
1.31633
1.024
1.43703
1.02686
1.03512
1.15785
1.07106
1.024
1.08291
1.11644
1.12483
1.02498
1.15515
1.03681
1.02682
1.03145
1.02498
1.03786
1.11024
1.22546
1.024
1.32095
1.17725
1.03884
1.04302
1.04118
1.04051
1.02498
1.07788
1.02641
1.22372
1.03802
1.26022
1.04438
1.0411
1.02874
1.04325
1.02597
1.04178
1.05372
1.14376
1.11318
1.35466
1.024
1.024
1.08343
1.16467
1.3234
1.07286
1.08388
1.09246
1.17913
1.17269
1.02498
1.02824
1.26288
1.22229
1.20159
1.08287
1.024
1.44208
1.07516
1.04815
1.19507
1.08882
1.02501
1.02498
1.02874
1.10506
1.11293
1.02498
1.024
1.2213
1.08642
1.19616
1.07026
1.17469
1.11132
1.024
1.46843
1.09446
1.20305
1.52612
1.35792
1.024
1.09299
1.02672
1.024
1.024
1.03646
1.1884
1.03465
1.1095
1.024
1.08819
1.024
1.06745
1.14255
1.07063
1.04777
1.024
1.0334
1.024
1.02595
1.14308
1.07499
1.1506
1.1593
1.14534
1.02629
1.024
1.02498
1.02687
1.02779
1.31196
1.0265
1.18934
1.024
1.06682
1.09272
1.02498
1.11666
1.03475
1.09892
1.024
1.02498
1.24488
1.024
1.02857
1.024
1.22312
1.16882
1.08393
1.04728
1.02498
1.02498
1.024
1.1035
1.42337
1.03759
1.26043
1.024
1.02644
1.20869
1.22189
1.024
1.14195
1.02498
1.04831
1.42777
1.31049
1.05023
1.02498
1.024
1.03617
1.0786
1.04557
1.13593
1.02827
1.06591
1.024
1.03282
1.30794
1.03345
1.024
1.05684
1.03381
1.04606
1.03244
1.28538
1.14361
1.02498
1.34633
1.02498
1.02738
1.11886
1.02752
1.34429
1.44059
1.02816
1.02498
1.1301
1.04582
1.04479
1.03143
1.02929
1.024
1.024
1.07553
1.0344
1.024
1.22136
1.06376
1.09144
1.04244
1.15327
1.33744
1.0499
1.04661
1.25248
1.13287
1.02498
1.26036
1.02498
1.024
1.05257
1.26344
1.19499
1.02717
1.024
1.03924
1.12952
1.3787
1.06527
1.024
1.024
1.04633
1.024
1.60096
1.45619
1.02498
1.024
1.024
1.024
1.1344
1.20925
1.02881
1.024
1.13179
1.21339
1.08624
1.25213
1.2031
1.38686
1.03028
1.0413
1.024
1.02498
1.10197
1.08227
1.26969
1.03569
1.06688
1.10986
1.03693
1.025
1.024
1.02498
1.024
1.02682
1.13783
1.02498
1.024
1.02498
1.19009
1.06255
1.03138
1.13432
1.20034
1.15765
1.03883
1.024
1.17184
1.045
1.32557
1.23636
1.30482
1.024
1.02498
1.03075
1.09
1.05223
1.07533
1.04959
1.13241
1.04276
1.04801
1.02642
1.024
1.024
1.024
1.02498
1.024
1.11979
1.02935
1.024
1.07286
1.06978
1.02673
1.04578
1.2791
1.17078
1.09422
1.03619
1.024
1.21291
1.02793
1.3698
1.024
1.02498
1.06926
1.03194
1.18871
1.02498
1.07811
1.03124
1.04237
1.059
1.02729
1.024
0.922233
1.19894
0.926435
0.972056
1.15933
0.883495
1.0216
1.08782
0.827528
1.1258
1.1127
0.901326
1.0919
0.839045
1.27633
1.17398
0.83906
1.0426
0.86435
0.84796
1.01393
0.87842
1.30935
0.8192
0.863738
0.8192
0.821388
0.927704
0.889963
0.826372
1.22934
1.18149
0.943885
0.8192
1.0296
0.900911
0.863046
0.876586
1.04353
0.850289
1.34929
0.840285
0.823697
1.18569
0.819689
0.934152
1.11995
0.898525
0.864685
0.841477
0.864989
0.824178
1.04192
0.948027
1.66319
1.03714
1.20585
0.851676
1.30378
0.836216
0.978254
0.888245
0.983594
0.89196
0.822087
1.57981
0.929229
1.20096
0.862472
0.824591
0.823652
0.988983
0.826749
0.831966
1.03641
1.03723
1.04127
1.34644
0.884145
0.861856
0.842734
0.832431
1.2311
0.82387
0.857549
0.958895
1.18112
0.928397
0.914387
0.832314
0.831732
1.48958
1.11149
1.2438
1.02236
1.18527
0.819689
0.895944
0.940725
0.902157
0.842221
0.884028
0.847631
0.82278
1.17097
0.876963
0.896191
0.8192
0.885839
1.00909
0.871874
0.820951
1.1693
0.830696
0.865805
1.0684
1.01169
1.11812
1.03695
0.8192
1.07643
1.00707
1.00934
0.917839
0.972071
1.35278
1.54322
0.855279
0.96193
1.18893
1.04748
1.38133
1.12891
0.947756
0.831149
1.01881
0.883037
1.08267
0.934817
1.1556
0.835738
0.83653
0.819689
0.894458
1.05002
0.829961
1.20692
0.843771
0.972616
0.90683
0.829818
0.856253
1.10987
0.826236
0.895391
1.09325
0.947156
0.820864
0.954889
1.24913
0.873399
1.23046
1.20158
0.903804
1.02383
1.11604
0.819689
1.03192
0.819689
0.835419
0.834731
0.901417
0.851564
0.888889
0.825565
1.1626
0.972803
0.824495
0.903708
1.04116
1.04494
0.855517
0.827072
0.885456
0.827113
0.993575
0.819796
0.836856
1.17976
0.913588
0.849344
0.822229
0.942615
0.909228
0.896756
0.827426
0.837439
1.25995
1.03379
0.959442
1.02726
1.06809
0.832045
1.0267
0.819689
1.2516
0.846225
0.857391
0.891162
0.889316
0.848265
0.819689
1.30908
0.9181
0.933342
1.20067
0.959902
1.21678
1.13401
1.1788
1.04646
1.13288
0.937542
0.887731
0.820143
1.14601
1.43076
0.836974
1.08942
1.23143
0.848987
1.00184
0.845267
0.906345
1.03538
0.998551
1.04274
0.889203
1.45292
0.84411
1.25481
0.819689
1.13224
1.14063
0.938203
0.876284
0.828122
0.84203
1.18734
0.906898
1.01497
0.868609
1.09101
1.34906
0.876304
0.96115
1.32836
0.865629
0.972373
0.83515
1.06334
0.843102
1.00306
0.820104
0.888782
0.898989
1.02135
0.947487
0.885559
1.05063
0.869049
1.0004
1.05145
0.835542
0.840713
1.07664
0.847228
1.30891
0.886874
0.959391
1.02849
0.840146
0.828259
0.831881
1.0751
0.873455
0.855113
0.847777
0.995508
1.09347
1.04502
0.819689
1.18603
0.895874
0.997307
0.917136
0.843452
1.4973
0.956811
1.1371
0.934024
0.939996
0.871536
1.02688
0.928728
0.8192
1.25006
0.866953
0.844171
0.909319
0.83959
0.8192
1.20426
0.991744
1.13408
1.18247
0.891262
0.843407
1.0745
0.90065
1.15267
1.04054
0.905375
1.05155
0.897936
0.856939
0.928467
0.8192
0.914701
1.02116
0.914974
0.88866
1.09764
0.87482
0.919561
1.56947
1.22964
0.820361
0.821839
0.825346
0.819689
0.838529
0.822486
0.876845
0.854237
0.819689
1.09195
0.844232
0.94327
0.8192
1.08274
0.851703
0.819689
1.16516
0.918385
1.14936
0.899561
0.91818
1.11364
0.823981
0.822494
0.877441
0.855056
0.94457
1.28343
1.25306
1.12115
0.903353
0.986209
1.2604
0.905634
1.37452
1.08437
0.899685
0.906396
1.03215
1.21074
1.19329
1.15543
1.04235
0.906535
1.02319
1.03855
1.02736
0.918467
0.864457
0.823032
0.961662
1.1711
0.962549
0.893801
0.821382
1.23437
1.24412
0.819689
0.858654
0.864019
0.879626
0.819689
1.00876
0.820336
1.04353
0.823032
0.915405
1.04162
0.828822
1.35206
0.889107
1.12387
0.831704
1.01506
0.8192
0.855527
1.10248
0.85323
0.847398
1.04434
0.945188
1.15317
1.17524
1.02971
0.989767
0.826088
0.819689
0.95156
0.921191
1.23177
1.47853
1.34271
1.10853
1.01899
0.939256
0.926972
1.04489
1.14122
0.951934
0.980437
0.933388
0.84949
1.11251
1.08106
0.822889
1.05858
1.27641
0.882867
1.209
0.914891
0.821954
1.42054
0.940459
1.05452
0.823306
1.07433
1.05388
0.95948
0.999127
0.830905
0.819689
1.13911
1.0497
1.05773
1.02532
0.881762
1.28897
0.871409
0.850467
1.05034
0.832631
0.929867
0.848229
0.819689
0.870359
0.8192
0.821018
1.05417
0.85346
1.06799
0.82443
1.04675
0.914559
0.866676
0.824304
0.896155
1.03358
0.820145
1.12678
0.819689
0.819689
1.08304
1.02962
0.984892
1.2872
1.11617
0.819689
0.964213
0.905359
0.945333
1.01356
1.00704
0.853253
1.09289
1.02996
0.975897
0.96869
1.04703
0.852331
1.28999
0.97465
0.923058
0.820434
1.17829
0.819689
0.975827
1.0834
0.915277
0.833852
0.850874
0.998988
1.18312
1.12251
0.983291
0.949849
0.935833
0.833045
0.885129
1.09159
0.93576
0.940051
0.952988
1.00467
1.05814
1.00528
1.31597
1.26271
0.835786
1.23765
1.18077
1.29895
1.35251
0.95475
0.948346
0.835009
0.90493
0.86325
1.1939
1.22939
1.06673
0.856405
0.910128
1.24957
1.13238
0.827056
1.06576
1.05092
1.13262
0.927389
1.38304
1.01768
1.15801
0.93054
1.24227
0.840819
0.856898
1.2639
0.819689
0.916368
1.23226
0.819689
1.50602
1.45183
1.16667
0.885895
0.919714
0.883938
0.832299
0.934329
0.955225
0.870906
0.827236
0.825339
1.22134
0.855713
0.827632
1.26289
1.12363
1.32268
1.02685
0.833
1.20373
1.11857
0.920806
0.902099
0.887877
0.969805
0.862153
1.11361
1.17355
1.13256
0.84909
0.83927
1.01475
0.943539
0.843682
0.961236
0.996543
1.047
0.943692
0.819689
1.03779
1.08286
0.894117
1.28856
0.971545
0.820223
1.12519
0.903705
1.27685
1.06522
1.25295
0.915562
1.32312
0.916475
1.26839
0.849836
1.26318
0.990053
1.05125
1.13287
0.819689
0.861568
1.02433
0.876642
0.905268
0.962766
1.16784
0.8192
0.83687
0.958306
1.36155
1.1595
1.23271
0.909193
0.886732
0.942305
0.876662
0.974851
0.841719
1.40977
0.819689
1.13395
1.09262
0.86142
0.819689
0.830579
0.983848
1.47886
0.961996
0.93926
1.04828
0.823884
0.849297
0.975386
1.06575
1.42592
1.21097
0.869676
1.01013
1.01663
1.07419
0.958518
0.819999
1.01708
0.954551
0.825369
0.852666
0.852081
0.955692
1.14607
1.10231
1.43703
0.908196
0.852771
0.833662
1.24182
1.17119
0.845739
1.20665
0.935304
0.8192
1.08098
0.876272
0.849084
0.846626
0.975385
0.819689
1.06977
0.923631
1.14543
0.84913
0.990752
1.07209
0.849386
0.877731
1.08978
0.894192
0.819689
0.823046
0.819689
0.835849
1.15868
1.25681
0.84705
1.10156
0.8192
1.14407
0.827738
0.970671
1.18185
0.85519
1.05848
1.1303
1.12205
1.03501
1.05939
0.830651
0.819689
1.00124
0.850175
0.854834
1.44188
0.819689
1.01708
0.950792
0.837286
1.11514
1.14351
0.986231
0.934349
0.872887
0.95006
0.992807
1.12645
0.856462
1.11421
1.08191
1.56856
0.825452
1.07853
0.819689
0.84319
0.882304
0.828165
0.819689
1.37748
1.25468
0.88312
0.820709
1.24278
0.984195
0.896619
0.996408
0.843391
0.819689
1.01455
0.876732
1.05438
0.900666
1.20509
1.44702
0.861823
0.890547
1.15004
1.08844
0.889675
0.874559
0.821887
1.01533
1.5367
0.849574
0.819689
0.830804
0.835746
0.872017
0.865107
0.867917
0.863689
1.37713
0.822744
1.10171
0.992487
0.8192
0.821822
0.970324
0.873514
0.829204
0.839392
0.983958
0.970426
0.909461
1.06281
1.05457
0.905275
1.28052
1.32893
0.8761
1.19428
0.931576
0.82024
0.819689
0.819689
0.980369
0.94055
0.996311
1.42733
0.932327
1.00422
1.2208
0.8192
1.02829
0.886781
1.03457
0.887532
0.8192
0.819689
1.18647
1.1202
0.924679
0.880728
0.920351
0.988773
1.04186
0.962478
0.867879
0.823802
0.992213
0.822364
0.942855
1.17804
0.844557
1.304
1.2516
0.82357
1.15766
1.03491
0.833453
1.19505
1.01466
0.8192
0.821663
1.20358
1.13842
0.876923
1.26212
1.16669
0.91781
1.10477
0.988445
0.821336
0.822067
1.27477
0.912557
0.844286
1.09215
1.3042
0.857958
0.843683
1.14338
1.34097
1.02472
0.898692
0.927051
0.819689
0.839747
1.15839
0.832101
1.23913
0.844279
0.898133
1.08528
0.823773
1.01087
0.834962
1.31644
0.893305
1.20553
1.23792
0.919616
0.827434
0.933921
1.10532
0.819689
1.13538
0.821423
0.819689
1.10568
0.884772
0.869752
1.02456
0.849457
0.8192
1.44192
0.858813
1.31962
0.866776
1.04606
0.960309
0.839647
0.899944
0.84343
1.03335
1.11297
1.00332
0.820642
1.00325
0.966209
1.0262
0.819689
1.16452
0.847375
0.865231
0.89013
0.874944
1.33149
1.24566
0.898319
0.869127
1.03273
0.869496
0.851385
0.820935
1.06967
0.842353
0.819689
0.913495
0.860656
1.09812
0.831582
1.02967
0.847353
0.859096
1.1005
0.886159
0.869034
0.889746
0.909149
1.27069
1.54165
0.880878
1.00189
1.27469
0.895415
0.952437
0.856446
0.951257
1.1436
1.06132
0.938032
0.937679
0.946246
0.932193
1.0291
1.04272
1.30656
0.820662
0.866791
1.09146
0.876004
0.956959
0.850591
1.02793
0.944337
1.26304
0.819689
0.847903
1.36873
0.825767
0.866935
0.948942
0.930014
0.822588
0.885411
1.19411
1.10323
0.819689
1.10681
0.819689
1.37669
1.00164
0.905257
0.8192
0.824174
1.15681
1.10929
0.834439
0.839198
0.833044
0.845924
0.925255
0.893261
0.885354
0
0
0
0
0
0
0
0
0
0
0
0
0
0
0
0
0
0
0
0
0
0
0
0
0
0
0
0
0
0
0
0
0
0
0
0
0
0
0
0
0
0
0
0
0
0
0
0
0
0
0
0
0
0
0
0
0
0
0
0
0
0
0
0
0
0
0
0
0
0
0
0
0
0
0
0
0
0
0
0
0
0
0
0
0
0
0
0
0
0
0
0
0
0
0
0
0
0
0
0
0
0
0
0
0
0
0
0
0
0
0
0
0
0
0
0
0
0
0
0
0
0
0
0
0
0
0
0
0
0
0
0
0
0
0
0
0
0
0
0
0
0
0
0
0
0
0
0
0
0
0
0
0
0
0
0
0
0
0
0
0
0
0
0
0
0
0
0
0
0
0
0
0
0
0
0
0
0
0
0
0
0
0
0
0
0
0
0
0
0
0
0
0
0
0
0
0
0
0
0
0
0
0
0
0
0
0
0
0
0
0
0
0
0
0
0
0
0
0
0
0
0
0
0
0
0
0
0
0
0
0
0
0
0
0
0
0
0
0
0
0
0
0
0
0
0
0
0
0
0
0
0
0
0
0
0
0
0
0
0
0
0
0
0
0
0
0
0
0
0
0
0
0
0
0
0
0
0
0
0
0
0
0
0
0
0
0
0
0
0
0
0
0
0
0
0
0
0
0
0
0
0
0
0
0
0
0
0
0
0
0
0
0
0
0
0
0
0
0
0
0
0
0
0
0
0
0
0
0
0
0
0
0
0
0
0
0
0
0
0
0
0
0
0
0
0
0
0
0
0
0
0
0
0
0
0
0
0
0
0
0
0
0
0
0
0
0
0
0
0
0
0
0
0
0
0
0
0
0
0
0
0
0
0
0
0
0
0
0
0
0
0
0
0
0
0
0
0
0
0
0
0
0
0
0
0
0
0
0
0
0
0
0
0
0
0
0
0
0
0
0
0
0
0
0
0
0
0
0
0
0
0
0
0
0
0
0
0
0
0
0
0
0
0
0
0
0
0
0
0
0
0
0
0
0
0
0
0
0
0
0
0
0
0
0
0
0
0
0
0
0
0
0
0
0
0
0
0
0
0
0
0
0
0
0
0
0
0
0
0
0
0
0
0
0
0
0
0
0
0
0
0
0
0
0
0
0
0
0
0
0
0
0
0
0
0
0
0
0
0
0
0
0
0
0
0
0
0
0
0
0
0
0
0
0
0
0
0
0
0
0
0
0
0
0
0
0
0
0
0
0
0
0
0
0
0
0
0
0
0
0
0
0
0
0
0
0
0
0
0
0
0
0
0
0
0
0
0
0
0
0
0
0
0
0
0
0
0
0
0
0
0
0
0
0
0
0
0
0
0
0
0
0
0
0
0
0
0
0
0
0
0
0
0
0
0
0
0
0
0
0
0
0
0
0
0
0
0
0
0
0
0
0
0
0
0
0
0
0
0
0
0
0
0
0
0
0
0
0
0
0
0
0
0
0
0
0
0
0
0
0
0
0
0
0
0
0
0
0
0
0
0
0
0
0
0
0
0
0
0
0
0
0
0
0
0
0
0
0
0
0
0
0
0
0
0
0
0
0
0
0
0
0
0
0
0
0
0
0
0
0
0
0
0
0
0
0
0
0
0
0
0
0
0
0
0
0
0
0
0
0
0
0
0
0
0
0
0
0
0
0
0
0
0
0
0
0
0
0
0
0
0
0
0
0
0
0
0
0
0
0
0
0
0
0
0
0
0
0
0
0
0
0
0
0
0
0
0
0
0
0
0
0
0
0
0
0
0
0
0
0
0
0
0
0
0
0
0
0
0
0
0
0
0
0
0
0
0
0
0
0
0
0
0
0
0
0
0
0
0
0
0
0
0
0
0
0
0
0
0
0
0
0
0
0
0
0
0
0
0
0
0
0
0
0
0
0
0
0
0
0
0
0
0
0
0
0
0
0
0
0
0
0
0
0
0
0
0
0
0
0
0
0
0
0
0
0
0
0
0
0
0
0
0
0
0
0
0
0
0
0
0
0
0
0
0
0
0
0
0
0
0
0
0
0
0
0
0
0
0
0
0
0
0
0
0
0
0
0
0
0
0
0
0
0
0
0
0
0
0
0
0
0
0
0
0
0
0
0
0
0
0
0
0
0
0
0
0
0
0
0
0
0
0
0
0
0
0
0
0
0
0
0
0
0
0
0
0
0
0
0
0
0
0
0
0
0
0
0
0
0
0
0
0
0
0
0
0
0
0
0
0
0
0
0
0
0
0
0
0
0
0
0
0
0
0
0
0
0
0
0
0
0
0
0
0
0
0
0
0
0
0
0
0
0
0
0
0
0
0
0
0
0
0
0
0
0
0
0
0
0
0
0
0
0
0
0
0
0
0
0
0
0
0
0
0
0
0
0
0
0
0
0
0
0
0
0
0
0
0
0
0
0
0
0
0
0
0
0
0
0
0
0
0
0
0
0
0
0
0
0
0
0
0
0
0
0
0
0
0
0
0
0
0
0
0
0
0
0
0
0
0
0
0
0
0
0
0
0
0
0
0
0
0
0
0
0
0
0
0
0
0
0
0
0
0
0
0
0
0
0
0
0
0
0
0
0
0
0
0
0
0
0
0
0
0
0
0
0
0
0
0
0
0
0
0
0
0
0
0
0
0
0
0
0
0
0
0
0
0
0
0
0
0
0
0
0
0
0
0
0
0
0
0
0
0
0
0
0
0
0
0
0
0
0
0
0
0
0
0
0
0
0
0
0
0
0
0
0
0
0
0
0
0
0
0
0
0
0
0
0
0
0
0
0
0
0
0
0
0
0
0
0
0
0
0
0
0
0
0
0
0
0
0
0
0
0
0
0
0
0
0
0
0
0
0
0
0
0
0
0
0
0
0
0
0
0
0
0
0
0
0
0
0
0
0
0
0
0
0
0
0
0
0
0
0
0
0
0
0
0
0
0
0
0
0
0
0
0
0
0
0
0
0
0
0
0
0
0
0
0
0
0
0
0
0
0
0
0
0
0
0
0
0
0
0
0
0
0
0
0
0
0
0
0
0
0
0
0
0
0
0
0
0
0
0
0
0
0
0
0
0
0
0
0
0
0
0
0
0
0
0
0
0
0
0
0
0
0
0
0
0
0
0
0
0
0
0
0
0
0
0
0
0
0
0
0
0
0
0
0
0
0
0
0
0
0
0
0
0
0
0
0
0
0
0
0
0
0
0
0
0
0
0
0
0
0
0
0
0
0
0
0
0
0
0
0
0
0
0
0
0
0
0
0
0
0
0
0
0
0
0
0
0
0
0
0
0
0
0
0
0
0
0
0
0
0
0
0
0
0
0
0
0
0
0
0
0
0
0
0
0
0
0
0
0
0
0
0
0
0
0
0
0
0
0
0
0
0
0
0
0
0
0
0
0
0
0
0
0
0
0
0
0
0
0
0
0
0
0
0
0
0
0
0
0
0
0
0
0
0
0
0
0
0
0
0
0
0
0
0
0
0
0
0
0
0
0
0
0
0
0
0
0
0
0
0
0
0
0
0
0
0
0
0
0
0
0
0
0
0
0
0
0
0
0
0
0
0
0
0
0
0
0
0
0
0
0
0
0
0
0
0
0
0
0
0
0
0
0
0
0
0
0
0
0
0
0
0
0
0
0
0
0
0
0
0
0
0
0
0
0
0
0
0
0
0
0
0
0
0
0
0
0
0
0
0
0
0
0
0
0
0
0
0
0
0
0
0
0
0
0
0
0
0
0
0
0
0
0
0
0
0
0
0
0
0
0
0
0
0
0
0
0
0
0
0
0
0
0
0
0
0
0
0
0
0
0
0
0
0
0
0
0
0
0
0
0
0
0
0
0
0
0
0
0
0
0
0
0
0
0
0
0
0
0
0
0
0
0
0
0
0
0
0
0
0
0
0
0
0
0
0
0
0
0
0
0
0
0
0
0
0
0
0
0
0
0
0
0
0
0
0
0
0
0
0
0
0
0
0
0
0
0
0
0
0
0
0
0
0
0
0
0
0
0
0
0
0
0
0
0
0
0
0
0
0
0
0
0
0
0
0
0
0
0
0
0
0
0
0
0
0
0
0
0
0
0
0
0
0
0
0
0
0
0
0
0
0
0
0
0
0
0
0
0
0
0
0
0
0
0
0
0
0
0
0
0
0
0
0
0
0
0
0
0
0
0
0
0
0
0
0
0
0
0
0
0
0
0
0
0
0
0
0
0
0
0
0
0
0
0
0
0
0
0
0
0
0
0
0
0
0
0
0
0
0
0
0
0
0
0
0
0
0
0
0
0
0
0
0
0
0
0
0
0
0
0
0
0
0
0
0
0
0
0
0
0
0
0
0
0
0
0
0
0
0
0
0
0
0
0
0
0
0
0
0
0
0
0
0
0
0
0
0
0
0
0
0
0
0
0
0
0
0
0
0
0
0
0
0
0
0
0
0
0
0
0
0
0
0
0
0
0
0
0
0
0
0
0
0
0
0
0
0
0
0
0
0
0
0
0
0
0
0
0
0
0
0
0
