0
0
0
0
0
0
0
0
0
0
0
0
0
0
0
0
0
0
0
0
0
0
0
0
0
0
0
0
0
0
0
0
0
0
0
0
0
0
0
0
0
0
0
0
0
0
0
0
0
0
0
0
0
0
0
0
0
0
0
0
0
0
0
0
0
0
0
0
0
0
0
0
0
0
0
0
0
0
0
0
0
0
0
0
0
0
0
0
0
0
0
0
0
0
0
0
0
0
0
0
0
0
0
0
0
0
0
0
0
0
0
0
0
0
0
0
0
0
0
0
0
0
0
0
0
0
0
0
0
0
0
0
0
0
0
0
0
0
0
0
0
0
0
0
0
0
0
0
0
0
0
0
0
0
0
0
0
0
0
0
0
0
0
0
0
0
0
0
0
0
0
0
0
0
0
0
0
0
0
0
0
0
0
0
0
0
0
0
0
0
0
0
0
0
0
0
0
0
0
0
0
0
0
0
0
0
0
0
0
0
0
0
0
0
0
0
0
0
0
0
0
0
0
0
0
0
0
0
0
0
0
0
0
0
0
0
0
0
0
0
0
0
0
0
0
0
0
0
0
0
0
0
0
0
0
0
0
0
0
0
0
0
0
0
0
0
0
0
0
0
0
0
0
0
0
0
0
0
0
0
0
0
0
0
0
0
0
0
0
0
0
0
0
0
0
0
0
0
0
0
0
0
0
0
0
0
0
0
0
0
0
0
0
0
0
0
0
0
0
0
0
0
0
0
0
0
0
0
0
0
0
0
0
0
0
0
0
0
0
0
0
0
0
0
0
0
0
0
0
0
0
0
0
0
0
0
0
0
0
0
0
0
0
0
0
0
0
0
0
0
0
0
0
0
0
0
0
0
0
0
0
0
0
0
0
0
0
0
0
0
0
0
0
0
0
0
0
0
0
0
0
0
0
0
0
0
0
0
0
0
0
0
0
0
0
0
0
0
0
0
0
0
0
0
0
0
0
0
0
0
0
0
0
0
0
0
0
0
0
0
0
0
0
0
0
0
0
0
0
0
0
0
0
0
0
0
0
0
0
0
0
0
0
0
0
0
0
0
0
0
0
0
0
0
0
0
0
0
0
0
0
0
0
0
0
0
0
0
0
0
0
0
0
0
0
0
0
0
0
0
0
0
0
0
0
0
0
0
0
0
0
0
0
0
0
0
0
0
0
0
0
0
0
0
0
0
0
0
0
0
0
0
0
0
0
0
0
0
0
0
0
0
0
0
0
0
0
0
0
0
0
0
0
0
0
0
0
0
0
0
0
0
0
0
0
0
0
0
0
0
0
0
0
0
0
0
0
0
0
0
0
0
0
0
0
0
0
0
0
0
0
0
0
0
0
0
0
0
0
0
0
0
0
0
0
0
0
0
0
0
0
0
0
0
0
0
0
0
0
0
0
0
0
0
0
0
0
0
0
0
0
0
0
0
0
0
0
0
0
0
0
0
0
0
0
0
0
0
0
0
0
0
0
0
0
0
0
0
0
0
0
0
0
0
0
0
0
0
0
0
0
0
0
0
0
0
0
0
0
0
0
0
0
0
0
0
0
0
0
0
0
0
0
0
0
0
0
0
0
0
0
0
0
0
0
0
0
0
0
0
0
0
0
0
0
0
0
0
0
0
0
0
0
0
0
0
0
0
0
0
0
0
0
0
0
0
0
0
0
0
0
0
0
0
0
0
0
0
0
0
0
0
0
0
0
0
0
0
0
0
0
0
0
0
0
0
0
0
0
0
0
0
0
0
0
0
0
0
0
0
0
0
0
0
0
0
0
0
0
0
0
0
0
0
0
0
0
0
0
0
0
0
0
0
0
0
0
0
0
0
0
0
0
0
0
0
0
0
0
0
0
0
0
0
0
0
0
0
0
0
0
0
0
0
0
0
0
0
0
0
0
0
0
0
0
0
0
0
0
0
0
0
0
0
0
0
0
0
0
0
0
0
0
0
0
0
0
0
0
0
0
0
0
0
0
0
0
0
0
0
0
0
0
0
0
0
0
0
0
0
0
0
0
0
0
0
0
0
0
0
0
0
0
0
0
0
0
0
0
0
0
0
0
0
0
0
0
0
0
0
0
0
0
0
0
0
0
0
0
0
0
0
0
0
0
0
0
0
0
0
0
0
0
0
0
0
0
0
0
0
0
0
0
0
0
0
0
0
0
0
0
0
0
0
0
0
0
0
0
0
0
0
0
0
0
0
0
0
0
0
0
0
0
0
0
0
0
0
0
0
0
0
0
0
0
0
0
0
0
0
0
0
0
0
0
0
0
0
0
0
0
0
0
0
0
0
0
0
0
0
0
0
0
0
0
0
0
0
0
0
0
0
0
0
0
0
0
0
0
0
0
0
0
0
0
0
0
0
0
0
0
0
0
0
0
0
0
0
0
0
0
0
0
0
0
0
0
0
0
0
0
0
0
0
0
0
0
0
0
0
0
0
0
0
0
0
0
0
0
0
0
0
0
0
0
0
0
0
0
0
0
0
0
0
0
0
0
0
0
0
0
0
0
0
0
0
0
0
0
0
0
0
0
0
0
0
0
0
0
0
0
0
0
0
0
0
0
0
0
0
0
0
0
0
0
0
0
0
0
0
0
0
0
0
0
0
0
0
0
0
0
0
0
0
0
0
0
0
0
0
0
0
0
0
0
0
0
0
0
0
0
0
0
0
0
0
0
0
0
0
0
0
0
0
0
0
0
0
0
0
0
0
0
0
0
0
0
0
0
0
0
0
0
0
0
0
0
0
0
0
0
0
0
0
0
0
0
0
0
0
0
0
0
0
0
0
0
0
0
0
0
0
0
0
0
0
0
0
0
0
0
0
0
0
0
0
0
0
0
0
0
0
0
0
0
0
0
0
0
0
0
0
0
0
0
0
0
0
0
0
0
0
0
0
0
0
0
0
0
0
0
0
0
0
0
0
0
0
0
0
0
0
0
0
0
0
0
0
0
0
0
0
0
0
0
0
0
0
0
0
0
0
0
0
0
0
0
0
0
0
0
0
0
0
0
0
0
0
0
0
0
0
0
0
0
0
0
0
0
0
0
0
0
0
0
0
0
0
0
0
0
0
0
0
0
0
0
0
0
0
0
0
0
0
0
0
0
0
0
0
0
0
0
0
0
0
0
0
0
0
0
0
0
0
0
0
0
0
0
0
0
0
0
0
0
0
0
0
0
0
0
0
0
0
0
0
0
0
0
0
0
0
0
0
0
0
0
0
0
0
0
0
0
0
0
0
0
0
0
0
0
0
0
0
0
0
0
0
0
0
0
0
0
0
0
0
0
0
0
0
0
0
0
0
0
0
0
0
0
0
0
0
0
0
0
0
0
0
0
0
0
0
0
0
0
0
0
0
0
0
0
0
0
0
0
0
0
0
0
0
0
0
0
0
0
0
0
0
0
0
0
0
0
0
0
0
0
0
0
0
0
0
0
0
0
0
0
0
0
0
0
0
0
0
0
0
0
0
0
0
0
0
0
0
0
0
0
0
0
0
0
0
0
0
0
0
0
0
0
0
0
0
0
0
0
0
0
0
0
0
0
0
0
0
0
0
0
0
0
0
0
0
0
0
0
0
0
0
0
0
0
0
0
0
0
0
0
0
0
0
0
0
0
0
0
0
0
0
0
0
0
0
0
0
0
0
0
0
0
0
0
0
0
0
0
0
0
0
0
0
0
0
0
0
0
0
0
0
0
0
0
0
0
0
0
0
0
0
0
0
0
0
0
0
0
0
0
0
0
0
0
0
0
0
0
0
0
0
0
0
0
0
0
0
0
0
0
0
0
0
0
0
0
0
0
0
0
0
0
0
0
0
0
0
0
0
0
0
0
0
0
0
0
0
0
0
0
0
0
0
0
0
0
0
0
0
0
0
0
0
0
0
0
0
0
0
0
0
0
0
0
0
0
0
0
0
0
0
0
0
0
0
0
0
0
0
0
0
0
0
0
0
0
0
0
0
0
0
0
0
0
0
0
0
0
0
0
0
0
0
0
0
0
0
0
0
0
0
0
0
0
0
0
0
0
0
0
0
0
0
0
0
0
0
0
0
0
0
0
0
0
0
0
0
0
0
0
0
0
0
0
0
0
0
0
0
0
0
0
0
0
0
0
0
0
0
0
0
0
0
0
0
0
0
0
0
0
0
0
0
0
0
0
0
0
0
0
0
0
0
0
0
0
0
0
0
0
0
0
0
0
0
0
0
0
0
0
0
0
0
0
0
0
0
0
0
0
0
0
0
0
0
0
0
0
0
0
0
0
0
0
0
0
0
0
0
0
0
0
0
0
0
0
0
0
0
0
0
0
0
0
0
0
0
0
0
0
0
0
0
0
0
0
0
0
0
0
0
0
0
0
0
0
0
0
0
0
0
0
0
0
0
0
0
0
0
0
0
0
0
0
0
0
0
0
0
0
0
0
0
0
0
0
0
0
0
0
0
0
0
0
0
0
0
0
0
0
0
0
0
0
0
0
0
0
0
0
0
0
0
0
0
0
0
0
0
0
0
0
0
1.3115
1.024
1.09174
1.31353
1.02498
1.21345
1.02498
1.024
1.05149
1.17604
1.024
1.02498
1.03046
1.13812
1.08184
1.02744
1.024
1.03903
1.09267
1.024
1.02637
1.02512
1.024
1.024
1.02769
1.29012
1.13306
1.21502
1.024
1.2884
1.024
1.024
1.04098
1.1545
1.03322
1.024
1.04598
1.02498
1.05951
1.30308
1.04961
1.12972
1.04743
1.05048
1.15379
1.06631
1.0881
1.10909
1.02791
1.1489
1.02715
1.02498
1.024
1.20301
1.024
1.41792
1.23215
1.14779
1.03003
1.0285
1.0376
1.04926
1.10317
1.0262
1.14214
1.02569
1.39472
1.02685
1.059
1.02498
1.02651
1.14217
1.02498
1.24531
1.04476
1.17044
1.13582
1.024
1.0823
1.05387
1.024
1.04558
1.04482
1.26102
1.05245
1.024
1.06334
1.02766
1.024
1.024
1.26412
1.03852
1.024
1.02498
1.06641
1.1423
1.024
1.024
1.024
1.05263
1.024
1.024
1.03247
1.09757
1.16987
1.02498
1.17455
1.20515
1.42938
1.40344
1.04346
1.3139
1.02498
1.05411
1.18841
1.34625
1.039
1.10342
1.03159
1.04003
1.0284
1.42693
1.02498
1.12572
1.4859
1.02498
1.05505
1.024
1.024
1.10203
1.26589
1.32484
1.20316
1.18782
1.024
1.02511
1.024
1.02498
1.13416
1.43075
1.05121
1.31104
1.02598
1.08474
1.024
1.18474
1.02498
1.28488
1.16923
1.20639
1.024
1.42427
1.12111
1.05414
1.024
1.04046
1.024
1.024
1.02498
1.024
1.0287
1.15875
1.04738
1.03789
1.02887
1.024
1.024
1.14058
1.02498
1.03251
1.02733
1.02975
1.0329
1.02796
1.024
1.32996
1.06997
1.13595
1.02644
1.10579
1.02756
1.024
1.12664
1.07529
1.04606
1.024
1.09113
1.024
1.22661
1.30509
1.02735
1.06242
1.03082
1.02498
1.06112
1.024
1.16188
1.02498
1.03201
1.04891
1.02498
1.02498
1.024
1.02498
1.10735
1.08001
1.29383
1.044
1.024
1.27604
1.63707
1.024
1.04845
1.04278
1.42612
1.024
1.04564
1.30114
1.02498
1.20916
1.024
1.02498
1.04364
1.10049
1.59198
1.02955
1.02721
1.42815
1.04565
1.02623
1.02743
1.02498
1.02639
1.11754
1.17934
1.05993
1.04455
1.02498
1.03426
1.02498
1.02507
1.02506
1.41562
1.08734
1.1391
1.02821
1.024
1.07587
1.11335
1.07074
1.03756
1.0302
1.16118
1.02498
1.11031
1.10798
1.22237
1.03451
1.31302
1.024
1.20031
1.024
1.024
1.02498
1.14402
1.29376
1.03448
1.024
1.28115
1.43818
1.25522
1.05785
1.48696
1.24618
1.02498
1.3423
1.024
1.02531
1.024
1.04314
1.02498
1.30999
1.04936
1.03934
1.10658
1.2599
1.024
1.37599
1.02498
1.02929
1.22757
1.22108
1.02498
1.37364
1.02498
1.10046
1.024
1.56486
1.23148
1.67288
1.024
1.03084
1.14025
1.02498
1.03335
1.11906
1.18053
1.03236
1.28418
1.024
1.12768
1.03194
1.02498
1.08878
1.05343
1.05399
1.02498
1.02771
1.02498
1.02498
1.15404
1.04247
1.02559
1.024
1.02498
1.024
1.02916
1.08246
1.28388
1.02498
1.16198
1.16423
1.23843
1.02498
1.0621
1.06252
1.11027
1.04249
1.024
1.024
1.07205
1.12905
1.03263
1.32695
1.47602
1.024
1.21155
1.03487
1.03334
1.63537
1.16595
1.024
1.20407
1.09734
1.09025
1.46508
1.024
1.1406
1.25169
1.1378
1.02547
1.25374
1.54263
1.024
1.024
1.14768
1.25709
1.17558
1.3328
1.14394
1.024
1.02498
1.22203
1.14605
1.06357
1.14546
1.41371
1.024
1.09099
1.2005
1.07515
1.024
1.03396
1.39463
1.13943
1.02498
1.11665
1.02498
1.22283
1.16157
1.10905
1.02714
1.04243
1.54117
1.0606
1.02498
1.27417
1.4937
1.024
1.61793
1.05436
1.1806
1.03438
1.024
1.03681
1.024
1.10951
1.09091
1.024
1.12215
1.07229
1.024
1.04281
1.02498
1.03997
1.0655
1.07292
1.09881
1.30849
1.24366
1.024
1.3216
1.56061
1.50023
1.02583
1.39962
1.07086
1.02555
1.3447
1.024
1.024
1.03006
1.05487
1.024
1.024
1.1963
1.02498
1.29034
1.02498
1.07697
1.02498
1.08901
1.0296
1.02498
1.02498
1.02831
1.02498
1.23337
1.26169
1.024
1.024
1.06108
1.05462
1.07302
1.0251
1.11332
1.02498
1.09461
1.03432
1.02886
1.07029
1.02744
1.02705
1.024
1.03672
1.02808
1.04887
1.024
1.031
1.02865
1.02964
1.6916
1.05704
1.02626
1.04708
1.02498
1.02605
1.03185
1.12322
1.18889
1.08732
1.4009
1.25612
1.0368
1.02499
1.02946
1.84508
1.024
1.03285
1.024
1.10678
1.03118
1.02759
1.02498
1.02852
1.12635
1.05097
1.04498
1.024
1.42387
1.024
1.0254
1.0578
1.03669
1.36692
1.03247
1.14455
1.16079
1.1471
1.05068
1.02805
1.024
1.024
1.08776
1.0489
1.06459
1.02498
1.0317
1.02753
1.12743
1.02498
1.024
1.14358
1.03528
1.02709
1.06169
1.024
1.17156
1.02498
1.04971
1.0377
1.18715
1.024
1.02506
1.10431
1.03038
1.024
1.0551
1.09046
1.07442
1.06811
1.024
1.28742
1.02647
1.16283
1.14534
1.08396
1.26685
1.26028
1.02703
1.1605
1.024
1.024
1.50799
1.024
1.11348
1.024
1.02996
1.03029
1.02498
1.03421
1.17316
1.24073
1.20775
1.024
1.16722
1.024
1.024
1.15047
1.09509
1.024
1.02504
1.02508
1.03865
1.09405
1.1645
1.04509
1.20836
1.12017
1.02498
1.02498
1.11025
1.38723
1.02682
1.02498
1.15137
1.19505
1.02913
1.0339
1.14123
1.15766
1.024
1.02498
1.03598
1.16352
1.03831
1.46683
1.02498
1.02653
1.024
1.03091
1.02686
1.024
1.38581
1.024
1.02498
1.459
1.024
1.06204
1.20622
1.07422
1.10081
1.0303
1.03372
1.17456
1.07922
1.024
1.02498
1.06546
1.14095
1.37873
1.02498
1.024
1.31683
1.04088
1.03078
1.024
1.02498
1.14261
1.1848
1.02498
1.55135
1.19961
1.17721
1.05377
1.024
1.08765
1.02675
1.024
1.08092
1.03317
1.17627
1.02548
1.02498
1.024
1.03662
1.02769
1.12299
1.024
1.024
1.04523
1.0415
1.02498
1.17636
1.02616
1.12315
1.26176
1.024
1.0294
1.45265
1.03922
1.03384
1.024
1.02498
1.12934
1.10288
1.024
1.14614
1.02498
1.55872
1.1041
1.1024
1.02498
1.07499
1.024
1.04949
1.024
1.024
1.18859
1.03798
1.03629
1.19834
1.03618
1.02498
1.024
1.024
1.06596
1.024
1.02692
1.04575
1.19312
1.024
1.05141
1.33903
1.05198
1.23497
1.02782
1.02498
1.16185
1.07528
1.02656
1.13924
1.024
1.15727
1.03467
1.02498
1.04039
1.05293
1.17996
1.03528
1.024
1.31171
1.15076
1.06468
1.14719
1.05075
1.19003
1.06446
1.231
1.024
1.13449
1.02498
1.04195
1.04452
1.02498
1.02715
1.31638
1.024
1.36158
1.05767
1.02498
1.02498
1.02528
1.19952
1.30084
1.10351
1.05665
1.20285
1.024
1.1089
1.02498
1.10574
1.02512
1.07199
1.12704
1.024
1.14496
1.04797
1.04464
1.024
1.02498
1.02498
1.39154
1.12904
1.16987
1.31874
1.09937
1.024
1.02798
1.0965
1.024
1.04956
1.1622
1.2132
1.07136
1.024
1.15074
1.04186
1.02762
1.23785
1.05443
1.23119
1.56801
1.07499
1.024
1.024
1.20491
1.27971
1.09456
1.4291
1.02638
1.024
1.03286
1.024
1.10691
1.02498
1.41861
1.0433
1.024
1.024
1.06744
1.22349
1.13357
1.02505
1.33862
1.60378
1.21806
1.02498
1.05641
1.02498
1.02498
1.024
1.07538
1.15838
1.02498
1.024
1.05912
1.02498
1.02519
1.14747
1.024
1.24793
1.024
1.024
1.024
1.02498
1.024
1.26609
1.024
1.02498
1.02678
1.56971
1.08796
1.02882
1.024
1.02498
1.04434
1.03384
1.12976
1.02902
1.07291
1.02498
1.27051
1.02498
1.06135
1.02758
1.024
1.02498
1.03231
1.03329
1.024
1.27004
1.02594
1.02812
1.07855
1.4497
1.16235
1.06353
1.13443
1.02713
1.34547
1.09447
1.06874
1.02498
1.07418
1.4582
1.02633
1.10729
1.024
1.024
1.04802
1.14811
1.024
1.52805
1.3568
1.024
1.13796
1.03413
1.30187
1.0609
1.024
1.024
1.14554
1.02634
1.024
1.0314
1.05855
1.03219
1.10693
1.0418
1.02609
1.08364
1.07155
1.31413
1.15293
1.0765
1.024
1.10442
1.03036
1.031
1.08959
1.03618
1.02749
1.03032
1.024
1.024
1.02498
1.02836
1.02498
1.12389
1.27702
1.11438
1.02498
1.04413
1.06741
1.024
1.02498
1.02498
1.03506
1.06569
1.1615
1.024
1.02498
1.26538
1.18029
1.024
1.02498
1.07381
1.024
1.024
1.024
1.04632
1.16467
1.02803
1.02715
1.03094
1.03114
1.04152
1.02498
1.02498
1.1769
1.26297
1.0273
1.1864
1.07343
1.02726
1.63238
1.03102
1.06846
1.08303
1.03892
1.02498
1.24546
1.14346
1.02498
1.02681
1.02498
1.024
1.06815
1.39496
1.15762
1.024
1.02668
1.21228
1.024
1.26949
1.05469
1.03616
1.36583
1.21693
1.02498
1.02511
1.20059
1.10376
1.16065
1.02498
1.13018
1.33684
1.024
1.02498
1.04088
1.024
1.03974
1.024
1.05164
1.02764
1.02498
1.04134
1.07337
1.024
1.02498
1.02498
1.10683
1.19645
1.3043
1.22792
1.23858
1.03657
1.04014
1.024
1.024
1.0837
1.05972
1.02498
1.06414
1.08075
1.26044
1.02813
1.12205
1.39878
0.979479
0.819689
1.06332
0.82439
0.8192
0.993258
0.902133
0.871975
0.946291
0.914166
0.831042
0.978015
0.823073
0.851797
0.956483
1.10232
0.838103
1.2385
0.999995
1.09971
0.98033
0.8192
0.947021
0.829465
0.819689
0.962988
0.94636
0.820418
1.43394
0.861658
0.955284
0.822775
0.819689
0.864212
0.957367
0.940706
1.08288
0.827849
1.18819
1.11627
1.34735
0.943919
0.871489
0.931583
1.04348
1.21404
0.832796
1.07562
1.01365
1.00031
1.10514
1.25658
0.833194
0.991944
1.28144
1.16922
1.24759
0.840592
1.10437
0.829496
0.854394
1.19348
0.846013
1.07444
0.819689
1.07612
0.826552
0.901462
0.995756
1.41038
0.946774
1.29858
0.824389
0.836303
0.8192
1.11921
1.02936
0.906092
1.09346
0.869768
1.23227
0.998123
1.36693
1.25441
0.961539
0.891592
0.851387
1.28401
1.60854
1.20718
1.00195
0.855676
0.862467
0.912404
0.893827
1.41492
0.8192
0.896681
1.14758
1.11039
1.02514
1.00552
0.875714
0.966966
0.990624
1.11786
1.08806
1.10827
1.14923
0.890449
0.842381
0.880924
1.05165
0.893993
0.847053
0.825272
1.03306
0.952656
1.12623
0.823938
0.888222
0.931213
0.819689
0.907743
1.00763
0.8192
0.906403
0.819689
1.14177
0.830666
1.03824
0.966701
1.05714
1.02363
1.06277
0.860494
1.09497
1.07278
0.833376
0.847808
0.971646
0.992693
1.16027
0.8192
0.858877
0.882473
0.913613
1.19126
0.966479
1.20514
0.952698
0.819689
1.1045
0.855751
0.862283
0.8192
1.02091
0.954703
0.8192
0.831899
0.981025
0.831571
0.836576
1.17795
1.10741
0.840583
0.8192
0.849124
0.877586
1.21489
0.963512
0.979405
0.949516
0.981579
0.828032
0.892959
0.879742
0.828867
0.835182
0.825845
0.819689
1.06866
0.87924
1.12205
1.02862
1.05015
1.10352
0.923881
0.8192
1.17525
0.954212
0.852064
1.00455
0.942819
0.819689
0.828588
1.20966
0.880224
0.870477
0.827168
0.825502
0.822138
0.831858
1.18831
1.27002
0.831463
0.84501
1.26799
0.864702
0.820059
1.0584
0.972794
0.860784
0.823349
1.10572
0.819689
0.8192
0.93982
0.880987
0.8192
0.833958
0.827206
0.895901
0.831964
0.841921
0.844113
0.850531
1.11041
1.40374
0.91636
0.998987
0.825025
1.21875
0.999781
1.00338
0.85565
0.924395
0.949371
1.12718
0.970649
0.888229
0.829586
0.870337
0.819689
1.07312
0.842021
0.899594
0.966233
0.858287
0.943536
1.04298
0.860284
0.8192
0.833451
0.856692
1.29671
0.870115
1.12236
1.01858
0.94485
0.941483
0.823766
0.908644
1.05407
0.959944
0.992642
0.819689
0.821418
0.999488
1.279
0.8192
0.819689
0.839696
1.04739
0.8192
0.82702
1.19417
0.827515
0.866775
1.01142
0.937462
0.858115
0.946691
0.896815
1.00758
1.60668
0.844125
0.836989
0.823393
0.853746
0.941671
0.829463
0.82057
0.831747
1.2291
1.00004
0.846835
1.05065
0.830003
0.825748
0.831473
0.910913
0.997061
0.824467
1.1298
0.864513
0.990447
1.15958
0.872061
0.865603
1.19712
1.23356
0.819689
1.0838
0.819689
0.819689
0.827172
0.822191
1.01268
1.1708
0.845821
0.837554
0.94985
0.819689
0.82238
0.819689
0.880797
0.89883
1.08032
1.10454
0.819689
0.945238
0.889088
0.909412
1.17648
0.992999
0.926654
1.1359
0.83443
1.0339
0.821071
0.896105
0.850798
0.85987
0.929345
0.9972
0.834263
0.836894
0.861126
0.82223
0.934545
1.26911
0.839541
0.995929
1.14885
1.03459
1.04131
1.11927
1.07835
0.84054
0.840651
0.820766
0.865008
0.898561
0.821677
1.23691
0.974596
0.891603
0.857903
0.857622
0.819689
1.00994
1.48083
0.857951
0.873392
0.856231
0.865134
0.819689
1.06045
0.822632
1.1763
1.00985
0.821243
0.956324
1.18587
0.8192
0.915656
1.07098
0.822278
0.821896
0.826183
0.911713
0.901696
0.853567
0.838725
0.819689
0.819689
0.87155
0.955474
0.850173
1.09705
1.38635
0.819689
1.19285
1.11186
0.8192
0.862263
0.819689
1.25164
1.29492
1.19881
0.940629
0.855532
1.10239
0.936446
0.821686
0.835699
1.5701
1.12492
0.983405
0.915375
0.991448
1.00457
0.819689
0.894937
1.24781
0.820329
0.866362
1.10697
0.819689
1.26567
0.872299
0.819689
0.8192
0.840032
1.09291
1.22207
1.15137
1.05724
1.05845
1.18736
1.04303
0.834042
1.04994
0.845898
0.865634
1.08496
0.840805
0.824055
0.922165
0.921791
0.819689
1.28359
1.14775
0.968847
0.945929
1.27298
0.824003
0.8192
0.879952
0.980315
0.819689
1.3696
0.868244
1.15233
0.827098
0.98506
0.853041
0.866253
0.868727
0.836628
1.02904
0.900048
0.984634
0.979065
0.846388
0.903277
0.822175
1.15704
0.8192
0.938154
0.830166
1.05723
1.16174
0.987026
0.855158
0.977807
1.04999
1.19738
1.08195
0.819689
1.13273
0.868186
1.23517
1.45274
0.902571
0.819782
0.824479
0.820089
0.819689
1.04229
0.819689
0.962247
0.825219
0.857492
0.889961
0.831676
1.07391
1.52301
0.819689
0.836266
0.997268
1.11372
1.15761
0.987017
1.27591
0.865074
0.934331
1.28927
0.826405
0.819689
0.879589
1.08235
0.903382
0.93292
0.949894
0.836448
0.938356
0.822933
0.889076
0.831688
0.835222
0.825121
1.03692
0.948802
1.19161
0.848796
0.843579
0.825113
0.88107
0.950078
1.28319
0.884464
0.828324
1.02447
0.828784
0.9497
0.883696
0.828123
0.819689
1.16768
1.32146
0.827706
0.831341
0.97315
0.911563
0.820432
0.820443
1.0376
1.32221
1.30671
0.819689
0.935633
0.8192
1.11931
1.10108
0.821313
0.947373
0.836281
0.842809
1.18788
1.43187
0.938911
1.01646
1.05595
1.09028
0.8192
0.840404
0.844268
1.0168
0.821373
0.819689
1.08284
1.16827
0.890663
0.825037
0.929876
1.14212
1.08823
0.823813
0.819689
0.819689
0.825393
0.84324
0.876779
1.17413
1.25396
0.843941
0.90506
0.973849
1.56765
1.17101
0.877739
0.926406
1.00838
0.995656
0.855646
0.945607
1.29614
1.35047
0.947279
1.7465
0.8192
1.21011
0.97335
0.838283
1.10146
0.91112
0.819792
0.819689
0.845718
0.828566
0.834552
0.90822
0.819743
0.857906
0.820543
1.3092
0.9456
0.876167
0.956194
1.21783
0.926805
0.951488
1.21825
1.13361
1.07549
0.819689
0.940961
0.922976
0.831512
1.28422
0.868961
0.845211
1.08558
1.20788
0.878016
1.01163
0.893769
0.844978
0.998404
1.03577
0.874657
1.14726
0.861912
0.997627
0.990023
0.962832
0.819689
0.819689
0.819689
0.819689
0.865857
0.895726
0.905659
1.27081
0.972893
0.995628
0.876141
0.82316
1.3939
1.04535
0.823975
1.09508
0.965758
0.833519
1.09132
1.00633
0.819689
0.923124
1.17288
0.877607
0.881517
0.819689
1.24405
0.8192
0.899361
1.0504
0.976594
1.23386
1.173
0.891862
0.994583
0.897515
1.52141
1.00086
0.944204
0.820713
1.07768
0.906201
0.905307
0.8192
1.00677
0.91299
0.838274
0.829415
1.41954
1.06229
0.830908
0.955762
0.872291
0.909365
1.02965
1.2369
0.897685
0.821951
0.893437
0.904821
1.07476
0.930776
1.06215
0.906852
0.866544
0.865255
0.828215
0.943376
0.885519
0.970058
0.886337
0.86376
0.94885
0.840147
1.53744
0.86494
1.01268
0.888984
0.8192
0.933388
0.822282
0.845236
0.876071
0.871525
0.955518
0.819689
1.26455
0.986643
0.819689
0.889896
0.8192
0.931689
0.993478
0.828929
0.846271
0.847054
1.19567
0.842723
1.04658
0.966898
1.06488
0.830584
0.830294
1.12538
0.9252
0.839466
1.13037
1.00711
0.823232
1.32963
0.943562
0.8192
0.84011
0.923267
0.822127
1.635
0.995431
0.819689
1.3548
0.915628
1.26283
1.29718
1.38207
1.22344
1.61693
0.830472
0.946822
0.911519
1.19548
1.2498
0.819689
0.820379
1.21701
0.826995
1.20614
0.955064
0.877819
1.02206
0.897438
1.12723
0.862417
0.819689
1.06987
1.03249
0.825848
0.831206
1.00632
1.14388
1.01136
0.821809
0.874686
1.08424
0.87604
1.13415
0.994062
0.8192
0.859672
0.928184
1.04102
1.05824
0.855245
0.904427
1.23648
1.21129
0.844753
0.82764
1.17114
0.841233
0.930715
1.06735
0.819925
0.952611
0.819689
0.838573
1.05167
1.15602
1.04596
1.23031
1.23238
0.864468
1.11195
0.851407
0.84716
0.981635
1.34717
0.826446
1.03499
0.819689
0.917216
0.99025
0.936189
1.03
0.849082
0.853093
1.07763
1.07038
0.819689
0.843026
0.912294
0.8192
1.128
0.82601
0.870669
1.18764
0.998957
1.28094
0.837131
0.878374
0.853922
0.824831
0.992775
0.819689
1.19877
0.840768
0.971033
1.09317
1.03002
0.819689
0.880832
0.877942
1.1772
0.867124
0.827928
0.845463
0.910598
0.831749
0.920727
1.11717
1.14183
0.969576
0.821742
1.38617
0.835726
1.17082
0.851484
0.862895
0.942793
1.06422
1.04799
1.03806
0.8192
1.53874
0.916476
0.822082
0.8192
0.871349
1.05228
0.824592
0.823655
0.998643
0.855243
0.937482
0.906867
0.820776
1.77224
0.829257
0.995712
1.50339
0.922604
0.8192
0.965106
1.33957
0.907753
1.119
0.840857
1.15128
1.16184
0.819689
0.819689
1.36509
0.926622
0.82222
0.829163
0.821023
1.65018
1.02984
0.819788
0.938214
0.846144
0.850065
1.05996
1.22203
1.22031
0.843281
0.954353
0.827659
1.14367
0.845464
0.830071
1.03471
1.07889
1.26382
1.19836
0.92116
1.2752
0.925935
0.884797
0.819689
1.18231
0.884261
1.43159
0.886276
1.11543
0.866574
1.22744
0.931937
1.12957
0.873131
0.845331
1.22431
1.0029
0.819689
0.957627
0.819689
0.93467
0.954299
1.17468
1.06168
1.3088
0.821278
1.10211
1.01656
1.19054
0.847836
0.863257
0.970547
0.947967
0.950807
0.819689
1.05911
1.06149
0.856003
0.888965
0.958906
1.17048
1.04387
1.0913
0.854046
0.836881
1.02658
0.8192
0.845044
