-0.64871
0.219292
0.666105
-0.374951
0.427414
-0.148746
-0.484011
0.30176
-0.459784
-2.67663
-1.02134
-1.50992
-0.778022
0.181905
-1.81983
-1.49483
-1.33086
-1.07513
0.476379
-0.687822
-1.48112
-1.68146
-0.816541
-0.768059
-1.2751
0.217242
-0.00673901
0.467021
-0.46902
-0.0959793
0.103434
-0.229846
0.0195389
0.437976
-0.927888
0.239139
-0.193083
-1.25668
0.136375
0.173085
0.430651
0.119329
-1.60805
0.180518
0.2888
0.444084
-0.360666
-0.778422
-0.0359733
-0.63561
-0.0608558
-0.0262369
-0.498415
-0.634632
0.740854
-1.54983
-0.760413
-2.00822
-1.05619
0.280164
0.383648
-0.379282
0.347356
-1.70309
-0.946282
0.125995
-0.655673
-0.335079
-0.561852
-0.339183
-0.350195
-0.690351
0.153866
-1.01863
-1.19073
-0.300094
0.0469582
-1.29326
-1.44641
0.428165
-0.000833658
0.175663
-0.726508
-1.50994
-0.358518
-0.291989
0.193745
-1.54533
0.122585
-3.02138
-0.0213025
-0.447464
0.198978
-0.534169
0.00890322
-0.752224
-0.369775
-0.808244
-0.702029
-0.827103
-0.14099
-0.862369
0.676185
0.314507
-0.112136
0.329356
-1.39817
-1.01759
0.0215434
-0.385721
-1.25339
-2.25504
-1.31188
0.183918
0.0262084
-0.628781
0.152753
0.0944077
0.162648
-1.06251
-1.81931
-1.05538
-1.05583
-0.981172
-0.305978
-0.103999
0.475943
0.152682
-0.451807
-0.104634
0.15498
-0.516793
0.589044
-0.192753
0.450472
-1.49488
-0.0538457
0.0198801
-0.655821
0.576693
-0.311685
-1.35329
0.93568
-0.0255353
-0.152679
-0.440891
0.127072
-0.355753
0.377776
-0.937489
-0.299058
-1.30633
-0.693331
-0.313566
-0.720831
-0.117011
-0.766946
-1.13192
0.558637
-1.20268
-0.0309739
0.509479
0.181863
-0.0178468
0.0752093
-0.145574
0.475493
-0.0672306
0.157344
0.0631415
-0.614705
-0.0311852
0.519645
-0.753348
-0.549096
-2.06688
-0.104746
0.0733713
0.24824
-0.796265
-0.263953
-1.45087
-0.1585
0.213566
-0.248281
0.0769799
-1.00568
-1.05118
0.278758
-0.486731
-1.6259
-0.876053
0.162051
-0.508192
-0.284334
-0.0881774
-0.54956
-0.790035
-0.342545
0.266626
-0.41813
0.159042
0.35909
-0.83181
-0.0947317
0.0965613
-0.000179373
-0.566071
-0.969843
-0.374098
0.67334
-0.802602
-0.187853
0.5126
0.11883
0.338801
-0.66317
0.216974
-0.720999
-0.298417
-0.0252916
-0.831328
-0.269942
-1.39534
-0.92497
-0.257914
-0.836098
-0.650525
0.543485
-1.55232
-0.166214
0.17488
0.256193
0.747029
-0.156422
0.20762
-2.28573
-0.654316
-0.346452
0.335906
0.514984
-1.08059
0.0736482
0.0266616
-0.0456048
-0.401107
-2.01373
0.275952
0.192846
0.188989
-1.79049
0.512621
-0.127883
-1.4906
0.114135
-1.24505
-0.838118
0.167911
-0.67371
0.507889
0.389879
-0.793315
0.256273
-0.635847
0.471245
0.292992
-0.0811266
-1.29675
0.425037
0.342317
-0.810763
0.64449
0.182739
0.799276
0.151026
0.264525
0.383195
-0.13095
0.158165
0.0922451
-0.0426085
-1.39508
0.638061
-0.0682268
0.245601
0.645385
0.533165
0.363974
0.164108
-0.307438
0.295408
-0.632725
-1.44213
-0.0841903
-1.43301
-0.176827
0.129941
0.0118122
-0.417092
0.147825
-0.0903388
0.190844
0.263936
0.128925
-1.34981
-0.728265
0.656783
0.327345
0.0375966
0.620282
0.0979729
-0.762235
-1.87533
-0.0496417
-0.211292
0.271505
-0.265573
-0.239071
0.111891
0.142454
0.43783
-0.0342784
0.379166
-0.703629
0.0830931
-0.557519
-0.209624
-0.113121
0.53462
0.593554
-0.0722561
-0.822157
0.1121
-0.0193463
0.329044
0.297919
0.207667
0.758425
-0.150933
-1.0186
-1.91725
-0.719424
-0.458775
-0.191539
0.205608
-0.989589
-0.217665
0.0476275
-0.539862
-1.35536
-0.125727
0.0488461
-1.53004
-1.51121
0.32433
-0.0224763
0.328329
-0.358444
-1.76552
-1.1594
-1.29527
0.331998
0.412451
-1.34923
-0.071079
-0.0535499
-0.960702
-0.572923
0.236226
0.523982
-0.443712
-0.186202
-0.601167
0.0697745
0.457005
-0.840211
0.14979
0.0752127
0.546736
-1.24876
0.0361942
0.392379
0.0601937
-0.259627
0.323854
-0.962488
-1.34135
0.104765
0.0288607
-1.00862
-0.414052
0.52731
-0.159799
-0.385778
-1.54927
0.046521
0.674951
-0.214128
0.120842
-0.564181
-1.03597
-0.458155
-1.90637
-0.813611
-0.0566155
-1.50437
0.0157302
0.0375858
0.18374
0.671185
-1.82359
0.289941
-0.171298
-0.860917
0.0873977
-1.06383
-0.812688
-0.794888
-1.02435
-0.417375
-0.923901
-0.789174
-0.655756
-0.1098
0.188679
-0.0452633
-1.19735
-1.01242
-1.07865
-0.0642998
0.278228
0.481108
0.683326
-0.363954
-0.0931983
-0.424417
0.259659
0.222222
-0.967658
-0.394009
-0.319558
0.262582
-0.915115
-0.635997
-1.1002
-0.989592
0.515154
0.334794
-0.800161
-0.82451
-0.844784
-0.164277
-0.56712
0.0781541
-1.34467
0.0116207
0.419108
-0.639076
-1.14674
-2.68875
-0.790157
-0.0656306
-0.779164
-0.190997
-0.357917
-0.503836
-0.986976
-2.76165
-0.0964194
-0.766056
-1.13762
-0.161978
0.20296
0.321611
-0.406171
-0.20717
-0.538125
-0.50914
-1.25819
0.466001
0.661182
-0.422709
0.695214
-0.189863
0.72093
-1.09792
-0.256694
-1.56137
-0.094084
-0.166667
0.150831
-0.0274916
-0.812376
0.25366
0.285966
-1.93809
0.124876
0.223247
-2.10066
0.403145
-0.907568
0.188693
0.495906
-2.36571
0.0864579
-0.379451
0.0394469
0.543332
-0.741429
-1.52194
-1.53517
-1.55045
-0.571626
-2.30683
0.600742
0.398194
0.587003
0.223541
-1.14865
-0.765578
-1.22087
-0.192081
-0.185107
-0.948311
0.131337
-1.4653
-1.19065
0.407495
0.291791
0.531234
0.251855
-0.55388
0.149131
-1.70305
-0.138398
-0.0215788
-0.422113
-0.804455
-0.0846154
-0.230111
-0.520733
0.40082
-0.281128
-0.269836
-0.672048
0.692394
-0.241693
0.2862
0.381374
-0.484615
-0.033662
0.409071
-0.614102
-0.00405516
0.201927
-0.299478
-0.162777
0.53546
0.456538
-0.0554193
0.672482
-0.202375
-0.247856
-1.73107
-0.755038
0.114582
0.880935
0.383363
-0.904406
-0.242874
-1.0807
0.385824
-0.36194
-2.84057
-0.0923383
-0.633271
0.0096154
-0.216585
-1.00824
-0.708316
0.360949
-0.300383
-1.83311
0.0561012
-0.59692
0.192938
-0.625169
0.414712
-1.42019
-0.150776
0.0169324
-0.358721
-1.7788
-0.353444
-0.0880663
-0.141152
0.255507
-1.34605
-0.507366
-1.54681
-0.919223
-1.03096
0.398491
0.10543
0.174123
-1.20493
-0.19153
-0.233313
0.414762
-0.657781
0.387344
-0.25181
-1.73908
0.728273
-0.0903688
-0.233514
-0.662611
0.305169
0.261488
-0.164782
-0.0295877
0.275204
-0.649968
0.425397
-0.140822
0.666835
-1.05748
-1.0124
0.126762
-0.103133
-0.572194
-0.193951
-0.653749
0.0814943
-1.11978
-0.683819
0.389685
-1.98414
-2.09222
-0.473374
0.237328
-0.86712
-0.0837972
-0.276963
-0.653897
0.46905
-1.12147
-0.258291
0.108301
0.515916
0.318802
0.355688
-0.773581
-0.280601
0.340571
0.310468
0.0141746
-1.68315
-0.471056
-0.789155
0.770658
-1.21151
0.257992
0.493985
0.0170607
-0.364134
-0.544223
0.25395
-2.03845
-1.28547
0.112199
0.131272
-0.631636
0.455107
-0.624351
-1.33517
-1.58227
-0.078185
-0.353081
-1.06591
-0.125278
0.105564
-0.0797233
0.660242
0.250619
-0.44542
-0.648809
0.346792
-0.0844628
-0.222674
-0.049059
-0.187118
0.086641
0.155735
-0.328304
-1.75296
-0.799374
-0.681121
-0.706497
-0.609681
-0.0628204
-0.727751
-0.204258
0.448677
-0.333893
-0.139154
-1.01946
-1.13626
-2.13468
-0.516196
-1.80959
-1.21986
-0.638161
-0.640865
0.556749
0.13898
0.267755
-1.53587
-1.11484
-0.159572
0.56678
-0.26798
0.38598
-1.08258
0.150525
0.564365
-1.01695
-1.93456
0.288103
-0.345915
-0.948068
-0.833395
0.186651
0.389143
0.395332
-0.106064
0.0985455
-1.19142
-0.81343
-1.1376
0.0354649
0.36172
0.560304
-0.215932
-0.125024
-2.09431
0.427181
-0.782784
-0.392603
0.423251
-0.272391
-0.928223
-0.170864
-0.399515
0.135606
-1.18477
0.149473
-0.562323
0.0871871
-0.309634
-1.91935
-0.0233326
0.553687
-0.781185
-0.0605161
-0.341156
0.127264
0.420731
-0.153163
0.387855
-0.183848
-1.09259
-0.77076
0.299106
-0.649114
0.168496
0.429422
0.293849
-0.726734
0.315263
-0.636279
0.146386
0.0887635
-0.528246
-1.15541
-0.67182
0.260512
-0.850607
0.333233
-0.31276
0.498082
-0.365796
-0.430722
-0.0826415
0.365938
0.265447
0.0529262
-1.3017
-1.1401
-0.930103
-0.501573
-0.853659
-0.956867
-0.710675
-0.46822
-0.521382
-3.25583
-0.703447
0.209047
-0.484489
-0.350167
-0.304973
-0.0512313
-0.659204
-0.0340103
0.680054
0.286821
0.27494
-1.20809
-2.17226
-0.324923
-0.707422
0.155873
0.316659
-2.23641
-0.490645
-0.0013946
-0.22097
-1.13126
-1.26395
0.725803
0.20796
-0.682143
-1.68454
-1.61514
-1.03672
0.0828168
0.0437913
0.476757
-0.089213
-0.0719303
-0.824578
0.395633
-0.999945
0.037503
0.512903
0.494469
0.207108
-0.203288
-1.34076
-0.670339
-0.200592
-1.0714
-0.998387
-0.630986
-1.23834
-1.80832
0.260255
-1.4731
-1.17469
0.0401846
-1.10266
-0.615518
0.284392
0.229296
-1.33993
0.145681
0.00299065
0.67169
-1.0899
-0.480499
-1.96694
-0.676783
-1.37475
-1.98621
0.417202
0.794312
0.292651
0.199163
-1.38462
-0.466834
-0.742586
-0.972487
-1.35521
-0.658588
-0.205542
0.334243
-0.0671605
0.575089
-0.544316
0.270736
0.0734486
-0.19122
-1.21884
0.336632
-1.1629
-0.126618
0.75183
-0.410686
0.338644
-0.585285
-1.26581
-0.175375
0.057607
0.689692
-1.05422
-1.24326
-1.46124
0.574311
0.304663
0.480377
-1.08797
-0.130911
-2.00107
0.259635
-0.622106
-0.673096
-1.51528
-0.216816
-0.200681
-1.6387
0.0872161
-1.50155
0.494585
-0.961842
-0.308264
-0.40165
-0.177848
-2.06662
0.248256
-0.642671
-0.359277
0.0128067
-0.237172
-0.216081
-0.992395
-0.674641
0.336501
0.154383
-0.0922643
-0.0408187
-1.17762
-1.63437
0.187646
-0.761082
-0.89749
0.386697
0.407593
0.205914
-0.207734
-0.21204
0.811385
0.547472
-0.745713
-0.781606
-0.435034
0.148236
0.0953024
-1.46796
-0.880637
-0.858761
-0.934526
-1.49708
-0.853147
-1.51317
-1.19691
0.540914
-1.30956
-2.41781
0.0284718
-0.732434
-0.99303
0.225012
-0.900459
-0.158602
-1.35985
-1.47231
-0.205129
-1.24798
-0.222221
-0.508987
-0.66334
-1.27798
-1.03084
0.218032
0.808684
-0.0439611
0.580229
0.298832
0.569194
-0.326905
0.516898
0.318702
0.249936
-0.193056
-1.31266
-0.147278
0.387414
-2.26369
0.271432
-0.933554
-0.116462
-1.33564
-0.31243
-0.380241
0.418488
-0.363007
0.240058
-0.205872
0.382999
-0.225877
0.355802
-0.585055
-0.207416
-0.236334
-0.632804
0.147554
-0.817792
0.0978026
-1.73167
-0.945854
-0.0524715
-0.851746
0.522988
-0.268963
-0.332303
0.576449
-0.21901
0.353062
-0.811738
0.181393
0.243581
-0.225242
0.0793462
-0.19373
-0.352782
0.243585
0.711997
0.0140945
-1.05183
-0.896899
0.341472
-0.545357
0.0530172
-0.582188
-0.92482
-0.808585
-0.302146
-0.369765
0.433478
0.427211
-0.1189
-0.186731
-0.108165
0.504993
0.165243
0.113665
0.0600177
-0.080818
0.0810419
0.033019
-0.227851
0.584248
0.0794597
0.511197
0.282153
-1.0425
-0.026537
-1.65261
-0.604303
-0.515627
-1.64065
-0.672812
-0.973436
-0.738683
0.0684529
-0.293012
0.294374
0.281969
-0.266205
0.0529134
-0.434483
0.378051
-0.721649
-0.98922
0.137843
-0.976463
0.445835
-1.13222
-0.436724
-0.0341511
-0.0219184
0.254585
-1.02486
-0.621059
-0.20792
-1.05308
-0.221631
0.198588
0.0579133
0.458755
0.421093
-0.345811
-0.325162
-1.02815
-0.529613
-0.195
0.386245
0.479268
0.165462
-0.00668996
-0.54066
0.293297
0.504804
0.130711
0.463728
0.158149
-0.234933
0.490208
-0.321325
-0.68531
-0.599107
-0.290509
0.31579
0.46171
-0.30087
0.28596
-1.1382
-0.213063
-0.630899
-0.152847
0.0391459
0.685231
-1.43919
-0.480414
-0.671285
-0.232925
-0.845373
-0.453555
0.404883
0.0835187
-0.112993
0.197509
-0.102466
0.875471
-1.00373
-1.05406
-0.0718521
-0.0899711
-1.22993
0.221114
0.34717
-0.0580643
0.305557
-0.41213
0.0252662
-0.642488
0.109857
-0.900162
-0.503962
-1.84617
0.353216
0.511343
0.513717
0.121258
-0.038625
-0.318517
-0.114813
-0.566953
-0.848958
-0.534702
0.020226
-0.586225
-0.704644
-0.4302
0.435608
-0.229035
-0.380062
-0.635393
-0.210745
0.279588
-0.0248801
-0.0811557
0.157414
0.183082
-0.550467
-0.570822
-0.788833
0.157007
0.581338
-0.531851
-1.00084
0.00250335
-0.324799
-0.773316
-0.00556794
-0.781574
-0.92929
0.0274693
0.0262337
-0.535721
-1.04243
-0.473715
-1.25527
-0.132004
0.27845
-0.244136
-0.384684
-0.302722
-0.113565
-0.0224433
-0.065674
-0.305403
-0.00826077
-0.180925
-0.243741
-0.318995
0.380052
-0.63184
-0.689649
0.0753069
0.0162016
0.256591
-0.643527
-0.506251
-0.574786
-0.514082
-0.477696
-0.454069
-0.838663
-0.735324
-0.331134
-0.462317
-0.245242
-0.243692
-0.406359
0.282697
-0.763949
-0.031578
-0.0510863
-0.739183
0.216454
-0.176796
-0.254057
-0.285542
-0.195628
-0.835178
-0.780626
-1.2383
-0.800754
-0.721183
0.48269
-0.0412953
-0.827619
-0.543147
-0.255508
0.112495
0.127353
-0.182664
0.369278
-0.788591
-0.39172
-0.663528
-1.3897
-0.634719
0.0147424
-0.608782
-0.741168
-1.6619
-0.0362827
-0.81871
-1.2977
-0.521047
0.144953
-0.327648
0.480153
0.37545
-0.0385546
0.227942
-0.0410809
-0.730932
-0.2733
-0.0867416
-0.117254
0.66752
0.442429
0.101788
0.516696
-0.683208
0.301781
0.0750481
0.146424
-0.186067
0.145628
-0.242224
-0.211316
0.0165564
-0.608359
0.00835338
-0.298627
-0.424888
-0.603821
-0.000102312
-1.95287
0.515186
-0.192279
-1.38038
0.0704229
0.46141
0.0998453
0.114973
0.380204
-0.341909
0.0725024
-0.0819991
-0.23723
-0.72511
-0.502119
0.782491
-0.286357
-0.262754
0.344179
-1.42743
-0.10209
0.122899
-1.24088
0.0269622
-0.457924
0.569858
-0.0823067
-0.534975
-1.77232
0.264749
0.148507
0.0967156
0.286941
0.243571
0.539062
-0.302878
-0.189293
-1.21898
-2.20369
-1.97825
-0.359084
-0.104243
0.218959
-0.276878
-1.65069
0.186726
0.430718
-0.10112
-0.201235
0.00893859
0.458628
-0.649277
0.151661
-0.847443
-0.345789
0.115014
0.170977
-0.942933
0.095429
0.265537
0.371926
-1.00849
-0.128966
-0.215649
0.122667
0.110759
-0.0395064
-1.19963
-1.41474
-1.46732
0.419947
-2.45532
-1.06614
0.00283977
-0.103073
-0.515714
-1.29035
-0.0215632
0.0501413
-0.427343
0.126845
0.228669
-0.269621
-0.165143
0.0303177
-0.657028
-1.00103
0.00320642
0.197466
-0.493095
0.176
0.564115
0.158411
-0.0474841
-0.127234
-0.0705702
-0.577518
0.302848
-0.776572
0.556279
-0.23394
-0.736945
0.16035
0.0743989
-0.35242
0.308113
-0.272383
-0.0553255
0.0974436
0.266844
-0.54269
-0.278415
0.207587
-0.529307
0.446861
0.169126
0.392035
0.765666
-0.115688
0.0260631
-0.0162741
-0.0368947
-0.84464
-1.16291
0.448017
0.120721
0.0951229
0.301408
-0.137285
-3.19507
-1.04328
0.0746588
-0.135971
-0.193964
0.400802
-0.219063
0.272193
-1.24803
-0.0667824
0.184683
0.14515
-0.984981
0.223532
0.165933
-0.0783083
0.359078
-0.526408
-0.0896505
-0.128521
-0.119074
0.639384
-0.429276
0.414512
-1.06676
-0.699742
0.349149
0.328536
-0.785914
0.0998991
-0.306941
-1.19102
-0.036693
-0.783363
-1.0649
0.0428409
-0.174389
0.51317
0.360949
0.0875842
0.0018619
-0.0732059
-0.642428
-0.357496
-1.02929
0.291697
-0.162711
0.208965
-0.12401
0.256341
-0.372907
0.0773771
0.0884822
0.303031
-0.379404
-0.675546
0.443084
0.696278
-0.500218
-0.396809
0.211173
-0.0643362
-0.999483
0.146409
0.3533
0.43943
0.267177
-1.12743
-0.690526
0.0402067
0.329624
-0.361345
-0.471464
-0.247201
0.367473
0.546145
-0.0195721
-0.720674
-0.4357
-0.194043
0.24133
0.673581
0.158702
-0.353462
-0.146675
-0.399977
0.0494807
-0.996482
-1.28246
0.102415
-0.349676
-0.584866
0.0736316
0.172513
0.378675
-0.409246
0.0354161
-1.08972
-1.56383
-1.38236
0.450289
-0.0369458
-0.21337
-0.475819
-0.524632
0.272566
0.189731
0.492954
-1.24121
-0.037594
-0.789167
0.186276
-0.923391
-0.127894
0.226939
0.317631
-0.399737
-0.224697
-0.821106
0.529292
-1.54756
-0.00900565
0.298649
0.467882
-0.255304
0.479048
-0.774353
-0.0323677
0.010548
-0.272141
0.544319
-0.594147
-0.267359
-0.759386
-0.0537773
-0.222375
0.124442
0.19855
-1.18056
-0.150717
0.248001
0.26874
-0.527954
-0.808278
0.104303
-0.6851
-0.492746
0.498527
-0.133271
-0.692033
-0.275997
-0.118922
0.133775
-0.433484
-0.539377
0.313214
-0.186085
0.33973
-1.40954
0.22105
0.00104563
-0.100288
-0.782155
-1.2823
-0.213928
-0.522996
0.293053
-0.189309
-0.385973
-0.0315642
0.36584
-1.05393
-0.558907
0.196106
-0.316874
0.00637203
0.0637823
-1.33675
-0.0862338
0.353172
0.709387
-0.854058
0.392678
-0.700046
-1.70481
-0.585172
0.188981
0.365864
0.59121
-0.561828
0.586047
0.0467709
-0.6147
-0.953441
-0.0459666
-0.238544
-0.16634
0.172715
-0.825979
-0.0949973
0.180847
-0.883937
-1.07067
-0.00153096
0.265318
-0.678675
0.0102542
-0.765301
-0.450882
-0.0867295
0.433481
-0.160016
0.125375
-0.351287
0.367032
-2.49868
-0.0393085
-1.03638
0.212859
-0.0874598
0.0804355
0.633449
-0.0553399
0.456876
0.382922
0.407894
-0.0999129
0.130774
-0.256315
-0.661128
0.178281
-0.544443
0.210915
0.318608
0.00715637
0.385727
0.553103
-0.405865
0.252046
-0.611913
0.429908
-0.725368
-0.692007
-0.731886
0.679707
-0.0685158
-1.09946
-0.226013
0.150514
-0.116598
-0.959891
0.245635
0.0897679
0.117864
0.0540059
0.0183339
0.148631
0.193179
-0.636177
0.0658766
-0.0740123
-1.54403
-0.188707
-0.472937
-0.406535
0.252571
0.194002
0.279315
-0.779244
0.103306
-0.599125
0.578489
-0.417664
-0.277968
-1.46375
-1.23063
-0.664841
0.545814
-1.32992
-1.04009
-0.00336261
0.503637
0.295268
-1.46817
0.199136
0.119093
-0.399709
-0.517338
-0.243562
0.205631
0.105375
-0.279849
0.158213
0.658624
0.362491
0.423394
-0.138655
-0.0444739
-0.595927
-0.114291
0.300262
-0.661005
-0.614992
0.360691
-0.546377
-0.400249
-1.95131
-0.391728
-0.0506679
-0.749391
0.321684
-0.285812
0.00408555
0.3071
0.577646
0.0193874
-0.464302
0.561497
0.50694
0.0810637
0.166048
-0.106776
-1.09409
0.313932
-0.101733
0.522679
-1.74525
0.573216
0.554972
-1.52644
0.0810618
-0.870482
-1.19876
-0.0310583
0.260397
0.224198
0.504592
-0.762289
-0.698707
-0.907978
-0.971534
0.265391
-0.0649102
-0.588484
-0.0600983
-0.133617
-0.525721
-0.258827
0.129225
-0.200471
0.531527
-1.37972
-0.089963
-0.150503
-0.12122
-1.11292
-0.199523
0.709893
-2.03476
0.0582122
-0.420787
-0.7789
0.223614
-1.58029
-0.157194
-0.0283909
-0.668898
-0.359829
-1.29683
0.0963735
-0.238783
-0.228732
0.0361174
0.294836
0.0622128
-0.894025
0.223966
-0.174173
-0.20312
-0.870299
-0.158026
-0.610512
-0.576073
0.0182537
-0.564546
-0.306682
-0.992913
0.0353939
0.192842
0.340078
-0.966986
0.635823
0.240632
-0.169775
0.27873
0.0167769
-1.32606
-0.608877
-0.71332
-0.13911
-0.280089
0.149754
-0.269832
0.3108
0.0793584
-1.67527
-1.2845
0.204342
0.522411
0.182687
-0.261492
-0.523857
0.242873
0.287149
-0.052711
-0.456476
-1.89216
-0.282552
-1.45941
0.428213
-0.275659
0.302112
-0.199267
0.158913
-0.357173
0.599783
-0.584154
0.662524
-0.503675
-0.479864
0.0680072
-0.692256
0.136292
-1.02416
-0.277563
-0.70177
0.408119
-0.0566774
-1.17038
-1.22776
-0.732961
0.142134
-0.891312
-0.332995
0.0176976
0.467691
0.3933
-0.00105373
0.299456
-0.19906
0.727181
0.0195484
-0.831788
-0.924711
-0.859627
0.180564
-1.78595
-0.275317
0.234591
-0.340213
0.318415
-0.553091
0.241414
0.109824
0.463159
0.46242
0.634381
0.085491
0.128328
-1.30337
-1.39345
-0.286528
0.705503
-0.109271
-0.0715153
0.700935
-0.146473
-0.320624
0.193875
-1.01618
-0.32432
0.0334827
-0.153556
0.299294
0.147129
0.149751
-0.366457
-0.249051
0.0606216
0.16144
0.142545
-0.217272
-0.177258
-0.640115
-0.990287
-1.17949
0.0557472
0.1183
-1.48643
0.229302
0.0527104
0.226338
-0.00809531
0.283738
0.565538
-0.404859
0.0282507
-0.97849
-1.7337
-0.300271
0.388291
-0.509687
-1.3156
0.303946
0.296301
-0.431637
0.468757
-0.736087
0.521068
-0.933176
-0.435354
-0.0252044
-0.0212376
-0.143358
0.0884609
-0.314459
0.24491
-1.16766
0.182342
0.265478
-1.26418
0.255059
0.161697
-0.610961
-0.47326
0.722475
-0.803331
-0.0916233
-0.256411
0.503018
-1.12355
-0.00932863
0.441341
0.219696
-0.480828
0.18364
-0.384925
0.270799
-0.0920136
0.5681
-1.05066
-0.183076
-0.338986
-0.410368
-0.40646
-0.660669
-0.224259
-0.0364522
0.249674
0.357213
-0.191174
0.256309
0.0936733
-0.450653
0.177715
0.146748
-0.240414
-0.421098
0
0
0
0
0
0
0
0
0
0
0
0
0
0
0
0
0
0
0
0
0
0
0
0
0
0
0
0
0
0
0
0
0
0
0
0
0
0
0
0
0
0
0
0
0
0
0
0
0
0
0
0
0
0
0
0
0
0
0
0
0
0
0
0
0
0
0
0
0
0
0
0
0
0
0
0
0
0
0
0
0
0
0
0
0
0
0
0
0
0
0
0
0
0
0
0
0
0
0
0
0
0
0
0
0
0
0
0
0
0
0
0
0
0
0
0
0
0
0
0
0
0
0
0
0
0
0
0
0
0
0
0
0
0
0
0
0
0
0
0
0
0
0
0
0
0
0
0
0
0
0
0
0
0
0
0
0
0
0
0
0
0
0
0
0
0
0
0
0
0
0
0
0
0
0
0
0
0
0
0
0
0
0
0
0
0
0
0
0
0
0
0
0
0
0
0
0
0
0
0
0
0
0
0
0
0
0
0
0
0
0
0
0
0
0
0
0
0
0
0
0
0
0
0
0
0
0
0
0
0
0
0
0
0
0
0
0
0
0
0
0
0
0
0
0
0
0
0
0
0
0
0
0
0
0
0
0
0
0
0
0
0
0
0
0
0
0
0
0
0
0
0
0
0
0
0
0
0
0
0
0
0
0
0
0
0
0
0
0
0
0
0
0
0
0
0
0
0
0
0
0
0
0
0
0
0
0
0
0
0
0
0
0
0
0
0
0
0
0
0
0
0
0
0
0
0
0
0
0
0
0
0
0
0
0
0
0
0
0
0
0
0
0
0
0
0
0
0
0
0
0
0
0
0
0
0
0
0
0
0
0
0
0
0
0
0
0
0
0
0
0
0
0
0
0
0
0
0
0
0
0
0
0
0
0
0
0
0
0
0
0
0
0
0
0
0
0
0
0
0
0
0
0
0
0
0
0
0
0
0
0
0
0
0
0
0
0
0
0
0
0
0
0
0
0
0
0
0
0
0
0
0
0
0
0
0
0
0
0
0
0
0
0
0
0
0
0
0
0
0
0
0
0
0
0
0
0
0
0
0
0
0
0
0
0
0
0
0
0
0
0
0
0
0
0
0
0
0
0
0
0
0
0
0
0
0
0
0
0
0
0
0
0
0
0
0
0
0
0
0
0
0
0
0
0
0
0
0
0
0
0
0
0
0
0
0
0
0
0
0
0
0
0
0
0
0
0
0
0
0
0
0
0
0
0
0
0
0
0
0
0
0
0
0
0
0
0
0
0
0
0
0
0
0
0
0
0
0
0
0
0
0
0
0
0
0
0
0
0
0
0
0
0
0
0
0
0
0
0
0
0
0
0
0
0
0
0
0
0
0
0
0
0
0
0
0
0
0
0
0
0
0
0
0
0
0
0
0
0
0
0
0
0
0
0
0
0
0
0
0
0
0
0
0
0
0
0
0
0
0
0
0
0
0
0
0
0
0
0
0
0
0
0
0
0
0
0
0
0
0
0
0
0
0
0
0
0
0
0
0
0
0
0
0
0
0
0
0
0
0
0
0
0
0
0
0
0
0
0
0
0
0
0
0
0
0
0
0
0
0
0
0
0
0
0
0
0
0
0
0
0
0
0
0
0
0
0
0
0
0
0
0
0
0
0
0
0
0
0
0
0
0
0
0
0
0
0
0
0
0
0
0
0
0
0
0
0
0
0
0
0
0
0
0
0
0
0
0
0
0
0
0
0
0
0
0
0
0
0
0
0
0
0
0
0
0
0
0
0
0
0
0
0
0
0
0
0
0
0
0
0
0
0
0
0
0
0
0
0
0
0
0
0
0
0
0
0
0
0
0
0
0
0
0
0
0
0
0
0
0
0
0
0
0
0
0
0
0
0
0
0
0
0
0
0
0
0
0
0
0
0
0
0
0
0
0
0
0
0
0
0
0
0
0
0
0
0
0
0
0
0
0
0
0
0
0
0
0
0
0
0
0
0
0
0
0
0
0
0
0
0
0
0
0
0
0
0
0
0
0
0
0
0
0
0
0
0
0
0
0
0
0
0
0
0
0
0
0
0
0
0
0
0
0
0
0
0
0
0
0
0
0
0
0
0
0
0
0
0
0
0
0
0
0
0
0
0
0
0
0
0
0
0
0
0
0
0
0
0
0
0
0
0
0
0
0
0
0
0
0
0
0
0
0
0
0
0
0
0
0
0
0
0
0
0
0
0
0
0
0
0
0
0
0
0
0
0
0
0
0
0
0
0
0
0
0
0
0
0
0
0
0
0
0
0
0
0
0
0
0
0
0
0
0
0
0
0
0
0
0
0
0
0
0
0
0
0
0
0
0
0
0
0
0
0
0
0
0
0
0
0
0
0
0
0
0
0
0
0
0
0
0
0
0
0
0
0
0
0
0
0
0
0
0
0
0
0
0
0
0
0
0
0
0
0
0
0
0
0
0
0
0
0
0
0
0
0
0
0
0
0
0
0
0
0
0
0
0
0
0
0
0
0
0
0
0
0
0
0
0
0
0
0
0
0
0
0
0
0
0
0
0
0
0
0
0
0
0
0
0
0
0
0
0
0
0
0
0
0
0
0
0
0
0
0
0
0
0
0
0
0
0
0
0
0
0
0
0
0
0
0
0
0
0
0
0
0
0
0
0
0
0
0
0
0
0
0
0
0
0
0
0
0
0
0
0
0
0
0
0
0
0
0
0
0
0
0
0
0
0
0
0
0
0
0
0
0
0
0
0
0
0
0
0
0
0
0
0
0
0
0
0
0
0
0
0
0
0
0
0
0
0
0
0
0
0
0
0
0
0
0
0
0
0
0
0
0
0
0
0
0
0
0
0
0
0
0
0
0
0
0
0
0
0
0
0
0
0
0
0
0
0
0
0
0
0
0
0
0
0
0
0
0
0
0
0
0
0
0
0
0
0
0
0
0
0
0
0
0
0
0
0
0
0
0
0
0
0
0
0
0
0
0
0
0
0
0
0
0
0
0
0
0
0
0
0
0
0
0
0
0
0
0
0
0
0
0
0
0
0
0
0
0
0
0
0
0
0
0
0
0
0
0
0
0
0
0
0
0
0
0
0
0
0
0
0
0
0
0
0
0
0
0
0
0
0
0
0
0
0
0
0
0
0
0
0
0
0
0
0
0
0
0
0
0
0
0
0
0
0
0
0
0
0
0
0
0
0
0
0
0
0
0
0
0
0
0
0
0
0
0
0
0
0
0
0
0
0
0
0
0
0
0
0
0
0
0
0
0
0
0
0
0
0
0
0
0
0
0
0
0
0
0
0
0
0
0
0
0
0
0
0
0
0
0
0
0
0
0
0
0
0
0
0
0
0
0
0
0
0
0
0
0
0
0
0
0
0
0
0
0
0
0
0
0
0
0
0
0
0
0
0
0
0
0
0
0
0
0
0
0
0
0
0
0
0
0
0
0
0
0
0
0
0
0
0
0
0
0
0
0
0
0
0
0
0
0
0
0
0
0
0
0
0
0
0
0
0
0
0
0
0
0
0
0
0
0
0
0
0
0
0
0
0
0
0
0
0
0
0
0
0
0
0
0
0
0
0
0
0
0
0
0
0
0
0
0
0
0
0
0
0
0
0
0
0
0
0
0
0
0
0
0
0
0
0
0
0
0
0
0
0
0
0
0
0
0
0
0
0
0
0
0
0
0
0
0
0
0
0
0
0
0
0
0
0
0
0
0
0
0
0
0
0
0
0
0
0
0
0
0
0
0
0
0
0
0
0
0
0
0
0
0
0
0
0
0
0
0
0
0
0
0
0
0
0
0
0
0
0
0
0
0
0
0
0
0
0
0
0
0
0
0
0
0
0
0
0
0
0
0
0
0
0
0
0
0
0
0
0
0
0
0
0
0
0
0
0
0
0
0
0
0
0
0
0
0
0
0
0
0
0
0
0
0
0
0
0
0
0
0
0
0
0
0
0
0
0
0
0
0
0
0
0
0
0
0
0
0
0
0
0
0
0
0
0
0
0
0
0
0
0
0
0
0
0
0
0
0
0
0
0
0
0
0
0
0
0
0
0
0
0
0
0
0
0
0
0
0
0
0
0
0
0
0
0
0
0
0
0
0
0
0
0
0
0
0
0
0
0
0
0
0
0
0
0
0
0
0
0
0
0
0
0
0
0
0
0
0
0
0
0
0
0
0
0
0
0
0
0
0
0
0
0
0
0
0
0
0
0
0
0
0
0
0
0
0
0
0
0
0
0
0
0
0
0
0
0
0
0
0
0
0
0
0
0
0
0
0
0
0
0
0
0
0
0
0
0
0
0
0
0
0
0
0
0
0
0
0
0
0
0
0
0
0
0
0
0
0
0
0
0
0
0
0
0
0
0
0
0
0
0
0
0
0
0
0
0
0
0
0
0
0
0
0
0
0
0
0
0
0
0
0
0
0
0
0
0
0
0
0
0
0
0
0
0
0
0
0
0
0
0
0
0
0
0
0
0
0
0
0
0
0
0
0
0
0
0
0
0
0
0
0
0
0
0
0
0
0
0
0
0
0
0
0
0
0
0
0
0
