1.01416
1.13882
1.53712
1.00693
1.29216
1.03294
1.00572
1.23374
1.00911
0.999024
0.999024
0.999978
0.999024
1.10877
0.999024
0.999024
0.999024
0.999024
1.3079
1.00347
0.999024
0.999024
0.999978
0.999024
0.999024
1.12424
1.05316
1.33492
1.00396
1.02445
1.01347
1.04144
1.07751
1.29545
0.999024
1.13171
1.00817
0.999024
1.10319
1.1853
1.14766
1.06405
0.999024
1.08666
1.13308
1.27982
1.01407
0.999978
1.03157
0.999978
1.07513
1.05986
1.00903
1.00822
1.60148
0.999024
0.999024
0.999024
0.999024
1.22846
1.25613
1.01681
1.17605
0.999024
1.00098
1.09877
1.01019
1.04534
1.00104
1.02788
1.02392
0.999024
1.15545
0.999024
0.999978
1.009
1.03303
0.999024
0.999024
1.2808
1.02041
1.09267
0.999978
0.999024
1.04981
1.00416
1.09622
0.999024
1.14395
0.999024
1.04075
1.00441
1.13537
0.999978
1.07661
1.00474
1.01859
0.999978
1.00521
1.0017
1.04799
0.999024
1.48285
1.15331
1.07793
1.19138
0.999024
0.999024
1.10487
1.00439
0.999978
0.999024
0.999024
1.20322
1.08231
1.00149
1.09738
1.05526
1.10073
0.999024
0.999024
0.999978
0.999978
1.0035
1.0242
1.02913
1.25428
1.17585
0.999978
1.03961
1.14543
1.00271
1.40077
1.00723
1.20306
0.999024
1.05288
1.07569
1.00581
1.39401
1.00485
0.999024
1.89551
1.0688
1.02243
1.00853
1.06619
1.01925
1.22318
0.999978
1.02491
0.999024
1.00173
1.0156
1.00142
1.0418
1.00098
0.999024
1.31355
0.999978
1.06233
1.28616
1.16582
1.06306
1.12003
1.01776
1.29319
1.02115
1.08839
1.09035
1.00159
1.07427
1.29509
0.999024
1.01094
0.999024
1.01269
1.12729
1.18129
0.999978
1.02178
0.999024
1.04232
1.14856
1.00903
1.03802
0.999024
0.999978
1.11103
1.01408
0.999024
1.0066
1.09234
1.00593
0.999978
1.0488
1.00166
1.00841
1.00937
1.1579
1.02424
1.08485
1.3099
0.999978
1.07745
1.14804
1.1194
1.00843
0.999978
1.01907
1.51262
1.00082
1.05228
1.36934
1.09273
1.14755
0.999978
1.09356
0.999978
1.00112
1.03902
0.999024
1.01454
0.999024
0.999978
1.0343
1.00244
0.999024
1.2921
0.999024
1.05874
1.14646
1.1723
1.60017
1.04391
1.20134
0.999024
0.999978
1.02351
1.27976
1.32466
0.999024
1.09637
1.07998
1.06571
1.00402
0.999024
1.21679
1.09465
1.1162
0.999024
1.35926
1.04376
0.999978
1.09606
0.999024
1.00415
1.07592
1.0039
1.36616
1.30098
0.999024
1.14852
0.999978
1.2929
1.16844
1.04685
0.999024
1.23104
1.19204
1.00006
1.44598
1.07124
1.65932
1.1166
1.18243
1.11694
1.02348
1.08527
1.19248
1.03901
0.999024
1.49894
1.05246
1.22401
1.4823
1.33838
1.21415
1.11019
1.03837
1.16613
1.00752
0.999024
1.08601
0.999024
1.07065
1.13269
1.05449
1.02167
1.13447
1.08099
1.12688
1.14266
1.04566
0.999024
0.999978
1.55884
1.15885
1.05548
1.42065
1.04846
1.00269
0.999024
1.05307
1.02547
1.14128
1.03361
1.0213
1.07827
1.09403
1.19236
1.01355
1.19671
1.00603
1.1195
1.00266
1.01876
1.01789
1.34925
1.35124
1.06367
0.999978
1.09417
1.12818
1.23633
1.21013
1.11092
1.58129
1.06901
0.999024
0.999024
0.999978
1.0046
1.0621
1.12528
0.999024
1.02387
1.0811
1.00612
0.999024
1.0306
1.13259
0.999024
0.999024
1.17691
1.06265
1.22095
1.00184
0.999024
0.999024
0.999024
1.18243
1.21734
0.999978
1.03801
1.03155
0.999978
1.01041
1.16943
1.27189
1.02801
1.01598
1.00613
1.09898
1.27793
0.999024
1.03536
1.12758
1.29307
0.999978
1.02408
1.16862
1.08637
1.01475
1.20035
1.00333
0.999024
1.04387
1.04904
0.999978
1.01056
1.34064
1.01193
1.02706
0.999024
1.05162
1.4584
1.02426
1.12895
1.00716
0.999978
1.01081
0.999024
0.999978
1.05544
0.999024
1.08191
1.08733
1.13108
1.58426
0.999024
1.16979
1.03379
1.00454
1.05267
0.999978
1.01015
1.00095
0.999978
1.00102
1.00104
1.00463
1.00386
1.09555
1.0783
1.07144
0.999024
0.999978
0.999024
1.02251
1.20304
1.35251
1.60408
1.00133
1.06462
1.0175
1.15534
1.11757
0.999978
1.0033
1.03554
1.15786
1.00005
1.0053
0.999024
0.999024
1.32055
1.20813
0.999024
0.999024
1.00424
1.04076
1.00173
1.06602
0.999024
1.12504
1.26341
1.00177
0.999024
0.999024
1.0033
1.05213
1.00194
1.04165
1.00686
1.00248
0.999024
0.999024
1.02705
1.00276
0.999024
1.06737
1.14689
1.17781
1.00253
1.0403
1.01219
1.03809
0.999024
1.26952
1.54756
1.02115
1.56085
1.03679
1.46124
0.999024
1.01497
0.999024
1.02453
1.02079
1.06202
1.10934
1.00194
1.18452
1.22275
0.999024
1.08383
1.05287
0.999024
1.22187
0.999978
1.07988
1.3133
0.999024
1.03831
1.03436
1.07271
1.29419
1.00146
0.999024
0.999024
0.999024
1.00137
0.999024
1.35288
1.19003
1.40377
1.1402
0.999978
0.999978
0.999024
1.04335
1.03776
1.0027
1.14102
0.999024
0.999024
1.33146
1.21089
1.38719
1.14107
1.00676
1.07888
0.999024
1.03297
1.07975
1.01067
1.00125
1.03654
1.042
1.00461
1.19315
1.03315
1.017
1.0001
1.54986
1.10212
1.18462
1.20091
1.01848
1.06749
1.30601
1.00565
1.02322
1.12563
1.0256
1.02713
1.3434
1.33004
1.10216
1.50138
1.04937
1.01094
0.999024
0.999024
1.10847
1.77238
1.2419
0.999024
1.02631
0.999024
1.26393
1.0028
0.999024
1.03379
1.00751
1.06629
1.03811
0.999978
1.00059
1.27312
1.05624
0.999024
1.10942
1.00365
1.11099
1.00399
1.18889
0.999978
1.06245
1.07797
1.00001
0.999024
1.01835
1.04238
1.05216
1.08202
0.999024
1.00647
0.999024
0.999978
0.999024
1.26178
1.06407
1.11345
0.999978
1.01791
1.02074
1.21712
1.00622
1.197
1.05391
0.999024
1.44677
1.0448
1.00418
0.999995
1.20923
1.13065
1.03264
1.06556
1.14365
1.0001
1.21595
1.0276
1.39168
0.999978
0.999024
1.19665
1.02987
1.01405
1.00563
1.00272
1.16464
0.999978
1.0023
1.19952
0.999024
0.999024
1.00472
1.11185
0.999978
1.04694
1.04969
1.00164
1.24217
1.00104
1.0286
1.15517
1.39974
1.15725
1.16371
0.999978
1.00647
1.2277
1.17669
1.06244
0.999024
1.00004
0.999978
1.62493
0.999024
1.13487
1.31113
1.03269
1.01965
1.00576
1.15239
0.999024
0.999024
1.10302
1.05964
1.00922
1.32006
1.00792
0.999024
0.999024
1.05895
1.01506
0.999024
1.03597
1.22522
1.04042
1.57117
1.2022
1.05224
1.00096
1.24973
1.05948
1.02424
1.07815
1.05586
1.05453
1.1236
1.02203
0.999024
0.999024
1.00257
0.999978
1.01272
1.05019
0.999978
1.04312
1.22452
1.0215
1.05787
0.999978
0.999024
0.999024
1.00766
0.999024
0.999024
1.00727
1.00934
1.34836
1.14579
1.18138
0.999024
0.999978
1.05885
1.33588
1.02203
1.26406
0.999024
1.12935
1.34952
0.999024
0.999024
1.09403
1.03397
0.999024
0.999978
1.10034
1.30601
1.21825
1.04161
1.13103
0.999024
1.00011
1.00366
1.0502
1.19975
1.2962
1.04508
1.06236
0.999024
1.24102
1.01545
1.00645
1.18061
1.02655
1.00169
1.03578
1.00311
1.13848
0.999024
1.18375
1.00352
1.07144
1.01905
0.999024
1.05701
1.54625
1.00156
1.0737
1.01077
1.1595
1.31385
1.0886
1.17428
1.02949
0.999024
0.999978
1.18793
0.999978
1.11345
1.24767
1.18902
1.01543
1.19637
1.00086
1.1496
1.05811
1.00576
0.999024
1.00471
1.18005
0.999978
1.16069
1.03266
1.31681
1.03288
1.01178
1.05511
1.21893
1.19319
1.10323
0.999024
0.999024
0.999024
1.00524
1.00293
0.999024
0.999978
1.00014
1.00987
0.999024
1.00087
1.0726
1.02053
1.0128
1.0299
1.0452
1.00869
1.06674
1.46944
1.19037
1.14135
0.999024
0.999024
1.01126
0.999978
1.15798
1.2302
0.999024
1.01399
1.0791
1.01799
0.999024
0.999024
1.57613
1.04464
1.00112
0.999024
0.999024
0.999978
1.1353
1.08228
1.28372
1.03815
1.07073
0.999978
1.24457
0.999024
1.05804
1.34524
1.3096
1.10187
1.05595
0.999024
0.999978
1.02768
0.999024
0.999978
1.00095
0.999024
0.999024
1.20094
0.999978
0.999024
1.11486
0.999024
1.01156
1.24453
1.16841
0.999024
1.15963
1.08198
1.4797
0.999024
1.01484
0.999024
1.00467
0.999024
0.999024
1.30202
1.51713
1.22532
1.15771
0.999024
1.00721
1.00586
0.999024
0.999024
0.999978
1.01826
1.21343
1.05588
1.40981
1.00905
1.13906
1.07172
1.06413
0.999024
1.19123
0.999024
1.03472
1.60769
1.00825
1.24326
1.00586
0.999024
1.04839
1.13571
1.57144
1.001
0.999024
0.999024
1.35885
1.16697
1.31096
0.999978
1.06086
0.999024
1.15309
1.00008
1.00222
0.999024
1.03356
1.01007
0.999024
1.08188
0.999024
1.29923
0.999024
1.01714
1.0314
1.06367
0.999024
1.13081
1.00227
1.00796
1.03893
1.02092
1.03386
1.00001
1.00226
1.18385
1.09702
1.10634
1.08799
0.999024
0.999024
1.09986
0.999024
1.00139
1.18223
1.23157
1.21526
1.02391
1.05082
1.71823
1.30712
1.00111
1.00283
1.01505
1.12665
1.15964
0.999024
1.0015
0.999978
0.999024
0.999024
1.01468
0.999024
0.999024
1.31229
0.999024
0.999024
1.07829
1.00109
0.999024
1.14011
0.999024
1.06281
0.999024
0.999024
1.02376
0.999024
1.00972
1.00694
1.0136
0.999024
0.999024
1.07311
1.67991
1.01504
1.36273
1.13801
1.46939
1.01053
1.4247
1.11523
1.1603
1.01978
0.999024
1.02795
1.25412
0.999024
1.21027
0.801074
0.896325
0.799219
0.840897
0.830812
1.16297
0.831227
1.13086
0.893126
1.22274
0.888333
1.13733
0.811098
0.953108
0.849779
0.814939
1.13093
0.800458
0.988587
0.799697
0.801016
0.868575
0.832407
1.29662
0.854159
0.867806
1.3998
0.862302
1.11952
0.802883
1.07749
1.0242
0.873491
0.941546
0.891099
0.880579
1.0952
1.57806
0.960277
0.866388
0.799697
1.18884
0.827575
0.906216
0.832785
0.801519
0.811221
0.856745
0.850795
1.25312
1.18033
0.918246
0.864402
0.928366
1.14982
1.03987
0.975212
0.943257
0.892707
0.977801
1.03677
0.836313
1.37768
0.959831
1.25902
1.15648
0.799697
0.965833
0.799219
0.816717
0.803284
0.799219
0.810471
0.814517
0.831535
0.944431
0.875095
1.07148
1.1028
0.858471
1.00965
0.851719
1.16703
0.80143
0.846159
0.981184
0.801152
1.2163
0.830543
0.862453
1.01433
0.921227
1.03997
0.806922
0.822388
0.953388
0.799219
0.878768
0.991863
1.00537
1.17061
1.23902
0.827706
0.82103
0.799219
0.802212
0.895966
1.21666
1.25497
1.08262
0.960068
0.890058
1.08743
1.31591
1.03226
1.17026
0.96893
0.910478
1.25224
0.828438
0.803119
0.803274
0.871244
1.14984
1.17051
0.880604
1.11358
0.801047
0.960035
0.823355
0.854653
0.905769
1.44465
0.851547
0.850891
0.805852
0.850575
0.800586
0.852403
1.09674
0.984732
0.885693
1.02892
0.904264
1.79384
0.799948
0.806202
0.903002
0.894581
0.799219
1.09026
1.10685
0.870884
1.1334
1.00438
0.912582
0.820587
0.910141
0.803102
0.808611
0.799219
1.17934
1.18824
1.28546
1.0339
0.878152
0.867771
0.8991
0.806648
0.799881
0.875361
0.945684
0.810968
0.840276
0.848336
1.2175
0.946336
0.907126
0.822881
0.85813
1.19906
0.965427
0.881075
1.12361
1.12664
0.800477
0.813411
0.80628
0.961195
1.42687
0.877586
0.799697
0.939686
0.826393
0.80325
0.930946
0.80037
0.906895
0.99442
0.86751
0.834396
0.799697
0.839117
0.803224
0.977223
1.13021
0.846556
0.826563
0.955252
0.912553
0.897459
0.928318
0.896665
0.934828
0.931412
0.862844
0.894658
1.11085
0.848061
0.807247
0.936665
0.92338
1.12212
0.803374
0.926129
0.852399
0.8061
0.815244
0.867584
0.87408
0.819326
0.82798
0.826285
0.845712
0.833459
0.847458
1.17674
0.799831
1.03641
0.907895
0.802262
1.02506
0.913288
0.912746
0.855749
0.861793
0.811286
0.805307
0.799219
0.799725
0.806909
1.26092
0.917758
0.802133
0.805571
0.819516
1.02346
1.00644
0.858875
1.18813
0.801629
0.912308
0.812141
0.809816
0.826525
0.878589
0.820699
0.810358
0.799219
0.988722
0.868822
0.823914
0.808748
1.02865
0.811599
1.3355
1.24231
0.904155
1.10077
0.921953
0.80044
0.876638
0.906969
0.919102
1.4399
1.28353
1.03831
1.33234
0.80923
1.01587
0.95958
0.983873
0.880987
1.00657
0.857098
0.86881
0.863933
0.889363
0.887896
0.854927
0.827666
0.806373
0.937804
0.799219
1.35393
0.853285
0.799219
1.00461
1.24751
1.03486
1.04408
1.24032
0.841701
0.924388
0.891553
0.837475
0.803362
0.813117
1.57913
1.00214
0.871515
1.12283
0.801212
0.988365
0.992514
0.802164
0.915792
0.859496
1.33279
0.931278
0.921213
0.799219
1.08661
1.04795
0.993279
1.09799
1.0424
1.29912
0.859562
0.848849
0.799219
0.80265
0.799219
0.847603
0.923133
1.06381
0.865293
0.861412
1.0672
1.19128
0.929513
0.956506
0.979759
1.26264
0.839922
1.02588
0.799697
0.831078
1.07536
0.947173
0.799697
1.06809
1.13552
1.13199
0.799697
0.86638
0.860202
1.08375
1.03354
0.898215
0.799219
0.80556
0.799219
1.22528
0.799697
0.801954
0.967562
0.871003
0.829534
0.806773
0.955964
0.954307
0.810444
0.893768
1.02152
0.849054
0.936922
0.959355
0.802664
0.799219
0.972124
1.06485
0.825406
1.08908
1.30632
0.969328
0.973325
0.89613
1.10465
0.889707
1.08622
0.870205
1.28227
0.842864
0.821861
0.986763
0.910717
0.845964
1.08901
0.873492
0.877038
1.03195
1.09504
0.830653
0.902126
1.03926
0.855604
1.17796
0.990494
1.2289
1.57668
0.969622
1.04626
0.89142
0.906112
0.803789
0.799219
1.13598
0.997468
1.06778
1.13242
0.890501
0.799219
0.8128
0.950027
0.893066
0.864599
1.11503
0.895136
1.14556
0.799697
0.862526
1.04108
0.98578
0.799697
0.994131
1.02984
0.879428
1.20552
0.825838
0.920717
0.876894
0.913703
1.42032
0.807474
1.2372
0.802065
0.837412
1.18474
1.13638
0.814858
0.951303
0.888783
0.799219
0.900368
0.860948
0.802446
0.955987
0.912136
1.32158
1.14293
1.04975
0.922686
0.964693
0.807857
0.83814
0.804051
1.02587
0.874093
0.97771
0.863563
1.0249
0.827935
0.993901
1.00263
1.20871
0.972461
0.871644
1.15143
1.54187
0.828013
0.899671
1.01196
0.870949
0.805268
1.02275
1.09527
1.26815
1.05056
0.821365
0.925842
1.04522
1.1796
0.833302
0.854517
0.869187
1.33353
1.34964
0.934481
0.806236
0.940163
0.851725
1.0631
1.44699
1.0153
0.821081
0.874589
0.855832
0.965271
0.801595
0.799219
1.09497
0.823644
0.814016
0.976568
1.06037
1.13306
0.898733
0.976249
0.873444
0.875569
0.854217
1.26645
0.968901
0.850481
0.978522
0.975075
1.13657
1.08375
1.26918
0.799219
0.997828
0.803666
1.07459
0.899824
1.07957
1.08229
1.02178
0.831608
0.99539
0.809642
1.30495
0.799219
0.930358
1.11921
1.2427
0.879792
1.19349
0.802462
0.972158
0.950147
0.860868
1.28471
0.802785
0.876235
0.800889
0.898731
0.875068
1.12103
0.987885
0.825246
0.924549
1.11884
1.11182
0.806098
0.805751
1.11396
0.810697
0.825083
1.30094
0.929836
0.824189
0.884889
0.839473
1.00879
0.84325
0.915387
1.06102
0.897925
1.04791
0.799697
1.04145
0.961567
0.882462
0.804895
0.810569
0.847193
0.827241
1.06384
0.847938
0.815036
1.00396
1.14494
0.804475
0.886726
1.0814
0.985387
0.939346
0.969123
0.851638
1.02208
1.16387
1.49432
0.830967
1.05999
0.7997
0.80081
0.805256
1.05985
1.19815
1.3501
0.821485
1.38254
0.957159
0.813564
0.799697
0.91292
0.845912
0.913908
1.07911
0.804866
0.894592
1.00784
0.820112
0.799219
0.930653
0.996029
0.813461
0.978635
0.874812
0.807607
0.885478
1.27067
0.921052
1.04153
0.830818
1.16597
0.799219
0.89282
0.900726
1.05332
0.890725
0.997293
1.42924
1.09198
1.21939
1.27902
1.1903
0.882584
1.02354
0.871322
0.832019
1.02102
0.849551
1.03357
1.13291
0.903244
1.19237
1.35607
0.908014
1.31684
0.89511
1.17605
0.820076
0.847656
0.799697
1.50211
0.895553
0.799697
0.858361
1.01994
0.873366
0.800339
1.0315
0.947301
1.04239
0.913893
1.06567
1.02013
1.00848
0.8031
0.943672
0.969094
0.799219
0.952327
0.813536
0.976961
1.04281
0.955168
1.00914
0.822349
1.05113
0.852794
1.27376
0.84495
0.907702
0.803741
0.799697
0.799697
1.39353
0.799697
0.806048
1.00431
1.25282
1.11041
0.799697
1.05249
1.03532
0.900601
0.819213
0.831033
1.08225
0.947291
0.901193
1.08032
1.42374
1.16139
1.16103
0.940577
0.956849
0.816427
0.909631
1.0746
0.811041
0.809362
1.20847
0.836055
0.895244
0.799219
0.829739
0.893637
0.799697
1.12385
0.808474
0.918377
1.14854
1.31396
0.935372
0.822356
1.34079
1.29198
0.97386
1.03069
0.963496
0.799219
1.12345
0.971455
1.24836
0.802286
1.25644
1.30242
0.799219
0.98263
0.818567
0.799219
1.03986
0.95133
1.08878
1.29507
0.810714
0.849271
0.804553
0.826556
1.15029
0.993517
0.91098
0.952617
0.855599
0.802111
0.841398
0.957467
0.910736
1.21375
0.799219
0.847841
0.895179
0.923014
0.802879
0.845733
1.53025
0.799219
0.997039
0.907706
0.804405
1.09358
0.799697
0.894688
0.889475
0.807832
0.888029
0.799697
1.06372
0.893971
0.996503
1.01218
1.1831
0.937267
0.808345
1.14143
0.832639
0.820838
0.803351
1.12135
0.843228
0.806588
0.960382
0.867521
0.903367
0.803276
0.938231
1.01094
1.12093
0.876833
1.32323
1.02532
0.956179
1.0563
0.904102
0.799219
0.818638
0.799697
0.903684
0.812497
0.985118
0.925026
1.12282
0.950381
0.799219
0.809943
1.10864
1.28964
1.10263
0.866193
0.815151
1.25487
1.05783
0.93623
0.855293
0.799697
0.905406
0.799219
1.26796
0.852689
1.09005
0.86092
1.0865
0.826185
1.36193
0.829711
1.56662
0.804924
0.825465
1.03987
0.871402
1.01683
0.806038
0.871781
0.80473
1.08462
0.896124
0.823181
0.799697
0.823285
0.998456
0.896204
0.851233
0.97916
1.15441
1.1391
0.881693
1.08921
0.9007
1.54109
1.00056
0.801796
0.802009
0.811522
1.02024
0.799219
0.853883
1.08793
0.815793
1.19365
0.802614
1.03294
1.04881
1.30608
1.24516
1.43556
0.977855
1.0799
0.799697
0.835985
0.88771
1.43265
0.845382
0.947292
1.44577
0.967499
0.832555
1.03959
0.809181
0.918727
0.917817
0.986257
1.04647
1.03693
1.06757
0.900122
0.858697
0.905507
1.06259
0.946166
0.841919
0.835112
0.811272
0.827429
0.86287
0.943347
0.921727
0.799697
1.07955
1.05811
1.05485
0.941249
1.08612
1.24201
0.813312
0.998429
0.799219
0.799219
0.843719
1.14423
0.837543
0.799219
1.15201
1.05145
0.990634
1.17017
0.820862
1.25497
0.824127
0.819666
0.8906
0.9548
0.907234
1.03917
0.818392
1.06993
0.799686
1.04464
1.08706
0.799219
1.07045
0.976426
0.847993
0.808242
1.56169
0.81509
0.872027
0.874431
1.33928
0.861856
0.921403
1.26758
0.993718
0.884485
1.11141
0.832425
1.00683
0.883012
1.39723
0.804163
0.86692
0.876552
0.838897
0.849898
0.869598
0.863022
1.02088
1.13719
1.18214
0.890921
1.10689
0.975583
0.811999
0.973817
0.881563
0.921333
0.862965
0
0
0
0
0
0
0
0
0
0
0
0
0
0
0
0
0
0
0
0
0
0
0
0
0
0
0
0
0
0
0
0
0
0
0
0
0
0
0
0
0
0
0
0
0
0
0
0
0
0
0
0
0
0
0
0
0
0
0
0
0
0
0
0
0
0
0
0
0
0
0
0
0
0
0
0
0
0
0
0
0
0
0
0
0
0
0
0
0
0
0
0
0
0
0
0
0
0
0
0
0
0
0
0
0
0
0
0
0
0
0
0
0
0
0
0
0
0
0
0
0
0
0
0
0
0
0
0
0
0
0
0
0
0
0
0
0
0
0
0
0
0
0
0
0
0
0
0
0
0
0
0
0
0
0
0
0
0
0
0
0
0
0
0
0
0
0
0
0
0
0
0
0
0
0
0
0
0
0
0
0
0
0
0
0
0
0
0
0
0
0
0
0
0
0
0
0
0
0
0
0
0
0
0
0
0
0
0
0
0
0
0
0
0
0
0
0
0
0
0
0
0
0
0
0
0
0
0
0
0
0
0
0
0
0
0
0
0
0
0
0
0
0
0
0
0
0
0
0
0
0
0
0
0
0
0
0
0
0
0
0
0
0
0
0
0
0
0
0
0
0
0
0
0
0
0
0
0
0
0
0
0
0
0
0
0
0
0
0
0
0
0
0
0
0
0
0
0
0
0
0
0
0
0
0
0
0
0
0
0
0
0
0
0
0
0
0
0
0
0
0
0
0
0
0
0
0
0
0
0
0
0
0
0
0
0
0
0
0
0
0
0
0
0
0
0
0
0
0
0
0
0
0
0
0
0
0
0
0
0
0
0
0
0
0
0
0
0
0
0
0
0
0
0
0
0
0
0
0
0
0
0
0
0
0
0
0
0
0
0
0
0
0
0
0
0
0
0
0
0
0
0
0
0
0
0
0
0
0
0
0
0
0
0
0
0
0
0
0
0
0
0
0
0
0
0
0
0
0
0
0
0
0
0
0
0
0
0
0
0
0
0
0
0
0
0
0
0
0
0
0
0
0
0
0
0
0
0
0
0
0
0
0
0
0
0
0
0
0
0
0
0
0
0
0
0
0
0
0
0
0
0
0
0
0
0
0
0
0
0
0
0
0
0
0
0
0
0
0
0
0
0
0
0
0
0
0
0
0
0
0
0
0
0
0
0
0
0
0
0
0
0
0
0
0
0
0
0
0
0
0
0
0
0
0
0
0
0
0
0
0
0
0
0
0
0
0
0
0
0
0
0
0
0
0
0
0
0
0
0
0
0
0
0
0
0
0
0
0
0
0
0
0
0
0
0
0
0
0
0
0
0
0
0
0
0
0
0
0
0
0
0
0
0
0
0
0
0
0
0
0
0
0
0
0
0
0
0
0
0
0
0
0
0
0
0
0
0
0
0
0
0
0
0
0
0
0
0
0
0
0
0
0
0
0
0
0
0
0
0
0
0
0
0
0
0
0
0
0
0
0
0
0
0
0
0
0
0
0
0
0
0
0
0
0
0
0
0
0
0
0
0
0
0
0
0
0
0
0
0
0
0
0
0
0
0
0
0
0
0
0
0
0
0
0
0
0
0
0
0
0
0
0
0
0
0
0
0
0
0
0
0
0
0
0
0
0
0
0
0
0
0
0
0
0
0
0
0
0
0
0
0
0
0
0
0
0
0
0
0
0
0
0
0
0
0
0
0
0
0
0
0
0
0
0
0
0
0
0
0
0
0
0
0
0
0
0
0
0
0
0
0
0
0
0
0
0
0
0
0
0
0
0
0
0
0
0
0
0
0
0
0
0
0
0
0
0
0
0
0
0
0
0
0
0
0
0
0
0
0
0
0
0
0
0
0
0
0
0
0
0
0
0
0
0
0
0
0
0
0
0
0
0
0
0
0
0
0
0
0
0
0
0
0
0
0
0
0
0
0
0
0
0
0
0
0
0
0
0
0
0
0
0
0
0
0
0
0
0
0
0
0
0
0
0
0
0
0
0
0
0
0
0
0
0
0
0
0
0
0
0
0
0
0
0
0
0
0
0
0
0
0
0
0
0
0
0
0
0
0
0
0
0
0
0
0
0
0
0
0
0
0
0
0
0
0
0
0
0
0
0
0
0
0
0
0
0
0
0
0
0
0
0
0
0
0
0
0
0
0
0
0
0
0
0
0
0
0
0
0
0
0
0
0
0
0
0
0
0
0
0
0
0
0
0
0
0
0
0
0
0
0
0
0
0
0
0
0
0
0
0
0
0
0
0
0
0
0
0
0
0
0
0
0
0
0
0
0
0
0
0
0
0
0
0
0
0
0
0
0
0
0
0
0
0
0
0
0
0
0
0
0
0
0
0
0
0
0
0
0
0
0
0
0
0
0
0
0
0
0
0
0
0
0
0
0
0
0
0
0
0
0
0
0
0
0
0
0
0
0
0
0
0
0
0
0
0
0
0
0
0
0
0
0
0
0
0
0
0
0
0
0
0
0
0
0
0
0
0
0
0
0
0
0
0
0
0
0
0
0
0
0
0
0
0
0
0
0
0
0
0
0
0
0
0
0
0
0
0
0
0
0
0
0
0
0
0
0
0
0
0
0
0
0
0
0
0
0
0
0
0
0
0
0
0
0
0
0
0
0
0
0
0
0
0
0
0
0
0
0
0
0
0
0
0
0
0
0
0
0
0
0
0
0
0
0
0
0
0
0
0
0
0
0
0
0
0
0
0
0
0
0
0
0
0
0
0
0
0
0
0
0
0
0
0
0
0
0
0
0
0
0
0
0
0
0
0
0
0
0
0
0
0
0
0
0
0
0
0
0
0
0
0
0
0
0
0
0
0
0
0
0
0
0
0
0
0
0
0
0
0
0
0
0
0
0
0
0
0
0
0
0
0
0
0
0
0
0
0
0
0
0
0
0
0
0
0
0
0
0
0
0
0
0
0
0
0
0
0
0
0
0
0
0
0
0
0
0
0
0
0
0
0
0
0
0
0
0
0
0
0
0
0
0
0
0
0
0
0
0
0
0
0
0
0
0
0
0
0
0
0
0
0
0
0
0
0
0
0
0
0
0
0
0
0
0
0
0
0
0
0
0
0
0
0
0
0
0
0
0
0
0
0
0
0
0
0
0
0
0
0
0
0
0
0
0
0
0
0
0
0
0
0
0
0
0
0
0
0
0
0
0
0
0
0
0
0
0
0
0
0
0
0
0
0
0
0
0
0
0
0
0
0
0
0
0
0
0
0
0
0
0
0
0
0
0
0
0
0
0
0
0
0
0
0
0
0
0
0
0
0
0
0
0
0
0
0
0
0
0
0
0
0
0
0
0
0
0
0
0
0
0
0
0
0
0
0
0
0
0
0
0
0
0
0
0
0
0
0
0
0
0
0
0
0
0
0
0
0
0
0
0
0
0
0
0
0
0
0
0
0
0
0
0
0
0
0
0
0
0
0
0
0
0
0
0
0
0
0
0
0
0
0
0
0
0
0
0
0
0
0
0
0
0
0
0
0
0
0
0
0
0
0
0
0
0
0
0
0
0
0
0
0
0
0
0
0
0
0
0
0
0
0
0
0
0
0
0
0
0
0
0
0
0
0
0
0
0
0
0
0
0
0
0
0
0
0
0
0
0
0
0
0
0
0
0
0
0
0
0
0
0
0
0
0
0
0
0
0
0
0
0
0
0
0
0
0
0
0
0
0
0
0
0
0
0
0
0
0
0
0
0
0
0
0
0
0
0
0
0
0
0
0
0
0
0
0
0
0
0
0
0
0
0
0
0
0
0
0
0
0
0
0
0
0
0
0
0
0
0
0
0
0
0
0
0
0
0
0
0
0
0
0
0
0
0
0
0
0
0
0
0
0
0
0
0
0
0
0
0
0
0
0
0
0
0
0
0
0
0
0
0
0
0
0
0
0
0
0
0
0
0
0
0
0
0
0
0
0
0
0
0
0
0
0
0
0
0
0
0
0
0
0
0
0
0
0
0
0
0
0
0
0
0
0
0
0
0
0
0
0
0
0
0
0
0
0
0
0
0
0
0
0
0
0
0
0
0
0
0
0
0
0
0
0
0
0
0
0
0
0
0
0
0
0
0
0
0
0
0
0
0
0
0
0
0
0
0
0
0
0
0
0
0
0
0
0
0
0
0
0
0
0
0
0
0
0
0
0
0
0
0
0
0
0
0
0
0
0
0
0
0
0
0
0
0
0
0
0
0
0
0
0
0
0
0
0
0
0
0
0
0
0
0
0
0
0
0
0
0
0
0
0
0
0
0
0
0
0
0
0
0
0
0
0
0
0
0
0
0
0
0
0
0
0
0
0
0
0
0
0
0
0
0
0
0
0
0
0
0
0
0
0
0
0
0
0
0
0
0
0
0
0
0
0
0
0
0
0
0
0
0
0
0
0
0
0
0
0
0
0
0
0
0
0
0
0
0
0
0
0
0
0
0
0
0
0
0
0
0
0
0
0
0
0
0
0
0
0
0
0
0
0
0
0
0
0
0
0
0
0
0
0
0
0
0
0
0
0
0
