-0.772485
0.156015
0.696917
-0.443265
0.433749
-0.204481
-0.514234
0.381781
-0.268659
-2.69816
-1.10998
-1.60727
-0.99483
0.221069
-1.87016
-1.61761
-1.3114
-1.1591
0.475599
-0.820999
-1.38396
-1.68323
-0.893635
-0.772449
-1.34698
0.257702
0.0369026
0.474956
-0.562009
-0.192913
0.069835
-0.203504
-0.112164
0.419674
-0.845612
0.269308
-0.232828
-1.20968
0.128685
0.135213
0.335754
-0.0112559
-1.63091
0.20606
0.255872
0.455203
-0.467284
-0.800657
0.0652853
-0.663467
-0.0462447
-0.00862085
-0.534758
-0.614313
0.760109
-1.54036
-0.819317
-2.05368
-1.09568
0.29913
0.367955
-0.476373
0.233638
-1.67312
-1.01741
0.130664
-0.656143
-0.399638
-0.486328
-0.232534
-0.387699
-0.703979
0.156803
-1.12174
-1.16651
-0.261156
0.0803253
-1.25646
-1.40465
0.416975
-0.161481
0.169
-0.683032
-1.54152
-0.296293
-0.317162
0.164624
-1.54088
0.178621
-2.84277
-0.0449651
-0.55865
0.13381
-0.594451
0.0876643
-0.772004
-0.323153
-0.903445
-0.602746
-0.875565
-0.130962
-0.9269
0.691201
0.360133
-0.0125238
0.314733
-1.36586
-0.915178
-0.0338892
-0.449707
-1.18997
-2.13231
-1.17859
0.185657
-0.104121
-0.682128
0.149951
0.0572992
0.190486
-1.03517
-1.93142
-0.94606
-1.02352
-1.01364
-0.263001
-0.0405227
0.471454
0.216709
-0.510471
-0.152089
0.0607884
-0.69516
0.563498
-0.158057
0.373601
-1.50737
-0.0398244
0.0347332
-0.688119
0.596264
-0.296195
-1.39875
0.94546
-0.0514194
-0.093793
-0.517813
0.0469972
-0.350192
0.375497
-0.997402
-0.316369
-1.45614
-0.687759
-0.381617
-0.677909
-0.186162
-0.77042
-1.27806
0.536605
-1.12834
0.0362346
0.458545
0.149146
-0.0694131
0.186727
-0.0498798
0.451289
-0.0145121
0.0721509
0.130846
-0.552121
-0.0622458
0.564859
-0.760621
-0.523554
-2.0637
-0.0774932
-0.0116859
0.263202
-0.718595
-0.263855
-1.37661
-0.0532568
0.295351
-0.31159
0.118554
-1.09002
-1.03604
0.306662
-0.507597
-1.65745
-0.987168
0.119831
-0.411274
-0.284843
-0.0555934
-0.413265
-0.830924
-0.305649
0.219878
-0.500495
0.173037
0.325913
-0.853386
-0.196885
0.11275
0.00679138
-0.554499
-0.823013
-0.374372
0.666934
-0.717081
-0.21639
0.550957
0.127977
0.294637
-0.570726
0.25078
-0.702656
-0.236162
-0.0675291
-0.841977
-0.377406
-1.39859
-0.889283
-0.323202
-0.973536
-0.669006
0.486023
-1.46852
-0.186624
0.135017
0.309507
0.769769
-0.182201
0.166989
-2.4519
-0.682495
-0.300775
0.262054
0.540706
-1.18896
0.147595
0.0565248
-0.0434902
-0.462923
-1.99287
0.2095
0.225533
0.261914
-1.80591
0.501671
-0.0826965
-1.3848
0.201341
-1.13855
-0.897726
0.169648
-0.742652
0.589076
0.405538
-0.839982
0.237494
-0.668709
0.492452
0.29847
-0.248215
-1.27199
0.414618
0.255626
-0.77794
0.613196
0.171911
0.832427
0.220738
0.257842
0.313433
-0.0495568
0.131915
0.126254
-0.0847702
-1.35292
0.657612
-0.208281
0.208458
0.645205
0.516719
0.362704
0.243843
-0.272835
0.299028
-0.598271
-1.68189
-0.0778681
-1.44154
-0.114025
0.171889
-0.0731151
-0.438312
0.148162
-0.22633
0.18125
0.225511
0.175559
-1.31063
-0.740064
0.65529
0.332484
0.0861596
0.523495
0.103189
-0.728296
-1.8743
0.00889785
-0.222979
0.250724
-0.204315
-0.153405
0.18987
0.256281
0.428869
-0.116682
0.362662
-0.650238
0.0310528
-0.535593
-0.299846
-0.120913
0.520571
0.521722
-0.143091
-0.708549
0.164087
0.0310705
0.336095
0.374025
0.195302
0.754207
-0.0848707
-1.11845
-1.93181
-0.844146
-0.502021
-0.111635
0.133295
-0.987361
-0.169175
0.0322565
-0.462234
-1.46591
-0.152205
0.146934
-1.59768
-1.42887
0.329142
-0.0154064
0.289929
-0.39065
-1.8151
-1.1608
-1.26208
0.310762
0.440233
-1.1196
-0.238003
0.0504944
-1.1021
-0.587057
0.192634
0.536587
-0.386617
-0.150529
-0.481104
0.126026
0.530043
-0.947498
0.146592
0.0370808
0.543142
-1.26888
0.0451148
0.387241
0.12882
-0.236321
0.357147
-0.798504
-1.48873
0.027968
-0.0674339
-0.999102
-0.367809
0.541062
-0.218476
-0.364005
-1.41965
-0.0012059
0.665656
-0.252571
0.0803441
-0.625233
-0.980387
-0.477841
-1.77646
-0.867271
-0.148119
-1.73643
0.116192
0.0268414
0.251215
0.680266
-1.68623
0.285106
-0.139299
-0.79022
0.100075
-1.08358
-0.991247
-0.640823
-0.959167
-0.453379
-0.88129
-0.780816
-0.579346
-0.13997
0.245797
-0.0533254
-1.10145
-1.01919
-1.13196
-0.023465
0.23291
0.480846
0.690777
-0.360972
0.0197575
-0.379336
0.334925
0.222951
-0.891897
-0.412093
-0.284952
0.28094
-0.958904
-0.553825
-0.995529
-0.852475
0.542898
0.362537
-0.775341
-0.839457
-1.04649
-0.0834849
-0.557835
0.0187751
-1.24764
-0.040918
0.423435
-0.64416
-1.03277
-2.7495
-0.785649
-0.21884
-0.775164
-0.208822
-0.437879
-0.426513
-1.02517
-2.85737
-0.114321
-0.716925
-1.21614
-0.0441818
0.237081
0.328386
-0.466953
-0.169078
-0.441931
-0.341309
-1.2986
0.439973
0.665243
-0.336551
0.650407
-0.169424
0.721999
-1.16406
-0.406078
-1.69262
-0.058458
-0.116914
0.104142
-0.0102552
-0.61061
0.245872
0.240399
-1.86796
0.0884518
0.215771
-1.99873
0.463015
-0.902128
0.0938632
0.495038
-2.30687
0.0312412
-0.415913
0.11718
0.552188
-0.806473
-1.45905
-1.44386
-1.50986
-0.549798
-2.35124
0.603203
0.420057
0.637825
0.154369
-1.16747
-0.855423
-1.28529
-0.228311
-0.245033
-0.980183
0.108726
-1.57091
-1.09751
0.430297
0.353542
0.516495
0.285805
-0.574944
0.126423
-1.71357
-0.0843677
-0.0451981
-0.428771
-0.864634
-0.0111849
-0.0839597
-0.506641
0.395264
-0.256819
-0.302163
-0.523234
0.684433
-0.0499784
0.298531
0.379693
-0.565291
0.00682648
0.442205
-0.74956
0.0265124
0.219468
-0.363763
-0.191917
0.577826
0.490481
0.00427804
0.680636
-0.252855
-0.399775
-1.73007
-0.726536
0.0402569
0.893553
0.375414
-0.861172
-0.20724
-1.22272
0.450982
-0.488655
-2.63678
-0.156694
-0.578375
0.0957071
-0.211928
-0.960979
-0.76648
0.3593
-0.189181
-1.99164
-0.000368358
-0.589066
0.161493
-0.568355
0.357489
-1.28648
-0.00934526
-0.0516142
-0.318423
-1.70872
-0.353783
-0.0626748
-0.105236
0.234565
-1.19357
-0.617402
-1.61237
-0.736976
-1.13086
0.475928
0.0875785
0.0976212
-1.30159
-0.212309
-0.313821
0.423324
-0.608396
0.41104
-0.244009
-1.71026
0.731512
-0.106123
-0.199108
-0.570481
0.353876
0.274467
-0.0279514
-0.112268
0.309574
-0.657619
0.395214
-0.287779
0.642562
-0.837876
-1.00335
0.180076
-0.179654
-0.699982
-0.261225
-0.586286
0.044765
-1.07889
-0.655207
0.273794
-1.97757
-2.0814
-0.536019
0.209436
-0.947062
-0.182408
-0.138265
-0.670009
0.431699
-1.10507
-0.299908
0.114134
0.54619
0.268094
0.246452
-0.795457
-0.33669
0.345958
0.290143
0.111841
-1.73955
-0.437589
-0.757588
0.756171
-1.28077
0.266329
0.459599
-0.0285126
-0.259262
-0.58806
0.219961
-2.06928
-1.30723
0.126765
0.173736
-0.663988
0.461335
-0.584788
-1.28528
-1.6458
-0.121358
-0.394995
-1.13077
-0.132619
0.10798
-0.137593
0.676533
0.293771
-0.36872
-0.790917
0.437111
0.0448155
-0.331026
-0.116574
-0.151989
0.0685895
0.143741
-0.305503
-1.67564
-0.800792
-0.497251
-0.770409
-0.69475
-0.018747
-0.838672
-0.200156
0.370422
-0.450569
-0.0909806
-0.9236
-1.17854
-2.10405
-0.468168
-1.75683
-1.11225
-0.663034
-0.542923
0.56821
0.0964877
0.278592
-1.44272
-1.13899
-0.0612434
0.54019
-0.205569
0.33907
-1.03203
0.0912611
0.595773
-0.905611
-2.13426
0.289482
-0.157538
-1.08903
-0.781193
0.162789
0.404475
0.369349
-0.0127478
0.176704
-1.29562
-0.809221
-1.04954
0.0596831
0.338481
0.485823
-0.166424
-0.19095
-2.04954
0.412559
-0.729106
-0.431621
0.450195
-0.259968
-0.966978
-0.243295
-0.419746
0.144859
-1.33656
0.153529
-0.67344
0.120071
-0.311897
-1.96211
-0.035796
0.65436
-0.721712
-0.132171
-0.394411
0.14967
0.394016
-0.108907
0.355121
-0.155279
-1.17235
-0.760943
0.242188
-0.767844
0.139387
0.489963
0.312523
-0.750103
0.277936
-0.666589
0.132442
0.055475
-0.570985
-1.18431
-0.620891
0.345784
-0.919154
0.311855
-0.317106
0.482915
-0.334942
-0.479755
-0.0572416
0.224672
0.240814
0.0487217
-1.28673
-1.17185
-1.06785
-0.385178
-0.917627
-0.768157
-0.704144
-0.505186
-0.46407
-3.31786
-0.810699
0.236362
-0.536763
-0.385692
-0.345977
-0.0229132
-0.581338
-0.0539146
0.712699
0.326186
0.257136
-1.21831
-1.97384
-0.382967
-0.798212
0.222918
0.246614
-2.1226
-0.521424
-0.068573
-0.255128
-1.1777
-1.31875
0.709704
0.247672
-0.717067
-1.6955
-1.54926
-1.09984
0.128687
0.163823
0.487016
-0.0651263
-0.174172
-0.883538
0.420023
-1.02409
0.00235353
0.543309
0.480566
0.194484
-0.15551
-1.23144
-0.634826
-0.078638
-0.996478
-1.01834
-0.758098
-1.26865
-1.73137
0.309981
-1.53402
-1.31605
0.0130329
-1.12579
-0.554275
0.346396
0.276784
-1.41713
0.0828923
0.00877947
0.627326
-0.966789
-0.532672
-1.91075
-0.657072
-1.33643
-2.09797
0.399032
0.81271
0.27399
0.207911
-1.27979
-0.359511
-0.648255
-0.842435
-1.2922
-0.73398
-0.225267
0.380658
-0.234728
0.598973
-0.475962
0.231471
0.102025
-0.170191
-1.23814
0.306655
-1.16987
-0.0166915
0.728911
-0.578044
0.347435
-0.564165
-1.19412
-0.252504
0.0935854
0.68862
-1.09153
-1.30803
-1.32126
0.569156
0.429062
0.484303
-1.05572
-0.158714
-2.03815
0.270798
-0.772851
-0.691696
-1.4247
-0.242501
-0.222479
-1.58016
-0.0403432
-1.4863
0.509371
-0.848513
-0.263058
-0.300723
-0.241503
-2.28174
0.286845
-0.675803
-0.400038
-0.117791
-0.346113
-0.209806
-1.06488
-0.727416
0.320708
0.162864
0.000230007
-0.11181
-1.09924
-1.44549
0.124988
-0.697471
-1.0259
0.327505
0.382518
0.26059
-0.273773
-0.148748
0.851033
0.570382
-0.820452
-0.539709
-0.274154
0.168646
0.0987891
-1.45916
-0.833408
-0.918115
-0.881854
-1.44208
-1.05053
-1.55079
-1.30701
0.491999
-1.27832
-2.39831
0.0412846
-0.574643
-1.02208
0.216232
-0.911728
0.0318204
-1.37767
-1.41691
-0.257762
-1.18254
-0.398409
-0.474018
-0.741794
-1.48212
-1.14118
0.205186
0.808295
-0.0722631
0.602891
0.254424
0.622894
-0.351808
0.515441
0.34649
0.251791
-0.195341
-1.28777
-0.161243
0.406116
-2.29574
0.235758
-0.919687
-0.117525
-1.36545
-0.369704
-0.445626
0.412954
-0.458867
0.176296
-0.142612
0.365591
-0.20879
0.282874
-0.692978
-0.273377
-0.20457
-0.588908
0.110012
-0.764506
0.0970745
-1.69522
-0.944257
-0.0955574
-0.872015
0.540247
-0.287018
-0.381161
0.612208
-0.23947
0.325768
-0.744211
0.157924
0.218363
-0.270078
0.0435502
-0.134358
-0.36028
0.206107
0.747249
0.00857816
-1.15046
-0.825179
0.35221
-0.476145
0.00202845
-0.59072
-0.788859
-0.816566
-0.259849
-0.455963
0.398183
0.394266
-0.0659506
-0.192371
-0.175173
0.482897
0.179555
0.13592
0.155437
-0.229496
0.0963599
0.0946221
-0.326195
0.604649
0.140455
0.500841
0.329653
-0.998098
-0.0171782
-1.69093
-0.629572
-0.521955
-1.59039
-0.73506
-1.0154
-0.783424
0.105678
-0.314929
0.321356
0.301601
-0.308688
0.0689151
-0.257541
0.349062
-0.749912
-0.87833
0.171444
-0.970115
0.403888
-1.07233
-0.365031
0.018287
-0.0110884
0.201848
-1.11798
-0.637312
-0.19048
-0.919472
-0.213903
0.124901
0.052687
0.396921
0.423391
-0.352824
-0.300115
-1.07697
-0.632066
-0.155913
0.387412
0.473226
0.18206
0.00238067
-0.629766
0.308658
0.579601
0.148582
0.467199
0.127103
-0.100819
0.487983
-0.413197
-0.685978
-0.582707
-0.303123
0.287066
0.436196
-0.317767
0.274541
-1.07373
-0.156824
-0.613546
-0.175719
0.0857192
0.691416
-1.4126
-0.448982
-0.612183
-0.316061
-0.79205
-0.417814
0.407378
0.103231
-0.136784
0.230487
-0.0844157
0.935368
-1.02172
-1.06378
-0.0673154
-0.0335335
-1.23428
0.237817
0.329396
0.036943
0.373155
-0.452244
0.00998497
-0.618441
0.0396529
-0.863325
-0.421952
-1.75142
0.307028
0.511076
0.472674
0.141309
-0.0758863
-0.246791
-0.0855872
-0.53995
-0.899214
-0.443906
0.0550481
-0.596468
-0.680819
-0.37034
0.463396
-0.328546
-0.348811
-0.664318
-0.257874
0.368413
-0.0701497
-0.135383
0.158284
0.261633
-0.580723
-0.733813
-0.628284
0.149773
0.575576
-0.493154
-1.0131
0.0347818
-0.30404
-0.761825
0.0194751
-0.858056
-0.837133
0.0335459
0.0130212
-0.366402
-1.08006
-0.485618
-1.32405
-0.11996
0.215721
-0.319435
-0.495016
-0.266405
-0.00938948
-0.0886112
-0.125067
-0.307953
-0.0108189
-0.226978
-0.310785
-0.328608
0.315757
-0.626615
-0.705677
0.12454
0.0306073
0.252272
-0.740235
-0.554836
-0.652637
-0.719123
-0.509244
-0.466987
-0.783844
-0.644524
-0.407479
-0.588777
-0.216282
-0.319425
-0.520031
0.317802
-0.872798
0.0232694
0.0213024
-0.78003
0.205625
-0.196818
-0.264613
-0.307234
-0.204207
-0.945814
-0.889012
-1.41701
-0.916602
-0.665633
0.555053
-0.0089636
-0.839337
-0.601405
-0.319215
0.153274
0.0736676
-0.197882
0.43379
-0.77526
-0.275067
-0.694998
-1.36078
-0.682405
-0.107
-0.553809
-0.775332
-1.62711
-0.0415064
-0.921872
-1.32817
-0.481348
0.16312
-0.28379
0.517754
0.3475
0.0450835
0.28034
0.0264094
-0.882562
-0.201408
-0.0470227
-0.169292
0.675328
0.487753
0.119654
0.508288
-0.701382
0.269973
0.0984158
0.194255
-0.103302
0.14956
-0.316682
-0.248624
0.0537948
-0.567624
-0.0309308
-0.329461
-0.425046
-0.662814
0.00892249
-2.02785
0.485086
-0.274942
-1.48008
0.0393473
0.486285
0.0411594
0.180471
0.350725
-0.335427
-0.000140632
-0.270224
-0.305863
-0.697525
-0.504013
0.776138
-0.298932
-0.257664
0.358956
-1.33218
-0.120079
0.183958
-1.1387
-0.0477637
-0.408499
0.554015
-0.166406
-0.595521
-1.83953
0.288831
0.211823
0.118952
0.292692
0.211977
0.551731
-0.268176
-0.244597
-1.13516
-2.07105
-1.96463
-0.250695
-0.0714094
0.138181
-0.379575
-1.60006
0.197314
0.493755
-0.0976436
-0.0747926
-0.0400014
0.483388
-0.716893
0.129346
-0.904602
-0.279234
0.164424
0.090244
-0.914917
0.0767733
0.216418
0.404778
-1.07169
-0.213287
-0.250318
0.123685
0.171652
-0.136015
-1.18482
-1.27237
-1.38493
0.47846
-2.38744
-1.05958
0.085902
-0.0892663
-0.464633
-1.29664
-0.0460149
0.117044
-0.385355
0.0168699
0.169588
-0.315274
-0.158296
0.0124201
-0.552106
-1.00827
-0.0963714
0.169832
-0.496494
0.172618
0.590855
0.109836
-0.0498217
-0.0866496
-0.0448933
-0.369061
0.23964
-0.670391
0.617921
-0.213435
-0.79892
0.194527
-0.00774786
-0.311571
0.286269
-0.341915
-0.113435
0.0600305
0.263507
-0.426426
-0.389746
0.155393
-0.436715
0.43626
0.186808
0.436551
0.773141
-0.0667462
0.0180102
-0.044573
-0.0993607
-0.824073
-1.07512
0.419325
0.097411
0.133079
0.265382
-0.219886
-3.28897
-1.00771
0.130471
-0.1438
-0.183836
0.345419
-0.234565
0.168606
-1.31241
-0.129183
0.0939805
0.0960178
-1.01672
0.1464
0.19358
-0.0771569
0.436642
-0.590389
-0.132473
-0.218019
-0.101235
0.659414
-0.507635
0.446783
-1.14974
-0.67258
0.334344
0.309488
-0.780016
0.205245
-0.250792
-1.38941
-0.0309356
-0.795243
-1.14116
-0.00660993
-0.224312
0.523102
0.38447
0.167897
-0.00496874
-0.141647
-0.638416
-0.354325
-1.15846
0.304191
-0.212321
0.15613
-0.157041
0.18453
-0.453215
0.0339631
0.0549166
0.347884
-0.469627
-0.788711
0.466848
0.667435
-0.411479
-0.285761
0.222998
-0.0777809
-0.950968
0.0957309
0.385549
0.483295
0.23304
-1.08325
-0.827142
0.0196302
0.340244
-0.288194
-0.561416
-0.213077
0.379439
0.579832
0.0350574
-0.786549
-0.384033
-0.221579
0.208706
0.725457
0.228142
-0.384527
-0.128071
-0.344756
0.0111689
-0.840553
-1.32878
0.0782116
-0.475576
-0.57456
0.00134382
0.208688
0.388302
-0.327597
0.0808681
-1.05704
-1.55592
-1.35049
0.506825
-0.127537
-0.271865
-0.434144
-0.572665
0.355633
0.132323
0.480675
-1.22
0.0896319
-0.913541
0.204388
-0.772719
-0.0636857
0.219749
0.289194
-0.325337
-0.263032
-0.769403
0.484436
-1.50696
0.0139241
0.39376
0.486836
-0.257641
0.495142
-0.840284
-0.0415583
-0.0184232
-0.265302
0.510725
-0.606218
-0.188722
-0.690688
-0.110217
-0.296543
0.169347
0.19377
-1.09155
-0.137133
0.221162
0.285593
-0.544717
-0.709582
0.164934
-0.758562
-0.523106
0.484095
-0.221619
-0.676509
-0.204106
-0.142471
0.175603
-0.545758
-0.450298
0.313451
-0.215458
0.309994
-1.35576
0.193205
-0.022942
-0.0997394
-0.764637
-1.22202
-0.232185
-0.659768
0.240046
-0.303082
-0.315423
-0.0682152
0.452497
-0.952346
-0.464832
0.201265
-0.307037
-0.0480496
0.0417731
-1.44663
-0.120155
0.292239
0.731018
-0.819849
0.452192
-0.796059
-1.72581
-0.694168
0.272671
0.358274
0.556708
-0.640652
0.570134
0.0725613
-0.522498
-1.07685
-0.124873
-0.171727
-0.138859
0.11966
-0.772966
-0.190845
0.219816
-0.859555
-1.2099
-0.0179395
0.312622
-0.549041
-0.105466
-0.66426
-0.462615
-0.043622
0.402916
-0.158894
0.202029
-0.311097
0.396548
-2.60291
-0.02068
-1.04614
0.210041
-0.0583364
0.107594
0.637814
0.0459467
0.477152
0.403225
0.394489
0.0217851
0.163698
-0.242645
-0.681255
0.197317
-0.608313
0.155667
0.283947
0.0934765
0.413946
0.523105
-0.476669
0.346107
-0.523422
0.426229
-0.58413
-0.649855
-0.815414
0.650995
-0.184187
-1.15926
-0.204878
0.147176
-0.164679
-1.05357
0.213539
0.16497
0.20857
0.0210032
-0.101978
0.183168
0.128568
-0.773062
0.0519393
-0.168249
-1.60286
-0.173698
-0.451756
-0.419679
0.155721
0.138531
0.290107
-0.763298
0.0566461
-0.685712
0.598034
-0.462282
-0.199102
-1.4995
-1.1664
-0.820555
0.534566
-1.25987
-0.972443
0.0418405
0.500021
0.332283
-1.33747
0.232991
0.188929
-0.516215
-0.402139
-0.316769
0.09796
0.0843981
-0.117649
0.23217
0.681511
0.41938
0.424691
-0.0626979
-0.119651
-0.756287
-0.170212
0.202195
-0.629003
-0.675658
0.386672
-0.525812
-0.368671
-1.89472
-0.369487
-0.0405772
-0.80818
0.344692
-0.381393
-0.0208464
0.272302
0.575817
-0.0512727
-0.442522
0.625582
0.501471
0.07575
0.126265
0.071815
-1.17601
0.316095
-0.140862
0.509
-1.68364
0.518643
0.520459
-1.51291
0.0759428
-0.777687
-1.21075
0.101458
0.162695
0.167516
0.464944
-0.706404
-0.618073
-1.05805
-0.911308
0.379642
-0.153925
-0.596496
-0.118128
-0.146383
-0.475242
-0.275376
0.0819992
-0.162221
0.499106
-1.32383
-0.0660489
-0.240448
-0.281837
-1.08296
-0.243356
0.706286
-1.98335
0.0618159
-0.290635
-0.870371
0.312734
-1.56686
-0.166004
-0.0240361
-0.654107
-0.313352
-1.25273
0.143406
-0.258114
-0.232267
-0.00413863
0.264245
0.0552495
-0.940484
0.210242
-0.235532
-0.35903
-0.85982
-0.0937301
-0.525091
-0.530682
0.0764201
-0.397609
-0.279296
-0.900506
0.0660356
0.109044
0.389317
-0.863341
0.645233
0.25171
-0.152397
0.241273
0.0616568
-1.32786
-0.624379
-0.780416
-0.0859925
-0.382938
0.166404
-0.350284
0.329446
-0.0317312
-1.73743
-1.09164
0.156647
0.562779
0.167349
-0.321477
-0.483621
0.26977
0.29095
0.0198612
-0.560441
-2.07259
-0.211554
-1.366
0.403988
-0.273444
0.30739
-0.234207
0.0939252
-0.384302
0.604425
-0.69359
0.713788
-0.560459
-0.50984
0.187629
-0.734264
0.180307
-0.980896
-0.166888
-0.740244
0.379225
-0.0978157
-1.17641
-1.11066
-0.700921
0.260375
-0.718762
-0.235921
0.0658094
0.494816
0.395274
0.00348457
0.305342
-0.246258
0.710265
0.0853597
-0.875873
-0.771629
-0.933881
0.191546
-1.86555
-0.232551
0.226008
-0.270335
0.326869
-0.473697
0.322514
0.0849839
0.444724
0.44591
0.63244
0.137411
0.124801
-1.27378
-1.52092
-0.249763
0.681483
-0.126166
-0.0363388
0.6427
-0.111386
-0.368562
0.187144
-1.01454
-0.296753
0.0331292
-0.200306
0.204576
0.0550002
0.162699
-0.316154
-0.233979
0.0606302
0.113736
0.196026
-0.305412
-0.185755
-0.581107
-0.92295
-1.07436
-0.082012
0.109471
-1.52033
0.222292
0.155148
0.329292
-0.025709
0.247868
0.561604
-0.410961
-0.0342091
-0.964718
-1.64642
-0.34051
0.386234
-0.491947
-1.38444
0.25694
0.297988
-0.3991
0.48675
-0.74674
0.508032
-0.868793
-0.494571
0.00152236
-0.0282247
-0.180704
0.0570252
-0.414397
0.292135
-1.21821
0.160512
0.285725
-1.3121
0.319654
0.175341
-0.671716
-0.476604
0.736996
-0.722433
-0.0930562
-0.332027
0.504441
-0.889584
-0.0614804
0.489968
0.141525
-0.530387
0.208245
-0.307253
0.265042
-0.0259778
0.551734
-0.962078
-0.237597
-0.481493
-0.457688
-0.337927
-0.586017
-0.102861
-0.0133235
0.312347
0.424153
-0.289992
0.262959
0.0728529
-0.443898
0.1353
0.0955388
-0.324867
-0.392377
0
0
0
0
0
0
0
0
0
0
0
0
0
0
0
0
0
0
0
0
0
0
0
0
0
0
0
0
0
0
0
0
0
0
0
0
0
0
0
0
0
0
0
0
0
0
0
0
0
0
0
0
0
0
0
0
0
0
0
0
0
0
0
0
0
0
0
0
0
0
0
0
0
0
0
0
0
0
0
0
0
0
0
0
0
0
0
0
0
0
0
0
0
0
0
0
0
0
0
0
0
0
0
0
0
0
0
0
0
0
0
0
0
0
0
0
0
0
0
0
0
0
0
0
0
0
0
0
0
0
0
0
0
0
0
0
0
0
0
0
0
0
0
0
0
0
0
0
0
0
0
0
0
0
0
0
0
0
0
0
0
0
0
0
0
0
0
0
0
0
0
0
0
0
0
0
0
0
0
0
0
0
0
0
0
0
0
0
0
0
0
0
0
0
0
0
0
0
0
0
0
0
0
0
0
0
0
0
0
0
0
0
0
0
0
0
0
0
0
0
0
0
0
0
0
0
0
0
0
0
0
0
0
0
0
0
0
0
0
0
0
0
0
0
0
0
0
0
0
0
0
0
0
0
0
0
0
0
0
0
0
0
0
0
0
0
0
0
0
0
0
0
0
0
0
0
0
0
0
0
0
0
0
0
0
0
0
0
0
0
0
0
0
0
0
0
0
0
0
0
0
0
0
0
0
0
0
0
0
0
0
0
0
0
0
0
0
0
0
0
0
0
0
0
0
0
0
0
0
0
0
0
0
0
0
0
0
0
0
0
0
0
0
0
0
0
0
0
0
0
0
0
0
0
0
0
0
0
0
0
0
0
0
0
0
0
0
0
0
0
0
0
0
0
0
0
0
0
0
0
0
0
0
0
0
0
0
0
0
0
0
0
0
0
0
0
0
0
0
0
0
0
0
0
0
0
0
0
0
0
0
0
0
0
0
0
0
0
0
0
0
0
0
0
0
0
0
0
0
0
0
0
0
0
0
0
0
0
0
0
0
0
0
0
0
0
0
0
0
0
0
0
0
0
0
0
0
0
0
0
0
0
0
0
0
0
0
0
0
0
0
0
0
0
0
0
0
0
0
0
0
0
0
0
0
0
0
0
0
0
0
0
0
0
0
0
0
0
0
0
0
0
0
0
0
0
0
0
0
0
0
0
0
0
0
0
0
0
0
0
0
0
0
0
0
0
0
0
0
0
0
0
0
0
0
0
0
0
0
0
0
0
0
0
0
0
0
0
0
0
0
0
0
0
0
0
0
0
0
0
0
0
0
0
0
0
0
0
0
0
0
0
0
0
0
0
0
0
0
0
0
0
0
0
0
0
0
0
0
0
0
0
0
0
0
0
0
0
0
0
0
0
0
0
0
0
0
0
0
0
0
0
0
0
0
0
0
0
0
0
0
0
0
0
0
0
0
0
0
0
0
0
0
0
0
0
0
0
0
0
0
0
0
0
0
0
0
0
0
0
0
0
0
0
0
0
0
0
0
0
0
0
0
0
0
0
0
0
0
0
0
0
0
0
0
0
0
0
0
0
0
0
0
0
0
0
0
0
0
0
0
0
0
0
0
0
0
0
0
0
0
0
0
0
0
0
0
0
0
0
0
0
0
0
0
0
0
0
0
0
0
0
0
0
0
0
0
0
0
0
0
0
0
0
0
0
0
0
0
0
0
0
0
0
0
0
0
0
0
0
0
0
0
0
0
0
0
0
0
0
0
0
0
0
0
0
0
0
0
0
0
0
0
0
0
0
0
0
0
0
0
0
0
0
0
0
0
0
0
0
0
0
0
0
0
0
0
0
0
0
0
0
0
0
0
0
0
0
0
0
0
0
0
0
0
0
0
0
0
0
0
0
0
0
0
0
0
0
0
0
0
0
0
0
0
0
0
0
0
0
0
0
0
0
0
0
0
0
0
0
0
0
0
0
0
0
0
0
0
0
0
0
0
0
0
0
0
0
0
0
0
0
0
0
0
0
0
0
0
0
0
0
0
0
0
0
0
0
0
0
0
0
0
0
0
0
0
0
0
0
0
0
0
0
0
0
0
0
0
0
0
0
0
0
0
0
0
0
0
0
0
0
0
0
0
0
0
0
0
0
0
0
0
0
0
0
0
0
0
0
0
0
0
0
0
0
0
0
0
0
0
0
0
0
0
0
0
0
0
0
0
0
0
0
0
0
0
0
0
0
0
0
0
0
0
0
0
0
0
0
0
0
0
0
0
0
0
0
0
0
0
0
0
0
0
0
0
0
0
0
0
0
0
0
0
0
0
0
0
0
0
0
0
0
0
0
0
0
0
0
0
0
0
0
0
0
0
0
0
0
0
0
0
0
0
0
0
0
0
0
0
0
0
0
0
0
0
0
0
0
0
0
0
0
0
0
0
0
0
0
0
0
0
0
0
0
0
0
0
0
0
0
0
0
0
0
0
0
0
0
0
0
0
0
0
0
0
0
0
0
0
0
0
0
0
0
0
0
0
0
0
0
0
0
0
0
0
0
0
0
0
0
0
0
0
0
0
0
0
0
0
0
0
0
0
0
0
0
0
0
0
0
0
0
0
0
0
0
0
0
0
0
0
0
0
0
0
0
0
0
0
0
0
0
0
0
0
0
0
0
0
0
0
0
0
0
0
0
0
0
0
0
0
0
0
0
0
0
0
0
0
0
0
0
0
0
0
0
0
0
0
0
0
0
0
0
0
0
0
0
0
0
0
0
0
0
0
0
0
0
0
0
0
0
0
0
0
0
0
0
0
0
0
0
0
0
0
0
0
0
0
0
0
0
0
0
0
0
0
0
0
0
0
0
0
0
0
0
0
0
0
0
0
0
0
0
0
0
0
0
0
0
0
0
0
0
0
0
0
0
0
0
0
0
0
0
0
0
0
0
0
0
0
0
0
0
0
0
0
0
0
0
0
0
0
0
0
0
0
0
0
0
0
0
0
0
0
0
0
0
0
0
0
0
0
0
0
0
0
0
0
0
0
0
0
0
0
0
0
0
0
0
0
0
0
0
0
0
0
0
0
0
0
0
0
0
0
0
0
0
0
0
0
0
0
0
0
0
0
0
0
0
0
0
0
0
0
0
0
0
0
0
0
0
0
0
0
0
0
0
0
0
0
0
0
0
0
0
0
0
0
0
0
0
0
0
0
0
0
0
0
0
0
0
0
0
0
0
0
0
0
0
0
0
0
0
0
0
0
0
0
0
0
0
0
0
0
0
0
0
0
0
0
0
0
0
0
0
0
0
0
0
0
0
0
0
0
0
0
0
0
0
0
0
0
0
0
0
0
0
0
0
0
0
0
0
0
0
0
0
0
0
0
0
0
0
0
0
0
0
0
0
0
0
0
0
0
0
0
0
0
0
0
0
0
0
0
0
0
0
0
0
0
0
0
0
0
0
0
0
0
0
0
0
0
0
0
0
0
0
0
0
0
0
0
0
0
0
0
0
0
0
0
0
0
0
0
0
0
0
0
0
0
0
0
0
0
0
0
0
0
0
0
0
0
0
0
0
0
0
0
0
0
0
0
0
0
0
0
0
0
0
0
0
0
0
0
0
0
0
0
0
0
0
0
0
0
0
0
0
0
0
0
0
0
0
0
0
0
0
0
0
0
0
0
0
0
0
0
0
0
0
0
0
0
0
0
0
0
0
0
0
0
0
0
0
0
0
0
0
0
0
0
0
0
0
0
0
0
0
0
0
0
0
0
0
0
0
0
0
0
0
0
0
0
0
0
0
0
0
0
0
0
0
0
0
0
0
0
0
0
0
0
0
0
0
0
0
0
0
0
0
0
0
0
0
0
0
0
0
0
0
0
0
0
0
0
0
0
0
0
0
0
0
0
0
0
0
0
0
0
0
0
0
0
0
0
0
0
0
0
0
0
0
0
0
0
0
0
0
0
0
0
0
0
0
0
0
0
0
0
0
0
0
0
0
0
0
0
0
0
0
0
0
0
0
0
0
0
0
0
0
0
0
0
0
0
0
0
0
0
0
0
0
0
0
0
0
0
0
0
0
0
0
0
0
0
0
0
0
0
0
0
0
0
0
0
0
0
0
0
0
0
0
0
0
0
0
0
0
0
0
0
0
0
0
0
0
0
0
0
0
0
0
0
0
0
0
0
0
0
0
0
0
0
0
0
0
0
0
0
0
0
0
0
0
0
0
0
0
0
0
0
0
0
0
0
0
0
0
0
0
0
0
0
0
0
0
0
0
0
0
0
0
0
0
0
0
0
0
0
0
0
0
0
0
0
0
0
0
0
0
0
0
0
0
0
0
0
0
0
0
0
0
0
0
0
0
0
0
0
0
0
0
0
0
0
0
0
0
0
0
0
0
0
0
0
0
0
0
0
0
0
0
0
0
0
0
0
0
0
0
0
0
0
0
0
0
0
0
0
0
0
0
0
0
0
0
0
0
0
0
0
0
0
0
0
0
0
0
0
0
0
0
0
0
0
0
0
0
0
0
0
0
0
0
0
0
0
0
0
0
0
0
0
0
0
0
0
0
