-0.58063
0.222249
0.712067
-0.425481
0.454933
-0.177542
-0.473987
0.379265
-0.435863
-2.68449
-1.04864
-1.60596
-0.798128
0.267479
-1.79038
-1.56448
-1.32085
-0.994297
0.487594
-0.885119
-1.42711
-1.63737
-0.737649
-0.810878
-1.24214
0.165478
0.0494901
0.502673
-0.381684
-0.117276
0.0710413
-0.205897
-0.0286237
0.477723
-0.926506
0.261895
-0.230409
-1.20999
0.156385
0.105628
0.37791
0.0420483
-1.71863
0.18854
0.257188
0.433624
-0.329255
-0.771671
-0.00302764
-0.56702
-0.0623518
0.085992
-0.441295
-0.53145
0.783061
-1.49738
-0.681561
-1.99628
-1.03401
0.322083
0.353458
-0.339655
0.285368
-1.66583
-0.880376
0.143659
-0.530106
-0.310746
-0.55829
-0.322288
-0.428173
-0.556157
0.192516
-1.1156
-1.07655
-0.31825
0.0256772
-1.29774
-1.37562
0.499169
-0.124921
0.120259
-0.514961
-1.63351
-0.295431
-0.390374
0.140623
-1.4717
0.156138
-2.77308
0.0243413
-0.498078
0.203226
-0.493221
-0.00297536
-0.65933
-0.301115
-0.866601
-0.674494
-0.807455
-0.164443
-0.920477
0.671963
0.320052
0.0310655
0.355132
-1.28632
-1.03475
-0.147439
-0.403303
-1.33494
-2.10016
-1.34821
0.224635
-0.0160133
-0.670403
0.205893
0.0713385
0.160694
-1.00024
-1.88188
-1.05971
-1.02452
-0.941635
-0.210526
-0.111959
0.41332
0.215173
-0.474468
-0.122373
0.165415
-0.696147
0.597699
-0.175393
0.451375
-1.48462
-0.0325668
0.0334505
-0.694179
0.583502
-0.266839
-1.3506
0.936495
-0.0537163
-0.101682
-0.513783
0.0629183
-0.263231
0.336908
-1.06387
-0.303221
-1.42051
-0.670435
-0.308888
-0.558757
-0.1153
-0.699535
-1.14175
0.5537
-1.08321
0.0529143
0.484412
0.142662
0.0509065
0.188783
-0.179291
0.460327
-0.0368314
0.0895076
0.111255
-0.670335
-0.0280597
0.528555
-0.843887
-0.517442
-2.0141
-0.143265
0.0957215
0.253642
-0.807647
-0.260155
-1.37724
-0.0851654
0.3199
-0.222709
0.0552511
-1.13239
-0.93416
0.27375
-0.264952
-1.70207
-0.888707
0.140438
-0.579783
-0.380716
-0.104271
-0.492499
-0.744999
-0.356633
0.248779
-0.495227
0.187349
0.358027
-0.744855
-0.0677686
0.106631
0.0270266
-0.49599
-0.891726
-0.451487
0.706056
-0.651362
-0.221626
0.505401
0.102975
0.318651
-0.643056
0.262582
-0.663212
-0.341209
-0.0978971
-0.803923
-0.309204
-1.43124
-0.786145
-0.259855
-0.756691
-0.650761
0.514676
-1.44747
-0.162063
0.183072
0.293515
0.776425
-0.201562
0.16289
-2.29025
-0.719987
-0.335001
0.365738
0.520294
-1.14224
0.105137
0.12381
-0.081191
-0.421677
-2.13568
0.233723
0.241421
0.197764
-1.72065
0.509691
-0.107911
-1.26022
0.196611
-1.22199
-0.86653
0.232723
-0.623003
0.558219
0.369303
-0.828881
0.277602
-0.709876
0.518607
0.287838
-0.0712121
-1.04967
0.460039
0.354489
-0.80879
0.600234
0.20946
0.837556
0.176341
0.272918
0.38657
-0.134322
0.107988
0.139358
-0.158117
-1.41087
0.683565
-0.14068
0.257149
0.630705
0.508816
0.364999
0.208092
-0.251438
0.343172
-0.623782
-1.35309
-0.054432
-1.3992
-0.120148
0.104965
-0.062648
-0.466238
0.112843
-0.13315
0.219301
0.226065
0.134727
-1.2955
-0.816088
0.681705
0.343241
0.0806975
0.585981
0.124771
-0.83103
-1.96055
-0.0064676
-0.172173
0.311128
-0.257198
-0.182829
0.148613
0.131832
0.402965
-0.016981
0.340387
-0.786767
0.128495
-0.470866
-0.283157
-0.140533
0.563549
0.571837
-0.0632489
-0.729358
0.120985
-0.0279123
0.308456
0.349456
0.14534
0.73991
-0.0694857
-0.980448
-1.88313
-0.787412
-0.512015
-0.333557
0.198021
-1.04075
-0.246602
0.0835658
-0.473306
-1.36695
-0.0586176
0.0691486
-1.53767
-1.56441
0.389108
0.00265479
0.343058
-0.434459
-1.86244
-1.16001
-1.29863
0.332542
0.42795
-1.18807
-0.16659
-0.0352791
-0.910005
-0.496874
0.18999
0.501455
-0.351659
-0.243486
-0.508923
0.0794296
0.459082
-0.831263
0.139781
0.115848
0.451504
-1.20272
0.0636181
0.426738
0.108325
-0.209761
0.356139
-0.854903
-1.41641
0.0558385
-0.01096
-0.993376
-0.349764
0.512227
-0.145562
-0.3778
-1.41298
-0.0110329
0.688622
-0.207147
0.20112
-0.546447
-0.92525
-0.384901
-1.94977
-0.795514
-0.146877
-1.63375
-0.00577739
0.0725341
0.224288
0.70383
-1.76646
0.278708
-0.149675
-0.655661
0.0770902
-0.935733
-0.939006
-0.64312
-0.982759
-0.372888
-0.849177
-0.87038
-0.66692
-0.134302
0.243345
-0.0240914
-1.18423
-1.11027
-1.01984
6.21775e-05
0.300705
0.493079
0.714738
-0.38438
-0.1304
-0.347063
0.265993
0.256661
-0.86611
-0.302273
-0.365697
0.229626
-1.11089
-0.632993
-1.04012
-0.932488
0.556009
0.338722
-0.825753
-0.863733
-0.903028
-0.0304012
-0.616381
0.0294497
-1.25291
-0.0150931
0.411492
-0.676034
-1.06266
-2.69522
-0.834504
-0.147
-0.772827
-0.132194
-0.281323
-0.528703
-0.974898
-2.78765
0.0345409
-0.780737
-1.19188
-0.101155
0.161949
0.284633
-0.39629
-0.256179
-0.528249
-0.50072
-1.19248
0.421266
0.693913
-0.415547
0.706323
-0.206525
0.710614
-1.15673
-0.441545
-1.60213
-0.129463
-0.0934329
0.0835924
0.00296585
-0.628331
0.200674
0.299729
-1.74926
0.0624337
0.183541
-2.02358
0.43104
-0.755786
0.12452
0.533705
-2.36878
0.11531
-0.276185
0.127464
0.500911
-0.700635
-1.51519
-1.50698
-1.5163
-0.535092
-2.30454
0.605979
0.384987
0.617277
0.224901
-1.20221
-0.665775
-1.09004
-0.292381
-0.183018
-1.01522
0.132309
-1.57833
-1.06949
0.408739
0.370375
0.543487
0.270105
-0.538261
0.109462
-1.71741
-0.0899597
-0.0642735
-0.360678
-0.673003
-0.025505
-0.184049
-0.534524
0.408472
-0.2125
-0.328806
-0.578067
0.665555
-0.128118
0.308909
0.342755
-0.555045
-0.0675262
0.41717
-0.612355
-0.0583126
0.263029
-0.348286
-0.131578
0.582304
0.452374
0.0797952
0.680035
-0.166187
-0.315522
-1.78429
-0.841647
0.107374
0.919532
0.366893
-0.853504
-0.261963
-1.2314
0.368479
-0.344048
-2.73273
-0.0380538
-0.708898
0.101295
-0.201745
-0.999488
-0.807669
0.36367
-0.134114
-1.98872
0.0460321
-0.593736
0.0981003
-0.641406
0.368574
-1.18747
-0.0990366
-0.0394896
-0.324803
-1.76716
-0.327714
-0.103087
-0.146509
0.280697
-1.31425
-0.473152
-1.52431
-0.926102
-1.01952
0.456532
0.109266
0.203579
-1.3058
-0.132565
-0.229004
0.434042
-0.693924
0.432069
-0.178952
-1.78203
0.711952
-0.11946
-0.303684
-0.652039
0.336213
0.207827
-0.112731
-0.0881716
0.320564
-0.492024
0.392616
-0.148253
0.669725
-0.950801
-1.0465
0.187892
-0.0559579
-0.553972
-0.267698
-0.592685
0.124144
-1.1416
-0.734581
0.333631
-1.97454
-2.04735
-0.50593
0.19488
-0.791631
-0.134473
-0.319848
-0.804471
0.44654
-1.03978
-0.329576
0.136915
0.545277
0.278879
0.3036
-0.801097
-0.270935
0.353168
0.307206
0.0200124
-1.798
-0.498346
-0.771571
0.784395
-1.18478
0.263328
0.460269
-0.0164029
-0.33198
-0.492245
0.204338
-2.06265
-1.35143
0.101163
0.113684
-0.632482
0.478415
-0.559278
-1.32239
-1.41368
-0.148787
-0.302524
-1.08387
-0.114406
0.177954
-0.202779
0.678421
0.283283
-0.339591
-0.713517
0.392875
-0.0672366
-0.239139
-0.0445208
-0.253535
-0.00280687
0.172691
-0.332537
-1.68375
-0.792711
-0.555696
-0.690449
-0.651341
-0.0671394
-0.630153
-0.173323
0.446908
-0.441273
-0.121102
-0.974015
-1.06618
-2.09437
-0.447198
-1.80137
-1.20863
-0.686176
-0.620656
0.561411
0.182979
0.295529
-1.48991
-1.13287
-0.049468
0.592901
-0.233009
0.405058
-0.947641
0.222033
0.598554
-0.883142
-2.08867
0.212666
-0.203532
-1.02201
-0.647429
0.191329
0.380119
0.304111
-0.0396446
0.200046
-1.33113
-0.874364
-1.04104
0.061675
0.370795
0.550661
-0.190962
-0.125882
-1.96933
0.395422
-0.692315
-0.511424
0.430672
-0.156551
-0.912022
-0.151843
-0.454076
0.179569
-1.41254
0.201099
-0.475236
0.0901098
-0.287183
-1.8612
-0.00682162
0.600617
-0.81491
0.0188152
-0.286404
0.165889
0.396667
-0.0675356
0.439996
-0.147304
-1.16062
-0.759708
0.284497
-0.653078
0.120214
0.48647
0.264039
-0.815876
0.300397
-0.645714
0.19175
0.042766
-0.544757
-1.1196
-0.614112
0.3408
-0.905345
0.322817
-0.216117
0.467298
-0.313495
-0.439865
-0.0462187
0.413114
0.275473
0.0573157
-1.30396
-1.1618
-1.07147
-0.489109
-0.867345
-0.910892
-0.695324
-0.370196
-0.562168
-3.22712
-0.82707
0.135982
-0.5165
-0.375346
-0.242092
-0.0341918
-0.634525
-0.0826522
0.658529
0.266935
0.220713
-1.18848
-2.05531
-0.432256
-0.779515
0.149702
0.269913
-2.21902
-0.413652
0.0168952
-0.159776
-1.02023
-1.21958
0.680582
0.119951
-0.788746
-1.77513
-1.48432
-1.09554
0.0241817
0.0755518
0.50156
-0.101993
-0.120086
-0.919957
0.436669
-0.948668
-0.0271891
0.537804
0.481006
0.124459
-0.147832
-1.24446
-0.705357
-0.21462
-1.02178
-0.908561
-0.774096
-1.33207
-1.73759
0.355446
-1.48518
-1.33597
0.0902694
-1.14785
-0.611439
0.341331
0.142676
-1.35583
0.168945
0.00976892
0.654841
-0.91156
-0.464357
-2.01523
-0.681381
-1.2593
-2.10107
0.420488
0.776903
0.314611
0.228806
-1.38738
-0.531011
-0.771655
-0.892432
-1.39304
-0.557667
-0.210495
0.398212
-0.0268689
0.586102
-0.559203
0.230518
0.0925673
-0.130777
-1.18408
0.360431
-1.24618
-0.0130302
0.732167
-0.51072
0.29459
-0.504789
-1.23254
-0.145636
0.217172
0.675326
-1.08386
-1.26837
-1.35528
0.550222
0.353441
0.419974
-0.977686
-0.047042
-2.00139
0.299885
-0.662507
-0.662259
-1.48453
-0.307061
-0.195224
-1.67775
0.107269
-1.53333
0.571679
-1.0239
-0.321938
-0.310248
-0.213857
-2.20705
0.269736
-0.47943
-0.365291
0.0405015
-0.283358
-0.180053
-1.00772
-0.698499
0.297726
0.115047
-0.0190546
-0.0397306
-1.11349
-1.49618
0.192391
-0.81904
-0.935637
0.411255
0.437546
0.234436
-0.264924
-0.207105
0.819925
0.511877
-0.773191
-0.642616
-0.33143
0.189917
0.124689
-1.42703
-0.903144
-0.818202
-0.911811
-1.41809
-1.02679
-1.70802
-1.27647
0.512288
-1.23928
-2.54959
-0.0944684
-0.579902
-1.06449
0.225374
-0.90252
0.0227048
-1.3508
-1.46708
-0.237932
-1.26077
-0.18939
-0.434279
-0.776739
-1.29352
-1.02465
0.18237
0.800919
0.00650094
0.588332
0.245669
0.592605
-0.259901
0.496725
0.300999
0.332545
-0.181703
-1.38866
-0.191851
0.343081
-2.32774
0.278867
-0.883493
-0.108529
-1.40162
-0.363083
-0.459712
0.482219
-0.394785
0.205097
-0.201922
0.403243
-0.188332
0.352708
-0.596773
-0.264855
-0.202601
-0.579401
0.169536
-0.866215
0.0592007
-1.71272
-0.890982
-0.050129
-0.962883
0.56578
-0.334521
-0.292562
0.588136
-0.244959
0.366814
-0.681714
0.215467
0.188442
-0.198996
0.0587871
-0.223679
-0.41488
0.158203
0.753283
0.0217115
-1.16763
-0.704709
0.334915
-0.427866
0.0389305
-0.407554
-0.955672
-0.833776
-0.203881
-0.395306
0.429875
0.466267
-0.109432
-0.215016
-0.105924
0.490187
0.229288
0.0836905
0.128874
-0.1475
0.158851
0.0797872
-0.23197
0.616047
0.0657675
0.507839
0.299428
-1.05364
-0.0726752
-1.59149
-0.54416
-0.544553
-1.60498
-0.697568
-1.02171
-0.776442
0.09664
-0.283946
0.276083
0.298122
-0.313282
0.0761146
-0.338599
0.332858
-0.774761
-0.977486
0.18211
-0.989363
0.444459
-1.13143
-0.405814
0.0111803
-0.0111369
0.233074
-1.01446
-0.483192
-0.207662
-1.10428
-0.195093
0.2075
0.114715
0.419902
0.466426
-0.412271
-0.392865
-0.995369
-0.501416
-0.135489
0.414038
0.48405
0.232153
0.0529356
-0.558413
0.340546
0.529757
0.153991
0.465539
0.137474
-0.124092
0.473422
-0.412221
-0.711497
-0.648322
-0.231601
0.337244
0.401831
-0.357223
0.297132
-1.19028
-0.0705004
-0.592707
-0.128619
0.15563
0.720388
-1.43884
-0.511916
-0.66545
-0.214948
-0.886076
-0.567615
0.368437
0.0803625
-0.160323
0.187099
-0.138571
0.876256
-1.09984
-1.1421
-0.120024
-0.0655079
-1.27936
0.254974
0.334465
-0.109812
0.407976
-0.431308
0.017585
-0.679289
0.081889
-0.823837
-0.403384
-1.77803
0.377429
0.505778
0.482017
0.144212
-0.13271
-0.330146
-0.0389108
-0.55378
-0.838776
-0.39898
0.0209672
-0.586318
-0.605527
-0.354544
0.420613
-0.239791
-0.350994
-0.549891
-0.174968
0.306868
-0.165763
-0.0576121
0.150379
0.214449
-0.471627
-0.628706
-0.674536
0.160975
0.537168
-0.510946
-0.96577
-0.0415925
-0.410676
-0.727351
0.0695041
-0.96959
-0.900928
-0.0182776
-0.0312225
-0.434996
-1.08699
-0.47252
-1.32202
-0.12686
0.263045
-0.453504
-0.381729
-0.400621
-0.0304586
-0.00325847
-0.122051
-0.326509
-0.175321
-0.237332
-0.372705
-0.222125
0.339998
-0.589704
-0.743422
0.0910124
-0.00319454
0.286772
-0.615543
-0.461805
-0.539976
-0.703627
-0.424192
-0.450006
-0.865905
-0.611385
-0.369288
-0.484836
-0.300164
-0.242221
-0.354358
0.335597
-0.823813
-0.0411512
-0.0900579
-0.719701
0.163586
-0.143565
-0.252879
-0.235925
-0.210857
-0.85204
-0.755432
-1.33071
-0.831543
-0.618572
0.538129
0.0244803
-0.790789
-0.543408
-0.300298
0.0283512
0.105394
-0.18645
0.417831
-0.750768
-0.392753
-0.717953
-1.29731
-0.629212
-0.0357891
-0.629266
-0.772707
-1.59052
-0.11531
-0.79705
-1.32561
-0.454565
0.21547
-0.345219
0.530136
0.26908
0.00725035
0.332605
-0.00770023
-0.844892
-0.212428
-0.0232184
-0.0603407
0.669924
0.408929
0.0991318
0.526503
-0.584485
0.244736
0.124193
0.160461
-0.090579
0.116163
-0.307495
-0.228676
0.0556046
-0.58372
-0.0361895
-0.340228
-0.436687
-0.603694
0.0887343
-1.93577
0.481597
-0.184129
-1.46153
0.0486908
0.445158
0.0267254
0.201612
0.345488
-0.425708
0.00561793
-0.229581
-0.243075
-0.655923
-0.635398
0.767004
-0.299619
-0.317369
0.407445
-1.52531
-0.168082
0.193916
-1.28616
-0.0122385
-0.432503
0.563164
-0.149133
-0.53652
-1.80855
0.299551
0.211913
0.0806968
0.291965
0.267494
0.528334
-0.35388
-0.207012
-1.19642
-2.16666
-1.9995
-0.304927
0.0252698
0.15872
-0.351142
-1.62699
0.234058
0.433865
-0.133739
-0.0498038
-0.0447995
0.448539
-0.768614
0.191507
-0.846833
-0.336044
0.102756
0.162258
-0.970083
0.081407
0.219006
0.428089
-0.918438
-0.117131
-0.248071
0.161166
0.17175
-0.0741538
-1.25554
-1.42906
-1.4333
0.453222
-2.53127
-1.13089
-0.0435209
-0.0850706
-0.502372
-1.29691
-0.0952739
0.119257
-0.378485
0.108795
0.15985
-0.357937
-0.124354
-0.0202633
-0.686814
-0.986109
-0.134255
0.150553
-0.479441
0.252799
0.562223
0.100181
-0.0555704
-0.133079
-0.118676
-0.530649
0.232322
-0.705589
0.599856
-0.295192
-0.695124
0.175612
0.0526512
-0.329025
0.320613
-0.374598
-0.123702
0.144289
0.264791
-0.425104
-0.306905
0.196496
-0.636389
0.446646
0.178336
0.42931
0.758275
-0.0878082
0.0417712
-0.0850499
0.025383
-0.770674
-0.973805
0.455976
0.136408
0.0738698
0.235964
-0.203141
-3.25509
-1.00799
0.100613
-0.173524
-0.264109
0.355548
-0.282655
0.186339
-1.23876
-0.207603
0.0916165
0.128429
-0.993546
0.253202
0.163865
-0.053423
0.416155
-0.551553
-0.174546
-0.177767
-0.106575
0.659736
-0.460023
0.362981
-1.02908
-0.75455
0.391791
0.243803
-0.745689
0.168355
-0.31225
-1.3282
-0.0703174
-0.815468
-1.05076
0.0159483
-0.227863
0.483734
0.373501
0.0436593
-0.0126346
-0.149908
-0.649152
-0.327605
-1.08892
0.308255
-0.172198
0.181037
-0.169644
0.271638
-0.370517
0.0574854
0.0806109
0.344756
-0.451096
-0.671661
0.471439
0.717559
-0.432442
-0.405063
0.193814
-0.0102148
-0.913452
0.168376
0.348788
0.458675
0.326115
-1.29183
-0.839433
0.061001
0.363711
-0.293183
-0.512202
-0.25029
0.337377
0.555785
-0.0677163
-0.64553
-0.486397
-0.263231
0.271428
0.643185
0.21455
-0.391646
-0.131191
-0.3118
0.0979112
-0.992414
-1.21242
0.107747
-0.329887
-0.535148
0.0251061
0.150731
0.447547
-0.257822
0.109515
-1.12108
-1.55999
-1.44461
0.4773
-0.0585673
-0.263078
-0.539105
-0.625761
0.334713
0.14064
0.492944
-1.21978
0.0474641
-0.981453
0.19186
-0.893675
-0.1237
0.224951
0.318545
-0.354988
-0.274365
-0.863182
0.564367
-1.44038
0.0292919
0.341604
0.470865
-0.163094
0.533335
-0.769375
-0.0711377
-0.0608351
-0.164075
0.520388
-0.598978
-0.20647
-0.799764
-0.11043
-0.355215
0.145719
0.208582
-1.13389
-0.190731
0.240535
0.339762
-0.594124
-0.735513
0.116421
-0.659771
-0.504247
0.501733
-0.207546
-0.61525
-0.273624
-0.205291
0.120983
-0.505499
-0.501359
0.28554
-0.142558
0.318179
-1.42798
0.245835
-0.0208442
-0.113908
-0.74625
-1.44839
-0.179727
-0.697353
0.254398
-0.218625
-0.358695
-0.0183839
0.441866
-1.03142
-0.423598
0.1276
-0.201529
-0.0439714
0.109312
-1.46929
-0.0929594
0.309794
0.738616
-0.756071
0.39468
-0.785682
-1.79784
-0.600815
0.342879
0.315874
0.585942
-0.585424
0.613421
0.0818075
-0.543608
-1.05497
-0.00556542
-0.0835143
-0.158777
0.157361
-0.780478
-0.104316
0.104463
-0.931242
-0.988295
-0.0785705
0.248713
-0.576063
-0.0404802
-0.6588
-0.542252
0.00929155
0.430251
-0.136674
0.0745712
-0.297885
0.399325
-2.49831
-0.0340145
-1.03311
0.238763
-0.150175
0.126003
0.658213
0.0749747
0.422832
0.414845
0.463172
-0.0294271
0.0862456
-0.253236
-0.505952
0.176709
-0.503291
0.156389
0.290924
0.0575282
0.418739
0.549045
-0.439348
0.198031
-0.5494
0.446854
-0.636941
-0.66884
-0.772639
0.700414
-0.180607
-1.14014
-0.211528
0.181015
-0.0999472
-0.978825
0.227606
0.191257
0.151673
0.0529286
-0.0190707
0.161811
0.157016
-0.640014
0.00909542
-0.110232
-1.37595
-0.157899
-0.505526
-0.441444
0.209036
0.124017
0.305877
-0.721873
0.122083
-0.600539
0.564592
-0.489153
-0.239631
-1.42183
-1.14704
-0.709525
0.553477
-1.22569
-0.953765
-0.0302686
0.484184
0.337779
-1.35311
0.197949
0.197808
-0.290521
-0.433657
-0.336714
0.14549
0.137544
-0.235707
0.196384
0.652348
0.366487
0.400559
-0.0839655
-0.106103
-0.636253
-0.112236
0.255143
-0.757201
-0.62629
0.38915
-0.448065
-0.400457
-1.98075
-0.313569
-0.0809768
-0.742692
0.367523
-0.341855
0.0626129
0.300418
0.599949
0.0569045
-0.456731
0.534766
0.534073
0.137404
0.211909
-0.0502219
-1.27545
0.366408
-0.139553
0.515214
-1.92298
0.550892
0.551849
-1.62645
0.0961236
-0.832595
-1.13596
0.0156325
0.154193
0.168747
0.501027
-0.777534
-0.723755
-0.994744
-0.808275
0.309812
-0.194772
-0.580528
-0.160241
-0.148252
-0.523417
-0.280661
0.110985
-0.235998
0.526007
-1.38287
-0.203725
-0.247485
-0.19304
-1.12554
-0.182147
0.725128
-2.02333
0.113368
-0.400174
-0.939536
0.265559
-1.46527
-0.122097
-0.0788678
-0.711259
-0.269879
-1.21279
0.137871
-0.186867
-0.256402
0.0654097
0.342489
0.0726809
-0.91637
0.250166
-0.321654
-0.221975
-0.910622
-0.209743
-0.524415
-0.562568
0.0556876
-0.449052
-0.326966
-0.9199
0.0685672
0.220765
0.315074
-0.845524
0.636483
0.240198
-0.168571
0.256217
0.0269731
-1.37816
-0.624478
-0.838757
-0.117241
-0.318571
0.185063
-0.261437
0.294849
-0.00596062
-1.7252
-1.15837
0.18181
0.519566
0.156086
-0.168549
-0.555166
0.233974
0.300114
0.0310306
-0.430032
-1.90554
-0.190391
-1.38215
0.395721
-0.30401
0.234966
-0.166008
0.144515
-0.391784
0.597404
-0.619906
0.682532
-0.64628
-0.410013
0.174453
-0.701963
0.138429
-1.02853
-0.254154
-0.671012
0.403338
-0.123593
-1.35256
-1.13229
-0.609255
0.197106
-0.838736
-0.287719
0.0801697
0.473562
0.463475
0.0460734
0.37857
-0.169805
0.68651
0.0166369
-0.816127
-0.94306
-0.970563
0.229953
-1.77236
-0.226833
0.236512
-0.370761
0.385472
-0.559388
0.274319
0.117332
0.490941
0.462771
0.635101
0.0733079
0.098295
-1.33358
-1.38835
-0.317038
0.732879
-0.0433739
-0.0135261
0.677878
-0.181518
-0.274329
0.261647
-1.03605
-0.200922
0.057613
-0.0794059
0.249199
0.0893961
0.168153
-0.312823
-0.327548
0.0937839
0.119216
0.223132
-0.282569
-0.0974498
-0.627983
-0.912177
-1.12577
-0.0144615
0.219494
-1.49311
0.174047
0.12478
0.303371
-0.0109847
0.281579
0.556545
-0.318349
0.0741437
-1.05679
-1.65326
-0.302574
0.340522
-0.431942
-1.42343
0.295723
0.296028
-0.458828
0.511533
-0.605482
0.507667
-0.863238
-0.454072
0.00103161
-0.05593
-0.113078
0.170191
-0.404039
0.306602
-1.10408
0.170616
0.227477
-1.32008
0.325589
0.166112
-0.562076
-0.518487
0.750221
-0.790223
-0.0744508
-0.193588
0.513244
-1.00706
-0.0674093
0.424103
0.235379
-0.575562
0.189874
-0.368175
0.279113
-0.0963703
0.590204
-0.907127
-0.151904
-0.493791
-0.570007
-0.296539
-0.699103
-0.285778
-0.00264775
0.318299
0.339384
-0.222079
0.32537
0.0707913
-0.448225
0.146051
0.184122
-0.242541
-0.37188
0
0
0
0
0
0
0
0
0
0
0
0
0
0
0
0
0
0
0
0
0
0
0
0
0
0
0
0
0
0
0
0
0
0
0
0
0
0
0
0
0
0
0
0
0
0
0
0
0
0
0
0
0
0
0
0
0
0
0
0
0
0
0
0
0
0
0
0
0
0
0
0
0
0
0
0
0
0
0
0
0
0
0
0
0
0
0
0
0
0
0
0
0
0
0
0
0
0
0
0
0
0
0
0
0
0
0
0
0
0
0
0
0
0
0
0
0
0
0
0
0
0
0
0
0
0
0
0
0
0
0
0
0
0
0
0
0
0
0
0
0
0
0
0
0
0
0
0
0
0
0
0
0
0
0
0
0
0
0
0
0
0
0
0
0
0
0
0
0
0
0
0
0
0
0
0
0
0
0
0
0
0
0
0
0
0
0
0
0
0
0
0
0
0
0
0
0
0
0
0
0
0
0
0
0
0
0
0
0
0
0
0
0
0
0
0
0
0
0
0
0
0
0
0
0
0
0
0
0
0
0
0
0
0
0
0
0
0
0
0
0
0
0
0
0
0
0
0
0
0
0
0
0
0
0
0
0
0
0
0
0
0
0
0
0
0
0
0
0
0
0
0
0
0
0
0
0
0
0
0
0
0
0
0
0
0
0
0
0
0
0
0
0
0
0
0
0
0
0
0
0
0
0
0
0
0
0
0
0
0
0
0
0
0
0
0
0
0
0
0
0
0
0
0
0
0
0
0
0
0
0
0
0
0
0
0
0
0
0
0
0
0
0
0
0
0
0
0
0
0
0
0
0
0
0
0
0
0
0
0
0
0
0
0
0
0
0
0
0
0
0
0
0
0
0
0
0
0
0
0
0
0
0
0
0
0
0
0
0
0
0
0
0
0
0
0
0
0
0
0
0
0
0
0
0
0
0
0
0
0
0
0
0
0
0
0
0
0
0
0
0
0
0
0
0
0
0
0
0
0
0
0
0
0
0
0
0
0
0
0
0
0
0
0
0
0
0
0
0
0
0
0
0
0
0
0
0
0
0
0
0
0
0
0
0
0
0
0
0
0
0
0
0
0
0
0
0
0
0
0
0
0
0
0
0
0
0
0
0
0
0
0
0
0
0
0
0
0
0
0
0
0
0
0
0
0
0
0
0
0
0
0
0
0
0
0
0
0
0
0
0
0
0
0
0
0
0
0
0
0
0
0
0
0
0
0
0
0
0
0
0
0
0
0
0
0
0
0
0
0
0
0
0
0
0
0
0
0
0
0
0
0
0
0
0
0
0
0
0
0
0
0
0
0
0
0
0
0
0
0
0
0
0
0
0
0
0
0
0
0
0
0
0
0
0
0
0
0
0
0
0
0
0
0
0
0
0
0
0
0
0
0
0
0
0
0
0
0
0
0
0
0
0
0
0
0
0
0
0
0
0
0
0
0
0
0
0
0
0
0
0
0
0
0
0
0
0
0
0
0
0
0
0
0
0
0
0
0
0
0
0
0
0
0
0
0
0
0
0
0
0
0
0
0
0
0
0
0
0
0
0
0
0
0
0
0
0
0
0
0
0
0
0
0
0
0
0
0
0
0
0
0
0
0
0
0
0
0
0
0
0
0
0
0
0
0
0
0
0
0
0
0
0
0
0
0
0
0
0
0
0
0
0
0
0
0
0
0
0
0
0
0
0
0
0
0
0
0
0
0
0
0
0
0
0
0
0
0
0
0
0
0
0
0
0
0
0
0
0
0
0
0
0
0
0
0
0
0
0
0
0
0
0
0
0
0
0
0
0
0
0
0
0
0
0
0
0
0
0
0
0
0
0
0
0
0
0
0
0
0
0
0
0
0
0
0
0
0
0
0
0
0
0
0
0
0
0
0
0
0
0
0
0
0
0
0
0
0
0
0
0
0
0
0
0
0
0
0
0
0
0
0
0
0
0
0
0
0
0
0
0
0
0
0
0
0
0
0
0
0
0
0
0
0
0
0
0
0
0
0
0
0
0
0
0
0
0
0
0
0
0
0
0
0
0
0
0
0
0
0
0
0
0
0
0
0
0
0
0
0
0
0
0
0
0
0
0
0
0
0
0
0
0
0
0
0
0
0
0
0
0
0
0
0
0
0
0
0
0
0
0
0
0
0
0
0
0
0
0
0
0
0
0
0
0
0
0
0
0
0
0
0
0
0
0
0
0
0
0
0
0
0
0
0
0
0
0
0
0
0
0
0
0
0
0
0
0
0
0
0
0
0
0
0
0
0
0
0
0
0
0
0
0
0
0
0
0
0
0
0
0
0
0
0
0
0
0
0
0
0
0
0
0
0
0
0
0
0
0
0
0
0
0
0
0
0
0
0
0
0
0
0
0
0
0
0
0
0
0
0
0
0
0
0
0
0
0
0
0
0
0
0
0
0
0
0
0
0
0
0
0
0
0
0
0
0
0
0
0
0
0
0
0
0
0
0
0
0
0
0
0
0
0
0
0
0
0
0
0
0
0
0
0
0
0
0
0
0
0
0
0
0
0
0
0
0
0
0
0
0
0
0
0
0
0
0
0
0
0
0
0
0
0
0
0
0
0
0
0
0
0
0
0
0
0
0
0
0
0
0
0
0
0
0
0
0
0
0
0
0
0
0
0
0
0
0
0
0
0
0
0
0
0
0
0
0
0
0
0
0
0
0
0
0
0
0
0
0
0
0
0
0
0
0
0
0
0
0
0
0
0
0
0
0
0
0
0
0
0
0
0
0
0
0
0
0
0
0
0
0
0
0
0
0
0
0
0
0
0
0
0
0
0
0
0
0
0
0
0
0
0
0
0
0
0
0
0
0
0
0
0
0
0
0
0
0
0
0
0
0
0
0
0
0
0
0
0
0
0
0
0
0
0
0
0
0
0
0
0
0
0
0
0
0
0
0
0
0
0
0
0
0
0
0
0
0
0
0
0
0
0
0
0
0
0
0
0
0
0
0
0
0
0
0
0
0
0
0
0
0
0
0
0
0
0
0
0
0
0
0
0
0
0
0
0
0
0
0
0
0
0
0
0
0
0
0
0
0
0
0
0
0
0
0
0
0
0
0
0
0
0
0
0
0
0
0
0
0
0
0
0
0
0
0
0
0
0
0
0
0
0
0
0
0
0
0
0
0
0
0
0
0
0
0
0
0
0
0
0
0
0
0
0
0
0
0
0
0
0
0
0
0
0
0
0
0
0
0
0
0
0
0
0
0
0
0
0
0
0
0
0
0
0
0
0
0
0
0
0
0
0
0
0
0
0
0
0
0
0
0
0
0
0
0
0
0
0
0
0
0
0
0
0
0
0
0
0
0
0
0
0
0
0
0
0
0
0
0
0
0
0
0
0
0
0
0
0
0
0
0
0
0
0
0
0
0
0
0
0
0
0
0
0
0
0
0
0
0
0
0
0
0
0
0
0
0
0
0
0
0
0
0
0
0
0
0
0
0
0
0
0
0
0
0
0
0
0
0
0
0
0
0
0
0
0
0
0
0
0
0
0
0
0
0
0
0
0
0
0
0
0
0
0
0
0
0
0
0
0
0
0
0
0
0
0
0
0
0
0
0
0
0
0
0
0
0
0
0
0
0
0
0
0
0
0
0
0
0
0
0
0
0
0
0
0
0
0
0
0
0
0
0
0
0
0
0
0
0
0
0
0
0
0
0
0
0
0
0
0
0
0
0
0
0
0
0
0
0
0
0
0
0
0
0
0
0
0
0
0
0
0
0
0
0
0
0
0
0
0
0
0
0
0
0
0
0
0
0
0
0
0
0
0
0
0
0
0
0
0
0
0
0
0
0
0
0
0
0
0
0
0
0
0
0
0
0
0
0
0
0
0
0
0
0
0
0
0
0
0
0
0
0
0
0
0
0
0
0
0
0
0
0
0
0
0
0
0
0
0
0
0
0
0
0
0
0
0
0
0
0
0
0
0
0
0
0
0
0
0
0
0
0
0
0
0
0
0
0
0
0
0
0
0
0
0
0
0
0
0
0
0
0
0
0
0
0
0
0
0
0
0
0
0
0
0
0
0
0
0
0
0
0
0
0
0
0
0
0
0
0
0
0
0
0
0
0
0
0
0
0
0
0
0
0
0
0
0
0
0
0
0
0
0
0
0
0
0
0
0
0
0
0
0
0
0
0
0
0
0
0
0
0
0
0
0
0
0
0
0
0
0
0
0
0
0
0
0
0
0
0
0
0
0
0
0
0
0
0
0
0
0
0
0
0
0
0
0
0
0
0
0
0
0
0
0
0
0
0
0
0
0
0
0
0
0
0
0
0
0
0
0
0
0
0
0
0
0
0
0
0
0
0
0
0
0
0
0
0
0
0
0
0
0
0
0
0
0
0
0
0
0
0
0
0
0
0
0
0
0
0
0
0
0
0
0
0
0
0
0
0
0
0
0
0
0
0
0
0
0
0
0
0
0
0
0
0
0
0
0
0
0
0
0
0
0
0
0
0
0
0
0
0
0
0
0
0
0
0
0
0
0
0
0
0
0
0
0
0
0
0
