0
0
0
0
0
0
0
0
0
0
0
0
0
0
0
0
0
0
0
0
0
0
0
0
0
0
0
0
0
0
0
0
0
0
0
0
0
0
0
0
0
0
0
0
0
0
0
0
0
0
0
0
0
0
0
0
0
0
0
0
0
0
0
0
0
0
0
0
0
0
0
0
0
0
0
0
0
0
0
0
0
0
0
0
0
0
0
0
0
0
0
0
0
0
0
0
0
0
0
0
0
0
0
0
0
0
0
0
0
0
0
0
0
0
0
0
0
0
0
0
0
0
0
0
0
0
0
0
0
0
0
0
0
0
0
0
0
0
0
0
0
0
0
0
0
0
0
0
0
0
0
0
0
0
0
0
0
0
0
0
0
0
0
0
0
0
0
0
0
0
0
0
0
0
0
0
0
0
0
0
0
0
0
0
0
0
0
0
0
0
0
0
0
0
0
0
0
0
0
0
0
0
0
0
0
0
0
0
0
0
0
0
0
0
0
0
0
0
0
0
0
0
0
0
0
0
0
0
0
0
0
0
0
0
0
0
0
0
0
0
0
0
0
0
0
0
0
0
0
0
0
0
0
0
0
0
0
0
0
0
0
0
0
0
0
0
0
0
0
0
0
0
0
0
0
0
0
0
0
0
0
0
0
0
0
0
0
0
0
0
0
0
0
0
0
0
0
0
0
0
0
0
0
0
0
0
0
0
0
0
0
0
0
0
0
0
0
0
0
0
0
0
0
0
0
0
0
0
0
0
0
0
0
0
0
0
0
0
0
0
0
0
0
0
0
0
0
0
0
0
0
0
0
0
0
0
0
0
0
0
0
0
0
0
0
0
0
0
0
0
0
0
0
0
0
0
0
0
0
0
0
0
0
0
0
0
0
0
0
0
0
0
0
0
0
0
0
0
0
0
0
0
0
0
0
0
0
0
0
0
0
0
0
0
0
0
0
0
0
0
0
0
0
0
0
0
0
0
0
0
0
0
0
0
0
0
0
0
0
0
0
0
0
0
0
0
0
0
0
0
0
0
0
0
0
0
0
0
0
0
0
0
0
0
0
0
0
0
0
0
0
0
0
0
0
0
0
0
0
0
0
0
0
0
0
0
0
0
0
0
0
0
0
0
0
0
0
0
0
0
0
0
0
0
0
0
0
0
0
0
0
0
0
0
0
0
0
0
0
0
0
0
0
0
0
0
0
0
0
0
0
0
0
0
0
0
0
0
0
0
0
0
0
0
0
0
0
0
0
0
0
0
0
0
0
0
0
0
0
0
0
0
0
0
0
0
0
0
0
0
0
0
0
0
0
0
0
0
0
0
0
0
0
0
0
0
0
0
0
0
0
0
0
0
0
0
0
0
0
0
0
0
0
0
0
0
0
0
0
0
0
0
0
0
0
0
0
0
0
0
0
0
0
0
0
0
0
0
0
0
0
0
0
0
0
0
0
0
0
0
0
0
0
0
0
0
0
0
0
0
0
0
0
0
0
0
0
0
0
0
0
0
0
0
0
0
0
0
0
0
0
0
0
0
0
0
0
0
0
0
0
0
0
0
0
0
0
0
0
0
0
0
0
0
0
0
0
0
0
0
0
0
0
0
0
0
0
0
0
0
0
0
0
0
0
0
0
0
0
0
0
0
0
0
0
0
0
0
0
0
0
0
0
0
0
0
0
0
0
0
0
0
0
0
0
0
0
0
0
0
0
0
0
0
0
0
0
0
0
0
0
0
0
0
0
0
0
0
0
0
0
0
0
0
0
0
0
0
0
0
0
0
0
0
0
0
0
0
0
0
0
0
0
0
0
0
0
0
0
0
0
0
0
0
0
0
0
0
0
0
0
0
0
0
0
0
0
0
0
0
0
0
0
0
0
0
0
0
0
0
0
0
0
0
0
0
0
0
0
0
0
0
0
0
0
0
0
0
0
0
0
0
0
0
0
0
0
0
0
0
0
0
0
0
0
0
0
0
0
0
0
0
0
0
0
0
0
0
0
0
0
0
0
0
0
0
0
0
0
0
0
0
0
0
0
0
0
0
0
0
0
0
0
0
0
0
0
0
0
0
0
0
0
0
0
0
0
0
0
0
0
0
0
0
0
0
0
0
0
0
0
0
0
0
0
0
0
0
0
0
0
0
0
0
0
0
0
0
0
0
0
0
0
0
0
0
0
0
0
0
0
0
0
0
0
0
0
0
0
0
0
0
0
0
0
0
0
0
0
0
0
0
0
0
0
0
0
0
0
0
0
0
0
0
0
0
0
0
0
0
0
0
0
0
0
0
0
0
0
0
0
0
0
0
0
0
0
0
0
0
0
0
0
0
0
0
0
0
0
0
0
0
0
0
0
0
0
0
0
0
0
0
0
0
0
0
0
0
0
0
0
0
0
0
0
0
0
0
0
0
0
0
0
0
0
0
0
0
0
0
0
0
0
0
0
0
0
0
0
0
0
0
0
0
0
0
0
0
0
0
0
0
0
0
0
0
0
0
0
0
0
0
0
0
0
0
0
0
0
0
0
0
0
0
0
0
0
0
0
0
0
0
0
0
0
0
0
0
0
0
0
0
0
0
0
0
0
0
0
0
0
0
0
0
0
0
0
0
0
0
0
0
0
0
0
0
0
0
0
0
0
0
0
0
0
0
0
0
0
0
0
0
0
0
0
0
0
0
0
0
0
0
0
0
0
0
0
0
0
0
0
0
0
0
0
0
0
0
0
0
0
0
0
0
0
0
0
0
0
0
0
0
0
0
0
0
0
0
0
0
0
0
0
0
0
0
0
0
0
0
0
0
0
0
0
0
0
0
0
0
0
0
0
0
0
0
0
0
0
0
0
0
0
0
0
0
0
0
0
0
0
0
0
0
0
0
0
0
0
0
0
0
0
0
0
0
0
0
0
0
0
0
0
0
0
0
0
0
0
0
0
0
0
0
0
0
0
0
0
0
0
0
0
0
0
0
0
0
0
0
0
0
0
0
0
0
0
0
0
0
0
0
0
0
0
0
0
0
0
0
0
0
0
0
0
0
0
0
0
0
0
0
0
0
0
0
0
0
0
0
0
0
0
0
0
0
0
0
0
0
0
0
0
0
0
0
0
0
0
0
0
0
0
0
0
0
0
0
0
0
0
0
0
0
0
0
0
0
0
0
0
0
0
0
0
0
0
0
0
0
0
0
0
0
0
0
0
0
0
0
0
0
0
0
0
0
0
0
0
0
0
0
0
0
0
0
0
0
0
0
0
0
0
0
0
0
0
0
0
0
0
0
0
0
0
0
0
0
0
0
0
0
0
0
0
0
0
0
0
0
0
0
0
0
0
0
0
0
0
0
0
0
0
0
0
0
0
0
0
0
0
0
0
0
0
0
0
0
0
0
0
0
0
0
0
0
0
0
0
0
0
0
0
0
0
0
0
0
0
0
0
0
0
0
0
0
0
0
0
0
0
0
0
0
0
0
0
0
0
0
0
0
0
0
0
0
0
0
0
0
0
0
0
0
0
0
0
0
0
0
0
0
0
0
0
0
0
0
0
0
0
0
0
0
0
0
0
0
0
0
0
0
0
0
0
0
0
0
0
0
0
0
0
0
0
0
0
0
0
0
0
0
0
0
0
0
0
0
0
0
0
0
0
0
0
0
0
0
0
0
0
0
0
0
0
0
0
0
0
0
0
0
0
0
0
0
0
0
0
0
0
0
0
0
0
0
0
0
0
0
0
0
0
0
0
0
0
0
0
0
0
0
0
0
0
0
0
0
0
0
0
0
0
0
0
0
0
0
0
0
0
0
0
0
0
0
0
0
0
0
0
0
0
0
0
0
0
0
0
0
0
0
0
0
0
0
0
0
0
0
0
0
0
0
0
0
0
0
0
0
0
0
0
0
0
0
0
0
0
0
0
0
0
0
0
0
0
0
0
0
0
0
0
0
0
0
0
0
0
0
0
0
0
0
0
0
0
0
0
0
0
0
0
0
0
0
0
0
0
0
0
0
0
0
0
0
0
0
0
0
0
0
0
0
0
0
0
0
0
0
0
0
0
0
0
0
0
0
0
0
0
0
0
0
0
0
0
0
0
0
0
0
0
0
0
0
0
0
0
0
0
0
0
0
0
0
0
0
0
0
0
0
0
0
0
0
0
0
0
0
0
0
0
0
0
0
0
0
0
0
0
0
0
0
0
0
0
0
0
0
0
0
0
0
0
0
0
0
0
0
0
0
0
0
0
0
0
0
0
0
0
0
0
0
0
0
0
0
0
0
0
0
0
0
0
0
0
0
0
0
0
0
0
0
0
0
0
0
0
0
0
0
0
0
0
0
0
0
0
0
0
0
0
0
0
0
0
0
0
0
0
0
0
0
0
0
0
0
0
0
0
0
0
0
0
0
0
0
0
0
0
0
0
0
0
0
0
0
0
0
0
0
0
0
0
0
0
0
0
0
0
0
0
0
0
0
0
0
0
0
0
0
0
0
0
0
0
0
0
0
0
0
0
0
0
0
0
0
0
0
0
0
0
0
0
0
0
0
0
0
0.48267
-1.2739
-0.00666979
0.476891
-0.72801
0.262078
-0.888532
-1.51455
-0.142373
0.269879
-1.08601
-1.01164
-0.0633092
0.218385
-0.0672288
-0.560826
-0.770215
-0.26037
0.000730273
-1.86824
-0.672576
-0.536291
-1.61572
-1.26776
-0.671781
0.413885
0.17271
0.362786
-1.20828
0.26893
-1.33526
-0.978952
-0.159741
0.237372
-0.346883
-1.18524
-0.389495
-0.570901
0.0603897
0.560083
-0.157734
0.139086
-0.184651
-0.262204
0.119797
-0.121902
0.124517
0.244166
-0.36703
0.306572
-0.600502
-0.76101
-1.20545
0.266888
-0.884331
0.445852
0.237117
0.154979
-0.524042
-0.546937
-0.179564
-0.249515
0.113785
-0.617997
0.0444612
-0.379514
0.621394
-0.778557
0.0789296
-0.505117
-0.414593
0.102349
-1.03041
0.347912
-0.193582
0.215549
0.0424455
-1.56404
-0.155027
-0.304403
-1.00382
-0.0669679
-0.24857
0.393229
-0.181045
-1.7216
-0.382672
-0.415902
-1.77353
-1.7189
0.377538
-0.372965
-1.14596
-0.71371
0.0494826
0.153452
-1.36951
-1.5393
-0.995542
-0.249266
-1.36872
-0.840965
-0.464259
0.087606
0.279013
-0.724484
0.220592
0.328598
0.585361
0.45744
-0.403139
0.430431
-1.22704
0.0300771
0.344142
0.362854
-0.363129
-0.0191439
-0.446474
-0.327578
-0.402412
0.636995
-0.665602
0.164586
0.612271
-0.910936
-0.0622454
-1.46937
-0.901396
0.117462
0.356162
0.283911
0.259393
0.376999
-1.82474
-0.301792
-1.88518
-0.717244
0.0660147
0.578408
-0.19467
0.475144
-0.805062
0.206827
-1.17504
0.278608
-1.00298
0.489918
0.142557
0.209397
-1.38784
0.629362
0.155626
-0.153098
-1.06879
-0.524793
-1.52512
-1.24099
-1.07314
-1.72451
-0.471293
0.138533
-0.138736
-0.0997144
-0.572972
-1.17061
-1.09747
0.100199
-0.89532
-0.0870627
-0.175694
-0.418066
-0.627651
-0.763309
-2.01357
0.380826
-0.0954628
0.0362129
-0.696561
0.105009
-0.0138334
-1.16019
0.00695977
-0.137422
-0.288677
-1.80481
0.11401
-1.45382
0.442488
0.445172
-0.286201
-0.176902
-0.42829
-1.06345
0.0340782
-1.4489
0.13426
-0.48506
-0.190962
-0.305883
-1.05158
-1.15202
-2.79867
-0.960867
0.02048
0.0591304
0.527275
-0.210585
-1.9363
0.339358
0.825934
-1.43694
-0.222912
-0.177584
0.639477
-2.0486
-0.214006
0.4494
-0.871072
0.297992
-1.6402
-0.720618
-0.297346
0.176292
0.808526
-0.365253
-0.764807
0.607222
-0.350146
-0.719587
-0.363112
-1.18705
-0.44332
-0.0791061
0.405195
0.111217
-0.300132
-0.742981
-0.41791
-1.11948
-0.839035
-0.562227
0.64008
0.10837
0.0846025
-0.71982
-0.987065
0.0820044
0.239101
-0.00787795
-0.00827854
-0.804184
0.0490404
-1.36178
0.0575984
-0.0457521
0.254709
-0.459596
0.395123
-1.07995
0.266923
-1.56057
-1.54939
-0.682302
0.234547
0.532564
-0.224561
-1.81776
0.376478
0.646963
0.380792
0.0459533
0.649166
0.336425
-0.525371
0.379444
-1.69657
-0.520082
-1.11487
-0.0628888
-0.712819
0.509748
-0.401219
-0.47625
0.0932728
0.3835
-0.927534
0.576715
-0.421127
-0.396522
0.225879
0.420242
-0.865443
0.5857
-1.0714
-0.0312307
-1.75094
0.734762
0.395042
0.752358
-1.02105
-0.601583
0.159227
-1.25151
-0.353428
-0.00346438
0.342594
-0.535856
0.599853
-1.2468
0.154669
-0.497337
-0.577259
0.0813118
-0.170473
-0.19911
-0.935363
-0.7671
-0.609137
-1.15241
0.191706
-0.13115
-0.592959
-1.08917
-0.881458
-1.14822
-0.590194
0.163915
0.326734
-0.718912
0.067487
0.223474
0.339691
-0.65155
0.0109562
-0.309098
-0.058545
-0.249532
-1.73334
-1.53535
0.163879
0.00565837
-0.687329
0.455474
0.62644
-1.56728
0.280591
-0.268987
-0.494383
0.812001
0.103358
-0.991181
0.375562
0.209882
0.106711
0.582982
-1.31048
0.19488
0.342722
0.0261337
-1.43787
0.363503
0.692843
-2.45076
-0.959235
0.300137
0.397512
0.323791
0.541881
0.199724
-1.44567
-0.928764
0.264236
0.167315
0.0564118
0.227312
0.612006
-1.10264
0.0876483
0.257457
0.0569445
-1.2635
-0.312947
0.588049
0.195934
-0.679637
0.00850947
-0.741307
0.2279
0.153339
0.0149648
-0.586583
-0.0181387
0.733737
0.0412268
-1.09377
0.407025
0.725278
-1.05075
0.74047
-0.187809
0.271321
-0.233252
-1.92162
-0.471227
-2.11903
0.191153
-0.105964
-1.49074
0.123922
0.0188831
-1.71559
-0.325477
-0.877433
-0.17984
0.0152567
-0.467582
-0.0100092
0.453945
0.285552
-1.25982
0.576697
0.737111
0.716763
-0.850315
0.694669
-0.0843105
-0.791674
0.593605
-1.21845
-1.23608
-0.471389
-0.400954
-1.1524
-1.9071
0.319258
-0.74397
0.400535
-0.911317
-0.0929569
-0.510806
0.194275
-0.570058
-0.683633
-1.05818
-0.729309
-0.916898
0.348512
0.442352
-1.10936
-1.62755
-0.198796
-0.181229
0.0411192
-0.770823
0.0480737
-0.776716
0.0442743
-0.455411
-0.942901
-0.138627
-0.508794
-0.19283
-1.60984
-0.304018
-0.679666
-0.339345
-1.52398
-0.72296
-0.440413
-0.718188
0.825326
-0.121974
-0.924487
-0.0443674
-0.445965
-0.387893
-0.310342
0.255432
0.26857
0.0219901
0.569154
0.488202
-0.388894
-0.76174
-0.269795
0.895886
-1.58819
-0.199483
-1.10847
-0.0268749
-0.476541
-0.431643
-0.491796
-0.391376
0.240081
-0.45314
-0.413973
-1.27516
0.573394
-1.46079
-0.811418
-0.135456
-0.459131
0.576347
-0.306295
0.181539
0.0663587
0.304004
-0.168871
-0.798537
-1.36786
-1.12455
-0.0360878
-0.594383
-0.0419901
-1.29578
-0.272029
-0.476078
0.0792514
-0.786506
-1.027
0.159904
-0.235041
-0.561109
-0.0499939
-1.08628
0.266947
-0.694725
-0.284567
-0.344113
0.35519
-0.939209
-0.557143
0.151161
-0.514808
-2.06061
0.0129807
0.152483
-0.144676
-0.323592
-1.81921
0.514112
-0.786144
-0.0046132
0.308324
0.0355282
0.458854
0.362493
-0.500985
0.379991
-1.15291
-1.2458
0.561955
-1.61664
0.196703
-1.05987
-0.741279
-0.431437
-0.828344
-0.444838
0.233329
0.362527
0.323524
-1.24597
0.247536
-1.10127
-1.18379
0.210108
0.121168
-0.78611
-0.489186
-0.761909
-0.38775
0.176785
0.191755
-0.218287
0.3193
0.036124
-0.868412
-1.04746
0.217191
0.546868
-0.64655
-0.914731
0.248117
0.305113
-0.797973
-0.322621
0.175681
0.0702025
-1.22205
-1.04668
-0.346084
0.164989
-0.200348
0.626997
-0.751081
-0.992661
-1.04922
-0.613579
-0.624973
-0.973818
0.603059
-1.34975
-1.15618
0.659763
-1.12089
-0.251464
0.441858
0.0951503
0.233143
-0.227248
-0.519141
0.149794
-0.288999
-1.21906
-0.205228
-0.256481
0.0207254
0.553313
-0.891689
-1.24933
0.40537
-0.306174
-0.867445
-1.38177
-0.987807
0.303863
0.488064
-0.829402
0.732503
0.305566
0.236282
-0.0725047
-1.05535
-0.111228
-0.901931
-1.78897
-0.158417
-0.10266
0.362129
-0.948261
-1.14988
-1.53581
-0.385561
-0.157781
0.111245
-2.33116
-1.54697
-0.695742
-0.226846
-1.1448
0.156197
-0.460703
0.167565
0.372537
-1.20239
-0.575885
0.601134
-0.35188
-0.180324
-2.12631
-0.491193
0.0836248
0.0406294
-1.22398
0.0669493
-0.550357
0.789488
0.174894
0.0724905
-0.909653
-0.224983
-1.64056
-0.129835
-1.55127
-1.5399
0.355217
-0.342491
-0.494705
0.311505
-0.21226
-1.00734
-1.03485
-1.43309
0.169263
-1.14918
-0.881406
-0.31349
0.294619
-1.2707
-0.0893581
0.464918
-0.360124
0.397187
-0.685802
-1.09893
0.179868
-0.00749294
-0.887282
0.0152763
-1.1131
0.1821
-0.746342
-0.925503
-0.599898
-0.501698
0.229626
-0.320063
-1.39087
0.546314
0.0548235
-0.113455
0.194055
-0.588829
0.356906
0.0211407
0.249342
-1.04419
0.235783
-1.0075
-0.247214
-0.278259
-0.551293
-0.305811
0.542069
-1.34333
0.541296
-0.212519
-0.725756
-0.959598
-0.557025
0.231568
0.42283
0.0170401
-0.188613
0.473094
-1.10675
0.0500154
-1.20067
0.171161
-0.549063
-0.122888
0.109812
-1.06287
0.349266
-0.122338
-0.279125
-1.13872
-0.77711
-0.876107
0.656295
0.0868248
0.164693
0.504617
0.137149
-1.25752
-0.353186
-0.0580119
-1.01718
-0.102204
0.208852
0.242227
-0.193443
-2.61091
0.231152
-0.352523
-0.772655
0.327552
-0.208824
0.263549
0.768476
-0.333783
-1.1626
-1.48502
0.449832
0.295273
0.0410566
0.538173
-0.363835
-0.953963
-0.321589
-1.10667
0.128761
-1.02915
0.539381
-0.190055
-0.76025
-1.75895
-0.202334
0.331659
0.100932
-0.485229
0.509218
0.718874
0.377719
-0.283585
-0.218774
-1.04675
-1.13375
-0.935677
-0.288452
0.249191
-0.720779
-1.75502
0.0463327
-1.16832
-0.298033
0.29265
-1.63688
0.343048
-1.49493
-1.78837
-1.16258
-1.06265
-1.20992
0.568711
-1.40158
-0.947677
-0.60049
0.710254
-0.0364035
-0.820362
-1.22327
-1.25161
-0.0958021
-0.443722
0.0305278
-0.550449
-0.0943269
-1.04154
0.286318
-1.12641
-0.0513617
-0.259701
-2.22069
-0.93191
-0.788033
-0.237261
-1.16277
0.233706
-0.719654
-0.747156
0.105725
0.61141
0.257605
-0.220349
0.133826
-0.629867
0.411337
-0.0382087
0.107794
-0.601697
0.0514696
0.675809
-0.350073
0.15114
-1.18576
-1.43863
-0.330715
0.203504
-1.65621
0.587391
0.554915
-1.44457
0.103932
-0.410377
0.492799
-0.12364
-1.53685
-1.62815
0.0300842
-0.656228
-1.31898
-0.307976
-0.163965
-0.58292
0.0673616
-0.419598
-0.70368
0.0404729
-0.170948
0.399378
-0.00342934
-0.0826882
-1.07351
-0.0423132
-0.211049
-0.484704
-0.0843869
-0.50445
-0.63366
-0.569469
-2.07478
-1.10507
-1.1391
-0.760506
-1.06073
0.165217
0.393087
0.0453745
-0.849431
-0.573563
-0.212224
-1.28497
-0.857621
-1.05681
-0.473914
-0.160174
0.252979
-1.45951
-0.919466
0.360616
0.288773
-1.78677
-0.861854
-0.0267046
-1.42089
-0.986399
-1.30698
-0.276167
0.24425
-0.78047
-0.489455
-0.581647
-0.40696
-0.338704
-0.816018
-0.946245
0.347816
0.411119
-0.916257
0.278396
-0.0911253
-0.548163
0.711309
-0.531801
0.0925836
0.0567285
-0.29124
-0.675774
0.44109
0.340444
-0.596116
-0.404897
-1.13979
-1.61468
-0.119443
0.53229
0.194533
-1.2714
-0.68687
0.225313
-1.75909
0.44591
-0.203702
-0.539861
0.482963
0.234486
-0.956258
-0.432223
0.358326
-0.0472997
0.137442
-0.546362
0.114025
0.479541
-1.4524
-1.24391
-0.224226
-1.23217
-0.677904
-1.23137
-0.364528
-0.848453
-0.99412
-0.0433401
-0.178569
-2.05898
-1.17598
-0.820403
0.0142711
0.358182
0.536128
0.347693
0.340167
-0.120192
-0.447767
-1.40175
-0.803864
0.00646412
-0.0485661
-0.617203
-0.29595
0.063494
0.44307
-0.579537
0.121232
0.590806
-0.0888547
-1.25644
0.126455
-1.06792
-1.15162
-0.172143
0.0920781
-0.465056
0.164972
-0.219107
-1.04443
0.205236
-0.943179
-0.825455
0.0491004
0.267553
-0.52023
0.534784
0.132952
0.283711
0.0471413
-1.19332
-0.369008
-1.10069
-0.910979
-0.0398327
0.00200705
-0.820099
0.724293
-0.864179
-0.0845927
-0.916475
-0.87876
-0.167172
0.146372
-0.336404
0.259114
-0.444581
0.473887
0.32206
0.563216
-0.0982684
-0.171814
-0.0406809
0.112973
0.518525
-0.513235
0.212018
0.202821
0.0497674
0.26387
0.447785
-0.387648
0.17697
0.509995
0.327976
0.422121
-0.677305
0.224653
-0.785214
-0.430142
0.438416
-0.260554
0.155155
-1.56851
0.151341
-0.778956
-0.0400749
0.0869723
0.597582
-0.137099
0.482871
-0.483221
-1.13294
-2.31949
0.286561
0.0513931
-0.781244
0.318947
-0.452385
0.393989
0.140549
0.532486
0.404663
-0.116985
-0.0913788
-0.39935
0.512254
0.736144
0.426884
0.0581175
-0.391197
-0.0469804
-0.0293951
-0.0185596
0.654008
-1.57493
-0.161724
-0.0491447
0.264943
0.0162573
-0.0723552
-0.0099646
0.14351
0.23037
0.304785
0.220723
0.406478
0.440555
-0.0147714
-0.389085
-0.557256
0.257314
-0.34513
-0.383649
-0.77087
0.211853
0.0712227
0.224416
-0.88696
-0.162331
-0.0463172
-1.37304
-0.435551
0.0294974
-1.63403
0.121394
-1.73634
0.328585
-0.56585
0.271425
0.0336383
0.126292
-0.071418
0.252745
-0.376908
0.410397
0.243951
-0.708109
-0.313603
0.0606083
-0.111957
0.436157
-1.44866
-0.708362
-0.357736
-0.0777184
0.247726
-0.0313313
0.459077
0.00130694
-1.05182
0.214359
-0.475183
-0.475752
-1.36283
0.125428
0.0797178
-1.2891
-0.887331
0.19704
-0.372495
-0.72753
0.379423
0.236663
-0.480495
-1.35576
-0.324291
-0.178288
0.278899
0.0113421
0.125793
0.173388
-0.0177201
-0.72319
-0.118083
-0.302083
-0.71498
-1.21264
-0.788466
-0.977448
0.12133
-0.0691806
0.392161
0.137528
0.29339
0.359441
-0.381437
-1.17909
0.390045
0.0391458
-0.241744
0.209742
0.0122476
-1.33002
-0.744851
0.307151
-0.421669
-0.324402
-0.712272
-0.4524
-1.09857
-0.702804
0.424032
0.464456
-0.95357
-0.834802
0.51609
-0.207233
-1.0659
0.189634
-0.0589245
-0.473384
-0.977923
0.303784
-1.73516
-1.15386
0.00681349
-0.328513
-1.70222
-0.731222
-0.900554
-0.804405
-0.429442
-0.37034
-0.535162
-0.427169
0.126888
0.568444
-0.0352292
-0.0225841
-0.549366
0.442911
-0.0118946
0.109454
-0.206296
-0.0967489
-0.0296916
0.36018
0.15232
-0.252456
-0.532961
-0.176497
-0.777883
0.157636
-0.44988
-0.168889
-0.0404958
-0.478976
-0.114216
0.326645
-0.371543
-1.5469
-0.440146
-0.66663
0.496027
-0.175138
0.456237
0.17787
0.00648155
0.0573262
-1.75903
0.166711
0.196025
0.0341013
0.0911031
-1.40135
-1.12166
0.0389726
0.481278
-1.43305
-1.29125
-0.406834
0.0152012
-1.34341
-0.432465
0.436876
-0.511241
-0.434648
0.156039
-0.0504622
-0.395174
-0.0327003
-0.56609
0.224737
0.689535
-0.666469
-0.243988
-1.0322
-0.31564
0.0493601
-0.772441
-1.07981
-0.675473
0.437955
0.041723
-0.337773
0.242434
-1.48241
-0.544626
-0.375665
-0.0397311
0.105665
-0.801247
0.180058
-0.126421
0.314426
0.414549
-0.269863
-0.21789
0.379559
0.393537
-1.78995
0.187293
-1.53092
-0.843067
-0.750625
-0.710549
-0.201667
0.493048
-0.361779
-0.480868
-0.0723415
-0.891144
-0.784738
-1.26669
-0.203539
-0.0742688
0.247222
0.3026
-0.978811
0.0727531
-0.233385
-0.124763
0.428648
0.16726
-0.133318
0.449477
-0.253376
0.0330001
-0.593985
-0.0112527
-0.728379
-0.302625
0.100151
0.184921
-0.76253
-0.447101
-0.139344
-1.06305
0.0495353
0.467852
-0.457685
0.121084
0.393276
0.14048
0.251371
0.142259
0.131705
-0.386323
-0.432992
-0.803334
-0.320097
0.0432997
-0.633093
0.467538
0.119124
-0.107948
-0.320999
-0.681234
-0.90762
-0.138011
0.643545
-0.326691
-0.429564
-0.564475
-0.197546
-0.987536
0.113362
-1.02303
0.348272
0.108275
-1.21719
0.206124
0.328923
-1.02178
-0.315793
0.29581
-1.1013
-0.940644
-0.657402
-0.0862433
-0.0389236
-0.342091
-0.656289
-1.3269
-1.0058
-0.158013
-0.0338127
-0.539484
0.28958
0.565847
-1.26482
0.405273
0.399562
-2.10616
-0.102994
-2.17564
0.348918
0.532038
0.380501
-0.0898442
-0.608946
0.315381
-0.24445
-0.583449
-0.600977
0.664535
0.371142
0.0359265
-0.143323
-0.0388923
0.0827919
-1.55633
-0.626554
0.553036
-0.847481
-0.842781
0.286439
-1.42181
0.398267
-0.228387
-1.30569
-1.74661
-0.494259
0.350535
0.339942
0.186689
0.206742
0.244713
0.283264
0.128357
-1.47322
0.110872
-0.431025
-0.212764
0.117885
-0.481306
-0.889523
-0.168974
0.0164396
-0.792507
0.495259
-0.0262221
0.170083
-0.0247782
0.525307
-0.775015
-1.57672
-0.249052
-0.0468437
-0.902273
0.607676
-0.15702
0.420961
-0.794941
0.0642797
-0.324666
-0.435977
-0.271568
-0.788227
0.149813
-0.178177
0.114534
-0.0755551
-0.815106
-0.305449
-0.834966
0.246234
-2.94101
0.131954
-0.389194
0.0511422
0.496419
0.0998458
-0.561606
0.168433
0.239793
0.31346
0.263335
-1.36822
0.27094
-0.555915
0.304743
0.699543
-0.223061
-0.791485
-0.943744
-0.878372
-1.29312
0.214833
-1.41641
0.179457
-0.414781
-0.38954
-0.0690567
-0.548953
0.282973
0.659858
-1.74454
-0.394109
0.143644
0.235712
0.2305
0.103794
0.497784
-0.328534
0.00197375
0.485683
-0.531662
-0.730903
-0.063663
0.244961
-0.0685267
-0.285938
-0.0405507
-0.545266
-0.117661
-0.755611
-0.623706
-0.528022
-0.686373
-1.24024
0.149237
0.0206771
0.471227
-0.296042
-0.584949
-0.685639
-0.921358
0.0967317
0.55696
-0.208768
-0.756057
0.293882
-1.46049
-0.098013
-0.144687
-0.435
-1.72695
0.410503
0.516387
-1.16096
-0.58152
0.207026
-0.251655
-0.993237
-1.2425
0.0539029
0.482283
0.555224
-0.708727
0.0252967
-1.39096
0.442856
0.375478
-0.629115
-0.0434626
-0.600884
-0.419122
0.308626
0.535595
0.00584743
0.139769
0.302362
0.150034
-2.22959
-0.505742
-0.877209
0.0970887
-1.22918
-0.69573
0.337769
0.457835
-0.569355
-0.7772
0.132237
0.187622
0.334243
-0.83395
-1.00203
-1.32366
-0.665974
-0.362668
-0.15944
0.207681
0.474141
-0.344847
-0.151003
0.126103
0.754682
0.310438
-0.788199
0.162388
0.133663
0.115687
-0.427764
0.049708
0.50148
0.614799
-0.0769198
0.814347
-1.37638
0.411524
0.189874
-0.210641
0.283269
-0.349117
-0.926911
-1.21736
-0.541376
-0.65123
-0.611985
-0.111711
-0.977451
-0.436711
-0.850948
0.575166
-0.38559
-0.156392
-0.00680835
0.3502
0.0740071
-0.0490941
0.503555
0.399989
0.13532
-1.15535
-0.203028
0.0559084
-0.455282
0.539848
-0.232451
-1.00611
0.205877
0.370868
-0.515176
0.156921
-0.134648
-0.444869
-0.0651493
0.192578
-0.217202
0.314117
-0.317821
-0.209526
-0.0803271
-0.630373
-0.56318
-0.907848
-0.927017
-1.38951
-0.209672
-0.522812
0.0787759
0.52451
0.207347
0.163341
-0.345406
-1.4954
0.594963
0.339623
-1.10164
0.354828
-0.0246823
-0.693746
0.314482
0.210239
-1.04763
-0.183141
0.337821
-0.438409
0.0191734
-0.990195
0.55921
-1.8474
-0.0441658
0.252009
0.154721
0.285061
0.408102
0.00280462
0.177862
-0.17145
0.716327
0.193654
-0.765428
-0.986793
0.273733
-0.336905
-0.338677
-0.962798
0.235811
-0.26595
-0.441048
-0.443557
0.633938
0.178693
-0.719423
0.184391
-0.240531
-0.612542
0.0797239
0.398955
-0.0352565
-0.759422
-0.331882
-0.294444
0.160335
-0.0728174
0.296342
-0.652836
-0.265888
-0.923775
-0.56985
0.0708224
-0.216541
0.12729
-0.235343
-0.207328
-0.201616
-0.538134
0.746732
-0.543474
0.237581
-0.186816
-2.19621
-0.102849
-0.607343
-0.365706
-0.168471
-0.388523
-0.376083
-1.14586
0.437043
0.127373
-1.28342
-0.840342
-1.94837
0.121502
-0.148957
-0.437541
-0.328597
-0.632919
0.459433
-1.002
0.209602
0.119822
0.0471449
-0.649914
-0.488018
0.315484
-0.170734
-0.531777
0.322276
0.0230097
-0.849403
0.499974
-0.0657784
-1.78186
-0.560155
-0.161227
-0.954464
0.804138
0.111821
-0.985578
0.486244
-0.187888
0.456443
0.480371
0.563937
0.480184
0.784349
-0.410313
-0.501035
-0.185648
0.361793
0.49703
-1.11956
-0.765673
0.499275
-1.2259
0.410887
0.0143372
-0.251447
0.230631
-0.0870241
0.276854
-0.348695
-1.04571
0.249826
0.157074
-0.807598
-0.770842
0.185448
0.406319
0.011493
-0.603883
-0.217871
0.103416
-0.463362
0.402798
0.213689
-1.25647
-0.412696
-0.0403515
0.169782
0.182479
-0.791925
-0.282859
0.450167
0.50046
-0.626876
-0.55812
0.391312
-1.09141
0.0419307
0.221912
-1.58088
0.0357623
-1.12539
-0.366656
0.221295
0.242781
0.268823
0.38757
0.415769
-0.547574
0.236057
-0.355801
-0.545561
-0.0115758
0.569052
-1.16132
0.379147
-0.933892
-0.10581
0.104699
0.0620618
0.106333
-0.41711
-0.951105
0.213735
0.293133
-1.2996
-0.392847
-0.153897
-2.06025
0.404501
-0.619527
-0.412844
0.410198
-0.0234684
0.498934
-0.431126
-0.216606
-0.179046
-0.654591
0.0609611
-0.853704
0.327261
-0.466568
0.104739
0.0893789
0.224674
-1.19647
-0.213802
-0.108068
0.404652
0.00889935
-0.8191
-0.251906
-0.23693
-0.50942
0.121027
0.26111
0.34993
-0.0255141
-0.849813
0.650737
-0.686738
0.398517
-0.483363
-0.434946
-0.0267526
0.139887
0.12718
0.187447
-1.34083
0.679633
0.0628646
-0.68349
-1.50224
-0.0525631
-0.133042
-0.803414
-0.725055
0.0262489
-0.0754412
-0.326825
-0.0470484
-1.30799
0.830585
-0.438107
0.197995
0.673078
0.164136
-1.66371
-0.244015
0.534152
-0.114444
0.365273
0.00216611
0.316101
0.358768
-1.15097
-1.8926
0.586438
-0.147391
-0.9516
-0.82865
-0.847027
0.804974
-0.0185102
-1.32208
-0.309762
-0.430488
-0.304665
0.220698
0.460602
0.53478
-0.42528
0.194252
-0.653474
0.324875
-0.20632
-0.708339
0.02268
0.238015
0.474597
0.409304
-0.13971
0.575634
-0.0821744
-1.03312
-1.52804
0.426976
-0.294984
0.639628
-0.0452259
0.337946
-0.0863184
0.473385
0.17208
0.458397
-0.184082
-0.410899
0.403042
0.0190069
-0.666806
-0.139642
-0.908057
-0.295611
-0.0372461
0.400974
0.190577
0.566278
-0.689377
0.209207
0.287981
0.467225
-0.465948
-0.264277
0.192475
-0.021511
-0.281787
-1.46857
0.259401
0.194635
-0.361532
-0.469981
-0.00632166
0.261053
0.215276
0.290354
-0.163616
-0.405098
0.0496238
-1.75544
-0.854115
