0
0
0
0
0
0
0
0
0
0
0
0
0
0
0
0
0
0
0
0
0
0
0
0
0
0
0
0
0
0
0
0
0
0
0
0
0
0
0
0
0
0
0
0
0
0
0
0
0
0
0
0
0
0
0
0
0
0
0
0
0
0
0
0
0
0
0
0
0
0
0
0
0
0
0
0
0
0
0
0
0
0
0
0
0
0
0
0
0
0
0
0
0
0
0
0
0
0
0
0
0
0
0
0
0
0
0
0
0
0
0
0
0
0
0
0
0
0
0
0
0
0
0
0
0
0
0
0
0
0
0
0
0
0
0
0
0
0
0
0
0
0
0
0
0
0
0
0
0
0
0
0
0
0
0
0
0
0
0
0
0
0
0
0
0
0
0
0
0
0
0
0
0
0
0
0
0
0
0
0
0
0
0
0
0
0
0
0
0
0
0
0
0
0
0
0
0
0
0
0
0
0
0
0
0
0
0
0
0
0
0
0
0
0
0
0
0
0
0
0
0
0
0
0
0
0
0
0
0
0
0
0
0
0
0
0
0
0
0
0
0
0
0
0
0
0
0
0
0
0
0
0
0
0
0
0
0
0
0
0
0
0
0
0
0
0
0
0
0
0
0
0
0
0
0
0
0
0
0
0
0
0
0
0
0
0
0
0
0
0
0
0
0
0
0
0
0
0
0
0
0
0
0
0
0
0
0
0
0
0
0
0
0
0
0
0
0
0
0
0
0
0
0
0
0
0
0
0
0
0
0
0
0
0
0
0
0
0
0
0
0
0
0
0
0
0
0
0
0
0
0
0
0
0
0
0
0
0
0
0
0
0
0
0
0
0
0
0
0
0
0
0
0
0
0
0
0
0
0
0
0
0
0
0
0
0
0
0
0
0
0
0
0
0
0
0
0
0
0
0
0
0
0
0
0
0
0
0
0
0
0
0
0
0
0
0
0
0
0
0
0
0
0
0
0
0
0
0
0
0
0
0
0
0
0
0
0
0
0
0
0
0
0
0
0
0
0
0
0
0
0
0
0
0
0
0
0
0
0
0
0
0
0
0
0
0
0
0
0
0
0
0
0
0
0
0
0
0
0
0
0
0
0
0
0
0
0
0
0
0
0
0
0
0
0
0
0
0
0
0
0
0
0
0
0
0
0
0
0
0
0
0
0
0
0
0
0
0
0
0
0
0
0
0
0
0
0
0
0
0
0
0
0
0
0
0
0
0
0
0
0
0
0
0
0
0
0
0
0
0
0
0
0
0
0
0
0
0
0
0
0
0
0
0
0
0
0
0
0
0
0
0
0
0
0
0
0
0
0
0
0
0
0
0
0
0
0
0
0
0
0
0
0
0
0
0
0
0
0
0
0
0
0
0
0
0
0
0
0
0
0
0
0
0
0
0
0
0
0
0
0
0
0
0
0
0
0
0
0
0
0
0
0
0
0
0
0
0
0
0
0
0
0
0
0
0
0
0
0
0
0
0
0
0
0
0
0
0
0
0
0
0
0
0
0
0
0
0
0
0
0
0
0
0
0
0
0
0
0
0
0
0
0
0
0
0
0
0
0
0
0
0
0
0
0
0
0
0
0
0
0
0
0
0
0
0
0
0
0
0
0
0
0
0
0
0
0
0
0
0
0
0
0
0
0
0
0
0
0
0
0
0
0
0
0
0
0
0
0
0
0
0
0
0
0
0
0
0
0
0
0
0
0
0
0
0
0
0
0
0
0
0
0
0
0
0
0
0
0
0
0
0
0
0
0
0
0
0
0
0
0
0
0
0
0
0
0
0
0
0
0
0
0
0
0
0
0
0
0
0
0
0
0
0
0
0
0
0
0
0
0
0
0
0
0
0
0
0
0
0
0
0
0
0
0
0
0
0
0
0
0
0
0
0
0
0
0
0
0
0
0
0
0
0
0
0
0
0
0
0
0
0
0
0
0
0
0
0
0
0
0
0
0
0
0
0
0
0
0
0
0
0
0
0
0
0
0
0
0
0
0
0
0
0
0
0
0
0
0
0
0
0
0
0
0
0
0
0
0
0
0
0
0
0
0
0
0
0
0
0
0
0
0
0
0
0
0
0
0
0
0
0
0
0
0
0
0
0
0
0
0
0
0
0
0
0
0
0
0
0
0
0
0
0
0
0
0
0
0
0
0
0
0
0
0
0
0
0
0
0
0
0
0
0
0
0
0
0
0
0
0
0
0
0
0
0
0
0
0
0
0
0
0
0
0
0
0
0
0
0
0
0
0
0
0
0
0
0
0
0
0
0
0
0
0
0
0
0
0
0
0
0
0
0
0
0
0
0
0
0
0
0
0
0
0
0
0
0
0
0
0
0
0
0
0
0
0
0
0
0
0
0
0
0
0
0
0
0
0
0
0
0
0
0
0
0
0
0
0
0
0
0
0
0
0
0
0
0
0
0
0
0
0
0
0
0
0
0
0
0
0
0
0
0
0
0
0
0
0
0
0
0
0
0
0
0
0
0
0
0
0
0
0
0
0
0
0
0
0
0
0
0
0
0
0
0
0
0
0
0
0
0
0
0
0
0
0
0
0
0
0
0
0
0
0
0
0
0
0
0
0
0
0
0
0
0
0
0
0
0
0
0
0
0
0
0
0
0
0
0
0
0
0
0
0
0
0
0
0
0
0
0
0
0
0
0
0
0
0
0
0
0
0
0
0
0
0
0
0
0
0
0
0
0
0
0
0
0
0
0
0
0
0
0
0
0
0
0
0
0
0
0
0
0
0
0
0
0
0
0
0
0
0
0
0
0
0
0
0
0
0
0
0
0
0
0
0
0
0
0
0
0
0
0
0
0
0
0
0
0
0
0
0
0
0
0
0
0
0
0
0
0
0
0
0
0
0
0
0
0
0
0
0
0
0
0
0
0
0
0
0
0
0
0
0
0
0
0
0
0
0
0
0
0
0
0
0
0
0
0
0
0
0
0
0
0
0
0
0
0
0
0
0
0
0
0
0
0
0
0
0
0
0
0
0
0
0
0
0
0
0
0
0
0
0
0
0
0
0
0
0
0
0
0
0
0
0
0
0
0
0
0
0
0
0
0
0
0
0
0
0
0
0
0
0
0
0
0
0
0
0
0
0
0
0
0
0
0
0
0
0
0
0
0
0
0
0
0
0
0
0
0
0
0
0
0
0
0
0
0
0
0
0
0
0
0
0
0
0
0
0
0
0
0
0
0
0
0
0
0
0
0
0
0
0
0
0
0
0
0
0
0
0
0
0
0
0
0
0
0
0
0
0
0
0
0
0
0
0
0
0
0
0
0
0
0
0
0
0
0
0
0
0
0
0
0
0
0
0
0
0
0
0
0
0
0
0
0
0
0
0
0
0
0
0
0
0
0
0
0
0
0
0
0
0
0
0
0
0
0
0
0
0
0
0
0
0
0
0
0
0
0
0
0
0
0
0
0
0
0
0
0
0
0
0
0
0
0
0
0
0
0
0
0
0
0
0
0
0
0
0
0
0
0
0
0
0
0
0
0
0
0
0
0
0
0
0
0
0
0
0
0
0
0
0
0
0
0
0
0
0
0
0
0
0
0
0
0
0
0
0
0
0
0
0
0
0
0
0
0
0
0
0
0
0
0
0
0
0
0
0
0
0
0
0
0
0
0
0
0
0
0
0
0
0
0
0
0
0
0
0
0
0
0
0
0
0
0
0
0
0
0
0
0
0
0
0
0
0
0
0
0
0
0
0
0
0
0
0
0
0
0
0
0
0
0
0
0
0
0
0
0
0
0
0
0
0
0
0
0
0
0
0
0
0
0
0
0
0
0
0
0
0
0
0
0
0
0
0
0
0
0
0
0
0
0
0
0
0
0
0
0
0
0
0
0
0
0
0
0
0
0
0
0
0
0
0
0
0
0
0
0
0
0
0
0
0
0
0
0
0
0
0
0
0
0
0
0
0
0
0
0
0
0
0
0
0
0
0
0
0
0
0
0
0
0
0
0
0
0
0
0
0
0
0
0
0
0
0
0
0
0
0
0
0
0
0
0
0
0
0
0
0
0
0
0
0
0
0
0
0
0
0
0
0
0
0
0
0
0
0
0
0
0
0
0
0
0
0
0
0
0
0
0
0
0
0
0
0
0
0
0
0
0
0
0
0
0
0
0
0
0
0
0
0
0
0
0
0
0
0
0
0
0
0
0
0
0
0
0
0
0
0
0
0
0
0
0
0
0
0
0
0
0
0
0
0
0
0
0
0
0
0
0
0
0
0
0
0
0
0
0
0
0
0
0
0
0
0
0
0
0
0
0
0
0
0
0
0
0
0
0
0
0
0
0
0
0
0
0
0
0
0
0
0
0
0
0
0
0
0
0
0
0
0
0
0
0
0
0
0
0
0
0
0
0
0
0
0
0
0
0
0
0
0
0
0
0
0
0
0
0
0
0
0
0
0
0
0
0
0
0
0
0
0
0
0
0
0
0
0
0
0
0
0
0
0
0
0
0
0
0
0
0
0
0
0
0
0
0
0
0
0
0
0
0
0
0
0
0
0.999024
1.23604
1.07626
1.0352
0.999024
1.17999
1.00502
1.58422
1.12698
1.0137
1.06124
1.00344
1.0018
1.07344
1.08181
1.07473
1.01981
1.15403
1.08823
1.00416
0.999024
1.24007
1.45964
1.01
1.08543
1.13412
0.999978
1.06713
1.06104
1.08626
1.00844
1.07512
1.07303
0.999024
1.46628
1.23939
1.17926
1.01774
1.00161
1.02635
1.07834
0.999024
1.02885
1.17278
1.11452
1.10453
1.1252
0.999024
0.999024
1.2573
1.00037
1.01497
1.14756
1.00107
0.999978
1.34527
1.00838
0.999978
1.0559
1.01939
1.08859
1.37779
1.06549
1.02831
1.06896
1.05087
1.52246
1.18778
0.999024
1.02599
0.999024
1.00156
1.04371
1.2115
1.14983
1.10177
0.999024
1.03549
1.03339
1.10807
1.00352
1.03149
1.06143
1.00102
1.17797
1.00735
1.00078
1.01068
1.25375
1.10213
0.999024
1.07571
1.04839
1.01636
1.02353
1.47084
1.12173
1.00394
1.00884
1.30379
0.999978
0.999978
0.999024
1.16868
1.00126
0.999978
0.999024
0.999024
1.00281
1.1273
1.07394
1.00713
1.11359
1.14159
1.02206
1.11499
1.13099
1.00008
1.00326
1.22942
1.18776
1.09329
1.09205
1.01099
1.00134
1.13295
1.30805
1.02705
1.53522
1.00055
1.03629
1.09457
1.00424
1.01012
0.999978
1.01005
0.999024
1.01306
1.3639
0.999978
1.05928
0.999024
1.06245
1.05497
1.01927
0.999978
1.21329
1.02422
1.19957
0.999978
1.13136
1.29761
1.19758
1.00515
1.08094
0.999024
1.02715
1.11368
1.00226
1.27071
1.14002
1.0759
1.12673
0.999024
1.14977
1.01014
0.999024
0.999978
1.18335
1.00938
1.00055
1.18747
1.12278
1.37116
1.30485
1.0748
1.16913
1.10687
1.00136
1.01737
1.04042
1.37495
1.31277
1.06943
1.00316
1.34653
1.11672
1.02859
1.07846
0.999978
1.22192
1.04347
0.999024
1.12437
1.43535
1.25763
1.00947
1.01328
1.05009
1.24817
0.999978
1.07907
1.47355
1.25861
1.00064
1.12414
1.11276
1.00791
0.999024
0.999024
0.999978
1.02278
1.00041
0.999024
1.05096
1.00402
0.999024
1.02243
1.01881
1.00164
0.999978
1.27468
0.999024
1.00853
1.01485
1.01798
1.04863
1.02776
1.00168
1.4851
0.999024
1.00489
1.54217
1.01922
1.23902
1.14015
1.02652
1.00213
0.999978
1.006
0.999978
1.00103
1.04198
1.18526
1.06905
1.09472
1.00002
1.04637
1.01459
1.0035
1.1426
1.00015
1.36717
1.37135
1.00767
0.999024
1.04582
1.08725
0.999024
0.999024
1.00074
1.00768
1.0688
1.5091
0.999024
0.999978
0.999024
1.28639
1.16006
1.01063
1.07167
1.10646
1.14155
1.26753
1.07547
0.999024
1.0299
1.04115
1.10021
1.05136
1.02957
1.05029
1.16073
1.07908
1.01381
1.01729
1.01549
0.999024
1.05714
1.00165
1.10884
1.46909
1.00171
1.02739
1.00176
1.18262
1.39406
0.999024
0.999024
1.10942
0.999024
1.00799
1.07672
1.03307
0.999024
1.11577
1.011
1.01591
1.39842
0.999024
0.999024
0.999978
1.67788
0.999024
0.999024
1.09843
1.00216
0.999024
1.18137
1.00267
1.23913
1.10393
1.29037
1.06547
1.50123
1.00696
1.13011
0.999024
1.25248
1.06497
0.999024
1.08273
1.34889
1.02118
1.09016
1.02471
1.01937
1.17519
0.999978
0.999024
0.999024
1.00173
1.50204
1.15434
1.0007
1.02143
1.14279
1.00004
1.05704
1.24579
0.999024
1.1838
1.09492
1.05626
1.15555
1.24569
0.999978
1.10452
1.00315
1.0034
0.999024
1.11795
0.999024
1.23151
0.999024
1.00751
1.10193
1.24633
0.999024
1.01685
1.0335
0.999024
1.21427
1.0284
1.30988
0.999024
1.48386
1.00174
1.14152
0.999024
1.30626
0.999978
0.999024
1.01231
1.12201
1.02724
1.05548
1.0033
1.15151
0.999978
1.01516
1.00283
1.29971
1.63594
1.00159
1.06601
1.21164
0.999024
1.02969
1.24831
0.999978
1.00225
0.999024
1.4003
0.999024
1.33796
0.999978
1.0025
0.999024
0.999978
1.13251
0.999978
1.00283
1.01786
1.00441
1.82272
1.00309
1.03108
1.55378
1.01319
0.999978
0.999978
0.999024
0.999024
0.999024
0.999024
1.19482
1.05942
1.16629
1.00876
0.999978
0.999983
1.00483
0.999024
0.999024
1.36818
1.10109
1.02458
0.999024
0.999024
1.34877
1.24324
1.01649
1.00139
1.28112
0.999978
1.13361
0.999978
1.06003
1.00049
1.11004
1.09473
1.40025
1.39969
0.999024
1.17641
1.08039
1.00073
1.06273
1.02739
1.10335
1.23684
1.15121
1.0332
0.999024
1.17374
1.00577
0.999978
1.00373
1.01265
1.06096
1.09967
0.999978
1.01769
0.999978
1.52181
0.999024
0.999978
1.3006
1.12563
0.999024
1.21431
1.0391
1.02652
1.07316
0.999978
1.1681
1.1134
1.27261
0.999024
1.00349
1.00982
1.28523
1.07801
1.18778
1.04975
1.00725
1.13889
1.01132
1.0792
0.999024
0.999024
0.999024
1.12877
1.0078
1.00129
1.03005
1.00999
0.999024
1.14466
1.01906
1.14052
1.04607
1.06263
1.06637
1.01915
1.01747
1.18886
0.999978
1.00651
1.18363
0.999024
0.999024
1.04588
1.03412
1.24567
0.999024
1.28427
1.0569
1.05185
1.20437
1.00341
1.16536
1.15978
1.09481
1.03799
1.2144
1.03917
0.999978
1.02158
0.999024
0.999024
1.08305
1.00484
1.13696
1.50271
1.08881
0.999024
1.20263
1.00083
0.999024
0.999978
1.00317
1.08649
1.13797
1.11964
1.06087
1.05452
0.999024
0.999024
1.02851
1.20465
0.999024
0.999024
1.25477
1.00013
1.04674
1.00136
1.00498
1.28428
0.999024
0.999024
1.02309
1.20889
0.999024
1.17605
1.00686
0.999024
1.13243
1.06333
1.11514
1.10023
0.999978
1.00225
0.999024
0.999024
1.00178
1.16533
1.29174
1.00209
0.999024
0.999024
1.03603
1.07686
1.26796
1.02807
0.999978
1.0149
1.01139
1.07521
0.999024
1.16177
0.999978
1.29073
0.999024
1.06057
0.999024
1.22284
1.02083
0.999024
1.14796
1.17292
1.29628
0.999024
1.24988
1.176
1.0278
1.13044
1.03513
0.999024
1.04499
1.00308
1.00167
0.999024
1.12715
0.999024
0.999024
1.4093
0.999024
1.04662
1.08801
0.999024
0.999978
1.00143
0.999024
1.25006
1.02619
1.01496
1.0747
1.08818
1.18015
1.05319
1.06885
1.02382
0.999978
1.01414
1.06483
1.0395
1.00264
1.04412
0.999024
1.08149
1.0242
1.05333
1.0228
1.09673
1.23616
1.00436
1.00659
0.999024
1.19309
0.999024
1.01019
1.00061
1.00174
1.01828
0.999024
1.07044
1.2984
1.14324
1.02078
1.01185
1.40658
1.00356
1.11024
1.01833
1.47107
1.29575
0.999978
1.45573
1.27406
0.999024
1.00246
0.999024
1.17991
0.999978
1.03324
1.23514
0.999024
1.01701
1.00584
0.999978
1.23658
1.03561
1.34615
0.999024
1.05427
0.999978
1.0035
1.00518
0.999024
1.19877
1.37969
1.12331
0.999978
1.17731
1.21236
1.15683
1.01286
1.05355
0.999978
0.999024
1.01904
0.999024
1.13843
1.00184
0.999024
1.04651
1.23581
1.00484
1.15931
1.07144
1.00367
1.21468
1.01193
1.00493
1.05598
0.999978
1.02543
1.04963
1.3562
0.999024
1.0076
0.999024
0.999978
1.01603
1.12005
1.011
1.16503
1.15291
1.00128
1.03978
1.12205
0.999024
1.50232
1.01035
1.03471
1.00699
0.999024
0.999024
1.00694
0.999978
0.999978
1.07753
1.05283
1.27398
1.27705
1.11064
1.12768
1.0019
1.14974
1.05213
1.05228
0.999978
0.999024
1.23408
1.04377
1.05611
0.999978
1.22171
1.04841
0.999024
1.26934
1.04352
1.25351
1.07767
1.05683
1.02042
1.09079
1.12325
0.999978
1.0123
1.00288
1.30487
1.26431
0.999024
0.999024
1.09895
1.45357
1.0032
1.16061
1.00145
1.11987
1.24036
1.08284
1.02313
0.999978
0.999024
0.999024
1.0078
1.00116
1.36107
1.15066
1.10238
1.01257
1.00148
1.04137
0.999024
0.999024
1.18702
1.13362
0.999024
1.18344
1.00538
0.999024
0.999024
1.00426
1.07769
1.33529
1.0464
1.10864
1.06193
0.999978
0.999024
1.05908
1.15551
1.20855
0.999024
1.00088
1.01849
0.999024
1.00818
1.00202
1.01794
0.999024
1.09716
1.20434
0.999024
1.36458
1.31214
1.24238
1.04024
1.10776
0.999024
1.15728
1.39426
1.32484
0.999978
1.01194
1.00193
1.01573
0.999978
0.999024
0.999024
1.13601
1.03346
1.0015
0.999024
1.17113
1.14862
0.999978
0.999024
1.30207
1.00653
1.45834
0.999978
0.999024
1.01513
0.999978
1.09384
1.10214
0.999024
1.30222
1.00202
1.05514
0.999024
1.00363
0.999978
1.00962
0.999024
1.40606
1.0085
1.27856
1.00291
1.02304
0.999024
1.04034
1.06665
1.07847
1.00187
1.03815
1.1715
1.00769
0.999978
1.14045
1.11901
1.00343
0.999978
0.999024
1.01759
0.999024
0.999978
1.30625
0.999024
1.4419
1.07514
1.01109
0.999978
0.999024
1.00363
1.01442
1.37288
1.30679
0.999978
0.999024
1.05484
1.02217
1.12427
1.02777
1.01518
1.08414
1.18759
0.999978
1.06111
1.07356
1.00064
0.999978
0.999024
1.17489
1.00849
1.07091
1.02567
1.30763
1.32822
1.26611
1.02022
1.10908
1.01894
1.51242
1.15612
1.00077
1.23337
1.00216
0.999024
1.08299
1.28555
1.02587
1.08606
1.03714
1.07701
1.17154
1.50988
1.00143
1.07981
0.999978
1.04259
1.03634
1.04182
1.00473
1.07206
1.04261
1.13847
1.00535
1.00311
1.25387
0.999024
1.0868
1.07211
1.01971
1.20738
1.11019
0.999024
1.0458
1.3501
1.32271
1.05022
1.00174
1.03583
1.01239
1.10354
1.01177
1.21843
0.999024
0.999024
1.0409
0.999024
1.12551
1.06379
1.28023
1.21203
1.01473
1.06921
1.08395
1.00231
1.03589
1.06122
1.31716
1.00245
0.999024
0.999024
1.36232
1.24508
0.854261
0.803856
0.857808
0.841472
0.821336
0.924083
0.864926
0.868897
0.854083
0.910151
0.840893
0.899781
0.799697
0.800968
1.0389
0.913403
0.944611
1.02616
0.852254
0.988481
1.31431
1.16461
0.910081
1.32959
0.8092
0.799697
1.124
0.901005
1.35012
1.11386
0.801973
0.814101
0.815044
0.832079
0.84414
0.953982
1.15576
0.803636
1.17458
0.906452
0.942311
0.824509
1.12241
0.799697
1.01241
0.9208
1.01488
0.929318
0.816206
1.00592
0.929273
1.06822
0.93099
0.843433
0.802875
0.877411
0.799219
1.05295
1.0208
0.799219
1.12277
0.915129
0.925949
1.07329
0.799924
1.0886
0.879323
0.854766
0.825908
0.956015
0.866038
1.35302
0.831941
1.02418
1.36093
1.04654
0.87995
0.950066
0.983309
0.802315
0.823087
0.800374
0.891118
0.949614
0.987135
1.36808
1.24093
0.812901
0.943172
0.839747
1.11053
0.816977
1.02851
0.93115
0.842815
1.04697
0.949581
0.799697
0.800274
0.948156
1.35268
0.843101
1.14235
0.914799
1.11118
1.16294
0.816487
1.07796
0.799219
1.33227
0.899572
0.83398
0.803995
0.931504
0.805544
0.804003
0.806007
1.08447
1.02506
0.803132
0.816889
0.894504
0.838947
0.821573
1.38695
1.18455
0.812824
0.799697
1.18625
0.999364
0.920892
0.954556
1.01145
1.11457
0.799697
1.00491
0.922403
0.808946
0.815843
0.950414
0.866863
1.09665
0.799219
1.20741
1.05965
1.11812
1.29528
0.799219
0.829704
0.816678
0.992582
0.834657
1.1036
0.929296
0.998554
0.828927
1.03096
1.10023
1.06159
0.8356
0.844397
0.860256
1.11746
0.800448
1.02794
1.19061
1.26991
1.12538
1.05149
1.45443
0.870288
0.863628
0.938376
0.936812
0.841015
0.91913
0.925487
1.14324
1.08012
0.935933
0.932781
0.889855
0.997034
0.887176
0.820692
0.970265
0.807696
0.871063
0.961887
0.863997
0.799697
0.88531
1.17739
0.938936
0.933809
0.884171
1.16873
0.828234
0.822473
1.11193
0.889022
0.856232
0.808384
0.799219
0.803072
0.829089
0.989676
0.864133
1.15654
1.00834
0.922604
0.880507
0.808215
0.811449
0.906205
1.06624
0.90162
0.934896
0.967723
0.799219
0.80081
0.841091
1.11342
0.800755
0.960363
0.799697
1.24686
1.04743
0.887637
0.833751
0.888241
0.800278
0.927592
0.921958
0.799219
1.14705
0.974451
0.801809
0.812554
1.24897
1.12384
1.23035
1.42839
0.799219
0.810474
1.02454
0.799697
0.902738
0.799219
0.909789
0.863462
0.799219
1.01023
1.03045
1.36859
0.891452
0.859084
1.08369
1.0689
0.842374
0.805733
0.799697
0.954608
0.950862
0.863942
0.833982
1.07747
1.08862
0.863581
0.893807
1.14737
1.17342
0.912924
0.802459
1.18898
0.883771
1.20532
1.12548
0.92843
0.832648
1.04303
1.26744
0.850239
0.802173
0.817243
0.799219
0.930427
1.2071
0.874888
1.54638
1.04634
0.833145
0.974539
0.900383
0.952372
0.807815
1.11186
0.998312
0.805839
0.873395
0.83317
0.956618
1.45823
0.8794
1.08664
0.814235
0.806215
0.988594
1.31067
0.933763
0.799219
0.901391
0.91621
0.956496
1.02119
0.799697
0.827558
1.23578
0.820866
0.868336
0.964414
0.81798
0.802524
0.848096
0.88939
0.903135
0.817756
1.05287
0.805871
0.960697
0.872297
1.17279
0.935246
0.886488
0.872206
0.992411
1.31149
0.799697
0.906424
0.800655
1.16749
0.92108
0.866451
0.933478
1.4705
1.06019
0.914345
1.19415
1.28195
0.916402
0.799697
0.966932
0.949426
0.894205
0.806715
0.799697
1.03258
1.06128
0.996226
0.860118
0.897585
1.08861
1.24905
0.96483
0.872099
0.870619
0.87785
0.80507
1.10318
1.03302
1.21779
0.815016
0.799219
1.12504
0.880476
1.08778
1.02549
0.928964
1.22103
1.02262
1.05085
0.956963
1.06338
0.800939
0.833752
0.799219
0.866741
0.871358
1.18065
1.07989
0.975246
0.893908
0.811243
1.09883
0.93407
1.02038
1.06633
0.813209
0.873904
0.803388
0.82783
1.09808
0.91218
1.18787
0.967236
0.80221
0.809895
0.919425
1.06235
0.949713
0.837075
1.06524
0.875581
0.900628
0.842916
1.03378
1.20361
0.99328
1.02298
0.906559
1.15098
0.906595
0.799219
1.01411
0.839957
0.920221
0.99774
0.851808
1.34856
1.22063
1.26673
1.08284
0.83429
0.9286
0.80074
0.803918
0.838856
0.806327
0.819346
0.930362
0.830299
0.799219
0.914227
0.843715
0.799219
0.845574
0.860988
0.815915
1.28656
0.809361
1.26202
1.00512
0.80192
0.821113
1.21136
1.38559
1.03451
1.05585
0.860737
0.799697
1.00798
1.04749
0.8818
0.802655
0.887592
0.86711
1.06435
1.0865
0.996408
1.20046
0.863183
0.819554
0.853544
1.1276
1.12464
0.799697
0.803882
1.19461
0.82094
1.01163
0.911305
0.846856
1.20884
0.931046
0.939638
0.9818
1.06669
0.862132
1.18361
1.33703
1.16273
1.25645
0.799219
0.799219
0.825092
1.07729
1.053
0.86807
1.26704
1.13617
0.936883
1.26854
0.90468
0.975391
1.39745
0.799219
0.815656
1.09635
0.806927
0.900117
0.84264
0.837706
0.838738
1.12444
0.804166
0.807285
0.88018
1.03139
0.882219
1.29963
0.950902
1.09349
0.799219
0.80663
1.04786
0.799697
0.815657
0.85585
1.02147
0.826024
1.29512
1.02703
0.965043
1.05314
0.819798
0.799697
0.926127
1.04462
0.993792
0.918469
0.805903
1.05715
0.833272
0.877582
0.834535
0.846506
1.06081
0.799697
0.867294
0.813963
0.987548
0.811213
0.812476
1.1953
1.01411
1.19385
0.799219
0.807902
0.936159
0.799697
1.02012
1.04649
0.936366
0.820266
1.09364
0.809979
1.05536
0.812571
0.987054
0.837798
1.28828
0.809634
0.809281
0.839578
0.982401
0.816417
0.879477
0.801954
0.890421
1.26357
0.950094
0.836098
1.28489
0.823102
0.880953
0.818926
1.00002
0.814952
1.09571
0.908149
1.14226
0.802751
1.60465
0.860105
0.911647
0.869853
0.80321
0.842445
0.824223
1.02227
0.809223
1.08234
1.18958
1.17248
1.05964
0.816974
0.867681
0.926208
0.799219
0.956177
0.820268
1.08433
1.23078
0.85403
0.985272
0.812401
0.965165
0.813198
0.927947
0.94136
0.820909
0.80268
0.864595
0.806593
0.884615
1.10494
0.804637
1.04943
1.07833
1.04864
1.20449
0.814217
0.899514
0.840072
0.800763
0.891888
0.989622
0.961301
1.18994
0.929139
1.03909
0.811464
1.27341
0.821581
0.862754
1.17445
0.847243
0.863311
0.94817
1.42552
0.895905
0.967845
1.03192
1.0711
1.06568
1.28557
0.817065
1.03359
1.29609
1.42405
0.799219
0.804043
1.112
0.888301
0.949771
0.808409
0.954298
1.05993
0.799697
1.125
1.07899
1.18361
1.08653
1.25427
1.1179
0.89974
0.912058
0.842701
0.856938
0.817121
0.812788
0.992776
1.12902
1.02498
0.805335
0.810385
0.841992
0.877585
0.878813
1.04852
0.908207
0.922183
0.932881
0.928864
0.799697
1.18576
1.59687
0.863976
0.799219
1.14656
0.92003
1.17159
0.799219
1.10989
0.909611
0.817188
1.23393
0.921221
0.907097
0.882576
0.829904
1.07551
0.7999
1.03419
0.898973
1.14938
0.885087
0.856665
0.92491
0.799219
0.857217
1.19404
0.812528
0.877778
1.125
0.965662
0.929337
0.802479
0.826935
0.983912
1.03081
0.913433
0.845491
0.887698
0.817906
0.799697
0.958015
1.25836
0.837439
0.875113
1.34213
1.24428
0.931663
1.2579
0.800646
0.800054
0.978747
1.30565
1.29489
0.874691
0.799219
0.872254
0.807124
0.871948
0.804999
0.804752
1.0986
0.834413
0.7997
1.0374
1.56517
0.949849
1.02576
0.806462
0.866358
0.851231
0.963231
0.849516
0.85476
0.810481
1.09268
0.809687
0.8682
0.936602
1.07659
0.906873
0.851033
0.979364
0.909926
0.984159
0.799219
0.807196
0.920986
1.21045
0.927033
0.832214
1.13736
0.84777
0.951867
0.845733
1.07636
0.817089
1.40667
0.863784
1.17565
0.997963
0.899961
0.852182
1.03529
0.811802
0.825495
0.819787
0.851322
1.49359
0.799219
0.832407
1.05034
0.868369
1.19963
1.06915
1.03032
0.857512
0.855418
1.06768
0.828896
1.11419
0.828858
1.04117
0.810361
1.26417
0.806836
0.989076
0.799219
1.05937
0.799219
0.803666
0.871447
0.806264
0.807413
1.05495
0.832215
0.967989
0.87166
1.08936
1.16506
0.889881
0.803178
0.879222
0.919129
1.0567
0.850109
1.4504
1.15905
1.21974
1.16086
0.937868
0.916097
1.02993
0.799697
1.07468
0.933611
0.799697
1.39877
0.858552
0.803317
0.826766
1.13647
1.20572
1.17706
1.27657
0.970921
1.11448
0.955512
0.980584
0.980717
0.98054
1.08385
0.921251
0.967384
1.05865
0.799219
1.16957
1.12087
0.815506
1.2746
0.799697
0.851648
0.852007
1.10486
0.82884
1.17396
0.990904
0.82383
0.936057
1.16824
1.45731
1.04566
0.918671
1.08772
1.5143
0.799697
1.01246
0.830677
0.840625
0.929266
0.856907
0.799697
0.799219
0.981234
0.816358
0.816007
0.959382
1.04447
1.19198
0.96084
0.973252
0.946965
1.06086
1.14138
0.927035
0.961512
0.81813
0.831479
0.886996
1.1512
0.882057
1.21151
0.948809
0.987505
0.824369
1.04949
1.16968
0.878596
1.20315
0.895244
1.1886
0.799219
1.13602
0.983487
0.805295
0.866854
1.14637
1.19165
0.802342
0.799219
1.1573
0.925726
0.799219
1.15851
1.24696
0.875794
1.08015
1.01743
0.821788
1.08922
0.828882
0.807912
1.26506
0.799734
0.866318
0.800522
0.809946
0.799697
0.799697
1.13704
1.04202
0.812717
0.927913
0.828055
0.83678
0.882256
0.888069
0.866933
1.55053
1.26584
0.799219
0.855907
1.51148
0.849833
0.833215
0.799219
1.06787
0.820184
1.13401
0.829921
0.876034
0.829899
0.799697
1.06195
0.940876
1.01494
1.10891
0.799697
0.799219
1.09469
1.10093
0.801403
0.833012
0.823867
0.876757
0.893615
1.38094
1.15108
0.803489
0.845322
0.799697
1.2822
0.897271
