0.099297
0.0248242
0
0
0
0.0248242
0
0
0
0
0
0
0
0
0.0124121
0.533721
0
0.111709
0.0124121
0
0.0124121
0
0.0124121
0
0
0.0248242
0
0.0496485
0.0124121
0
0
0
0.0744727
0
0.0744727
0.0248242
0.136533
0
0
0
0
0.0124121
0
0
0
0
0.0124121
0
0
0.0124121
0.0248242
0
0.0124121
0.0124121
0
0
0.0372364
0.0124121
0
0
0.384776
0
0
0
0.0124121
0
0
0
0
0.23583
0
0
0.0124121
0
0
0
0.0744727
0
0
0
0
0
0
0.0248242
0
0
0
0.0124121
0
0
0.0496485
0.0248242
0
0
0
0
0
0
0
0
0.0124121
0
0.0124121
0.0496485
0
0
0.17377
0
0.422012
0
0
0.0248242
0
0.0124121
0
0
0.0124121
0.136533
0
0
0
0
0
0.422012
0.0124121
0.0496485
0.0496485
0
0
0
0
0
0
0.0124121
0
0
0.0124121
0
0.0248242
0
0
0
0
0.0124121
0
0
0.0372364
0
0
0
0.0868848
0
0.0248242
0.0620606
0
0
0.0372364
0
0.0124121
0
0
0
0.0372364
0.0124121
0
0
0
0
0
0.0620606
0
0
0
0.0124121
0
0
0
0.0248242
0.161358
0.0124121
0
0
0
0
0
0
0
0
0
0.0124121
0
0.0248242
0
0.0124121
0
0.0372364
0
0
0.0868848
0.0372364
0
0
0
0
0
0.0124121
0
0.0124121
0
0
0
0
0.0372364
0
0.0124121
0
0
0
0
0.0124121
0
0
0
0
0.0248242
0
0.0744727
0
0
0.0124121
0
0
0
0
0
0
0.0124121
0.0248242
0
0.0496485
0
0.0372364
0
0.0124121
0
0.0248242
0
0.0124121
0
0
0.136533
0.124121
0
0
0
0
0.0124121
0
0
0
0
0
0
0
0.0372364
0
0
0
0.0248242
0
0
0.0372364
0
0
0
0
0
0
0.0124121
0
0
0.0124121
0
0
0
0.186182
0.0248242
0.0124121
0
0.0248242
0
0
0
0.0744727
0
0
0
0.0124121
0
0
0
0
0
0.0248242
0
0
0.0620606
0
0.148945
0.211006
0.0124121
0
0
0
0
0.0124121
0
0
0
0
0
0
0
0.0124121
0
0.0124121
0
0
0
0
0.0248242
0
0
0.0124121
0
0.0248242
0.0124121
0
0.223418
0
0
0.0744727
0.0124121
0.0124121
0
0
0.0496485
0
0
0.0124121
0
0.0124121
0
0
0
0
0
0
0
0.0248242
0
0
0
0
0
0.0248242
0.0124121
0
0
0
0
0
0
0
0
0
0
0
0
0
0
0
0
0.0372364
0
0.0124121
0
0
0
0
0
0.0496485
0
0.0248242
0.0372364
0
0
0
0.0248242
0.322715
0.0124121
0
0
0
0
0
0
0
0.0744727
0
0
0.595782
0
0.111709
0.422012
0.0248242
0
0
0
0.0372364
0
0
0.273067
0.0124121
0
0
0
0
0
0.211006
0
0
0.0496485
0
0
0
0
0.0124121
0
0
0
0
0.0124121
0
0
0
0
0
0.0248242
0.124121
0
0
0.633018
0
0
0
0
0
0
0
0
0.0124121
0
0.310303
0.0620606
0
0.0124121
0
0
0
0.0496485
0.223418
0
0
0
0.459248
0.0372364
0
0.0124121
0.0744727
0
0
0
0
0.0124121
0.0868848
0
0.0744727
0
0
0.273067
0.0868848
0.0124121
0.111709
0
0
0.0496485
0.0248242
0
0
0
0.0248242
0
0.0124121
0
0
0
0.17377
0
0
0
0
0
0
0
0
0.0372364
0
0
0.0124121
0.0496485
0.0124121
0
0
0.0248242
0
0.0124121
0
0
0
0.0620606
0
0.0124121
0
0.0372364
0.0744727
0
0
0.0868848
0
0.0124121
0
0
0.148945
0
0.0124121
0
0
0.0744727
0
0
0
0
0.372364
0.446836
0
0
0
0
0
0
0.0248242
0
0
0
0
0.0248242
0.0620606
0.335127
0.0124121
0
0.161358
0.0372364
0.0124121
0
0
0.0124121
0.0124121
0.0744727
0
0
0.0372364
0
0
0
0
0
0
0.0372364
0
0
0.0124121
0
0
0
0.0248242
0
0
0
0.0372364
0
0
0
0
0
0
0
0.0124121
0.0620606
0
0
0
0.0124121
0.099297
0
0
0
0.335127
0
0
0.0248242
0
0
0.0124121
0
0
0.0124121
0
0
0
0.0124121
0
0
0.099297
0
0.148945
0
0.0124121
0
0
0.0372364
0
0
0.0124121
0
0.0124121
0
0
0
0
0
0
0
0.0248242
0
0.0620606
0.0372364
0
0.0248242
0
0
0.0124121
0
0
0
0.0248242
0.0496485
0
0
0
0
0
0.0124121
0
0
0
0.0248242
0
0
0.0124121
0
0
0.0124121
0
0.0124121
0.0248242
0
0
0
0.0124121
0.136533
0
0.23583
0
0
0
0
0
0
0
0.0124121
0
0
0
0
0
0
0
0
0.0372364
0
0.0620606
0.0248242
0
0
0
0
0
0
0
0.0248242
0
0.0124121
0
0
0
0
0
0
0
0.0248242
0
0.434424
0
0
0
0.099297
0.0372364
0
0.0124121
0
0.0620606
0.0124121
0
0
0.0248242
0.0248242
0.0744727
0
0
0.111709
0
0
0.0372364
0.0124121
0
0
0
0
0
0
0
0.0124121
0
0.0124121
0
0.0124121
0.0124121
0
0.4096
0
0.0124121
0.111709
0.161358
0
0
0
0
0
0
0.0248242
0
0
0
0
0
0
0.0124121
0
0
0
0
0
0
0.0248242
0
0.0124121
0.0124121
0.0124121
0
0
0
0
0
0.0248242
0
0.0248242
0
0
0.0124121
0
0.0124121
0
0
0
0
0.0124121
0
0.0124121
0
0.0248242
0.0372364
0
0
0
0
0
0
0.186182
0
0.0372364
0
0
0.0372364
0.0372364
0
0
0
0.0124121
0.124121
0.17377
0
0
0
0
0
0
0
0
0
0
0
0.0620606
0
0
0
0
0
0
0.0868848
0.0372364
0
0.111709
0
0
0.0248242
0
0.124121
0.285479
0
0
0.0248242
0
0
0
0
0
0
0
0
0
0.0124121
0
0.0372364
0
0.0124121
0.148945
0
0
0.0248242
0.0124121
0
0.0372364
0
0
0.0248242
0.0124121
0.0248242
0
0
0
0.0124121
0.0620606
0.0124121
0
0
0
0
0.384776
0.248242
0
0
0
0
0.0124121
0.0248242
0
0
0.0248242
0.0124121
0
0.0372364
0.0124121
0.099297
0
0
0
0
0
0
0.0124121
0
0.0124121
0.0124121
0
0
0
0
0
0
0.0124121
0
0
0
0.0124121
0.0124121
0
0.0124121
0.0372364
0.0372364
0
0
0
0
0.148945
0.211006
0.0372364
0
0
0
0
0
0
0
0.0124121
0
0.0124121
0
0
0
0
0
0
0
0
0
0
0
0.0124121
0
0.0496485
0.0124121
0.0124121
0
0
0.0372364
0
0.0620606
0
0
0.0124121
0
0.0372364
0
0
0
0
0.0124121
0
0
0.124121
0.64543
0.248242
0.223418
0.359952
0.111709
0.310303
0.260655
0.0372364
0.608194
0.508897
0.0496485
0.397188
0.0124121
0.670255
0.422012
0
0.248242
0
0
0.0372364
0.0124121
0.496485
0
0.0620606
0.0124121
0
0
0.0124121
0
0.484073
0.707491
0.0248242
0
0.260655
0.223418
0.099297
0.0620606
0.322715
0.0620606
0.657842
0.0248242
0
0.570958
0
0.0124121
0.0372364
0.099297
0.0744727
0.0496485
0.0744727
0
0.285479
0.260655
0.856436
0.422012
0.285479
0.0496485
0.484073
0.0372364
0.111709
0.099297
0.161358
0.148945
0.0124121
0.918497
0.161358
0.310303
0.0124121
0.0124121
0.0248242
0.297891
0.0248242
0
0.198594
0.347539
0.347539
0.893673
0.136533
0.0868848
0
0.0124121
0.570958
0
0.0868848
0.273067
0.297891
0.273067
0.0496485
0.0248242
0
0.930909
0.4096
0.670255
0.161358
0.322715
0
0.0496485
0.17377
0.0620606
0.0124121
0.0744727
0.0124121
0
0.484073
0.0124121
0.124121
0
0.0620606
0.273067
0.0868848
0
0.359952
0.0248242
0.0124121
0.422012
0.446836
0.211006
0.17377
0
0.273067
0.322715
0.223418
0.17377
0.273067
0.508897
1.06744
0
0.17377
0.422012
0.322715
0.769552
0.4096
0.0496485
0.0372364
0.0372364
0.0868848
0.384776
0.0868848
0.23583
0.0744727
0
0
0.161358
0.359952
0
0.23583
0
0.198594
0.148945
0
0.0744727
0.297891
0
0.099297
0.422012
0.198594
0.0124121
0.148945
0.459248
0.0868848
0.670255
0.707491
0.148945
0.248242
0.4096
0
0.186182
0
0.0248242
0
0.099297
0.0248242
0.0496485
0
0.608194
0.211006
0
0.0248242
0.384776
0.148945
0
0
0.0124121
0.0248242
0.0248242
0
0.0248242
0.546133
0.148945
0.0620606
0
0.148945
0.136533
0.0124121
0
0
0.310303
0.23583
0.0124121
0.111709
0.099297
0.0124121
0.223418
0
0.670255
0.0372364
0.124121
0.0372364
0.124121
0
0
0.58337
0.0372364
0.0248242
0.335127
0.322715
0.397188
0.422012
0.744727
0.310303
0.223418
0.223418
0.0868848
0
0.322715
0.806788
0.0372364
0.459248
0.397188
0
0.148945
0.0248242
0.0124121
0.273067
0.248242
0.434424
0.0372364
0.918497
0
0.719903
0
0.471661
0.23583
0.260655
0
0
0.0124121
0.58337
0.0620606
0.17377
0
0.347539
0.608194
0.148945
0.0744727
0.757139
0.111709
0.0496485
0
0.384776
0.0124121
0.310303
0
0.0124121
0.0372364
0.359952
0.248242
0.161358
0.359952
0.099297
0.297891
0.111709
0.0496485
0.0124121
0.211006
0
0.484073
0
0.111709
0.322715
0.0620606
0
0.0248242
0.136533
0.111709
0.0248242
0
0.211006
0.099297
0.384776
0.0124121
0.744727
0.0620606
0.124121
0.161358
0.0124121
0.893673
0.124121
0.310303
0
0.148945
0.0248242
0.446836
0.211006
0
0.595782
0.0248242
0.0248242
0.124121
0.0124121
0
0.446836
0.260655
0.508897
0.533721
0.198594
0.0744727
0.484073
0.136533
0.322715
0.335127
0.148945
0.111709
0.099297
0.0744727
0.111709
0
0.148945
0.347539
0.148945
0.124121
0.285479
0.0496485
0.0248242
0.881261
0.58337
0
0
0
0
0.0248242
0.0124121
0.0124121
0.0372364
0
0.58337
0.0248242
0.0620606
0
0.533721
0.0124121
0
0.471661
0.0868848
0.111709
0.124121
0.148945
0.570958
0
0.0248242
0.136533
0.0372364
0.0868848
0.521309
0.769552
0.285479
0.186182
0.0124121
0.570958
0.0620606
0.806788
0.198594
0.0620606
0.211006
0.359952
0.310303
0.148945
0.23583
0.223418
0.0496485
0.186182
0.4096
0.372364
0
0.0620606
0
0.347539
0.533721
0.211006
0.0496485
0
0.595782
0.446836
0
0
0.0496485
0.0248242
0
0.0620606
0
0.297891
0
0.148945
0.136533
0.0372364
0.781964
0.0744727
0.446836
0.0124121
0.148945
0
0.099297
0.260655
0.0744727
0.0372364
0.198594
0.111709
0.732315
0.248242
0.17377
0.099297
0.0124121
0.0248242
0.273067
0.186182
0.248242
0.707491
0.757139
0.471661
0.211006
0.0868848
0.211006
0.446836
0.484073
0.136533
0.23583
0.17377
0.186182
0.297891
0.397188
0
0.17377
0.533721
0.136533
0.769552
0.136533
0
0.595782
0.285479
0.446836
0
0.372364
0.17377
0.347539
0.335127
0.0124121
0
0.248242
0.148945
0.397188
0.161358
0.111709
0.422012
0.111709
0.0868848
0.111709
0.0496485
0.099297
0
0
0.099297
0
0
0.198594
0.0124121
0.422012
0
0.335127
0.161358
0
0
0.124121
0.372364
0
0.211006
0
0
0.0620606
0.136533
0.0744727
0.546133
0.359952
0
0.285479
0.0372364
0.297891
0.372364
0.136533
0.0124121
0.248242
0.359952
0.0868848
0.0744727
0.136533
0.0124121
0.459248
0.23583
0.099297
0
0.484073
0
0.198594
0.161358
0.136533
0.0124121
0.0620606
0.335127
0.570958
0.111709
0.186182
0.211006
0.0248242
0
0.111709
0.372364
0.161358
0.148945
0.136533
0.17377
0.397188
0.186182
0.769552
0.248242
0.0372364
0.633018
0.23583
0.521309
0.707491
0.186182
0.0372364
0
0.0744727
0.124121
0.372364
0.707491
0.372364
0.099297
0.17377
0.633018
0.23583
0
0.111709
0.198594
0.446836
0.111709
0.781964
0.372364
0.347539
0.17377
0.781964
0
0
0.533721
0
0.0620606
0.521309
0
0.856436
0.58337
0.148945
0.161358
0.223418
0.0496485
0
0.136533
0.285479
0.124121
0.0248242
0.0124121
0.496485
0.0620606
0.0124121
0.335127
0.521309
0.769552
0.23583
0.0124121
0.633018
0.384776
0
0.297891
0
0.297891
0.0124121
0.471661
0.484073
0.595782
0.0496485
0.099297
0.0124121
0.198594
0.0124121
0.0124121
0.0248242
0.322715
0.273067
0
0.359952
0.322715
0.099297
0.508897
0.17377
0
0.347539
0.111709
0.4096
0.434424
0.484073
0.148945
0.446836
0.0248242
0.695079
0.0124121
0.558545
0.111709
0.273067
0.148945
0
0
0.248242
0.148945
0.0124121
0.310303
0.484073
0
0.0496485
0.0496485
0.657842
0.211006
0.58337
0.0372364
0.0124121
0.0372364
0.0372364
0.211006
0.0124121
0.744727
0
0.633018
0.546133
0.0744727
0
0
0.260655
1.09227
0.099297
0.124121
0.223418
0.0124121
0.0248242
0.111709
0.198594
1.04262
0.64543
0.111709
0.223418
0.186182
0.58337
0.0496485
0
0.310303
0.0496485
0.0124121
0
0.0372364
0.161358
0.496485
0.4096
0.434424
0.17377
0.0372364
0.0124121
0.533721
0.446836
0.0124121
0.533721
0.211006
0
0.273067
0.0496485
0
0.0124121
0.322715
0
0.533721
0.0372364
0.347539
0.0496485
0.285479
0.335127
0
0.0496485
0.546133
0.111709
0
0
0
0.0248242
0.732315
0.558545
0.099297
0.422012
0
0.297891
0.0248242
0.17377
0.533721
0.0248242
0.322715
0.595782
0.260655
0.223418
0.322715
0.0248242
0
0.347539
0
0
0.980558
0.0248242
0.397188
0.0248242
0.0248242
0.0868848
0.446836
0.285479
0.260655
0.0620606
0.347539
0.310303
0.297891
0.0124121
0.397188
0.260655
0.955733
0
0.248242
0
0.0248242
0.0248242
0.0124121
0
0.732315
0.707491
0.0372364
0.0372364
0.297891
0.211006
0.111709
0.273067
0
0.0124121
0.310303
0.0868848
0.186182
0.0248242
0.620606
0.893673
0.0124121
0.0372364
0.285479
0.359952
0.148945
0.0124121
0
0.248242
1.00538
0.0124121
0
0.0248242
0.0248242
0
0.0124121
0
0.0372364
0.757139
0.0124121
0.496485
0.23583
0
0.0248242
0.0496485
0.124121
0.0248242
0.0248242
0.397188
0.0868848
0.198594
0.347539
0.359952
0.0372364
0.459248
0.719903
0.099297
0.434424
0.0124121
0.0124121
0
0
0.359952
0.17377
0.0496485
0.64543
0.297891
0.223418
0.297891
0
0.446836
0.0868848
0.223418
0.186182
0
0
0.546133
0.422012
0.17377
0.099297
0.248242
0.273067
0.384776
0.273067
0.0124121
0.0124121
0.211006
0
0.248242
0.124121
0.0124121
0.657842
0.695079
0
0.148945
0.161358
0.0248242
0.198594
0.161358
0
0
0.595782
0.4096
0.0248242
0.757139
0.4096
0.148945
0.384776
0.347539
0
0
0.558545
0.198594
0.0620606
0.459248
0.595782
0.0248242
0.0248242
0.0868848
0.608194
0.0620606
0.0248242
0.211006
0.0124121
0.0248242
0.558545
0
0.508897
0
0.0744727
0.17377
0
0.260655
0
0.558545
0.111709
0.546133
0.58337
0.111709
0
0.211006
0.17377
0
0.322715
0
0
0.397188
0.111709
0.0372364
0.17377
0
0
0.732315
0.099297
0.670255
0.0744727
0.422012
0.248242
0
0.0124121
0.0124121
0.161358
0.459248
0.359952
0
0.0496485
0.248242
0.223418
0
0.608194
0.0124121
0.0248242
0.0496485
0
0.620606
0.434424
0.161358
0.0248242
0.273067
0.0744727
0.0248242
0
0.273067
0.0744727
0
0
0.0372364
0.335127
0
0.273067
0.0248242
0
0.434424
0.099297
0.0372364
0.0248242
0.0868848
0.285479
1.05503
0.0372364
0.124121
0.781964
0.148945
0.0248242
0.0868848
0.17377
0.484073
0.347539
0.186182
0.136533
0.099297
0.099297
0.099297
0.0620606
0.459248
0
0.0248242
0.508897
0
0.198594
0.0496485
0
0.248242
0.459248
0
0
0.781964
0.0248242
0.0496485
0.17377
0.124121
0
0.0248242
0.422012
0.484073
0
0.0496485
0
0.707491
0.322715
0.0248242
0
0
0.459248
0.161358
0.0248242
0
0
0
0.186182
0.124121
0.0496485
0.310303
0.310303
0.99297
0.099297
0.0248242
0.0372364
0
0
0
0.186182
0.099297
0
0
0
0.434424
0
0.372364
0
0.0496485
0.0496485
0
0.161358
0.0248242
0.533721
0.533721
1.11709
0.260655
0.260655
0.881261
0.223418
0.0248242
0
0.223418
0.17377
0.4096
0.099297
0.0496485
0.0124121
0.682667
0
0
0.0868848
0.111709
0
0
0
0
0.64543
0.0496485
0
1.10468
0.0248242
0.186182
0
0.17377
0.570958
0.397188
0.0248242
0.0124121
0.0496485
0.0868848
0.0496485
0.695079
0.0124121
0.496485
0.384776
0.0248242
0
0.136533
0.0620606
0
0.0620606
0.0248242
0.23583
0.0744727
0
0.682667
0
0
0.0124121
1.21639
0.459248
0
0.285479
0.446836
0.521309
0.0744727
0.322715
0.508897
0.0372364
0.211006
0.0744727
0.620606
0
0.558545
0.633018
0.558545
0.322715
0.136533
0.297891
0
0.0372364
0.0744727
0.570958
0.372364
0
0
0.359952
0
0.0248242
0.0124121
0.310303
0.0620606
0.335127
0
0.595782
0.124121
0.099297
0.198594
0.0868848
0
0
0.198594
0.23583
0
0
0.4096
0.124121
0
0.372364
0
0
0.161358
0.359952
0.0372364
0.136533
0.459248
0.558545
0.0248242
0.359952
0
0
0.682667
0.335127
0
0.422012
0.0124121
0.0620606
0.422012
0.335127
0.0248242
0.124121
0.0248242
0.359952
0.0868848
0.148945
0.496485
0
0.0124121
0.099297
0
0
0
0
0.161358
0
0
0.0496485
0.0124121
0
0.347539
0.211006
0.17377
0
0.335127
0.484073
0.136533
0.0496485
0.111709
0.769552
0.0248242
0.372364
0
0.372364
0.23583
0.310303
0.533721
0.186182
1.05503
0.459248
0.0620606
0.17377
0.273067
0.260655
1.1295
0
0.0620606
0.322715
0.471661
0.0124121
0
0.23583
0
0.285479
0
0.484073
0.0620606
0.595782
0.23583
0.17377
0.657842
0.359952
0.0372364
0.111709
0
0.248242
0.0744727
0
0.186182
0.0372364
0.0124121
0.0372364
0.136533
0.211006
0
0.620606
0.633018
0.347539
0.570958
0.347539
0.0124121
0.0620606
0
0.0124121
0.707491
0
0.434424
0.124121
0.0868848
0
0.657842
0
0.0248242
0
0
0.459248
0.856436
0
0.297891
0
0
0.0620606
0
0.111709
0.508897
0.471661
0
0.0868848
0.186182
0.0744727
0.297891
0
0.446836
0.484073
0.17377
0.670255
0
0.273067
0.17377
0.0620606
0.211006
0.0124121
0.893673
0.0248242
0
0.570958
0.347539
0
0.0372364
0
0.111709
0.595782
0
0.285479
0
0
0.17377
0.0620606
0.297891
0.124121
0.285479
0.0744727
0.0496485
0
0.322715
0.0744727
0.508897
0
0.0248242
0.161358
0.0124121
0.223418
0.0744727
0.397188
0
0.806788
0.99297
0.23583
0.23583
0
0.161358
0.8192
0
0.359952
0.0124121
0
0
0.124121
0
0.434424
0.794376
0.881261
0
0.17377
0
0.0124121
0
0
0.757139
0.99297
0.273067
0.0124121
0.211006
0.0372364
0
0.310303
0.248242
0.4096
0
0
0.0248242
0.285479
0.359952
0.0248242
0.446836
0.0744727
0.384776
0.297891
0.0620606
0
0
0.17377
0.124121
0.64543
0.161358
0.0124121
0.161358
0.0620606
0.285479
0
0
0.0744727
0.211006
0.0124121
0
0.273067
0
0.148945
0.0372364
0
0.186182
0.422012
0.484073
0.0372364
0.422012
0.111709
0.0124121
0
0.136533
0.297891
0.23583
0.0124121
0
0
0
0.0124121
0.521309
0.260655
0
0.335127
0
0
0.273067
0.0868848
0.0248242
0
0
0.484073
0
0.769552
0.0124121
0.781964
0.707491
0
0.111709
0.0124121
0
0
0
0.0124121
0
0
0
0.0496485
0.372364
0.434424
0.0124121
0.0124121
0.0868848
0.372364
0.161358
0
0.0496485
0.322715
0
0.372364
0.8192
0.719903
0.0868848
0.0248242
0.397188
0.422012
0
0.0248242
0.111709
0
0.322715
0.0124121
0.397188
0.211006
0.732315
0.111709
0.148945
0.0248242
0.508897
0.893673
0.868849
0
0.211006
0.0868848
0.0496485
0
0
0.0372364
0.508897
0
0.23583
0
0.496485
0
0.136533
0.484073
0.111709
0.0124121
0.248242
0
0
0.186182
0.446836
0.533721
0.273067
0.484073
0.0124121
0
0
0
0.0744727
0.335127
0.0124121
0.347539
0.0248242
0
0.124121
0.781964
0.099297
0.4096
0.744727
0.0496485
0
0.0248242
0.099297
0.446836
0.0248242
0.223418
0.0496485
0.0620606
0.0124121
0.0496485
0.198594
0.0124121
0
0
0.0744727
0.0744727
0
0
0.0868848
0.0868848
0.124121
0.397188
0
0.0620606
0.0248242
0.17377
0
0.397188
0.0248242
0.0496485
0
0.508897
0
0.17377
0
0
0.0248242
0.459248
0.0868848
0.099297
0.0496485
0.595782
0.198594
0.0620606
0.310303
0
0.148945
0.8192
0.198594
0.335127
0.322715
0.310303
0.0868848
0.359952
0.0372364
0.186182
0.124121
0.0620606
0.0620606
0.260655
0.198594
0.0124121
0.58337
0.695079
0.186182
0.0124121
0.0248242
0.0372364
0.211006
0
0.0744727
0.124121
0.570958
0
0.384776
0.0124121
0.0124121
0.297891
0.359952
0.148945
0
0.099297
0.893673
0.558545
0.484073
0.211006
0.161358
0.0372364
0.322715
0.248242
0.0124121
0.0496485
0
0.111709
0
0
0.372364
0.0744727
0.0124121
0.0744727
0.211006
0.0372364
0.570958
0.0372364
0
0
0
0.508897
0.0248242
0.0248242
0
0.0372364
0.4096
0.0124121
0.0124121
0.136533
0.0496485
0.0372364
0
0.0124121
0.161358
0
0.297891
0.0868848
0.186182
0
0.633018
0
0.459248
0.198594
0.248242
0
0.0868848
0.273067
0
0.223418
0
0
0.260655
0
0
0.099297
0.310303
0.0868848
0.0496485
0
0
0.0124121
0.0744727
0
0.148945
0.707491
0.0124121
0.0124121
0
0.0620606
0
0
0.124121
0
0.211006
0.111709
0.0372364
0
0.0124121
0.657842
0.124121
0
0
0.260655
0.111709
0.273067
0.0372364
0
0.285479
0.0124121
0.124121
0.148945
0.124121
0.0124121
0.0248242
0.0248242
0
0.111709
0
0.0124121
0
0.0124121
0
0.670255
0.0124121
0.558545
0.8192
0.124121
0.161358
0.124121
0.484073
0.260655
0
0.58337
0.0124121
0.0868848
0.521309
0.223418
0
0
0.223418
0.0124121
0.310303
0.0248242
0.0372364
0.248242
0.0248242
0.0620606
0.17377
0
0
0
0.111709
0.484073
0
0
0.0496485
0.223418
0
0.223418
0.0496485
0
0.4096
0.521309
0
0
0.0620606
0
0
0
0.0124121
0.161358
0.17377
0.0496485
0.186182
0.0620606
0.707491
0.0620606
0.0124121
0.0124121
0.148945
0.521309
0.297891
0.099297
0.0124121
0.384776
0.0248242
0
0
0.186182
0.0124121
0
0.0496485
1.1295
0
0.0868848
0.17377
0.0868848
0
1.01779
0.633018
0
0.285479
0.248242
0.198594
0.384776
0.0620606
0
0.285479
0
0
0.484073
0.0372364
0.0248242
0.794376
0.707491
0
0.322715
0.0868848
0.695079
0
0.297891
0.273067
0.297891
0.359952
0.0124121
0.0372364
0
0.0496485
0
0.0372364
0.0124121
0
0.570958
0
0.359952
0.186182
0
0
0.0372364
0
0
0.0496485
0.471661
0
0
0
0.682667
0.0620606
0.148945
0.881261
0.148945
0.695079
0
0
0.471661
0.223418
0.297891
0
0
0.148945
0.732315
0.198594
0.248242
0.148945
0.359952
0.186182
0.186182
0.508897
0.148945
0.161358
0
0.211006
0.17377
0.0124121
0.4096
0
0.198594
0.64543
0.273067
0.17377
0.0124121
0
0.0744727
0.0496485
0.422012
0.397188
0
0.359952
0
0.719903
0.0744727
0.136533
0
0
0.533721
0.595782
0.136533
0
0.496485
0.0620606
0.161358
0.23583
0
0.0744727
0.570958
0.273067
0.707491
0
0.148945
0
0.0372364
0.335127
0
0.570958
0.0372364
0
0.0620606
0
0.124121
0
0
0.422012
0
0.0124121
0.17377
0.0620606
0.422012
0
0.0124121
0.198594
0.844024
0.422012
0.248242
0
0
0
0
0.310303
0.0496485
0.943321
0.099297
0.64543
0.211006
0
0
0.0868848
0.198594
0.719903
0.0372364
0.0124121
0
0.0372364
0.372364
0
0
0.285479
0
0.0496485
0.161358
0.397188
0
0.0248242
0.322715
0.0372364
0
0.273067
0.0868848
0.906085
0.769552
0.0248242
0.0124121
0.0124121
0
0.273067
0.707491
0
0.347539
0.297891
0.0372364
0.608194
0.0744727
0.0124121
0.670255
0.136533
0
0.0248242
0.0248242
0.397188
0.198594
0.434424
0.111709
0
0.397188
0.148945
0.0496485
0.186182
0.0124121
0.0744727
0.0124121
0.496485
0.0248242
0
0.0248242
0
0.124121
0.0496485
0
0.260655
0.0372364
0
0
0.0620606
0.0124121
0.17377
0.0496485
0.0620606
0.099297
0.0496485
0.4096
0.111709
0.422012
0
0.397188
0
0.273067
0
0.757139
0.285479
0
0.0372364
0
0.136533
0.0620606
0.136533
0.0124121
0
0.0372364
0.0744727
0.099297
0.769552
0.0744727
0.161358
0.0124121
0.397188
0
0.111709
0.297891
0.0124121
0
0.285479
0.521309
0.099297
0.893673
0
0
0.0868848
0.0372364
0
0
0
0.198594
0.521309
0.0620606
0.719903
0
0
0.186182
0
0.397188
0.099297
0.670255
0.608194
0.744727
0.0744727
0
0.347539
0.0744727
0
0.558545
0.211006
0.508897
0.397188
0.0248242
0.0868848
0
0.23583
0.099297
0.273067
0.0620606
0.0248242
0.0124121
0.608194
0
0.0372364
0.211006
0.124121
0
0.0744727
0.484073
0
0.285479
0.99297
0.0620606
0.0248242
0
0.0124121
0.4096
0.211006
0.111709
0.806788
0
0.446836
0.248242
0
0.223418
0.657842
0.558545
0.0372364
0.211006
0.273067
0.297891
0.397188
0.260655
0.0496485
0.422012
0
0.310303
0.111709
0.17377
0
0.0372364
0.136533
0.620606
0.0124121
0.0496485
0.0868848
0.0124121
0.496485
0.955733
0
0.4096
0.608194
0.0372364
0.459248
0.0248242
0.0496485
0.0744727
0.0124121
0.17377
0.0124121
0.0124121
0.0372364
0
0.0496485
0
0
0.968145
0.0248242
0.608194
0.335127
0.0744727
0.0372364
0.682667
0.608194
0
0.161358
0.211006
0.0372364
0.384776
0.397188
0.0496485
0
0
0.223418
0
0.397188
0.23583
0
0.0124121
0.0496485
0.161358
0.719903
0.0620606
0.521309
0.533721
0.0620606
0.335127
0.347539
0.0620606
0.633018
0.223418
0
0
0
0.0248242
0.0868848
0.0868848
0.297891
0.595782
0.124121
0.0868848
0
0.0248242
0.620606
0.260655
0
0.124121
0.0124121
0.521309
0.0496485
0.186182
0.397188
0.0744727
0
0.223418
0.0496485
0.0124121
0.459248
0.0372364
0.0248242
0.570958
0.806788
0.0868848
1.06744
0.533721
0.0744727
0.844024
0.0372364
0.248242
0.23583
0.372364
0.17377
0.670255
0.347539
0.0744727
0.0124121
0.297891
0.906085
0.570958
0.198594
0
0.260655
0
0.17377
0.0620606
0.0372364
0.0124121
0.273067
0.0372364
0
0.099297
0.260655
0
0.273067
0.757139
0
0.335127
0
0.23583
0.211006
0.0496485
0.335127
0
0.0124121
0.211006
0.17377
0.484073
0.0248242
0
0
0.0124121
0.0248242
0.0372364
0.0248242
0.58337
0.881261
0.17377
0.434424
0.310303
0.0496485
0.0248242
0.310303
0.0744727
0.446836
0.260655
0.148945
0.161358
0
0
0.0620606
0.0124121
0.186182
0
0
0.335127
0.496485
0.570958
0.111709
0.335127
0.23583
0.359952
0.111709
0
0.297891
0.161358
0.4096
0.0744727
0
0.422012
0
0.608194
0
0
0.732315
0
0.0744727
0.23583
0.0372364
0
0.285479
0.136533
0.620606
0.0248242
0.546133
0.0620606
0.868849
0.422012
0.0124121
0.0620606
0.0248242
0.8192
0.0124121
0.533721
0.0496485
0.0248242
0.136533
0.521309
0.148945
0
0.0124121
0.17377
0.484073
0.682667
0.0744727
0.111709
0.422012
0.211006
0
0.0372364
0.0124121
0.744727
0.0124121
0.8192
0
0.0248242
0.111709
0.17377
0.0124121
0.508897
0.0496485
0.273067
0.0620606
0.384776
0.806788
0.211006
0.64543
0
0.161358
0.0124121
0.136533
0.136533
0.0124121
0
0.0868848
0.484073
0.359952
0.633018
0.0248242
0.0248242
0.521309
0
0.0496485
0
0.186182
0.496485
0.446836
0.0744727
0.0620606
0.8192
0.0372364
0.434424
0.273067
0.111709
0.446836
0.186182
0
0
0.558545
0.223418
0.0868848
0
0.099297
0.0868848
0.0248242
0.0744727
0
0.0248242
0.161358
0.508897
0
0.310303
0.0372364
0.335127
0.111709
0.0868848
0.4096
0.161358
0.0124121
0.620606
0.297891
0.0124121
0
0
0.359952
0.23583
0.670255
0.0124121
0.124121
0.0248242
0.111709
0.148945
0
0
0.273067
0.670255
0.0124121
0.533721
0.633018
0
0.0124121
0.0372364
0
0.422012
0.484073
0
0.0744727
0.0248242
0.0248242
0.0868848
0.248242
0.0868848
0.508897
0.0868848
0.0496485
0.0620606
0.17377
0.124121
0.124121
0
0.0620606
0
0.260655
0.0744727
0.148945
0
0.0124121
0.248242
0.285479
0.0248242
0.0124121
0.471661
0.0124121
0.521309
0.0744727
0.124121
0.347539
0.0496485
0.831612
0.372364
0.111709
0.322715
0.260655
0
0.260655
0.0372364
0
0.868849
0
0
0.0248242
0.124121
0
0
0.0248242
0.0744727
0.0372364
0.968145
0.0124121
0.372364
0.347539
0
0
0.0620606
0.682667
0
0.273067
0.148945
0.198594
0.744727
0.099297
0.0248242
0.0496485
0
0.0496485
0.0124121
0
0
0.211006
0.111709
0.161358
0.744727
0.260655
0.136533
0
0.0496485
0.521309
0.322715
0.0124121
0
0.0248242
0.186182
0.260655
0.533721
0.0124121
0
0
0.186182
0.868849
0.0124121
0.223418
0.148945
0.0620606
0.446836
0.223418
0.595782
0
0
0.0248242
0
0.0372364
0.0248242
0.17377
0.161358
0.546133
0.484073
0.285479
0.0868848
0.359952
0.248242
0
0.0248242
0.633018
0.0124121
0.099297
0.0124121
0.111709
0.23583
0
0.347539
0.4096
0.608194
0.124121
0.198594
0.17377
0.161358
1.19156
0.248242
0.0248242
0.831612
0.4096
0.0124121
0.186182
0.099297
0.397188
0
0.198594
0.211006
0.0372364
0.0124121
0.546133
0.459248
0.186182
0
0.0248242
0.0372364
0.161358
0.161358
0.384776
0.297891
0.0124121
0
0.23583
0.0248242
0.757139
0.136533
0.508897
0.533721
0.0124121
0.186182
0.422012
0.0620606
0.546133
0.248242
0.384776
0.620606
0.322715
0.359952
0.0372364
0.0124121
0.260655
0.273067
0.310303
0.17377
0.111709
0.223418
0.0124121
0
0.372364
0
0.446836
0.384776
0.508897
0.099297
0.297891
0.186182
0.707491
0.459248
0
0.0248242
0.0868848
0.0620606
0.285479
0.148945
0
0
0.496485
0
0
0.0124121
0.23583
0.496485
0.136533
0.732315
0
0.148945
0.384776
0
0.0868848
0.0372364
0.347539
0.186182
0
0
0.58337
0.0744727
0.0124121
0
0.0496485
0.186182
0.446836
0.8192
0.707491
0.980558
0.0248242
0.0744727
0.0124121
0.186182
0
0.0124121
0.17377
0
0
0.136533
0.0620606
0.769552
0.595782
0
0.111709
0
0.0124121
0
0.148945
0.136533
0.0744727
0.0372364
0.558545
0.359952
0.0620606
0.186182
0.0372364
0.4096
0.297891
0.148945
0.0868848
0.4096
0.0124121
0.0496485
0
0.211006
0.769552
0.23583
0.0372364
0.0248242
0.347539
0
0.0124121
0.546133
0.359952
0.23583
0.161358
0.148945
0.570958
0.0620606
0
0.620606
0.657842
0.359952
0.186182
0.124121
0
0
0.0372364
0.297891
0.136533
0.260655
0
0.508897
0
0.260655
0.0124121
0.111709
0.546133
0.0372364
0
0.58337
0.0248242
0
0.0372364
0.384776
0.0248242
0.186182
0.0496485
0.372364
0
0.0372364
0.198594
0.211006
0.633018
0.186182
0
0.198594
0.0124121
0.359952
0.608194
0.794376
0.0372364
0.484073
0
0.484073
0
0.0744727
0
0.0620606
0.099297
0.161358
0.111709
0
0.285479
0
0.0868848
0
0
0.223418
0
0.0620606
0
0.223418
0.0744727
0.161358
0
0
0.0124121
0
0
0
0.099297
0.17377
0.0868848
0.620606
0.0248242
0.633018
0.0744727
0.0744727
0.0868848
0.0124121
0.248242
0
0
0.111709
0.23583
0.248242
0.0124121
0.0620606
0.223418
0.17377
0.0124121
0
0.459248
0.0496485
0.595782
0.347539
0.223418
0.0124121
0.161358
1.1295
0.211006
0
0.148945
0.198594
0.17377
0
0.297891
0
0.0744727
0.111709
0.297891
0
0.0496485
0.0868848
0
0.136533
0.198594
0.0868848
0.4096
0
0.484073
0
0.546133
0.273067
0.099297
0.260655
0
0
0.23583
0.186182
0.434424
0.0248242
0.273067
0.0496485
0
0
0.471661
0
0.471661
0.17377
0.111709
0.17377
0.0372364
0.372364
0
0.570958
0.248242
0.0248242
0.161358
0.0124121
0.198594
0
0.0124121
0.0124121
0
0
0
0
0.620606
0.0248242
0.0496485
0.23583
0.0248242
0.719903
0.322715
0.23583
0.570958
0
0
0.297891
0.397188
0.0124121
0.273067
0.310303
0.099297
0.521309
0.0372364
0.0248242
0.198594
0.248242
0.0124121
0.285479
0.297891
0.844024
0.273067
0.0868848
0.136533
0.0248242
0.0248242
0.148945
0.0496485
0.0248242
0.558545
0.148945
0.0124121
0.322715
0.496485
0.124121
0
0.0124121
0.0248242
0.211006
0.0124121
0.297891
0
0.0744727
0.111709
0.0372364
0.223418
0.136533
0
0.248242
0.161358
0
0.446836
0
0
0.211006
0.124121
0.285479
0.0372364
0
0.248242
0.397188
0.384776
0.397188
0.124121
0
0.0744727
0
0
0.0248242
0.124121
0.0248242
0.0248242
0.0124121
0.0372364
0.0744727
0.111709
0.0744727
0.0620606
0.335127
0.384776
0.310303
0.148945
0
0.186182
0.248242
0.0248242
0.310303
0.17377
0.297891
0.794376
0.508897
0.111709
0
0.0248242
0.285479
0
0.0620606
0.471661
0.558545
0.0620606
0.099297
0.434424
0.347539
0.148945
0.682667
0.0372364
0.17377
0
0.521309
0.558545
0.471661
0.297891
0.608194
1.42739
0.670255
0.595782
0.0248242
0
0.670255
0.446836
0.248242
0.359952
0.0248242
0.223418
0
0.111709
0.508897
0.0868848
0.8192
0.273067
0.0744727
0.0744727
0
0.23583
0.124121
0.335127
0.0496485
0.23583
0.0744727
0.260655
0.0620606
0.23583
0.0744727
0.124121
0
0.496485
0.285479
0.0372364
0.0248242
0
0.17377
0.260655
0.657842
0.0124121
0.0248242
0.64543
0
