0
0.0140708
0.18292
0
0.0422123
0
0
0.0844246
0
0
0
0
0
0
0
0
0
0
0.126637
0
0
0
0
0
0
0.0140708
0.0140708
0.0281415
0
0
0
0
0.0140708
0.0562831
0
0
0
0
0.0140708
0.0140708
0.0140708
0
0
0.0422123
0.0140708
0.0281415
0
0
0
0
0
0.0140708
0
0
0.211061
0
0
0
0
0.0562831
0
0
0.0140708
0
0
0
0
0.0140708
0
0
0
0
0.0140708
0
0
0
0
0
0
0.0281415
0
0
0
0
0
0
0
0
0.154778
0
0
0
0
0
0.0140708
0
0.0140708
0
0
0
0
0
0.408052
0.0140708
0
0.0281415
0
0
0
0
0
0
0
0.0562831
0.0281415
0
0.0140708
0
0.0140708
0
0
0
0
0
0
0
0.0140708
0.0140708
0
0
0
0
0.18292
0
0.0140708
0
0.0140708
0
0
0.140708
0
0
0.984954
0
0
0
0
0
0.0281415
0
0
0
0
0
0
0
0
0
0.0281415
0
0
0.0703538
0
0
0.0140708
0
0.0422123
0.0140708
0
0
0
0
0.0281415
0
0
0
0
0.0140708
0
0
0
0
0
0.0140708
0
0
0
0
0.0140708
0
0
0
0.0281415
0
0
0.0140708
0
0
0
0.0140708
0
0
0.211061
0
0
0.0140708
0.0140708
0
0
0.0140708
0.393981
0
0
0.295486
0.0281415
0
0
0.0140708
0
0
0
0
0
0
0
0
0
0
0.0422123
0
0.0140708
0
0
0.450265
0
0
0
0
0
0.0140708
0.0422123
0
0
0
0.0140708
0
0
0.0140708
0
0.0281415
0
0.0422123
0
0
0
0
0
0
0
0.0703538
0.0984954
0
0.0281415
0
0.0140708
0.0703538
0
0
0.0422123
0.0140708
0
0.140708
0.0140708
0.689468
0.0281415
0.0281415
0.0140708
0.0281415
0
0.112566
0
0
0.126637
0
0.0281415
0.0844246
0.140708
0.0281415
0.0281415
0
0.0422123
0
0
0
0
0
0
0
0
0.0281415
0
0
0.0281415
0
0
0
0.408052
0
0
0.436194
0
0
0
0
0
0
0
0
0
0.0281415
0.0281415
0
0.0281415
0
0.0140708
0
0
0
0.126637
0.0562831
0
0
0
0.0281415
0.0422123
0
0
0.351769
0
0
0
0
0
0.0281415
0
0
0
0
0
0
0
0.0140708
0
0
0.0140708
0
0.0281415
0
0
0
0
0.0140708
0.0140708
0
0.0140708
0
0
0
0.0281415
0.0281415
0
0
0
0.0281415
0.0984954
0
0.0140708
0
0.0422123
0
0
0.0562831
0
0
0.0422123
0
0
0
0
0
0
0.0984954
0
0
0
0
0.267345
0
0
0
0
0
0
0
0
0
0
0
0.0140708
0.562831
0
0.0422123
0.0140708
0
0
0
0
0
0
0
0
0
0
0
0
0
0
0
0
0
0.0281415
0.0844246
0.281415
0
0
0
0.0140708
0
0
0
0
0.0140708
0
0
0
0
0.0844246
0.0140708
0
0
0
0
0
0
0
0
0.0281415
0
0
0
0
0
0
0
0
0
0
0
0
0
0
0
0.0140708
0
0
0
0
0
0
0.0281415
0.168849
0
0.267345
0
0.126637
0
0
0
0
0
0
0.0140708
0
0.0562831
0.0703538
0
0
0
0
0.0844246
0
0.0140708
0.211061
0
0
0
0
0.0281415
0
0
0
0
0
0
0.0562831
0.0140708
0.478406
0.0140708
0
0
0
0
0
0
0
0
0
0.0140708
0
0.196991
0
0
0
0
0
0
0
0
0
0
0
0.0140708
0
0
0
0.323628
0
0.0140708
0.0422123
0
0
0.0562831
0
0
0.0140708
0
0
0.0281415
0.168849
0
0.154778
0
0
0
0
0.0140708
0.675397
0.0281415
0
0
0
0.211061
0
0
0
0
0
0
0
0
0.0844246
0
0
0
0
0
0
0.0140708
0
0
0
0
0
0
0
0
0.0140708
0
0
0
0
0
0
0
0
0
0
0
0.0281415
0
0.0422123
0
0
0.0703538
0
0
0
0.0140708
0
0
0
0
0
0.0422123
0
0.323628
0
0
0.0281415
0
0
0
0
0.0140708
0
0
0
0
0
0
0
0
0
0.0140708
0
0.0703538
0
0
0.0140708
0.225132
0.0140708
0.0422123
0
0
0.126637
0
0
0
0
0
0.436194
0
0.0140708
0.0844246
0
0.0140708
0
0.0281415
0
0
0.0140708
0
0
0.0140708
0
0
0
0
0
0
0
0.0281415
0
0.168849
0
0
0
0.0281415
0
0
0
0
0
0.0140708
0
0
0
0
0
0
0
0
0
0.0140708
0
0
0
0
0
0
0
0
0
0
0.112566
0
0.0140708
0
0
0
0.267345
0
0.0422123
0
0.0281415
0.0703538
0
0
0
0
0
0
0
0.0703538
0.0281415
0
0
0
0
0
0
0
0.0422123
0
0
0
0.0562831
0
0
0.0281415
0
0
0
0
0
0
0.0281415
0
0
0
0
0.0140708
0.239203
0
0
0
0
0.323628
0
0.0140708
0
0
0
0.0281415
0
0
0.0281415
0.0281415
0
0
0
0
0
0
0
0
0.0422123
0
0.0703538
0
0.225132
0
0
0
0.0281415
0
0.0140708
0
0
0
0
0
0
0
0
0
0
0
0
0
0
0
0
0
0
0.0984954
0.0140708
0.0140708
0
0
0
0
0.0140708
0.0562831
0
0
0.0140708
0
0
0
0.309557
0
0
0
0
0
0
0
0.0562831
0
0
0
0.0844246
0
0
0.140708
0.0140708
0
0
0
0
0.0140708
0
0
0
0
0
0.0140708
0
0
0
0
0
0.0562831
0.0140708
0
0
0.0140708
0.393981
0
0
0
0
0
0
0.0422123
0.309557
0.0140708
0
0
0
0
0
0
0
0
0.0281415
0.0140708
0.0422123
0
0.0140708
0
0.0281415
0
0.0140708
0
0
0.309557
0
0.168849
0
0
0
0
0.36584
0
0
0
0.18292
0.0140708
0.0703538
0
0
0
0
0
0
0
0
0
0
0
0
0.0422123
0
0
0
0
0
0
0
0
0
0
0
0
0
0.0140708
0
0.0140708
0
0
0
0
0
0
0.0140708
0.0703538
0.112566
0
0.0140708
0.54876
0.0984954
0
0
0
0.0140708
0.0140708
0
0
0
0
0
0
0
0
0.0422123
0
0
0.0422123
0
0
0
0
0
0
0
0
0
0
0
0
0
0
0.0140708
0.745751
0
0.0422123
0
0.168849
0
0.253274
0.0422123
0.0140708
0
0
0
0.0703538
0
0
0.0140708
0.112566
0
0.0703538
0
0.422123
0
0.633184
0.126637
0.576901
0.126637
0.0984954
0
0.36584
0.0422123
0.0422123
0.703538
0
0.126637
0
0
0.0844246
0.126637
0.464335
0.0984954
0.18292
0.703538
0.0140708
0.393981
0.0422123
0.478406
0.351769
0.0844246
0.0844246
0
0.168849
0.422123
0.999024
0
0.196991
0
0.661326
0.0703538
0.18292
0.0562831
0
0
0.0562831
0
0.717609
0.0422123
0.225132
0.0562831
0.0140708
0.267345
0.281415
0.196991
0.18292
0.18292
0.126637
0.309557
0.0703538
0.576901
0.18292
0.436194
0.379911
0
0.337698
0
0
0
0
0.0140708
0.0140708
0.0844246
0.225132
0.0422123
0.154778
0.211061
0.0281415
0.225132
0.0984954
0.267345
0
0.0984954
0.0422123
0
0.323628
0.0844246
0.168849
0.393981
0.239203
0.379911
0
0.0844246
0.267345
0
0.0562831
0.0281415
0.211061
0.408052
0.478406
0.0281415
0.0281415
0
0
0.225132
0.464335
0.351769
0.393981
0.18292
0.168849
0.168849
0.464335
0.295486
0.562831
0.140708
0.0703538
0.464335
0.0422123
0
0.0140708
0.0422123
0.422123
0.337698
0.196991
0.295486
0
0.309557
0.0703538
0
0.112566
0.689468
0.18292
0.0562831
0
0.0703538
0.0140708
0.18292
0.225132
0.112566
0.140708
0.309557
0.0281415
1.09752
0
0
0.0562831
0.112566
0
0.379911
0.18292
0.0984954
0.408052
0.590972
0.0422123
0
0.0281415
0.0140708
0.0140708
0
0.18292
0.295486
0.802034
0.36584
0
0.0844246
0.0703538
0
0
0.126637
0.225132
0
0.112566
0
0.506548
0.196991
0.267345
0.0140708
0
0.717609
0.239203
0.0422123
0.534689
0.436194
0
0
0.0281415
0.0281415
0.745751
0.168849
0
0.211061
0.0422123
0
0.112566
0
0.225132
0.267345
0.112566
0.0562831
0
0.0703538
0.0281415
0.253274
0.225132
0.0140708
0.0422123
0.267345
0.0703538
0.18292
0.225132
0.196991
0.0703538
0.281415
0.112566
0
0.168849
0.154778
0
0.0984954
0.140708
0.253274
0
0.309557
0.18292
0
0
0.140708
0.168849
0.0140708
0.0281415
0
0.0703538
0
0
0.717609
0
0.520618
0.154778
0
0.239203
0.0703538
0.168849
0.0281415
0.0422123
0
0.0140708
0
0
0.0140708
0.562831
0.0703538
0
0.0140708
0
0.520618
0.196991
0.0562831
0.309557
0
0.295486
0.0281415
0.0281415
0.0984954
0
0.0140708
0.0422123
0
0.436194
0.126637
0.0562831
0.0140708
0.309557
0.0140708
0.745751
0.717609
0.0703538
0.323628
0.0703538
0.0281415
0.126637
0.18292
0.196991
0.942741
0.54876
0.436194
0.506548
0.0281415
0.168849
0.0422123
0.0703538
0.0844246
0.337698
0.0703538
0.112566
0.0281415
0.154778
0.0281415
0.0703538
0.0281415
0
0.0140708
0
0.802034
0
0
0.0703538
0.647255
0.36584
0.267345
0.816104
0.0281415
0.0703538
0
0.0140708
0
0.0140708
0.9146
0.54876
0.225132
0.36584
0.0140708
0.450265
0.239203
0
0
0.0984954
0.562831
0.309557
0.281415
0
0.0422123
0.422123
0.112566
0.393981
0.267345
0.830175
0.154778
0.0562831
0
0.0140708
0
0.0703538
0
0.633184
0.112566
0.0844246
0.0844246
0.562831
0.0562831
0.225132
0.351769
0.464335
0.112566
0.154778
0.0140708
0.0562831
0.393981
0.0140708
0.0140708
0.605043
0.450265
0.154778
0
0.0140708
0.0984954
0.647255
0.379911
0.0844246
0
0.0140708
0
0.450265
0
0.0140708
0.225132
0.0140708
0.0140708
0.0140708
0.337698
0.0281415
0
0
0.0140708
0.0844246
0.267345
0.351769
0
0
0.379911
0.309557
0.0422123
0.408052
0.54876
0.0984954
0.36584
0
0.745751
0.239203
0.295486
0.168849
0.619114
0.0140708
0.0703538
0.126637
0.0140708
0.0703538
0.267345
0.0984954
0.0281415
0.408052
0.422123
0
0.253274
0.0844246
0.126637
0.393981
0.0422123
0.647255
0.787963
0.309557
0.422123
0.0281415
0.0844246
0
0
0.281415
0.267345
0.450265
0.562831
0.126637
0
0.0562831
0.0562831
0.0703538
0.0140708
0.0562831
0.154778
0.619114
0
0.0984954
0.253274
0.408052
0
0.0281415
0.112566
0.0140708
0.745751
0.0422123
0.0844246
0.168849
0.0984954
0.9146
0
0.619114
0
0.0281415
0.534689
0.576901
0
0.0844246
0.0984954
0
0.0703538
0.168849
0
0.0562831
0.309557
0.661326
0.18292
0.422123
0.140708
0.337698
0.0140708
0
0
0.323628
0
0.239203
0.0844246
0.126637
0
0.196991
0.337698
0.436194
0.436194
0.225132
0.309557
1.13973
0.0281415
0.196991
0.0422123
0
0.0140708
0.36584
0.295486
0.717609
0.112566
0.0844246
0.323628
0.450265
0.520618
0
0.0844246
0
0.773892
0.717609
0.154778
0
0.295486
0.0281415
0.337698
0.942741
0.0281415
0
0.0844246
0.0422123
0.126637
0
0
0.633184
0
0.0140708
0.36584
0.436194
0.225132
0.211061
0.0984954
0.154778
0.168849
0.154778
0.576901
0.337698
0.0422123
0.408052
0.506548
0.605043
0.605043
0.281415
0
0.126637
0
0.422123
0.225132
0.619114
0.422123
0.211061
0
0.576901
0
0.436194
0
0.0984954
0.36584
0.464335
0.0422123
0.689468
0
0.267345
0.0140708
0.0281415
0.253274
0
0.112566
0
0.0281415
0.18292
0.422123
0.0140708
0.0703538
0.0422123
0.436194
0.154778
0
0
0.54876
0.0281415
0.0140708
0.675397
0.309557
0.0844246
0.168849
0.0281415
0.196991
0.0844246
0.225132
0.168849
0.168849
0.0844246
0
0.408052
0.337698
0.0562831
0
0
0
0.0703538
0.337698
0.0703538
0.0281415
0.492477
0.408052
0.0140708
0.295486
0.534689
0.492477
0.196991
0.0844246
0.126637
0.422123
0.605043
0.872387
0.0562831
0.168849
0
0
0
0.379911
0.562831
0.73168
0.0140708
0.464335
0.0422123
0
0
0.0984954
0
0.18292
0.351769
0
0.0140708
0.225132
0.0281415
0
0.126637
0.168849
0
0.281415
0.0844246
0
0
0.464335
0.140708
0.323628
0.0703538
0.36584
0
0.0703538
0.239203
0.253274
0.112566
0.154778
0.717609
0.590972
0.576901
0.759821
0.239203
0.0140708
0.464335
0.0984954
0.0422123
0.253274
0.112566
0.0703538
0.295486
0.0422123
0.450265
0.745751
0.295486
1.21009
0.239203
0.408052
0.0984954
0.0844246
0
0.858317
0.0281415
0
0
0.323628
0.0422123
0
0.154778
0.126637
0.239203
0.0281415
0.576901
0.211061
0.211061
0
0.0844246
0.309557
0
0.337698
0
0.492477
0.0422123
0.140708
0.140708
0.0562831
0.323628
0.0844246
0.408052
0.0422123
0.253274
0
0
0
0.9146
0
0.0140708
0.295486
0.281415
0.464335
0
0.140708
0.464335
0.168849
0.0422123
0.0422123
0.633184
0.0281415
0.154778
0.309557
0.984954
0.337698
0.422123
0.253274
0.351769
0.0703538
0.154778
0.267345
0.0140708
0.0844246
0.802034
0.0562831
0.154778
0
0.0703538
0.0984954
0.0140708
0.281415
0.0422123
0.0281415
0.436194
0.562831
0.154778
0
0.267345
0.379911
0.0703538
0.309557
0.253274
0
0.36584
0.309557
0.196991
0
0.393981
0.492477
0
0.196991
0.0140708
0
0.436194
0.168849
0.576901
0.619114
0.0281415
0.0844246
0.0140708
0.0562831
0.619114
0.506548
0.323628
0.295486
0.0140708
0
0.0281415
0
0.112566
0.379911
0
0.0422123
0.196991
0.253274
0.0140708
0.0140708
0.73168
0
0.0422123
0.295486
0
0.478406
0
0.112566
0.112566
0
0.140708
0
0.422123
0.112566
0.464335
0.18292
0.464335
0
0
0.590972
0.0140708
0.0140708
0
0.858317
0.0562831
0
0.0703538
0.0703538
0.18292
0
0.0703538
0.154778
0.323628
0.154778
0.520618
0.323628
0.253274
0.337698
0.112566
0
0.0140708
0
0.126637
0.0140708
0.196991
0.337698
0.619114
0.0422123
0
0.0281415
0.562831
0.633184
0.337698
0.0562831
0
0.858317
0.196991
0.154778
0.0422123
0
0.196991
0
0.689468
0
0.562831
0.0140708
0.239203
0.0140708
0.590972
0.0281415
0.773892
0
0
0.323628
0.225132
0.309557
0
0.126637
0
0.126637
0.140708
0.0984954
0
0.0422123
0.0703538
0.253274
0.0281415
0.408052
0.225132
0.267345
0.0844246
0.36584
0.0984954
0.759821
0.422123
0
0.0140708
0
0.0562831
0
0
0.239203
0.0562831
0.605043
0
0.0984954
0.295486
0.830175
0.450265
0.689468
0.112566
0.562831
0.0140708
0.0281415
0.140708
0.759821
0.0281415
0.154778
0.605043
0.379911
0.0562831
0.422123
0
0.225132
0.0562831
0.393981
0.126637
0.492477
0.478406
0.154778
0.0562831
0.0140708
0.408052
0.0984954
0.0562831
0
0
0.154778
0.154778
0.239203
0.18292
0
0.450265
0.492477
0.295486
0.126637
0.506548
0.379911
0
0.323628
0
0
0
0.436194
0.0703538
0
0.450265
0.0844246
0.393981
0.18292
0.0140708
0.590972
0.0984954
0
0.0140708
0.225132
0.253274
0.126637
0
0.506548
0
0.281415
0.196991
0
0.0984954
0.0281415
0.0984954
0
0.999024
0.0844246
0.0703538
0.0140708
0.605043
0.18292
0.0703538
0.787963
0.0140708
0.267345
0.422123
0
0.0984954
0
0.787963
0
0.0140708
0.168849
0.0422123
0.0844246
0.126637
0.0703538
0.408052
0.225132
0.211061
0.0844246
0.196991
0.0984954
0
0.196991
0
0.309557
0.196991
0
0.492477
0.154778
0.140708
0
0.464335
0.0281415
1.08345
0.295486
0.0281415
0.211061
0.0140708
0.0140708
0.154778
0.211061
0.140708
0.0703538
0.408052
0.168849
0
0
0.520618
0.759821
0.0422123
0.140708
0.253274
0
0.154778
0.126637
0.211061
0
0.154778
0.225132
0
0.773892
0.54876
0.379911
0.0281415
0
0.140708
0.18292
0
0.0703538
0.422123
0.295486
0.225132
0.323628
0
0
0.54876
0.0140708
0.0562831
0.408052
0
0.0140708
0.759821
0
0
0.126637
0.0844246
0.211061
0.844246
0.112566
0.0140708
0.140708
0.112566
1.04124
0.436194
0
0.0422123
0
0.0140708
0.112566
0.436194
0.295486
0.281415
0
0.0703538
0.168849
0.239203
0.0140708
0.0422123
0.140708
0.0140708
0.393981
0.0422123
0
0.0281415
0.450265
0.211061
0
0.168849
0.0562831
0.0281415
0.0703538
1.0131
0.351769
0
0.0281415
0.675397
0
0
0
0.379911
0.0140708
0
0
0
0
0.281415
0.211061
0
0.295486
0.351769
0.0281415
0.225132
0.309557
0
0
0.520618
0.436194
0.239203
0.239203
0
0
0.239203
0.619114
0.0562831
0.9146
0
0.0984954
0.196991
0
0.0562831
0.0140708
0.0140708
0
0.0422123
0.773892
0
0.140708
0
0.140708
0.0984954
0.112566
0
0.393981
0.0281415
0.436194
0
0.281415
0.647255
0.464335
0.0281415
0.168849
0
0
0.281415
0
0.54876
0.351769
0.196991
0.211061
0
0.281415
0.0140708
0
0
0.393981
0
0.0140708
0.464335
0.281415
0.745751
0.661326
0.18292
0.422123
0.239203
0
0.0422123
0.154778
0.562831
0.633184
0.154778
0
0.759821
0.253274
0.0703538
0.239203
0.0140708
0.478406
0.0703538
0
0.337698
0.802034
0.619114
0.0140708
0.0422123
0.112566
0.54876
0
0.18292
0.73168
0.534689
0
0.225132
0.211061
0.0140708
0
0
0
0.0984954
0
0
0.0703538
0.0140708
0
0.0703538
0.0703538
0
0
0.590972
0
0
0.0281415
0.0422123
0.140708
0.0422123
0.0140708
0.970883
0
0.0140708
1.05531
0.0281415
0.534689
0.309557
0.0984954
0.0140708
0
0.0140708
0
0
0.126637
0.506548
0.18292
0.154778
0.0140708
0.112566
0.0281415
0.0140708
0.225132
0.0140708
0.802034
0.872387
0.0140708
0
0.140708
0.211061
0
0
0
0
0.168849
0.942741
0
0
0
0.576901
0.225132
0.0562831
0.196991
0.168849
0.337698
0.647255
0.0984954
0
0.0984954
0.0984954
0.225132
0.126637
0.0984954
0.0984954
0.436194
0.154778
0.0422123
0.0140708
0.0140708
0
0.140708
0
0.253274
0.802034
0
0.0562831
0
0.393981
0.900529
0
0
0.154778
0
0.0140708
0.112566
0.0422123
0
0.267345
0
0.0140708
0.886458
0
0
0.0140708
1.22416
0
0
0.239203
0.0140708
0
0.337698
0.0140708
0.506548
0.225132
0.675397
0.140708
1.04124
0.0140708
0.323628
0
0.464335
0.154778
0
0.154778
0.675397
0.0140708
0.154778
0.0562831
0.0422123
0.36584
0
0
0
0
0.886458
0.225132
0.0281415
0.0281415
0.295486
0
0.140708
0.520618
0
0.422123
0.225132
0.0984954
0.281415
0.478406
0
0.154778
0.0140708
0.0281415
0
0.267345
0
0.379911
0
0
0.267345
0.54876
0
0.0140708
0.0562831
0
0.422123
0.0140708
0.675397
0
1.02717
0
0.351769
0
0.633184
0.0140708
0
0.0140708
0.239203
0.0422123
0.112566
0.0140708
0.309557
0
0.0422123
0.0140708
0.675397
1.04124
0.0281415
0.168849
0.478406
0
0.0844246
0.562831
0
0
0
0.942741
0
0.675397
0
0
0
0
0.267345
0
0
0.0281415
0.0281415
1.23823
0.0140708
0.0703538
0.619114
0.0140708
0.0281415
0
0
0
0
0
0.478406
0.18292
0.351769
0.0281415
0
0
0
0
0
0.619114
0.168849
0.0562831
0
0
0.73168
0.562831
0.0562831
0
0.661326
0
0.281415
0.0140708
0.112566
0.0140708
0.267345
0.18292
0.886458
0.9146
0
0.408052
0.18292
0
0.140708
0.0422123
0.211061
0.520618
0.323628
0.112566
0
0.351769
0
0.0281415
0
0.0422123
0.126637
0.154778
0
0.0422123
0
0.872387
0
0
0.590972
0.281415
0
0.379911
0.112566
0.0844246
0.126637
0
0.309557
0.337698
0.661326
0
0.0140708
0.0140708
0.492477
0.239203
0.408052
0.112566
0.0562831
0.281415
0.0140708
0.18292
0
0
0
0.295486
0.0422123
0
0.0703538
0.0140708
0
0.295486
0.0281415
0.295486
0.0703538
0.0844246
0.126637
0.0844246
0.112566
0.422123
0
0.0281415
0.422123
0
0
0.112566
0.0703538
0.590972
0
0.590972
0.196991
0.140708
0.436194
0
0.281415
0.379911
0.253274
0.0422123
0.492477
0.0844246
0
0.126637
0
0
0.253274
0.0140708
0.281415
0.675397
0.211061
0
0.408052
0.0140708
0
0
0
0.196991
0.351769
0.295486
0.154778
0.0844246
0
0
0.0844246
0.408052
0
0
0.54876
0.0281415
0.0703538
0
0
0.675397
0
0
0.0984954
0.464335
0
0.393981
0
0
0.267345
0.140708
0.239203
0.168849
0
0
0
0
0
0.323628
0.661326
0
0
0
0.0984954
0.196991
0.590972
0.0984954
0
0.0422123
0.0422123
0.140708
0
0.267345
0
0.619114
0
0.0984954
0
0.562831
0.0703538
0
0.379911
0.478406
0.605043
0
0.534689
0.408052
0.0703538
0.267345
0.0984954
0
0.0703538
0.0140708
0
0
0.323628
0
0
0.759821
0
0.154778
0.112566
0
0
0
0
0.520618
0.0562831
0.0140708
0.196991
0.18292
0.478406
0.126637
0.211061
0.112566
0
0.0422123
0.18292
0.0703538
0.0140708
0.112566
0
0.211061
0.0281415
0.0984954
0.0562831
0.225132
0.492477
0
0.0140708
0
0.422123
0
0.0140708
0
0.0140708
0.0281415
0
0.154778
0.647255
0.309557
0.0422123
0.0422123
0.745751
0
0.239203
0.0562831
0.984954
0.590972
0
0.984954
0.647255
0
0
0
0.36584
0.0281415
0.0562831
0.478406
0
0.0422123
0.0140708
0
0.534689
0.0984954
0.787963
0
0.126637
0
0
0
0
0.436194
0.689468
0.281415
0
0.36584
0.450265
0.281415
0
0.112566
0.0140708
0
0.112566
0
0.309557
0
0
0.126637
0.506548
0
0.408052
0.140708
0
0.520618
0.0703538
0.0140708
0.126637
0
0.0703538
0.0844246
0.717609
0
0.0140708
0
0
0.0422123
0.281415
0.0140708
0.408052
0.267345
0
0.0844246
0.323628
0
0.984954
0.0281415
0.0562831
0
0
0
0
0
0
0.168849
0.112566
0.661326
0.590972
0.253274
0.225132
0
0.436194
0.112566
0.126637
0
0
0.534689
0.126637
0.0844246
0.0140708
0.450265
0.126637
0
0.605043
0.0703538
0.534689
0.140708
0.126637
0.0562831
0.140708
0.309557
0
0.0140708
0.0140708
0.675397
0.54876
0
0
0.168849
0.9146
0.0281415
0.281415
0
0.36584
0.54876
0.168849
0.0844246
0
0
0
0.0140708
0.0562831
0.759821
0.337698
0.211061
0
0
0.0984954
0
0
0.379911
0.239203
0
0.422123
0
0
0
0.0140708
0.18292
0.661326
0.0844246
0.225132
0.0844246
0
0
0.168849
0.36584
0.506548
0
0.0140708
0.0281415
0
0
0
0.0422123
0
0.18292
0.422123
0
0.661326
0.661326
0.576901
0.112566
0.225132
0
0.408052
0.773892
0.605043
0.0140708
0.0140708
0
0.0281415
0
0
0
0.267345
0.0422123
0
0
0.295486
0.351769
0
0
0.633184
0.0281415
0.633184
0
0
0.0562831
0
0.225132
0.140708
0
0.689468
0
0.140708
0
0
0
0.0422123
0
0.773892
0.0281415
0.379911
0
0.0422123
0
0.126637
0.154778
0.0984954
0
0.0844246
0.309557
0.0703538
0
0.267345
0.253274
0
0
0
0.0281415
0
0
0.633184
0
0.872387
0.196991
0.0140708
0
0
0.0281415
0.0140708
0.872387
0.562831
0
0
0.112566
0.0984954
0.295486
0.0844246
0.0422123
0.18292
0.393981
0
0.0984954
0.18292
0.0140708
0
0
0.36584
0.0422123
0.140708
0.0422123
0.675397
0.759821
0.647255
0.0703538
0.196991
0.0281415
1.0131
0.351769
0
0.436194
0.0140708
0
0.211061
0.576901
0.0844246
0.211061
0.0281415
0.253274
0.351769
0.970883
0.0140708
0.225132
0
0.0984954
0.0844246
0.0984954
0.0140708
0.112566
0.0422123
0.351769
0.0140708
0.0140708
0.351769
0
0.211061
0.168849
0.0422123
0.492477
0.239203
0
0.112566
0.717609
0.759821
0.154778
0
0.0703538
0.0422123
0.211061
0.0281415
0.520618
0
0
0.112566
0
0.379911
0.0984954
0.689468
0.534689
0.0422123
0.112566
0.211061
0
0.140708
0.112566
0.506548
0
0
0
0.787963
0.787963
0
0.0140708
0.0844246
0.112566
0
0.0281415
0.0140708
0.112566
0.0281415
0.0844246
0.0984954
0.154778
0
0
0.196991
0.0984954
0.18292
0.478406
0.0562831
0.18292
0.520618
0.464335
0.309557
0.661326
0.0281415
0
0.506548
0.196991
0.647255
0.661326
0.0140708
0.0562831
0.0422123
0.0844246
0.0281415
0.36584
0.351769
0
0.337698
0.196991
0.0703538
0.0422123
0.422123
0
0.0984954
0.239203
0.0844246
0.337698
0.0422123
0.295486
0.0562831
0.253274
0.337698
0.0984954
0
0.0703538
0
0.506548
0.436194
0
0.0281415
0.126637
0.112566
0.253274
0
0.605043
0.0281415
0.0281415
0.0140708
0.225132
0
0.689468
0
0.309557
0.661326
0.436194
0.154778
0.0844246
0.225132
0
0.0281415
0
0.0422123
0.0422123
0.154778
0.675397
0.562831
0.0140708
0.196991
0.0984954
0.154778
0.0140708
0.0844246
0.295486
0.0844246
0.534689
0.337698
0
0
0.239203
0.999024
0
0.633184
0.168849
0.239203
0.351769
0.0281415
0.576901
0
0.661326
0.0703538
0
0
0.18292
0.0140708
0
0.0281415
0.506548
0.267345
0.0140708
0
0.154778
0
0
0.900529
0.295486
0.0281415
0
0.605043
0.0281415
0.0140708
0.0422123
0.168849
0.196991
0
0.295486
0.0562831
0
0
0.281415
0.112566
0.337698
0
0.337698
0.281415
0.154778
1.08345
0
0.0562831
0
0.239203
0
0.196991
0.0422123
0.0844246
0
0.351769
0.464335
0.323628
0.0703538
0.0984954
0.0703538
0.239203
0
0.351769
0.717609
0.576901
0.520618
0.478406
0.858317
0
0.154778
0.323628
0
0.0703538
0.140708
0.154778
0.253274
0.196991
0.168849
0.0984954
0.0422123
0.253274
0.0984954
0.0140708
0.0422123
0
0.0140708
0.309557
0.0281415
0
0.126637
0.351769
0.196991
0.0562831
0.0984954
0.337698
0.0703538
0
0.520618
0.0281415
0.140708
0.0422123
0
0
0.0562831
0.0281415
0.112566
0.534689
0.196991
0.140708
0.140708
0
0.0140708
0.154778
0.267345
0.18292
0.0703538
0.351769
0
0
0
0.0562831
0
0.0281415
0
0.379911
0.520618
0
0
0.225132
0.0281415
0
0.0281415
0
0.281415
0.309557
0
0.0140708
0.787963
0.647255
0.703538
1.09752
0
0.0281415
0.112566
0
0.196991
0
0.0562831
0.0984954
0
0.464335
0.295486
0.872387
0.112566
0.0422123
0.267345
0.393981
0
0
0
0.0422123
0.126637
0.0140708
0.0844246
0.450265
0.0562831
0.0562831
0.126637
0.196991
0.534689
0.18292
0
0.54876
0.0984954
0.492477
0.633184
0.196991
0.0281415
0.436194
0.464335
0
0
0
0
0.196991
0.464335
0.0281415
0.928671
0.295486
0.0562831
0.309557
0.154778
0
0.0140708
0.379911
0.225132
0
0.0562831
0.0562831
0.36584
0.928671
0.0844246
0.436194
0.0281415
0
0
0.464335
0.196991
0
0.154778
0.140708
0.140708
0.154778
0
0.0422123
0.436194
0
0.0281415
0.36584
0.0422123
0
0.0281415
0.211061
0.239203
0.0140708
0.450265
0
0.36584
0.0140708
0.253274
0.225132
0.0281415
0.168849
0.295486
0.619114
0
0.18292
0
0.787963
0.126637
0
0.309557
0.858317
0.534689
0.0281415
0.408052
0.478406
0.281415
0.0140708
0.18292
0.337698
0.0984954
0
0
0.18292
0.323628
0.337698
0
0.196991
0.0281415
0.478406
0.0140708
0.196991
0.0562831
0.0844246
0
0.464335
0.36584
0.323628
0
0
0.309557
0.0281415
0.506548
0.0984954
0.253274
0.759821
0.0844246
0.520618
0.196991
0.351769
0
0.0140708
0
0.0422123
0
0.717609
0.0422123
0.0703538
0.0703538
0.0281415
0.225132
0.154778
0.0422123
0.323628
0
0.0844246
0
0.0562831
0.393981
0.0281415
0.351769
0.351769
0.0703538
0.0140708
0.196991
0.239203
0.225132
0.0703538
0.0844246
0
0
0.0844246
0.351769
0.478406
0.267345
0.281415
0.0984954
0.267345
0.0703538
0
0.351769
0.0562831
0.0140708
0.168849
0.0984954
0.478406
0.562831
0.506548
0.520618
0
0.18292
0
0
0.0281415
0.0140708
0
0.211061
0.0140708
0
0.0984954
0.0844246
0
0.0984954
0.0140708
0
0.661326
0.0140708
0.295486
0.408052
0.0140708
0.0844246
0.450265
0.534689
0.0984954
0.379911
0.112566
0
0.168849
0.351769
0.0844246
0
0.0984954
0.112566
0.36584
0.605043
0.239203
0.534689
0.112566
0.0422123
0.112566
0.619114
0.520618
0
0.0281415
0.506548
0.0281415
0.0422123
0.267345
0.0984954
0.450265
0.154778
0.0703538
0.18292
0.450265
0
0.562831
0.661326
0.562831
0.450265
0
0
0.0844246
0.605043
0.0844246
0
0.267345
0.379911
0.281415
0.54876
0.196991
0.168849
0.816104
0
0.0422123
0.211061
0
0.0281415
0
0.0140708
0.0844246
0.379911
0
0.0140708
0.0703538
0.239203
0.0422123
0.773892
0.112566
0.590972
0
0.0140708
0.393981
0
0
0.0562831
0.112566
0.0562831
0.506548
0.239203
0.0422123
0.309557
0
0
0.309557
0.239203
0.393981
0.0281415
0.0281415
0.436194
0.0140708
0
0.0140708
0
0.534689
0
0
0
0.126637
0.0140708
0
0.337698
0.112566
0.619114
0
0
0.0281415
0
0.154778
0.225132
0.168849
0.0422123
0.492477
0.0140708
0.112566
0
0.323628
0.0984954
0.619114
0
0.0281415
0.0422123
0.168849
0.0140708
0.112566
0
0.168849
0.675397
0.36584
0.0984954
0.675397
0.0281415
0.0140708
0
0.112566
0.0703538
0.0844246
0.140708
0.661326
0
0.73168
0.126637
0.112566
0.168849
0
0.0140708
0
0.0562831
0.0140708
0.281415
0.450265
0.295486
0.337698
0.0140708
0.0984954
0.0281415
0
0.253274
0
0.379911
0.36584
0
0.154778
0.0140708
0.168849
0
0.112566
0.196991
0.0422123
0
0
0
0.18292
0.492477
0
0.450265
0.393981
0.0984954
0.675397
0
0.126637
0.0703538
0
0.0281415
0.281415
0.36584
0.393981
0.211061
0.337698
0
0.647255
0.0140708
0
0.436194
0.0703538
0.0281415
0.0281415
0.787963
0.267345
0.323628
0.239203
0.281415
0.464335
0.647255
0.0562831
0.436194
0.956812
0.773892
0
0
0.295486
0.0562831
0.0844246
0.0281415
0.112566
0.0281415
0
0.590972
0.18292
0.562831
0.154778
0.773892
0.253274
0.196991
0.112566
0
0
0
0.0281415
0.253274
0.168849
0.436194
0
0
0.0703538
0
0
0.351769
0.0140708
0.0140708
0.140708
0.281415
0
0.478406
1.06938
0.0281415
0
0.393981
0.239203
0.225132
0
0.393981
0
0.0562831
0.295486
0.126637
0.168849
0.0984954
0.0140708
0.0984954
0.0281415
0.253274
0.0422123
0.633184
0.0281415
0.0984954
0.18292
0
0.0422123
0.323628
0
0.0562831
0.520618
0.211061
0.295486
0
0.0703538
0.450265
0.225132
0.253274
0.0844246
0.0140708
0
0
0.0562831
0.858317
0.0140708
0.0140708
0.633184
0.534689
0.225132
0.802034
0
0
0.126637
0.506548
0.196991
0.168849
0
0.112566
0
0.0140708
0
0.0281415
0.126637
0.0422123
0
0.18292
0.956812
0.309557
0.351769
0.0422123
0.0703538
0.0422123
0.379911
0.0562831
0.196991
0
0.281415
0
0.0562831
0.225132
0.281415
0.0844246
0.0984954
0.408052
0.0281415
0.408052
0
0
0.225132
0.773892
0.281415
0.0422123
0.408052
0.0281415
0.0984954
0
0.267345
0.0281415
0.942741
0.0422123
0.802034
0.36584
0.18292
0.0844246
0.281415
0
0.0422123
0.0562831
0.126637
0.872387
0
0
0.309557
0.0703538
0.478406
0.295486
0.281415
0
0
0.281415
0.0562831
0.295486
0.0422123
0.323628
0
0.54876
0
0.168849
0
0.281415
0
0
0.126637
0
0
0.0281415
0.0984954
0.267345
0.0844246
0.478406
0.590972
0.0562831
0.0281415
0.168849
0.0422123
0.478406
0.0140708
0.773892
0.689468
0.464335
0.281415
0.18292
0.196991
0.295486
0
0.239203
0.140708
0
0.9146
0
0
0
0.436194
0.54876
0.534689
0.520618
0.0281415
0.478406
0.140708
0.464335
0.337698
0.0844246
0.393981
0.295486
0.281415
0.281415
0
0.717609
0.562831
0.0140708
0.844246
0
0.154778
0
0.211061
0.0140708
0.675397
0.18292
0.0844246
0.0281415
0.450265
0.956812
0.281415
0.0844246
0.54876
0.858317
0
0.478406
0.0422123
0.0281415
0.267345
0.0422123
0
0
0.0281415
0.0281415
0
0.323628
0.0984954
0.787963
0.211061
0.309557
0.0562831
0.239203
0.54876
0.295486
0.225132
0.0422123
0.0422123
0.18292
0.506548
0.0140708
0.464335
0.309557
0.0422123
0
0.168849
0.562831
0.126637
0.689468
0.112566
0.520618
0
0.590972
0.295486
0
0
0.393981
0.534689
0
0
0.633184
0.140708
0
0.18292
0.675397
0.168849
0.464335
0.281415
0.0422123
0.211061
0.154778
0
0.506548
0
0.196991
0.0422123
0.0422123
0
0
0.534689
0.393981
0
0.168849
0
0.112566
0.126637
0.211061
0.154778
0.858317
0.605043
0
0.112566
0.956812
0
0.0562831
0
0.323628
0.0140708
0.534689
0.0140708
0.0984954
0.0422123
0
0.309557
0.267345
0.0703538
0.267345
0
0
0.464335
0.605043
0
0.0422123
0
0.140708
0.140708
0.717609
0.464335
0
0.0984954
0
0.619114
0
