0
0.0106848
0.213695
0
0.0213695
0.0106848
0
0.0747933
0
0
0
0
0
0.0106848
0
0
0
0
0.085478
0
0
0
0
0
0
0.0213695
0
0.0213695
0
0
0
0
0.0213695
0.0641085
0
0.0106848
0
0
0.0106848
0.0320543
0.0106848
0.0106848
0
0.0106848
0.0320543
0.0320543
0
0
0
0
0
0
0
0
0.235065
0
0
0
0
0.0320543
0.0213695
0
0.0106848
0
0
0
0
0
0
0
0
0
0.0213695
0
0
0
0
0
0
0.0320543
0
0
0
0
0
0
0.0106848
0
0.085478
0
0
0
0.0106848
0
0
0
0.0106848
0
0
0
0
0
0.42739
0.0106848
0
0
0
0
0
0
0
0
0
0.106848
0.0106848
0
0
0.0213695
0
0
0
0
0
0
0.0106848
0
0.0213695
0.0213695
0
0.0106848
0.0213695
0
0.181641
0
0.0213695
0
0
0
0
0.0747933
0
0
0.908204
0.0106848
0
0
0.0106848
0
0.0320543
0
0
0
0
0
0
0
0
0
0.0213695
0
0
0.042739
0.0106848
0
0.0213695
0.0106848
0.0534238
0
0
0.0106848
0
0
0.0641085
0
0
0
0
0.0106848
0.0213695
0
0
0
0
0.0106848
0
0
0
0
0.0213695
0
0
0
0.0320543
0
0
0.0320543
0
0
0
0.0213695
0
0
0.235065
0
0
0.0320543
0.0106848
0.0106848
0
0
0.384651
0
0
0.245749
0.042739
0.0106848
0
0
0
0
0
0
0
0
0
0.0106848
0
0
0.0641085
0
0.0106848
0
0.0106848
0.44876
0
0.0106848
0
0
0
0.0320543
0.0534238
0
0.0106848
0
0
0
0
0.0106848
0
0
0
0.0534238
0
0
0.0106848
0
0
0
0
0.0534238
0.085478
0
0.0213695
0
0.0213695
0.0106848
0
0
0.0106848
0.042739
0
0.160271
0.0106848
0.609031
0.0106848
0.0213695
0.0106848
0.0106848
0.0106848
0.0106848
0
0
0.138902
0
0.042739
0.0961628
0.106848
0.0320543
0.0747933
0
0.0106848
0
0
0
0
0
0.0106848
0
0
0.0320543
0
0.0106848
0.0213695
0
0
0
0.406021
0.0106848
0
0.459444
0.0106848
0
0
0.0106848
0
0.0213695
0
0
0
0.0213695
0.042739
0
0.0106848
0
0.0106848
0
0.0106848
0
0.128217
0.085478
0.0106848
0
0
0
0.042739
0.0534238
0.0106848
0.363282
0.0106848
0
0
0
0
0.0106848
0.0106848
0
0
0.0106848
0
0
0
0.0213695
0
0
0.0213695
0
0.0213695
0
0
0
0
0
0.0213695
0
0
0
0
0
0
0.0320543
0
0
0
0.0106848
0.106848
0
0.0106848
0.0106848
0.0320543
0
0
0.0213695
0.0106848
0
0.0106848
0
0
0.0106848
0
0
0
0.117532
0
0
0
0
0.288488
0.0106848
0
0
0
0
0
0
0
0
0.0106848
0.0106848
0.0106848
0.512868
0
0.0106848
0
0
0
0
0
0
0
0
0
0
0
0
0.0106848
0.0106848
0
0
0
0
0.0213695
0.0747933
0.320543
0
0
0
0.0106848
0.0320543
0
0
0
0.0213695
0
0
0
0
0.0534238
0.0213695
0
0
0
0
0
0.0106848
0
0.0106848
0.042739
0
0
0
0
0.0106848
0
0
0
0
0
0
0.0106848
0
0
0
0.0213695
0.0106848
0
0
0
0
0
0.0534238
0.149587
0.0106848
0.309858
0
0.106848
0
0
0
0
0
0.0106848
0.0213695
0
0.0320543
0.0320543
0
0
0
0
0.042739
0
0
0.170956
0
0.0106848
0.0320543
0
0.0320543
0
0
0
0
0
0
0.0747933
0.0213695
0.438075
0
0
0
0
0
0
0
0.0213695
0
0
0.0213695
0.0320543
0.181641
0
0
0
0
0
0
0
0
0.0106848
0
0
0.0213695
0
0
0
0.288488
0.0106848
0.0106848
0.0320543
0
0
0.0320543
0
0
0.0106848
0
0
0.0534238
0.235065
0.0106848
0.149587
0
0
0
0
0
0.6304
0.0213695
0
0
0
0.277804
0
0
0.0106848
0
0.0106848
0
0
0
0.085478
0.0106848
0
0.0106848
0
0
0
0.0213695
0
0
0.0106848
0
0
0
0.0106848
0
0.0106848
0
0
0
0
0
0.0213695
0
0.0106848
0
0
0
0.0213695
0
0.0106848
0.0106848
0
0.0534238
0
0
0
0.0213695
0.0213695
0
0.0106848
0.0213695
0
0.0106848
0
0.256434
0
0
0.0213695
0
0
0
0
0.0106848
0
0
0.0106848
0
0
0
0.0106848
0
0
0
0
0.0106848
0
0
0.0106848
0.170956
0.0534238
0.0320543
0
0
0.106848
0
0
0
0
0
0.438075
0
0.0213695
0.106848
0
0.0213695
0
0.0534238
0
0
0.0106848
0.0106848
0
0.0534238
0
0
0
0
0
0
0.0106848
0.0213695
0.0106848
0.213695
0.0320543
0.0106848
0
0.0213695
0.0320543
0
0.0213695
0
0
0
0
0
0
0
0
0
0.0106848
0
0
0.0106848
0
0
0
0
0
0
0
0
0
0
0.138902
0.0106848
0.0320543
0
0
0.0213695
0.277804
0
0.0320543
0
0.042739
0.0747933
0
0
0.0213695
0
0
0
0.0106848
0.0641085
0.042739
0
0.0106848
0
0
0
0
0.0213695
0.042739
0
0
0
0.042739
0
0
0.0213695
0.0106848
0
0
0
0.0106848
0
0.0106848
0
0.0213695
0
0
0
0.22438
0
0
0
0.0106848
0.309858
0
0.0213695
0
0
0
0.0213695
0
0.0106848
0.0534238
0
0
0.0213695
0
0.0106848
0.0106848
0
0
0
0.0320543
0
0.0213695
0
0.149587
0
0
0
0.0213695
0.0213695
0
0
0
0
0
0
0
0
0
0
0
0
0
0
0
0
0.0106848
0
0
0.0747933
0.0213695
0
0
0
0
0
0
0.0534238
0
0
0
0
0
0
0.277804
0.0106848
0
0
0
0
0
0
0.0534238
0
0.0213695
0
0.042739
0
0
0.106848
0.0534238
0
0
0
0
0
0
0
0
0
0
0.0320543
0
0
0
0
0
0.0534238
0
0
0.042739
0.0106848
0.384651
0
0
0
0
0
0
0.042739
0.352597
0.0106848
0.0213695
0
0.0106848
0
0
0
0
0
0.0106848
0.0320543
0.0641085
0
0
0
0.0106848
0
0.0213695
0
0.0106848
0.395336
0
0.117532
0
0
0
0.0213695
0.363282
0
0
0
0.149587
0
0.106848
0
0.0106848
0
0.0106848
0
0
0
0
0
0
0
0
0.042739
0
0
0.0106848
0.0106848
0
0.0106848
0
0
0
0.0106848
0
0
0
0.0106848
0.0106848
0.0106848
0
0
0
0
0
0
0.0106848
0.042739
0.0213695
0
0
0.566292
0.0534238
0
0
0
0.042739
0.042739
0
0
0
0
0
0
0
0
0.0320543
0
0
0.0213695
0
0
0.0320543
0
0
0
0
0
0
0
0
0
0
0
0
0.694509
0.0106848
0.0534238
0.0106848
0.0961628
0
0.22438
0.0534238
0.0106848
0
0
0
0.0747933
0
0.0213695
0
0.149587
0
0.0320543
0.0106848
0.320543
0.0106848
0.705194
0.149587
0.576977
0.192326
0.0641085
0
0.384651
0.0106848
0.0641085
0.801356
0.0106848
0.138902
0
0.0213695
0.0961628
0.106848
0.470129
0.0641085
0.192326
0.737248
0.042739
0.438075
0
0.534238
0.309858
0.106848
0.0534238
0
0.235065
0.373966
0.961628
0.0106848
0.181641
0
0.65177
0.0747933
0.181641
0.042739
0
0.0213695
0.042739
0
0.747933
0.085478
0.256434
0.0320543
0.0213695
0.288488
0.245749
0.192326
0.170956
0.128217
0.170956
0.245749
0.0641085
0.587661
0.256434
0.459444
0.44876
0
0.320543
0
0
0
0
0.0106848
0.0320543
0.0747933
0.138902
0.0320543
0.160271
0.277804
0.0320543
0.235065
0.106848
0.288488
0.0106848
0.0961628
0.0320543
0.0106848
0.299173
0.085478
0.160271
0.299173
0.170956
0.373966
0.0320543
0.0534238
0.331227
0
0.0961628
0.0213695
0.299173
0.363282
0.438075
0.0106848
0.0106848
0
0
0.149587
0.480814
0.406021
0.395336
0.138902
0.20301
0.160271
0.416705
0.320543
0.544922
0.138902
0.042739
0.44876
0.0106848
0
0
0
0.406021
0.406021
0.213695
0.192326
0.0213695
0.277804
0.0534238
0
0.0747933
0.673139
0.20301
0.138902
0.0106848
0.0534238
0.0106848
0.138902
0.235065
0.085478
0.128217
0.320543
0.0641085
1.08984
0.0106848
0
0.0747933
0.138902
0
0.373966
0.170956
0.181641
0.341912
0.619716
0.106848
0.0106848
0.0320543
0.0213695
0.042739
0
0.213695
0.373966
0.790672
0.438075
0.0106848
0.117532
0.0106848
0.0106848
0
0.149587
0.160271
0
0.128217
0.0106848
0.544922
0.277804
0.22438
0.042739
0
0.694509
0.277804
0.0961628
0.534238
0.373966
0
0
0
0.0961628
0.769302
0.160271
0
0.299173
0.042739
0
0.138902
0
0.20301
0.235065
0.160271
0.106848
0
0.085478
0
0.320543
0.352597
0.0213695
0.0213695
0.331227
0.042739
0.170956
0.22438
0.20301
0.0106848
0.192326
0.128217
0.0213695
0.181641
0.128217
0.0213695
0.128217
0.181641
0.288488
0
0.320543
0.128217
0
0
0.20301
0.128217
0.042739
0.0641085
0
0.0213695
0.0106848
0
0.737248
0
0.523553
0.138902
0
0.192326
0.20301
0.22438
0.0320543
0.0213695
0.0106848
0.0106848
0
0
0
0.641085
0.042739
0
0.0106848
0
0.523553
0.245749
0.0747933
0.267119
0
0.256434
0.0213695
0.0320543
0.0534238
0.0320543
0.0106848
0.0106848
0
0.331227
0.20301
0.0747933
0.0320543
0.267119
0.0106848
0.737248
0.576977
0.0320543
0.267119
0.042739
0.042739
0.138902
0.149587
0.149587
0.993682
0.576977
0.384651
0.491499
0.0213695
0.138902
0.0534238
0.0641085
0.128217
0.373966
0.0534238
0.170956
0.0747933
0.245749
0.0534238
0.0641085
0.0213695
0
0.042739
0
0.844095
0.0641085
0
0.042739
0.694509
0.373966
0.245749
0.726563
0.0320543
0.0641085
0.0106848
0.0106848
0
0.042739
0.950943
0.491499
0.192326
0.352597
0
0.491499
0.22438
0.0106848
0.0106848
0.149587
0.523553
0.245749
0.320543
0
0.106848
0.406021
0.085478
0.438075
0.22438
0.790672
0.0747933
0.117532
0
0.0213695
0
0.0747933
0.0213695
0.534238
0.160271
0.085478
0.106848
0.544922
0.117532
0.352597
0.42739
0.502183
0.085478
0.160271
0
0.0747933
0.416705
0.0320543
0.0106848
0.6304
0.44876
0.117532
0
0.117532
0.128217
0.641085
0.406021
0.0961628
0
0.0213695
0
0.491499
0
0.0106848
0.20301
0.0213695
0.0106848
0.0106848
0.352597
0.0320543
0.0106848
0
0.0213695
0.0747933
0.256434
0.320543
0
0
0.395336
0.352597
0.0106848
0.459444
0.566292
0.138902
0.363282
0
0.747933
0.213695
0.299173
0.128217
0.587661
0.0747933
0.0747933
0.117532
0.0213695
0.085478
0.288488
0.085478
0.0213695
0.470129
0.42739
0.0106848
0.267119
0.117532
0.117532
0.395336
0.0320543
0.587661
0.779987
0.352597
0.42739
0.0106848
0.0320543
0
0
0.320543
0.256434
0.44876
0.491499
0.192326
0
0.0106848
0.0534238
0.0641085
0.0213695
0.0320543
0.170956
0.619716
0.0106848
0.0641085
0.149587
0.438075
0.0106848
0.042739
0.160271
0.0641085
0.683824
0.0534238
0.085478
0.20301
0.085478
0.897519
0
0.737248
0
0.0106848
0.470129
0.673139
0.0106848
0.0320543
0.117532
0
0.085478
0.128217
0
0.117532
0.267119
0.609031
0.128217
0.373966
0.138902
0.309858
0
0
0.0213695
0.373966
0.0106848
0.22438
0.0961628
0.149587
0.0106848
0.245749
0.384651
0.406021
0.384651
0.181641
0.267119
1.13258
0.042739
0.160271
0.0534238
0.0213695
0.0213695
0.416705
0.331227
0.737248
0.138902
0.0320543
0.299173
0.502183
0.491499
0.0213695
0.0534238
0.0213695
0.801356
0.747933
0.128217
0
0.363282
0.0213695
0.320543
0.950943
0.0106848
0
0.106848
0.0961628
0.181641
0
0
0.587661
0
0
0.416705
0.341912
0.192326
0.235065
0.20301
0.235065
0.170956
0.181641
0.598346
0.331227
0.042739
0.502183
0.502183
0.587661
0.512868
0.235065
0
0.170956
0.0213695
0.395336
0.288488
0.705194
0.44876
0.256434
0
0.534238
0.0213695
0.44876
0
0.085478
0.341912
0.555607
0.0534238
0.705194
0
0.352597
0.0213695
0.0213695
0.288488
0
0.042739
0
0.0320543
0.181641
0.363282
0.042739
0.0213695
0.117532
0.480814
0.106848
0
0
0.544922
0
0.0213695
0.715878
0.288488
0.0641085
0.160271
0.0213695
0.22438
0.0961628
0.309858
0.20301
0.256434
0.042739
0
0.320543
0.320543
0.0961628
0
0.0213695
0
0.138902
0.309858
0.085478
0.0106848
0.44876
0.373966
0.0106848
0.256434
0.534238
0.470129
0.22438
0.138902
0.170956
0.480814
0.566292
0.844095
0.0747933
0.299173
0
0.0106848
0
0.384651
0.534238
0.726563
0.0213695
0.459444
0.0213695
0
0
0.106848
0
0.170956
0.352597
0.0213695
0.0106848
0.22438
0.0320543
0
0.149587
0.181641
0.0106848
0.331227
0.160271
0.0106848
0
0.502183
0.22438
0.395336
0.0213695
0.331227
0
0.085478
0.245749
0.277804
0.0320543
0.277804
0.715878
0.555607
0.555607
0.737248
0.22438
0.0534238
0.438075
0.0961628
0.042739
0.288488
0.138902
0.160271
0.309858
0.0320543
0.384651
0.812041
0.267119
1.11121
0.235065
0.395336
0.0320543
0.106848
0
0.908204
0.042739
0.0106848
0.0213695
0.299173
0.0641085
0
0.117532
0.0961628
0.170956
0.0534238
0.544922
0.235065
0.256434
0
0.128217
0.245749
0
0.363282
0.0106848
0.384651
0.0213695
0.085478
0.160271
0.0747933
0.288488
0.0534238
0.373966
0.0641085
0.170956
0
0
0
0.87615
0
0.0106848
0.341912
0.192326
0.395336
0
0.117532
0.459444
0.22438
0.0213695
0.0641085
0.6304
0.0213695
0.192326
0.320543
1.02574
0.256434
0.42739
0.267119
0.320543
0.0534238
0.138902
0.245749
0.0641085
0.0320543
0.812041
0.0213695
0.170956
0
0.0320543
0.0961628
0
0.256434
0.0320543
0.042739
0.438075
0.512868
0.181641
0
0.320543
0.373966
0.0641085
0.277804
0.20301
0
0.384651
0.256434
0.22438
0
0.363282
0.598346
0
0.181641
0.0213695
0
0.44876
0.106848
0.609031
0.6304
0.0106848
0.117532
0.0320543
0.0534238
0.598346
0.44876
0.331227
0.245749
0.0106848
0
0.0106848
0.0320543
0.128217
0.341912
0
0.0213695
0.149587
0.267119
0.0106848
0
0.705194
0
0.042739
0.235065
0
0.459444
0
0.117532
0.117532
0.0213695
0.128217
0
0.491499
0.192326
0.42739
0.128217
0.523553
0.0106848
0.0106848
0.438075
0.0747933
0
0
0.779987
0.0747933
0
0.181641
0.085478
0.170956
0
0.0961628
0.128217
0.309858
0.160271
0.512868
0.245749
0.277804
0.245749
0.117532
0.0106848
0.0213695
0
0.085478
0.0106848
0.213695
0.331227
0.619716
0.085478
0
0.0106848
0.544922
0.609031
0.502183
0.0961628
0
0.87615
0.20301
0.138902
0.117532
0.0213695
0.192326
0
0.662455
0
0.587661
0.0320543
0.213695
0.0213695
0.587661
0.106848
0.790672
0
0
0.373966
0.170956
0.406021
0
0.085478
0
0.149587
0.149587
0.0747933
0
0.0747933
0.117532
0.245749
0.0747933
0.363282
0.192326
0.288488
0.117532
0.384651
0.128217
0.812041
0.406021
0
0
0.0213695
0.0641085
0
0
0.235065
0.0106848
0.609031
0
0.085478
0.363282
0.865465
0.491499
0.694509
0.0961628
0.534238
0
0.0534238
0.149587
0.726563
0.042739
0.245749
0.65177
0.373966
0.0534238
0.459444
0.0106848
0.20301
0.0534238
0.352597
0.192326
0.438075
0.523553
0.256434
0.042739
0.0534238
0.395336
0.0747933
0.117532
0.0213695
0
0.106848
0.20301
0.170956
0.22438
0
0.512868
0.438075
0.267119
0.138902
0.523553
0.320543
0
0.341912
0
0
0
0.480814
0.0534238
0
0.42739
0.0747933
0.512868
0.22438
0.042739
0.502183
0.0534238
0
0.0106848
0.213695
0.235065
0.138902
0
0.512868
0
0.373966
0.192326
0
0.0961628
0.085478
0.085478
0.0106848
1.03642
0.0213695
0.0747933
0.0641085
0.694509
0.0961628
0.138902
0.801356
0.0534238
0.22438
0.44876
0
0.0747933
0.0106848
0.844095
0
0.0320543
0.170956
0.0320543
0.0961628
0.085478
0.0534238
0.363282
0.235065
0.277804
0.106848
0.149587
0.0747933
0.0320543
0.192326
0.0213695
0.320543
0.192326
0
0.512868
0.20301
0.0747933
0
0.42739
0
1.08984
0.277804
0.0106848
0.149587
0.0213695
0
0.138902
0.149587
0.149587
0.0641085
0.341912
0.213695
0
0
0.598346
0.683824
0.0106848
0.213695
0.341912
0
0.170956
0.0961628
0.245749
0
0.170956
0.160271
0
0.758617
0.534238
0.406021
0.0641085
0
0.0641085
0.149587
0
0.0534238
0.406021
0.299173
0.352597
0.320543
0
0
0.534238
0
0.042739
0.384651
0
0
0.790672
0.0213695
0
0.170956
0.0641085
0.256434
0.833411
0.117532
0.0106848
0.149587
0.085478
1.02574
0.459444
0.0106848
0.0961628
0
0
0.0534238
0.544922
0.352597
0.256434
0
0.0641085
0.085478
0.288488
0.0106848
0.0641085
0.138902
0
0.384651
0.042739
0.0106848
0.0641085
0.491499
0.213695
0
0.20301
0.117532
0.0534238
0.0534238
1.00437
0.267119
0.0106848
0.0106848
0.641085
0.0106848
0
0
0.341912
0.0106848
0
0
0
0
0.363282
0.213695
0.0213695
0.299173
0.341912
0.0213695
0.170956
0.309858
0.0213695
0.0213695
0.576977
0.438075
0.20301
0.213695
0.0106848
0.0106848
0.299173
0.641085
0.0534238
0.918889
0.0213695
0.0534238
0.181641
0
0.0320543
0.0106848
0.0106848
0
0.085478
0.833411
0
0.128217
0
0.117532
0.149587
0.042739
0.0106848
0.438075
0.0213695
0.44876
0.0106848
0.256434
0.715878
0.416705
0.042739
0.181641
0
0.042739
0.277804
0
0.598346
0.320543
0.181641
0.245749
0
0.299173
0
0
0
0.438075
0.0106848
0.0106848
0.470129
0.245749
0.822726
0.694509
0.192326
0.331227
0.213695
0
0.0213695
0.106848
0.587661
0.683824
0.138902
0.0106848
0.769302
0.320543
0.042739
0.20301
0
0.470129
0.117532
0
0.320543
0.822726
0.576977
0
0.0213695
0.170956
0.544922
0
0.20301
0.715878
0.65177
0
0.245749
0.256434
0.0106848
0
0
0.0106848
0.042739
0
0
0.0961628
0.0106848
0
0.0534238
0.085478
0
0
0.705194
0
0.042739
0.0534238
0.0747933
0.042739
0.085478
0.0106848
1.08984
0
0
1.02574
0.0320543
0.523553
0.320543
0.042739
0
0.0106848
0.0213695
0
0.0106848
0.106848
0.406021
0.128217
0.192326
0.0106848
0.117532
0.042739
0.042739
0.331227
0
0.779987
0.886835
0.0213695
0
0.0747933
0.245749
0
0
0
0.0106848
0.149587
0.897519
0
0
0
0.641085
0.331227
0.0213695
0.117532
0.235065
0.341912
0.619716
0.138902
0
0.0641085
0.0747933
0.22438
0.128217
0.0747933
0.138902
0.395336
0.213695
0.0213695
0.0320543
0.0534238
0
0.181641
0.0106848
0.256434
0.87615
0.0106848
0.085478
0
0.42739
0.833411
0
0
0.20301
0
0
0.149587
0.0641085
0
0.267119
0.0106848
0.0534238
0.844095
0
0
0
1.29286
0
0
0.256434
0
0
0.416705
0.0106848
0.44876
0.277804
0.673139
0.138902
1.05779
0.0106848
0.288488
0
0.544922
0.138902
0
0.181641
0.715878
0.0213695
0.20301
0.0320543
0.0641085
0.395336
0
0
0
0
0.87615
0.277804
0.0106848
0.0106848
0.331227
0
0.085478
0.587661
0
0.438075
0.20301
0.0961628
0.352597
0.491499
0
0.213695
0.0106848
0.0213695
0
0.320543
0
0.480814
0
0
0.22438
0.576977
0
0.0320543
0.0320543
0
0.438075
0.085478
0.673139
0
1.10053
0.0106848
0.373966
0
0.747933
0
0
0.0320543
0.288488
0.0747933
0.149587
0
0.320543
0
0.0320543
0
0.641085
1.04711
0.0320543
0.138902
0.491499
0
0.042739
0.587661
0
0.0106848
0
0.982997
0
0.694509
0
0.0106848
0
0
0.373966
0
0.0213695
0.0534238
0.0320543
1.29286
0.0106848
0.128217
0.641085
0.0213695
0.0213695
0
0
0
0
0
0.512868
0.149587
0.363282
0.042739
0.0106848
0
0
0
0
0.534238
0.245749
0.085478
0
0
0.65177
0.534238
0.0747933
0.0106848
0.6304
0
0.331227
0
0.160271
0
0.277804
0.22438
0.87615
0.886835
0
0.438075
0.128217
0.0106848
0.106848
0.0641085
0.160271
0.598346
0.352597
0.106848
0
0.42739
0.0106848
0.0106848
0
0.042739
0.106848
0.20301
0
0.0534238
0.0106848
0.833411
0
0
0.683824
0.309858
0
0.416705
0.0641085
0.117532
0.0961628
0.0106848
0.213695
0.267119
0.6304
0
0
0.0213695
0.609031
0.20301
0.438075
0.128217
0.0106848
0.299173
0.0320543
0.138902
0
0
0
0.267119
0.0106848
0
0.0641085
0.042739
0
0.331227
0.0213695
0.320543
0.117532
0.181641
0.106848
0.0747933
0.0534238
0.416705
0
0.0320543
0.352597
0
0
0.138902
0.0747933
0.555607
0
0.587661
0.138902
0.117532
0.512868
0.0106848
0.341912
0.384651
0.309858
0.0320543
0.44876
0.149587
0
0.0213695
0
0
0.267119
0.0213695
0.331227
0.715878
0.235065
0
0.470129
0.0213695
0
0
0
0.22438
0.373966
0.288488
0.128217
0.117532
0
0
0.0747933
0.502183
0
0
0.491499
0
0.106848
0
0.0213695
0.726563
0
0
0.0641085
0.480814
0
0.44876
0.0106848
0
0.267119
0.138902
0.192326
0.235065
0
0.0106848
0
0
0
0.416705
0.705194
0
0
0
0.0641085
0.192326
0.683824
0.0641085
0
0.0213695
0.0320543
0.106848
0
0.352597
0
0.683824
0
0.160271
0
0.491499
0.042739
0
0.299173
0.438075
0.576977
0
0.555607
0.406021
0.0213695
0.288488
0.0961628
0
0.0961628
0.0213695
0
0
0.288488
0.0106848
0
0.833411
0
0.138902
0.20301
0
0.0106848
0
0
0.619716
0.085478
0.042739
0.192326
0.181641
0.352597
0.138902
0.181641
0.0747933
0
0.0213695
0.170956
0.128217
0
0.0747933
0
0.170956
0.0320543
0.0961628
0.0320543
0.235065
0.523553
0.042739
0.0213695
0
0.438075
0
0.0106848
0.0106848
0.0106848
0.0320543
0
0.160271
0.619716
0.309858
0.0534238
0.085478
0.769302
0
0.235065
0.0213695
1.04711
0.641085
0
0.940258
0.587661
0
0.0106848
0
0.341912
0.0213695
0.0641085
0.523553
0
0.0961628
0.0213695
0
0.480814
0.0747933
0.779987
0
0.117532
0
0.0106848
0.0106848
0
0.42739
0.726563
0.267119
0
0.42739
0.491499
0.320543
0.0106848
0.128217
0
0
0.042739
0
0.288488
0
0
0.106848
0.491499
0.0106848
0.395336
0.106848
0
0.502183
0.0961628
0
0.149587
0
0.0534238
0.117532
0.865465
0
0.0106848
0
0
0
0.20301
0.0106848
0.416705
0.267119
0.0106848
0.0641085
0.245749
0
0.961628
0.0106848
0.042739
0.0106848
0
0
0
0
0
0.181641
0.085478
0.641085
0.662455
0.213695
0.245749
0
0.395336
0.117532
0.138902
0
0
0.523553
0.085478
0.149587
0
0.512868
0.128217
0
0.576977
0.106848
0.502183
0.20301
0.106848
0.0641085
0.181641
0.288488
0
0.0534238
0.0106848
0.705194
0.598346
0
0
0.256434
0.918889
0
0.438075
0.0213695
0.299173
0.587661
0.170956
0.0747933
0.0106848
0
0
0
0.0106848
0.812041
0.352597
0.267119
0.0213695
0
0.085478
0
0
0.416705
0.245749
0
0.406021
0.0213695
0
0.0106848
0
0.213695
0.6304
0.117532
0.20301
0.106848
0
0
0.181641
0.352597
0.470129
0
0.0106848
0.0747933
0
0
0
0.0320543
0
0.20301
0.42739
0
0.694509
0.662455
0.566292
0.0534238
0.277804
0
0.438075
0.737248
0.587661
0.0106848
0.0320543
0
0.0747933
0.0106848
0
0
0.288488
0.0747933
0
0
0.363282
0.352597
0
0
0.576977
0.042739
0.683824
0
0
0.0213695
0.0213695
0.170956
0.170956
0
0.598346
0
0.149587
0
0
0
0.042739
0
0.790672
0.0106848
0.416705
0.0106848
0.0641085
0
0.085478
0.149587
0.213695
0
0.0747933
0.288488
0.0320543
0.0106848
0.299173
0.245749
0.0534238
0
0
0.0747933
0
0
0.609031
0
0.801356
0.20301
0.0641085
0
0
0
0.0213695
0.844095
0.694509
0
0
0.138902
0.0747933
0.256434
0.117532
0.042739
0.20301
0.470129
0
0.117532
0.181641
0.0213695
0
0
0.352597
0
0.106848
0.0534238
0.726563
0.747933
0.576977
0.042739
0.299173
0.042739
1.04711
0.341912
0
0.544922
0.0106848
0
0.181641
0.576977
0.085478
0.20301
0.0747933
0.181641
0.384651
0.961628
0
0.245749
0
0.149587
0.0534238
0.085478
0.0213695
0.160271
0.085478
0.384651
0.0320543
0
0.373966
0
0.181641
0.160271
0.0320543
0.438075
0.235065
0
0.106848
0.715878
0.737248
0.0641085
0.0106848
0.085478
0.042739
0.235065
0
0.534238
0
0
0.128217
0
0.331227
0.117532
0.65177
0.480814
0.0320543
0.20301
0.170956
0
0.0961628
0.106848
0.576977
0
0
0
0.726563
0.683824
0.0106848
0
0.0961628
0.160271
0
0.0213695
0.042739
0.106848
0.0106848
0.0534238
0.085478
0.181641
0
0
0.213695
0.106848
0.138902
0.416705
0.128217
0.149587
0.470129
0.459444
0.277804
0.673139
0.0213695
0
0.44876
0.170956
0.673139
0.65177
0
0.0320543
0.085478
0.0961628
0.0534238
0.341912
0.406021
0
0.277804
0.213695
0.0747933
0.0320543
0.459444
0
0.085478
0.309858
0.085478
0.341912
0.0747933
0.352597
0.085478
0.256434
0.288488
0.149587
0
0.0641085
0
0.534238
0.512868
0
0.0961628
0.181641
0.085478
0.352597
0
0.587661
0.0641085
0
0.0534238
0.192326
0.0213695
0.694509
0.0641085
0.192326
0.694509
0.502183
0.138902
0.0641085
0.331227
0
0.0534238
0
0.0320543
0.0641085
0.138902
0.587661
0.576977
0
0.0747933
0.0747933
0.192326
0
0.0320543
0.331227
0.0961628
0.544922
0.288488
0
0
0.192326
1.02574
0
0.544922
0.235065
0.277804
0.395336
0.0213695
0.566292
0
0.715878
0.106848
0.0213695
0
0.138902
0
0
0.0106848
0.44876
0.22438
0
0.0106848
0.117532
0
0.0106848
0.779987
0.331227
0.0213695
0
0.598346
0.0641085
0.0320543
0.085478
0.20301
0.20301
0
0.245749
0.138902
0.0106848
0.0320543
0.373966
0.117532
0.480814
0
0.352597
0.384651
0.117532
1.13258
0
0.042739
0.0213695
0.331227
0.0747933
0.213695
0.042739
0.0641085
0
0.384651
0.44876
0.256434
0.106848
0.106848
0.0320543
0.363282
0.0106848
0.341912
0.747933
0.641085
0.566292
0.416705
0.865465
0.0106848
0.160271
0.288488
0
0.0747933
0.085478
0.138902
0.309858
0.181641
0.128217
0.106848
0.0961628
0.213695
0.149587
0.0320543
0.0747933
0.0106848
0
0.331227
0.042739
0
0.128217
0.363282
0.22438
0.042739
0.149587
0.363282
0.0747933
0.0106848
0.534238
0.0213695
0.106848
0.0320543
0
0
0.0213695
0.0747933
0.117532
0.576977
0.181641
0.106848
0.149587
0.0320543
0.0213695
0.106848
0.235065
0.192326
0.0747933
0.331227
0
0
0
0.0747933
0.0106848
0.0320543
0.0106848
0.373966
0.44876
0
0.0320543
0.138902
0
0
0.0534238
0
0.256434
0.288488
0
0.0320543
0.812041
0.619716
0.715878
0.993682
0
0.0106848
0.22438
0
0.20301
0
0.0534238
0.117532
0.0106848
0.363282
0.363282
0.908204
0.117532
0.0534238
0.277804
0.373966
0.0106848
0
0
0.0534238
0.0641085
0.0213695
0.0961628
0.480814
0.085478
0.0747933
0.149587
0.192326
0.523553
0.138902
0
0.544922
0.0534238
0.395336
0.662455
0.181641
0.0213695
0.480814
0.470129
0.0213695
0.0106848
0.0320543
0
0.181641
0.512868
0.085478
0.908204
0.267119
0.0534238
0.331227
0.128217
0.0213695
0.0320543
0.470129
0.22438
0
0.0534238
0.0747933
0.331227
0.908204
0.138902
0.395336
0.0320543
0
0.0213695
0.512868
0.192326
0
0.170956
0.192326
0.149587
0.138902
0
0.0641085
0.44876
0.0534238
0.042739
0.352597
0.0106848
0
0.042739
0.192326
0.149587
0.0106848
0.373966
0
0.395336
0.0213695
0.256434
0.256434
0.0213695
0.149587
0.277804
0.609031
0
0.20301
0
0.737248
0.138902
0.0106848
0.235065
0.908204
0.438075
0.0641085
0.491499
0.480814
0.213695
0
0.267119
0.309858
0.106848
0
0
0.267119
0.373966
0.309858
0
0.160271
0.0747933
0.42739
0.0320543
0.138902
0.0641085
0.192326
0
0.491499
0.384651
0.245749
0
0
0.373966
0.0320543
0.44876
0.213695
0.22438
0.790672
0.0641085
0.470129
0.181641
0.352597
0
0.0534238
0
0.0961628
0.042739
0.6304
0.042739
0.042739
0.0961628
0
0.20301
0.138902
0.042739
0.320543
0.0106848
0.0961628
0
0.085478
0.395336
0.0106848
0.363282
0.406021
0.0213695
0.0213695
0.192326
0.309858
0.245749
0.0747933
0.117532
0
0.0213695
0.085478
0.406021
0.470129
0.267119
0.277804
0.117532
0.331227
0.149587
0
0.320543
0.042739
0.042739
0.22438
0.106848
0.470129
0.512868
0.512868
0.544922
0
0.149587
0
0.0106848
0.085478
0
0.0213695
0.181641
0
0
0.20301
0.042739
0
0.085478
0.042739
0
0.662455
0
0.245749
0.309858
0
0.0320543
0.576977
0.534238
0.20301
0.373966
0.0534238
0
0.235065
0.341912
0.0961628
0
0.149587
0.0747933
0.299173
0.609031
0.288488
0.491499
0.128217
0.0213695
0.085478
0.694509
0.555607
0
0
0.523553
0.042739
0.117532
0.213695
0.0747933
0.44876
0.170956
0.106848
0.128217
0.459444
0
0.566292
0.726563
0.512868
0.512868
0
0
0.0747933
0.65177
0.181641
0.085478
0.245749
0.406021
0.235065
0.534238
0.20301
0.170956
0.779987
0
0.042739
0.192326
0
0.0106848
0.0106848
0
0.106848
0.341912
0
0.042739
0.0320543
0.181641
0.0320543
0.865465
0.106848
0.534238
0
0.0320543
0.406021
0.0106848
0
0.149587
0.149587
0.0213695
0.44876
0.192326
0.0747933
0.213695
0
0
0.22438
0.267119
0.384651
0.085478
0.0106848
0.44876
0.0213695
0.0106848
0.0320543
0.0213695
0.480814
0
0.0106848
0.0106848
0.138902
0.0106848
0.0106848
0.331227
0.149587
0.619716
0
0
0.0747933
0
0.106848
0.20301
0.277804
0.0641085
0.438075
0.042739
0.192326
0.042739
0.352597
0.085478
0.544922
0
0.0213695
0.0213695
0.149587
0.042739
0.0534238
0
0.245749
0.694509
0.309858
0.0747933
0.683824
0
0.0320543
0
0.117532
0.0641085
0.149587
0.138902
0.694509
0.0106848
0.726563
0.160271
0.192326
0.267119
0
0.0106848
0
0.0641085
0
0.277804
0.491499
0.331227
0.341912
0
0.0747933
0.0747933
0
0.20301
0.0106848
0.416705
0.44876
0.0213695
0.20301
0.0106848
0.20301
0.0106848
0.117532
0.235065
0.042739
0
0.0106848
0
0.138902
0.438075
0.0106848
0.406021
0.42739
0.0961628
0.6304
0.0320543
0.138902
0.0747933
0
0.0320543
0.245749
0.373966
0.44876
0.256434
0.256434
0.0320543
0.598346
0
0.0106848
0.341912
0.042739
0.0213695
0.0534238
0.758617
0.22438
0.256434
0.149587
0.309858
0.480814
0.694509
0.0534238
0.406021
0.918889
0.779987
0
0
0.352597
0.0320543
0.117532
0.0320543
0.149587
0.085478
0
0.555607
0.245749
0.544922
0.138902
0.705194
0.245749
0.181641
0.181641
0
0.0106848
0.0106848
0.0213695
0.170956
0.213695
0.395336
0.0213695
0
0.0641085
0
0.042739
0.363282
0.0106848
0
0.149587
0.213695
0.0106848
0.438075
1.10053
0.0106848
0
0.480814
0.170956
0.245749
0
0.480814
0.0213695
0.0534238
0.352597
0.149587
0.22438
0.085478
0
0.213695
0
0.299173
0.0641085
0.65177
0.0106848
0.117532
0.22438
0
0.0213695
0.331227
0.0106848
0.0213695
0.44876
0.181641
0.288488
0
0.0747933
0.384651
0.20301
0.20301
0.0320543
0.0213695
0.0320543
0
0.0961628
0.833411
0.0213695
0
0.609031
0.459444
0.288488
0.6304
0
0
0.138902
0.534238
0.256434
0.149587
0
0.0641085
0
0.0213695
0.0320543
0.0106848
0.117532
0.0320543
0
0.170956
1.04711
0.299173
0.352597
0.0106848
0.0320543
0.042739
0.341912
0.0106848
0.149587
0
0.213695
0.0106848
0.0320543
0.20301
0.22438
0.0534238
0.0961628
0.331227
0.0641085
0.352597
0
0
0.277804
0.737248
0.288488
0.0534238
0.416705
0.085478
0.138902
0.0213695
0.245749
0.085478
1.00437
0.0320543
0.865465
0.267119
0.213695
0.085478
0.267119
0
0.0641085
0.0641085
0.117532
0.897519
0
0.0106848
0.352597
0.0747933
0.480814
0.352597
0.373966
0
0
0.256434
0.0213695
0.384651
0
0.384651
0
0.416705
0
0.138902
0
0.277804
0
0.0106848
0.20301
0
0.042739
0.0641085
0.085478
0.245749
0.0641085
0.416705
0.598346
0.0641085
0.0106848
0.149587
0.160271
0.555607
0
0.737248
0.694509
0.459444
0.384651
0.213695
0.267119
0.235065
0
0.160271
0.192326
0
0.897519
0.0213695
0
0
0.470129
0.555607
0.534238
0.523553
0.0534238
0.587661
0.20301
0.299173
0.384651
0.0106848
0.384651
0.288488
0.22438
0.299173
0
0.769302
0.65177
0
0.85478
0
0.138902
0.0106848
0.256434
0.0534238
0.715878
0.149587
0.0534238
0.042739
0.544922
0.982997
0.267119
0.170956
0.598346
0.779987
0
0.502183
0.0213695
0.0106848
0.20301
0.0106848
0
0
0.0534238
0.0213695
0
0.267119
0.106848
0.737248
0.192326
0.320543
0.042739
0.363282
0.587661
0.309858
0.256434
0.0641085
0.0747933
0.170956
0.470129
0.0106848
0.512868
0.341912
0.0213695
0.0106848
0.192326
0.502183
0.128217
0.598346
0.117532
0.534238
0
0.555607
0.288488
0
0.0106848
0.459444
0.587661
0
0
0.6304
0.170956
0
0.288488
0.65177
0.192326
0.544922
0.309858
0.0213695
0.160271
0.0534238
0.0106848
0.512868
0
0.0747933
0
0
0.0106848
0
0.512868
0.373966
0.0106848
0.299173
0
0.106848
0.128217
0.267119
0.160271
0.833411
0.6304
0
0.0961628
0.897519
0.0213695
0.0106848
0
0.288488
0
0.459444
0.0106848
0.0961628
0.0534238
0
0.22438
0.320543
0.0320543
0.22438
0
0
0.470129
0.544922
0
0.0320543
0
0.160271
0.117532
0.673139
0.406021
0
0.0320543
0
0.641085
0.0106848
