0
0
0.166504
0
0.0151367
0
0
0.0454102
0
0
0
0
0
0
0
0
0
0
0.0908204
0
0
0
0
0
0
0.0151367
0
0.0302735
0
0
0
0
0.0151367
0.0605469
0
0
0
0
0.0151367
0.0302735
0.0151367
0
0
0.0151367
0.0302735
0.0302735
0.0151367
0
0
0
0.0151367
0
0
0
0.257324
0
0
0
0
0.0454102
0.0605469
0
0
0
0
0.0151367
0
0.0151367
0
0
0.0151367
0
0
0
0
0
0
0
0
0.0454102
0
0
0
0
0
0
0
0
0.0605469
0
0.0151367
0
0.0151367
0
0.0302735
0
0
0
0
0
0
0
0.287598
0.0151367
0
0.0151367
0
0
0.0151367
0
0
0
0
0.0454102
0.0151367
0
0.0151367
0
0.0151367
0
0
0
0
0
0
0
0.0454102
0.0151367
0
0
0.0151367
0
0.136231
0
0.0302735
0
0
0
0
0.0756837
0
0
0.923341
0
0
0
0
0
0.0302735
0
0
0
0
0
0
0
0.0151367
0
0.0302735
0
0
0.0151367
0.0151367
0
0
0
0.0756837
0
0.0151367
0
0
0
0.0756837
0
0
0
0
0
0.0151367
0
0
0
0
0.0151367
0
0
0
0
0.0151367
0
0
0
0
0
0
0
0
0
0
0.0302735
0
0
0.166504
0
0
0.0302735
0
0
0
0
0.378418
0
0.0151367
0.196778
0.0454102
0.0151367
0
0.0151367
0
0
0
0
0.0151367
0
0
0
0
0
0.0605469
0
0
0
0.0151367
0.393555
0
0.0151367
0
0
0.0151367
0.0302735
0.0454102
0
0
0
0
0
0
0.0302735
0.0151367
0.0151367
0
0.0605469
0
0
0.0151367
0
0
0
0
0.0605469
0.0908204
0
0
0
0.0302735
0.0302735
0
0
0.0302735
0.0302735
0
0.121094
0
0.590333
0.0151367
0
0
0.0151367
0
0.0454102
0
0
0.136231
0
0.0302735
0.0756837
0.0908204
0.0302735
0
0
0.0302735
0
0
0
0
0
0.0151367
0
0
0.0151367
0
0
0.0151367
0.0151367
0
0
0.348145
0
0.0151367
0.469239
0
0
0
0
0
0
0
0
0
0.0302735
0.0151367
0
0.0151367
0
0.0151367
0
0
0
0.105957
0.0605469
0.0151367
0
0
0
0.0302735
0
0
0.257324
0
0
0
0
0
0
0
0
0
0
0
0
0.0151367
0.0151367
0
0
0.0151367
0.0151367
0.0151367
0
0
0
0
0.0302735
0
0
0
0.0151367
0
0
0.0151367
0.0454102
0
0.0302735
0
0
0.0454102
0
0
0.0151367
0.0756837
0
0
0.0454102
0.0151367
0
0.0151367
0
0
0
0
0
0
0.0756837
0
0
0
0
0.272461
0
0.0151367
0
0
0
0
0
0
0
0.0151367
0
0
0.423829
0
0.0454102
0
0
0.0151367
0
0
0
0
0
0
0
0
0.0151367
0
0
0
0
0
0
0.0454102
0.0756837
0.227051
0
0
0
0.0151367
0
0
0
0
0.0302735
0
0
0
0
0.0454102
0.0302735
0
0
0
0.0151367
0
0
0
0
0.0302735
0
0
0
0
0
0
0
0
0
0
0
0
0
0
0
0.0151367
0.0302735
0
0.0302735
0
0
0
0.0302735
0.166504
0
0.227051
0
0.0605469
0
0
0
0.0151367
0
0
0.0302735
0
0.0454102
0.0454102
0
0
0
0
0.0605469
0
0
0.105957
0
0
0.0151367
0
0.0454102
0
0
0
0
0
0
0.0605469
0.0302735
0.393555
0
0
0
0
0
0
0
0.0302735
0
0
0.0302735
0.0151367
0.151367
0
0
0
0
0
0
0
0
0
0
0
0
0
0
0
0.196778
0
0.0151367
0.0302735
0
0
0.0605469
0
0
0.0151367
0
0
0.0302735
0.257324
0.0151367
0.0756837
0
0
0
0
0
0.605469
0.0454102
0
0
0
0.151367
0
0
0
0
0
0.0151367
0
0
0.0302735
0
0
0.0151367
0
0
0
0.0302735
0
0
0.0151367
0
0
0
0
0.0151367
0
0
0
0
0
0
0.0151367
0
0
0
0
0
0.0454102
0
0.0302735
0
0
0.0756837
0
0
0
0.0151367
0
0.0151367
0
0.0302735
0
0.0302735
0
0.272461
0
0
0
0
0
0
0
0.0151367
0
0
0
0
0
0.0151367
0
0
0.0151367
0.0151367
0
0.0302735
0
0
0.0151367
0.166504
0.0151367
0.0302735
0
0
0.0756837
0.0151367
0
0
0
0
0.438965
0
0.0151367
0.196778
0
0
0
0.0151367
0
0
0
0
0
0.0454102
0
0
0
0.0151367
0
0
0.0302735
0.0454102
0
0.166504
0.0151367
0
0
0.0454102
0.0302735
0
0
0.0302735
0
0.0151367
0
0
0
0
0
0
0
0
0.0151367
0.0302735
0
0.0151367
0
0
0
0
0
0
0
0
0.136231
0
0.0151367
0
0
0
0.257324
0
0.0454102
0
0
0.0605469
0
0
0
0
0
0
0
0.0756837
0.0302735
0.0151367
0
0
0
0
0
0
0.0756837
0
0
0
0.0302735
0
0
0.0302735
0
0
0
0
0
0
0
0
0
0
0
0.0151367
0.166504
0
0.0151367
0
0
0.302735
0
0
0.0151367
0
0
0
0
0.0151367
0.0454102
0.0151367
0
0
0
0
0.0151367
0
0
0
0.0151367
0
0.0151367
0.0151367
0.196778
0
0
0
0.0302735
0.0302735
0
0
0
0
0
0
0
0
0
0
0
0
0
0
0
0
0
0
0
0.0605469
0.0302735
0.0302735
0
0
0
0
0
0.0151367
0
0
0
0
0
0
0.211914
0
0
0
0
0
0
0
0.0454102
0
0.0151367
0
0.0454102
0
0
0.121094
0.0454102
0
0
0
0
0
0
0
0
0
0
0.0302735
0
0
0.0151367
0
0
0.0454102
0.0151367
0
0
0.0151367
0.317871
0
0
0
0
0
0
0.121094
0.348145
0.0151367
0
0
0
0
0
0
0
0
0.0302735
0
0.0454102
0
0
0
0
0
0
0
0
0.287598
0
0.105957
0
0
0
0.0151367
0.363282
0
0
0
0.121094
0.0151367
0.105957
0
0
0
0.0151367
0
0
0
0
0
0
0
0
0.0302735
0
0
0
0
0
0.0151367
0
0
0
0
0
0
0
0.0151367
0
0.0302735
0.0151367
0
0
0.0151367
0
0
0.0151367
0.0151367
0.0756837
0
0
0.529786
0.0605469
0
0
0
0.0302735
0.0151367
0
0
0
0
0
0
0
0
0.105957
0
0
0.0151367
0
0
0.0302735
0
0
0
0
0
0
0
0
0
0
0
0.0151367
0.666016
0
0.0302735
0.0151367
0.0756837
0
0.227051
0.0605469
0
0
0
0
0.0302735
0
0.0605469
0
0.151367
0
0.0605469
0.0151367
0.363282
0.0151367
0.756837
0.121094
0.484375
0.227051
0.0908204
0
0.423829
0.0605469
0.0151367
0.817384
0.0151367
0.136231
0
0
0.0908204
0.121094
0.469239
0.105957
0.242188
0.756837
0.0151367
0.438965
0.0151367
0.514649
0.408692
0.0605469
0.105957
0
0.181641
0.393555
0.923341
0.0151367
0.166504
0.0151367
0.69629
0.0605469
0.105957
0.0454102
0
0.0151367
0.105957
0.0302735
0.711426
0.0302735
0.257324
0.0454102
0.0151367
0.272461
0.302735
0.0908204
0.105957
0.227051
0.0908204
0.242188
0.0454102
0.544922
0.227051
0.408692
0.514649
0.0151367
0.317871
0
0
0
0
0.0151367
0.0454102
0.0908204
0.105957
0.0454102
0.105957
0.348145
0.0454102
0.272461
0.0756837
0.272461
0
0.0454102
0.0908204
0
0.363282
0.0605469
0.121094
0.363282
0.181641
0.348145
0.0302735
0.0605469
0.333008
0
0.0908204
0.0454102
0.181641
0.363282
0.499512
0
0
0
0
0.151367
0.423829
0.438965
0.363282
0.136231
0.166504
0.181641
0.348145
0.151367
0.560059
0.151367
0.0756837
0.454102
0.0454102
0
0
0.0151367
0.333008
0.454102
0.257324
0.227051
0
0.287598
0.0302735
0
0.151367
0.681153
0.196778
0.181641
0.0151367
0.0908204
0.0151367
0.166504
0.227051
0.121094
0.0908204
0.302735
0.0302735
1.12012
0
0.0151367
0.105957
0.196778
0
0.257324
0.181641
0.121094
0.363282
0.575196
0.0908204
0.0302735
0.0151367
0
0.0302735
0
0.121094
0.378418
0.7417
0.393555
0.0302735
0.151367
0.105957
0
0
0.181641
0.211914
0.0151367
0.0605469
0
0.499512
0.317871
0.317871
0.0151367
0.0151367
0.69629
0.242188
0.0302735
0.514649
0.408692
0.0151367
0
0
0.0302735
0.7417
0.211914
0
0.287598
0.0302735
0
0.196778
0
0.302735
0.151367
0.121094
0.0302735
0
0.0908204
0.0302735
0.393555
0.348145
0
0.0756837
0.333008
0.0908204
0.136231
0.227051
0.181641
0.0908204
0.272461
0.121094
0
0.242188
0.136231
0.0151367
0.121094
0.166504
0.181641
0
0.393555
0.181641
0
0
0.166504
0.181641
0.0302735
0.0454102
0
0.0302735
0
0
0.771973
0
0.514649
0.181641
0
0.287598
0.227051
0.211914
0.0454102
0
0
0.0454102
0
0
0
0.605469
0.0302735
0
0
0
0.635743
0.196778
0.0605469
0.257324
0
0.348145
0.0454102
0.0302735
0.0756837
0
0.0151367
0.0151367
0
0.348145
0.227051
0.0908204
0.0302735
0.257324
0
0.817384
0.575196
0.0605469
0.287598
0.0454102
0.0151367
0.105957
0.181641
0.166504
0.999024
0.620606
0.378418
0.514649
0
0.166504
0.0302735
0.0302735
0.0908204
0.378418
0.0302735
0.242188
0.0302735
0.211914
0.0302735
0.105957
0
0
0.0151367
0
0.83252
0.0151367
0
0.0454102
0.681153
0.317871
0.151367
0.938477
0
0.0605469
0.0302735
0
0
0.0454102
0.968751
0.575196
0.151367
0.348145
0.0302735
0.469239
0.257324
0.0151367
0
0.0908204
0.544922
0.211914
0.272461
0
0.0908204
0.469239
0.0908204
0.438965
0.302735
0.847657
0.105957
0.0151367
0
0.0302735
0
0.0151367
0
0.605469
0.136231
0.105957
0.0454102
0.514649
0.121094
0.302735
0.484375
0.378418
0.105957
0.121094
0
0.0605469
0.454102
0.0302735
0.0151367
0.666016
0.544922
0.121094
0
0.0454102
0.166504
0.560059
0.454102
0.0908204
0
0.0454102
0
0.438965
0
0.0151367
0.317871
0.0454102
0
0.0302735
0.363282
0
0.0151367
0
0.0302735
0.136231
0.257324
0.257324
0
0
0.348145
0.227051
0.0151367
0.333008
0.590333
0.151367
0.333008
0.0151367
0.7417
0.317871
0.257324
0.181641
0.575196
0.0302735
0.0756837
0.136231
0
0.105957
0.257324
0.136231
0.0302735
0.454102
0.348145
0.0151367
0.242188
0.136231
0.0756837
0.469239
0.0454102
0.575196
0.78711
0.317871
0.469239
0.0151367
0.0302735
0
0
0.287598
0.317871
0.529786
0.620606
0.242188
0
0.0302735
0.0908204
0.0756837
0.0605469
0.0756837
0.105957
0.681153
0
0.105957
0.196778
0.469239
0
0.0302735
0.166504
0.0454102
0.666016
0.0151367
0.121094
0.151367
0.0605469
0.877931
0
0.69629
0
0
0.484375
0.666016
0.0151367
0.0605469
0.136231
0
0.0605469
0.287598
0
0.151367
0.348145
0.65088
0.105957
0.469239
0.151367
0.287598
0
0
0
0.333008
0.0302735
0.242188
0.0605469
0.0756837
0
0.242188
0.514649
0.363282
0.408692
0.242188
0.272461
1.12012
0.0302735
0.272461
0.0908204
0
0
0.423829
0.257324
0.756837
0.196778
0.0302735
0.317871
0.393555
0.514649
0
0.0454102
0.0302735
0.908204
0.726563
0.0908204
0
0.378418
0.0151367
0.438965
0.983888
0.0302735
0
0.136231
0.136231
0.211914
0.0151367
0
0.666016
0
0.0302735
0.469239
0.408692
0.196778
0.227051
0.181641
0.211914
0.105957
0.181641
0.560059
0.378418
0.0151367
0.590333
0.514649
0.681153
0.620606
0.227051
0
0.181641
0
0.393555
0.211914
0.802247
0.469239
0.257324
0
0.499512
0
0.529786
0
0.0756837
0.287598
0.484375
0.0605469
0.681153
0
0.317871
0
0
0.196778
0
0.0454102
0
0.0605469
0.151367
0.302735
0.0605469
0.0908204
0.105957
0.454102
0.181641
0
0
0.469239
0
0.0605469
0.7417
0.317871
0.0756837
0.166504
0.0454102
0.211914
0.136231
0.272461
0.211914
0.287598
0.0302735
0.0151367
0.408692
0.378418
0.0605469
0
0.0151367
0
0.105957
0.333008
0.0756837
0.0151367
0.560059
0.393555
0.0302735
0.287598
0.575196
0.454102
0.211914
0.121094
0.151367
0.408692
0.590333
0.817384
0.0605469
0.211914
0
0
0
0.499512
0.484375
0.69629
0.0302735
0.514649
0.0302735
0.0151367
0
0.105957
0.0151367
0.317871
0.302735
0
0
0.0908204
0.0302735
0
0.105957
0.211914
0.0151367
0.423829
0.151367
0
0
0.469239
0.287598
0.363282
0.105957
0.348145
0
0.0756837
0.317871
0.302735
0.0454102
0.151367
0.711426
0.605469
0.469239
0.7417
0.242188
0.0302735
0.438965
0.0756837
0
0.257324
0.211914
0.0756837
0.408692
0.0151367
0.454102
0.877931
0.287598
1.16553
0.257324
0.469239
0.0756837
0.121094
0
0.938477
0.0756837
0
0.0605469
0.302735
0.0302735
0
0.136231
0.151367
0.196778
0.0302735
0.666016
0.242188
0.211914
0
0.151367
0.348145
0
0.378418
0.0302735
0.560059
0.0302735
0.0908204
0.181641
0.121094
0.378418
0.0605469
0.363282
0.151367
0.211914
0
0
0
0.893067
0.0151367
0.0151367
0.287598
0.227051
0.393555
0
0.105957
0.469239
0.196778
0.0151367
0.105957
0.65088
0.0756837
0.227051
0.378418
1.01416
0.287598
0.423829
0.257324
0.363282
0
0.151367
0.196778
0.0302735
0.0151367
0.726563
0.0454102
0.257324
0
0.0605469
0.0908204
0
0.257324
0.0151367
0.0605469
0.514649
0.408692
0.121094
0.0302735
0.242188
0.363282
0.0908204
0.378418
0.151367
0
0.529786
0.348145
0.166504
0
0.408692
0.514649
0
0.272461
0.0454102
0
0.408692
0.181641
0.499512
0.605469
0
0.0756837
0.0151367
0.0302735
0.605469
0.454102
0.302735
0.196778
0.0151367
0
0.0302735
0.0454102
0.166504
0.302735
0
0.0302735
0.181641
0.287598
0
0
0.756837
0
0.0454102
0.287598
0
0.469239
0
0.0756837
0.121094
0
0.181641
0
0.469239
0.121094
0.423829
0.166504
0.438965
0.0302735
0
0.438965
0.0756837
0.0151367
0
0.771973
0.121094
0
0.121094
0.151367
0.181641
0
0.0605469
0.211914
0.317871
0.151367
0.514649
0.272461
0.211914
0.272461
0.166504
0
0.0454102
0
0.0454102
0.0302735
0.211914
0.423829
0.635743
0.0605469
0
0
0.529786
0.620606
0.393555
0.105957
0.0302735
0.862794
0.257324
0.136231
0.0908204
0.0151367
0.166504
0
0.590333
0.0151367
0.590333
0
0.257324
0
0.544922
0.105957
0.726563
0
0
0.348145
0.227051
0.408692
0
0.0454102
0
0.242188
0.151367
0.121094
0
0.0605469
0.105957
0.257324
0.0756837
0.454102
0.227051
0.196778
0.0605469
0.272461
0.105957
0.78711
0.378418
0
0
0.0151367
0.0454102
0
0
0.211914
0
0.65088
0.0151367
0.121094
0.348145
0.908204
0.484375
0.69629
0.105957
0.590333
0.0151367
0.151367
0.181641
0.771973
0.0302735
0.211914
0.590333
0.333008
0.181641
0.454102
0.0454102
0.287598
0.0454102
0.317871
0.181641
0.408692
0.499512
0.211914
0.0302735
0.0454102
0.454102
0.0454102
0.0605469
0.0454102
0.0151367
0.121094
0.166504
0.166504
0.151367
0
0.469239
0.393555
0.196778
0.151367
0.544922
0.363282
0
0.348145
0
0
0
0.423829
0.0605469
0
0.408692
0.105957
0.423829
0.227051
0.0605469
0.560059
0.0605469
0
0.0605469
0.181641
0.196778
0.181641
0
0.514649
0
0.211914
0.121094
0
0.0756837
0.105957
0.121094
0
1.04443
0.0302735
0.105957
0.0756837
0.575196
0.181641
0.151367
0.802247
0.105957
0.196778
0.408692
0
0.0908204
0
0.893067
0
0.0454102
0.136231
0.0454102
0.121094
0.166504
0.105957
0.378418
0.227051
0.378418
0.0756837
0.166504
0.0756837
0
0.287598
0.0151367
0.242188
0.121094
0
0.560059
0.136231
0.121094
0
0.454102
0.0151367
1.13525
0.257324
0.0605469
0.136231
0.0151367
0
0.151367
0.166504
0.0756837
0.0302735
0.393555
0.242188
0
0
0.544922
0.620606
0.0151367
0.105957
0.333008
0
0.166504
0.105957
0.181641
0.0151367
0.121094
0.166504
0
0.802247
0.575196
0.408692
0.0302735
0
0.0454102
0.181641
0
0.0605469
0.484375
0.242188
0.287598
0.363282
0
0
0.484375
0
0.0605469
0.348145
0
0
0.771973
0
0
0.196778
0.121094
0.166504
0.817384
0.166504
0
0.166504
0.0605469
1.08984
0.514649
0
0.0605469
0
0
0.0605469
0.514649
0.348145
0.242188
0
0.0756837
0.0908204
0.272461
0.0756837
0.105957
0.136231
0
0.378418
0.0605469
0
0.0756837
0.560059
0.181641
0
0.196778
0.0908204
0.0151367
0.105957
0.938477
0.378418
0.0151367
0
0.666016
0
0
0
0.363282
0
0
0
0
0
0.272461
0.242188
0.0151367
0.272461
0.363282
0.0605469
0.196778
0.378418
0.0151367
0
0.484375
0.529786
0.151367
0.181641
0
0
0.272461
0.711426
0.0756837
0.908204
0.0302735
0.0756837
0.196778
0
0
0
0.0151367
0
0.0908204
0.862794
0
0.121094
0
0.242188
0.0908204
0.0454102
0.0151367
0.378418
0.0151367
0.469239
0
0.211914
0.65088
0.438965
0.0454102
0.196778
0
0.0454102
0.348145
0
0.620606
0.378418
0.151367
0.257324
0
0.363282
0.0605469
0
0
0.438965
0.0605469
0
0.454102
0.287598
0.877931
0.711426
0.227051
0.423829
0.211914
0
0.0756837
0.105957
0.560059
0.69629
0.196778
0.0151367
0.78711
0.348145
0.0605469
0.181641
0
0.499512
0.136231
0
0.333008
0.893067
0.605469
0
0
0.181641
0.560059
0
0.211914
0.635743
0.620606
0
0.333008
0.287598
0.0302735
0
0
0.0151367
0.0908204
0
0
0.121094
0.0151367
0
0.0302735
0.0454102
0
0
0.620606
0
0.0151367
0
0.0605469
0.121094
0.0756837
0.0151367
1.04443
0
0.0151367
1.07471
0
0.529786
0.378418
0.0756837
0.0151367
0
0.0302735
0
0.0302735
0.0605469
0.544922
0.211914
0.211914
0
0.196778
0.0302735
0.0605469
0.302735
0.0302735
0.817384
0.968751
0.0151367
0
0.136231
0.211914
0
0
0
0
0.166504
0.938477
0
0
0
0.590333
0.348145
0.0302735
0.121094
0.227051
0.348145
0.726563
0.151367
0
0.0605469
0.136231
0.227051
0.0908204
0.0756837
0.136231
0.408692
0.227051
0.0302735
0.0454102
0.0302735
0
0.181641
0
0.287598
0.847657
0
0.0908204
0.0151367
0.408692
0.877931
0
0
0.196778
0
0.0454102
0.227051
0.105957
0
0.272461
0
0.0454102
0.908204
0
0
0.0151367
1.21094
0
0
0.196778
0.0151367
0
0.408692
0.0151367
0.514649
0.287598
0.69629
0.196778
1.07471
0.0151367
0.333008
0
0.575196
0.105957
0
0.181641
0.681153
0.0302735
0.227051
0.0605469
0.0605469
0.393555
0
0
0
0.0151367
0.817384
0.302735
0
0.0151367
0.227051
0
0.0908204
0.575196
0
0.454102
0.272461
0.0908204
0.423829
0.529786
0
0.257324
0
0.0151367
0
0.333008
0
0.408692
0
0.0756837
0.181641
0.560059
0
0.0302735
0.0454102
0
0.454102
0.0756837
0.711426
0
1.12012
0
0.317871
0
0.69629
0
0
0.0756837
0.333008
0.0605469
0.196778
0.0151367
0.378418
0
0.0605469
0
0.756837
1.08984
0.0151367
0.166504
0.484375
0
0.105957
0.635743
0
0.0302735
0
1.10498
0
0.681153
0
0
0
0
0.272461
0
0.0151367
0.0605469
0
1.3169
0
0.105957
0.575196
0.0151367
0
0.0302735
0
0
0
0
0.469239
0.196778
0.438965
0
0
0
0.0302735
0
0
0.590333
0.257324
0.0605469
0
0
0.78711
0.575196
0.0302735
0
0.681153
0
0.257324
0
0.211914
0
0.348145
0.196778
0.999024
0.877931
0
0.514649
0.121094
0
0.136231
0.0605469
0.227051
0.605469
0.333008
0.136231
0
0.333008
0.0151367
0
0
0
0.136231
0.227051
0
0.0908204
0
0.83252
0
0
0.726563
0.302735
0
0.423829
0.0605469
0.0454102
0.136231
0
0.196778
0.302735
0.65088
0
0.0302735
0.0151367
0.681153
0.166504
0.499512
0.151367
0.0454102
0.302735
0.0302735
0.227051
0
0
0
0.317871
0
0
0.0605469
0
0
0.302735
0.0151367
0.302735
0.166504
0.105957
0.105957
0.0756837
0.0454102
0.499512
0
0.0302735
0.529786
0
0
0.105957
0.0454102
0.605469
0
0.544922
0.211914
0.151367
0.514649
0.0302735
0.393555
0.438965
0.317871
0.0756837
0.484375
0.105957
0
0.0756837
0
0
0.227051
0
0.348145
0.65088
0.272461
0
0.469239
0
0
0
0.0454102
0.242188
0.317871
0.302735
0.136231
0.0756837
0
0
0.0454102
0.529786
0
0
0.620606
0
0.121094
0
0.0302735
0.620606
0
0
0.0908204
0.454102
0
0.363282
0.0302735
0
0.348145
0.151367
0.211914
0.317871
0
0
0
0
0
0.333008
0.635743
0.0151367
0
0
0.0756837
0.181641
0.635743
0.0756837
0.0151367
0.0302735
0.0302735
0.151367
0
0.317871
0
0.726563
0
0.121094
0
0.499512
0.0302735
0
0.302735
0.408692
0.65088
0
0.575196
0.393555
0.0454102
0.287598
0.0454102
0
0.0908204
0.0454102
0
0
0.317871
0
0
0.817384
0
0.0908204
0.151367
0
0
0
0
0.620606
0.0756837
0.0302735
0.211914
0.227051
0.408692
0.166504
0.196778
0.105957
0
0.0151367
0.227051
0.0908204
0.0151367
0.0908204
0
0.242188
0.0756837
0.0908204
0.0605469
0.166504
0.560059
0.0151367
0.0151367
0
0.408692
0
0
0
0
0.0151367
0
0.242188
0.69629
0.317871
0.0605469
0.0302735
0.7417
0
0.302735
0.0302735
1.07471
0.666016
0
1.0293
0.666016
0
0
0
0.393555
0.0151367
0.0756837
0.575196
0
0.0454102
0
0
0.484375
0.121094
0.817384
0
0.166504
0.0151367
0
0
0
0.438965
0.756837
0.317871
0
0.423829
0.499512
0.257324
0.0151367
0.121094
0.0151367
0
0.0605469
0
0.317871
0
0
0.136231
0.454102
0.0151367
0.469239
0.166504
0
0.484375
0.0151367
0.0454102
0.0454102
0
0.0454102
0.0908204
0.923341
0
0
0
0
0.0302735
0.211914
0
0.438965
0.348145
0
0.0756837
0.242188
0
0.983888
0.0151367
0.0151367
0.0302735
0
0
0.0151367
0
0
0.105957
0.0908204
0.65088
0.590333
0.242188
0.287598
0.0151367
0.363282
0.0908204
0.136231
0.0151367
0
0.514649
0.121094
0.151367
0
0.499512
0.0756837
0
0.575196
0.0756837
0.544922
0.151367
0.0908204
0
0.257324
0.363282
0
0.0302735
0.0151367
0.620606
0.620606
0
0
0.196778
1.01416
0.0151367
0.378418
0.0151367
0.302735
0.620606
0.227051
0.0605469
0
0
0
0.0151367
0
0.817384
0.348145
0.302735
0.0454102
0.0151367
0.121094
0
0
0.514649
0.333008
0
0.438965
0.0454102
0
0
0
0.211914
0.69629
0.121094
0.211914
0.181641
0
0
0.196778
0.333008
0.529786
0
0
0.0151367
0
0
0
0
0
0.196778
0.423829
0
0.635743
0.7417
0.544922
0.0756837
0.227051
0
0.469239
0.802247
0.560059
0
0.0756837
0
0.0151367
0.0151367
0
0
0.333008
0.0756837
0
0
0.393555
0.333008
0
0
0.620606
0.0302735
0.69629
0
0
0.0454102
0
0.227051
0.121094
0
0.681153
0
0.121094
0
0
0
0.0454102
0
0.78711
0
0.363282
0
0.0605469
0
0.105957
0.166504
0.0756837
0
0.0605469
0.469239
0
0
0.317871
0.136231
0.0151367
0
0
0
0
0
0.666016
0
0.908204
0.317871
0.0605469
0.0151367
0
0
0.0302735
0.802247
0.620606
0.0151367
0
0.0908204
0.0605469
0.257324
0.0605469
0.0454102
0.242188
0.514649
0
0.136231
0.196778
0
0
0
0.378418
0.0454102
0.151367
0.0151367
0.771973
0.726563
0.620606
0.0605469
0.317871
0.0302735
0.893067
0.423829
0.0302735
0.605469
0.0151367
0
0.242188
0.620606
0.0908204
0.211914
0.0605469
0.227051
0.423829
0.953614
0.0151367
0.227051
0.0151367
0.136231
0.0605469
0.105957
0.0151367
0.136231
0.0454102
0.454102
0.0151367
0
0.378418
0
0.227051
0.166504
0.105957
0.484375
0.181641
0
0.0756837
0.666016
0.817384
0.121094
0
0.0605469
0.0756837
0.302735
0
0.529786
0
0
0.151367
0
0.408692
0.136231
0.69629
0.499512
0.0151367
0.257324
0.196778
0
0.0908204
0.105957
0.575196
0
0
0
0.771973
0.83252
0
0
0.136231
0.121094
0
0.0605469
0.0454102
0.121094
0.0454102
0.0454102
0.0908204
0.196778
0.0151367
0
0.211914
0.136231
0.211914
0.469239
0.0908204
0.181641
0.454102
0.454102
0.242188
0.711426
0
0
0.499512
0.211914
0.711426
0.711426
0
0.0302735
0.0302735
0.0756837
0.0151367
0.333008
0.408692
0
0.333008
0.242188
0.0302735
0.0302735
0.514649
0
0.0605469
0.333008
0.0454102
0.423829
0.0756837
0.302735
0.0756837
0.166504
0.272461
0.0908204
0
0.0908204
0
0.454102
0.499512
0
0.0454102
0.151367
0.166504
0.393555
0
0.666016
0.0302735
0.0302735
0.0605469
0.227051
0
0.666016
0.0454102
0.272461
0.666016
0.484375
0.105957
0.0454102
0.363282
0
0.0151367
0
0.0302735
0.0454102
0.151367
0.605469
0.560059
0.0454102
0.121094
0.0756837
0.196778
0.0302735
0.121094
0.333008
0.0908204
0.544922
0.438965
0
0
0.181641
0.953614
0
0.454102
0.181641
0.181641
0.408692
0.0302735
0.590333
0
0.69629
0.105957
0.0302735
0
0.136231
0.0151367
0
0.0151367
0.484375
0.211914
0
0
0.211914
0
0
0.847657
0.287598
0.105957
0
0.529786
0.0454102
0.0302735
0.105957
0.211914
0.136231
0
0.287598
0.0908204
0
0.0605469
0.348145
0.105957
0.333008
0
0.317871
0.363282
0.181641
1.08984
0
0.0605469
0
0.181641
0.136231
0.151367
0.0302735
0.105957
0
0.423829
0.514649
0.257324
0.0756837
0.151367
0.0151367
0.302735
0
0.454102
0.78711
0.635743
0.590333
0.484375
0.877931
0
0.196778
0.333008
0.0151367
0.0605469
0.0454102
0.105957
0.393555
0.196778
0.181641
0.0908204
0.0302735
0.166504
0.151367
0.0605469
0.0454102
0.0151367
0.0302735
0.363282
0.0605469
0
0.0908204
0.333008
0.272461
0.0908204
0.136231
0.317871
0.0908204
0
0.514649
0.0151367
0.0756837
0
0
0
0.0756837
0.0908204
0.105957
0.544922
0.196778
0.136231
0.211914
0.0302735
0.0302735
0.166504
0.196778
0.302735
0
0.363282
0
0
0.0151367
0.0605469
0
0.0454102
0
0.363282
0.544922
0
0
0.151367
0
0
0.0605469
0
0.242188
0.287598
0.0151367
0.0302735
0.83252
0.65088
0.711426
1.05957
0
0.0302735
0.166504
0
0.151367
0
0.0302735
0.121094
0
0.438965
0.378418
0.862794
0.121094
0.0454102
0.317871
0.408692
0.0151367
0
0
0.0908204
0.0454102
0.0454102
0.105957
0.499512
0.0756837
0.0454102
0.105957
0.211914
0.499512
0.136231
0
0.544922
0.0756837
0.363282
0.726563
0.272461
0.0605469
0.514649
0.484375
0.0151367
0.0151367
0.0302735
0
0.211914
0.605469
0.0605469
0.893067
0.287598
0.136231
0.287598
0.0908204
0.0756837
0
0.423829
0.317871
0
0.0756837
0.0605469
0.227051
0.923341
0.227051
0.454102
0.0302735
0
0.0151367
0.544922
0.181641
0
0.227051
0.105957
0.151367
0.105957
0.0151367
0.0151367
0.484375
0.0605469
0.0151367
0.408692
0.0454102
0
0.0302735
0.211914
0.151367
0.0454102
0.454102
0
0.393555
0.0151367
0.272461
0.257324
0.105957
0.272461
0.302735
0.635743
0
0.166504
0
0.711426
0.136231
0
0.333008
0.923341
0.544922
0.0908204
0.408692
0.514649
0.242188
0
0.272461
0.378418
0.105957
0
0
0.257324
0.348145
0.287598
0
0.211914
0.0756837
0.423829
0.0151367
0.121094
0.0756837
0.242188
0
0.560059
0.378418
0.242188
0.0302735
0
0.302735
0.0908204
0.544922
0.166504
0.196778
0.726563
0.105957
0.514649
0.151367
0.469239
0
0.0605469
0
0.0605469
0.0151367
0.681153
0.0302735
0.0756837
0.0605469
0
0.136231
0.166504
0.0302735
0.363282
0
0.105957
0
0.0756837
0.423829
0.0454102
0.423829
0.454102
0.0302735
0.0151367
0.227051
0.317871
0.181641
0.0908204
0.105957
0.0151367
0.0151367
0.105957
0.363282
0.529786
0.317871
0.257324
0.105957
0.363282
0.151367
0
0.257324
0.0908204
0.0454102
0.257324
0.136231
0.499512
0.575196
0.514649
0.499512
0
0.136231
0
0.0151367
0.0454102
0.0454102
0.0151367
0.211914
0
0
0.151367
0.0454102
0
0.0302735
0.0454102
0
0.666016
0
0.287598
0.393555
0
0.0302735
0.575196
0.575196
0.166504
0.287598
0.121094
0
0.136231
0.348145
0.121094
0
0.181641
0.121094
0.317871
0.69629
0.242188
0.484375
0.166504
0.0302735
0.121094
0.590333
0.65088
0
0
0.575196
0.0151367
0.0756837
0.227051
0.105957
0.514649
0.151367
0.0756837
0.151367
0.484375
0
0.605469
0.817384
0.529786
0.469239
0
0
0.0454102
0.635743
0.121094
0.0302735
0.257324
0.287598
0.348145
0.544922
0.272461
0.136231
0.726563
0
0.0151367
0.166504
0
0.0151367
0
0
0.181641
0.363282
0
0.0302735
0
0.242188
0
0.802247
0.105957
0.575196
0
0.0302735
0.333008
0
0.0151367
0.105957
0.166504
0.0151367
0.544922
0.257324
0.0151367
0.151367
0.0151367
0
0.317871
0.257324
0.423829
0.0302735
0
0.378418
0.0605469
0.0151367
0.0151367
0
0.544922
0
0
0.0302735
0.121094
0.0302735
0.0151367
0.348145
0.121094
0.575196
0
0.0302735
0.0302735
0
0.136231
0.166504
0.302735
0.0302735
0.514649
0.0454102
0.196778
0.0151367
0.454102
0.121094
0.575196
0
0.0151367
0.0302735
0.181641
0
0.0756837
0.0151367
0.196778
0.711426
0.317871
0.0151367
0.65088
0
0.0302735
0
0.0908204
0.0151367
0.0605469
0.136231
0.771973
0
0.726563
0.0756837
0.196778
0.227051
0
0.0151367
0
0.0302735
0.0151367
0.348145
0.484375
0.272461
0.348145
0
0.121094
0.0908204
0
0.196778
0
0.348145
0.408692
0.0151367
0.166504
0.0151367
0.257324
0
0.121094
0.227051
0.0756837
0
0.0151367
0
0.151367
0.454102
0.0151367
0.378418
0.363282
0.105957
0.635743
0
0.105957
0.0605469
0
0.0756837
0.181641
0.363282
0.454102
0.272461
0.363282
0.0151367
0.605469
0
0
0.408692
0.0302735
0.0151367
0.0151367
0.817384
0.211914
0.227051
0.196778
0.333008
0.544922
0.69629
0.0151367
0.469239
0.877931
0.756837
0
0
0.257324
0.0302735
0.0151367
0.0605469
0.151367
0.0302735
0
0.590333
0.181641
0.620606
0.151367
0.771973
0.211914
0.227051
0.196778
0
0.0302735
0.0302735
0.0454102
0.257324
0.166504
0.454102
0
0
0.0756837
0
0.0151367
0.363282
0.0151367
0.0454102
0.166504
0.227051
0.0151367
0.348145
1.15039
0.0302735
0
0.363282
0.166504
0.272461
0
0.438965
0
0
0.333008
0.121094
0.227051
0.0454102
0
0.151367
0.0151367
0.272461
0.0454102
0.635743
0.0151367
0.105957
0.257324
0
0
0.378418
0
0.0302735
0.514649
0.257324
0.302735
0
0.0756837
0.348145
0.272461
0.211914
0.0454102
0
0.0302735
0
0.0908204
0.83252
0
0.0151367
0.635743
0.454102
0.317871
0.666016
0
0
0.166504
0.408692
0.136231
0.227051
0
0.0605469
0
0
0.0302735
0.0756837
0.105957
0.0151367
0
0.242188
1.04443
0.242188
0.348145
0.0605469
0.0605469
0.0302735
0.333008
0.0605469
0.196778
0
0.257324
0
0.0454102
0.211914
0.227051
0.0908204
0.105957
0.393555
0.0302735
0.408692
0
0
0.242188
0.756837
0.378418
0.0302735
0.363282
0.105957
0.181641
0
0.242188
0.0605469
0.953614
0.0151367
0.893067
0.272461
0.166504
0.0756837
0.287598
0.0151367
0.0605469
0.0302735
0.121094
0.893067
0
0
0.378418
0.0302735
0.514649
0.363282
0.348145
0.0151367
0.0302735
0.242188
0.0454102
0.333008
0.0151367
0.348145
0.0151367
0.484375
0
0.151367
0
0.302735
0
0.0151367
0.181641
0
0.0151367
0.0756837
0.0454102
0.287598
0.105957
0.423829
0.681153
0
0.0302735
0.0908204
0.0908204
0.590333
0
0.681153
0.7417
0.499512
0.363282
0.196778
0.257324
0.272461
0
0.227051
0.0756837
0
0.938477
0
0
0
0.438965
0.499512
0.499512
0.529786
0.0302735
0.544922
0.121094
0.484375
0.378418
0.0908204
0.423829
0.317871
0.333008
0.302735
0
0.78711
0.560059
0
0.83252
0
0.151367
0
0.166504
0.0454102
0.756837
0.196778
0.0302735
0.0454102
0.499512
1.0293
0.227051
0.0908204
0.514649
0.7417
0
0.469239
0
0.0454102
0.257324
0.0151367
0
0
0.0908204
0.0302735
0.0151367
0.317871
0.105957
0.7417
0.257324
0.393555
0.0605469
0.317871
0.560059
0.287598
0.287598
0.0454102
0.105957
0.151367
0.454102
0
0.529786
0.408692
0.0302735
0
0.151367
0.469239
0.105957
0.635743
0.0756837
0.620606
0
0.590333
0.211914
0
0
0.454102
0.605469
0
0
0.620606
0.121094
0
0.227051
0.726563
0.181641
0.560059
0.348145
0
0.166504
0.0756837
0
0.514649
0
0.211914
0
0.0454102
0
0
0.529786
0.272461
0.0151367
0.287598
0.0151367
0.0605469
0.136231
0.227051
0.136231
0.847657
0.69629
0
0.121094
0.923341
0.0151367
0.0302735
0
0.257324
0
0.544922
0
0.166504
0.0302735
0
0.196778
0.333008
0.0302735
0.121094
0
0
0.378418
0.560059
0
0.0756837
0
0.105957
0.196778
0.666016
0.378418
0
0.0302735
0
0.666016
0
