0
0
0.15671
0
0.0522366
0.0130591
0
0.0522366
0
0
0
0
0
0.0130591
0
0
0
0
0.0783549
0
0
0
0
0
0
0.0261183
0
0.0391774
0
0
0
0
0.0130591
0.091414
0
0
0
0
0.0130591
0.0391774
0
0
0
0
0.0130591
0.0261183
0
0
0.0130591
0
0.0130591
0
0
0
0.248124
0
0
0
0
0.0261183
0.0130591
0
0.0130591
0
0
0
0
0
0
0
0
0
0.0261183
0
0
0
0
0
0
0.0522366
0
0
0
0
0
0
0.0130591
0
0.104473
0
0
0
0.0130591
0
0
0
0
0
0.0130591
0
0
0
0.378715
0
0.0130591
0.0391774
0
0
0.0130591
0
0
0
0
0.0652957
0.0130591
0
0.0130591
0.0130591
0.0261183
0
0
0
0
0
0
0.0130591
0.0391774
0.0130591
0
0
0
0
0.195887
0
0.0261183
0
0.0130591
0
0
0.0783549
0
0
0.953317
0
0
0
0.0130591
0
0.0391774
0
0.0130591
0
0
0
0
0
0
0
0.0522366
0
0
0.0261183
0.0391774
0
0
0
0.0261183
0
0
0.0130591
0
0
0.0783549
0
0
0
0
0.0391774
0.0130591
0
0
0
0
0.0261183
0
0
0
0
0
0
0
0
0
0
0
0.0130591
0
0
0
0.0261183
0
0
0.261183
0
0.0130591
0.0261183
0
0
0
0
0.378715
0
0
0.287301
0.0130591
0
0
0.0130591
0
0
0
0
0
0
0
0
0
0
0.0652957
0
0.0130591
0.0130591
0.0261183
0.404833
0
0.0130591
0
0
0
0.0391774
0.0261183
0
0
0
0
0
0
0.0391774
0
0
0
0.0652957
0
0
0.0130591
0
0
0
0
0.0652957
0.0783549
0
0.0391774
0
0.0261183
0.0522366
0
0
0.0391774
0.0391774
0
0.130591
0
0.626839
0.0261183
0.0261183
0.0130591
0.0391774
0
0.0391774
0.0130591
0
0.117532
0
0.0130591
0.143651
0.130591
0.0261183
0.0522366
0.0130591
0.0391774
0
0
0.0130591
0
0.0130591
0.0261183
0
0.0130591
0.0261183
0.0130591
0
0.0130591
0.0130591
0
0
0.339538
0.0130591
0
0.365656
0
0
0
0.0130591
0
0.0130591
0
0
0.0130591
0.0391774
0.0261183
0
0.0130591
0
0
0
0
0
0.117532
0.0522366
0
0
0.0130591
0.0130591
0.0261183
0.0391774
0.0261183
0.326479
0
0
0
0
0
0.0130591
0.0130591
0
0
0
0
0
0
0.0261183
0
0
0.0391774
0.0130591
0.0261183
0
0
0
0
0.0261183
0.0261183
0
0
0
0
0
0.0130591
0.0522366
0
0
0
0.0261183
0.0783549
0
0
0.0130591
0.0522366
0
0
0.0130591
0
0
0.0391774
0
0
0.0130591
0
0
0
0.0783549
0
0
0
0
0.274242
0
0.0261183
0
0
0
0
0
0.0130591
0
0.0130591
0
0.0261183
0.470129
0
0.0130591
0
0
0
0
0
0
0
0
0
0
0
0.0130591
0.0130591
0.0130591
0
0
0
0
0.0391774
0.117532
0.352597
0
0
0
0
0
0
0
0
0.0130591
0
0.0130591
0
0
0.0783549
0.0261183
0
0
0
0
0
0.0130591
0
0.0261183
0.0130591
0
0
0
0
0.0130591
0
0
0
0
0
0
0
0
0
0.0130591
0
0.0130591
0
0
0
0
0
0.0130591
0.15671
0.0130591
0.274242
0
0.130591
0
0
0
0.0130591
0
0.0130591
0.0391774
0
0.0130591
0.0391774
0
0
0
0
0.0391774
0
0
0.15671
0
0
0.0391774
0
0.0261183
0
0
0
0
0
0
0.0783549
0.0130591
0.404833
0.0130591
0
0
0
0
0
0
0.0130591
0
0
0.0391774
0.0130591
0.182828
0.0130591
0
0.0130591
0
0.0130591
0.0130591
0
0
0.0130591
0
0
0.0130591
0
0
0
0.313419
0
0.0261183
0.0130591
0
0
0.0522366
0
0.0130591
0
0.0130591
0
0.0522366
0.235065
0
0.104473
0
0
0
0
0.0130591
0.626839
0.0261183
0
0
0
0.222005
0
0
0
0
0.0130591
0
0
0
0.091414
0.0130591
0
0.0261183
0
0.0130591
0
0.0130591
0
0.0130591
0
0
0
0
0.0130591
0
0.0130591
0
0
0
0
0
0.0261183
0
0
0
0
0
0.0391774
0
0.0391774
0.0261183
0
0.104473
0
0
0
0.0391774
0
0.0391774
0
0.0130591
0
0.0261183
0
0.261183
0
0
0.0261183
0
0
0
0
0.0261183
0
0
0.0130591
0
0
0
0.0130591
0
0
0
0
0.0391774
0
0
0.0130591
0.143651
0.0261183
0.0391774
0
0
0.0652957
0
0
0
0
0
0.470129
0
0.0130591
0.169769
0
0
0
0.0391774
0
0
0.0261183
0
0
0.0522366
0
0
0
0
0
0
0
0.091414
0
0.195887
0.0130591
0
0
0.0391774
0
0
0.0522366
0.0130591
0
0.0130591
0
0
0
0
0
0
0
0
0
0.0261183
0
0.0261183
0
0
0
0
0
0
0
0
0.104473
0.0261183
0.0261183
0
0
0
0.222005
0
0.0391774
0
0.0130591
0.0783549
0
0
0
0
0
0
0.0130591
0.0652957
0.0391774
0
0.0130591
0
0
0.0130591
0
0
0.0391774
0
0
0
0.0522366
0
0
0.0391774
0
0
0
0
0.0130591
0
0.0130591
0
0.0130591
0
0
0.0130591
0.182828
0
0.0130591
0
0
0.261183
0
0.0130591
0
0
0
0.0261183
0
0.0261183
0
0.0261183
0
0.0130591
0
0.0130591
0
0
0
0
0.0261183
0
0.0652957
0.0130591
0.15671
0
0
0
0.0261183
0.0391774
0.0261183
0
0
0
0
0
0
0
0
0
0
0
0.0130591
0
0
0
0.0130591
0
0
0.091414
0.0261183
0.0261183
0
0
0
0
0.0391774
0.0652957
0
0
0
0
0
0
0.274242
0
0
0
0
0
0.0130591
0.0130591
0.0391774
0
0
0
0.0783549
0
0
0.130591
0.0261183
0
0.0130591
0
0
0
0
0
0
0
0
0.0391774
0
0
0.0130591
0
0
0.0391774
0.0391774
0
0.0130591
0
0.326479
0
0
0
0
0
0
0.0783549
0.287301
0.0130591
0.0130591
0
0
0
0
0
0
0
0.0261183
0.0130591
0.091414
0
0.0130591
0
0.0130591
0
0.0130591
0
0
0.391774
0
0.15671
0
0
0
0
0.248124
0
0
0
0.195887
0.0130591
0.0783549
0
0
0
0.0130591
0
0
0
0
0
0
0
0
0.0391774
0
0.0130591
0
0.0130591
0
0.0130591
0
0
0
0
0
0
0
0.0130591
0.0130591
0.0391774
0
0
0
0.0130591
0
0
0.0261183
0.0652957
0.0652957
0
0
0.45707
0.0522366
0
0
0
0.0261183
0.0391774
0
0
0
0
0
0
0
0
0.0261183
0
0
0.0130591
0
0
0.0391774
0
0
0
0
0
0
0
0
0
0
0
0
0.666016
0
0.0652957
0.0130591
0.169769
0
0.195887
0.0391774
0.0130591
0
0
0
0.0783549
0
0.0130591
0
0.15671
0
0.0261183
0.0130591
0.352597
0
0.600721
0.182828
0.522366
0.15671
0.117532
0
0.326479
0.0391774
0.0391774
0.75743
0
0.117532
0
0
0.0652957
0.0652957
0.483188
0.0522366
0.169769
0.744371
0.0522366
0.417893
0.0130591
0.574602
0.404833
0.104473
0.0652957
0
0.15671
0.417893
0.888022
0.0391774
0.208946
0
0.692135
0.091414
0.130591
0.0391774
0
0.0261183
0.0652957
0.0130591
0.783549
0.104473
0.274242
0.0391774
0.0130591
0.248124
0.274242
0.104473
0.169769
0.15671
0.182828
0.235065
0.0130591
0.548484
0.15671
0.483188
0.509307
0
0.365656
0
0
0
0
0.0391774
0.0261183
0.104473
0.182828
0.0652957
0.182828
0.248124
0.0652957
0.248124
0.091414
0.287301
0
0.143651
0.0783549
0
0.313419
0.0522366
0.143651
0.365656
0.169769
0.391774
0.0130591
0.0261183
0.339538
0
0.091414
0.0130591
0.235065
0.430952
0.496247
0.0130591
0.0130591
0
0
0.143651
0.535425
0.404833
0.404833
0.169769
0.261183
0.208946
0.45707
0.287301
0.600721
0.104473
0.0652957
0.391774
0.0522366
0
0
0.0261183
0.378715
0.417893
0.143651
0.287301
0
0.30036
0.0652957
0.0130591
0.130591
0.705194
0.130591
0.104473
0.0130591
0.0783549
0
0.143651
0.222005
0.0783549
0.0783549
0.287301
0.0391774
1.05779
0
0.0261183
0.130591
0.104473
0
0.391774
0.182828
0.0783549
0.326479
0.548484
0.0391774
0.0261183
0.0391774
0
0
0
0.182828
0.352597
0.809667
0.404833
0
0.117532
0.0391774
0
0
0.182828
0.169769
0.0130591
0.0652957
0
0.548484
0.313419
0.248124
0
0.0130591
0.718253
0.235065
0.0130591
0.522366
0.483188
0
0
0.0130591
0.0652957
0.744371
0.195887
0
0.222005
0.0261183
0
0.130591
0
0.274242
0.169769
0.091414
0.0522366
0
0.0652957
0.0130591
0.339538
0.261183
0.0130591
0.0391774
0.391774
0.091414
0.182828
0.248124
0.195887
0.0783549
0.208946
0.143651
0.0130591
0.235065
0.091414
0.0130591
0.15671
0.130591
0.248124
0
0.378715
0.117532
0
0
0.15671
0.222005
0.0522366
0.0652957
0.0130591
0.0391774
0.0130591
0
0.796608
0
0.561543
0.143651
0
0.222005
0.169769
0.274242
0.0391774
0.0652957
0.0261183
0
0
0
0
0.587661
0.0522366
0
0
0
0.548484
0.248124
0.0391774
0.248124
0
0.287301
0.0261183
0.0391774
0.0783549
0
0.0130591
0.0261183
0
0.404833
0.222005
0.0522366
0.0130591
0.248124
0
0.848844
0.705194
0.0783549
0.274242
0.0391774
0
0.117532
0.208946
0.104473
1.04473
0.548484
0.404833
0.509307
0.0130591
0.222005
0.0522366
0.0391774
0.104473
0.352597
0.0391774
0.195887
0.0652957
0.235065
0.0261183
0.117532
0.0130591
0.0130591
0.0522366
0
0.770489
0.0522366
0
0.0783549
0.731312
0.378715
0.248124
0.809667
0.0130591
0.0130591
0.0261183
0
0
0.0261183
0.979436
0.548484
0.143651
0.430952
0
0.378715
0.208946
0.0130591
0.0261183
0.091414
0.561543
0.235065
0.352597
0
0.130591
0.391774
0.104473
0.404833
0.235065
0.809667
0.130591
0.0261183
0
0.0130591
0
0.091414
0
0.548484
0.117532
0.195887
0.130591
0.496247
0.104473
0.287301
0.378715
0.483188
0.104473
0.222005
0
0.0652957
0.430952
0.0391774
0
0.666016
0.404833
0.15671
0
0.0391774
0.117532
0.600721
0.365656
0.0783549
0
0.0130591
0
0.444011
0
0
0.235065
0.0391774
0.0130591
0.0261183
0.352597
0.0261183
0
0
0.0391774
0.0522366
0.261183
0.274242
0
0
0.391774
0.235065
0.0391774
0.404833
0.535425
0.130591
0.287301
0
0.626839
0.195887
0.274242
0.222005
0.535425
0.0391774
0.0391774
0.169769
0
0.104473
0.287301
0.0522366
0.0261183
0.417893
0.365656
0.0522366
0.222005
0.091414
0.104473
0.391774
0.0391774
0.561543
0.796608
0.365656
0.417893
0
0.0391774
0
0
0.261183
0.339538
0.509307
0.535425
0.130591
0
0.0391774
0.0783549
0.0391774
0.0130591
0.0783549
0.195887
0.679075
0
0.0522366
0.30036
0.391774
0
0.0391774
0.195887
0.091414
0.718253
0.0783549
0.143651
0.169769
0.091414
0.874963
0
0.679075
0
0.0522366
0.483188
0.731312
0.0130591
0.0130591
0.117532
0
0.0783549
0.143651
0.0130591
0.169769
0.287301
0.652957
0.182828
0.339538
0.104473
0.261183
0.0261183
0
0.0130591
0.339538
0
0.222005
0.0652957
0.104473
0.0130591
0.287301
0.391774
0.365656
0.444011
0.208946
0.30036
1.1492
0.0261183
0.235065
0.0652957
0
0.0130591
0.378715
0.313419
0.731312
0.182828
0.0652957
0.352597
0.496247
0.404833
0.0261183
0.0522366
0.0130591
0.861903
0.809667
0.169769
0
0.326479
0.0391774
0.352597
0.953317
0.0130591
0
0.15671
0.104473
0.130591
0
0
0.587661
0
0.0130591
0.378715
0.417893
0.182828
0.261183
0.104473
0.169769
0.222005
0.15671
0.535425
0.30036
0.0391774
0.45707
0.45707
0.587661
0.61378
0.30036
0
0.104473
0
0.378715
0.261183
0.652957
0.430952
0.235065
0
0.417893
0.0261183
0.444011
0
0.0783549
0.339538
0.509307
0.0261183
0.626839
0
0.313419
0
0.0522366
0.274242
0
0.091414
0
0.0522366
0.182828
0.365656
0.091414
0.091414
0.15671
0.470129
0.104473
0
0
0.509307
0.0391774
0.0522366
0.848844
0.30036
0.0652957
0.143651
0.0130591
0.235065
0.117532
0.30036
0.182828
0.195887
0.0522366
0
0.352597
0.313419
0.104473
0
0.0391774
0
0.0652957
0.326479
0.0783549
0
0.496247
0.417893
0.0130591
0.235065
0.600721
0.496247
0.15671
0.104473
0.130591
0.391774
0.61378
0.848844
0.091414
0.208946
0
0
0
0.391774
0.587661
0.666016
0.0391774
0.430952
0.0130591
0.0130591
0
0.091414
0
0.235065
0.352597
0.0130591
0.0130591
0.195887
0.0652957
0
0.169769
0.182828
0
0.326479
0.222005
0
0.0130591
0.470129
0.287301
0.378715
0.0391774
0.378715
0
0.0652957
0.274242
0.235065
0.0522366
0.182828
0.770489
0.626839
0.522366
0.692135
0.235065
0.117532
0.45707
0.117532
0.091414
0.235065
0.117532
0.091414
0.30036
0.0783549
0.417893
0.783549
0.222005
1.18838
0.261183
0.430952
0.0652957
0.117532
0
0.940258
0.0391774
0
0.0522366
0.287301
0.0652957
0
0.104473
0.130591
0.274242
0.0522366
0.652957
0.261183
0.248124
0
0.15671
0.326479
0
0.339538
0.0391774
0.430952
0.0391774
0.130591
0.195887
0.0652957
0.326479
0.143651
0.391774
0.0783549
0.222005
0.0130591
0
0
0.874963
0
0.0130591
0.339538
0.222005
0.483188
0
0.169769
0.404833
0.15671
0
0.0391774
0.561543
0.0261183
0.143651
0.365656
1.08391
0.326479
0.404833
0.235065
0.404833
0.0391774
0.104473
0.235065
0.0130591
0.0130591
0.848844
0.0261183
0.208946
0
0.0261183
0.130591
0
0.339538
0
0.0652957
0.444011
0.470129
0.130591
0.0261183
0.339538
0.404833
0.0783549
0.326479
0.182828
0
0.444011
0.339538
0.222005
0.0130591
0.444011
0.574602
0
0.182828
0.0522366
0
0.404833
0.182828
0.561543
0.61378
0.0261183
0.15671
0.0130591
0.091414
0.639898
0.509307
0.287301
0.30036
0.0391774
0
0.0130591
0.0130591
0.169769
0.313419
0
0.0261183
0.182828
0.274242
0.0130591
0.0130591
0.731312
0
0
0.287301
0
0.470129
0
0.130591
0.15671
0
0.182828
0
0.535425
0.169769
0.509307
0.195887
0.561543
0
0.0130591
0.444011
0.0261183
0.0130591
0
0.861903
0.130591
0
0.117532
0.182828
0.195887
0
0.0652957
0.195887
0.326479
0.222005
0.535425
0.195887
0.248124
0.287301
0.169769
0
0.0391774
0
0.0783549
0.0130591
0.15671
0.248124
0.666016
0.0652957
0
0.0261183
0.561543
0.652957
0.574602
0.117532
0
0.940258
0.248124
0.130591
0.169769
0
0.143651
0
0.731312
0
0.600721
0.0130591
0.30036
0.0391774
0.548484
0.0783549
0.796608
0
0
0.430952
0.182828
0.391774
0
0.0652957
0
0.208946
0.169769
0.0652957
0
0.0783549
0.0652957
0.287301
0.0652957
0.339538
0.169769
0.274242
0.0391774
0.365656
0.117532
0.809667
0.313419
0
0.0130591
0.0130591
0.0652957
0
0
0.195887
0.0261183
0.626839
0
0.091414
0.352597
0.888022
0.522366
0.718253
0.143651
0.600721
0
0.091414
0.117532
0.796608
0.0130591
0.182828
0.639898
0.365656
0.0391774
0.378715
0.0130591
0.313419
0.0261183
0.313419
0.222005
0.391774
0.548484
0.287301
0.0391774
0.0522366
0.365656
0.0391774
0.091414
0.0391774
0
0.0652957
0.195887
0.208946
0.195887
0
0.417893
0.587661
0.248124
0.0652957
0.444011
0.352597
0
0.391774
0
0
0.0130591
0.483188
0.0522366
0
0.561543
0.091414
0.509307
0.182828
0.0130591
0.522366
0.0652957
0.0130591
0.0261183
0.261183
0.195887
0.15671
0
0.496247
0
0.339538
0.222005
0
0.0652957
0.117532
0.117532
0.0130591
1.00555
0.0391774
0.0391774
0.0261183
0.718253
0.15671
0.117532
0.901081
0.091414
0.248124
0.45707
0
0.0783549
0
0.796608
0.0130591
0.104473
0.130591
0.0391774
0.117532
0.222005
0.0522366
0.430952
0.208946
0.274242
0.091414
0.182828
0.104473
0.0261183
0.182828
0
0.326479
0.130591
0
0.548484
0.208946
0.091414
0
0.45707
0.0130591
1.08391
0.274242
0.0391774
0.182828
0
0
0.143651
0.222005
0.182828
0.0522366
0.378715
0.261183
0.0130591
0
0.561543
0.744371
0.0261183
0.143651
0.313419
0
0.182828
0.169769
0.208946
0.0130591
0.130591
0.169769
0
0.783549
0.535425
0.391774
0.0652957
0
0.0261183
0.143651
0
0.0783549
0.522366
0.235065
0.352597
0.339538
0
0
0.561543
0.0130591
0.0261183
0.352597
0
0
0.770489
0
0
0.143651
0.104473
0.208946
0.822726
0.117532
0
0.222005
0.0522366
1.03167
0.430952
0
0.0522366
0
0
0.091414
0.496247
0.287301
0.208946
0
0.091414
0.117532
0.248124
0.0261183
0.117532
0.169769
0.0130591
0.417893
0.0261183
0
0.0391774
0.522366
0.208946
0
0.195887
0.091414
0.0261183
0.0783549
0.91414
0.30036
0.0130591
0
0.718253
0.0130591
0
0
0.339538
0.0130591
0
0
0
0
0.274242
0.195887
0
0.339538
0.430952
0.104473
0.208946
0.313419
0.0130591
0.0261183
0.574602
0.470129
0.195887
0.195887
0.0261183
0
0.261183
0.692135
0.0652957
0.927199
0
0.104473
0.195887
0.0130591
0.0130591
0
0.0130591
0
0.104473
0.835785
0
0.104473
0
0.143651
0.117532
0.0783549
0
0.391774
0.0522366
0.470129
0.0130591
0.287301
0.679075
0.391774
0.0522366
0.182828
0
0.0391774
0.30036
0
0.574602
0.339538
0.182828
0.30036
0
0.404833
0.0130591
0
0.0130591
0.470129
0.0130591
0.0130591
0.430952
0.326479
0.874963
0.731312
0.235065
0.430952
0.182828
0
0.0391774
0.117532
0.587661
0.587661
0.143651
0.0261183
0.822726
0.287301
0.091414
0.15671
0
0.496247
0.104473
0
0.274242
0.809667
0.639898
0
0.0391774
0.117532
0.61378
0
0.195887
0.731312
0.548484
0
0.326479
0.287301
0.0391774
0
0
0
0.117532
0.0130591
0
0.117532
0.0261183
0
0.0522366
0.0783549
0
0
0.666016
0
0.0261183
0.0130591
0
0.117532
0.0391774
0.0130591
1.05779
0
0
1.01861
0.0261183
0.522366
0.326479
0.0522366
0
0
0.0130591
0
0.0261183
0.091414
0.430952
0.222005
0.195887
0.0261183
0.169769
0.0130591
0.0261183
0.365656
0.0130591
0.835785
0.91414
0
0
0.195887
0.195887
0
0
0
0
0.195887
0.927199
0
0
0
0.574602
0.326479
0.0522366
0.182828
0.208946
0.326479
0.639898
0.182828
0
0.091414
0.091414
0.274242
0.130591
0.0652957
0.15671
0.391774
0.169769
0.0391774
0.0261183
0.0261183
0
0.182828
0
0.339538
0.835785
0.0130591
0.0522366
0
0.45707
0.888022
0
0
0.261183
0
0.0130591
0.130591
0.104473
0
0.287301
0.0130591
0.0522366
0.888022
0
0
0
1.22756
0
0
0.195887
0
0
0.483188
0
0.587661
0.248124
0.666016
0.15671
1.13615
0
0.30036
0
0.509307
0.195887
0
0.182828
0.679075
0.0130591
0.15671
0.0391774
0.0522366
0.430952
0
0
0
0
0.848844
0.339538
0
0.0130591
0.287301
0
0.130591
0.509307
0
0.470129
0.169769
0.091414
0.352597
0.535425
0
0.274242
0
0.0130591
0
0.30036
0
0.365656
0
0.0522366
0.261183
0.561543
0
0.0652957
0.0652957
0
0.483188
0.0391774
0.679075
0
1.05779
0
0.326479
0
0.666016
0
0
0
0.30036
0.0391774
0.130591
0
0.339538
0
0.0783549
0
0.692135
1.09697
0.0261183
0.104473
0.430952
0
0.104473
0.574602
0
0
0
1.00555
0
0.770489
0.0130591
0
0
0
0.326479
0
0.0261183
0.0783549
0.0391774
1.31897
0
0.0783549
0.587661
0.0130591
0
0.0261183
0
0
0
0
0.470129
0.117532
0.365656
0.0391774
0.0130591
0
0.0130591
0
0
0.548484
0.182828
0.0522366
0
0
0.744371
0.574602
0.0391774
0
0.652957
0
0.222005
0
0.182828
0.0130591
0.208946
0.169769
0.940258
0.91414
0
0.444011
0.195887
0
0.104473
0.0652957
0.15671
0.522366
0.430952
0.0783549
0
0.326479
0
0
0
0.0391774
0.117532
0.195887
0
0.0391774
0
0.822726
0
0
0.718253
0.248124
0
0.483188
0.0783549
0.0522366
0.091414
0
0.222005
0.326479
0.600721
0
0
0.0130591
0.574602
0.104473
0.483188
0.182828
0.0261183
0.326479
0.0391774
0.182828
0
0
0
0.274242
0.0261183
0
0.091414
0.0391774
0
0.404833
0.0652957
0.248124
0.091414
0.143651
0.130591
0.0522366
0.0652957
0.444011
0.0130591
0.0261183
0.45707
0
0
0.104473
0.0522366
0.561543
0
0.587661
0.15671
0.0783549
0.483188
0
0.326479
0.339538
0.30036
0.0522366
0.522366
0.091414
0
0.0522366
0
0
0.248124
0
0.352597
0.692135
0.274242
0
0.535425
0
0
0
0.0261183
0.195887
0.326479
0.287301
0.169769
0.117532
0
0
0.117532
0.496247
0
0
0.600721
0.0130591
0.091414
0
0.0261183
0.731312
0
0
0.0783549
0.509307
0
0.365656
0
0
0.352597
0.130591
0.208946
0.248124
0
0
0
0
0.0130591
0.391774
0.718253
0.0130591
0
0
0.169769
0.222005
0.587661
0.0652957
0
0.0522366
0.0522366
0.235065
0
0.313419
0
0.744371
0
0.104473
0
0.483188
0.0783549
0
0.365656
0.404833
0.600721
0
0.548484
0.417893
0.0391774
0.352597
0.091414
0
0.117532
0.0130591
0
0
0.30036
0
0
0.874963
0
0.0391774
0.235065
0
0.0130591
0
0
0.587661
0.0391774
0
0.195887
0.208946
0.365656
0.117532
0.182828
0.0522366
0
0.0522366
0.15671
0.091414
0.0261183
0.0652957
0
0.182828
0.0652957
0.104473
0.091414
0.15671
0.561543
0.0130591
0.0261183
0
0.470129
0
0.0130591
0
0
0.0261183
0
0.130591
0.705194
0.326479
0.0522366
0.0522366
0.822726
0
0.248124
0.0652957
1.05779
0.705194
0
0.979436
0.666016
0
0
0
0.391774
0.0261183
0.0652957
0.535425
0
0.091414
0.0130591
0
0.522366
0.091414
0.822726
0
0.143651
0.0130591
0.0130591
0.0130591
0
0.404833
0.796608
0.326479
0
0.470129
0.496247
0.261183
0.0261183
0.130591
0
0
0.0783549
0
0.313419
0
0
0.117532
0.444011
0.0391774
0.365656
0.143651
0
0.496247
0.0652957
0.0391774
0.15671
0
0.0522366
0.091414
0.731312
0
0.0130591
0
0
0.0522366
0.235065
0.0261183
0.391774
0.339538
0.0130591
0.091414
0.313419
0
0.940258
0.0130591
0
0.0261183
0
0
0.0261183
0
0.0130591
0.104473
0.0652957
0.626839
0.679075
0.235065
0.339538
0
0.391774
0.091414
0.143651
0
0
0.509307
0.091414
0.130591
0
0.561543
0.104473
0
0.639898
0.117532
0.574602
0.143651
0.0783549
0.0522366
0.182828
0.339538
0.0130591
0.0652957
0.0130591
0.626839
0.587661
0
0
0.261183
0.874963
0
0.417893
0.0261183
0.261183
0.626839
0.222005
0.130591
0
0
0
0.0130591
0
0.796608
0.326479
0.326479
0.0130591
0
0.104473
0
0
0.45707
0.274242
0
0.444011
0.0652957
0
0
0
0.15671
0.731312
0.182828
0.248124
0.15671
0
0
0.208946
0.378715
0.561543
0
0
0.0391774
0
0
0.0130591
0
0
0.208946
0.444011
0
0.692135
0.692135
0.574602
0.091414
0.261183
0
0.404833
0.809667
0.535425
0
0.0261183
0
0.0261183
0
0
0
0.378715
0.117532
0
0
0.404833
0.391774
0
0
0.626839
0.0391774
0.705194
0.0130591
0
0.0261183
0
0.235065
0.169769
0
0.705194
0
0.130591
0
0
0
0.0261183
0
0.796608
0.0391774
0.404833
0
0.0522366
0
0.091414
0.208946
0.15671
0
0.0522366
0.352597
0.0130591
0
0.365656
0.339538
0
0
0
0.0652957
0
0
0.652957
0
0.835785
0.208946
0.0652957
0
0
0
0.0261183
0.874963
0.692135
0
0
0.0652957
0.0522366
0.287301
0.091414
0.0522366
0.222005
0.404833
0
0.0652957
0.195887
0.0130591
0
0
0.313419
0.0391774
0.143651
0
0.744371
0.731312
0.548484
0.0391774
0.287301
0.0522366
1.01861
0.352597
0.0130591
0.587661
0
0
0.169769
0.626839
0.0652957
0.248124
0.0522366
0.169769
0.430952
1.01861
0.0130591
0.222005
0
0.0783549
0.104473
0.143651
0.0261183
0.117532
0.091414
0.352597
0.0130591
0.0130591
0.430952
0
0.195887
0.15671
0.0391774
0.470129
0.222005
0
0.117532
0.718253
0.744371
0.104473
0
0.0783549
0.0130591
0.222005
0.0130591
0.509307
0
0
0.104473
0
0.365656
0.169769
0.692135
0.483188
0.0130591
0.195887
0.15671
0
0.143651
0.169769
0.574602
0.0261183
0
0
0.75743
0.796608
0
0.0130591
0.143651
0.091414
0
0.0522366
0.0261183
0.091414
0.0652957
0.0652957
0.0522366
0.182828
0
0
0.15671
0.130591
0.182828
0.509307
0.0652957
0.182828
0.509307
0.391774
0.195887
0.679075
0
0
0.496247
0.195887
0.639898
0.61378
0
0.0261183
0.0652957
0.0652957
0.0130591
0.326479
0.352597
0
0.365656
0.169769
0.0783549
0.0261183
0.509307
0
0.104473
0.30036
0.0783549
0.352597
0.0652957
0.326479
0.0783549
0.195887
0.261183
0.091414
0.0130591
0.0522366
0
0.587661
0.496247
0
0.0391774
0.143651
0.143651
0.365656
0
0.548484
0.0261183
0
0.0261183
0.169769
0.0130591
0.692135
0.0261183
0.195887
0.61378
0.522366
0.091414
0.104473
0.30036
0
0.0130591
0
0.0261183
0.0522366
0.182828
0.61378
0.483188
0.0130591
0.117532
0.0783549
0.182828
0.0261183
0.104473
0.30036
0.104473
0.548484
0.313419
0
0
0.235065
1.03167
0
0.548484
0.169769
0.195887
0.391774
0
0.535425
0
0.679075
0.117532
0.0130591
0
0.104473
0
0
0
0.587661
0.182828
0
0.0130591
0.169769
0
0
0.718253
0.352597
0.091414
0
0.652957
0.0783549
0.0261183
0.0391774
0.169769
0.169769
0
0.287301
0.0522366
0
0.0522366
0.404833
0.208946
0.339538
0
0.30036
0.417893
0.0522366
1.16226
0
0.0391774
0.0261183
0.287301
0.091414
0.208946
0.0261183
0.091414
0.0130591
0.378715
0.496247
0.339538
0.104473
0.0652957
0.0130591
0.391774
0
0.417893
0.809667
0.652957
0.626839
0.496247
0.822726
0.0261183
0.130591
0.352597
0.0130591
0.0652957
0.0783549
0.130591
0.261183
0.195887
0.208946
0.117532
0.0783549
0.195887
0.117532
0.0652957
0.0522366
0
0
0.352597
0.0652957
0
0.130591
0.352597
0.182828
0.0261183
0.15671
0.339538
0.0783549
0
0.483188
0
0.130591
0
0
0
0.0391774
0.091414
0.143651
0.626839
0.182828
0.195887
0.169769
0.0261183
0
0.15671
0.222005
0.235065
0.0391774
0.352597
0
0
0
0.0522366
0
0.0391774
0.0130591
0.339538
0.509307
0
0.0130591
0.091414
0
0
0.0652957
0
0.274242
0.30036
0.0130591
0
0.835785
0.666016
0.744371
1.11003
0
0.0130591
0.208946
0
0.117532
0
0.0391774
0.091414
0
0.444011
0.352597
0.901081
0.130591
0.0391774
0.274242
0.391774
0
0
0
0.0783549
0.117532
0.0261183
0.15671
0.561543
0.104473
0.0783549
0.117532
0.235065
0.535425
0.222005
0
0.574602
0.091414
0.391774
0.783549
0.182828
0.0783549
0.444011
0.430952
0.0522366
0
0.0522366
0
0.274242
0.561543
0.0261183
0.966377
0.30036
0.0522366
0.313419
0.15671
0.0391774
0.0130591
0.430952
0.222005
0
0.104473
0.0783549
0.365656
0.888022
0.15671
0.391774
0.0261183
0
0.0652957
0.470129
0.208946
0
0.235065
0.104473
0.182828
0.130591
0.0130591
0.0652957
0.378715
0.0522366
0
0.444011
0.0130591
0
0.0391774
0.248124
0.222005
0.0261183
0.430952
0
0.483188
0.0652957
0.30036
0.248124
0.0652957
0.248124
0.30036
0.600721
0.0130591
0.248124
0
0.796608
0.143651
0
0.287301
0.888022
0.600721
0.0652957
0.417893
0.483188
0.313419
0
0.261183
0.404833
0.091414
0
0
0.15671
0.365656
0.365656
0.0130591
0.195887
0.091414
0.417893
0.0522366
0.143651
0.0652957
0.143651
0
0.444011
0.30036
0.274242
0.0130591
0
0.352597
0.0652957
0.496247
0.130591
0.222005
0.809667
0.0783549
0.535425
0.195887
0.352597
0
0.091414
0
0.091414
0.0783549
0.679075
0.0391774
0.0522366
0.117532
0
0.248124
0.104473
0.0652957
0.313419
0.0130591
0.130591
0
0.0652957
0.391774
0.0261183
0.391774
0.404833
0
0
0.208946
0.378715
0.274242
0.0522366
0.0783549
0.0130591
0.0261183
0.117532
0.352597
0.509307
0.261183
0.30036
0.117532
0.352597
0.130591
0
0.261183
0.0783549
0.0391774
0.235065
0.0783549
0.483188
0.496247
0.430952
0.600721
0
0.117532
0
0
0.0783549
0.0130591
0.0130591
0.195887
0.0130591
0
0.169769
0.0652957
0
0.0652957
0.0522366
0
0.639898
0
0.248124
0.391774
0
0
0.561543
0.574602
0.195887
0.365656
0.130591
0
0.182828
0.339538
0.143651
0
0.208946
0.0783549
0.365656
0.679075
0.248124
0.509307
0.143651
0.0522366
0.143651
0.718253
0.522366
0
0.0391774
0.522366
0.0261183
0.117532
0.182828
0.117532
0.444011
0.117532
0.130591
0.195887
0.535425
0
0.548484
0.705194
0.587661
0.496247
0
0
0.091414
0.652957
0.091414
0.0522366
0.261183
0.417893
0.274242
0.574602
0.261183
0.143651
0.783549
0
0.0652957
0.182828
0
0.0130591
0
0
0.130591
0.365656
0
0.0130591
0.0652957
0.222005
0
0.861903
0.104473
0.587661
0
0
0.404833
0
0.0130591
0.15671
0.169769
0.0391774
0.496247
0.222005
0.0261183
0.182828
0.0261183
0
0.208946
0.222005
0.417893
0.0783549
0.0261183
0.378715
0.091414
0
0.0391774
0
0.535425
0
0.0130591
0
0.182828
0.0130591
0
0.339538
0.169769
0.587661
0
0.0130591
0.0783549
0
0.143651
0.130591
0.261183
0.0783549
0.483188
0.0391774
0.15671
0.0391774
0.470129
0.0783549
0.522366
0
0.0130591
0.0391774
0.169769
0.0391774
0.130591
0
0.287301
0.744371
0.339538
0.091414
0.61378
0.0130591
0.0130591
0.0130591
0.117532
0.0261183
0.169769
0.091414
0.692135
0
0.692135
0.208946
0.143651
0.195887
0
0
0
0.0783549
0.0130591
0.274242
0.470129
0.391774
0.326479
0
0.0261183
0.130591
0
0.15671
0
0.417893
0.45707
0.0130591
0.143651
0.0261183
0.235065
0
0.0652957
0.208946
0.0652957
0
0
0
0.117532
0.522366
0.0261183
0.352597
0.378715
0.143651
0.679075
0.0130591
0.117532
0.0130591
0
0.0130591
0.274242
0.352597
0.404833
0.287301
0.30036
0
0.600721
0
0
0.391774
0.0391774
0.0130591
0.0391774
0.874963
0.169769
0.352597
0.15671
0.222005
0.509307
0.652957
0.0130591
0.365656
0.992495
0.809667
0
0
0.378715
0.0130591
0.091414
0.0522366
0.104473
0.0522366
0
0.535425
0.235065
0.587661
0.117532
0.692135
0.235065
0.208946
0.182828
0.0130591
0
0.0130591
0.0261183
0.182828
0.182828
0.509307
0
0
0.0652957
0.0130591
0.0130591
0.378715
0.0130591
0.0130591
0.208946
0.235065
0
0.483188
1.12309
0.0522366
0
0.365656
0.182828
0.222005
0
0.430952
0.0261183
0
0.365656
0.117532
0.274242
0.0652957
0
0.143651
0.0130591
0.287301
0.0261183
0.652957
0.0261183
0.130591
0.30036
0
0.0261183
0.404833
0.0130591
0.0522366
0.45707
0.182828
0.287301
0
0.0391774
0.378715
0.222005
0.195887
0.0783549
0
0.0130591
0.0130591
0.104473
0.901081
0
0.0130591
0.587661
0.522366
0.339538
0.679075
0
0
0.182828
0.444011
0.208946
0.117532
0
0.0652957
0.0261183
0.0522366
0
0.0261183
0.143651
0.0391774
0
0.15671
0.953317
0.274242
0.313419
0.0522366
0.0652957
0.0783549
0.30036
0.0130591
0.15671
0
0.182828
0
0.0391774
0.248124
0.326479
0.0783549
0.117532
0.339538
0.0391774
0.378715
0
0
0.261183
0.809667
0.30036
0.0522366
0.339538
0.0783549
0.182828
0.0261183
0.182828
0.0130591
1.03167
0.0783549
0.874963
0.287301
0.15671
0.091414
0.30036
0
0.0652957
0.0522366
0.143651
0.927199
0
0.0130591
0.45707
0.0522366
0.522366
0.352597
0.326479
0
0.0261183
0.30036
0.0783549
0.326479
0.0261183
0.365656
0
0.430952
0
0.15671
0
0.208946
0
0.0130591
0.15671
0
0.0391774
0.091414
0.0652957
0.274242
0.117532
0.391774
0.61378
0.0783549
0
0.143651
0.104473
0.548484
0.0130591
0.744371
0.666016
0.574602
0.404833
0.208946
0.261183
0.248124
0
0.195887
0.130591
0
0.901081
0
0
0
0.444011
0.470129
0.496247
0.444011
0.0391774
0.548484
0.169769
0.391774
0.352597
0.0783549
0.365656
0.261183
0.30036
0.287301
0
0.744371
0.600721
0
0.75743
0
0.117532
0
0.235065
0.0652957
0.783549
0.130591
0.0522366
0.0261183
0.509307
1.00555
0.195887
0.130591
0.61378
0.835785
0
0.470129
0.0391774
0.0130591
0.248124
0.0130591
0.0261183
0
0.0783549
0.0522366
0.0261183
0.365656
0.117532
0.874963
0.222005
0.30036
0.0261183
0.261183
0.574602
0.326479
0.287301
0.0652957
0.091414
0.182828
0.391774
0.0130591
0.45707
0.365656
0.0130591
0
0.182828
0.483188
0.143651
0.600721
0.143651
0.574602
0
0.652957
0.326479
0
0.0130591
0.444011
0.535425
0.0130591
0
0.600721
0.143651
0
0.208946
0.652957
0.15671
0.61378
0.30036
0.0391774
0.195887
0.0783549
0
0.548484
0
0.117532
0.0261183
0.0130591
0
0
0.522366
0.313419
0
0.222005
0
0.0652957
0.182828
0.143651
0.130591
0.835785
0.679075
0
0.0652957
0.888022
0
0.091414
0
0.274242
0
0.535425
0.0130591
0.104473
0.0391774
0
0.287301
0.417893
0.0391774
0.208946
0.0130591
0
0.404833
0.587661
0.0130591
0.0522366
0
0.195887
0.117532
0.666016
0.313419
0.0130591
0.0783549
0
0.679075
0
