0
0
0
0.0265974
0.0132987
0.30587
0
0
0
0.0531948
0
0
0
0.0132987
0
0
0
0
0.159584
0
0.0132987
0
0
0.0132987
0
0
0
0
0.0132987
0
0
0
0.0265974
0
0
0
0
0
0
0.0132987
0.0930909
0
0
0
0.252675
0
0
0.0132987
0
0.0265974
0
0
0
0
0
0
0.0132987
0
0
0
0
0.292571
0.252675
0
0
0.0132987
0.0531948
0
0
0
0
0.0132987
0.0265974
0
0.226078
0
0.0265974
0
0.0930909
0
0
0
0
0
0
0
0.0531948
0
0.0797922
0
0
0
0
0.0797922
0.0265974
0
0
0
0.0398961
0
0
0
0.146286
0
0
0
0
0
0
0
0
0
0
0
0
0
0.0132987
0
0
0
0
0
0
0
0
0
0
0
0
0
0
0
0.0398961
0
0.239377
0.0132987
0
0
0
0
0
0
0
0.0398961
0.0265974
0.0664935
0
0
0
0.0132987
0
0
0.0531948
0
0.0265974
0
0
0
0
0.0531948
0.0132987
0.372364
0.0265974
0
0
0
0
0.0132987
0
0.0531948
0
0
0
0
0
0
0
0
0.199481
0.0132987
0.0398961
0
0.0265974
0.0132987
0
0.0398961
0
0.452156
0
0.0531948
0
0.0265974
0
0.186182
0.0132987
0
0
0.0265974
0
0.252675
0
0
0
0
0
0
0.0132987
0
0
0
0
0.119688
0
0.10639
0
0
0
0
0.0132987
0
0
0
0
0.0132987
0
0
0
0
0
0
0.199481
0
0.0265974
0
0.771325
0.0132987
0.425558
0
0
0.0265974
0
0
0
0
0
0.0132987
0
0
0
0
0
0
0.0531948
0
0.0664935
0
0
0
0
0
0
0
0
0.0132987
0
0.0132987
0
0
0.0265974
0
0.0265974
0
0.0265974
0.0132987
0
0
0.0531948
0
0
0
0.0398961
0
0
0
0.226078
0.0664935
0.159584
0
0.531948
0
0
0
0
0
0
0
0
0.0398961
0.186182
0.146286
0.0132987
0.0398961
0.0132987
0
0
0
0
0
0.0398961
0
0.0132987
0
0.119688
0
0
0
0
0.0265974
0
1.21018
0
0
0.0132987
0
0
0.0797922
0
0
0
0.0265974
0
0
0
0
0
0
0
0
0
0
0.265974
0
0.0132987
0.0132987
0
0
0
0
0
0
0.558545
0
0
0
0
0.0132987
0
0
0
0
0.0265974
0.0132987
0
0
0.0132987
0
0
0.0132987
0
0
0.0265974
0
0.0132987
0
0
0
0
0.398961
0
0
0
0
0
0
0.0132987
0.0265974
0
0
0.10639
0.0398961
0
0
0
0
0
0
0.0265974
0
0
0
0
0.119688
0
0.0664935
0
0
0
0
0.0398961
0
0
0
0.30587
0
0.0132987
0
0
0.0531948
0
0
0
0
0.0265974
0
0
0
0
0
0
0.119688
0
0.0664935
0
0
0.0132987
0.0132987
0
0
0
0
0.0132987
0.0265974
0
0.0265974
0.0132987
0.0132987
0
0
0
0
0.638338
0
0
0
0.0132987
0.265974
0.159584
0.0265974
0.10639
0
0
0
0
0.425558
0.0531948
0.0132987
0
0
0
0.0664935
0
0
0
0
0.0132987
0
0
0
0
0.10639
0.132987
0
0.0930909
0
0
0
0
0
0.0132987
0
0
0
0
0
0.0265974
0
0
0.212779
0.332468
0.0265974
0
0
0
0
0
0
0.292571
0.0664935
0.851117
0
0
0.0265974
0
0.0265974
0
0.0398961
0.0132987
0
0
0.0398961
0.0398961
0
0
0.0930909
0.0398961
0
0
0
0
0
0
0.0265974
0
0.0930909
0.0132987
0
0.0132987
0
0.0664935
0
0
0
0
0.0132987
0
0.0132987
0.0930909
0
0
0.119688
0.226078
0
0
0
0
0
0
0.0132987
0.0132987
0
0
0
0
0
0
0
0
0
0.265974
0
0
0
0.0398961
0.0265974
0
0
0.10639
0
0
0
0
0.10639
0.0265974
0
0
0
0
0
0
0
0
0
0
0
0
0
0
0
0
0.0132987
0
0
0
0
0
0
0
0
0
0
0
0.119688
0.159584
0
0
0
0
0
0
0.0132987
0
0.0398961
0
0
0.0132987
0
0
0.10639
0.0930909
0
0.0398961
0
0.0132987
0
0
0
0
0
0.146286
0
0
0.0531948
0.0132987
0.0132987
0
0
0
0
0
0
0
0
0
0.0531948
0
0
0.0398961
0
0
0
0.0930909
0.0132987
0.0132987
0
0
0
0
0.0132987
0.0531948
0
0
0.0132987
0
0
0.0132987
0.159584
0
0
0
0
0
0
0.0132987
0
0
0
0
0
0
0
0
0
0
0.0132987
0
0
0.252675
0
0.119688
0
0.0398961
0
0
0
0.0930909
0.0531948
0.0531948
0
0
0
0
0.398961
0.172883
0
0
0
0.0265974
0
0.0132987
0.0797922
0
0.10639
0
0
0.0398961
0
0
0.0265974
0
0.0265974
0.0265974
0
0.0265974
0
0.0132987
0.0132987
0
0.146286
0
0
0.0132987
0
0
0
0
0
0
0
0
0
0
0
0
0
0
0.0265974
0
0
0
0.0398961
0.0664935
0.0265974
0
0
0.0797922
0.0132987
0
0.0132987
0
0
0.0664935
0.199481
0.0797922
0
0
0
0.0132987
0
0
0.0132987
0.186182
0
0
0
0
0
0
0
0.638338
0
0.239377
0
0
0
0
0
0.132987
0
0
0.0265974
0
0
0
0.0398961
0.199481
0
0
0
0.0132987
0
0.0265974
0
0.0265974
0.0132987
0
0
0.0265974
0.0265974
0.0132987
0
0
0
0
0
0
0
0
0.452156
0
0
0.0930909
0
0
0
0
0
0
0.0132987
0.0132987
0
0.0132987
0
0.0664935
0.0265974
0
0
0
0
0
0
0
0
0
0
0
0
0
0.0132987
0
0.0531948
0
0
0
0.146286
0
0
0
0
0.0132987
0.0265974
0
0
0
0
0.0132987
0
0.0531948
0
0
0.119688
0
0.0132987
0
0
0.0132987
0
0
0
0
0
0
0.0132987
0
0
0
0
0
0.784623
0.0398961
0
0
0
0.0398961
0
0
0
0
0
0
0
0.119688
0
0
0.0132987
0
0
0
0
0
0.212779
0
0
0
0
0
0
0
0.0132987
0
0
0
0
0.0132987
0
0
0
0
0
0
0
0
0
0
0
0
0
0
0
0
0
0
0
0
0
0
0.0265974
0
0.0265974
0
0
0.0132987
0
0.0265974
0
0.0664935
0.0132987
0
0
0
0
0
0
0
0
0
0.159584
0
0
0
0.0265974
0.0132987
0
0.0531948
0
0
0
0
0.119688
0
0
0
0
0
0
0.0531948
0
0
0.159584
0
0.0132987
0.172883
0.252675
0.319169
0.332468
0.0664935
0
0
0.146286
0.425558
0
0.212779
0.146286
0.0265974
0
0
0
0
0
0.0797922
0
0
0.704831
0.598442
0.10639
0.41226
0.465455
0.265974
0.199481
0
0
0.159584
0.0265974
0.226078
0.279273
0
0.0265974
0
0.0265974
0.132987
0.0265974
0.332468
0.691532
0.0797922
0.0797922
0.385662
0.119688
0
0.0132987
0.0531948
0.518649
0.0265974
0
0.199481
0.159584
0.0531948
0
0.518649
0
0
0.226078
0.186182
0.186182
0
0
0.0664935
0
0.0531948
0.0531948
0
0.0398961
0.0531948
0.0664935
0.372364
0.119688
0.558545
0.651636
0.279273
0.0664935
0.199481
0.359065
0
0
0.0265974
0.0265974
0
0.252675
0.0531948
0.0265974
0.146286
0
0.30587
0.492052
0.0132987
0.0531948
0.0265974
0.0132987
0.199481
0.0797922
0.199481
0.359065
0
0.0797922
0
0.0664935
0.0531948
0.0398961
0.0797922
0.146286
0.359065
0.30587
0.492052
0
0
0
0
0.172883
0
0.0398961
0.159584
0.0398961
0
0.199481
0.385662
0.0132987
0.41226
0.0664935
0.531948
0.159584
0.372364
0.319169
0.585143
0.478753
0
0.438857
0
0.10639
0.319169
0.638338
0.186182
0
0.505351
0.186182
0
0.172883
0.332468
0.159584
0.505351
0.119688
0.0531948
0.0930909
0.0664935
0.132987
0
0.226078
0.252675
0
0.452156
0
0.0797922
0.877714
0
0
0.478753
0.0797922
0.345766
0
0.0265974
0.0132987
0.10639
0.0531948
0.0132987
0
0.146286
1.0373
0.159584
0.10639
0.359065
0
0
0.438857
0.226078
0.0930909
0.239377
0.0930909
0.10639
0.10639
0.0265974
0.10639
0.0797922
0.292571
0.239377
0.0531948
0.186182
0
0.319169
0
0.119688
0.292571
0.0132987
0.678234
0.239377
0
0.385662
0.465455
0.159584
0.0531948
1.0639
0.146286
0
0.0531948
0.0398961
0.372364
0
0
0
0
0.0132987
0.0930909
0.10639
0.10639
0
0.10639
0.0664935
0.0265974
0.0398961
0.119688
0.638338
0.146286
0.0265974
0.0132987
0.0132987
0.372364
0
0.372364
0.398961
0
0.212779
0.132987
0.30587
0.30587
0.0132987
0.41226
0
0.319169
0.811221
0
0.30587
0.332468
0.744727
0
0
0
0.571844
0.398961
0.558545
0.585143
0.0531948
0.0664935
0
0.0930909
0.0265974
0.359065
0.0265974
0.345766
0.0398961
0.851117
0
0.119688
0.558545
0.0132987
0
0.0930909
0
0.505351
0
0.558545
0.0664935
0.784623
0.279273
0.0132987
0.465455
0.452156
0
0.0398961
0.10639
0.425558
0
0.10639
0.71813
0
0
0.199481
0
0.0531948
0.292571
0.199481
0.0132987
0.0664935
0.0797922
0.0132987
0.279273
0
0.0265974
0.545247
0.425558
0.41226
0.0132987
0
0.492052
0
0.0797922
0
0.132987
0.0132987
0.119688
0.518649
0.10639
0.159584
0
0
0
0.0531948
0.438857
0
0.146286
0.571844
1.0373
0.0265974
0
0.226078
0.0531948
0
0.478753
0.678234
0.0132987
0.0531948
0
0
0.478753
0.877714
0
0.505351
0.598442
0
0.319169
0.10639
0
0.0265974
0
0.239377
0.0664935
0.252675
0.10639
0.119688
0
0.279273
0.691532
0.252675
0.691532
0.0664935
0.332468
0.0265974
0.0930909
0.212779
0.0132987
0.0930909
0.0930909
0.292571
0.385662
0
0.119688
0.199481
0.398961
0
0.119688
0.385662
0
0.146286
0.212779
0.0265974
0.10639
0
0.159584
0.345766
0.851117
0.132987
0
0.0531948
0.0265974
0.279273
0
0
0.172883
0.492052
0.265974
0.0132987
0.132987
0.904312
0.319169
0.598442
0.279273
0.239377
0
0.398961
0.319169
0.119688
0.0132987
0
0.10639
0.265974
0.425558
0
0.0531948
0.0398961
0.146286
0
0.0664935
0.359065
0.186182
0.199481
0
0.452156
0.545247
0
0.0132987
0.811221
0.61174
0.132987
0
0.186182
0.518649
0.372364
0.199481
0.492052
0.119688
0.359065
0
0
0.398961
0.531948
0.0132987
0.319169
0
0
0
0.0132987
0.0265974
0.172883
0.0398961
0.0398961
0.0531948
0.226078
0
0.0265974
0
0.345766
0
0
0.598442
0
0.0132987
0
0.0132987
0
0.199481
0.531948
0
0.199481
0.292571
0.438857
0.0132987
0.0797922
0
0.465455
0.625039
0.518649
0.226078
0.119688
0.186182
0.226078
0
0.345766
0.159584
0.359065
0.0132987
0.359065
0.172883
0.239377
0
0.0398961
0.265974
0.0265974
0.0930909
0.0265974
0.279273
0.10639
0
0
0.531948
0.0930909
0.212779
0.265974
0
0
0.0531948
0.172883
0.0132987
0.186182
0
0.0930909
0.425558
0.0398961
0
0.0132987
0.0930909
0.0797922
0.41226
0.30587
0
0.598442
0.172883
0.146286
0.132987
0.0265974
0.744727
0
0.132987
0.119688
0.279273
0.704831
0
0.132987
0
0.0265974
0.319169
0.0398961
0.398961
0
0.0398961
0.172883
0
0.252675
0.265974
0.146286
0.146286
0
0.877714
0.239377
0.0664935
0.172883
0.0265974
0.41226
0.0132987
0
0.292571
0.0265974
0.598442
0
0
0.372364
0
0.0132987
0
0.571844
0.0797922
0.638338
0.904312
0.0132987
0.0132987
0.0132987
0.0398961
0.691532
0.465455
0.319169
0.385662
0.146286
0.41226
0.119688
0
0.0797922
0.0265974
0.146286
0
0.997403
0.10639
0.212779
0.41226
0.0132987
0
0.159584
0.0265974
0
0.212779
0
0.385662
0.0132987
0.0132987
0.119688
0.0265974
0.61174
0.771325
0.0797922
0.505351
0.0797922
0.0265974
0.0265974
0.159584
0.0132987
0.0132987
0.10639
0.811221
0.0132987
0.41226
0
0.319169
0.558545
0.345766
0.518649
0.239377
0.91761
0.212779
0.0265974
0
0.0664935
0.345766
0.332468
0.0664935
0
0.598442
0.119688
0.0265974
0.478753
0.0531948
0
0.199481
0.0132987
0.252675
0.332468
0.0930909
0.0930909
0.0265974
0.0265974
0.119688
0
0.771325
0.10639
0.0398961
0
0.292571
0
0
0.186182
0.864416
0.0531948
0.0664935
0.0265974
0.0398961
0
0.492052
0
0
0
0
0
0.372364
0.132987
0.252675
1.0506
0.319169
0.638338
0
0
0
0.492052
0
0.0132987
0.625039
0.0132987
0.625039
0.146286
0
0.0797922
0.771325
0.61174
0.0531948
0.438857
0.0930909
0.41226
0.452156
0.172883
0.0930909
0.0132987
0.119688
0.345766
0.0531948
0.265974
0.265974
0.319169
0.132987
0
0.0132987
0.199481
0.0398961
0.571844
0.0930909
0.10639
0.0265974
0.119688
0.279273
0.851117
0.0132987
0
0.265974
0.0132987
0.545247
0.119688
0.0664935
0
0
0.226078
0.0398961
0.265974
0.398961
0.0132987
0.10639
0.704831
0.186182
0.0664935
0.585143
0
0.398961
0
0.0398961
0.30587
0.452156
0
0.10639
0
0.0132987
0
0.0797922
0.0132987
0.279273
0
0
0.0398961
0
0.558545
0.119688
0
0.492052
0.132987
0.0531948
0.186182
0.452156
0.0797922
0.0797922
0.0265974
0.0797922
0
0
0.172883
0
0.0664935
0.438857
0.319169
0
0.0797922
0.345766
0.0132987
0.10639
0
0.279273
0.558545
0
0.132987
0.279273
0.279273
0.119688
0.0265974
0
0.545247
0.359065
0.0398961
0.0132987
0.0531948
0.0797922
0.478753
0.691532
0.159584
0.585143
0.0132987
0.0664935
0.558545
0.385662
0.119688
0.172883
0.0398961
0.0265974
0.505351
0
0
0.159584
0
0.0398961
0
0.199481
0.199481
0.0398961
0
0.292571
0.10639
0.571844
0.372364
0
0.0132987
0.159584
0.252675
0.824519
0
0.199481
0.239377
0.279273
0
0.199481
0
0.172883
0.0398961
0.0398961
0.891013
0
0.0265974
0
0.425558
0.265974
0.0398961
0.10639
0.0797922
0.0132987
0.851117
0.545247
0.345766
0
0.744727
0.292571
0.212779
0.0531948
0
0.199481
0.558545
0.0398961
0
0.571844
0
0.0132987
0.186182
0
0
0
0.0930909
0.0531948
0.478753
0.212779
0.0531948
0.398961
0.372364
0.252675
0.372364
0
0.0265974
0.0132987
0.0797922
0.0132987
0.0664935
0
0.41226
0
0.265974
0
0
0
0.212779
0.0930909
0
0.531948
0.0132987
0.704831
0.385662
0.212779
0.545247
0.199481
0
0.186182
0.505351
0.212779
0.518649
0.172883
0.252675
0.265974
0.438857
0
0.0132987
0.0930909
0.30587
0.319169
0.0265974
0.438857
0.279273
0.239377
0
0.784623
0.0265974
0.30587
0.239377
0.0132987
0
0.0664935
0.239377
0.159584
0.359065
0.10639
0.0531948
0.452156
0.0265974
0
0
0.0265974
0.531948
0.159584
0.398961
0.571844
0.239377
0.0664935
0.0664935
0.505351
0.319169
0.332468
0.837818
0.186182
0.226078
0
0
0.771325
0.239377
0
0.0132987
0.0132987
0.239377
0.172883
0.239377
0.132987
0.212779
0.638338
0.0398961
0.159584
0
0.0132987
0.0930909
0.0132987
0.319169
0.0930909
0.239377
0.332468
0.0797922
0.0531948
0.558545
0.0132987
0.146286
0
0
0.132987
0.0398961
0.30587
0.239377
0.518649
0.425558
0.0132987
0.0132987
0.492052
0.0398961
0.212779
0.0398961
0.239377
0
0.0132987
0.784623
0
0.212779
0.385662
0
0.651636
0.319169
0
0
0
0.0930909
0.638338
0.385662
0.146286
0.226078
0.531948
0
0.132987
0.545247
0.0132987
0.398961
0
0
0.0664935
0.30587
0
0
0
0.226078
0.159584
0
0
0.0132987
0.132987
0
0.0132987
0
0
0
0
0.438857
0.146286
0.398961
0
0.598442
0
0
0.0132987
0.279273
0.0265974
0
0.0531948
0
0.132987
0.545247
0.0398961
0.239377
0.132987
0.0265974
0.265974
0.0797922
0.186182
0.146286
0.0132987
0.279273
0
0
0
0.30587
0
0.744727
0.438857
0.172883
0.0132987
0.0132987
0.0398961
0.0398961
0.172883
0.0132987
0.292571
0.0132987
0.731429
0.0132987
0.0664935
0
0.0265974
0.212779
0
0.359065
0.0531948
0.372364
0.265974
0
0.0797922
0.0930909
0
0.0398961
0.0398961
0.425558
0.0930909
0
0.0531948
0.0132987
0
0
0.478753
0.0531948
0
0
0.0664935
0.172883
0
0
0
0.0398961
0
0
0
0.146286
0.212779
0
0.385662
0.292571
0.678234
0.571844
0.0531948
0.558545
0
0.10639
0.265974
0.531948
0.0132987
0.146286
0.0265974
0.0531948
0
0.651636
0
0.252675
0.784623
0
0.0531948
0
0
0.159584
0.478753
0.425558
0.359065
0.319169
0
0
0
0
0.186182
0.811221
0.0664935
0.438857
0
0.10639
0
0.292571
0
0.438857
0.30587
0.30587
0
0.744727
0.212779
0.0797922
0
0.0132987
0
0
0
0
0.0132987
0.239377
0.0398961
0.0265974
0
0
0
0.199481
0
0.0265974
0.0398961
0.0132987
0.0132987
0.0132987
0
0.518649
0.0930909
0.252675
0
0.159584
0.0265974
0
0.199481
0.0664935
0.0398961
0
0.132987
0
0.372364
0.545247
0
0.10639
0
0
0.0797922
0
0.265974
0
0.0132987
0.0398961
0
0
0
0
0.132987
0.0797922
0.518649
0.0265974
0
0.452156
0.997403
0
0.0531948
0.0265974
0.704831
0
0.0531948
0.492052
0
0.332468
0
0
0
0.186182
0.891013
0
0.0132987
0.691532
0.0132987
0
0.0398961
0
0
0.159584
0.30587
0.0930909
0.0797922
0.0132987
0.0664935
0
0
0
0.638338
0.119688
0.212779
0
0
0.132987
0.186182
0.10639
0.0265974
0.0132987
0.252675
0
0.10639
0.172883
0.359065
0.0132987
0.558545
0
0.345766
0
0
0
0.252675
0.505351
0.0265974
0
0.438857
0.61174
0.492052
0.10639
0.891013
0.385662
0
0.598442
0
0
0
0.0265974
0.0265974
0.518649
0.0797922
0.0132987
0.159584
0.492052
0
0.704831
0
0
0.385662
0.385662
0
0.625039
0
0.146286
0
0.797922
0.452156
0.984104
0
0.0265974
0.265974
0
0.0398961
0.226078
0.265974
0
0.492052
0
0.186182
0
0
0.132987
0.0265974
0.0664935
0
0
0
0
0.252675
0.0930909
0.0132987
0
0
0
0.0132987
0.0930909
0.518649
0
0.252675
0.292571
0.425558
0
0.0797922
0.0664935
0.132987
0.0132987
0
0
0.119688
0.172883
0
0.571844
0.771325
0
0.292571
0.0265974
0
1.0639
0.239377
0
0.30587
0.186182
0.212779
0.71813
0
0.265974
0.372364
0.265974
0
0.385662
0.784623
0
0
0.199481
0.518649
0.332468
0.545247
0.265974
0
0
0.292571
0.226078
0.0664935
0.279273
0.704831
0
0.146286
0.332468
0.0797922
0
0.0132987
0.744727
0.186182
0
0.146286
0
0.345766
0.226078
0.132987
0.0132987
0.0132987
0.824519
0.0930909
0
0.478753
0.837818
0
0.877714
0.0265974
0.30587
0.0265974
0
0.0265974
0
0.186182
0.146286
0
0.0664935
0.0930909
0
0.0398961
0
0.0398961
0.0930909
0.132987
0.226078
0.478753
0.332468
0
0.585143
1.0107
0.864416
0
0.758026
0.0664935
0.0132987
0.61174
0
0
0
0.0398961
0
0
0.279273
0
0.531948
0
0.132987
0
0.132987
0
0.0132987
0
0
0.0132987
0.518649
0.41226
0
0
0.0398961
0.0531948
0.0797922
0
0.186182
0.0132987
0.10639
0.0132987
0.0132987
0.0664935
0
0.0265974
0
0.0664935
0
0.0664935
0
0
0.0265974
0.0132987
1.0107
0.0398961
0.0132987
0.0398961
0
0
0.0265974
0.252675
0.319169
0.10639
0.691532
0.505351
0.0531948
0
0.0132987
1.15699
0
0.0398961
0
0.226078
0.0132987
0.0132987
0
0
0.186182
0.0930909
0.0398961
0
0.758026
0
0
0.0398961
0.0531948
0.638338
0.0398961
0.279273
0.212779
0.239377
0.0531948
0
0
0
0.172883
0.0265974
0.0797922
0
0.0797922
0
0.172883
0
0
0.226078
0.0265974
0
0.0531948
0
0.319169
0
0.0398961
0.0265974
0.279273
0
0
0.132987
0.0132987
0
0.0531948
0.119688
0.0531948
0.0930909
0
0.518649
0
0.279273
0.319169
0.146286
0.332468
0.41226
0
0.30587
0
0
0.824519
0
0.199481
0
0
0
0
0.0265974
0.239377
0.438857
0.345766
0
0.345766
0
0
0.279273
0.159584
0
0.0265974
0
0.0265974
0.172883
0.279273
0.0531948
0.385662
0.239377
0.0132987
0
0.212779
0.678234
0
0
0.265974
0.30587
0
0.0398961
0.279273
0.239377
0
0
0.0531948
0.239377
0.0398961
0.758026
0
0
0
0.0265974
0
0
0.571844
0
0
0.797922
0
0.10639
0.385662
0.10639
0.186182
0.0132987
0.0132987
0.372364
0.0797922
0
0
0.0664935
0.172883
0.61174
0
0
0.438857
0.0265974
0
0
0
0.199481
0.345766
0
0.797922
0.425558
0.332468
0.0398961
0
0.119688
0
0
0.159584
0
0.252675
0
0.0132987
0
0.0398961
0.0132987
0.172883
0
0
0
0.0265974
0
0.292571
0
0.212779
0.465455
0
0
0.784623
0.0132987
0.0132987
0
0
0.265974
0.212779
0
0.212779
0
0.824519
0.239377
0.146286
0
0.119688
0
0.0265974
0
0
0.30587
0.0132987
0.0132987
0.30587
0.0398961
0
0
0
0.0797922
0
0
0.0930909
0.279273
0
0.0797922
0.651636
0.0132987
0.425558
0.0132987
0
0.292571
0.10639
0
0.159584
0
0.372364
0.0398961
0
0
0.0664935
0.279273
0
0
0.492052
0.279273
0.0531948
0.252675
0.0132987
0.30587
0.0930909
0.41226
0
0.212779
0
0.0398961
0.0132987
0.0132987
0
0.452156
0
0.651636
0.0664935
0
0
0.0265974
0.345766
0.531948
0.159584
0.0664935
0.345766
0
0.159584
0
0.132987
0
0.0930909
0.172883
0
0.30587
0.0664935
0.0265974
0
0.0132987
0
0.651636
0.199481
0.279273
0.545247
0.146286
0
0
0.132987
0
0.0531948
0.199481
0.41226
0.119688
0
0.279273
0.0265974
0
0.425558
0.0531948
0.332468
0.837818
0.159584
0
0
0.265974
0.452156
0.132987
0.731429
0
0
0.0265974
0
0.186182
0
0.664935
0.0531948
0
0
0.0664935
0.359065
0.226078
0.0132987
0.625039
1.0373
0.292571
0.0132987
0.0265974
0
0
0
0.0797922
0.279273
0
0
0.0664935
0
0
0.239377
0
0.41226
0
0
0
0
0
0.478753
0
0
0
0.837818
0.119688
0
0
0
0.0930909
0
0.212779
0.0265974
0.0531948
0
0.438857
0
0.0664935
0.0132987
0
0
0
0.0265974
0
0.505351
0
0
0.0797922
0.824519
0.252675
0.0664935
0.252675
0.0132987
0.571844
0.172883
0.119688
0
0.132987
0.784623
0.0132987
0.172883
0
0
0.0132987
0.292571
0
0.877714
0.571844
0
0.252675
0.0132987
0.518649
0.0398961
0
0
0.252675
0
0
0.0265974
0.0930909
0.0398961
0.186182
0
0
0.10639
0.0797922
0.385662
0.239377
0.119688
0
0.146286
0.0132987
0.0132987
0.119688
0
0
0.0265974
0
0
0
0
0
0.212779
0.452156
0.186182
0
0.0265974
0.10639
0
0
0
0.0664935
0.0930909
0.279273
0
0
0.438857
0.252675
0
0
0.0797922
0
0
0
0.0265974
0.252675
0.0132987
0
0
0.0132987
0.0132987
0
0
0.359065
0.438857
0
0.345766
0.0797922
0
0.91761
0.0132987
0.10639
0.10639
0.0398961
0.0132987
0.345766
0.30587
0
0.0132987
0
0
0.0531948
0.638338
0.279273
0
0.0132987
0.398961
0
0.385662
0.0664935
0.0132987
0.678234
0.30587
0
0.0132987
0.319169
0.132987
0.239377
0
0.172883
0.478753
0
0
0
0
0.0132987
0
0.0265974
0.0132987
0.0132987
0.0664935
0.0797922
0
0
0
0.199481
0.239377
0.571844
0.319169
0.332468
0.0398961
0.0132987
0
0
0.119688
0.0664935
0.0132987
0.0797922
0.10639
0.438857
0.0132987
0.226078
0.598442
0.0398961
0
0.279273
0
0
0.0930909
0.186182
0.0265974
0.186182
0.199481
0.0132987
0.332468
0
0
0.239377
0.199481
0.0265974
0.505351
0.0797922
0.279273
0.239377
0
0.0664935
0
0
0.132987
0.212779
0
0.678234
0.0132987
0.199481
0
0
0.0797922
0.212779
0.0398961
0.425558
0
0.425558
0.41226
0.704831
0.186182
0.0664935
0.10639
0.239377
0.61174
0.0531948
0.372364
0.186182
0.239377
0.279273
0.625039
0.0398961
0.372364
0.452156
0.252675
0.505351
0.0265974
0.30587
0.0132987
0.0265974
0.625039
0.0398961
0.186182
0
0.41226
0
0.199481
0.226078
0.797922
0.0930909
0.598442
0
0
0
0.518649
0.265974
0.0398961
0.531948
0.0265974
0.398961
0.212779
0.691532
0.651636
0.0664935
0.0664935
0.0797922
0.664935
0.930909
0.678234
0.172883
0.0265974
0.0664935
0.0664935
0.172883
0.678234
0
0.0930909
0.172883
0.41226
0.132987
0.172883
0.10639
0.212779
0.199481
0.41226
0.186182
0.531948
0.492052
0.132987
0.0531948
0.0132987
0.372364
0.0930909
0.0265974
0
0.265974
0.172883
0.212779
0
0.0930909
0.186182
0
0.0664935
0.252675
0
0.199481
0
0.492052
0.0531948
0.265974
0.279273
0.41226
0.119688
0.319169
0.0797922
0.492052
0.332468
0
0.0664935
0.199481
0.239377
0.438857
0
0
0.0398961
0.0930909
0.545247
0.212779
0.638338
0.226078
0
0.438857
0.0664935
0.0265974
0
0.252675
0.239377
0
0.0132987
0.345766
0
0.0132987
0.398961
0.319169
0.0265974
0
0.0797922
0.0930909
0.558545
0.0930909
0.186182
0.252675
0.226078
0.0132987
0.132987
0.10639
0.0398961
0
0
0
0.398961
0.10639
0.332468
0.172883
0.359065
0.452156
0.0664935
0
0.492052
0.146286
0.0664935
0.199481
0.239377
0
0.0132987
0.531948
0
0.0398961
0
0.0265974
0
0.0132987
0.478753
0.518649
0
0
0.704831
0.0797922
0
0.252675
0.265974
0.0398961
0
0.265974
0
0
0.146286
0.119688
0
0.0132987
0
0.0132987
0.0265974
0
0.0531948
0.0132987
0.186182
0.704831
0.146286
0.10639
0.0132987
0.398961
0.0797922
0.30587
0.0398961
0.132987
0.226078
0.452156
0.119688
0.10639
0.0398961
0.146286
0
0.159584
0
0.132987
0.0664935
0.10639
0.0664935
0.30587
0.0664935
0
0.0265974
0.0531948
0.744727
0.0531948
0.465455
0.319169
0.146286
0.239377
0
0.212779
0.345766
0.252675
0.385662
0
0
0.239377
0.664935
0
0
0.0398961
0.0664935
0
0
0.651636
0.0265974
0.0265974
0.199481
0.199481
0.0531948
0.159584
0.0398961
0.292571
0.891013
0.0132987
0.0398961
0
0.0531948
0.199481
0.0132987
0
0
0.531948
0.0531948
0.0132987
0.172883
0
0
0
0.199481
0.226078
0
0.359065
0.10639
0.279273
0.598442
0.0797922
0.0531948
0.319169
0.385662
0
0.159584
0
0
0.0265974
0
0.0531948
0.385662
0.0132987
0.0398961
0.146286
0
0.0132987
0
0.0531948
0.0797922
0.492052
0.531948
0
0.10639
0.0531948
0.10639
0.598442
0.172883
0.0797922
0.41226
0
0.199481
0.0132987
0.0531948
0.0265974
0.0398961
0.10639
0.345766
0
0.0265974
0.10639
0.0132987
0.265974
0.625039
0.0265974
0.10639
0.398961
0.132987
0.252675
0.252675
0.212779
0.0132987
0.0531948
0
0.146286
0.186182
0
0.505351
0.252675
0.146286
0.0531948
0
0
0.0797922
0.864416
0.0797922
0.159584
0
0.0132987
0
0.30587
0
0.265974
0.119688
0
0.252675
0.292571
0
0.0531948
0.279273
0
0
0
0.159584
0.0531948
0.0664935
0.0132987
0
0
0.119688
0.212779
0.0265974
0.252675
0.691532
0
0.452156
0.292571
0
0.10639
0
0.438857
0.61174
0.452156
0.146286
0.0531948
0.359065
0.0664935
0.0132987
0
1.0373
0.505351
0.252675
0.119688
0.186182
0.239377
0
0
0.478753
0
0
0.372364
0
0.651636
0.0930909
0
0
0.0265974
0.332468
0.332468
0.478753
0.239377
0.252675
0.438857
0.319169
0
0.0664935
0.0398961
0.0797922
0.41226
0
0.0132987
0.0797922
0.146286
0
0.531948
0.132987
0.292571
0.186182
0.664935
0
0
0.10639
0.186182
0.0132987
0.61174
0.10639
0.61174
0.0398961
0.332468
0.0265974
0.0398961
0.0664935
0.0132987
0.199481
0.10639
0.292571
0.172883
0.0132987
0.10639
0.0132987
0.30587
0
0.159584
0
0.172883
0.385662
0.332468
0.0132987
0.239377
0.30587
0.398961
0.279273
0
0.265974
0.0132987
0.478753
0.957506
0.239377
0.0265974
0
0.0132987
0
0.119688
0
0.212779
0.0398961
0.10639
0.0930909
0
0.199481
0.877714
0
0.0265974
0.319169
0.252675
0.332468
0.265974
0.864416
0.0132987
0.0930909
0.585143
0.0132987
0
0.0797922
0.239377
0.132987
0.0531948
0.146286
0.0132987
0.0664935
0
0.0265974
0.0531948
0
0.0132987
0.159584
0.265974
0.625039
0.0531948
0.0398961
0.0132987
0.0132987
0.226078
0.359065
0.0265974
0.0132987
0.345766
0
0.0398961
0.0797922
0
0
0.598442
0.811221
0.0132987
0
0.226078
0.0265974
0
0
0.159584
0.704831
0.651636
0
0.132987
0
0.465455
0.465455
0.0132987
0.279273
0.0265974
0.0265974
0.598442
0.61174
0.146286
0.186182
0.359065
0.199481
0
0.0664935
0.0132987
0.332468
0
0
0.199481
0.531948
0
0.0132987
0.239377
0.239377
0.372364
0
0
0
0
0.0265974
0.0797922
0.279273
0.531948
0.0398961
0.0664935
0.119688
1.09049
0.505351
0
0.146286
0.226078
0.159584
0
0.199481
0.438857
0.758026
0.0930909
1.0506
0
0.492052
0.226078
0.0265974
0.452156
0.0132987
0
0
0.0132987
0
0.0664935
0.0797922
0
0.0398961
0
0.71813
0.0531948
0.0930909
0.0531948
0.61174
0.172883
0.212779
0.625039
0.319169
0.172883
0
0.132987
0.119688
0.0132987
0.452156
0.0531948
0
0.279273
0.372364
0.0132987
0.492052
0.172883
0.0132987
0.0797922
0.319169
0.0930909
0.30587
0.0398961
0.0531948
0.119688
0.0265974
0.0265974
0
0
0
0.0265974
0.0132987
0.10639
0.651636
0.239377
0.319169
0.0664935
0
0.71813
0.199481
0
0.265974
0.146286
0
0.345766
0.212779
0
0.0132987
0.518649
0.0531948
0.159584
0
0.585143
0
0.0531948
0.41226
0.332468
0.41226
0.585143
0.146286
0.239377
0.0797922
0.904312
0.332468
0.0398961
0
0.465455
0.132987
0.0664935
0
0.199481
0.10639
0.0265974
0.0398961
0.678234
0.292571
0.0265974
0.199481
0.0398961
0.0132987
0.332468
0.558545
0.0797922
0
0.0398961
0.10639
0.345766
0.10639
0.492052
0.0398961
0.0797922
0
0
0.172883
0.10639
0.292571
0.10639
0.0797922
0.0664935
0
0.891013
0.0132987
0.332468
0.0930909
0
0.146286
0.0265974
0.0664935
0.146286
0
0.0132987
0
0.478753
0.199481
0
0.0132987
0
0.199481
0.252675
0.0265974
0.0398961
0.0265974
0.744727
0
0.398961
0.146286
0.292571
0.0531948
0.0132987
0.518649
0.132987
0.0132987
0.292571
0.212779
0
0.651636
0.10639
0
0.0664935
0.0930909
0
1.18358
0.332468
0
0.691532
0.0797922
0.651636
0.731429
0.758026
0.505351
0.784623
0.0265974
0.0132987
0.119688
0.518649
0.372364
0
0.0132987
0.505351
0
0.30587
0.132987
0.0797922
0.292571
0.172883
0.465455
0.0531948
0
0.265974
0.30587
0.0132987
0.0265974
0.199481
0.30587
0.146286
0.0132987
0.10639
0.345766
0
0.239377
0.212779
0
0.0797922
0.0930909
0.239377
0.372364
0
0.0531948
0.664935
0.531948
0.0265974
0.0265974
0.398961
0
0.186182
0.492052
0
0.119688
0
0
0.425558
0.465455
0.319169
0.239377
0.478753
0.0265974
0.199481
0.0664935
0.0132987
0.239377
0.61174
0.0132987
0.30587
0
0.199481
0.385662
0.212779
0.239377
0.0132987
0
0.425558
0.385662
0
0.0398961
0.146286
0
0.492052
0
0.0398961
0.452156
0.212779
0.571844
0.0398961
0.0797922
0.0930909
0.0265974
0.186182
0
0.438857
0.0398961
0.359065
0.279273
0.226078
0
0.0930909
0.0797922
0.492052
0.0664935
0.0132987
0.0664935
0.119688
0.0132987
0.0664935
0.159584
0.452156
0.226078
0
0.851117
0
0.518649
0.0132987
0.0930909
0.0664935
0.226078
0.132987
0.452156
0
0.704831
0.172883
0.0132987
0
0.119688
0.10639
0
0.0132987
0.226078
0.0265974
0.0531948
0.146286
0
1.11709
0
0.30587
0.824519
0.0797922
0
0.132987
0.478753
0.212779
0.41226
0
0.212779
0.438857
0
0
0.585143
0.292571
0
0
0.0132987
1.09049
0.119688
0
0.0398961
0.0531948
0.0265974
0.319169
0.691532
0.625039
0.0265974
0.119688
0
0.345766
0.0398961
0.0265974
0.159584
0.279273
0.518649
0.558545
0.199481
0.372364
0.212779
0
0
0.531948
0.0531948
0.625039
0.10639
0.438857
0.10639
0.625039
0.172883
0.492052
0.10639
0.0265974
0.505351
0.239377
0.0132987
0.10639
0
0.132987
0.226078
0.531948
0.226078
0.704831
0
0.239377
0.252675
0.558545
0.0398961
0.0132987
0.0531948
0.226078
0.10639
0
0.372364
0.425558
0.0398961
0.0132987
0.0930909
0.265974
0.385662
0.41226
0.0531948
0.0265974
0.146286
0
0
