0.002
0.012
0.008
0.052
0.008
0.028
0.026
0.03
0.026
0.096
0.048
0.092
0.03
0.068
0.054
0.07
0.038
0.074
0.056
0.094
0.024
0.072
0.072
0.072
0.088
0.072
0.078
0.022
0.048
0.044
0.072
0.072
0.066
0.064
0.054
0.106
0.134
0.096
0.09
0.124
0.086
0.056
0.046
0.106
0.08
0.062
0.08
0.056
0.07
0.046
0.048
0.034
0.016
0.032
0.048
0.034
0.06
0.072
0.088
0.074
0.1
0.044
0.1
0.084
0.058
0.068
0.054
0.03
0.068
0.032
0.064
0.052
0.036
0.042
0.024
0.014
0.008
0.012
0.006
0.018
0.006
0.006
0.002
0
0.004
0.004
0.006
0.004
0.006
0.004
0.004
0.014
0.008
0.008
0.008
0.008
0
0.008
0.004
0.002
0.006
0.002
0.014
0.004
0.006
0.006
0
0.002
0.006
0
0
0.006
0.002
0.004
0.006
0.004
0.004
0
0.004
0.004
0.002
0
0.008
0.01
0.004
0.008
0.008
0.006
0.008
0
0.016
0.016
0.01
0.006
0.012
0.006
0.016
0.008
0.008
0.008
0.008
0.008
0.01
0.004
0
0.002
0.014
0.008
0.018
0.022
0.014
0.004
0
0
0.006
0.008
0.006
0.004
0.008
0.002
0.008
0.004
0.002
0.006
0.004
0.014
0.018
0.054
0.04
0.108
0.096
0.092
0.064
0.156
0.088
0.098
0.106
0.048
0.194
0.088
0.104
0.09
0.048
0.166
0.1
0.078
0.162
0.172
0.134
0.118
0.086
0.112
0.08
0.106
0.074
0.154
0.052
0.09
0.16
0.09
0.184
0.094
0.036
0.108
0.068
0.106
0.096
0.146
0.044
0.122
0.044
0.076
0.06
0.102
0.046
0.068
0.076
0.074
0.11
0.118
0.074
0.074
0.128
0.142
0.14
0.1
0.128
0.162
0.09
0.1
0.086
0.066
0.064
0.158
0.122
0.096
0.15
0.06
0.128
0.124
0.16
0.064
0.108
0.162
0.098
0.072
0.104
0.168
0.1
0.154
0.076
0.1
0.112
0.072
0.16
0.052
0.146
0.058
0.082
0.092
0.126
0.122
0.14
0.082
0.086
0.078
0.078
0.106
0.128
0.124
0.09
0.11
0.124
0.086
0.108
0.122
0.044
0.154
0.116
0.16
0.088
0.13
0.114
0.046
0.142
0.106
0.14
0.186
0.054
0.058
0.082
0.086
0.118
0.094
0.202
0.068
0.08
0.078
0.1
0.078
0.146
0.136
0.12
0.06
0.108
0.144
0.13
0.092
0.088
0.09
0.156
0.072
0.068
0.106
0.116
0.07
0.078
0.132
0.1
0.126
0.09
0.11
0.06
0.138
0.09
0.106
0.044
0.154
0.102
0.098
0.124
0.132
0.078
0.106
0.13
0.114
0.094
0.074
0.128
0.054
0.11
0.102
0.058
0.058
0.12
0.102
0.044
0.188
0.066
0.078
0.11
0.126
0.054
0.162
0.124
0.088
0.126
0.108
0.082
0.03
0.058
0.036
0.052
0.018
0.026
0.004
0.024
0.002
0
0
0
0
0
0.002
0
0
0
0.002
0.002
0
0
0
0.004
0.002
0
0
0
0
0
0
0
0
0
0
0
0
0.002
0
0.002
0
0
0
0
0
0
0
0
0
0
0.002
0
0
0
0.002
0
0.002
0
0
0
0.004
0
0.002
0.002
0
0
0
0
0
0.006
0.002
0
0
0.002
0
0.002
0
0
0
0
0.004
0
0
0
0
0
0
0
0
0
0
0
0
0.002
0.002
0
0
0
0
0.006
0.002
0
0
0.002
0.002
0.002
0.004
0.004
0
0
0
0
0
0
0.002
0
0
0.002
0.002
0
0
0.002
0.004
0
0
0.002
0.008
0
0
0.01
0.002
0.002
0
0.002
0.002
0.002
0
0
0
0.002
0.002
0
0
0
0
0
0.006
0
0
0.002
0.014
0.008
0.002
0.01
0.004
0.002
0.002
0.004
0
0.002
0
0.002
0
0.006
0.006
0.008
0
0.002
0.002
0
0.002
0.002
0.002
0.03
0.01
0
0
0.002
0
0.002
0
0
0
0.002
0.002
0
0.004
0.002
0.002
0
0.006
0.002
0
0.002
0
0.002
0.012
0.012
0.016
0.002
0
0.014
0.002
0
0
0
0
0
0.002
0.004
0.002
0.002
0.006
0.002
0.002
0.012
0
0
0.002
0.002
0.004
0
0.006
0.006
0.002
0.004
0.002
0
0
0.002
0.008
0
0
0.002
0.006
0.006
0.002
0.016
0.008
0.004
0.002
0.002
0.002
0.002
0.006
0
0.008
0
0.002
0
0.01
0.002
0
0.01
0.004
0.002
0.004
0.004
0.002
0
0.022
0.028
0.006
0.012
0.018
0.018
0
0.012
0.008
0.004
0.006
0.028
0.014
0.01
0.014
0.028
0.004
0.006
0.032
0.038
0.074
0.064
0.178
0.17
0.128
0.21
0.098
0.116
0.128
0.244
0.09
0.132
0.21
0.2
0.12
0.086
0.138
0.146
0.184
0.182
0.166
0.132
0.112
0.176
0.162
0.182
0.148
0.126
0.204
0.138
0.114
0.18
0.236
0.132
0.216
0.124
0.116
0.176
0.166
0.056
0.156
0.128
0.212
0.058
0.158
0.146
0.15
0.182
0.114
0.148
0.146
0.066
0.192
0.2
0.104
0.216
0.086
0.182
0.03
0.22
0.114
0.126
0.14
0.202
0.11
0.146
0.244
0.13
0.204
0.09
0.132
0.176
0.156
0.15
0.154
0.068
0.216
0.098
0.182
0.16
0.124
0.088
0.132
0.206
0.096
0.1
0.062
0.178
0.142
0.142
0.082
0.102
0.208
0.112
0.144
0.072
0.192
0.21
0.138
0.116
0.122
0.1
0.116
0.082
0.154
0.114
0.234
0.092
0.09
0.16
0.146
0.12
0.164
0.116
0.108
0.166
0.062
0.198
0.056
0.116
0.114
0.218
0.12
0.134
0.066
0.102
0.07
0.15
0.124
0.126
0.068
0.142
0.12
0.086
0.18
0.08
0.106
0.192
0.126
0.12
0.104
0.16
0.186
0.068
0.092
0.208
0.13
0.15
0.132
0.062
0.14
0.078
0.174
0.12
0.104
0.15
0.122
0.092
0.13
0.2
0.058
0.132
0.11
0.08
0.1
0.206
0.016
0.086
0.152
0.138
0.186
0.112
0.06
0.14
0.154
0.136
0.12
0.13
0.104
0.196
0.068
0.122
0.084
0.12
0.17
0.082
0.186
0.152
0.054
0.188
0.106
0.192
0.08
0.116
0.078
0.128
0.084
0.104
0.086
0.106
0.068
0.124
0.07
0.114
0.06
0.196
0.094
0.05
0.094
0.138
0.072
0.128
0.156
0.14
0.104
0.144
0.114
0.1
0.164
0.12
0.082
0.092
0.12
0.082
0.12
0.152
0.15
0.014
0.154
0.104
0.164
0.102
0.068
0.172
0.072
0.196
0.106
0.134
0.092
0.094
0.178
0.082
0.166
0.038
0.222
0.05
0.186
0.102
0.17
0.15
0.104
0.058
0.124
0.086
0.16
0.016
0.206
0.15
0.046
0.136
0.128
0.106
0.102
0.148
0.104
0.066
0.048
0.124
0.054
0.138
0.1
0.098
0.078
0.096
0.178
0.178
0.106
0.092
0.152
0.122
0.126
0.09
0.108
0.206
0.134
0.112
0.076
0.07
0.044
0.12
0.114
0.12
0.038
0.174
0.112
0.166
0.104
0.188
0.08
0.092
0.122
0.092
0.068
0.08
0.216
0.08
0.11
0.08
0.06
0.096
0.074
0.14
0.064
0.148
0.094
0.118
0.078
0.116
0.13
0.048
0.08
0.1
0.134
0.094
0.14
0.08
0.138
0.08
0.092
0.214
0.172
0.05
0.102
0.2
0.09
0.136
0.116
0.138
0.118
0.112
0.144
0.082
0.058
0.102
0.078
0.164
0.054
0.052
0.074
0.128
0.088
0.112
0.026
0.154
0.018
0.224
0.032
0.096
0.11
0.05
0.036
0.136
0.08
0.068
0.048
0.064
0.082
0.078
0.092
0.088
0.156
0.062
0.088
0.152
0.078
0.076
0.052
0.078
0.082
0.072
0.202
0.056
0.112
0.098
0.06
0.134
0.066
0.152
0.03
0.042
0.078
0.126
0.116
0.124
0.092
0.092
0.07
0.134
0.04
0.138
0.056
0.116
0.094
0.062
0.052
0.054
0.016
0.008
0.002
0
0
0
0
0
0
0
0.002
0
0
0
0
0
0
0
0
0
0
0
0
0
0
0
0
0
0
0
0
0
0
0
0
0
0
0
0
0
0
0
0
0
0
0
0
0.002
0
0
0
0
0
0
0
0
0
0
0
0
0
0
0
0
0
0
0
0
0
0
0
0
0
0
0
0
0
0
0
0
0.002
0
0
0
0
0
0
0.002
0
0
0.002
0
0
0
0
0
0
0
0
0.002
0
0
0
0
0
0
0
0
0.002
0
0.002
0
0
0
0
0
0
0.002
0
0.002
0
0
0
0
0
0
0
0.004
0
0.006
0
0.006
0
0.002
0
0
0
0.002
0.004
0
0
0
0.002
0
0
0
0
0.002
0
0
0.002
0
0.002
0
