0.45
0.402
0.342
0.385
0.41
0.401
0.383
0.368
0.396
0.429
0.356
0.396
0.412
0.403
0.353
0.425
0.436
0.362
0.367
0.357
0.389
0.427
0.324
0.375
0.348
0.366
0.347
0.391
0.414
0.43
0.359
0.361
0.382
0.351
0.383
0.429
0.407
0.392
0.403
0.381
0.32
0.407
0.391
0.442
0.35
0.409
0.357
0.386
0.349
0.379
0.46
0.37
0.416
0.348
0.351
0.369
0.381
0.399
0.414
0.41
0.328
0.397
0.409
0.404
0.382
0.404
0.369
0.322
0.355
0.362
0.417
0.353
0.393
0.383
0.399
0.354
0.375
0.374
0.322
0.415
0.417
0.333
0.377
0.43
0.364
0.403
0.431
0.367
0.421
0.349
0.329
0.38
0.38
0.35
0.422
0.35
0.404
0.396
0.368
0.367
