0.422
0.38
0.436
0.378
0.408
0.41
0.366
0.372
0.35
0.374
0.378
0.312
0.414
0.414
0.374
0.368
0.342
0.38
0.386
0.378
0.378
0.386
0.358
0.346
0.382
0.436
0.41
0.34
0.33
0.34
0.39
0.314
0.41
0.33
0.332
0.354
0.324
0.326
0.36
0.374
0.388
0.38
0.408
0.344
0.398
0.392
0.366
0.368
0.398
0.396
0.366
0.376
0.41
0.39
0.348
0.42
0.408
0.418
0.346
0.386
0.39
0.34
0.382
0.414
0.362
0.424
0.384
0.314
0.424
0.35
0.322
0.402
0.378
0.428
0.324
0.386
0.434
0.384
0.318
0.416
0.282
0.384
0.382
0.426
0.318
0.308
0.432
0.306
0.366
0.382
0.368
0.364
0.436
0.362
0.412
0.354
0.382
0.382
0.38
0.368
0.326
0.386
0.318
0.282
0.424
0.446
0.372
0.348
0.328
0.396
0.412
0.388
0.476
0.346
0.424
0.422
0.428
0.372
0.44
0.492
0.362
0.428
0.434
0.414
0.4
0.424
0.41
0.44
0.4
0.408
0.406
0.32
0.428
0.378
0.408
0.414
0.366
0.386
0.416
0.362
0.39
0.35
0.42
0.374
0.332
0.36
0.35
0.356
0.34
0.472
0.386
0.412
0.464
0.326
0.38
0.388
0.382
0.34
0.402
0.37
0.346
0.31
0.424
0.462
0.366
0.368
0.36
0.45
0.32
0.43
0.408
0.336
0.36
0.378
0.386
0.38
0.354
0.34
0.464
0.358
0.35
0.402
0.362
0.436
0.364
0.398
0.36
0.37
0.438
0.372
0.43
0.356
0.368
0.392
0.418
0.348
0.392
0.334
0.354
0.416
0.378
0.376
0.288
0.386
0.408
0.342
0.362
0.354
0.404
0.47
0.36
0.432
0.36
0.486
0.374
0.394
0.378
0.436
0.35
0.384
0.392
0.322
0.396
0.386
0.348
0.348
0.32
0.368
0.316
0.312
0.364
0.37
0.358
0.434
0.328
0.394
0.454
0.28
0.374
0.342
0.34
0.404
0.31
0.352
0.406
0.334
0.328
0.384
0.432
0.336
0.326
0.346
0.342
0.36
0.306
0.466
0.282
0.472
0.326
0.352
0.318
0.37
0.418
0.32
0.376
0.356
0.354
0.352
0.362
0.38
0.42
0.352
0.422
0.34
0.374
0.332
0.404
0.416
0.412
0.438
0.4
0.426
0.386
0.442
0.374
0.378
0.322
0.398
0.374
0.366
0.366
0.416
0.388
0.376
0.404
0.448
0.34
0.4
0.334
0.42
0.364
0.422
0.402
0.432
0.4
0.312
0.366
0.396
0.31
0.392
0.416
0.274
0.35
0.446
0.37
0.342
0.416
0.408
0.454
0.34
0.376
0.384
0.378
0.364
0.372
0.422
0.43
0.462
0.392
0.378
0.358
0.39
0.372
0.348
0.406
0.39
0.394
0.364
0.376
0.322
0.36
0.372
0.332
0.36
0.382
0.378
0.392
0.38
0.352
0.352
0.456
0.396
0.36
0.378
0.408
0.444
0.39
0.396
0.448
0.39
0.43
0.36
0.368
0.416
0.324
0.37
0.372
0.382
0.436
0.38
0.404
0.366
0.354
0.342
0.336
0.448
0.36
0.362
0.304
0.45
0.388
0.364
0.37
0.336
0.362
0.42
0.394
0.36
0.422
0.436
0.324
0.41
0.398
0.35
0.434
0.338
0.432
0.356
0.386
0.384
0.4
0.356
0.35
0.38
0.43
0.348
0.408
0.446
0.328
0.382
0.404
0.394
0.314
0.402
0.384
0.378
0.388
0.382
0.408
0.392
0.428
0.334
0.342
0.416
0.396
0.352
0.49
0.342
0.348
0.294
0.452
0.352
0.392
0.394
0.466
0.412
0.348
0.396
0.418
0.444
0.338
0.426
0.418
0.286
0.424
0.356
0.43
0.316
0.422
0.35
0.396
0.404
0.47
0.35
0.462
0.41
0.382
0.426
0.334
0.338
0.462
0.28
0.358
0.368
0.39
0.36
0.398
0.362
0.48
0.336
0.376
0.432
0.356
0.39
0.31
0.374
0.426
0.416
0.43
0.378
0.36
0.41
0.376
0.446
0.42
0.376
0.41
0.344
0.364
0.424
0.456
0.354
0.41
0.44
0.398
0.316
0.384
0.366
0.458
0.374
