0.499
0.452
0.508
0.505
0.486
0.514
0.561
0.472
0.466
0.482
0.472
0.523
0.517
0.506
0.487
0.487
0.487
0.469
0.527
0.547
0.467
0.567
0.486
0.491
0.435
0.538
0.463
0.5
0.487
0.5
0.48
0.475
0.475
0.489
0.457
0.524
0.477
0.548
0.416
0.575
0.536
0.51
0.546
0.491
0.508
0.514
0.542
0.526
0.552
0.448
0.537
0.505
0.475
0.434
0.473
0.501
0.497
0.519
0.507
0.51
0.5
0.539
0.5
0.488
0.51
0.438
0.531
0.413
0.514
0.436
0.523
0.458
0.522
0.48
0.551
0.476
0.517
0.494
0.479
0.459
0.448
0.546
0.506
0.507
0.523
0.458
0.498
0.482
0.563
0.478
0.448
0.542
0.496
0.473
0.499
0.478
0.557
0.513
0.482
0.543
