0.302
0.017
0.03
0.062
0.04
0.061
0.06
0.065
0.037
0.066
0.02
0.079
0.036
0.042
0.072
0.043
0.055
0.025
0.037
0.059
0.054
0.044
0.081
0.024
0.029
0.05
0.026
0.079
0.041
0.039
0.061
0.031
0.052
0.069
0.059
0.017
0.022
0.057
0.065
0.064
0.04
0.019
0.131
0.04
0.039
0.062
0.056
0.031
0.079
0.016
0.063
0.049
0.037
0.056
0.041
0.073
0.034
0.016
0.103
0.087
0.016
0.056
0.07
0.027
0.038
0.092
0.035
0.027
0.05
0.08
0.027
0.025
0.044
0.046
0.026
0.027
0.036
0.066
0.058
0.036
0.028
0.05
0.05
0.055
0.073
0.036
0.047
0.044
0.033
0.06
0.067
0.066
0.029
0.043
0.026
0.017
0.078
0.066
0.05
0.044
0.077
0.022
0.055
0.018
0.049
0.038
0.033
0.033
0.104
0.027
0.045
0.046
0.057
0.056
0.028
0.042
0.09
0.05
0.034
0.028
0.043
0.06
0.081
0.031
0.033
0.015
0.059
0.029
0.015
0.099
0.086
0.018
0.042
0.038
0.07
0.081
0.022
0.044
0.035
0.051
0.04
0.024
0.068
0.042
0.039
0.068
0.056
0.062
0.026
0.045
0.024
0.018
0.068
0.048
0.06
0.013
0.035
0.092
0.071
0.016
0.027
0.022
0.021
0.071
0.05
0.091
0.017
0.036
0.034
0.059
0.02
0.085
0.044
0.044
0.036
0.07
0.062
0.018
0.087
0.026
0.028
0.021
0.053
0.063
0.081
0.021
0.037
0.031
0.096
0.028
0.045
0.015
0.066
0.049
0.015
0.057
0.056
0.042
0.026
0.061
0.069
0.052
0.021
0.024
0.06
0.043
0.08
0.03
0.047
0.014
0.072
0.03
0.065
0.047
0.03
0.035
0.073
0.017
0.038
0.061
0.027
0.083
0.027
0.042
0.035
0.037
0.018
0.082
0.041
0.031
0.058
0.036
0.059
0.034
0.014
0.026
0.036
0.075
0.071
0.06
0.043
0.036
0.019
0.046
0.049
0.056
0.072
0.054
0.047
0.036
0.039
0.042
0.03
0.043
0.044
0.073
0.028
0.038
0.049
0.047
0.054
0.073
0.023
0.053
0.043
0.03
0.036
0.058
0.029
0.047
0.021
0.047
0.055
0.04
0.06
0.031
0.057
0.025
0.022
0.032
0.045
0.054
0.041
0.041
0.053
0.063
0.043
0.058
0.037
0.048
0.047
0.037
0.029
0.048
0.022
0.074
0.034
0.062
0.011
0.066
0.058
0.019
0.059
0.031
0.094
0.047
0.027
0.061
0.027
0.032
0.082
0.017
0.067
0.055
0.015
0.02
0.065
0.057
0.07
0.019
0.025
0.044
0.017
0.042
0.05
0.066
0.089
0.037
0.023
0.018
0.019
0.049
0.055
0.089
0.025
0.041
0.056
0.038
0.017
0.064
0.073
0.032
0.039
0.04
0.027
0.035
0.073
0.053
0.034
0.047
0.097
0.022
0.046
0.045
0.027
0.047
0.054
0.035
0.042
0.07
0.025
0.039
0.049
0.037
0.034
0.052
0.022
0.064
0.032
0.024
0.045
0.073
0.065
0.048
0.033
0.014
0.058
0.031
0.039
0.032
0.05
0.051
0.04
0.047
0.033
0.049
0.073
0.068
0.023
0.041
0.056
0.037
0.023
0.051
0.031
0.052
0.036
0.038
0.052
0.047
