0.537
0.66
0.676
0.596
0.727
0.612
0.615
0.695
0.62
0.623
0.575
0.54
0.599
0.607
0.601
0.658
0.619
0.598
0.637
0.611
0.633
0.578
0.618
0.6
0.585
0.593
0.677
0.644
0.613
0.603
0.558
0.611
0.689
0.66
0.624
0.678
0.714
0.645
0.578
0.671
0.613
0.658
0.577
0.657
0.72
0.545
0.615
0.645
0.584
0.595
0.681
0.633
0.664
0.603
0.624
0.626
0.727
0.67
0.634
0.594
0.581
0.661
0.648
0.616
0.62
0.649
0.599
0.686
0.612
0.66
0.59
0.596
0.64
0.661
0.626
0.68
0.61
0.668
0.643
0.59
0.643
0.635
0.708
0.622
0.666
0.61
0.6
0.624
0.658
0.645
0.699
0.592
0.623
0.675
0.69
0.662
0.626
0.702
0.603
0.602
