0.811
0.804
0.801
0.793
0.807
0.787
0.77
0.83
0.787
0.747
0.772
0.74
0.777
0.797
0.751
0.814
0.783
0.77
0.816
0.851
0.729
0.813
0.758
0.769
0.854
0.792
0.883
0.873
0.887
0.81
0.797
0.838
0.808
0.861
0.891
0.814
0.821
0.775
0.825
0.842
0.827
0.823
0.782
0.787
0.804
0.816
0.81
0.813
0.807
0.818
0.75
0.76
0.762
0.838
0.766
0.799
0.794
0.792
0.778
0.856
0.784
0.777
0.748
0.787
0.794
0.752
0.748
0.805
0.795
0.799
0.738
0.771
0.752
0.811
0.733
0.742
0.755
0.763
0.726
0.726
0.77
0.755
0.783
0.785
0.809
0.823
0.874
0.808
0.797
0.765
0.847
0.823
0.82
0.761
0.749
0.763
0.774
0.789
0.768
0.76
