0.624
0.552
0.44
0.438
0.431
0.383
0.402
0.38
0.391
0.34
0.394
0.331
0.375
0.338
0.296
0.313
0.298
0.357
0.288
0.341
0.265
0.309
0.251
0.273
0.281
0.3
0.276
0.235
0.287
0.257
0.272
0.237
0.302
0.234
0.236
0.277
0.244
0.223
0.292
0.263
0.239
0.25
0.221
0.23
0.266
0.241
0.223
0.245
0.209
0.237
0.252
0.226
0.214
0.24
0.228
0.247
0.218
0.213
0.231
0.253
0.204
0.228
0.213
0.228
0.209
0.195
0.284
0.217
0.227
0.219
0.21
0.238
0.232
0.16
0.233
0.229
0.179
0.241
0.222
0.215
0.223
0.197
0.234
0.204
0.201
0.227
0.215
0.25
0.196
0.188
0.227
0.228
0.229
0.193
0.211
0.206
0.239
0.204
0.232
0.199
