1.605
1.603
1.537
1.617
1.651
1.526
1.57
1.598
1.556
1.541
1.617
1.598
1.57
1.62
1.604
1.597
1.622
1.639
1.628
1.59
1.558
1.587
1.586
1.524
1.577
1.594
1.497
1.629
1.534
1.587
1.568
1.626
1.55
1.513
1.585
1.545
1.578
1.654
1.584
1.62
1.576
1.642
1.584
1.485
1.598
1.58
1.514
1.557
1.603
1.543
1.614
1.578
1.571
1.597
1.567
1.621
1.609
1.607
1.55
1.498
1.56
1.494
1.476
1.546
1.556
1.661
1.69
1.609
1.603
1.605
1.597
1.622
1.646
1.639
1.56
1.599
1.511
1.527
1.529
1.546
1.605
1.581
1.548
1.584
1.572
1.505
1.44
1.433
1.604
1.603
1.517
1.562
1.609
1.629
1.652
1.62
1.593
1.617
1.684
1.626
