0.238
0.124
0.186
0.094
0.07
0.104
0.104
0.05
0.044
0.038
0.064
0.036
0.058
0.044
0.034
0.044
0.062
0.04
0.056
0.032
0.044
0.026
0.052
0.03
0.082
0.046
0.06
0.048
0.052
0.076
0.038
0.038
0.06
0.036
0.044
0.086
0.048
0.062
0.032
0.088
0.034
0.044
0.068
0.036
0.05
0.066
0.028
0.04
0.056
0.064
0.026
0.026
0.026
0.026
0.038
0.012
0.016
0.054
0.054
0.044
0.022
0.022
0.028
0.052
0.024
0.064
0.038
0.076
0.03
0.06
0.052
0.04
0.048
0.028
0.108
0.066
0.032
0.022
0.044
0.064
0.054
0.09
0.046
0.034
0.024
0.038
0.04
0.094
0.064
0.044
0.032
0.054
0.056
0.034
0.05
0.082
0.04
0.044
0.032
0.056
0.038
0.05
0.038
0.04
0.034
0.088
0.048
0.07
0.014
0.032
0.056
0.024
0.078
0.04
0.038
0.04
0.014
0.026
0.074
0.024
0.028
0.018
0.032
0.03
0.07
0.044
0.046
0.05
0.042
0.054
0.038
0.106
0.04
0.062
0.052
0.028
0.036
0.056
0.06
0.034
0.052
0.026
0.032
0.072
0.022
0.042
0.042
0.038
0.04
0.028
0.048
0.07
0.05
0.048
0.05
0.05
0.032
0.02
0.034
0.046
0.034
0.016
0.068
0.012
0.008
0.028
0.026
0.048
0.062
0.11
0.084
0.048
0.042
0.024
0.028
0.032
0.088
0.028
0.026
0.024
0.04
0.036
0.05
0.078
0.028
0.036
0.05
0.048
0.034
0.046
0.032
0.036
0.05
0.054
0.054
0.058
0.03
0.058
0.04
0.054
0.026
0.024
0.084
0.024
0.006
0.018
0.018
0.02
0.028
0.018
0.024
0.02
0.022
0.022
0.012
0.032
0.018
0.034
0.024
0.032
0.018
0.02
0.022
0.042
0.026
0.04
0.016
0.03
0.028
0.028
0.014
0.024
0.03
0.018
0.042
0.022
0.042
0.022
0.054
0.044
0.018
0.062
0.024
0.04
0.032
0.016
0.05
0.03
0.016
0.048
0.018
0.028
0.058
0.038
0.03
0.012
0.034
0.034
0.036
0.036
0.014
0.05
0.048
0.056
0.032
0.012
0.018
0.048
0.048
0.036
0.016
0.034
0.03
0.098
0.048
0.02
0.016
0.044
0.044
0.016
0.058
0.046
0.016
0.026
0.004
0.02
0.05
0.018
0.024
0.02
0.034
0.072
0.056
0.03
0.036
0.026
0.042
0.032
0.016
0.004
0.02
0.012
0.008
0.008
0.004
0.022
0.016
0.032
0.01
0.006
0.012
0.01
0.04
0.056
0.05
0.012
0.028
0.042
0.048
0.024
0.002
0.006
0.012
0.014
0.008
0.016
0.004
0.022
0.042
0.052
0.03
0.024
0.008
0.018
0.008
0.018
0.038
0.016
0.018
0.012
0.088
0.042
0.032
0.042
0.016
0.006
0.016
0.014
0.016
0.012
0.01
0.012
0.018
0.02
0.026
0.016
0.026
0.006
0.018
0.022
0.01
0.008
0.024
0.01
0.014
0.018
0.022
0.026
0.02
0.01
0.012
0.016
0.02
0.008
0.004
0.02
0.006
0.028
0.052
0.018
0.016
0.024
0.012
0.01
0.018
0.004
0.008
0.024
0.008
0.034
0.01
0.016
0.02
0.026
0.008
0.008
0.018
0.046
0.032
0.03
0.01
0.01
0.008
0.006
0.014
0.012
0.004
0.01
0.054
0.038
0.02
0.04
0.022
0.008
0.008
0.004
0.002
0.008
0.004
0.008
0.008
0.028
0.03
0.01
0.028
0.032
0.004
0.002
0.04
0.008
0.01
0.012
0.008
0.056
0.024
0.014
0.006
0.002
0.026
0.028
0.012
0.008
0.032
0.002
0.016
0.004
0
0.014
0.002
0.008
0.004
0
0.01
0
0.008
0.02
0.016
0.016
0.004
0.004
0.012
0.006
0.004
0.024
0.034
0.068
0.004
0.014
0.012
0
0.02
0.004
0.02
0.008
0.002
0.008
0.006
0.018
0.008
0.026
0.01
0.014
0.014
0.002
0.016
0.006
0.004
0.006
0.016
0.02
0.012
0.002
0.028
0.012
0.012
0.004
0.052
0.01
0.02
0
0.026
0
0.004
0.004
0.008
0.004
0.004
0.004
0
0
0.002
0.006
0.002
0
0.02
0
0.002
0.01
0.002
0.014
0
0.002
0.012
0.004
0.002
0
0.004
0
0
0.002
0.018
0.002
0
0.02
0.01
0
0.004
0.008
0.002
0.002
0.002
0.004
0
0
0.01
0
0.002
0.004
0.002
0
0.016
0.008
0
0.004
0
0.006
0.002
0
0.024
0
0.002
0.048
0.006
0.012
0.002
0.002
0.012
0
0.002
0.004
0.002
0.002
0
0
0.006
0.002
0.008
0.006
0
0
0.01
0
0
0.002
0.006
0.002
0.002
0.002
0.002
0
0
0.002
0.01
0
0.01
0.006
0.002
0
0
0.002
0.004
0
0.008
0
0
0
0
0.006
0
0
0
0
0.002
0
0.004
0.008
0
0
0
0.002
0
0
0.002
0.008
0
0
0
0
0.006
0
0.002
0
0
0.004
0
0
0
0
0.002
0
0
0
0
0.012
0
0
0
0
0
0.006
0
0
0
0
0.002
0
0.002
0
0
0.01
0
0
0
0
0
0.006
0
0
0
0
0.004
0
0
0.002
0
0
0
0.004
0.008
0
0
0
0.004
0
0
0.002
0
0.004
0.002
0
0
0
0.01
0
0
0
0.002
0
0
0.002
0
0
0
0
0
0
0
0
0
0
0
0
0
0
0
0
0
0
0
0
0
0
0
0
0
0
0
0
0
0
0
0
0
0
0
0
0
0
0
0
0
0
0
0
0
0
0
0
0
0
0
0
0
0
0
0
0
0
0
0
0
0
0
