1.702
1.614
1.622
1.706
1.736
1.941
1.832
1.895
1.829
1.781
1.801
1.916
1.951
1.899
1.86
1.624
1.746
1.581
1.562
1.654
1.666
1.684
1.865
1.815
1.727
1.723
1.6
1.696
1.703
1.763
1.589
1.642
1.585
1.472
1.524
1.499
1.492
1.549
1.692
1.717
1.635
1.573
1.505
1.723
1.757
1.898
1.669
1.84
1.901
2.034
1.876
1.962
1.858
1.816
1.686
1.733
1.66
1.721
1.631
1.7
1.64
1.762
1.823
1.686
1.57
1.696
1.558
1.7
1.856
1.912
1.722
1.921
1.901
1.839
1.767
1.639
1.677
1.649
1.728
1.68
1.876
1.699
1.701
1.596
1.581
1.556
1.619
1.692
1.746
1.879
1.689
1.701
1.737
1.832
1.915
1.991
1.976
1.823
1.923
1.885
