1.007
1.005
0.997
1.056
1.037
1.014
1.039
1.064
1.001
1.053
1.043
1.032
1.113
1.035
1.027
1.018
1.043
1.032
1.12
1.119
1.117
1.085
1.049
1.111
1.152
1.064
1.043
1.052
1.064
1.06
1.102
1.047
1.186
1.169
1.168
1.225
1.124
1.182
1.14
1.128
1.102
1.172
1.086
1.154
1.125
1.117
1.101
1.083
1.01
1.012
1.05
1.018
1.049
1.08
1.097
1.116
1.06
1.17
1.159
1.086
1.11
1.148
1.244
1.154
1.08
1.042
1.023
1.085
1.026
1.007
1.053
1.057
1.125
1.124
1.245
1.144
1.138
1.098
1.067
1.056
1.05
1.132
1.125
1.124
1.072
1.187
1.1
1.093
1.098
1.139
1.102
1.052
1.15
1.105
1.044
1.104
1.082
1.096
1.047
1.106
