0.636
0.666
0.696
0.669
0.661
0.722
0.662
0.71
0.665
0.65
0.717
0.67
0.697
0.693
0.756
0.741
0.72
0.706
0.715
0.701
0.674
0.717
0.659
0.722
0.698
0.717
0.648
0.678
0.703
0.673
0.729
0.734
0.699
0.694
0.694
0.642
0.712
0.676
0.734
0.722
0.756
0.708
0.698
0.79
0.736
0.628
0.739
0.777
0.707
0.666
0.685
0.691
0.666
0.726
0.666
0.694
0.725
0.668
0.686
0.69
0.735
0.708
0.707
0.675
0.659
0.725
0.68
0.665
0.666
0.642
0.74
0.632
0.65
0.679
0.699
0.716
0.665
0.747
0.695
0.702
0.781
0.68
0.718
0.682
0.687
0.703
0.68
0.743
0.748
0.783
0.728
0.72
0.695
0.72
0.694
0.704
0.692
0.719
0.716
0.695
