0.148
0.099
0.026
0.102
0.045
0.048
0.085
0.065
0.064
0.087
0.08
0.059
0.054
0.059
0.049
0.08
0.057
0.084
0.049
0.052
0.048
0.08
0.09
0.048
0.047
0.071
0.046
0.065
0.034
0.074
0.05
0.052
0.1
0.032
0.062
0.056
0.075
0.049
0.082
0.042
0.059
0.075
0.058
0.054
0.081
0.039
0.057
0.057
0.048
0.06
0.071
0.07
0.058
0.086
0.065
0.068
0.049
0.047
0.052
0.071
0.062
0.049
0.079
0.068
0.081
0.078
0.042
0.061
0.075
0.048
0.064
0.09
0.035
0.085
0.043
0.094
0.038
0.053
0.049
0.083
0.035
0.059
0.054
0.078
0.047
0.08
0.076
0.032
0.064
0.076
0.033
0.088
0.039
0.053
0.072
0.088
0.059
0.07
0.045
0.069
0.047
0.071
0.076
0.081
0.074
0.054
0.066
0.058
0.059
0.064
0.036
0.085
0.06
0.094
0.027
0.065
0.063
0.043
0.074
0.076
0.041
0.059
0.063
0.059
0.079
0.028
0.083
0.043
0.078
0.072
0.045
0.052
0.063
0.08
0.066
0.052
0.039
0.089
0.051
0.062
0.062
0.078
0.059
0.045
0.074
0.032
0.096
0.035
0.072
0.057
0.065
0.045
0.065
0.06
0.047
0.047
0.08
0.052
0.057
0.059
0.059
0.053
0.072
0.079
0.05
0.088
0.044
0.061
0.075
0.057
0.051
0.062
0.069
0.044
0.076
0.072
0.047
0.057
0.062
0.056
0.036
0.054
0.058
0.062
0.065
0.055
0.078
0.05
0.049
0.062
0.049
0.062
0.056
0.04
0.079
0.045
0.076
0.075
0.046
0.069
0.043
0.047
0.065
0.069
0.033
0.083
0.059
0.067
0.053
0.051
0.055
0.065
0.06
0.083
0.039
0.065
0.053
0.051
0.067
0.062
0.067
0.063
0.043
0.069
0.063
0.051
0.039
0.068
0.048
0.082
0.054
0.074
0.051
0.066
0.065
0.074
0.042
0.063
0.057
0.09
0.044
0.066
0.037
0.084
0.061
0.072
0.05
0.06
0.082
0.036
0.048
0.089
0.045
0.07
0.043
0.081
0.048
0.076
0.033
0.056
0.075
0.06
0.043
0.057
0.04
0.081
0.044
0.057
0.078
0.041
0.068
0.051
0.069
0.098
0.068
0.049
0.051
0.034
0.083
0.045
0.064
0.063
0.06
0.059
0.048
0.073
0.074
0.064
0.059
0.072
0.058
0.048
0.058
0.08
0.032
0.078
0.05
0.039
0.06
0.079
0.071
0.045
0.07
0.058
0.089
0.029
0.049
0.047
0.071
0.07
0.033
0.073
0.072
0.063
0.06
0.078
0.057
0.052
0.071
0.053
0.055
0.058
0.042
0.069
0.062
0.053
0.054
0.068
0.046
0.061
0.053
0.062
0.075
0.064
0.051
0.085
0.067
0.06
0.071
0.061
0.078
0.059
0.061
0.056
0.069
0.048
0.07
0.039
0.056
0.086
0.056
0.066
0.029
0.076
0.053
0.077
0.059
0.045
0.066
0.066
0.051
0.09
0.052
0.072
0.045
0.063
0.069
0.048
0.085
0.056
0.094
0.075
0.042
0.054
0.091
0.05
0.039
0.08
0.067
0.066
0.051
0.082
0.036
0.075
0.043
0.067
0.065
0.076
0.035
0.079
0.05
0.042
0.053
0.076
0.042
0.071
0.065
0.049
0.054
0.058
0.054
0.076
0.052
0.023
0.057
0.057
0.048
0.077
0.052
0.054
0.068
0.033
0.073
0.048
0.088
0.051
0.083
0.058
0.06
0.071
0.057
0.075
0.04
0.062
0.048
0.089
0.041
0.086
0.05
0.067
0.065
0.107
0.037
0.068
0.035
0.078
0.065
0.048
0.043
0.076
0.052
0.04
0.045
0.097
0.072
0.066
0.071
0.053
0.068
0.063
0.052
0.063
0.064
0.062
0.07
0.058
0.056
0.089
0.028
0.05
0.06
0.049
0.074
0.065
0.049
0.055
0.078
0.04
0.075
0.054
0.06
0.058
0.094
0.051
0.059
0.053
0.075
0.053
0.069
0.068
0.068
0.061
0.039
0.07
0.059
0.049
0.062
0.049
0.039
0.071
0.093
0.043
0.048
0.071
0.075
0.044
0.08
0.056
0.067
0.044
0.042
0.115
0.07
0.053
0.061
0.069
0.062
0.075
0.048
0.069
0.042
0.058
0.085
0.066
0.09
0.068
0.091
0.051
0.057
0.063
0.048
0.076
0.062
0.069
0.057
0.052
0.042
0.077
0.069
0.051
0.082
0.035
0.065
0.047
0.062
0.089
0.056
0.052
0.065
0.055
0.057
0.074
0.067
0.074
0.035
0.083
0.051
0.068
0.068
0.047
0.053
0.049
0.064
0.051
0.069
0.053
0.056
0.071
0.06
0.04
0.048
0.069
0.047
0.067
0.062
0.07
0.071
0.035
0.071
0.042
0.045
0.076
0.032
0.076
0.054
0.039
0.072
0.037
0.084
0.039
0.081
0.049
0.061
0.07
0.038
0.062
0.044
0.072
0.044
0.06
0.061
0.04
0.055
0.071
0.071
0.073
0.036
0.089
0.048
0.092
