0.14
0.027
0.049
0.089
0.075
0.037
0.042
0.069
0.057
0.084
0.032
0.044
0.058
0.055
0.047
0.042
0.046
0.048
0.051
0.054
0.062
0.043
0.046
0.046
0.048
0.047
0.033
0.051
0.043
0.081
0.048
0.052
0.03
0.059
0.026
0.058
0.057
0.044
0.036
0.036
0.048
0.038
0.075
0.037
0.048
0.083
0.039
0.04
0.042
0.055
0.051
0.035
0.038
0.06
0.044
0.048
0.043
0.053
0.051
0.046
0.053
0.04
0.039
0.053
0.065
0.027
0.04
0.078
0.037
0.055
0.036
0.033
0.066
0.053
0.039
0.034
0.058
0.041
0.055
0.039
0.063
0.034
0.038
0.044
0.06
0.03
0.057
0.029
0.035
0.065
0.028
0.066
0.038
0.063
0.037
0.044
0.047
0.051
0.043
0.031
0.037
0.045
0.062
0.04
0.054
0.067
0.027
0.051
0.049
0.036
0.062
0.054
0.03
0.056
0.058
0.059
0.049
0.036
0.041
0.062
0.045
0.045
0.054
0.048
0.043
0.037
0.035
0.064
0.056
0.04
0.033
0.069
0.048
0.038
0.04
0.045
0.039
0.054
0.059
0.029
0.047
0.033
0.091
0.043
0.044
0.03
0.042
0.06
0.035
0.056
0.044
0.042
0.063
0.058
0.036
0.035
0.045
0.045
0.053
0.047
0.05
0.031
0.049
0.07
0.044
0.034
0.064
0.056
0.048
0.039
0.036
0.037
0.054
0.042
0.037
0.047
0.068
0.03
0.056
0.054
0.038
0.063
0.034
0.041
0.044
0.052
0.046
0.036
0.056
0.031
0.042
0.067
0.04
0.071
0.028
0.032
0.043
0.049
0.04
0.03
0.063
0.072
0.048
0.047
0.036
0.059
0.064
0.043
0.037
0.072
0.037
0.03
0.062
0.042
0.045
0.056
0.037
0.038
0.059
0.045
0.041
0.036
0.04
0.034
0.057
0.052
0.052
0.027
0.055
0.064
0.042
0.041
0.054
0.053
0.046
0.042
0.044
0.051
0.029
0.061
0.047
0.048
0.03
0.079
0.032
0.043
0.057
0.042
0.05
0.03
0.039
0.05
0.04
0.049
0.047
0.059
0.041
0.048
0.048
0.082
0.021
0.049
0.047
0.075
0.025
0.052
0.027
0.057
0.039
0.069
0.038
0.036
0.066
0.05
0.051
0.041
0.038
0.048
0.029
0.072
0.037
0.044
0.044
0.051
0.038
0.06
0.037
0.04
0.082
0.033
0.029
0.035
0.062
0.038
0.055
0.053
0.066
0.05
0.034
0.056
0.036
0.054
0.062
0.037
0.038
0.049
0.056
0.044
0.062
0.036
0.026
0.048
0.062
0.043
0.042
0.056
0.048
0.048
0.041
0.049
0.048
0.038
0.041
0.037
0.046
0.075
0.022
0.046
0.037
0.065
0.054
0.035
0.064
0.029
0.047
0.051
0.045
0.051
0.04
0.054
0.054
0.055
0.042
0.062
0.058
0.02
0.072
0.032
0.044
0.037
0.059
0.044
0.031
0.041
0.047
0.073
0.044
0.036
0.033
0.036
0.053
0.075
0.043
0.047
0.058
0.036
0.046
0.049
0.037
0.065
0.047
0.036
0.06
0.029
0.066
0.033
0.06
0.045
0.049
0.038
0.065
0.057
0.034
0.032
0.042
0.056
0.038
0.049
0.036
0.069
0.035
0.048
0.04
0.046
0.041
0.036
0.054
0.055
0.048
0.021
