0.696
0.67
0.69
0.64
0.639
0.662
0.679
0.637
0.697
0.646
0.682
0.663
0.692
0.699
0.695
0.688
0.69
0.703
0.672
0.68
0.688
0.669
0.654
0.681
0.658
0.669
0.663
0.688
0.688
0.684
0.631
0.672
0.646
0.659
0.686
0.627
0.625
0.638
0.68
0.639
0.665
0.68
0.616
0.723
0.634
0.656
0.638
0.689
0.668
0.645
0.655
0.685
0.65
0.681
0.623
0.656
0.646
0.691
0.657
0.708
0.658
0.65
0.678
0.687
0.684
0.654
0.656
0.687
0.652
0.703
0.673
0.634
0.671
0.659
0.658
0.684
0.667
0.647
0.686
0.635
0.666
0.674
0.673
0.654
0.682
0.651
0.653
0.675
0.644
0.685
0.676
0.633
0.659
0.657
0.655
0.652
0.685
0.663
0.652
0.647
