0.0366019
0.0333467
0.0202692
0.0249436
0.043533
0.0187467
0.0347649
0.0654816
0.0461596
0.0268859
0.0687934
0.0536689
0.0354468
0.0396471
0.0305615
0.0359195
0.0300888
0.0633817
0.0961002
0.0533007
0.0359195
0.0534599
0.0201645
0.0469974
0.0277798
0.0534599
0.0474693
0.0398562
0.0381245
0.0314022
0.0543523
0.0574505
0.036548
0.0361798
0.0384927
0.040488
0.0463687
0.0126559
0.0267299
0.0613888
0.0474193
0.0185896
0.0526175
0.0281993
0.0233164
0.0531415
0.0375473
0.0753036
0.0397012
0.0313513
0.0684253
0.0368109
0.0222121
0.03802
0.0589206
0.0377563
0.0244709
0.0490475
0.0324013
0.0470511
0.0503054
0.0338702
0.0796624
0.0347649
0.0829674
0.0526704
0.0371791
0.0437425
0.119882
0.0518812
0.0316124
0.0277798
0.05813
0.0538779
0.0305103
0.0973587
0.028357
0.0418012
0.0368649
0.0248908
0.0346573
0.0539841
0.04936
0.0215826
0.0370746
0.0537187
0.0212668
0.0257316
0.0529856
0.0434287
0.0386477
0.0578684
0.0721506
0.0502021
0.068636
0.0506736
0.0413792
0.0124454
0.0153335
0.0458967
0.0815024
0.0454235
0.0523553
0.0423243
0.0378103
0.0600206
0.0622794
0.0432696
0.0635408
0.0371251
0.0478911
0.0430063
0.0586048
0.0716812
0.0437967
0.0570296
0.0932657
0.0561369
0.0858614
0.0560841
0.0310341
0.0416424
0.023421
0.0295649
0.014021
0.0528264
0.0729948
0.0194302
0.0285148
0.03513
0.0260981
0.0926299
0.0253634
0.0677921
0.0573978
0.0756207
0.0139156
0.0348156
0.0353929
0.046683
0.0675314
0.0368109
0.0579211
0.0659015
0.0550323
0.0184851
0.0370207
0.0449513
0.0248391
0.0515158
0.0456336
0.0204804
0.0668468
0.133276
0.0231575
0.0331348
0.0738311
0.0532476
0.0367603
0.0289875
0.0327667
0.0646455
0.0792942
0.0568733
0.0361798
0.0413792
0.0456875
0.0607046
0.0375978
0.0620182
0.0755127
0.0643271
0.0722071
0.0467884
0.0472102
0.0752526
0.0544053
0.0329786
0.0706843
0.0528798
0.0466329
0.0514631
0.0193238
0.0745673
0.0479965
0.111856
0.0821304
0.0855939
0.0253118
0.0829166
0.0359195
0.0459468
0.017067
0.0516722
0.0866982
0.0279375
0.0173287
0.0318213
0.0196918
0.0557687
0.0697389
0.024051
0.0551915
0.0377058
0.0175919
0.0238937
0.0570296
0.0562394
0.0407512
0.0453696
0.0422739
0.0158584
0.0235782
0.0470511
0.07604
0.0787672
0.0352883
0.105129
0.0677921
0.0496248
0.0539841
0.0882214
0.0124454
0.093525
0.0541931
0.0556095
0.0367603
0.0506237
0.0578684
0.0538252
0.0541399
0.0391203
0.0376518
0.0699482
0.0319285
0.0181691
0.014283
0.0634337
0.0461596
0.0517249
0.0681603
0.0494691
0.0345528
0.0878527
0.0543523
0.0448464
0.0818706
0.0758808
0.0376518
0.037915
0.063857
0.0311397
0.0585524
0.0347649
0.0467368
0.0668468
0.0414334
0.0471048
0.0272026
0.0475246
0.0407512
0.0409065
0.0811343
0.0536689
0.0775116
0.0522493
0.0751956
0.0319795
0.0196918
0.0568733
0.0105026
0.0075094
0.0690028
0.0540371
0.0293024
0.0412743
0.00840188
0.0581844
0.0529325
0.0487329
0.061441
0.0913164
0.0408558
0.0205849
0.011605
0.0447923
0.0472102
0.0820797
0.0534599
0.0519372
0.0361292
0.0756207
0.0347111
0.0838122
0.0585524
0.0830251
0.0262572
0.0486793
0.0172764
0.0384387
0.0792435
0.0515158
0.0442691
0.0573978
0.0426923
0.0536159
0.0454235
0.036548
0.0341339
0.0599184
0.0467368
0.0492045
0.0525145
0.0938917
0.0588664
0.0628566
0.0956266
0.0503054
0.0278843
0.0850671
0.0259936
0.0803988
0.0765661
0.047682
0.0552415
0.0304058
0.0375473
0.0189575
0.030616
0.130386
0.0904286
0.0443201
0.0436919
0.0512508
0.0628045
0.0580776
0.0457376
0.0403289
0.0814449
0.0391203
0.0397516
0.0591298
0.0571847
0.0830251
0.0389109
0.0458967
0.0345528
0.0465791
0.0723084
0.049993
0.0629636
0.0655333
0.0667951
0.0398562
0.0418012
0.0406467
0.0494691
0.0580776
0.0577619
0.0877523
0.0310341
0.0600752
0.0393331
0.0703676
0.0538252
0.0794025
0.063959
0.0604956
0.0455824
0.0303523
0.0255738
0.0310878
0.0661162
0.0574505
0.047314
0.0414837
0.071839
0.0618591
0.063909
0.0401198
0.0401198
0.02468
0.0213733
0.0516722
0.0579211
0.0112901
0.0283038
0.0225281
0.0288297
0.0613341
0.0692631
0.043533
0.0206896
0.0389109
0.0259936
0.0755638
0.0516722
0.0772444
0.0324522
0.0159643
0.051095
0.0307205
0.070051
0.0266238
0.0517781
0.0477875
0.0560841
0.0475783
0.0744085
0.108705
0.0352883
0.0704177
0.0296706
0.0281468
0.0479965
0.038229
0.0373882
0.0308785
0.0519871
0.0347649
0.0551386
0.0397012
0.0634889
0.0542961
0.0290922
0.0615431
0.0771944
0.0389109
0.0634889
0.0343429
0.0812352
0.0485237
0.0865899
0.0418516
0.0660088
0.114947
0.0508827
0.0451102
0.0472102
0.0433745
0.0224232
0.0592324
0.0322431
0.057607
0.0385972
0.0443741
0.0235782
0.0593413
0.0309831
0.0319795
0.0326622
0.0493101
0.0509385
0.021321
0.0592888
0.0857529
0.0350793
0.0415379
0.0401739
0.0446371
0.091057
0.0122878
0.0391203
0.0467368
0.0287252
0.00840188
0.017487
0.0451603
0.0810259
0.057607
0.0600206
0.0267299
0.0839705
0.0922114
0.051619
0.0201645
0.0695298
0.0250482
0.0225281
0.0873263
0.0644862
0.0749867
0.071363
0.0530386
0.0600206
0.0155439
0.0604956
0.0255209
0.0706843
0.125291
0.0635408
0.0210053
0.0636427
0.049101
0.00498885
0.0542461
0.098354
0.0432193
0.0586549
0.0567643
0.0475783
0.0463687
0.0115002
0.0415882
0.0479965
0.0678996
0.0347111
0.0625954
0.0248908
0.0230529
0.0561369
0.0340802
0.0246283
0.0621756
0.0242618
0.03513
0.0226848
0.0273071
0.0359195
0.0525644
0.0432696
0.0498339
0.0520403
0.0278312
0.0776125
0.0608638
0.067424
0.0766671
0.0224232
0.0201122
0.0776635
0.0542961
0.0454235
0.0869076
0.0429017
0.0245755
0.0667452
0.0244182
0.0529325
0.0656926
0.0335567
0.066059
0.0753538
0.0524613
0.0546641
0.0720992
0.0830758
0.066377
0.0628045
0.0430605
0.0465791
0.0531415
0.0419061
0.0673724
0.0308785
0.0482057
0.0469974
0.0943129
0.0326113
0.0408016
0.0655892
0.0511476
0.049993
0.0507794
0.0426923
0.054717
0.00987213
0.046315
0.0312977
0.0628566
0.0828668
0.019535
0.078717
0.0834939
0.0631209
0.0324013
0.0524613
0.0254163
0.0222645
0.0382831
0.0771434
0.0233164
0.0454746
0.0594979
0.0584982
0.0694724
0.0398058
0.0660088
0.0519871
0.0608116
0.0196918
0.0546641
0.0341847
0.0691057
0.0776125
0.0272026
0.0600752
0.049101
0.0488884
0.0716298
0.0341339
0.0322431
0.0441648
0.0241556
0.0441107
0.0421151
0.0523553
0.0550852
0.0818706
0.0758808
0.0336075
0.0360247
0.067215
0.065748
0.0535097
0.0609659
0.0633817
0.0396471
0.0542961
0.0649044
0.0712616
0.0623343
0.0359195
0.0550323
0.0822896
0.0440561
0.0570823
0.0444243
0.0824478
0.0449513
0.0640109
0.0716298
0.0767182
0.0421151
0.0552941
0.0457916
0.0459468
0.0710525
0.0289875
0.0711539
0.0317704
0.0300376
0.0602343
0.0599184
0.0232101
0.0180124
0.0586549
0.0521463
0.0550852
0.0329786
0.0597073
0.0376518
0.029933
0.0450014
0.0684768
0.0405384
0.0541931
0.0704177
0.0719404
0.0184851
0.0667452
0.061757
0.0403289
0.0644862
0.0556095
0.0584982
0.0539309
0.0647472
0.0463687
0.0119728
0.0300376
0.0766671
0.0443201
0.0541399
0.0264663
0.0492045
0.0397012
0.0572913
0.0233684
0.0189575
0.0336612
0.0495726
0.0413792
0.0819214
0.0708936
0.0120778
0.0507794
0.0942614
0.0368109
0.0441648
0.0207941
0.0560305
0.0550852
0.0502555
0.071839
0.0402243
0.0570823
0.0549825
0.0239455
0.0746753
0.0539841
0.0766671
0.0444243
0.0588138
0.0404339
0.0940509
0.0302478
0.0851252
0.0393836
0.0407512
0.0611749
0.0423788
0.0727278
0.0548762
0.0531946
0.0486793
0.0390158
0.0770863
0.0369701
0.0622273
0.0588138
0.0415379
0.0316124
0.037966
0.0349741
0.0599683
0.0201645
0.0642252
0.00409583
0.0425878
0.0661681
0.0681086
0.0580277
0.0233684
0.0570296
0.0781898
0.0471048
0.0380705
0.0232638
0.104452
0.0552415
0.0555068
0.0506237
0.0467368
0.0225281
0.0694724
0.0817117
0.0807663
0.0648025
0.0352345
0.0360753
0.0462109
0.067848
0.0545081
0.0436377
0.0538252
0.0393836
0.0395426
0.078977
0.0517249
0.0641701
0.0266238
0.046315
0.0603888
0.0481556
0.0493101
0.0219506
0.0452143
0.016856
0.0232638
0.0654816
0.0427466
0.0336612
0.0398562
0.0809251
0.0507269
0.0600206
0.0256783
0.0161738
0.0522493
0.0573978
0.0301944
0.0197965
0.0566615
0.0546641
0.0333976
0.0224232
0.0698918
0.0336612
0.0456875
0.0276753
0.0577096
0.0532476
0.0413285
0.0522493
0.0366019
0.0285661
0.0586048
0.0253118
0.0557687
0.0746753
0.0455824
0.0496783
0.0399108
0.0544053
0.0765092
0.0388604
0.0223186
0.0987201
0.0335567
0.0377563
0.0226848
0.0148609
0.047682
0.0658497
0.0400153
0.0617023
0.068636
0.0307205
0.0315068
0.0855438
0.0566076
0.0900615
0.0377058
0.0351838
0.0336612
0.0317169
0.0347111
0.0432193
0.0184851
0.0655892
0.0597073
0.0405925
0.0499374
0.0325059
0.0810767
0.0293024
0.0498873
0.051304
0.0387558
0.0646455
0.0470511
0.0648544
0.0640663
0.0423788
0.0649562
0.0828668
0.0995633
0.0316659
0.0573978
0.0195872
0.0421151
0.0345528
0.0691616
0.0813442
0.0133377
0.0451603
0.0635408
0.0430063
0.00346584
0.0453696
0.0698404
0.00861188
0.0414334
0.0363383
0.0228958
0.0599184
0.0578684
0.0495191
0.0226848
0.02468
0.0425336
0.091057
0.0482057
0.0253118
-7.14662e-44
0.0448973
0.0254163
0.0478911
0.0349202
0.0290922
0.033293
0.0200599
0.036548
0.0441648
0.0783999
0.0372331
0.0544053
0.0414334
0.0530917
0.0598661
0.0442691
0.068845
0.0277267
0.0577619
0.035552
0.0394381
0.0709448
0.0196395
0.0634889
0.0375473
0.0738821
0.0558215
0.0418012
0.078457
0.0252589
0.0501498
0.0400153
0.0809251
0.0279375
0.0441107
0.0255738
0.0418012
0.0309296
0.0885381
0.0310878
0.00976748
0.0197443
0.0672707
0.0428515
0.076141
0.0570296
0.0378103
0.073096
0.0541399
0.0486273
0.0397012
0.0367064
0.0289875
0.0201645
0.0651707
0.0655333
0.0561868
0.0265193
0.0419061
0.0531415
0.055716
0.0654316
0.0666379
0.0277798
0.0535097
0.0341847
0.060757
0.0277798
0.0514099
0.0392285
0.0502555
0.0413792
0.0555597
0.099827
0.0748846
0.0466329
0.0649044
0.057607
0.0508327
0.0485237
0.0597073
0.0452143
0.054717
0.0589731
0.035552
0.0515691
0.0507794
0.0563459
0.0618591
0.017067
0.0513567
0.0294603
0.0726266
0.0496783
0.0408558
0.0248391
0.0345014
0.0782981
0.0830251
0.046315
0.0964701
0.0604956
0.0430605
0.0232638
0.0483647
0.0414837
0.0166988
0.0331348
0.0243664
0.0436377
0.0361292
0.054717
0.0680589
0.0230529
0.0349741
0.0628566
0.0748846
0.0503588
0.0663253
0.042797
0.0412743
0.0545613
0.0590229
0.0680011
0.0386064
0.0468837
0.0191986
0.0638135
0.0344892
0.056335
0.0538568
0.0290706
0.0498236
0.0344475
0.037766
0.04722
0.0709571
0.0281889
0.0373882
0.039533
0.0428102
0.0181487
0.0238192
0.0964548
0.0460837
0.0254998
0.0206279
0.0520931
0.0286083
0.045119
0.0177282
0.0229373
0.0243664
0.056335
0.0270116
0.0385654
0.0402467
0.0397012
0.0140734
0.0389017
0.0375155
0.0205438
0.0312124
0.0290298
0.0591072
0.0368843
0.0347013
0.0187782
0.0299524
0.0315922
0.0211304
0.0397012
0.0373882
0.0176029
0.0262981
0.0107969
0.0289875
0.00600752
0.040202
0.0356247
0.0410429
0.0359195
0.0293239
0.0111323
0.0356657
0.0411697
0.0301625
0.0223914
0.0365922
0.049951
0.0315068
0.0486909
0.0171397
0.0191574
0.0507905
0.0361292
0.0623411
0.0496566
0.0556623
0.0343649
0.0473056
0.0340294
0.0907023
0.0312559
0.024492
0.0432696
0.0462513
0.0407512
0.0634337
0.0123514
0.0431426
0.0436059
0.0331885
0.0237347
0.0313387
0.0542779
0.0154176
0.0537717
0.0411289
0.0445736
0.0276011
0.0305422
0.0237347
0.0197031
0.0196602
0.0494453
0.031885
0.0357513
0.0264663
0.0613341
0.040583
0.0400786
0.0598229
0.040288
0.0330612
0.0309614
0.00327684
0.06986
0.0302887
0.0511268
0.00592343
0.0526811
0.0327667
0.0276435
0.0319704
0.0367162
0.0303307
0.0357513
0.0522598
0.0606614
0.0178964
0.0291557
0.0365064
0.0690662
0.0501179
0.0271798
0.0195761
0.0310878
0.0465057
0.0231483
0.0439012
0.0452877
0.0499089
0.047851
0.0211304
0.0625954
0.0323068
0.0355832
0.0188623
0.0379785
0.0641934
0.028357
0.0443201
0.0489419
0.0139474
0.0463785
0.0361701
0.0336075
0.0387335
0.0519235
0.0710844
0.0229373
0.0782672
0.0535628
0.0341113
0.0352058
0.0633499
0.0289024
0.0446969
0.0201234
0.0442375
0.0689406
0.0307932
0.0427654
0.015712
0.0296162
0.0445736
0.0467565
0.0297013
0.0498236
0.057678
0.019619
0.0269284
0.0441966
0.065997
0.0583959
0.0544444
0.0315922
0.00861188
0.0319285
0.0307103
0.0505781
0.0170556
0.0525145
0.0275585
0.0386922
0.0588982
0.0529325
0.0606231
0.0613341
0.061041
0.0268435
0.0508327
0.0573868
0.0367603
0.0211735
0.0494055
0.042347
0.0272222
0.0544869
0.0292387
0.0376422
0.0173078
0.0379785
0.0604525
0.0440281
0.0392381
0.0373058
0.0174347
0.0413792
0.0173506
0.0263406
0.0121409
0.0265511
0.0220983
0.0409194
0.0482274
0.0368843
0.0523021
0.0614592
0.0202074
0.0630974
0.0267603
0.0568414
0.0498236
0.037766
0.018526
0.0515476
0.0301625
0.0354157
0.0388604
0.0644026
0.0394885
0.0262981
0.0348694
0.0226848
0.0507054
0.0267177
0.0176442
0.031885
0.0260891
0.0446149
0.0461694
0.0271798
0.0388158
0.0395744
0.0352883
0.0318431
0.0364656
0.0275585
0.0336075
0.0330203
0.0392381
0.0471784
0.00873799
0.0389426
0.0123931
0.041465
0.0243664
0.0172666
0.0219301
0.0327667
0.0609137
0.0266344
0.0651589
0.030374
0.0564597
0.0185689
0.0111323
0.0248709
0.0370109
0.0417564
0.0383149
0.0160484
0.0346573
0.066206
0.0235683
0.0617137
0.0778853
0.0335249
0.0298262
0.0519659
0.0260043
0.0321795
0.0437743
0.0113005
0.0648226
0.0536052
0.0419694
0.0533509
0.0102504
0.0289446
0.0228958
0.0317169
0.0299944
0.0259617
0.0341113
0.0399108
0.0413792
0.0190304
0.0441966
0.0418833
0.0242819
0.0269708
0.0178536
0.0184851
0.0418012
0.0311706
0.027348
0.0652407
0.048142
0.0254998
0.0362558
0.0222645
0.0410429
0.0217189
0.0249118
0.041465
0.0714584
0.0289446
0.0419245
0.0441107
0.038984
0.0116368
0.0252056
0.0452877
0.0180217
0.032684
0.0517144
0.024071
0.0273903
0.0216348
0.0538991
0.0232736
0.0347013
0.0142415
0.0291979
0.0556234
0.0599048
0.0554534
0.017476
0.0408747
0.0428924
0.0875031
0.053687
0.0264663
0.0227277
0.0413379
0.0485237
0.0202074
0.051169
0.0336931
0.0350793
0.0366746
0.0578048
0.0334831
0.0275585
0.0520931
0.0234002
0.0307524
0.0313805
0.0221393
0.0207941
0.0746117
0.0262572
0.0278117
0.0310034
0.0527235
0.030416
0.0317603
0.0460006
0.0360019
0.0470511
0.0341113
0.0592324
0.0302887
0.0296581
0.0291979
0.042556
0.056335
0.0500327
0.063979
0.0438153
0.0392381
0.0347013
0.0295751
0.0443201
0.0308785
0.0388158
0.0170556
0.0226009
0.0178123
0.0425972
0.031675
0.0489
0.0503691
0.0212145
0.0493202
0.031424
0.0399108
0.0359195
0.0476383
0.0221822
0.0312559
0.038229
0.016342
0.066377
0.0233164
0.0390285
0.0536052
0.0591502
0.0333567
0.0346156
0.00840188
0.0580595
0.0279799
0.0158802
0.0414239
0.0489839
0.0550323
0.0450784
0.0446562
0.01861
0.0467565
0.0443644
0.0297843
0.036424
0.0488566
0.0148716
0.0305842
0.0309205
0.0583959
0.00756195
0.0356657
0.046924
0.0219711
0.0738571
0.0415061
0.0463369
0.0216778
0.0636862
0.0420515
0.0389426
0.0234002
0.0151654
0.031424
0.0410429
0.0167624
0.0374296
0.0388158
0.049109
0.0362117
0.0384387
0.0182328
0.0449098
0.0535205
0.0223914
0.035961
0.0585207
0.0360435
0.0441966
0.0453696
0.0278525
0.0682678
0.0397012
0.0263406
0.0301205
0.0313387
0.0575529
0.028063
0.0282299
0.040202
0.0154176
0.0455824
0.0240301
0.0517567
0.0376422
0.0267603
0.0457511
0.045119
0.0134429
0.042347
0.0299114
0.030667
0.0570504
0.0316341
0.0418012
0.0286083
0.0263829
0.0796116
0.0254572
0.0411289
0.0342384
0.0224327
0.0393203
0.0453696
0.0215508
0.0337339
0.0613774
0.0158802
0.0447827
0.0443201
0.0601162
0.0275161
0.033103
0.0307103
0.035374
0.0262147
0.0410016
0.0518812
0.049151
0.0137377
0.0326423
0.0287764
0.0670043
0.0532264
0.027054
0.0215508
0.0633955
0.0406652
0.0468421
0.0412557
0.0449926
0.0242392
0.0704494
0.0471366
0.0536052
0.0239028
0.0284401
0.0399516
0.0412971
0.0205849
0.0322214
0.0175601
0.0606231
0.0651589
0.0149131
0.05096
0.0145353
0.0630136
0.0223914
0.0295343
0.0530598
0.0471784
0.0170147
0.0162579
0.0688132
0.0604116
0.0494055
0.0403289
0.0339439
0.0181899
0.0276011
0.0681405
0.0291557
0.0487747
0.0605774
0.0330203
0.0436059
0.0439837
0.0326423
0.0416331
0.0517144
0.0198283
0.0247863
0.0553686
0.045624
0.0630136
0.0262572
0.0473875
0.0179805
0.0557478
0.0103765
0.0583959
0.0229801
0.0378518
0.0229373
0.0474293
0.0297013
0.0487329
0.0261299
0.0399516
0.0314659
0.0204167
0.0277267
0.0196602
0.0458746
0.0451603
0.0225595
0.0660407
0.051169
0.0403289
0.0378518
0.0473875
0.0329786
0.0342384
0.0473056
0.0127286
0.0454147
0.0899852
0.0490692
0.0497816
0.0435649
0.0410016
0.0609137
0.028272
0.0541506
0.0457916
0.0563777
0.068642
0.0528901
0.0245755
0.0169306
0.0258784
0.00814963
0.0325158
0.0435649
0.0521781
0.0317603
0.0575957
0.0310034
0.0327667
0.0347838
0.0231055
0.045706
0.0320967
0.0370933
0.0489
0.0444058
0.0242819
0.040583
0.0573024
0.0426833
0.0609978
0.0492782
0.024492
0.00369689
0.0189463
0.0330203
0.0646517
0.0308352
0.0612068
0.0369285
0.0488566
0.0336513
0.0513781
0.0186529
0.045329
0.0520508
0.0387745
0.0197443
0.0549506
0.0256679
0.0490692
0.0227691
0.0539841
0.036424
0.0279799
0.0445291
0.0270116
0.0229801
0.0145779
0.0524295
0.0239874
0.063979
0.0240301
0.0532264
0.0273071
0.0253738
0.0311295
0.0262572
0.0475147
0.0542354
0.0233164
0.063857
0.0278525
0.0444464
0.0320113
0.0360876
0.0328104
0.0260466
0.0128968
0.0165943
0.0267603
0.0463785
0.0371377
0.0545295
0.042347
0.0248709
0.0443644
0.0474293
0.0401608
0.0381467
0.019619
0.0528052
0.0415882
0.0404149
0.0427654
0.0168465
0.0256679
0.063979
0.049951
0.0709964
0.0564597
0.0433556
0.0204167
0.0163833
0.0583504
0.0319704
0.0475548
0.0227277
0.0423878
0.0396567
0.011805
0.0375564
0.0425972
0.0369285
0.0633955
0.0701586
0.0340702
0.0328931
0.0143256
0.00999817
0.0155017
0.0128968
0.0431426
0.0614207
0.057678
0.0416331
0.0335657
0.0465057
0.0202485
0.0335249
0.025289
0.0191574
0.0258361
0.0366746
0.0422196
0.0415882
0.0478911
0.0356657
0.0494873
0.0257527
0.0770482
0.0233164
0.00600752
0.0428924
0.0357071
0.0388604
0.0541931
0.020753
0.0390699
0.0227277
0.0198713
0.0605774
0.0155439
0.0471366
0.0357071
0.0289024
0.0206689
0.0532264
0.0473458
0.0393649
0.0442375
0.0688571
0.0424739
0.067848
0.0495726
0.0472603
0.0310034
0.017687
0.0289875
0.0360876
0.0106708
0.0598661
0.0580595
0.0317169
0.00579731
0.0674678
0.0391967
0.0522175
0.0521325
0.0358753
0.0235683
0.0169719
0.0336513
0.0349937
0.0413792
0.0426421
0.0299114
0.0322214
0.0441516
0.0372615
0.0417564
0.0641064
0.0157961
0.032684
0.0390285
0.0296162
0.044824
0.0115105
0.0468837
0.0409194
0.0278948
0.0410875
0.0496964
0.0334393
0.0586478
0.0249544
0.0169306
0.0372201
0.0335249
0.031424
0.0335249
0.0371791
0.0307524
0.0331885
0.0537326
0.0217619
0.066586
0.0122673
0.086121
0.0529749
0.0526811
0.0367603
0.0256254
0.0171397
0.0349111
0.040583
0.0374296
0.055914
0.0496566
0.0297843
0.0210894
0.0114687
0.0192827
0.0321386
0.0159216
0.0901125
0.0659571
0.0212986
0.0279799
0.025289
0.0610843
0.0218459
0.0479747
0.0373473
0.0436473
0.0446149
0.0520085
0.0703676
0.0325985
0.0200804
0.045119
0.0412557
0.0159643
0.0339876
0.0330203
0.0147875
0.0534779
0.0479747
0.0552023
0.0397426
0.00835983
0.0360019
0.0500327
0.0429334
0.0493202
0.0567568
0.041465
0.0669224
0.049993
0.0595297
0.0311706
0.0329786
0.0783488
0.0626388
0.0489
0.0214258
0.0318431
0.0291128
0.0426833
0.0248709
0.0288194
0.0280207
0.0304989
0.0278117
0.0188623
0.0468421
0.066206
0.0223075
0.0435239
0.0225166
0.0299114
0.040583
0.048142
0.0362558
0.0489
0.0884749
0.0422196
0.0226009
0.0508749
0.0419694
0.0128127
0.0423057
0.0531872
0.0442786
0.0284401
0.0373882
0.0319285
0.0105447
0.0345331
0.0651589
0.02508
0.021803
0.049109
0.0331467
0.00995622
0.0862031
0.0402467
0.0368019
0.0543596
0.0243238
0.0294069
0.0514631
0.0299944
0.0673025
0.0268859
0.062848
0.0510839
0.0262572
0.0478057
0.055287
0.030667
0.0580982
0.0419245
0.0336931
0.0526811
0.0209212
0.0454967
0.06495
0.0149972
0.0393649
0.0304989
0.025542
0.0245346
0.0390285
0.0308785
0.0429334
0.0198283
0.0820857
0.0189463
0.0419245
0.0285252
0.0417564
0.0653244
0.0176029
0.0578048
0.0320532
0.0275585
0.0829674
0.0264254
0.0555387
0.0379342
0.0576387
0.0363383
0.0468421
0.0378927
0.0642773
0.0300376
0.0618411
0.0677225
0.05016
0.0596524
0.0162579
0.0285661
0.0423878
0.0368843
0.0560414
0.0323895
0.0449098
0.0489419
0.028483
0.0247863
0.0517567
0.0533113
0.0453696
0.0188623
0.0386477
0.0362117
0.0247863
0.0126445
0.0411289
0.0393649
