0.218894
0.252563
-0.496755
-0.0160819
0.791078
-0.678963
-0.186889
1.26804
0.568666
0.443412
0.693504
0.3655
0.00815574
0.330383
-0.0337888
0.413088
-0.0652502
0.51976
1.01314
0.616805
0.347213
0.550052
0.259538
0.496352
0.0816736
0.949041
0.334372
0.03831
-0.46148
0.222896
-0.0585218
0.848357
0.326052
-0.0212777
0.264691
0.271839
0.15317
-0.174582
-0.270775
0.893979
0.111047
0.378026
0.476985
-0.0599798
0.139819
0.277346
0.0608002
0.776542
0.471492
0.769333
0.928764
0.309463
-0.119184
0.312678
0.86647
-0.0902903
0.0438163
0.259034
0.400065
0.292218
0.574158
-0.128923
0.708944
0.500258
1.37764
0.520646
0.290731
0.868897
1.45748
0.601563
0.149389
-0.142251
0.957159
0.632513
0.240007
1.27545
-0.252588
0.505887
0.0914583
0.145028
0.0440676
0.813801
0.732113
-0.164067
0.575335
0.175796
-0.030209
-0.251192
0.445403
0.232132
-0.0471847
0.817167
1.08909
0.584914
1.23689
0.579237
0.791993
-0.66829
-0.368432
0.536448
0.776015
0.997719
0.840498
0.83822
0.41034
0.916299
0.947892
0.565571
0.763171
0.31397
0.213167
0.210308
0.917735
1.35223
0.758835
1.093
0.97196
0.666485
1.37635
0.681424
0.131564
0.45712
0.182278
0.53878
-1.4218
0.997712
0.893946
-0.566426
0.101223
0.47387
0.232921
1.28603
0.389934
1.19202
0.346508
0.893685
0.110991
0.528734
-0.878951
-0.763709
0.878442
0.642065
0.400144
0.895692
0.219296
-0.946996
0.667672
0.10363
0.456988
0.793919
0.487309
-0.919625
0.819643
1.71759
0.0384329
0.198661
1.17838
0.708361
0.0949925
0.00837923
-0.290731
1.08674
1.21101
0.663045
-0.115367
0.324231
-0.116733
0.377751
0.266179
0.806164
0.686519
0.256123
1.22098
0.351859
0.727426
1.25843
0.866911
-0.0296787
1.20437
-0.296332
0.62424
0.671072
0.199529
0.953571
0.24436
1.61851
1.29474
1.53333
0.149185
1.17348
-0.231724
0.355847
-0.227678
0.53631
0.979576
0.0456309
-0.52851
0.0404179
-1.0255
0.306458
1.06425
0.408704
1.05609
0.384911
0.536305
-0.0144807
1.06299
0.804149
0.640337
0.325456
0.623454
0.0526619
-0.80334
-0.284774
1.11827
0.877597
-0.240548
1.61078
0.769865
0.0446157
0.777181
1.42579
-0.0577704
1.46132
0.642363
0.594448
-0.139011
0.731091
0.84772
0.711155
0.274789
0.29795
0.734273
1.17161
0.313889
0.122857
-0.162574
0.253334
0.551941
0.272869
0.87403
0.151621
0.0241805
1.11968
0.639731
0.36204
1.28237
1.49154
-0.071224
0.599788
0.854913
0.302323
0.917934
0.69449
0.867419
0.33572
0.352784
0.508114
0.320774
0.744133
0.263584
0.510503
1.42894
0.521901
1.43345
0.531045
1.28014
0.0510785
-1.25433
0.300732
-0.152295
-1.18507
1.179
0.940645
-0.553849
0.527238
-0.712651
0.631477
0.823817
0.738793
1.0137
0.927302
0.195285
-0.478281
-0.441315
0.648294
-0.153034
1.26373
0.552056
0.551352
-0.148275
0.898297
0.913396
1.02351
0.736566
1.11381
-0.202823
0.20262
-0.156838
0.416595
0.579479
0.741579
0.277829
0.638409
0.23592
0.441896
0.0397049
0.567587
0.549862
0.885604
0.365223
0.0739099
0.500927
1.60428
1.07165
0.86671
1.08667
0.659928
-0.17803
1.14401
-0.583275
0.862676
0.796531
0.885628
0.599644
0.0145025
0.237853
0.427549
-0.0372597
1.89833
1.65549
-0.392582
0.400001
0.717438
1.03679
0.5987
0.467983
0.498834
1.26861
0.080326
0.447868
0.965408
1.02092
0.894196
0.137542
-0.451472
0.374798
0.666692
0.68046
0.570978
0.358453
0.976725
0.268123
-0.280835
0.401848
0.687887
0.292435
0.214874
0.814149
1.11636
0.142097
0.11756
-0.0584741
1.09169
0.332609
1.3288
0.496685
1.03306
-0.14941
0.316324
0.151355
0.344699
1.36038
0.876043
0.229157
0.0329181
0.689624
0.850879
0.821349
-0.291701
0.0586144
0.110892
-0.404875
1.04481
0.759863
-0.171159
-0.439346
-0.260747
-0.0104271
0.952291
1.06787
0.373378
-0.668473
0.404111
0.0197563
0.82765
0.489077
1.30678
0.0625701
-0.405248
0.0955769
-0.102834
0.618666
0.168655
0.802405
0.196555
0.847269
-0.179295
1.26367
1.45576
0.127789
1.12159
-0.140764
0.0232651
0.496312
0.104827
0.366809
0.303638
0.332497
0.0567696
0.7133
0.409788
0.952738
1.00316
0.0898542
0.444002
0.797707
0.752809
0.576936
-0.246753
0.983632
1.164
1.15867
0.407499
0.811764
1.56774
0.650303
0.356272
-0.361354
-0.171049
0.365083
1.10907
0.303004
0.498501
0.513285
0.606696
0.407274
0.638994
0.564406
0.277459
0.600387
0.690606
-0.463469
0.169452
0.982592
0.996854
0.0577996
0.347168
0.715456
0.436843
1.1781
-0.229243
0.137449
0.661462
0.401327
-0.456871
-0.218367
0.509584
1.1765
0.736443
0.500799
0.315096
1.31024
1.24145
0.492722
-0.140616
1.00172
0.420765
-0.427461
0.996041
1.25228
0.611072
0.741597
0.754175
0.704565
-0.77655
0.834638
-0.77232
0.719991
1.35223
0.47886
0.104951
0.860256
0.744837
-0.269688
0.693058
1.37514
0.290058
0.880962
0.723579
-0.024543
0.738663
-0.257447
0.00858967
0.93171
-0.00520245
-0.431894
0.433019
0.0221127
0.0261929
0.641334
0.0632353
0.19903
0.0174878
-0.462402
0.469596
-0.15438
0.288621
0.30357
0.394193
0.636488
0.783555
0.104508
-0.259814
0.842784
0.42112
1.19675
0.942584
-0.290007
0.109179
0.771451
0.87417
0.336183
1.38961
0.854513
-0.323018
0.920905
-0.108835
0.263873
0.980098
0.344267
0.781529
0.738321
0.12199
0.498572
1.222
1.00889
0.915175
0.81812
0.805141
0.389535
-0.581911
0.472592
1.05242
0.403364
0.927641
0.507325
0.917535
-0.342126
0.354728
1.05758
0.784208
0.683265
1.00814
0.38948
0.522051
-0.227351
-0.269515
0.150364
0.873649
0.915626
-0.384028
0.748977
1.18802
0.757652
-0.31806
0.41355
-0.288463
0.0334578
0.145087
0.935989
0.0463993
0.387897
0.881537
0.579779
1.12034
0.604336
1.11089
0.135174
0.39974
-0.484748
0.643456
0.325721
0.523955
1.22373
0.374672
0.423332
0.895564
0.656364
1.02171
-0.28952
-0.08786
0.298222
0.0737824
0.441916
0.450874
0.125614
0.70014
1.03926
1.23492
0.0520351
0.220166
0.982077
0.314727
0.441297
0.521407
0.940971
0.51964
0.998745
0.938168
0.250792
0.748969
0.336769
0.328925
0.903063
0.483338
0.844406
0.346241
1.19075
0.444947
0.941327
0.891584
1.20608
0.166487
0.79902
0.208411
0.813629
0.618424
0.0178612
0.353698
0.0867413
0.184106
0.134769
0.600746
-0.411685
-0.363127
0.293036
0.449085
0.829374
0.876709
0.670061
0.98053
0.0619445
0.539181
0.884878
0.801007
0.361728
0.709977
0.632902
-0.536475
0.701407
0.928686
0.58438
0.836445
0.668645
0.59402
0.796659
0.837934
0.907461
-0.566353
0.465485
1.1774
0.600581
0.921086
-0.558313
0.672634
0.652883
0.606704
0.267511
0.00333989
0.394872
-0.0880974
0.329547
1.20673
1.09152
-0.280687
0.526115
1.13383
0.491237
0.527315
0.32289
0.597378
0.737407
0.375255
0.780897
-0.124298
0.801847
0.602857
0.0808088
0.904519
0.474436
0.926587
0.387271
0.876276
0.714568
1.42183
-0.157022
1.22057
0.585486
0.0858071
0.747361
0.457197
0.796959
0.160788
0.851643
0.692943
0.174605
0.948255
0.2514
1.01878
0.858028
0.0302309
-0.330081
0.191637
0.426353
0.611612
-0.193054
0.143181
-0.265802
0.0571255
1.14538
0.865979
0.598533
0.193729
0.717524
0.988728
0.0712341
0.584947
0.0799666
1.45967
0.618026
0.980342
0.905147
0.210324
-0.374794
0.657029
1.34512
1.17583
0.741989
-0.436546
-0.0564947
0.868815
1.2948
0.446391
0.131726
0.982706
-0.239838
0.202974
1.04858
0.579295
1.15692
0.0853219
0.550153
0.731144
-0.539726
0.699775
-0.538353
0.321499
-0.80649
0.242609
0.807419
0.394988
0.0132973
0.510068
1.57619
-0.0424639
0.797834
-0.0451875
-1.21673
0.735036
0.948404
-0.127223
-0.348998
0.783972
0.946259
-0.241536
-0.109805
0.885455
-0.453531
0.342581
0.230245
0.727751
0.431046
0.538067
0.467591
-0.413477
-0.543584
0.817437
-0.567133
0.495135
0.867575
-0.360582
0.0989731
0.255097
0.420268
0.644994
0.265425
0.506325
1.14286
-0.657095
0.104648
-0.261963
-0.0709324
0.950053
0.179149
0.585402
0.53139
1.06761
-0.107002
-0.29282
1.26796
0.765228
1.17039
0.526007
0.382649
0.718293
0.370875
0.0862274
0.523648
-0.252576
1.02161
0.674564
0.583878
0.725481
0.359311
1.23288
-0.342966
0.413234
0.549726
0.0740041
0.915298
0.438043
0.874152
1.00367
0.981652
0.52858
1.04555
0.822804
0.331355
0.581579
-0.496138
0.599444
-0.13625
0.679475
0.672077
-0.655684
-0.0197151
0.777604
0.331032
-0.940469
0.603256
1.10218
-0.545038
-0.117723
0.238901
0.395024
0.636627
0.401788
0.177249
0.185723
0.104949
-0.239394
0.948458
-0.0362227
-0.097125
-1.09972
0.665184
0.133075
0.621952
-0.0997093
0.0465809
0.268526
-0.193582
-0.12215
0.32085
0.865291
-0.53201
0.808533
0.736153
0.557132
0.87632
0.582707
0.875239
0.0620822
0.297234
0.486125
0.543347
0.937523
-0.123556
0.827437
0.300756
1.23589
0.222289
-0.122646
0.808655
-0.0261691
1.08099
0.188218
1.14653
0.237242
0.724593
-0.00896622
0.440309
0.238808
1.07275
-0.0827841
-0.224049
-0.963136
0.54326
-0.180956
1.17958
0.322304
0.736222
0.97929
0.612852
0.504461
-0.152384
-0.270706
-0.0629138
0.0711513
0.762257
0.966317
0.698763
0.310034
0.43729
0.787695
0.311693
0.980325
0.536884
0.316772
0.179467
0.0851706
1.2541
0.749048
-0.0387125
0.192769
0.870304
0.339733
0.486859
1.51243
0.802295
0.390162
0.863882
0.296344
0.764937
0.452404
0.364803
0.362717
0.442283
0.317596
0.499233
0.485515
0.14912
0.68256
0.25796
-0.000991708
0.158034
0.280233
1.41618
0.750105
-0.30805
-0.0617438
-0.0494376
0.423598
1.00842
0.500109
1.34947
0.915535
0.344503
0.220136
0.168698
0.0592891
-0.605127
0.0497846
0.0687688
0.436563
0.581899
0.882822
0.749342
-0.273431
0.2924
-0.103367
1.07199
1.00923
0.825967
0.251741
0.413207
0.888437
0.747021
1.04887
0.0416632
0.371476
-0.186645
0.814062
0.491447
0.624325
0.424322
0.509786
0.422138
-0.192404
0.660616
0.319327
1.16274
-0.390157
0.942147
0.593938
0.560255
0.0633851
0.412495
1.58022
0.158713
-0.0784118
0.0186544
1.21818
0.813179
0.671217
0.422798
-0.105048
0.235462
1.07729
-0.026582
0.99664
0.281625
0.735708
-0.620574
0.57975
0.130832
0.0984756
-0.296035
0.458913
1.08745
-0.247692
1.05245
0.00705464
0.414511
0.660216
0.0753257
0.445732
0.448829
-0.570324
0.462352
-0.18637
0.0690754
0.0120876
0.037477
0.527129
0.385137
0.0904727
0.544448
-0.569999
0.156322
-0.0974654
0.535654
-0.337629
0.652146
0.483938
0.289986
0.503424
0.185497
-0.711376
0.28271
0.232031
0.729806
0.707238
1.04056
0.370092
0.619759
0.575663
1.31617
-0.162064
0.0635622
0.501818
0.468535
0.168603
1.04253
-0.133835
0.4597
0.535098
0.412919
0.181466
-0.41118
0.732994
0.216754
1.00648
0.778773
0.906922
-0.169522
0.0519091
-0.212379
-0.908221
0.00307591
1.04741
-0.156328
0.391397
0.144154
0.932828
0.0896298
0.462017
0.565444
0.628747
0.298812
0.35548
-1.60064
1.19243
0.38845
0.671609
-0.0580601
0.80126
0.0386507
0.312525
0.153258
0.136439
0.127032
0.450066
0.713867
0.803513
-0.738455
-0.0377443
-0.13322
1.12421
0.596391
-0.170673
0.309662
0.424992
0.7095
-0.0807103
0.697081
0.796348
0.646115
-0.138334
0.501545
0.813089
0.282286
0.656689
0.151218
0.256158
1.07186
0.356953
0.296265
0.841118
0.0488847
0.210561
-0.0247267
0.0505155
0.760594
0.503163
0.953921
0.395813
1.05252
0.88836
0.546755
0.545311
1.29281
0.302983
0.84316
0.0647879
0.590461
0.974357
0.141462
0.789587
-0.141938
0.322165
0.569113
0.587331
-0.130156
0.599297
1.0018
-0.104403
0.327935
0.753651
0.762804
1.1335
0.723302
0.348958
0.0988269
0.450368
0.0603031
1.18369
-0.203365
0.949036
-0.36133
0.736507
1.0023
0.799283
0.826748
0.75852
0.986835
-0.10009
0.284997
1.09626
0.192381
0.217211
0.83185
0.494527
0.19256
1.13239
0.177579
0.468369
-0.0549951
0.372753
0.651918
0.386473
0.273928
0.353083
-0.182852
0.616781
0.139007
0.537947
-0.303803
0.108401
-0.395412
0.628904
0.213284
0.375945
0.784521
1.19029
0.191742
0.841057
0.487167
1.07553
0.882686
0.31453
-0.570208
-0.147398
0.419811
0.631891
0.264348
0.825381
0.154314
0.149943
-0.169361
0.38674
0.647987
0.382674
-0.0606215
0.0144662
0.0582174
1.17308
0.578736
0.428922
-0.193279
0.479749
0.468569
0.232731
-0.130258
-0.250551
-0.0668086
0.416923
0.00921649
0.452183
0.0620615
0.416426
-1.09089
0.0400945
0.400958
-0.118023
0.309362
0.675009
0.691792
0.376997
0.922222
0.600245
0.296974
0.0714715
-0.491903
-0.0658452
-0.159357
0.332258
0.0710871
0.0326159
0.324811
0.650097
-0.515935
0.768462
1.39808
-0.0840706
0.190138
0.254511
-0.311545
0.118196
0.0811888
0.00757645
1.06582
0.64204
0.781961
0.936454
-0.512369
0.57083
-0.0885535
-0.0356447
0.25934
-0.374707
0.476924
0.474221
0.726969
0.469042
0.702952
0.365009
0.37874
0.14192
-0.282988
0.295759
0.0682577
0.629223
0.292573
0.693415
0.713637
0.580575
-0.0777982
-0.18387
0.564334
-0.198142
0.36692
0.500548
0.915704
-0.0310104
0.229823
0.622706
0.143818
-0.679601
0.127312
0.7457
0.102871
0.0195369
0.70904
-0.077973
0.072733
0.429338
0.0276282
0.365637
0.644888
-0.424483
0.377704
0.594742
0.837684
0.370114
-0.12607
0.71413
0.473235
1.52689
0.760731
0.040999
0.31112
0.159854
0.327579
0.38043
0.513607
0.604122
0.513296
-0.164188
1.01324
0.537179
-0.262546
1.06534
-0.170986
0.0741418
-0.445889
0.106065
-0.221529
1.1991
-0.166432
0.35359
0.131092
0.587922
0.380923
0.256432
0.952867
0.128763
0.893532
0.379962
0.954849
0.3855
0.143546
0.871328
0.449324
0.905618
0.595402
0.999736
0.361833
0.308694
0.170841
0.16187
0.830392
0.0997283
-0.101383
-0.084482
-0.0319377
-0.0570257
-0.0239015
-0.272942
0.798609
0.553695
-0.391951
0.484418
0.00807695
0.34392
0.611798
0.278196
-0.0539416
0.599549
0.463688
-0.274966
0.868502
-0.294118
0.410109
0.602179
0.504744
0.312709
0.566055
0.372572
0.968035
0.105356
0.265116
0.864501
0.495342
0.554244
0.433716
0.100528
-0.18289
0.50886
0.571563
-0.218475
0.435801
0.427424
0.286117
-0.173779
0.335054
0.558955
-0.614641
0.0826541
0.74143
0.714108
1.08526
0.939137
0.591534
0.304548
1.34453
0.814432
0.269729
-0.249952
-0.176066
0.232834
0.243458
0.488957
0.407956
0.429875
0.769272
0.161264
0.21557
-0.552798
0.263502
0.997383
0.231095
0.204095
0.970466
0.609566
0.547721
0.264135
-0.509355
0.691664
0.337213
0.459008
-0.342986
0.315194
1.05246
0.120878
0.348983
0.244828
-0.292364
0.615764
0.386434
0.770302
0.71199
0.151205
1.01044
0.480893
0.105517
0.243288
0.31582
0.43155
0.991754
0.0309081
0.532179
-0.552083
0.176996
1.11137
0.131055
0.659603
0.375283
0.121284
0.752833
0.498821
-0.0869921
0.67255
0.898635
-0.222909
0.315259
0.620643
1.05959
0.174706
0.690281
-0.248838
0.201631
0.38769
0.497798
0.859772
0.510257
-0.586874
0.277275
0.203286
0.79284
0.280039
0.618515
-0.157224
1.09587
-0.117864
0.784187
0.786005
0.364539
0.0349428
1.01435
0.643253
0.267821
0.416049
0.318745
0.675656
0.892289
0.398399
0.718065
-0.00737075
1.17741
0.619039
0.14793
0.773492
-1.27082
0.473402
0.0576488
0.515664
0.746523
0.991334
0.598434
0.244098
1.15733
0.904869
0.769474
0.879073
0.807438
-0.149984
-0.139927
1.24164
0.196989
0.171111
0.664807
0.585411
0.559685
0.454919
0.314451
0.335217
0.70317
-0.132689
-0.206873
0.430208
0.559781
0.861286
0.0663686
0.541505
-0.0172363
0.708027
0.212968
0.468167
0.178739
0.431723
0.0535766
0.843015
0.203327
0.698734
-0.311271
0.330861
0.14969
0.322287
0.408174
0.203869
0.530755
0.463775
-0.101901
0.939688
0.845302
0.497983
0.0974079
0.444225
0.274097
0.52397
0.531842
0.305073
0.213031
1.68526
1.03711
0.759391
0.202426
0.399867
0.970177
0.32195
0.80621
0.254853
0.865528
0.903175
0.061795
0.832941
0.486954
-0.494602
-0.104545
0.3556
0.832031
1.04143
0.426332
0.749844
0.233659
0.281843
0.519172
-0.158806
0.670316
0.266781
0.44453
0.738339
0.400981
0.317754
0.486916
0.808564
0.362496
0.773251
0.366122
-0.115711
0.0770354
0.554399
0.0308456
0.636402
0.458193
0.991024
0.264953
0.678086
0.573884
0.419797
-0.0150456
0.785044
1.21184
0.0601203
-0.147031
0.765849
0.398982
0.721276
-0.0259213
0.513814
0.828514
0.347375
0.52912
0.602378
-0.0516903
0.220632
0.824459
-0.321893
0.609045
0.506202
0.368398
-0.053138
0.0707211
0.101419
-0.869328
0.707449
0.682073
0.155359
0.602765
0.266048
-0.0472052
0.517652
0.160705
0.593461
0.571819
-0.294344
0.286043
0.307691
0.561399
0.435112
0.601767
0.637513
0.570341
0.216148
0.330902
0.6492
0.859345
0.161605
0.320247
0.661041
0.274181
0.636679
0.0711218
0.101771
0.968232
0.849047
1.01799
0.934822
0.585606
0.0575464
0.114796
1.00933
0.290083
0.902527
0.0480711
0.530655
0.801181
-0.443489
0.257494
0.526952
0.521698
1.06536
1.09133
0.589823
0.390551
-0.164813
-0.468747
-0.663062
-0.458855
0.791955
0.830169
0.792938
0.435128
0.207922
0.189564
0.51406
0.313319
-0.0994642
0.117135
0.549625
0.236359
0.358288
0.395636
0.352761
0.762799
0.798203
0.261056
1.43604
-0.327862
-0.232097
0.686791
0.785589
-0.0317134
0.204968
-0.0611778
0.112556
-0.251879
0.00315526
0.758358
-0.501003
0.638109
0.444637
0.199101
-0.459163
0.813222
0.942229
-0.251935
1.14384
0.991478
0.814596
0.912791
0.725829
0.621044
0.171941
-0.213446
-0.381588
0.373731
-0.498057
0.838436
0.768003
-0.174331
-0.272101
1.0733
0.185437
0.759624
0.620132
0.146264
-0.61471
0.0960462
-0.368501
0.435802
0.672531
0.33766
-0.115497
0.281175
0.828134
0.459684
0.615585
0.837693
0.014419
0.0195845
0.648489
0.757971
0.502093
-0.147483
0.957246
0.368344
0.706057
0.51327
0.185532
0.230153
0.873897
0.437786
-0.402904
-0.0834481
0.513331
0.198804
0.471647
0.246407
0.67582
-0.111338
0.912019
0.16159
0.743147
-0.192287
1.31081
0.692936
0.583254
0.366014
0.204858
0.0387551
0.473665
0.0390125
0.648629
1.05956
0.346368
-0.403898
0.266794
-0.132015
0.0493891
-0.336643
0.456222
1.36924
0.933879
-0.726697
0.361145
-0.0121413
0.810866
0.239645
0.905757
0.47241
0.0675941
0.698255
0.682563
1.13693
0.667812
-0.0519943
0.844609
0.215366
-0.165019
0.221456
0.532279
0.0347959
0.897464
0.177497
0.657168
0.803417
-0.181607
0.513463
0.479882
0.585057
0.525347
0.885376
0.69702
1.03205
0.356211
0.506132
-0.0394382
0.116669
1.26031
1.02072
0.648861
0.127697
0.771818
0.0662997
0.649372
-0.234598
0.373036
0.344607
0.660227
0.360752
0.212215
0.717617
0.64147
0.0550305
0.04878
0.163706
0.425155
0.753685
0.274684
0.0362995
0.884858
1.36068
0.462034
0.341442
0.453459
0.573122
-0.387094
0.457145
0.921965
0.675627
0.313133
0.234897
0.597456
-1.10434
0.265512
0.606571
0.330359
-0.47279
0.789119
0.447379
0.035803
1.40539
1.04218
0.33215
0.637956
0.150576
0.287145
0.692516
0.553858
1.13417
0.457507
0.918412
0.59556
0.180631
0.209536
0.75098
0.0738982
0.798985
0.393786
0.476818
0.519991
-0.136088
-0.168576
0.786978
-0.0714543
0.200888
0.109905
0.390753
-0.0953838
0.64504
-0.191316
0.115821
-0.495642
1.21549
-0.022441
0.39533
-0.20516
0.582625
0.813397
0.103857
0.823912
0.31135
0.0718214
1.25255
0.358723
0.942807
0.540399
0.912211
0.391662
0.921983
0.198416
0.704176
0.642826
0.470522
1.19766
1.04222
1.16459
-0.089357
0.469542
0.401357
0.680631
0.684954
0.333417
0.510501
0.596472
-0.0728448
0.334644
0.929825
0.612747
1.11598
0.22511
0.32358
0.272709
0.133322
-0.0983384
0.926624
0.669733
