1.188
1.06641
1
1
1.14924
1
1
1.30028
1.49309
1.25807
1.45435
1.29733
1.27685
1.1871
1.05469
1.20272
1
1.16811
1.5735
1.17614
1.09758
1.35013
1
1.25934
1.04718
1.72612
1.14412
1.17785
1.04538
1.02946
1.12712
1.53934
1.27823
1.13072
1.31216
1.1672
1.13248
1.0727
1.04965
1.42865
1.19929
1.04897
1.44765
1.09207
1
1.16468
1.0866
1.44664
1.17916
1.77016
1.67132
1.24681
1
1.17312
1.44416
1.11778
1.15936
1
1.25086
1.309
1.36412
1.04221
1.42392
1.01736
1.9178
1.40698
1.19725
1.38093
2.01341
1.3429
1.12499
1.26753
1.52232
1.41104
1.19095
1.84674
1
1.04973
1.17977
1.14159
1.26672
1.42487
1.16513
1
1.22469
1.34193
1.04661
1.17543
1.29817
1.19716
1.05128
1.44503
1.7097
1.14803
1.56791
1.30248
1.49954
1.04512
1
1.04931
1.60657
1.5103
1.49381
1.5238
1.23109
1.43033
1.71102
1.2666
1.42975
1.18061
1.31358
1.23924
1.84444
2.00267
1.4637
1.65424
1.68903
1.60096
1.8048
1.42647
1.10591
1
1.06633
1.04921
1
1.57951
1.49478
1
1.22078
1.19477
1.16084
1.71351
1.17751
1.71257
1.25157
1.61513
1.27179
1.2087
1
1.09109
1.60533
1.2067
1.21577
1.36498
1.42905
1
1.24082
1
1.23595
1.31192
1.13055
1.01385
1.46104
2.05202
1.04898
1.14288
1.51517
1.26452
1.04839
1.13227
1
1.47296
1.68235
1.41464
1
1.22014
1.11874
1.42408
1.19126
1.62704
1.51274
1.35397
1.52131
1.27383
1.31612
1.70867
1.57908
1.14337
1.66391
1.14722
1.09802
1.49681
1.09545
1.65294
1.33838
2.0585
1.82227
1.9112
1.03773
1.76539
1.13714
1.314
1
1.27476
1.68883
1.04512
1
1.08308
1.09308
1.42462
1.54555
1.11774
1.26723
1.38564
1.21742
1
1.64694
1.46798
1.09236
1.12141
1.12446
1
1
1
1.47517
1.60638
1.14296
2.03833
1.57625
1.14531
1.44191
1.90136
1.12499
1.8546
1.26819
1.16
1.21884
1.23718
1.40064
1.48564
1.33751
1
1.64264
1.66148
1.39641
1.04915
1.07335
1.30439
1.13653
1.36856
1.45665
1.09148
1.07374
1.68504
1.34662
1.09824
1.71002
1.72383
1
1.19754
1.52215
1
1.6017
1.09806
1.43597
1.28308
1.07823
1.13979
1
1.48953
1.31511
1.33002
1.51466
1.36502
1.80704
1.43117
1.69896
1.3142
1
1.14292
1
1
1.64177
1.61589
1.04322
1.21317
1
1.24133
1.10724
1.25622
1.40159
1.46063
1.0737
1
1
1.12086
1.04836
1.85869
1.16328
1.26308
1.32941
1.45162
1.37232
1.73226
1.17291
1.47173
1.05208
1.04768
1
1.2816
1.57806
1.14241
1.30643
1.28483
1.21577
1.04221
1.21299
1.1499
1.34726
1.51305
1.38725
1.32084
1.33067
1.93561
1.58038
1.32349
1.70031
1.72257
1
1.70759
1.02946
1.53851
1.36356
1.42644
1.38586
1.04965
1
1.13311
1
2.08459
2.00363
1
1.36337
1.20464
1.61534
1.40543
1.3087
1.18435
1.91154
1.40705
1.12857
1.63013
1.57185
1.7387
1.1589
1
1.29532
1.20672
1.63289
1.42742
1.3483
1.36022
1.23721
1.1868
1.14304
1.41489
1.28917
1
1.08635
1.39999
1.2748
1.09293
1.09246
1.59866
1.12893
1.75021
1.07646
1.40837
1.12086
1.18752
1
1.04396
1.7345
1.46564
1.19029
1.13544
1.52537
1.73656
1.47829
1.04944
1.08349
1.04512
1
1.43379
1.52154
1
1.23022
1
1.08634
1.68983
1.60843
1.17406
1.04931
1.14389
1
1.41769
1.25106
1.71197
1.27183
1
1.13568
1
1.36014
1.04512
1.42941
1.13195
1.24464
1.09047
1.67545
1.79887
1.2298
1.62809
1.13074
1
1.30341
1.09017
1.11935
1.19088
1.246
1
1.54915
1.33277
1.44437
1.68916
1
1.33045
1.72892
1.40686
1.0494
1
1.58961
1.5854
1.65935
1.23385
1.54341
2.07915
1.30053
1.04871
1.0464
1.2536
1.18556
1.66177
1.33497
1.3639
1.28416
1.3083
1.09722
1.35801
1.27315
1.13501
1.51641
1.44279
1.11039
1.06121
1.61645
1.67991
1.07512
1.14038
1.16695
1.29082
1.82006
1.07972
1.24789
1.33634
1.32257
1.06232
1.25815
1.33761
1.61496
1.45771
1.32517
1.26285
1.83351
1.82724
1.30431
1
1.56494
1
1
1.73552
1.75549
1.42266
1.44071
1.34965
1.45319
1
1.40886
1
1.54912
2.10602
1.48083
1.06768
1.4987
1.24686
1.04898
1.38615
1.58278
1.29351
1.30494
1.45057
1.04636
1.48699
1
1.09354
1.56132
1.25956
1.13197
1.5955
1.10573
1.09717
1.38546
1
1
1.20352
1
1
1.14809
1.22225
1.44107
1.31602
1.32455
1.30858
1.23558
1.18063
1.62248
1.15825
1.6337
1.72136
1
1
1.46701
1.33385
1.35929
1.77772
1.55479
1
1.64759
1
1.16658
1.61723
1.16567
1.5761
1.56205
1.18789
1.17685
1.59187
1.57967
1.53228
1.52125
1.45969
1.18351
1
1.04322
1.62049
1.22288
1.27999
1.38839
1.53952
1
1.04123
1.73053
1.47681
1.30777
1.42855
1.13068
1.56539
1
1.0749
1
1.46833
1.68265
1
1.66983
1.74561
1.25417
1.1359
1.42021
1
1
1.07061
1.64563
1.1418
1.18454
1.6184
1.10073
1.75175
1.09438
1.65105
1.08089
1.32299
1.16369
1.23908
1
1.38724
1.77969
1.37653
1.30218
1.51754
1.32796
1.64956
1
1.07279
1.21988
1.08675
1.4692
1.28869
1.08691
1.24033
1.46531
1.70127
1.27476
1.08605
1.72536
1.14399
1.32344
1.30819
1.61795
1.31367
1.41205
1.30128
1.46312
1.62264
1.38561
1.14162
1.41992
1.21651
1.52307
1.17848
1.66638
1.35638
1.49396
1.73211
1.73213
1.17144
1.33198
1.40744
1.35866
1.3956
1.24212
1.54663
1
1.1375
1.42256
1.28907
1
1
1.27742
1.32595
1.1819
1.40023
1.47834
1.33744
1
1.51965
1.4232
1.31317
1.30661
1.51971
1.53173
1.13867
1.41538
1.77776
1.28162
1.28792
1.20948
1.30223
1.21637
1.24756
1.17634
1.04991
1.16654
1.56124
1.61022
1.62443
1
1.34479
1.33409
1.616
1.18165
1
1.10832
1.26488
1.40426
1.46814
1.32166
1
1.54405
1.39732
1.13253
1.38744
1.09206
1.21351
1.39398
1.14094
1.3442
1.10145
1.19507
1.48014
1.08493
1.45495
1.50448
1.49851
1.33703
1.65878
1.50509
1.75003
1.11458
1.6112
1.26072
1.04512
1.09536
1.30124
1.54774
1.32068
1.47035
1.48047
1.20752
1.57776
1.38317
1.63855
1.40684
1.37999
1.04886
1.23331
1.20565
1.22187
1
1.27981
1.04396
1.26617
1.69875
1.53193
1.29822
1.07201
1.43546
1.41662
1.09349
1.25962
1
1.85915
1.31253
1.35713
1.32513
1.18436
1
1.46214
1.79192
1.69551
1.32397
1
1.14572
1.5589
1.70695
1.20452
1.2445
1.41831
1
1.17619
1.60924
1.34974
1.61457
1
1.46824
1.63217
1
1.53335
1
1.17474
1.04322
1
1.29045
1.19221
1
1.21669
2.02236
1.01883
1.40319
1.09361
1
1.54898
1.63914
1.16631
1
1.4486
1.50352
1
1.12864
1.65401
1.07935
1.16703
1.04512
1.52283
1.24465
1.57911
1.27323
1.04918
1
1.37594
1.04944
1.38237
1.46513
1
1
1.13778
1.21189
1.42361
1.09969
1.1813
1.68848
1.04952
1.13811
1.01443
1.08001
1.5144
1.19118
1.35317
1.23212
1.79247
1.04846
1
1.59051
1.43442
1.82966
1.30153
1.22609
1.36247
1.17846
1.04726
1.35865
1
1.65826
1.64973
1.18789
1.25051
1.15146
1.72596
1
1.61869
1.39117
1.39592
1.50013
1.51003
1.58056
1.64577
1.51101
1.38432
1.69601
1.84963
1.0866
1.4998
1
1.44429
1.25655
1.38426
1.48734
1.04898
1.04898
1.48018
1.18334
1
1.2629
1.55964
1
1.26753
1.12252
1.18756
1.54192
1.29458
1.19998
1.28207
1.04993
1.09621
1.61757
1.04149
1.04967
1
1.17339
1.19473
1.52275
1.04462
1.15214
1.04762
1
1
1.18874
1.72496
1.20651
1.5997
1.42784
1.25997
1.37111
1.31893
1.60974
1.14801
1.09011
1.33756
1.02515
1.45126
1.04768
1.27065
1.37272
1.57296
1.36903
1
1.46966
1.04991
1.73252
1.04776
1.75527
1.25499
1.51712
1.09218
1.23679
1.14957
1.90498
1.02946
1.04838
1
1.13993
1.46911
1.67913
1.13496
1.22036
1.7017
1.29866
1.52885
1
1.07336
1.15372
1.04512
1.6112
1.52717
1.31173
1.22397
1.25351
1.4383
1.37593
1.59484
1.27703
1.32004
1.13133
1
1.51353
1.40353
1.16379
1.04839
1.38472
1.21677
1.35618
1.89528
1.42092
1.04396
1.30155
1.03229
1.51749
1.33082
1.38089
1.14111
1.19749
1.4177
1.14414
1.07758
1.03445
1.24159
1.36819
1.09605
1.049
1
2.06299
1.46041
1.15438
1
1.09335
1.2641
1.69074
1.08501
1.7419
1.38646
1.13639
1.03736
1.06267
1.11594
1
1
1
1.25861
1.33696
1.40946
1.7282
1
1
1.22465
1.50439
1.44184
1.56133
1.19276
1.08304
1.50643
1.11439
1.60027
1.04828
1.04065
1
1.69457
1.22949
1.03908
1.17304
1.35861
1.19779
1
1.20634
1
1.4627
1.03339
1.51434
1.29122
1.35959
1.0757
1.13795
1.87306
1.15087
1.05028
1.09093
1.30583
1.37364
1.39353
1.38294
1
1.04993
1.47539
1.01914
1.34515
1.11788
1.35268
1.09215
1.53236
1.30584
1
1.06809
1.154
1.64907
1.07587
1.50481
1
1.14316
1.04396
1
1.23513
1.31891
1
1.40816
1.04512
1
1.04322
1.10813
1.07927
1.43494
1.25768
1.1713
1
1.12457
1.12984
1.09678
1.04396
1.35739
1.25147
1
1.13731
1.09087
1
1.29539
1.03689
1.61045
1.59431
1.90387
1.09328
1.50393
1.33363
1.77827
1
1.25311
1.34069
1.33546
1.08157
1.59101
1
1.28437
1.17989
1.39388
1.08502
1.04696
1.50061
1.04322
1.36602
1.36689
1.28115
1.04991
1.04221
1
1
1.08733
1.53505
1.14188
1.18369
1.13634
1.27039
1.04512
1.3628
1.34245
1.43443
1.17856
1.1931
1
1.62514
1.13938
1.16917
1
1.34182
1.14593
1.2812
1.28605
1
1.15746
1.28187
1.21759
1.51313
1
1
1
1.46235
1.19303
1
1.14162
1.07818
1.36458
1.02382
1.19742
1.48207
1.17278
1.04923
1.09829
1.5189
1
1.37801
1
1.15646
1.51755
1.13501
1.47374
1.51665
1.09061
1.04848
1.12549
1.20658
1.14765
1.41784
1.45039
1.18257
1.70442
1.59833
1.18504
1.25367
1.637
1.29389
1.46282
1.09815
1.65669
1.54967
1.25201
1.28001
1
1.19766
1.14938
1.21872
1
1.20744
1.57231
1
1.23762
1.38813
1.35565
1.69828
1.42566
1.06634
1.20187
1.47081
1.04809
1.52694
1
1.41211
1
1.42176
1.42594
1.5082
1.35074
1.57571
1.51271
1
1.07485
1.56759
1.17343
1.24965
1.39562
1.33303
1.34177
1.53991
1.31533
1.14008
1
1.2382
1.2412
1.19646
1.16779
1.15596
1.04952
1.14819
1.17203
1.17121
1
1.33222
1.09483
1.09458
1
1.05248
1.39398
1.66428
1.10214
1.60311
1.28519
1.30648
1.46461
1.35764
1
1
1.3267
1.35886
1.19188
1.17049
1.31302
1.1168
1.02515
1.22154
1.3605
1.35735
1
1.09089
1
1.51551
1.43753
1.27893
1
1.13643
1.46044
1.14645
1.04953
1.09743
1
1.21749
1.08556
1.4451
1.09383
1.37338
1.04322
1.39514
1.03339
1
1.18313
1.47772
1.49075
1.1048
1.47629
1.26078
1.04917
1.04972
1
1
1.06913
1.07132
1.04936
1
1
1.1811
1
1.38973
1.81347
1.19259
1.03339
1.12782
1.09306
1.19172
1.23134
1.04952
1.50322
1.35662
1.43903
1.53289
1
1.34993
1
1.22296
1.03736
1
1.39585
1.39624
1.26487
1.09503
1.23819
1.18582
1.24723
1.09709
1
1.14078
1.07215
1.23991
1.04957
1.16786
1.37713
1.30261
1
1.21381
1.3772
1
1.04875
1.156
1.46994
1
1.34608
1.26173
1.26901
1
1.21584
1.40287
1.25628
1.12787
1.31574
1.12265
1
1.09806
1.2398
1.14549
1.13957
1
1.36973
1.36875
1.30208
1.17924
1
1.38143
1.38215
1.9236
1.26091
1
1.18233
1.04462
1.28818
1.23339
1.12195
1.28232
1.34836
1.24679
1.5738
1.33007
1
1.42426
1.08197
1
1
1.07509
1.20619
1.59056
1
1.14057
1.16717
1.38425
1.25888
1
1.34521
1
1.36319
1.14263
1.41856
1.26358
1.33438
1.66571
1.39975
1.41958
1.33612
1.48274
1.16258
1.09499
1.09263
1.12768
1.60104
1.18547
1.11498
1.03445
1.31817
1.04898
1.16689
1.04838
1.36395
1.3623
1.02946
1.25936
1.04949
1.15407
1.39691
1.09867
1
1.41418
1
1.08113
1.49067
1
1.04872
1.17427
1.24023
1.21908
1.32491
1.04967
1.38123
1.27664
1
1.44172
1.35469
1.47462
1.04898
1.03913
1
1.1844
1.29006
1
1.39042
1.17932
1.01769
1
1.12574
1.61551
1
1.22223
1.52042
1.27279
1.41399
1.5963
1.31726
1.1746
1.59944
1.38076
1.08639
1.02382
1
1.09733
1.17705
1.22807
1
1.18564
1.21819
1
1.12817
1.06119
1
1.60011
1.26751
1
1.41035
1.09335
1.44918
1.04042
1.04978
1.29734
1.04901
1.35291
1.06233
1.29813
1.72695
1.09361
1.30256
1.32478
1
1.43139
1
1.64199
1.30549
1
1.59916
1.43201
1
1.14006
1.18284
1.06355
1.69556
1
1.47441
1
1
1.62917
1.34022
1.38284
1.35455
1
1.47975
1.20426
1
1.20344
1.42455
1
1.1254
1.23592
1.65928
1.14548
1.30936
1
1
1.12468
1.07765
1.59453
1.14522
1.04931
1.14395
1
1.22616
1.24119
1.15997
1.16917
1.74522
1.06427
1.2584
1.57785
1.20196
1.09335
1.49744
1.31811
1.2648
1.2716
1.16261
1.17982
1.44768
1
1.16399
1.18637
1.81647
1.53214
1
1.25893
1
1.40152
1.04918
1.35169
1.21518
1.44958
1.34943
1.28026
1.65488
1.41079
1.54911
1.49436
1.52472
1
1.02382
1.81995
1.07663
1.31576
1.44651
1.14364
1.3412
1.47424
1.11346
1.12828
1.29699
1
1.09691
1.23317
1.12911
1.58861
1
1.25469
1
1.3519
1.04967
1.17197
1
1.04565
1.25637
1.40971
1
1.54643
1.04972
1.14161
1.24583
1.56286
1.07607
1.23054
1.1844
1.32882
1.14368
1.4278
1.40378
1.36866
1.28008
1.22821
1.26066
1.48067
1.27527
1.28445
1.1529
1.99325
1.6263
1.60423
1.09348
1.13475
1.32333
1.32644
1.60427
1.18428
1.38952
1.55961
1.30139
1.4338
1.27626
1
1.04943
1.08747
1.2835
1.50194
1.08039
1.51212
1.04135
1.13929
1.3956
1.04915
1.45033
1.18205
1.21164
1.26126
1.17893
1
1.36323
1.31789
1.2216
1.22528
1.18223
1.10041
1
1.09264
1.03445
1.3924
1.25978
1.59134
1.1771
1.30406
1.20325
1.37824
1.04918
1.53492
1.69422
1
1.08977
1.20742
1.12164
1.50255
1.23984
1.259
1.46396
1.00329
1.04213
1.11049
1
1.04818
1.45201
1
1.35322
1.38223
1.29997
1
1
1.09375
1
1.54694
1.40434
1.21196
1.43525
1.29449
1.09694
1.18969
1.08547
1.3238
1.12133
1.04726
1.13398
1.2138
1.40222
1.20561
1.32354
1.56002
1.13638
1
1.33105
1.08939
1.43967
1
1.31576
1.40683
1.04532
1.18063
1
1
1.4052
1.5815
1.7282
1.52431
1.43681
1.04952
1
1.57799
1.04254
1.38058
1.04987
1.0933
1.33733
1.14819
1.04898
1.24968
1.20355
1.89755
1.58422
1.14014
1.19739
1
1
1
1
1.33577
1.59879
1.30728
1.41453
1.29042
1.29797
1.1245
1.09475
1
1.04909
1.42894
1.08322
1.41405
1.41432
1.25616
1.39813
1.39445
1.15465
1.62665
1
1
1.30788
1.45216
1.04983
1.38022
1.19145
1.14412
1
1.04123
1.33578
1.03445
1.43283
1.21483
1.09603
1
1.53282
1.35221
1.09494
1.38098
1.55433
1.21457
1.47153
1.39447
1.27395
1.30511
1
1
1
1.09745
1.33982
1.6325
1.04947
1
1.64377
1.02765
1.63403
1.38241
1.03145
1
1.1474
1
1.27595
1.52814
1.3121
1.05819
1.14383
1.50089
1.26373
1.11478
1.43419
1.0499
1
1.16924
1.41639
1.04965
1
1.37394
1
1.47045
1.31156
1
1.02382
1.21566
1.07893
1
1
1.16053
1.1194
1.26388
1.2381
1.33254
1
1.3676
1
1.35668
1.14166
1.79758
1.19155
1.26603
1.22839
1.30306
1.10277
1.15007
1.14326
1.13607
1.71314
1.08881
1
1.04322
1
1.02701
1
1.04952
1.76269
1.3525
1
1.10532
1.16293
1.41789
1.14708
1.49575
1.19041
1.12297
1.44308
1.61591
1.62574
1.48683
1.11963
1.42517
1.12411
1
1.10037
1.24624
1.12565
1.42474
1.12775
1.43744
1.19396
1
1.14329
1.23778
1.27705
1.20724
1.27378
1.14317
1.63592
1.20833
1.10864
1.04686
1.16866
2.03378
1.43147
1.27717
1.03369
1.2639
1
1.39202
1.21204
1.45326
1.07152
1.2471
1.16455
1.06403
1.38073
1.6532
1.1041
1.13697
1.17715
1.44111
1.2912
1.35258
1
1.61154
1.71558
1.28013
1.23055
1
1.32349
1
1.09199
1.52976
1.26524
1
1.09994
1.0989
1
1.02946
1.21155
1
1
1.4832
1.42507
1.11404
2.00785
1.46095
1.43237
1.3712
1.05378
1.04983
1.31023
1.21604
1.71048
1.27621
1.42058
1.34176
1.08928
1.31397
1.4733
1
1.561
1.30363
1.10663
1.20857
1.14318
1
1.16805
1.04952
1.20368
1.25819
1.21913
1
1.32416
1
1
1
1.66998
1
1.12216
1.14547
1
1.38027
1.27651
1.54704
1.32306
1.0007
1.64454
1.22446
1.45904
1.44508
1.38633
1.18651
1.17918
1.16569
1.47561
1.28213
1.26824
1.69854
1.47648
1.56379
1.07916
1.04869
1.2299
1.21583
1.39394
1.14688
1.2099
1.26798
1.1727
1
1.55311
1.31232
1.50102
1.31115
1.209
1.23501
1.17953
1
1.55387
1.38312
