10.0663
9.49497
4.52166
7.81447
10.6109
3.9067
9.07672
13.2208
11.3343
8.77823
13.69
11.9439
9.86776
10.3795
8.85691
9.73303
8.50887
12.5222
15.1723
11.9353
9.86605
11.8633
7.29929
11.1466
8.74099
12.1946
10.932
10.3337
9.37109
9.26441
11.5981
12.4839
9.77963
9.55475
10.145
10.3395
10.842
5.55532
8.59649
12.568
11.27
6.74565
11.7623
8.09309
7.60955
11.4271
10.102
13.7935
10.0852
10.1384
13.8168
9.66257
7.41673
9.54829
12.3005
9.89495
8.09838
10.5867
9.43556
11.2073
11.5134
9.36987
14.2699
9.39558
14.5975
12.0151
9.79701
10.8845
17.5717
11.7967
9.25611
8.61844
12.1461
11.9089
8.90806
16.5634
7.73136
10.2584
9.56213
8.20019
9.21577
12.0351
11.2719
6.76706
9.92676
11.8925
7.59522
8.82496
11.887
10.3084
10.0968
12.3395
14.097
11.7081
13.8761
11.7215
11.0576
4.25519
4.62243
10.5194
14.3578
11.8064
11.9034
11.1251
10.2505
12.4303
12.885
10.6555
12.6783
9.98573
10.7952
10.112
13.5795
14.2012
11.0241
12.4851
15.4012
12.3401
15.1493
12.103
9.10972
10.0351
7.58748
8.69031
2.0392
12.1445
13.9427
6.12634
8.77937
9.61805
8.83595
15.3934
8.20099
14.048
11.9883
14.2171
6.19951
9.95581
7.92028
10.3438
13.6454
10.055
11.8932
12.8941
12.1231
6.06926
10.1344
10.1997
8.2336
11.5286
10.3493
7.05296
13.511
17.7839
7.49562
8.97008
14.1394
11.7206
9.8074
8.92738
9.09632
13.1724
14.4445
12.169
9.5082
10.2586
10.2271
12.4134
10.2389
13.2031
14.058
12.3408
14.0044
10.8101
11.3674
14.3887
12.3216
9.0473
14.3141
11.6663
10.6943
11.9631
7.18335
14.1618
11.3399
17.5117
14.5861
14.9278
7.91975
14.5071
9.45468
10.766
5.76707
11.6888
14.7147
8.18874
4.23567
8.40792
6.37564
11.7787
13.8615
8.24578
11.9611
10.2835
7.3088
7.89004
12.3645
12.2292
10.3004
11.0113
10.1457
6.56557
7.26317
11.0671
14.0202
14.348
9.78253
17.0839
13.6313
11.2628
12.1356
15.5033
5.92219
15.8089
11.8077
11.6182
9.37707
11.6134
12.172
11.9643
11.7252
9.55708
10.416
14.0547
9.86211
6.78812
6.22832
12.3742
10.6357
11.574
13.5464
10.9519
9.63083
14.646
12.1398
10.0646
14.3984
14.4095
9.67407
9.88036
12.9744
8.41436
12.3638
9.37182
11.7086
13.3191
10.1225
11.3061
8.32027
11.7554
10.4642
10.3098
14.3847
12.097
14.4087
11.9191
14.4231
9.09601
5.4929
11.8979
4.95561
1.55913
14.0096
12.2288
8.30586
10.3339
-0.0940299
12.1859
11.7086
11.4457
12.7451
14.9232
10.1677
6.4344
2.52331
10.472
10.7848
14.6702
11.8126
11.5469
9.80497
14.0173
10.2394
14.719
11.8977
14.3463
7.36622
10.7205
5.88197
10.3324
14.3415
11.4457
10.451
12.0308
10.1805
11.3728
10.5737
10.037
10.0043
12.6087
11.271
11.2143
11.6921
15.8619
12.6126
12.5974
15.7718
12.0601
8.10875
14.7979
8.02305
14.3087
13.7569
11.6963
11.8348
8.56416
8.72214
7.47716
8.75726
17.8466
15.9227
10.1404
11.1062
11.7724
12.7788
11.9535
11.3606
10.3791
14.6299
10.5206
10.3434
12.8994
12.2542
14.5685
10.1088
9.70971
9.84127
11.0271
14.2173
11.8534
12.5608
13.1091
12.9281
10.3435
10.2807
10.4976
11.1372
11.9118
11.7445
14.4042
9.27093
11.9864
9.9777
13.9989
11.6325
14.4389
12.1972
12.0583
10.6689
8.87733
7.78729
8.96341
13.7786
12.2242
11.3371
9.93536
14.1714
13.2271
13.4434
9.94368
9.9399
7.62221
6.5429
12.0443
12.4219
4.59675
8.6348
6.97169
8.81314
13.3178
13.7479
10.5254
7.19103
9.89345
7.88759
14.1168
11.4401
14.2978
9.21118
6.00711
11.3322
8.21573
13.431
7.84832
11.7225
11.0621
12.0801
10.6248
14.2578
17.1386
9.45258
14.0322
8.74394
8.18568
11.27
10.1079
10.272
9.06476
11.6
8.99296
12.2041
10.1126
12.7796
12.0394
7.61122
12.8899
14.2578
10.3478
12.0397
8.99411
14.3488
12.0485
14.825
10.2124
13.1729
17.6698
11.7185
10.5827
11.1456
10.8024
7.72604
13.3467
9.37806
12.1677
10.3157
11.0926
7.93082
12.4299
9.12419
9.06491
10.3132
11.5862
11.0993
7.77595
12.4967
14.4112
9.41043
10.2984
10.3365
10.3787
15.3736
5.30189
10.2711
11.1584
8.79379
4.342
6.54906
10.8639
14.3744
11.9926
12.5031
8.2319
14.8698
15.4718
11.8293
6.91378
13.8578
8.13756
6.66807
14.8516
13.5321
13.8098
13.7187
12.0067
12.5839
-0.0917342
12.8081
5.95594
13.5974
17.7956
12.6017
7.11322
13.3037
11.6556
4.0805
12.0705
16.3026
10.6069
12.7112
12.2708
10.2708
11.6781
2.73412
10.2364
11.8496
12.9556
9.321
13.1059
8.16003
7.352
12.2181
8.3369
8.14668
12.0428
7.17325
9.30855
6.9345
8.70795
10.4258
11.7237
10.523
11.854
11.563
8.66521
14.2713
12.0252
13.8314
14.3017
7.57245
5.87112
13.9767
12.0392
11.2676
15.0615
11.6551
7.72803
13.6321
7.09865
11.5228
13.4191
8.96579
13.6042
14.1015
11.5648
11.645
14.0203
14.4715
13.7559
12.4218
10.6735
10.6698
11.0963
10.3007
13.6222
9.11916
11.5413
11.2881
15.1326
8.47791
10.1536
13.7835
11.8971
11.2772
11.4957
10.5161
12.2838
4.70964
10.8686
8.3804
12.7952
14.425
5.28431
14.3174
14.6556
12.5196
8.96911
11.9843
6.91494
7.3415
9.60194
14.1468
7.76988
10.5645
12.9429
12.0414
14.0918
10.2674
13.7547
11.466
12.3271
6.59884
11.7934
9.10787
13.6859
14.4371
8.89123
12.4009
11.9411
11.7851
13.8923
9.10349
8.61728
10.4025
8.23043
11.2315
10.5826
11.1467
12.1092
14.264
14.334
9.7087
8.86667
13.8903
12.4024
11.9518
12.1414
13.4516
10.2068
12.0763
13.027
13.6421
12.9184
9.86396
11.6409
14.2247
10.727
12.2361
11.0326
14.5072
10.8839
13.2306
14.2023
14.3568
10.539
11.9265
11.4886
11.7064
13.6346
8.86085
13.9657
8.83335
8.99654
12.4379
12.0927
6.43638
5.45083
12.0885
11.7948
11.9591
9.82273
12.4014
10.3348
8.24409
11.57
13.5789
10.6459
11.6816
13.8161
13.909
6.63604
13.3219
13.3918
10.2711
12.8338
11.8909
12.3065
11.8272
13.0973
11.2447
4.45667
8.71759
14.3384
11.4297
12.0418
7.03355
11.645
10.3395
12.4408
7.77584
7.04823
9.24981
11.5927
10.314
14.3704
13.6068
4.80641
12.0723
15.1842
9.90583
11.0333
7.70353
11.9536
12.188
11.2706
13.4695
9.90247
11.8991
12.0252
7.62664
14.052
12.1188
14.1702
10.7465
12.7918
10.575
15.72
8.71038
14.507
10.4565
10.2932
12.2152
11.3406
13.9218
11.8823
12.0834
11.9114
9.83557
14.2486
10.0901
13.3812
12.55
10.3393
8.76586
9.96011
9.23206
12.1742
5.96353
12.679
3.31565
10.3953
14.0998
13.5473
12.0746
7.8651
12.3039
14.2108
10.7332
10.3926
6.70667
16.8906
11.9728
12.3002
11.8582
10.8687
6.68536
13.8171
14.6237
14.4447
13.1171
8.484
9.83979
11.3512
14.0745
11.7152
10.3174
11.9375
9.9311
9.86665
14.3321
11.3192
13.5166
7.33596
11.533
12.8934
10.3354
11.7132
7.38733
10.926
5.30287
7.63917
12.6174
10.3517
9.02681
10.244
14.8385
11.1432
12.4118
8.18949
3.81511
11.9739
12.3045
9.17852
3.62492
12.2905
11.952
8.69788
7.39165
14.0116
9.09534
10.6812
8.26927
12.677
11.4717
10.6637
11.7653
9.07975
7.44639
12.087
7.34654
11.7812
14.0241
10.2093
10.9283
10.0595
11.829
13.9211
9.85746
8.12817
16.4735
8.81197
9.94763
7.25625
5.30294
11.5623
12.6666
10.4157
12.3824
14.1462
8.85264
8.79334
14.2963
12.2622
15.2609
10.2632
9.16715
9.37785
9.18131
9.04975
11.1097
6.46709
13.5141
12.4999
10.3987
11.7102
9.11497
14.4338
7.82659
11.7752
11.8875
10.2241
13.3232
11.7918
13.5276
13.7294
11.161
12.6097
14.3105
16.6039
9.2386
12.2755
6.27061
10.7899
9.31351
13.857
14.2509
0.89084
10.2982
12.7848
10.4595
-26.2716
11.4248
13.9045
3.64138
10.4003
9.58612
7.83871
12.5123
11.8255
10.7605
7.74199
7.60483
10.1122
14.9053
11.1051
7.85827
-54.1266
10.5166
8.26843
11.8914
9.21076
8.83801
9.03536
6.55029
9.14608
10.4166
14.3102
9.98403
12.3337
10.9501
11.7664
12.1669
10.9506
13.7684
8.82743
11.752
10.0176
9.72929
13.8264
6.91175
12.5863
10.3725
14.1238
11.9124
9.46982
14.0827
8.00744
12.1333
9.91848
14.3591
8.9538
11.4607
8.2623
10.2852
9.06229
15.4126
8.59474
4.93307
3.91808
12.8899
10.4662
14.3391
12.0022
10.1316
14.2505
11.6217
11.6339
9.05209
9.15538
8.88857
7.13271
13.3806
13.2043
12.0415
8.65191
10.5354
11.7761
11.7562
13.3904
13.0536
8.99944
11.409
8.67758
12.9919
8.97509
11.432
9.69374
12.0146
10.404
12.0281
16.9807
13.7385
10.9323
12.9703
11.9938
12.0317
11.2999
12.3793
11.212
11.8608
12.3644
9.7826
11.4586
11.3296
12.0049
12.3076
6.73616
11.4824
7.96779
14.4142
11.3044
10.3478
7.90621
9.2351
13.9477
14.4789
10.8604
15.9536
12.4911
10.4136
7.22348
11.174
9.98155
5.93698
9.22486
7.01388
10.5637
10.4247
12.0321
13.9881
7.28249
9.12056
12.3663
14.2374
11.9634
12.7602
10.5373
10.0067
12.105
11.8465
13.8948
9.40408
10.6603
6.41686
13.576
9.83869
11.7416
11.4848
9.09566
11.5177
8.90121
10.1975
10.7321
14.0139
8.56899
10.3831
10.3412
10.7304
6.80961
8.2195
16.1869
10.9271
8.17338
7.42909
12.0208
9.25873
11.1818
7.27466
7.34295
8.29229
12.2663
8.35487
10.4857
10.3538
10.3419
6.27229
10.5971
9.98764
7.36109
8.54433
8.84479
12.8761
9.35791
10.3051
6.21242
8.97102
9.32175
7.04255
10.0805
10.0536
4.9559
9.00248
4.57762
8.48194
2.43581
10.1971
9.87282
10.7087
10.0299
8.67632
3.2172
9.65777
10.0372
8.78898
7.38744
10.2735
11.4023
8.96977
11.3777
6.58776
6.63043
11.8423
9.30445
13.3203
11.725
12.8216
9.37272
11.7432
10.0461
15.2866
8.64904
8.43271
10.6666
11.405
10.0953
13.479
2.73024
11.0387
10.3691
9.80052
7.97747
8.4947
12.064
6.70987
12.1021
10.6149
10.8011
8.54095
9.05754
7.61679
4.9814
7.24535
12.0595
9.5939
9.5059
8.23597
12.5718
10.054
10.5498
12.1438
10.4191
9.18368
9.09687
-34.4976
14.1723
8.89595
11.6606
2.9721
11.982
9.04537
8.89348
9.39507
9.50654
8.84614
9.9891
11.7965
12.4225
6.50051
7.8828
9.49123
13.7654
11.4907
8.11901
7.45845
9.12431
11.4052
7.32479
10.6507
10.8507
11.3327
10.5713
7.51472
13.3261
8.83258
9.77553
7.20849
9.88986
13.523
8.74241
11.2468
11.9247
5.84238
10.2069
9.87999
9.5702
10.1028
11.703
13.7659
8.23504
14.2467
12.207
9.33875
9.94593
13.6262
8.84952
11.5329
7.22001
11.2929
13.9237
8.94917
10.5289
6.04091
8.9288
10.98
11.1739
8.72817
11.1861
12.2371
6.18574
8.67552
11.3551
13.3308
13.1248
11.9986
9.06936
4.64357
9.59532
8.77725
12.0186
6.38567
12.0165
8.00917
10.5523
12.258
12.0278
12.3215
13.3318
13.0244
8.40647
11.1932
12.6809
9.84117
7.61164
11.8528
10.3753
8.88756
12.2457
8.6681
9.98324
5.87623
9.67185
12.1125
10.6554
10.1084
9.99443
6.73012
10.3856
6.91542
8.0583
4.24435
8.88706
7.97214
10.2388
10.6911
9.83302
11.87
13.3623
7.59032
12.9947
8.78558
12.0983
11.8145
10.3418
6.43025
11.0094
9.35384
9.90104
10.1638
12.8447
10.2773
8.59142
9.16226
8.0877
11.7605
8.73933
5.7569
9.09017
8.19141
11.3692
11.3991
9.12789
9.06353
10.1368
9.76232
9.0633
9.52448
8.03209
8.99704
9.40294
9.95957
11.4764
4.20957
10.6057
5.32295
10.3811
7.63528
6.37946
7.33066
9.88291
12.823
8.42877
13.3929
9.09418
11.6102
6.37537
4.32424
7.71149
9.55098
10.1928
9.76998
5.51601
8.87284
13.0847
6.95261
12.3211
14.4726
9.52297
8.79333
11.5598
8.56268
9.17108
10.8329
5.13964
13.413
12.0732
11.1938
12.1254
4.90104
9.18853
7.89643
9.29927
8.97252
7.93523
10.0458
10.6869
10.4634
7.47741
10.7305
10.4266
8.1428
8.15727
6.24726
7.08284
10.1561
9.25696
8.40467
13.1488
11.5827
9.03432
9.06518
7.93177
10.4888
7.06955
8.1452
10.4484
13.8435
8.54236
10.4797
11.0088
10.2057
3.61895
8.12118
11.3844
7.46702
9.19408
11.6702
7.79565
8.14557
8.02345
11.8907
8.16671
9.36097
6.23013
9.32101
12.1052
12.1631
11.7907
5.9397
10.4291
11.3763
15.0406
11.9912
8.54759
7.92824
10.2632
10.883
7.54409
11.7176
10.1507
9.51672
9.98204
12.4854
9.71466
7.82618
12.0528
7.36415
8.61672
8.89809
7.68231
7.42377
14.1073
7.70051
8.6532
9.0321
11.6297
9.13844
9.17697
11.5782
9.51561
11.2141
9.33691
12.4201
9.45385
9.24516
9.44192
10.6487
12.335
11.755
13.2581
10.5328
10.0751
9.4226
8.96873
11.692
8.81515
9.72397
6.45115
7.77152
6.7798
10.3031
8.06996
11.6792
11.82
7.51521
11.7356
8.74418
10.2697
10.0721
10.5726
7.09276
9.31355
9.96196
6.35579
13.2463
7.21337
10.1595
11.72
12.108
9.62277
10.0603
4.84633
12.2637
8.4657
5.34084
10.6972
11.714
12.2415
10.6497
10.1285
6.75183
10.7828
10.7517
8.44258
10.3371
11.3682
5.56531
8.21707
8.77901
12.7028
4.02698
10.103
11.7889
8.16773
14.0225
11.3158
11.3763
8.17231
13.4593
10.7185
10.1829
7.27198
5.58726
9.06466
10.2867
6.70999
10.0548
10.1829
11.4127
9.163
10.1932
6.3827
10.3023
12.0821
8.1396
8.79164
12.3315
10.1743
11.2151
10.3197
8.11616
13.392
9.95542
8.6687
8.81072
9.03797
12.6367
8.73838
8.90464
10.6378
3.0101
11.0901
8.00162
12.3712
10.2855
7.87151
11.5535
11.2098
4.65508
10.2251
9.00192
9.07926
12.4687
8.95578
10.5679
8.36312
8.2409
14.4067
9.04333
10.7003
10.2115
7.67204
10.3579
11.117
7.50097
9.61622
12.4974
4.55824
10.4999
10.9042
13.2085
9.09074
9.66578
7.88912
8.7925
8.35407
10.1022
12.1435
11.0642
5.90194
9.14352
8.50356
13.3552
11.6841
9.0143
7.77869
13.8632
9.99409
11.3486
11.275
10.3134
7.72899
13.8572
11.3284
11.8646
8.37331
8.79104
10.3657
10.6802
7.47249
9.21844
7.11225
13.3584
13.2458
5.99352
11.6585
1.66788
12.7131
7.78501
9.05604
11.7521
11.8472
7.06799
7.10841
14.1288
12.8918
11.9543
10.589
9.97713
6.89294
8.26332
14.2164
8.79906
11.8465
12.4508
9.41871
11.2966
11.2987
9.18404
10.3236
11.6205
6.2577
8.1712
11.7874
10.3871
13.3488
7.56637
10.8642
6.54025
12.0171
5.13887
11.8215
7.48523
9.84159
8.21446
11.5401
8.53766
11.8147
8.17628
10.2639
9.27455
8.42746
8.40359
7.60922
10.5089
11.2716
7.43502
13.4963
12.0572
10.4522
10.2701
10.9842
9.44289
10.3295
11.3689
5.97753
10.4979
15.9868
12.0615
11.7659
10.0472
10.5911
12.2108
8.94748
12.4555
10.5479
12.1339
13.9084
11.6829
8.95792
7.09906
7.89143
4.52354
9.81646
11.0192
12.1001
9.20986
12.5212
9.01887
9.20729
10.0744
7.46875
11.3765
9.26681
9.80671
11.615
10.7878
7.5187
10.3524
11.9221
10.5308
12.5956
11.3531
7.88597
2.73789
7.2695
9.0384
12.5841
9.2928
13.0402
9.88432
11.6445
9.45009
11.7187
6.02859
11.335
12.1879
9.23673
7.00687
11.9613
8.36554
11.8298
8.36782
11.9583
10.5029
8.32629
10.1161
8.37547
7.0357
6.02143
12.1958
6.57286
12.6973
8.87779
11.9166
7.39625
8.13311
9.10026
7.62436
11.9385
12.0248
7.9924
12.3091
8.52327
10.3106
9.22819
9.55243
9.28547
9.0265
5.97276
6.5412
8.86968
11.2901
9.94081
12.0416
11.4701
8.27079
10.3354
11.0201
10.2006
10.5619
7.45323
11.7503
10.7658
10.0508
10.4358
6.07461
7.80351
13.4228
11.8374
14.1757
12.5056
10.7997
7.02368
6.44707
12.6347
8.93509
11.6858
7.82046
10.3319
10.5516
5.61328
9.61385
10.2627
9.91114
13.9194
14.0705
9.10343
9.3341
5.42513
4.51196
5.22595
4.79836
10.8846
13.0202
12.0612
10.7042
9.74506
10.6998
7.87651
9.17223
7.49849
6.91523
8.91018
9.62646
10.8615
10.6837
11.4241
10.305
11.9246
8.12117
14.2922
7.31704
-1.56178
10.6329
10.3104
9.81194
11.7807
7.3854
9.94615
7.39942
6.82874
12.2901
6.64697
11.2875
10.1081
9.06398
6.29878
11.9104
11.2767
10.2611
11.6109
13.7988
10.5125
13.5539
11.7974
11.1024
9.20588
6.563
7.43206
8.83252
4.48494
12.2065
12.7239
8.65354
0.74575
13.9729
9.732
12.0852
11.7683
9.41784
6.57784
6.09351
8.946
9.86459
10.6714
10.5876
8.85759
9.2088
11.327
10.0085
10.6706
13.1364
6.33977
8.98151
10.3381
9.56879
10.5652
5.21793
11.3274
10.0593
9.33506
10.7885
11.5677
9.31438
12.3195
8.00983
6.39905
8.97721
9.75067
9.38769
9.19134
9.92191
9.06134
9.00953
11.9801
7.56658
13.3109
5.66682
15.0506
11.7745
11.8722
10.2409
8.86982
6.38626
9.42442
10.0539
9.81909
12.3625
11.3061
8.04375
7.69768
4.36486
7.25898
8.70676
6.77615
15.1752
13.4221
5.82986
8.40328
8.14926
12.8695
7.94096
11.914
10.2139
10.6255
11.0596
11.9923
13.9773
9.65877
7.37304
11.3191
10.1439
5.83673
9.32598
9.65808
5.81526
12.0759
10.8588
11.9644
10.2719
4.05039
9.47962
11.4634
10.3735
11.4228
12.0624
10.3845
14.0797
11.2651
12.059
8.8299
9.41563
14.4845
12.9327
11.5009
7.33925
9.49001
8.52778
10.5875
8.00793
9.29333
8.58193
9.07726
8.61968
6.50706
11.5163
13.9381
7.97705
10.1762
8.0955
9.22617
10.5211
11.5344
9.0632
11.8033
15.1886
10.321
8.00894
11.2988
10.4345
4.89241
10.2713
12.1392
10.9117
8.40526
9.54972
8.86743
4.25615
9.63455
13.0249
7.46112
7.04248
11.4012
9.39695
5.05194
15.1423
10.534
10.3828
11.9307
7.86426
8.02505
11.6415
9.0644
14.0474
9.16893
12.8311
12.0047
8.28324
11.3352
12.1619
8.73659
12.5014
10.7642
9.21048
11.3835
7.47477
10.4267
12.8694
6.35357
10.2274
9.22554
8.22359
6.83143
10.5064
8.18088
9.9435
6.20366
14.4511
6.84379
10.2145
8.76428
10.2713
12.8581
7.29347
12.4468
9.47333
8.65219
14.374
8.75849
12.3264
10.4012
12.4258
9.66717
11.3961
10.1905
13.216
9.16692
12.3135
13.8334
11.9128
12.6201
6.52935
8.73501
10.7879
9.96827
12.2153
9.04595
10.9166
11.5954
8.3992
7.69621
12.1384
11.887
11.6007
7.37041
10.1787
10.2697
8.21413
3.6607
11.2691
10.401
