0.0400982
0.333855
0.127149
-0.273324
0.101831
-1.32008
-0.963179
0.592497
0.452392
0.40234
-0.282068
-0.272382
-1.32888
0.152051
-0.126545
0.10741
0.196318
-0.638382
-0.444391
-0.802227
0.379131
-0.448843
0.279033
0.601974
0.22757
0.539276
-0.0435368
-0.793632
-1.61151
0.160924
-1.78442
-0.0144184
-0.277202
-0.0279747
0.0304724
0.193924
-0.126496
0.305823
0.317684
0.61282
-0.281954
0.546468
-0.904205
0.371849
0.276507
-0.24463
-0.00364722
-0.924035
0.381465
0.58918
-0.607211
0.11503
-0.0776524
-0.194826
0.321094
-0.542193
0.314756
-0.0510187
-0.207245
-0.803893
-0.121168
-0.518989
-1.27184
0.538788
0.820422
-0.131186
-0.198705
0.456552
-0.445839
0.281216
0.446363
-0.8398
0.553402
-0.291309
-0.712657
0.336349
-0.389523
0.356156
-0.629841
-0.0276668
-0.00398065
0.204378
0.718928
-0.0602246
0.101481
-0.972544
0.170597
-0.463887
0.0365212
-0.113794
-0.293515
0.275788
-0.755413
0.305756
0.692752
-0.0713139
0.67104
-0.334046
-0.16348
0.100104
-0.875208
0.826566
0.623404
0.845436
-0.148684
0.143843
0.558787
0.452324
-0.416344
0.0863342
-2.15387
0.0912022
0.207275
0.413909
0.538822
0.824272
-0.499175
0.236349
0.19861
0.247656
-0.270615
-0.0124123
0.209833
0.365161
-1.38342
0.502307
0.436806
-0.429617
-0.0223359
0.211737
0.169801
0.419868
0.704654
0.745909
-0.504169
-0.717621
0.930782
0.459035
-3.4927
-2.01193
-0.575391
0.345711
-0.175986
-0.304749
-0.426593
-1.15757
0.574793
-0.353254
0.732197
0.583932
-0.305703
-0.553469
0.43727
-0.298197
0.128805
0.487572
0.786241
0.387196
-0.142187
-0.289551
-0.568788
0.595866
0.69034
-0.39878
-0.425354
-0.267073
-1.03055
-1.14267
-0.166124
0.327339
0.198589
-1.61411
0.60601
0.317677
-0.0415393
0.543626
0.423941
-0.436025
0.24244
-1.07941
0.662707
0.280101
0.1339
0.0791494
-0.487226
0.427612
0.444124
0.621568
0.206093
0.334048
-0.716215
0.0609856
0.0210815
0.289276
-0.568599
0.347661
-0.172467
-0.0279178
-0.577467
-0.91306
0.265921
0.525014
0.485329
0.388127
0.496652
-0.0330437
0.648265
0.127936
0.595004
0.133331
0.099991
0.372016
-1.01045
-0.314027
0.135524
0.326208
-0.849426
0.556856
-0.471558
-0.638037
-0.0373666
0.432909
0.259854
0.370054
0.287639
-0.112758
-1.2334
0.216985
0.654119
0.271895
-0.306947
-0.0618082
0.474327
0.640438
0.18504
0.48937
0.498803
-0.691326
0.27585
-0.672485
-0.523517
-1.74069
-0.0151725
0.368824
0.335646
-0.343505
0.347741
0.632039
-0.141547
0.548537
0.420876
0.261998
-0.649328
0.525634
-0.03104
-0.756894
0.225535
-0.400903
-0.0182179
0.307246
-0.481516
0.203634
0.789085
0.187903
0.61838
0.157314
0.883097
-0.590449
-2.93109
-1.26667
0.372695
-0.655187
0.667242
0.609539
-1.39323
0.237451
-0.0567628
-0.164751
0.637707
0.183766
0.509021
-1.11074
0.0901823
-0.0223692
-0.160927
0.146307
-1.11678
0.767092
-0.017173
-0.108246
0.00720534
0.0119036
0.841615
0.154408
0.0178438
-0.171891
-1.00073
-0.58075
0.522513
0.37254
-0.421099
0.275547
-0.576098
-0.633381
-1.09491
-0.93984
-0.464281
0.6793
0.42117
0.230649
-0.588695
-0.538419
-0.341982
0.671853
0.547993
0.542062
-1.09174
0.182805
-0.165297
0.566252
-1.04244
-0.152554
-0.916474
0.718544
-0.95301
0.336995
-0.509854
0.343288
0.0297885
0.754645
0.702334
-1.60094
0.0322449
0.263149
0.141599
0.0323607
0.08639
0.229257
0.415043
-0.34551
0.0769868
0.530784
0.471246
-0.167119
-0.245414
-2.89468
0.425616
0.493187
-0.817817
0.505192
-0.329011
0.0748539
-0.85814
-0.558436
0.137998
0.108156
-1.2337
-0.750874
0.0482812
0.0900985
0.408227
-1.33233
-0.614649
0.548195
-0.20913
0.563414
-1.16161
0.580013
-1.15853
0.111405
-0.469115
0.476743
0.75125
0.463335
-0.36812
-0.723882
-0.725509
0.238366
0.0729292
-2.51716
-0.476492
0.345698
-0.150167
0.886048
-0.251753
0.210113
-1.76686
0.0676486
-0.0631222
0.279799
0.257854
0.133873
-1.82483
0.0173492
-0.559654
0.0610642
-0.770713
0.438635
0.298881
-0.347251
-0.681623
-0.327121
-1.20596
0.0482665
0.466582
-0.217987
0.533682
-1.35954
0.610543
-0.0475845
-0.218981
0.24804
-0.103312
0.122794
-0.310905
-0.153582
0.307238
0.0696353
-0.24952
-0.105897
-0.637432
0.119698
0.0567573
0.618027
0.157713
0.12704
-0.721928
0.703072
0.0303826
-0.772179
-0.774238
0.959369
-0.00646883
0.114514
0.0481726
0.23558
0.679381
-0.127304
-0.543977
-0.591606
0.48179
0.074349
0.369752
-0.203387
0.0872321
0.129959
0.581461
0.46178
0.541628
0.416036
0.73945
-0.277939
-2.68649
0.629707
0.572118
-0.248897
0.160474
0.325738
0.526412
0.176512
0.332967
0.350096
0.00240751
0.467032
0.295728
0.261928
-0.0621947
-0.0375932
0.394793
-0.146259
-0.159612
0.616798
0.417951
-0.118808
-0.361655
-0.103374
0.335991
0.734349
-0.529059
0.0193087
0.767584
-0.485949
-1.65206
0.020106
-0.120598
-0.167216
0.259992
-1.85946
-0.749021
-0.455242
-2.04246
0.00884847
-0.010888
0.202745
0.265021
0.350754
0.437625
-0.349238
0.191088
0.732376
-0.996098
0.713372
-0.159466
-0.45347
0.84054
-2.18961
-0.607763
-0.172348
0.334863
0.563453
0.598463
-0.412153
0.373114
-1.48622
-1.29469
0.40186
-0.171864
0.355529
0.231922
-1.1507
0.280602
0.491418
-0.823484
-0.00607562
0.228187
-0.945287
0.810541
0.209185
-0.25561
0.158306
-0.0330693
0.44534
-0.329614
0.521558
0.575156
-0.571312
0.146177
-0.197201
-0.329184
0.201454
-0.194198
0.278196
-0.406089
-0.519292
-0.119521
0.692961
-0.810111
-0.253006
-0.773533
0.159871
-0.14477
-2.06685
0.140274
0.582169
0.461916
0.418075
0.0748776
-1.1957
-0.517825
0.0938029
0.363991
0.479812
0.419655
0.475244
0.175301
0.215288
0.0125315
0.022531
0.457524
0.602074
-0.370973
-0.419083
0.00846415
0.29902
0.302314
-0.669466
0.505976
-1.15348
0.125072
-0.993597
-0.0668231
0.0660466
-0.228366
0.235118
-0.059587
0.474158
0.46346
0.516742
-0.758839
-0.497512
-0.322734
-0.278609
-0.0960401
-0.0528993
0.476041
0.592516
-1.30122
0.38925
0.30962
-0.295262
-1.00604
0.167439
-0.0749069
0.212311
-0.0916946
0.324564
-0.448069
0.395567
0.00933128
0.168192
0.185946
-0.00212427
-0.56791
-0.593953
-0.436822
-0.644007
0.243726
0.16223
0.767248
0.422008
-2.12829
0.00190681
0.109849
-0.42143
-0.655036
-0.228653
0.311353
-0.0570984
0.263198
0.281518
0.459223
-0.220717
0.762453
-0.363286
0.214843
-0.407152
0.578995
-0.624495
-0.00880523
-1.65453
0.335679
0.457514
-1.19043
0.0770871
-1.48925
-0.158328
-1.35948
0.126121
0.369778
0.599745
-0.761393
0.796499
0.338646
0.336451
-0.714037
0.693205
-0.632299
0.116876
-1.41847
-0.400318
-0.197836
0.351215
0.579681
0.00729716
0.163338
-0.289395
0.300175
0.254649
0.429921
0.262783
0.14545
0.145298
0.30017
-0.11096
-0.579559
0.584227
0.13495
0.186732
0.767423
0.0878143
0.589921
-1.41529
0.181774
0.155468
0.475187
0.273983
-0.649425
-0.328572
0.610482
0.48213
0.934633
-0.618044
0.321487
-0.724748
-0.746499
-1.05405
0.38528
0.148087
0.0825868
-0.154803
0.396366
-0.191484
0.0250105
0.515853
0.544504
0.269691
-1.10554
-0.195424
0.470222
0.0632594
-0.320138
0.215703
-0.735562
-0.647223
-0.116271
0.454771
-0.0229712
-0.2694
-0.133969
0.681007
0.457944
-0.808731
-0.71443
-0.0312304
0.706506
-0.310062
0.198041
-1.03988
0.311242
-0.844537
0.599904
0.173343
-0.118593
0.57128
-0.00473273
0.278027
-0.36074
0.495156
0.309044
-0.15973
-0.0145179
0.790975
0.507505
0.0122485
-0.489594
-0.202358
0.811016
0.204431
0.00197207
-0.605784
-1.65228
0.408839
0.558065
-0.14159
-0.578436
0.684452
-2.22892
-0.0551584
-0.499934
-0.153058
0.489351
0.238904
-0.0343539
-0.0639259
-2.81186
-0.15872
-0.444401
-0.609072
-0.224951
0.501499
-0.597073
-0.0629364
-0.561069
0.194443
0.571257
-0.860566
-0.324533
-0.994345
-1.98041
0.480605
0.415548
-0.216747
-0.132196
-0.208881
0.589121
-0.19258
0.174377
0.336668
-2.13166
-0.215265
-0.144645
0.324387
0.13875
-0.218598
-0.142185
-0.629802
-0.84704
0.175956
-0.219867
-0.352767
-0.866941
-0.697529
-0.700409
-0.252851
-0.261936
-1.17536
0.407627
0.319408
-0.224611
-1.47827
-0.146235
-0.00602458
-0.0151781
0.547127
-1.79247
0.403124
-0.216278
0.609887
0.133294
-0.414563
-0.0632235
0.284149
-0.101725
0.422272
0.0410871
0.560304
0.641731
-0.247764
0.435513
0.40185
0.0425014
-0.020018
0.447892
0.160101
0.165544
-0.339941
-0.972092
-0.209634
-0.0641381
0.103095
0.11123
-0.169582
0.222249
0.362766
0.753001
-0.409372
-0.291412
-0.904339
0.378096
-1.42044
-0.105416
-0.0411995
-0.945291
-0.344141
-1.16723
-1.53246
0.197666
-0.338683
-0.623244
-0.0586751
0.283605
0.0691634
0.340923
-0.0605807
0.0622285
0.773721
0.355033
-1.091
-0.325136
0.0653415
0.404367
-0.342706
-0.907806
-0.654637
0.469893
-0.51954
0.178836
0.0421199
0.551924
-0.168887
-0.338948
0.100976
-0.0956316
-0.858188
0.0722674
-0.42264
-1.36623
0.40783
0.562882
0.181815
0.335469
0.378297
0.268698
0.105635
-0.650501
0.17864
0.30364
0.136565
0.208921
0.374883
0.165467
0.481725
-1.08964
-1.44926
-1.55081
-1.06466
0.585286
-1.44967
-0.483561
0.198373
0.207409
-0.653424
0.386979
0.387209
0.112337
-0.0126655
0.401146
-1.66662
-1.90634
-1.54104
0.281901
-0.741885
0.190211
0.29326
-0.115342
-0.168855
-0.815993
-1.15104
0.455238
-0.442818
-0.609144
0.439863
0.0673072
0.296386
0.178596
-0.128505
-0.846041
0.420714
-0.301409
0.252638
-0.527963
-0.158472
0.381231
0.859359
-1.97396
-0.305893
0.679545
-0.326981
-1.25091
0.443829
-0.772158
0.199945
0.41888
-0.726276
0.306482
0.099926
-0.974557
0.0275275
-0.209514
-0.247296
0.522496
-0.0263787
-1.15528
0.517741
-1.46793
0.377654
0.384316
0.43744
0.659553
0.363102
-1.71248
0.449668
-0.212017
-2.02552
0.287503
0.282475
-0.192395
0.308623
-0.167744
-0.0875712
-0.609882
-1.11943
0.147273
0.315308
0.13277
0.329612
0.550548
0.451233
0.25042
-0.402028
-0.35977
-1.68393
0.263527
0.428595
-0.00444337
-0.181355
0.399005
0.661884
0.290549
0.592649
-0.457864
0.258851
-0.253071
-0.578796
0.526728
0.174236
-1.60281
-0.0236281
-0.62198
-1.03197
0.142478
0.1391
0.401007
-1.16332
0.91338
0.186203
0.227072
0.423494
0.118977
-0.363964
-1.32338
-0.598808
0.168769
0.802001
0.804176
-0.0412693
0.691909
-0.733129
0.34964
0.569798
-0.100251
0.996477
-0.523424
0.491256
-0.315296
0.422237
-0.288209
0.178166
-1.10236
0.148471
0.326153
-0.823489
1.01634
0.278826
0.335872
0.709231
0.119847
-0.324449
0.133893
-0.352499
0.456346
0.0522386
-0.451092
0.0945361
-0.423925
0.474032
-0.419976
0.0161872
-0.131964
-0.146818
0.258374
-1.40078
0.708773
0.162531
0.493028
-0.278312
0.187548
-0.117312
0.316055
-2.32933
-0.639312
0.173576
-0.181898
-0.474365
0.450013
-0.508666
0.0349523
0.475218
0.0460294
-0.974434
0.189351
-0.589315
0.030126
-0.265188
0.334043
0.331221
0.110833
0.382415
0.213303
0.358917
-1.65374
-0.178061
-0.218158
0.690773
0.812901
0.53407
-0.111982
0.171473
-0.277601
-1.09813
0.240171
0.850545
-1.25546
0.412519
0.298088
0.436095
-0.791892
0.221992
-0.453362
0.449291
0.358074
0.11884
-1.95703
0.79033
0.48068
0.346219
0.450863
0.157254
-0.175435
0.320169
0.0936901
-0.254559
0.0667838
0.117893
-0.0851322
0.172207
-1.57392
0.254021
-1.28493
0.290492
0.229117
-0.947994
0.600172
-0.0455787
-0.0513971
-0.757741
0.25383
0.449975
0.278982
-1.63112
0.584603
-0.53619
0.23526
0.492858
0.213042
-0.210047
0.0913529
0.27154
-1.10502
0.0920189
0.302299
-0.156986
-0.752888
-1.27919
0.658571
-0.10428
0.181715
0.16021
-0.593688
0.137081
0.290286
0.22419
0.533484
0.355556
0.262971
0.148779
-0.117893
0.121269
-0.322618
0.310779
-0.375449
-0.0878235
0.37283
0.126857
-0.701287
0.0277496
0.558358
-0.11584
0.110695
0.563431
-0.306264
0.723452
-0.0753804
0.156283
-0.166293
-0.736974
-0.800031
0.78187
0.382633
0.419168
-0.933437
0.493517
0.509682
-0.49643
-0.544183
-0.2772
0.564501
-0.404031
-1.24967
0.508113
-0.52903
0.100859
0.265293
-0.0277259
-0.157033
0.73613
-0.321367
0.356442
0.294984
-0.580303
-0.81351
-1.48964
-0.253903
-0.0325848
0.0882172
0.190759
0.414889
0.16181
0.513327
0.012018
0.0952627
0.012981
-0.566725
-0.0462055
-0.305035
0.554177
-0.175602
-0.095252
0.333684
0.697191
0.35725
0.219641
-0.910461
-1.46626
0.276237
0.121355
-0.655918
-0.28337
-0.172573
0.182525
-3.03158
0.47513
0.260542
0.63082
0.28907
-0.363174
-0.322893
0.707765
0.0978425
0.293804
-1.26875
-0.106049
0.242387
-0.364331
-0.368088
-0.650476
-0.768934
0.405836
-1.62864
-0.0506306
0.559101
0.192356
-0.991878
-0.807562
0.163328
0.308335
0.176363
0.69845
-0.522373
0.0485116
0.0837966
0.32292
-1.33587
0.0352379
0.139701
0.107595
-1.35951
0.20831
-1.27254
-0.0270343
-0.0606153
-0.315482
-1.01749
-0.733726
0.388593
-0.499646
-0.0444478
-1.60632
-0.172126
-0.374233
-0.806196
0.350803
0.224154
0.0712704
0.525241
0.21245
0.306328
0.28713
-0.505367
0.00640004
0.60633
-0.415114
0.384306
0.267613
0.701056
0.728845
-0.108276
0.128858
0.267313
-0.262242
-0.816986
0.286507
-0.21593
0.502971
-0.182894
-0.735312
-0.190746
0.751305
-0.492703
0.0425814
0.26113
-0.28446
0.760548
0.403071
-0.0365931
-1.28515
-0.76653
0.384097
-0.507713
-0.855682
-0.238406
0.218813
-0.0164177
-0.32846
0.378144
-0.66329
0.287273
0.601494
-1.95494
0.455745
0.229522
0.333485
0.525403
0.0103125
-0.259949
-1.01118
0.26572
-0.0232716
-0.210818
0.501386
0.445148
-0.0926628
0.524053
-0.325713
0.0649433
0.514435
-0.151456
0.311187
0.359549
-0.214326
0.474115
0.533943
-0.81743
0.518804
-0.476452
-0.32916
-0.89044
-0.0345865
-0.35505
-0.013008
0.20416
0.413953
-0.0599019
-0.00621514
-0.475747
0.135062
0.390699
-0.727743
0.632715
0.522183
0.29463
-0.0978175
0.0749895
0.644142
0.436727
0.167132
0.363752
0.328728
-0.36829
-0.109534
-0.51693
-0.852853
0.624005
-0.0946193
-0.835365
-1.09781
0.142116
-0.186155
-0.806505
-1.44786
0.322761
-1.15845
-0.110365
-0.0502541
0.0756278
-0.0699139
0.634176
-0.916427
-0.317526
0.384121
-0.0476735
-0.579082
0.327663
-0.786163
0.0594852
-0.0674001
-0.232942
-0.0864776
0.296538
0.696205
0.0842324
-0.478813
0.314735
0.514776
-0.278379
0.0245082
-0.139107
-0.802532
0.378896
-0.11413
0.314783
-0.191688
-0.334434
-0.220923
0.498466
-1.09843
-0.0957246
-0.142865
-0.151382
-0.200446
0.619851
0.810602
0.601728
0.819059
0.0228781
-0.317616
0.785036
0.632924
-0.619195
-0.932635
-0.103788
-0.0215897
0.00334009
0.633272
0.32376
0.164378
0.119032
-0.226279
0.0566252
-1.15257
-0.321668
0.155331
0.469924
-0.33132
-0.0956078
0.422927
-0.197325
-0.658112
-0.964384
-0.520842
-0.0370651
0.293199
-1.26787
-0.108934
0.349663
0.0275334
0.175468
-0.0613293
-0.304137
0.101735
0.200627
0.312024
0.635265
-0.636359
0.597892
0.0392225
0.360649
0.179755
-0.380582
0.621466
0.589123
0.0117939
-0.510694
-1.93035
-0.782531
-0.138555
0.0800967
0.644244
0.0600418
0.604203
0.527146
-0.050319
0.406789
0.649201
0.386078
-0.249644
-0.590217
-0.115613
-0.14188
-0.0395165
0.64356
-0.851781
-0.0629453
-0.449273
0.36583
0.278929
0.170123
-0.703537
0.00761201
-0.153332
-0.218691
-0.324979
0.731156
0.247203
0.159144
-0.967554
0.293988
0.646074
-0.0403543
-0.157258
0.154668
-0.0147113
-0.804769
0.462338
-0.060143
0.648523
0.288829
0.262336
0.50315
0.286337
0.602554
-1.59842
0.434473
0.651661
-2.28392
-0.957129
-0.336146
0.639388
-0.218129
0.5201
0.566696
0.627548
0.448854
0.391383
0.385461
0.656874
0.459325
-0.771041
-0.381459
0.651368
0.295015
-0.166393
0.231372
0.453902
0.325242
-0.604286
0.231059
-0.0290406
-0.139209
0.168362
-0.92404
-0.370836
0.316338
0.232063
0.302784
-0.116509
-0.214127
-0.0151006
0.403749
-2.06738
0.407589
0.0278746
0.159992
0.0387575
0.285943
0.259836
-0.814825
0.268319
-0.218107
0.399037
0.388022
0.291994
0.024094
0.279687
-1.28588
-0.227151
0.234682
-0.118049
-0.453149
-0.277696
0.0251194
0.589833
-0.277728
0.484993
-1.15996
0.694626
0.458357
-0.068656
-0.216299
-0.124007
0.203968
0.32357
0.428227
-0.0385649
-0.0839152
0.566893
-1.9999
0.974455
0.5479
-1.31717
0.150541
-0.126474
0.67575
0.670468
-0.272093
0.369439
-0.405108
-0.102583
0.278493
-0.020555
0.176777
0.319484
0.323434
-0.121937
-0.075135
0.143105
0.495318
0.515343
-0.40408
-0.449384
-0.747028
-0.050341
0.416247
0.809617
-0.453445
-1.16944
0.253352
0.0553066
-0.574147
-0.105648
0.445901
-0.827253
-0.109635
0.319035
0.889061
-1.73833
-0.132209
0.00982024
0.445038
-0.328659
0.254524
-0.502012
0.4801
0.0602918
0.362307
0.660316
0.329619
0.580579
0.295153
-0.640663
-0.788392
0.60807
-0.428396
-0.334264
-0.603824
-0.0691197
-1.90848
0.172518
-0.628791
0.415916
-1.1168
-0.6736
-1.71267
0.423086
-0.533158
0.0453233
0.548056
-0.128954
0.320913
0.115216
-0.14583
0.226227
-0.688594
0.240657
0.569332
-1.02332
-0.165058
0.499926
0.679982
0.667742
-0.259992
0.32268
-0.879619
0.0756077
0.443407
-0.0096026
-0.175057
0.209664
-0.396093
0.139
-0.143175
-0.263675
0.383787
0.37907
0.18554
0.359746
0.378123
-0.0745524
0.58052
-0.267742
-0.00382421
0.148716
0.282258
0.0908119
0.457457
0.175439
0.0796579
-0.282538
-0.897894
-0.424518
-0.451925
0.570007
-0.446683
-0.728594
-1.05959
-0.30325
-1.49386
0.701951
-0.331707
-0.447783
0.526972
0.415543
0.0539096
-0.405045
0.088617
-0.347164
0.578114
0.639709
0.249028
0.690323
-0.777092
-0.123966
0.447214
0.574605
-0.542819
-0.609994
-0.0285273
-1.47176
-0.103092
0.510747
-0.487971
0.00900997
-0.192832
-0.0170986
0.452156
-1.7736
0.156474
0.28295
-1.58025
0.781642
0.11108
0.186804
0.24041
0.0243596
-0.242522
-0.383409
-0.624102
-0.839484
-0.201646
-0.328165
0.187465
0.32071
-0.281959
0.337422
0.429692
-0.898874
0.157047
-1.5422
0.259663
-1.83971
-0.183722
-1.38944
-0.0627731
0.30321
-0.303478
-0.385699
0.539316
0.330054
-0.440378
0.202157
-1.16798
0.342908
-0.503538
0.610564
0.754256
0.0956812
0.110959
0.652242
-0.210865
0.608742
0.112965
-0.150026
0.236493
0.220594
0.429035
-0.414138
-0.901308
0.462469
-0.418472
0.374276
-0.884556
0.559485
-0.756789
0.608198
0.291876
-0.404436
0.136918
0.644187
0.285715
0.4294
0.156609
-0.136476
0.264656
-0.457979
-1.06307
0.407525
0.47813
-1.15918
-1.22834
-0.0985803
-0.131342
-0.569879
-0.650828
0.637807
0.225568
-0.114588
-1.09815
0.496031
0.0888381
0.0219555
0.405569
0.580179
0.17582
-2.31441
0.303215
0.109042
-0.186668
0.499485
-0.200172
0.117045
-1.12037
-0.0425379
0.214172
0.422654
0.25208
0.32205
-1.52142
-0.367732
0.63627
-0.100487
0.00169582
-0.492011
0.295865
-0.288618
0.181899
0.279572
0.372277
0.120406
-2.14555
0.0238806
-0.0374862
0.292281
0.121937
0.153189
0.309581
0.822556
-0.25737
-0.386687
-0.0977437
0.350272
0.337066
0.38041
0.404781
0.188467
0.166392
-0.964229
0.426996
-0.856286
0.452348
0.185509
0.544834
-0.333445
-0.815999
0.335253
0.48835
-0.241809
0.812869
-0.655176
0.479582
-0.523024
0.589187
0.211366
0.212392
0.195448
-0.199689
0.667812
-2.10409
-0.767797
-0.767261
0.283111
-0.934674
0.2972
0.172706
0.0563907
0.292743
0.701743
-0.727895
-0.143064
0.13761
0.171613
0.133861
0.321169
0.085698
0.617393
0.269921
-0.537473
-0.276675
-0.721529
0.0027729
0.219867
-0.124762
-0.282891
-0.0591188
0.0423045
-0.42789
-1.62454
0.297828
-0.242661
-0.35316
-1.00326
0.502127
-0.063782
0.441792
-1.05945
-1.55847
-0.547835
-0.344203
-0.14869
0.225424
0.196926
0.378584
0.204028
0.498107
0.139523
0.350713
-0.293247
0.127176
0.472819
0.697667
-0.270305
0.555135
-0.600446
0.68932
0.0953824
0.0515831
0.585826
-1.67778
0.30417
0.691182
0.607742
0.314324
0.659433
0.593072
0.579168
-0.0602022
-0.168577
-0.385336
-0.334702
-1.20702
0.434739
-0.725674
0.05981
0.741836
0.165884
0.0983024
-0.146826
-0.152115
-0.802996
0.504833
0.0116643
