1.18562
1.84516
-0.0596969
1.66271
0.350601
-3.85185
0.662108
3.09824
1.09953
1.31258
1.51063
2.15641
-2.37751
1.90938
0.572289
1.18079
0.41749
2.39743
3.90104
1.84762
1.82356
2.89725
-0.83459
2.1884
1.25792
1.31245
0.323306
0.415216
-3.06777
0.69426
1.2055
-0.180443
0.668925
0.221398
1.86956
2.29989
1.73275
-2.20499
-0.482714
3.58923
0.374285
1.11485
0.910141
-1.27289
0.880906
0.218581
1.06764
1.28291
0.492742
3.02652
2.27541
0.10399
-0.795488
-0.0066501
0.0584413
-1.87551
0.764071
1.98064
0.648609
0.63394
-0.407311
1.81947
2.78244
0.721747
2.84563
1.52171
-0.369298
2.57328
4.05773
3.00178
1.47776
0.122829
1.46949
2.01328
1.71294
4.15544
-0.813651
2.38562
1.68103
-1.67188
-0.315873
2.03238
1.21487
-0.519064
1.35917
1.21025
-2.22076
-0.293705
1.63063
0.229488
0.147021
3.35387
2.75095
2.88388
1.1312
2.22911
3.52
-3.52998
-0.662751
-0.247525
2.07241
2.6528
1.50872
2.56653
0.483349
2.36889
1.92033
1.75849
2.14885
2.33425
0.310875
1.40517
2.88734
2.42025
1.05358
3.18034
3.90084
2.82448
3.37473
2.95671
1.9149
0.252427
1.78978
2.06557
-2.31327
3.24284
2.00541
-0.478014
0.471872
1.52407
0.630268
2.12234
0.605479
3.0958
-1.15918
1.86663
-0.170834
1.96311
-5.32713
-1.27945
0.089046
3.38093
0.0906954
1.7561
-0.141278
-0.284621
2.46601
0.988053
2.89647
2.07345
1.7836
-3.61666
2.5301
4.05984
0.1867
0.146467
3.21321
0.948386
1.13634
-0.955743
-1.99702
0.992787
1.95252
2.34753
-1.87958
2.10944
-1.10429
-0.0840583
2.5944
1.68821
3.2525
2.17956
1.39478
-2.11364
0.902299
3.16432
2.40383
-3.84121
1.1032
-1.23769
0.377328
0.230154
0.507902
2.97236
0.196831
3.23576
3.11963
3.39984
1.00006
2.53378
1.47774
2.13414
0.399328
1.3959
3.44544
0.154224
-0.80071
1.3134
-5.53346
0.432519
2.85595
2.3163
1.97939
1.25651
2.32243
1.80836
3.22519
3.05205
2.93277
0.0854371
3.52708
0.608522
-1.47339
1.13128
1.86488
0.487539
1.10959
2.5505
1.37666
1.28059
-0.018601
1.78535
-1.44173
3.53546
2.57909
0.630271
1.46471
1.83146
2.4023
2.03778
0.36186
0.460289
-1.36174
3.17041
0.202197
-1.0086
-0.417896
-0.627285
1.16609
0.632997
0.58918
0.571429
1.47924
3.20557
2.18189
2.89453
3.33109
3.17999
-3.98337
1.6558
2.30831
1.4692
1.26917
0.537549
2.63666
1.01772
1.29884
1.30679
0.439388
1.96191
-0.236402
3.06696
1.90968
0.421408
3.17307
2.59571
2.77735
-0.946638
-2.69124
0.58978
-1.94131
-2.30628
3.28381
2.42055
0.313744
0.79791
-3.51403
3.36155
0.897505
2.79541
2.39795
2.99664
-0.166859
-2.67486
-1.04732
2.83508
0.717207
1.80514
-0.238442
2.49093
-0.624909
1.87173
2.61803
1.9506
2.84588
1.89837
-1.63375
1.15715
0.830556
2.249
2.52747
1.1434
2.78357
0.297834
2.32667
0.269146
-0.710827
2.61137
2.24984
0.165113
0.873357
-0.766148
1.75565
3.76979
1.86499
2.22147
2.40706
0.582792
-1.24908
3.46759
-3.41341
1.76914
2.36549
2.54701
2.68763
-0.963166
-0.565442
0.822175
-0.314354
4.57805
3.28449
-2.02679
0.716769
1.38305
3.07077
-0.0579187
0.390435
1.54612
3.4892
1.06213
-0.660846
2.65691
1.65988
2.91642
-1.07172
1.34258
-0.165814
2.51928
2.62658
1.85993
2.01447
1.78805
1.66437
-3.10707
1.23824
0.565356
0.0590763
1.78123
1.78504
3.02897
1.83402
1.49397
1.40441
3.09951
-2.13314
2.51712
1.53894
1.80479
-0.509337
-0.00299171
-0.613562
1.63717
2.63803
2.82592
2.51846
1.13525
3.11263
3.6549
2.48709
-1.30162
2.90561
0.603029
0.20898
3.34797
2.26006
-0.697743
-4.27015
1.61906
1.3659
2.39117
2.26973
2.2395
-0.533088
2.66932
0.813067
2.32149
0.513626
2.54337
-2.50747
0.372728
1.52259
-1.51886
0.0851695
1.12035
1.83391
0.858649
2.75121
-0.74447
2.96506
3.24701
-0.902305
1.59362
1.37406
-2.52754
0.423941
0.385974
1.51491
2.43181
0.678877
0.34735
2.64003
1.48347
2.54386
1.7504
0.0947394
2.17255
1.95167
1.18654
2.32859
-5.2165
2.98936
3.28633
2.17683
2.2315
2.07581
2.8351
0.42263
-0.292958
-0.407851
0.0150165
0.693961
1.96782
0.797936
2.38899
1.34251
2.10202
-0.296523
0.824524
-0.608082
-0.104386
0.371517
2.78295
1.27103
-1.35339
1.06473
4.4278
1.331
2.28687
2.27735
2.54874
3.77547
0.0167994
-0.576346
1.60828
1.83044
0.0435854
-1.79056
2.26505
1.0792
0.601122
-2.45957
1.45744
2.95312
3.56437
2.33332
-1.50387
3.00623
1.57477
0.91382
1.73004
3.5868
0.194115
0.867289
1.9398
2.11261
-2.40286
0.939814
-1.1942
-0.607352
3.90751
1.4293
0.700864
0.836701
1.43209
-1.30277
1.26664
3.32444
-1.25566
2.465
1.75035
1.03451
2.30152
0.104079
0.591176
1.70919
1.24467
-0.405778
1.30492
0.27788
-1.64563
2.8449
1.33578
1.47356
2.08142
0.127175
1.31976
-0.906041
0.382858
0.138405
2.36155
1.75669
1.51283
-0.102496
0.938584
3.13838
1.44407
3.67533
2.91094
0.146618
1.45538
2.20816
2.62284
1.82598
2.12718
2.85426
-2.99869
2.7307
0.126572
2.62153
2.87194
0.777926
3.29294
1.66783
1.31522
1.87327
2.70992
2.93021
2.14254
3.22732
2.84895
2.52522
1.572
0.733965
-1.8736
1.23221
1.73069
0.362669
2.65466
1.25114
0.871167
3.81944
2.61747
2.31751
2.29107
2.26916
-0.230136
0.082834
1.57668
0.667111
-0.324112
3.14791
-1.37398
2.09292
2.3179
0.910444
-0.673031
0.795664
-4.25298
0.289758
1.25532
1.58213
1.34535
1.18666
2.22153
1.3815
2.87284
2.37256
3.64879
1.00929
1.00747
-1.68829
1.38776
0.91564
2.17507
3.44684
1.14042
0.854149
1.96837
1.56847
3.18589
-2.25607
-0.275596
0.613962
2.16972
2.70757
-0.0292943
-1.55763
2.57108
3.57014
1.74013
-0.0836169
-0.56581
2.62444
1.97378
3.28717
0.522955
1.28843
2.94607
2.7561
0.788804
1.78129
2.67584
-0.589301
2.4136
2.96683
2.15751
1.76292
1.88712
2.10451
0.903919
1.96865
0.635892
2.30845
-1.27857
-0.392936
1.27959
3.32872
1.44259
2.38048
2.13326
0.31162
0.989433
2.40555
1.68203
-0.0698707
-0.469188
2.33601
2.35378
2.10402
1.35839
-2.14007
3.73517
1.26156
2.21292
3.6647
2.69808
2.52014
2.28772
1.33552
-3.24533
3.06167
2.67669
-0.724375
1.473
2.25674
1.21091
1.97815
1.66231
2.20351
-1.22558
0.569525
2.0475
1.22063
2.63681
-2.03718
1.61337
0.15849
2.47512
-0.737741
-0.71075
1.69527
-0.713249
1.23933
1.74336
1.67064
-2.696
0.133671
3.18245
2.65205
1.57145
2.22911
2.72401
0.113279
2.23883
0.451059
-0.737731
1.95812
1.34658
0.723951
2.53144
0.657795
2.44968
1.06714
2.4345
2.01669
2.32249
1.0704
3.11553
2.56086
-3.18082
1.90595
1.35692
3.2016
2.02858
2.36231
2.12093
1.21558
3.29605
1.48886
3.55228
2.58314
-0.965049
0.202877
1.52502
1.97261
2.69342
-1.03543
2.04101
0.0564469
0.0914178
2.7409
2.67279
1.73652
1.91003
1.63436
2.66859
-2.91174
2.50156
1.73045
4.38695
2.28887
1.84343
2.09854
0.917043
-0.6858
1.87799
3.51008
2.92882
0.216638
-1.51502
2.58008
2.34421
2.6804
-0.048976
-0.158849
0.932974
1.62605
1.03846
1.39781
2.44416
2.41796
0.996687
1.25213
2.74545
2.16508
1.76814
0.158677
1.24811
-2.1156
0.779443
-1.89703
0.378864
0.77837
0.932805
3.41093
-0.50719
1.95262
-1.06148
-7.25834
2.97934
2.665
1.2695
-2.49791
2.36086
2.23152
-2.70286
1.89515
3.25914
-0.45279
1.64612
0.321518
1.63388
-2.80203
0.552057
1.83955
-1.14809
0.0751202
3.2064
1.23048
1.05139
3.22906
1.63536
1.77474
1.94244
1.51994
1.80653
0.283678
0.470539
3.26853
0.611028
0.533222
-3.46021
-2.34917
-0.868441
1.65607
1.6016
3.07352
2.43405
-0.99699
-3.54102
2.47406
2.21098
1.72936
1.56633
1.94082
-0.450883
1.09703
-3.18368
1.5039
1.77204
2.50857
1.3487
1.6349
1.87699
1.6287
1.54015
-0.848937
2.14393
1.09608
1.98908
3.49762
2.16323
1.52357
2.74567
2.83179
2.79425
2.88045
1.96692
1.06503
1.22739
-1.03248
1.9822
1.12497
3.02554
1.62123
-4.47695
-0.710802
1.26415
0.540486
-0.872582
2.68186
3.49409
-0.964973
1.11056
-2.55435
0.946293
2.97724
1.34019
1.9171
-0.527661
1.74442
2.0702
3.13116
-2.59556
-0.526478
-3.52531
1.33754
1.14595
2.26938
-1.61643
-0.534414
0.676042
-0.762409
1.89013
1.71473
1.26958
-0.741931
2.04814
1.83953
0.320003
1.94632
1.87642
0.125178
-0.943881
-0.0815699
1.91988
1.9365
1.45513
-0.397528
0.765483
0.997266
2.58284
0.0237153
1.63823
2.75691
-2.66468
1.46945
1.04872
2.64179
-1.10559
1.39467
0.725761
1.99085
0.919501
2.71649
-1.70917
-2.75743
-1.76771
1.43615
-3.14729
1.93311
1.15103
3.18476
1.11285
1.70256
1.12482
1.26169
-2.49088
1.82602
-0.479436
1.41424
2.47986
-0.406227
1.66176
2.15939
1.90378
-4.0853
1.76523
0.684944
0.145996
-3.13005
1.27505
1.87174
2.56789
0.263624
0.219325
3.22385
-3.32643
2.79701
4.22519
0.342271
0.810744
2.29957
-3.0921
1.33516
0.916896
3.17724
1.84861
0.528888
2.53687
-0.879651
1.53443
1.482
2.92375
1.89314
-0.283661
1.71197
-0.736515
3.49673
2.54374
1.13676
0.794761
-0.76726
2.14945
1.97455
1.89487
3.04461
2.67745
1.16812
1.56719
-0.835276
1.13773
-2.34023
2.54881
0.284917
1.30586
0.990387
2.55732
3.71923
0.766399
2.24915
-0.920493
1.6674
3.29111
1.02339
2.16954
-0.387012
2.4699
2.04888
2.18588
0.075314
2.20009
0.148246
1.95792
0.824282
2.97975
1.13725
2.20623
1.15758
0.135411
2.67204
2.26544
2.27998
-0.821484
1.69854
1.96297
1.61631
-2.12564
1.79338
4.56117
-2.1578
0.617202
-2.67475
2.72266
2.07203
1.61162
0.703686
1.56567
1.16288
0.556979
1.64495
3.02211
1.36406
1.82274
0.310778
3.04626
0.781384
0.23512
-0.373239
1.64878
1.77173
-2.65932
2.28952
0.56748
1.10114
1.55
1.44952
1.608
2.19642
-2.2712
0.38752
0.383875
1.3978
1.15063
0.710139
2.06446
-0.578226
0.310865
1.08472
-1.93637
0.49713
0.656187
0.516651
1.23303
1.80413
0.581411
0.707657
2.32147
0.624182
-1.0346
2.42607
-1.25857
2.69037
2.11468
2.5722
1.43769
2.70691
2.40096
2.6277
1.67912
0.841704
1.06316
2.59721
0.615376
2.38801
-0.774234
2.00157
1.00046
1.24574
2.29688
-0.296803
2.60353
0.861345
2.331
2.31061
2.62539
-1.27582
1.6415
-0.134986
-2.37759
0.580181
1.06506
-0.974002
1.69572
-0.127443
1.81368
1.08316
0.479208
1.68758
-0.205197
1.92836
-0.355108
-6.31431
2.86847
-0.840478
0.825486
0.663733
1.11471
0.783618
1.89138
0.365798
1.84366
1.58247
0.803811
0.57173
2.32203
-0.265535
1.06994
-1.62968
3.50958
-0.488766
-1.33563
-0.278445
0.573853
0.823096
-0.121855
1.31524
1.85253
1.81039
-3.31033
1.85281
2.40805
0.544686
1.4094
0.60468
0.663227
1.80236
1.72037
0.672588
2.83693
0.429449
1.50436
0.965523
1.07115
1.29407
2.68952
2.75739
1.23093
3.03249
2.17235
0.832114
1.90356
2.4075
1.73706
3.02853
1.36132
1.84051
0.91753
0.63229
1.06034
-2.01914
-0.338036
0.603078
1.60207
1.13604
0.891891
2.82954
-0.794082
-1.37996
3.27704
0.762911
3.43704
2.40504
0.483747
0.983705
2.11096
0.676488
2.41591
-1.75555
1.876
-1.48779
1.89965
2.30978
1.55816
1.15159
-0.361328
2.78268
0.366277
-0.714734
2.47607
1.90912
1.94925
1.95957
1.23809
-0.667668
3.70476
0.674879
0.250938
-2.5226
2.0079
-1.52683
2.10194
-0.282816
1.51044
-1.91685
2.38416
1.27626
2.17264
-0.980272
0.777487
-0.182707
2.87329
2.1096
1.28015
1.14567
2.79433
0.149623
2.85319
1.18655
2.41561
2.15484
0.392027
-0.779815
0.675856
2.34515
2.60405
0.286657
2.13491
1.5217
0.143488
-1.09135
0.86361
1.41067
0.524176
-0.403606
0.473845
1.82893
2.91219
1.23436
1.00082
-0.41391
0.450447
1.86216
-0.413625
1.52738
1.2923
-1.44771
1.80565
-1.17982
2.07134
0.722615
0.848075
-2.163
0.957278
0.479842
-0.73329
-0.397359
1.77926
1.69338
2.27809
1.93987
1.13481
2.09695
2.11671
-1.27861
-0.825436
1.75119
1.44191
0.721582
1.52959
-0.97099
1.02034
-0.346967
1.92378
3.62295
-2.22868
-2.23595
0.123456
-1.9567
1.12272
2.34951
-1.3237
0.874875
1.04976
1.85352
1.91899
-1.82468
1.19297
-0.0813139
0.370407
0.482881
0.460227
0.299508
2.58152
1.45397
2.69283
2.59272
1.5947
-0.15936
1.76674
-0.0574739
0.584431
2.36589
1.1401
2.52128
0.577778
3.08889
1.80304
0.623863
-2.90797
0.410995
1.60622
1.16164
-1.3433
2.98877
0.418414
2.2292
2.25738
-0.391627
-1.58872
1.70742
1.00787
-0.915789
0.558511
2.16419
-1.22083
0.934469
1.62712
-0.305732
1.71019
1.39673
-2.16282
1.47804
2.43661
2.03595
0.631291
0.730166
1.72783
2.52088
3.6585
2.15564
1.66216
0.807656
1.89254
2.4452
0.752213
1.74073
2.71843
0.345268
0.994554
2.53404
2.29504
1.06255
0.535047
1.89875
-0.179282
-0.998526
0.216348
-1.44082
2.40035
0.670563
2.47951
1.59784
0.879684
1.85183
1.40141
2.30173
-0.451337
2.0846
1.8347
3.60486
1.94515
1.28821
0.661272
2.16549
2.28014
2.64721
2.34395
1.02227
-0.374155
0.383521
1.11451
2.1913
1.07038
0.836447
0.960545
1.02521
-0.163898
2.02151
-4.14524
1.824
-0.580919
-2.76634
1.34238
2.3022
1.82265
2.39155
0.633509
-0.673648
2.32107
2.9066
0.758655
1.38142
-2.73888
1.64455
2.05723
0.940663
1.44481
2.14538
1.85033
3.45416
-1.52229
0.304422
2.50415
-0.603872
2.38808
2.53008
0.996816
0.554828
0.0141145
1.4987
-1.66153
2.29422
1.98727
1.46164
0.178254
0.205236
0.595733
-3.19599
-1.52149
1.22178
2.44098
2.71335
2.15591
1.91674
0.136719
2.08929
1.31903
2.53969
-1.47766
-0.0402341
0.17662
0.486376
1.55411
-0.211737
2.1703
2.20134
0.863184
-0.318878
-4.24276
1.27009
2.14474
-0.342785
1.65327
1.39704
2.27961
2.48857
0.71453
1.10235
2.32141
-0.371817
0.610757
0.453048
-0.191613
2.61813
1.01535
-1.92032
-0.557581
-3.12356
0.403432
0.314279
2.876
2.57639
1.63606
2.25862
2.31228
0.198644
0.994259
-1.47105
0.551522
1.97196
-1.37392
1.7237
-1.27897
0.177471
2.81187
0.589317
0.685807
0.679618
0.400054
1.38975
2.19408
0.0421873
1.85816
2.0592
1.4363
1.48457
-0.0203929
2.99922
1.28483
2.02172
-1.46655
-0.00565847
1.56342
1.42354
0.777918
2.13079
-2.59083
1.24117
0.657218
1.23808
0.223535
2.94412
-0.692534
3.49686
-0.54609
2.3119
2.3359
-2.30728
-0.97435
3.42284
1.69972
2.51746
-0.051422
2.23076
2.22976
1.2295
0.27938
2.38904
-0.140259
2.27775
2.39261
1.40235
1.05369
-0.506272
0.797156
1.23767
2.20491
2.16342
2.76383
0.939286
-0.350004
2.02613
2.62698
2.0954
1.15756
1.46676
-0.853689
-0.037486
2.58825
0.607882
0.938393
3.15389
2.18853
2.88757
1.58413
0.828666
1.92849
0.816684
1.00351
0.73448
-0.902537
1.49733
2.26061
1.15905
1.78102
-1.78049
2.66373
0.408869
3.09853
1.15334
1.68769
0.63059
2.88635
2.48684
2.37752
0.363795
-0.292407
0.776862
1.99349
0.660999
1.58674
2.62132
1.8522
1.34725
2.85463
2.36589
2.13748
1.59773
1.44202
-0.147191
1.24815
1.53912
1.05547
2.30689
4.01331
2.57966
3.47078
2.21893
1.16254
2.26313
1.14256
1.72964
2.6469
1.37803
2.61179
0.385911
1.657
1.58606
-0.692025
1.09455
1.43246
2.24532
1.74146
1.33082
0.817538
1.84311
-1.33982
0.471037
1.24638
-1.81144
1.3083
2.16234
1.48852
0.838128
2.46584
1.39078
1.53201
1.33537
2.93003
2.83694
0.185712
0.126261
1.69536
1.33756
0.652778
0.181303
1.97199
1.9002
2.61045
2.63078
2.34814
-1.10894
0.612652
2.64457
0.913761
0.861969
2.11666
1.04072
0.526438
-0.995446
1.54358
0.910246
0.0506805
1.39548
1.80168
0.463748
0.371925
1.01836
0.376888
2.18927
2.15348
0.423822
0.410476
2.57806
1.1811
-4.07183
2.20698
1.03121
0.906988
1.42618
-0.647297
-0.260747
2.03418
1.70993
1.73435
2.08373
-0.889516
1.45101
-0.72564
-0.311228
0.937037
1.15812
2.86479
1.49197
2.07511
0.226381
0.223389
1.78132
0.785322
1.10417
1.62405
0.578948
2.50332
1.33431
0.909115
0.783738
2.62807
3.4115
2.4368
1.58778
0.235214
1.89713
2.10977
1.1785
2.90282
0.518282
1.85746
2.58411
-0.544325
1.40418
1.80218
1.78227
2.9432
2.60628
1.22557
1.36131
0.840159
-1.39208
-3.87911
-0.27821
2.03134
2.22995
0.846357
2.44188
1.35786
2.51378
1.0444
0.43091
-2.82978
1.68428
1.49911
1.15592
1.52957
1.15849
0.550271
3.37482
1.81125
1.84623
3.61953
0.502425
0.763306
2.29984
2.67814
1.59467
0.082771
-0.476193
0.813824
-0.324299
0.662221
0.566336
0.442251
0.468505
0.532835
0.327549
-2.31195
0.87397
1.82014
0.695672
2.54526
2.47637
2.41871
2.33328
2.88949
-0.76277
0.861719
-1.1699
-1.79058
1.18337
-0.286384
2.77576
2.06902
0.128807
-1.78145
2.70644
0.718339
2.23314
1.9089
1.54103
-1.79929
-0.870311
-0.778982
0.539755
2.22206
1.00361
0.695685
-1.26522
1.34026
-2.47447
1.93166
1.68041
-0.408798
0.334197
2.02553
1.9096
1.67328
0.408531
1.63065
1.42229
0.523008
1.87182
1.6487
1.39495
1.00551
0.833291
-0.765316
-0.83589
1.017
-0.43435
1.84958
-0.534416
0.784458
-1.56772
1.65955
1.90994
2.86519
-0.139579
3.2474
-0.743449
-0.700814
1.53447
-1.50377
-2.21606
1.25046
1.3298
1.50203
1.48798
0.652906
-0.628409
-0.411461
1.38842
1.22971
-2.3789
1.66306
3.44815
1.47052
0.703962
0.215237
0.579822
1.4069
1.25516
1.58528
2.50358
-0.480357
1.85648
2.78483
2.15634
1.77371
-1.6854
0.198642
1.60121
0.0736793
1.57769
-0.165678
0.0900558
3.08969
0.00245731
-0.216206
-0.878711
-0.749708
2.06041
0.261362
1.27238
-2.2697
2.90459
1.8102
3.4233
0.966469
3.07482
0.8806
0.420736
2.65478
2.99222
1.78745
2.28385
1.06177
-0.579685
1.1257
0.374062
1.51852
-0.178023
2.72964
0.587509
1.48151
1.00807
2.13785
-1.78449
0.446139
0.709102
1.42847
1.75717
2.22749
-0.324306
2.43558
3.49677
0.960834
1.51687
2.68252
0.611221
0.631337
-0.43275
2.38151
0.0108894
1.38402
-1.02373
0.466109
-2.35226
2.2111
2.6012
1.30939
-1.40934
1.26399
2.02518
1.7202
4.03588
2.76329
2.25474
2.99989
1.40753
1.70418
0.0370152
1.03131
2.93294
2.27929
0.573044
1.8509
1.10341
0.238231
1.93995
1.86523
2.3146
2.04797
1.9147
1.19085
0.0787753
-0.242101
2.31918
-0.274331
0.486963
-0.273871
1.2966
1.03207
2.17685
0.0673669
0.315482
-2.57548
1.83375
-1.48675
1.41559
-2.33366
0.581668
3.47096
1.22159
2.47126
0.799818
1.95721
2.98542
2.1451
1.09908
1.4745
3.75892
-0.243626
1.61317
1.8919
0.831255
1.64398
0.690468
2.48962
1.80653
3.13529
1.12489
1.60928
1.03723
1.93536
2.18458
0.988593
-0.329082
0.854465
-0.100078
-0.0093727
2.90986
1.22786
1.61351
0.931189
1.48033
1.33485
0.581841
-0.335885
1.91375
2.79036
