-24.4327
0.246993
-0.0370136
-3.08773
-20.0451
-15.8228
-24.4245
-2.14969
-3.61606
-1.25249
0.154006
-16.7659
-21.4591
-6.88557
-16.3532
-4.36232
-10.2924
-26.2811
-27.6
-16.4278
0.158521
-8.8462
-0.782847
0.165801
-1.07571
-0.102481
-4.03885
-30.3738
-11.9804
-2.47407
-20.4453
-20.8167
-4.88634
-5.53084
-8.12448
-0.351746
-1.22736
0.0656235
-1.56227
0.219553
-15.6286
0.27702
-14.6083
0.0527036
0.0786057
-13.7347
-5.44983
-32.5893
0.0276282
-1.9896
-27.819
-3.43689
-12.4478
-4.03581
-8.17432
-21.603
-3.25548
-0.160924
-8.85102
-9.10566
-18.9444
-9.94998
-24.5524
-4.05186
0.270691
-14.7102
-13.1084
-0.395506
-7.73747
-2.90632
-1.74068
-31.6267
0.11679
-12.0026
-10.4738
-1.00006
-14.3343
-3.87823
-18.2034
-4.55643
-20.118
-2.38052
0.259073
-10.9214
-18.1921
-33.424
-14.5197
-10.0604
-5.3358
-0.0384752
-16.4948
-5.06489
-39.4415
-1.20883
-0.527585
-4.66162
0.163864
-12.9315
-17.5929
-3.94824
-27.168
0.164942
0.229818
0.157284
-20.3363
-14.0661
-0.299513
-1.20937
-6.2222
-15.8777
-29.1326
-1.90477
-7.59805
-1.76466
0.201759
0.182018
-6.2372
-1.3838
-8.22745
-3.9837
-10.3691
-2.31527
-1.08568
-9.94542
-27.2794
-0.663819
-0.420309
-7.81664
-22.2513
-3.17414
-0.441127
-2.42883
0.266583
0.181543
-22.6147
-11.1769
0.261991
-1.91213
-34.5852
-16.3055
-16.3624
0.170558
-8.04029
-27.3002
-8.04739
-19.2971
0.203931
-13.6972
0.314146
-0.196551
-2.11937
-18.7246
0.0473686
-16.3134
-11.7775
-2.58052
0.274825
-1.29794
-10.3302
-16.7074
-23.0102
-0.0718948
-0.190693
-14.6988
-9.41669
-2.72256
-10.2885
-23.7263
-18.7634
-10.3516
0.131906
-6.60782
0.222528
-0.0566728
-4.87702
-0.0671571
-5.67737
-19.9449
-8.7958
-9.53389
-0.135014
-4.88364
-9.38875
-3.69064
-15.669
-0.140653
-1.37867
0.256514
-11.5182
-0.519545
-29.1184
-1.30894
-0.0980211
0.259441
-15.3288
-0.723558
-6.97703
-24.7175
-21.8688
-22.5212
-0.753492
-0.481859
-0.283486
-0.0763
0.208347
-1.46188
-1.89108
-6.5839
-2.04103
-7.15596
-1.28021
-7.12317
-23.2072
-6.46661
-0.0420632
-5.72182
-26.4525
-1.60654
-10.4874
-1.06584
-8.08102
-4.9262
-0.0108689
-0.603939
-1.81517
-3.30457
-29.1048
-6.11341
-0.0315598
-5.8516
-2.23497
-3.64726
-0.553472
-0.112953
-1.91843
-15.6958
0.196738
-16.814
0.212457
-16.3185
-26.3971
-25.6873
-2.76311
-8.10646
-3.80953
-1.322
-1.38827
0.132665
-4.53582
-18.0128
-1.25378
0.223735
-21.9211
-4.35868
-14.7046
-8.07054
-3.83629
-22.4525
-17.5908
-5.23249
-11.4422
-22.4225
0.16366
-9.07374
0.100398
-10.1909
0.294425
-14.7588
-33.4782
-8.02948
-2.58667
-10.7744
0.213268
-2.70733
-11.3461
-6.01713
-16.4082
-13.9846
0.195119
-4.909
-0.669256
-43.4681
-3.08554
-1.56283
-1.13294
-4.99635
-11.4669
0.25383
-5.01966
-3.8364
-2.71171
-16.6431
0.257133
-20.2531
-1.81625
-7.21415
-5.99333
-13.6037
-0.274906
-0.245324
-21.5119
-0.981182
-18.6552
-17.5711
-32.8413
-15.8463
-9.65512
0.0623417
0.10447
-1.28499
-23.8446
-17.5682
-14.2609
0.0934797
-1.99552
-0.324161
-20.2461
-8.14479
-12.6475
0.257754
-4.33716
-8.43003
-12.56
0.242419
-39.2538
-5.47187
-29.0387
-10.5071
-18.7804
0.122433
-0.200617
-37.9468
-6.86282
0.0050643
-3.07239
-6.21247
-6.49712
-4.99138
-7.64718
-5.33018
-13.8925
-2.47638
-3.74233
-5.25023
-16.4549
-36.9326
-4.24056
-0.871322
-9.42727
-2.37543
-9.43834
-10.9354
-24.9052
-30.9784
-7.8068
-5.80414
-12.5051
-17.0799
-1.66763
-2.0602
-0.928818
-23.7947
-18.8229
0.217096
-9.66538
-6.43555
-32.2085
-0.138182
-22.2448
-13.8403
-10.1891
-0.17502
0.136592
-0.190916
-15.7923
-21.5398
-8.64293
-3.14263
-11.3661
-26.0185
-3.93209
-1.9394
-9.18989
0.305864
-7.27135
-6.75111
-30.3488
-4.34395
-6.02316
0.10679
-0.386414
-4.99233
-36.0973
-0.795286
-15.4259
-1.21695
-25.688
-2.03632
-4.1527
-13.5346
-0.845556
-16.7131
-12.2589
-11.7083
0.208332
-19.069
-0.563276
-27.287
-0.0494086
-14.5155
-27.2872
-0.263234
-3.52497
-5.39022
-14.269
-3.60869
-3.57352
0.093386
-10.158
-2.35554
-38.0702
-2.22535
-21.9505
0.0444898
-10.8038
-2.45505
-21.423
-0.0103453
-2.02627
-1.03084
-23.6637
0.280149
-4.11344
-11.3492
-16.7111
-2.14138
-0.0594695
-9.87793
-13.6244
-13.771
0.209817
-25.7516
-3.60048
-1.6825
-4.45819
-13.3895
-2.62909
-3.40267
-0.359787
-5.88239
0.0336323
-5.70365
-44.701
0.057905
-5.27291
-1.79912
-11.1758
-0.487758
-5.83481
-1.22084
-1.20396
-5.16997
-0.167256
-3.46649
-16.6243
-1.7278
-21.3451
-13.2954
-3.43335
-0.469819
-1.89456
0.124002
-0.566859
-8.76752
-9.24267
-12.3287
-1.94487
0.135576
-18.4462
-15.0886
-0.7643
-8.94235
-41.322
-0.59302
-19.0982
-10.8296
-2.83996
-39.0151
-20.3245
-14.585
-33.2675
-1.0639
-26.4867
-14.5678
0.0698417
-0.196747
-3.38854
-1.73967
-9.18265
0.223193
-18.5439
-0.0759801
-0.0697212
-18.7194
0.231192
-25.6834
-18.8384
-6.53109
0.0956991
-11.0754
0.126904
-5.92543
0.205929
-33.8645
-31.9587
-0.305038
-16.7274
-0.302421
-1.31115
-16.6475
-1.83162
-4.76603
-28.445
-12.9049
-0.155827
-25.2815
0.0879266
-2.90497
-19.02
-0.56057
-3.38114
-9.23104
-7.10712
-3.72046
-0.0221308
-5.97994
-8.45094
-8.61506
-5.62983
-7.62738
-17.1872
0.0664499
-13.1644
-9.6446
-15.0983
-2.12875
-25.3085
-16.4055
-21.452
-13.8617
0.0587794
-36.6662
-12.4264
0.128162
-0.0990843
-3.01631
-15.5542
-32.1708
-9.75774
-21.5268
-0.154944
-1.31952
-1.91585
-6.08262
-0.563707
-0.622906
-13.4559
-2.36568
-0.776407
0.0668772
-2.19985
-14.0504
-22.774
-3.75954
-3.31666
-18.5041
0.143891
-13.8688
-1.28817
-30.3834
-21.417
-6.12113
-3.7606
-4.29577
-9.05328
-1.49057
-0.0170552
-0.120134
-13.3027
-10.1799
-24.317
-17.3565
-4.85475
-8.20417
-0.541079
-0.386661
-11.2122
-6.50542
-9.47972
-2.66235
-29.2201
-12.4592
-11.936
-9.59269
-18.4539
0.205507
-12.856
0.0545528
-7.4742
-1.88949
-6.61261
-1.39178
-20.2864
-8.05151
-10.2371
-15.0449
-2.98578
-6.72399
0.260204
-4.02335
-34.7094
0.0402689
-11.9577
-12.2549
-0.456602
-3.76973
-9.06021
-8.10377
0.018547
-0.048037
-1.56833
-18.3077
-0.434101
-22.4247
-10.399
-1.65092
-0.393011
-29.7812
-25.3948
-43.0415
0.0179555
-0.156886
-20.474
0.0870379
-26.8098
-24.6321
-14.7295
-6.36339
-2.50571
-10.7036
-4.75433
-0.685415
-5.3757
-4.32949
-26.3795
-0.53425
-21.2135
-8.14035
-38.9177
-22.9309
-19.5448
-1.60951
-7.79073
-2.60206
-1.67018
-6.63636
-0.18961
-0.473612
-1.46318
-1.30071
-3.10228
-6.64411
-0.727717
-30.9295
-17.448
0.249851
0.0873296
-0.48079
0.196527
-1.10698
0.212208
-27.706
-1.12705
-6.64543
0.128038
-6.44915
-18.9401
-10.631
0.133739
-0.221886
0.279443
-5.88792
0.128229
-19.1069
-23.5399
-2.79192
0.119667
-10.1701
-5.44786
-9.19226
-0.841612
-2.81852
-17.5054
-1.50002
0.129318
0.172337
-22.7713
-16.8212
-0.229884
-1.50686
-1.41925
0.00652418
-15.5752
-15.8202
-17.1881
-1.92398
-9.06199
-9.9066
-12.7405
-1.87597
-5.27649
-29.0971
-7.37049
-8.05434
0.138421
-9.11405
-18.4432
-4.44165
-3.7034
-5.01116
-0.477009
-0.24569
-22.0582
-2.78162
-13.4521
-3.5205
-0.0526345
-0.134561
-1.12155
-6.20224
-4.00401
0.203374
-0.251745
-0.244671
-13.5003
-5.73785
-0.251729
-2.37925
-23.477
-3.10019
-40.1027
-1.20622
-7.12888
-7.93413
-21.2772
0.150547
-42.2915
-6.5277
-17.3139
-5.37921
-7.52463
0.233593
-1.20295
-2.65827
-33.2105
-1.9011
-18.3927
-17.7526
-11.7031
0.20341
-12.5114
-11.6521
-15.4257
-4.16426
-3.95706
-21.3563
-21.5866
-17.9826
-14.8342
-3.72419
-8.55091
-4.20112
-15.4789
-12.808
-0.952067
0.0275296
-14.2912
-1.35811
-39.3951
-9.78544
-14.109
-1.7537
-0.655343
-32.3726
-9.30201
-27.4647
-13.161
-10.3164
-5.23983
-5.01934
-40.4709
-4.35337
-15.2741
-19.8918
-5.10944
-23.8981
-5.49802
-1.02974
-4.66256
-26.5276
-18.5412
-9.64641
-17.612
0.250254
-17.3806
-3.90535
-14.9583
0.00615104
-5.84578
-23.5616
-17.788
-7.79298
-3.98045
-2.55131
-11.7395
-0.711128
0.255887
-14.9688
-2.41231
-0.249465
-5.18538
-9.15429
-0.174075
-3.77548
-5.90413
-23.0087
-22.6455
-3.13188
-22.0207
-10.6413
-6.08111
-13.8254
0.285869
-25.1922
0.0869238
-19.5878
-2.73545
-20.5374
-1.64082
-34.3329
-4.56288
-28.4055
-24.8055
-21.7262
-15.2848
-18.4285
-0.906493
-20.3455
-26.0053
-6.55744
-4.50127
-3.83316
-4.33119
-0.849734
-16.0668
0.140258
-1.45321
-22.426
-5.72304
-15.4515
-0.640704
-22.9622
-25.2855
-12.433
-0.24963
-4.43987
-4.09799
-4.24678
-1.27452
-12.5151
-11.7647
-18.8106
0.141676
-16.6679
-0.41128
-4.21725
-30.2273
-0.067559
-0.026458
-0.061997
-3.40187
-13.5697
0.102465
-12.3522
-25.851
-10.5697
0.151292
-1.30373
-5.38255
-0.836437
-10.673
-6.94544
-5.94134
-13.5959
-18.2853
-15.555
0.174202
-31.9655
-29.0817
-4.94146
-2.00504
-31.146
-0.606986
-10.7366
-5.96539
-7.25488
-4.32871
-27.9177
-45.1215
-36.7085
-17.1902
-12.2318
-0.0836532
-7.99461
-11.7493
-28.5535
-37.5337
-8.24112
-1.36039
-15.0234
-14.7283
-0.941658
-1.19329
-5.44074
-18.9703
-14.5029
-6.88751
-0.536557
-1.43387
-1.92716
-7.12417
-0.719451
-10.2
0.250869
-43.2963
-16.7531
-1.65936
-7.72917
-9.2092
0.274956
-25.6324
-8.00127
-0.0461753
-34.3958
-19.2021
-13.5925
-30.4548
-11.8683
-14.7241
-10.6442
-0.785729
-3.44891
-15.116
-0.478655
-18.4602
-0.944038
-1.94267
-1.38043
-0.0990238
-2.28422
-20.2382
-0.541269
-18.1229
-36.635
-0.453554
-1.16437
-13.4676
-8.16391
-14.5005
-5.50454
-25.0691
-12.5079
-19.2676
-3.06239
-8.13413
-1.5148
-0.223894
-1.1354
-4.87444
-16.0427
-22.9727
-9.8452
-7.39955
-2.35238
-13.4422
-14.8179
-1.26223
0.288903
-5.07028
0.0677173
-6.51142
-2.61616
-24.8749
-13.9312
0.189926
-3.59312
-21.3544
-1.78396
-14.3626
-7.55203
-2.61701
-2.2017
-0.285465
-13.0624
0.289046
-6.3768
0.0168859
-2.36637
-16.4551
-21.6522
-25.6339
-17.5988
-2.27511
0.26261
0.125261
-1.71327
0.011202
-9.00225
-1.06914
-0.00593811
-10.2718
0.298448
-16.1704
-5.78364
-3.57743
-0.393921
-11.0483
-3.26826
-21.8172
-2.35584
-6.39847
-19.3327
0.295616
-9.48633
-1.0759
-1.07381
-0.345167
-9.25493
-8.12274
-8.51461
-0.301711
-0.273548
-14.5375
-12.2758
-29.984
-0.887844
-22.1859
-2.39061
-16.2668
-1.5592
-0.813629
-12.572
0.28268
-14.4119
-0.052811
-11.5689
-2.48566
-20.9111
-2.88689
-32.5284
-9.72615
-10.2221
-18.6024
-6.57
0.175836
-16.2301
-0.206577
0.103448
-7.29344
-20.4819
-3.93858
-2.63935
-9.00715
-3.98534
-1.17518
-0.1096
-12.5175
0.0661876
-9.90145
0.173514
-20.9287
-14.7674
-4.64786
-0.175013
-0.166348
-0.125938
-8.72612
-2.23766
-5.67077
-22.2115
-4.26122
0.332125
-11.7979
-0.810117
0.0165373
-0.598678
-8.31002
-0.118451
-24.1436
0.125754
-0.423704
-3.73072
-29.6658
0.137953
-0.106452
-1.43695
-5.35264
-0.294755
-1.66291
-3.44349
-15.1607
-8.85839
-6.78418
-0.509575
-8.15243
-1.27628
-22.5795
-2.72505
-15.3547
-0.00449099
-5.41932
-22.8062
0.0920979
-12.0796
-10.8822
-9.71436
-8.22149
0.232653
-7.46997
-31.5821
0.129149
-32.5228
-13.0287
-1.4302
0.219546
-9.98335
-7.48173
-13.4694
-32.3713
-13.5814
-9.28412
-1.23257
-15.2918
-20.848
-0.129212
-2.51923
-1.69685
-7.62258
-28.4605
-5.60596
-4.7182
-6.16167
-11.1059
-1.33509
-0.774195
-2.27732
-6.40368
-2.23808
-1.90466
-0.351338
-9.6294
-8.12283
-4.12454
-13.003
-31.1951
-12.4613
0.274559
-1.50177
-6.97929
0.270578
-14.7221
-0.213242
-23.7847
-6.58353
-4.2665
-21.5625
-14.5145
0.253886
-0.58137
-6.20125
-12.6692
0.274156
-2.29945
-33.7178
-23.1647
-14.1683
-0.75638
-11.9548
-29.2518
-1.02471
-15.9239
-1.59262
-3.9173
-4.36036
-19.8364
0.0433703
-6.99779
-6.66867
-2.80554
-11.2169
-2.48347
-44.5713
-9.94785
-1.88914
-4.61388
-0.67608
-0.349748
-14.5567
-0.241549
-23.0843
-1.90565
-4.22662
-23.7376
-5.13185
-3.32456
-0.265848
-15.0974
-6.39489
-5.2599
0.0195783
-2.89827
-1.89368
-25.6285
-21.7148
-3.62
-17.656
-13.1256
-8.97138
-3.44792
-9.77765
-38.6329
0.213069
-0.635826
0.169089
-1.71044
-14.0572
-6.28022
0.295762
-1.24777
-0.674556
-21.5584
-15.9532
-3.98415
-1.07007
-13.6204
-5.90219
-17.5515
-4.07584
-7.57624
-3.4693
0.232226
0.216968
-24.1217
-8.27574
-5.12797
-7.25799
-14.069
0.0194043
-3.51887
-10.6195
-4.04903
-18.9228
-23.8042
-14.2929
0.0476365
-0.303209
-16.4805
-0.610367
-25.9259
-14.635
-4.84936
-3.30833
-30.1502
-19.1949
-0.195544
-10.3087
-15.1807
-33.7001
-0.830341
-16.8193
-7.02339
-0.18595
-0.396683
-25.2794
-1.6427
-12.5129
0.276117
-1.87475
-13.3133
-4.24926
-0.635639
-2.82364
-0.820347
-7.14431
0.1787
-0.285748
-13.9443
0.207465
-0.323564
-5.73323
-23.3406
-10.2565
-26.8079
0.233365
-11.3199
-24.6035
-21.272
0.0663017
-7.33405
-7.90591
-0.984605
-15.7963
0.324926
0.0288993
-6.82131
-14.653
-23.2638
-0.672464
-3.27174
-27.9335
-8.43631
-8.06882
-2.88238
-14.2235
-4.22416
-9.13818
-0.0614172
0.126995
-39.5494
-3.32424
0.0879202
0.0205927
-0.311917
-1.55323
-7.93455
-11.0362
-3.90045
-8.49985
-0.884682
-0.251676
-1.37572
-1.40781
-0.289378
-1.68513
-0.338529
-4.54116
-4.67916
-5.49869
-1.50771
-3.38718
-5.22708
0.142634
-8.00207
-5.94881
-10.9108
-2.47233
-27.7809
-3.05344
-15.0289
-0.116813
-1.91905
-0.346612
-5.27662
-1.86799
-10.471
-2.25528
-0.0142202
-17.4463
0.264448
-3.73383
-8.48971
-9.64234
-1.91222
-0.459436
-1.63545
-17.5998
-0.117786
-1.60906
-22.0347
-6.83511
-24.8962
-14.0929
-8.19817
-13.6932
-0.0761605
-14.2435
-4.39296
0.0727257
-5.76436
-22.4628
-12.1085
-16.7074
-7.56572
-1.90643
-4.42545
-9.89108
-0.850041
-5.21929
-19.0702
-0.503891
-7.20397
-42.2826
0.107913
-16.5304
-14.1025
-13.804
-0.00321746
-1.77099
-5.90694
0.11493
-4.9461
-9.19658
-0.419421
-10.4171
-13.4703
-2.11169
-8.20997
-3.77824
0.326624
-8.01175
-1.1542
-2.73377
-12.215
-9.72972
-0.746231
-31.5849
-1.8525
-3.66995
-3.72837
-7.01052
0.26063
0.220225
0.107797
-1.12122
-5.55079
-30.1746
0.0592924
0.0698871
-10.1951
-9.69397
-9.68856
-15.3251
-26.022
-1.45925
-1.60706
-6.95653
-0.24363
-14.9151
-9.50044
-26.4994
-11.468
-6.68634
0.0486164
-1.40993
-9.81234
-1.31858
-8.35684
-4.69584
-21.5849
-20.7037
-2.54555
-19.4089
-25.2044
-9.38179
-4.72384
-2.42081
-0.00818099
-21.011
-5.38155
-2.70452
-7.86519
0.163568
-0.619095
-1.46581
-0.491564
-6.62783
-1.12366
-0.482053
-23.5074
0.20858
0.331322
-21.214
-11.4757
-14.8478
-15.8691
-16.8909
-6.72257
0.120698
-1.44162
-0.965033
0.0259529
-3.36934
-0.722455
0.0481355
-1.2735
-10.8318
-2.97665
-2.88098
-9.88722
-10.2332
0.12837
-7.60597
-6.2312
-9.1924
-0.823383
-1.15464
-3.5922
-16.5851
-3.74522
-18.5994
-3.39824
-4.24882
-0.590118
-0.450094
-7.7886
-26.287
-0.452707
-1.93728
-8.08036
-4.23592
-0.232613
-16.4613
-12.5659
0.0618475
-7.24371
-0.0914326
-15.932
-0.458228
-10.2708
-15.9844
-2.24477
-24.1721
-0.0368819
0.289777
-27.933
-20.6187
-1.07752
0.248408
-3.65078
-2.17114
-0.381656
0.130393
-0.282791
-0.124408
-6.03627
0.175718
-1.07045
-20.5671
-12.8092
0.194016
0.0934764
-9.33157
0.203468
0.00815581
-3.17644
-9.44181
0.141593
-4.04694
-5.38216
-1.40485
-25.925
-21.7454
-0.0491968
-3.88661
-0.687307
-24.3471
-8.05754
-1.40039
-0.74028
-27.4293
-0.129025
0.0666178
-4.69831
-4.07533
-6.71998
-8.66238
-20.4609
-0.609235
-4.58501
-0.201293
-1.71697
-1.07584
-11.1774
-0.205953
-23.6553
-21.7448
0.156425
-1.07332
-1.02644
-0.780262
-1.82827
-0.122634
-19.932
0.0715836
-16.6091
0.144116
-2.61202
-21.5446
-9.16741
-13.7884
-2.18389
-3.1622
-0.0176534
-6.42866
-17.5838
-1.98596
-36.5836
0.307116
-4.53824
-9.9659
-15.5763
-5.5901
0.155793
0.218454
-9.34979
-2.51985
-11.0022
-1.00965
-0.671643
-4.53104
-7.88896
-6.86344
-1.83686
-2.63634
-13.0379
-14.0758
0.274307
0.220703
-17.3184
-17.5926
-14.4393
-2.76042
-0.068663
0.239542
-5.24523
-13.3098
-0.52557
-6.53597
-19.9862
-4.26776
-0.151652
-22.7892
-7.27491
-0.798292
0.322098
-19.2681
-8.91282
-9.14135
0.197834
-15.3258
-0.752601
-26.1855
-0.413985
-0.961603
-10.8088
0.308121
-7.90876
0.14916
-0.825835
-11.4523
-19.093
-9.7335
-21.3295
-11.3546
-5.73077
-0.608315
-31.6387
-1.49269
-24.0235
-0.755854
-26.1784
-7.28723
-23.4191
-2.52646
-15.8332
-2.66767
-0.481152
-3.45657
-5.63693
-5.63261
-7.64138
-0.0209831
-10.5329
-3.3141
-1.02795
-9.06338
-7.00461
-1.4622
0.229385
0.30181
-12.1455
-4.28054
-16.9671
-15.3062
-0.135961
-6.93865
-5.86995
-17.3871
-11.5405
-12.0521
-1.12015
-22.7566
0.0588586
0.0698322
-1.43907
-0.16342
0.091473
-0.594226
-0.0694356
-10.2195
-0.174507
0.0787905
-1.00391
-15.8273
0.149657
-0.486992
-12.7436
-8.64187
-17.9263
-14.1301
-15.2312
-1.289
-11.4281
-9.3689
-30.6678
-15.4201
-13.6267
-0.144667
-2.97799
-9.52682
0.270732
0.183824
0.286838
-28.0432
-7.33242
-22.1096
-2.41955
0.125362
-1.47709
0.0685571
-12.6739
-0.00959746
0.267793
-0.291705
-13.2217
-24.3475
-3.39895
-20.4813
-10.8806
0.151808
-11.7789
-5.37516
-18.1366
-15.9308
-2.31504
-30.3913
-7.96423
-0.186177
-22.4492
0.0020059
-0.795149
-2.37581
-0.151391
-10.8818
-1.53728
-15.0013
-29.4995
-1.87971
-2.86089
-9.79197
-3.56494
-3.6567
-4.51054
-1.99253
-0.665029
-23.1114
-6.64837
-22.1383
-3.6065
-27.8421
-22.9848
-18.0905
-0.355571
-2.10846
-19.1577
-13.6751
-0.637612
-0.210166
-11.0368
-11.1932
-34.1622
-0.399841
-21.8958
0.285351
-0.306541
-2.34001
-12.925
0.232366
-5.10685
0.212831
-13.3485
-9.38126
-2.18743
-0.43102
-0.68152
-13.166
-24.2193
-0.0681502
-20.6682
0.0940522
-6.70968
-0.277557
-14.0701
0.112564
-13.102
-11.8375
-0.947674
0.285442
-3.25912
-0.558879
-16.1121
-12.3741
-0.0204267
-10.6846
-16.4763
-0.751856
-2.85268
-37.1449
-9.92645
-2.78843
-7.31818
-9.69061
-3.05621
0.0868374
-0.0896561
-13.112
-24.3675
-4.1843
-4.16032
-2.29719
-0.74945
-3.14815
-5.8218
-28.0238
-0.635167
-0.0078296
-6.90162
-2.81514
-26.8141
-8.74847
-19.1985
-0.481054
-6.46936
-1.84671
0.0580321
-0.0424731
-10.5534
-10.0548
-2.77121
-2.14397
-4.80536
-23.9563
-3.13656
-2.50302
-4.53535
-1.05341
-9.2885
-4.28202
-44.0161
-0.429337
-1.02045
-2.1916
-0.700949
-6.27546
-4.41004
0.213617
-19.97
-17.247
-0.870844
-4.91775
-0.353234
-0.667288
0.0876012
-0.418268
-4.0727
-42.0947
-8.62847
-35.0688
0.154721
-3.2293
-1.29479
-26.7987
-0.532097
-5.64407
0.096848
-7.14493
-0.00162574
-19.0628
-0.29005
-14.1778
-0.336779
-6.66872
-3.74116
-3.07634
-6.17745
0.328115
-38.8021
-33.8598
-17.453
-0.405586
-15.577
-6.05434
-5.71504
-1.49677
-5.65214
0.0822751
-8.36965
-16.3997
-5.62896
-1.93442
-1.23015
-11.415
-4.59633
-0.541705
-6.06667
-34.8035
-6.85893
-6.49977
-14.8951
0.128493
-1.89511
-29.9498
-7.81341
-2.10143
-11.9199
-29.8873
0.129812
-20.898
-27.6667
-27.082
-1.57849
-0.199983
-4.66009
-13.5281
-20.7914
-15.1818
-15.3935
-11.0654
-2.62206
-4.18032
-5.81218
-4.02382
0.200199
-13.2959
0.202468
-10.1124
-1.59035
0.260976
0.23685
-14.353
0.0103015
-7.38388
0.0735903
-2.86986
0.210585
0.318367
-17.1397
0.259524
0.300928
-9.39315
0.277495
0.130697
-0.121911
0.0469796
-11.4303
-6.42286
-24.1
-4.4003
-28.7468
-0.912986
-19.9936
-2.30321
0.121814
-1.28032
-7.19952
-14.3109
-7.42936
-11.634
-0.378926
-1.63686
