-24.9435
0.223839
0.0481071
-3.79158
-27.1625
-17.5432
-26.5096
-3.89448
-4.57276
-0.558674
0.175508
-17.4093
-24.0877
-4.00487
-19.6987
-4.6181
-15.0951
-26.415
-30.9393
-18.7955
0.0508555
-11.1361
-0.990722
0.137425
-0.736608
-1.3646
-5.81383
-30.0717
-14.5443
-2.83169
-20.8452
-27.6487
-3.84114
-5.38469
-7.43972
-0.4023
-1.49969
-0.0793278
-1.99184
0.154733
-14.6459
0.275031
-15.4399
-0.167952
-0.0382597
-10.8538
-5.7134
-36.2609
0.198727
-2.95288
-24.9634
-3.38983
-14.0009
-3.08626
-7.047
-18.2401
-2.04656
-1.0839
-17.511
-12.0761
-22.483
-12.7131
-33.0146
-1.76704
0.265359
-12.8609
-15.5846
-1.37406
-10.4135
-3.34837
-1.25287
-31.647
0.0917177
-16.5762
-10.7839
-3.9513
-17.7649
-3.50699
-19.9839
-5.42807
-20.3483
-3.07945
0.24537
-17.2492
-18.5153
-40.283
-11.1792
-12.5804
-7.60984
-0.299846
-16.205
-4.90961
-42.0624
-0.947001
-1.90525
-4.00255
0.16829
-16.3769
-17.909
-5.78139
-31.5946
0.0497722
0.21143
0.194469
-21.5918
-13.541
0.109614
-0.679056
-11.8612
-18.6527
-39.4338
-1.97438
-5.82216
-0.479021
0.103135
0.216866
-3.05187
-0.740778
-9.85691
-5.30928
-11.9088
-1.91902
-1.51112
-8.76016
-29.969
-0.861723
-0.0319493
-8.90018
-25.4876
-5.01825
-0.433702
-0.683696
0.270347
0.186441
-17.9995
-12.0665
0.27806
-1.34964
-43.4032
-19.3774
-14.8833
0.0561238
-12.7784
-27.4512
-6.89497
-15.9669
0.217872
-14.285
0.273726
-0.143704
-6.86886
-13.1288
0.0304596
-16.5606
-12.3294
-5.32126
0.241478
-0.524915
-11.9547
-23.0563
-26.7407
-0.238707
-0.70213
-19.0429
-12.0047
-3.12048
-15.6518
-24.2201
-21.6437
-13.7795
-0.128968
-4.44032
0.215006
-0.200304
-5.84104
-0.0666882
-2.51949
-23.1653
-11.4809
-8.69536
-0.258083
-6.74111
-10.1412
-2.93324
-17.9409
-0.282983
-1.7028
0.247421
-10.2907
-0.258126
-35.4989
-1.31759
-0.449575
0.243187
-16.6308
-1.24551
-6.39692
-23.922
-24.2763
-23.6091
-0.148329
-0.683076
-0.127855
-0.146101
0.145584
-1.60781
-0.393979
-10.0122
-2.63554
-12.7364
-2.80058
-3.91602
-22.1289
-7.59617
-0.374458
-8.4669
-28.9539
-1.43259
-11.0829
-2.54085
-9.96697
-5.1263
-0.29401
-0.659761
-0.734506
-5.12909
-38.5432
-12.654
0.135664
-4.67761
-4.856
-5.71641
-0.851445
-0.226611
-1.76224
-15.4003
0.149779
-18.223
0.146936
-18
-23.4904
-28.9517
-5.85889
-10.6635
-5.91694
-4.40962
-1.82069
-0.195405
-3.52185
-15.9845
-2.16837
0.179911
-28.3581
-2.88435
-10.4379
-8.83429
-5.00232
-28.6962
-14.8295
-3.12377
-17.2696
-22.1375
0.153836
-8.49811
-0.251579
-8.98002
0.290785
-14.2421
-39.7106
-9.72631
-1.88916
-10.6062
0.205756
-1.20089
-16.7175
-3.71055
-20.4504
-20.8972
0.193615
-7.4086
-0.51618
-47.0651
-3.20479
-3.47463
-1.33202
-7.81013
-14.0034
0.264734
-4.17797
-0.980329
-4.09126
-17.5645
0.238616
-25.1979
-2.6632
-8.85485
-7.08231
-15.297
-0.226633
-1.4835
-21.9171
-1.1559
-24.7754
-19.6428
-35.8091
-20.552
-12.9325
-0.0498601
-0.126133
-1.88503
-29.7539
-23.7242
-16.4054
-0.0795167
-1.79224
-0.116571
-18.7375
-6.38282
-11.9589
0.224827
-9.20022
-12.3122
-12.9245
0.237328
-47.1603
-8.55359
-25.8475
-11.7166
-19.0521
0.201153
-0.097656
-37.6215
-11.812
-0.0574325
-3.28419
-5.96691
-3.79114
-5.23648
-9.66503
-6.61937
-12.705
-0.602724
-2.97796
-4.08276
-16.6536
-49.8618
-5.74584
-0.58571
-10.7058
-4.19972
-5.72264
-9.87613
-25.7303
-31.1326
-9.73213
-3.06827
-19.5927
-25.1397
-3.5886
-4.13993
-0.0503921
-24.0049
-17.848
0.199112
-9.98946
-3.34186
-32.2469
-0.413311
-26.9046
-9.33829
-16.7884
-0.0977849
0.207826
-0.592389
-19.9856
-25.115
-13.4965
-6.00869
-15.2036
-33.2621
-4.52063
-2.53691
-7.05555
0.327342
-13.2157
-9.08052
-31.8579
-1.98689
-2.45289
0.252021
-0.801547
-4.07785
-35.9938
-1.25578
-19.5534
-0.573042
-30.5603
-1.43841
-3.477
-14.2843
-0.270873
-17.5067
-13.8229
-15.1681
0.0486357
-18.6926
-0.934628
-25.682
0.138773
-13.3602
-26.2485
-0.974138
-2.88226
-4.09527
-16.5726
-5.7466
-4.55441
0.187892
-13.1615
-1.23911
-38.3888
-2.34298
-22.2905
-0.625208
-8.38753
-0.758954
-19.2196
0.116196
-1.38975
-2.4395
-24.7027
0.291175
-3.42813
-6.75661
-16.2325
-1.36818
-0.0250095
-11.0609
-13.8785
-12.957
0.248573
-28.2453
-4.66956
-2.5693
-5.74732
-16.057
-2.47133
-4.47636
0.00555346
-3.94165
0.0254668
-2.82738
-49.0767
0.0176285
-6.76311
-3.28598
-7.93327
-0.611435
-5.65992
-1.72228
-2.61471
-3.98425
-0.207882
-2.95115
-19.5599
-3.068
-20.251
-12.0224
-2.51074
-0.938978
-2.1933
0.025242
-2.78579
-8.1705
-14.2156
-13.2145
-1.12744
0.162359
-11.0861
-17.1064
-0.795082
-13.3766
-47.3209
-0.950016
-22.5609
-15.5255
-4.70161
-50.5437
-19.6204
-18.831
-35.1367
-1.81665
-27.0575
-23.2057
-0.46705
-0.676548
-4.35616
-2.659
-12.9026
0.217743
-15.6985
-0.0502753
0.0244465
-22.7779
0.247758
-29.1938
-22.96
-6.55959
0.0197269
-10.0168
0.21565
-3.5318
0.180355
-38.2361
-35.6805
-0.591189
-19.5148
-0.482374
-2.12409
-13.0718
-1.59635
-1.23889
-33.4095
-11.9025
-0.090074
-25.1532
0.123559
-3.77873
-19.3038
-0.26677
-4.88626
-4.23686
-7.67933
-4.01585
-0.137828
-3.83506
-9.70522
-9.92935
-6.56656
-7.2628
-13.0526
0.0798985
-9.18359
-10.1657
-13.2796
-2.56963
-32.6596
-14.6092
-24.7594
-17.5385
0.0347402
-39.5594
-10.3621
0.152164
-0.195152
-1.09031
-15.5938
-35.4186
-8.07211
-19.8343
-0.122275
-0.625237
-0.623611
-6.44306
-0.856813
-0.774139
-13.5287
-1.98387
-0.339325
0.117896
-1.71617
-14.4651
-25.8267
-2.95248
-0.943625
-14.285
0.0892066
-15.1536
-0.702606
-35.1005
-22.0541
-4.44959
-2.47213
-7.56423
-7.71571
-5.40627
-0.257012
-0.281331
-18.0583
-12.9214
-28.3872
-20.0978
-4.80041
-12.6983
-1.73249
-0.450046
-15.2925
-5.59456
-12.6012
-2.59151
-34.7134
-10.6582
-14.3153
-10.6454
-19.1057
0.224867
-19.347
0.0449232
-8.68893
-1.88546
-4.33532
-0.961865
-25.6355
-13.1645
-13.0538
-14.5949
-1.90287
-6.43567
0.267432
-4.02995
-37.0255
0.0460411
-11.7307
-15.0783
-0.307037
-6.20546
-10.7622
-3.51733
0.0982239
-0.0745729
-2.25873
-21.1261
-0.16064
-27.9448
-8.38587
-1.03382
-0.383585
-34.1824
-26.4026
-43.2281
0.139602
-0.498969
-26.3595
0.113177
-31.7306
-34.8278
-18.6924
-5.14615
-2.05252
-9.66082
-6.35791
-0.537392
-6.58268
-5.86597
-28.8495
-0.278964
-29.7086
-5.30211
-47.9426
-27.4406
-17.6264
-2.20367
-7.33775
-4.7625
-1.44945
-8.99765
0.117934
0.0721913
-2.26886
-1.07394
-7.28719
-7.78667
-0.418786
-37.148
-13.242
0.265618
-0.455923
-0.830275
0.193197
-0.950859
0.27296
-29.0624
-0.664967
-10.407
0.190736
-4.15419
-22.0081
-8.60838
0.0660635
-0.713495
0.285841
-8.78415
0.0319027
-19.9693
-26.7708
-2.33284
-0.0435158
-12.9025
-2.94911
-16.4379
-0.390992
-1.60576
-16.9994
-1.02027
0.132932
0.0990858
-24.4897
-19.7336
-0.586894
-0.684596
-2.70253
-0.338911
-14.6829
-20.2668
-18.3161
-3.59118
-13.4519
-13.8167
-11.6025
-0.856004
-2.64238
-34.3352
-7.19395
-10.8322
0.147162
-11.9698
-17.388
-5.78102
-3.44384
-6.25852
0.02413
-1.06864
-21.9502
-1.18806
-13.0734
-2.23486
-0.0153908
0.184681
-0.426292
-4.5012
-4.09554
0.201526
-1.60166
-0.375324
-13.8709
-5.64576
0.0621051
-1.48703
-21.1843
-1.27001
-42.9538
-1.70969
-5.46607
-8.95148
-24.4361
0.110035
-46.2087
-10.3798
-22.1943
-6.09677
-7.09446
0.220863
-1.24192
-5.60209
-33.6966
-1.74977
-21.2299
-20.3462
-7.56973
0.162607
-11.8578
-12.8824
-14.4279
-3.90125
-5.92966
-22.0115
-18.9934
-27.813
-18.0226
-3.4177
-9.84675
-5.61793
-15.6914
-18.6299
-0.514251
-0.120499
-8.26579
-1.76797
-43.4158
-10.5621
-16.165
-3.08652
-0.572651
-39.8731
-13.454
-29.4053
-11.9654
-9.20326
-7.57793
-3.66311
-47.1313
-6.59224
-14.7246
-29.8039
-2.09452
-27.3361
-6.45318
-0.461554
-3.08231
-30.9464
-20.1232
-14.1038
-20.2697
0.23066
-22.2985
-7.76651
-22.2231
0.0937783
-8.46513
-24.2583
-14.885
-10.0436
-3.31303
-3.36323
-10.1397
-0.55351
0.263587
-15.9337
-1.7224
-0.82702
-2.78062
-9.75234
-0.364585
-5.04191
-6.65598
-27.1851
-25.7897
-3.28952
-22.2522
-6.13513
-8.37411
-16.6225
0.170134
-27.5599
0.16846
-22.8213
-3.76202
-25.8217
-2.56448
-38.4974
-5.43617
-32.5018
-30.8912
-27.4685
-17.3237
-25.204
-1.01739
-21.1425
-23.7193
-4.91261
-2.2722
-2.42386
-5.26772
-1.35172
-17.0955
0.121222
-1.63706
-18.651
-4.18058
-16.1894
-0.126725
-24.4891
-27.4163
-10.11
-0.210427
-5.92598
-5.64263
-6.12461
-1.10473
-11.0309
-18.976
-15.4767
0.119012
-14.5029
-0.577354
-3.65206
-32.6256
-0.419618
-0.243695
-0.148143
-2.79046
-15.735
0.165517
-11.0452
-24.2239
-15.257
0.178536
-1.61828
-4.63593
-0.389539
-9.28665
-11.3093
-8.28912
-15.0723
-18.5262
-14.9964
0.132305
-32.7494
-27.2909
-4.66702
-1.36825
-37.4769
-1.38553
-15.3112
-4.45087
-8.34851
-1.85065
-25.8178
-53.0826
-36.6592
-17.1788
-15.0838
-0.218029
-12.1835
-14.6862
-32.6502
-42.763
-9.17837
-1.91687
-16.3422
-11.7404
-0.339636
-1.68741
-5.0635
-22.5898
-18.5831
-11.5691
-0.0462249
-1.50148
-3.22482
-11.4782
-2.64673
-11.8007
0.272685
-50.7104
-24.2857
-1.48916
-9.03586
-14.8916
0.286816
-29.4211
-6.58043
-0.369469
-36.7592
-16.2463
-9.69074
-31.408
-10.4788
-16.4618
-11.8148
-0.118622
-3.61556
-19.8566
-0.694552
-19.4888
-1.99209
-1.24423
-1.23425
0.109341
-1.82009
-24.2556
-1.44643
-12.96
-42.2991
-0.958507
-1.7102
-13.829
-10.2463
-20.0392
-4.41878
-26.7502
-16.5677
-20.8371
-3.77374
-11.7911
-4.10195
-0.0244442
-1.18795
-9.41357
-19.0635
-27.305
-9.70277
-7.09731
-1.51345
-11.1027
-12.5365
-1.67559
0.291522
-2.26813
-0.0666802
-6.83283
-4.84698
-25.7422
-12.0722
0.256678
-3.47923
-24.0519
-3.80922
-18.5888
-10.3636
-4.21752
-2.95327
-0.660061
-12.2383
0.27929
-7.47346
0.116462
-2.40896
-21.5028
-23.593
-26.908
-19.7675
-1.02478
0.223337
-0.0792992
-1.51436
0.0805015
-9.31267
-0.941161
0.116706
-4.81403
0.28898
-17.4918
-8.23182
-5.60639
-0.843181
-13.1569
-2.26551
-25.9946
-2.1325
-5.84014
-22.4204
0.292791
-6.42429
-0.906647
-1.60987
-0.290741
-6.98839
-5.83481
-7.77602
-0.408907
-0.177666
-19.9872
-16.2501
-33.5005
-0.897951
-21.8614
-2.84414
-17.1838
-2.90259
-1.30413
-19.9308
0.272662
-12.2563
0.115262
-10.3604
-1.68796
-27.4425
-6.73147
-36.8906
-16.1509
-10.2866
-19.0701
-4.39617
0.196476
-18.6743
-0.3863
0.124046
-7.13349
-24.3381
-3.19535
-4.71338
-12.6785
-9.534
-0.729734
-0.402325
-7.9868
0.0519298
-10.5581
0.147636
-25.157
-17.7243
-5.01282
-0.0522348
-0.18791
-0.075329
-14.3018
-2.73657
-3.36906
-24.2886
-3.34716
0.316627
-17.8343
-0.0102877
0.104596
-0.964427
-12.1101
-0.372266
-27.46
0.172688
-0.353055
-2.12844
-32.2137
0.170512
-0.0101518
-4.88244
-2.66717
-1.4913
-1.28974
-3.81256
-15.0552
-6.47687
-14.3066
-1.18391
-5.4731
-3.12362
-23.5105
-3.38711
-18.332
0.11574
-6.17072
-30.099
-0.00162172
-11.6683
-8.71002
-12.8478
-7.75752
0.0318471
-7.00471
-33.7458
-0.0709327
-35.2238
-10.9675
-0.600441
0.234373
-14.806
-10.1526
-14.5375
-36.8697
-19.2407
-8.08174
-1.47344
-16.035
-28.063
0.213105
-3.2861
-1.73819
-13.259
-39.8825
-4.19783
-3.86099
-3.59842
-11.4204
-0.476959
-2.17014
-2.00646
-6.38451
-2.77614
-0.958671
-0.024245
-11.8404
-8.24417
-2.87623
-12.9449
-34.3135
-13.046
0.25067
-3.07705
-6.3846
0.284017
-21.264
-0.129602
-22.4826
-5.23064
-4.30375
-23.3028
-22.7611
0.26324
-0.408835
-4.78877
-11.3838
0.262044
-1.66306
-38.0058
-23.2686
-16.2442
-1.60396
-15.4944
-32.5467
-1.7591
-17.8269
-2.72783
-4.50749
-5.92923
-25.8639
-0.131438
-7.34994
-4.96287
-6.90393
-10.463
-3.89164
-46.5133
-12.2525
-1.50842
-5.88873
-1.11286
-3.51919
-18.5223
-0.673549
-23.6037
-2.20881
-6.53275
-26.971
-4.45939
-3.41428
-0.320578
-16.0704
-8.01194
-3.79995
0.0193127
-3.28845
-0.83358
-28.4241
-24.9118
-3.15435
-21.7125
-16.5499
-11.3629
-6.54608
-11.709
-46.7107
0.2219
-1.50979
0.153756
-2.13339
-14.752
-9.08908
0.262044
-2.89137
-0.691903
-26.3648
-21.9914
-3.0835
-0.960289
-15.6763
-11.3013
-21.0938
-4.14517
-11.0957
-2.12102
0.172868
0.213952
-20.8296
-11.8522
-6.02144
-3.69196
-11.9929
0.214636
-4.83958
-14.847
-6.20148
-16.6558
-32.7774
-13.4782
-0.052673
-1.02326
-19.6707
-0.301575
-27.8589
-11.8751
-7.77472
-3.71936
-39.8452
-25.3698
-0.832057
-9.9552
-15.4723
-33.232
-0.936483
-20.9386
-8.95536
-0.613678
-0.158831
-29.1132
-1.86096
-19.8915
0.201379
-2.07986
-17.6122
-6.57109
-0.433966
-1.14404
-1.10249
-3.35627
0.109891
0.132619
-15.9428
0.184964
-0.306595
-5.53984
-21.5041
-9.3885
-27.1197
0.218647
-8.14213
-19.9204
-28.2773
0.132375
-4.61771
-7.07913
-1.89452
-18.1758
0.316634
-0.316828
-7.50167
-17.5256
-25.9065
-0.57279
-2.33801
-31.7717
-12.8373
-6.96581
-5.48023
-15.7299
-4.44934
-12.0026
-0.120004
-0.605374
-44.9663
-2.63194
-0.132652
0.0287673
-0.130916
-1.32609
-4.82634
-11.856
-1.66911
-13.064
-0.906805
-0.459489
-1.41832
-3.13745
-0.495243
-0.460346
-1.22468
-3.55046
-5.67499
-3.52365
-1.55626
-2.75654
-2.83382
0.0324326
-7.11211
-8.79691
-12.7736
-3.42863
-31.1429
-2.80236
-17.9502
-0.358963
-1.25135
-0.187232
-7.94138
-2.9235
-10.1805
-3.02193
-0.128006
-20.1271
0.221782
-1.38004
-10.8389
-11.2463
-3.09573
-0.360463
-0.339078
-19.7123
0.101533
-0.778384
-25.2715
-10.8663
-25.4561
-11.7571
-8.26283
-14.7835
0.0359762
-20.4927
-4.65552
0.13563
-8.53386
-33.5378
-8.9101
-19.6253
-7.2898
-1.62378
-5.70584
-13.1574
-0.175694
-5.58816
-21.478
-0.190072
-7.49919
-51.2955
0.18744
-22.5833
-9.24485
-15.0048
-0.0547454
-0.976866
-5.16536
0.0544555
-3.12786
-10.0239
-0.932503
-9.98512
-18.5076
-2.50792
-11.9991
-4.70891
0.298558
-12.1456
-0.577605
-2.31937
-18.8265
-11.0922
-1.10724
-31.0167
-2.49175
-8.46615
-5.03061
-7.85539
0.23124
0.194575
0.163959
-1.21684
-3.93856
-33.595
0.202924
0.0354962
-12.6324
-13.2197
-12.4668
-15.9795
-25.7323
-0.239909
-2.14485
-10.1128
-0.321131
-16.9617
-9.06573
-29.2954
-13.0541
-5.1283
-0.0555133
-1.82671
-11.2452
-1.00799
-7.23709
-2.97123
-17.9123
-20.3761
-5.8378
-22.6752
-22.711
-15.0377
-5.48868
-3.96109
-0.103287
-25.3421
-6.13917
-5.13984
-11.7372
-0.0399591
-0.617556
-2.65548
-0.205622
-10.535
-0.37133
-1.7224
-26.9735
0.189895
0.326142
-20.544
-11.5469
-16.0168
-17.8918
-22.4175
-4.10523
0.178668
-0.722062
-0.746596
0.227166
-3.47014
-0.333828
-0.0446549
-0.177026
-12.2224
-1.56371
-1.42745
-11.1352
-15.5165
-0.05626
-12.6943
-13.387
-13.2213
-0.875484
-1.61064
-1.34322
-15.3758
-3.30483
-21.8926
-1.64507
-3.35376
-0.185814
-0.187098
-9.12443
-28.7432
-0.543345
-3.44009
-5.62376
-2.41528
-0.226358
-15.1402
-15.5566
-0.00767439
-6.18077
0.134207
-12.6874
-1.63905
-6.47202
-13.724
-7.57363
-24.9462
0.0416283
0.277774
-34.9252
-20.7264
-2.06599
0.170677
-6.40339
-1.75383
-0.232005
-0.283396
0.150701
-0.235278
-5.79801
0.163279
-2.40609
-23.9091
-11.4374
0.232302
-0.136377
-7.89859
-0.0775627
0.0953861
-2.48838
-10.4303
-0.0429171
-8.9372
-5.0928
-1.03901
-29.5416
-27.2446
-0.107572
-5.25494
-0.437404
-24.5132
-9.13615
-3.21364
-0.228932
-29.6874
-0.174516
-0.311668
-5.40856
-5.68079
-10.0525
-6.39756
-24.3698
-0.0013691
-4.37776
-0.0958729
-3.11744
-0.476794
-9.51824
-0.150624
-27.5456
-19.6769
0.188991
-2.46247
-0.853901
-1.63632
-0.330848
0.0457936
-24.2449
-0.285019
-22.3213
-0.0291562
-2.01145
-21.8753
-10.5009
-19.5819
-1.75719
-3.35395
-0.420688
-5.37509
-21.4412
-1.95174
-47.215
0.270932
-4.16505
-11.3734
-13.7802
-3.87658
0.138139
0.20821
-8.73209
-3.08572
-10.6643
-0.835987
-0.509289
-3.73609
-12.8653
-5.77246
-2.54952
-2.70275
-13.5207
-15.0333
0.282622
0.249654
-16.9381
-20.4776
-12.2754
-2.06577
-0.0539115
0.23355
-6.92091
-18.4097
-1.11838
-6.90427
-13.5097
-9.27435
-0.0229316
-26.901
-7.83208
-1.67539
0.3073
-23.0596
-11.6195
-9.61281
0.0315266
-14.9053
-0.609982
-32.9083
-0.265585
-0.945571
-6.18106
0.305574
-8.87318
0.135511
-1.02787
-17.5593
-19.9954
-8.09416
-22.8976
-14.558
-3.91846
-0.148122
-33.755
-0.663363
-22.6819
-1.64671
-29.7028
-8.27508
-26.5065
-1.72893
-18.6704
-4.67587
-1.45103
-4.89653
-6.12877
-8.06688
-4.38461
-0.0693026
-12.9878
-1.36214
-0.518714
-17.14
-9.65664
-0.72801
0.086668
0.271974
-15.3327
-6.27859
-17.2154
-20.782
-0.166156
-11.1311
-5.43565
-19.4135
-12.3891
-15.9834
-3.69541
-24.9097
-0.123603
-0.17149
-2.39699
-0.901507
0.00112084
-0.962416
0.0363175
-12.4749
-0.69553
0.101535
-0.42489
-20.3943
0.100888
-1.39439
-13.6054
-11.6689
-15.5142
-15.8366
-19.165
-1.26661
-9.35538
-9.11908
-40.9967
-10.3619
-14.2135
-0.339843
-3.64575
-13.0174
0.235254
0.144758
0.243927
-31.1727
-5.04265
-24.1897
-3.85174
0.123294
-3.16188
0.0609212
-17.625
-0.248966
0.289181
-0.159445
-15.9145
-22.8752
-1.1365
-27.2475
-10.0715
0.223211
-16.1402
-3.92022
-21.4017
-17.8004
-4.75453
-36.727
-6.14622
-0.0264185
-25.167
0.100155
-1.76384
-1.47464
-0.167019
-11.2522
-0.78093
-13.9043
-31.5848
-4.05367
-4.51374
-12.5732
-4.50323
-4.58387
-7.24135
-1.56715
-0.10087
-27.1821
-3.52069
-21.2473
-4.14779
-30.8108
-20.5552
-18.8719
-0.108837
-1.70345
-22.5228
-12.2807
-0.21471
-0.312798
-20.4774
-9.72013
-32.3579
-0.407088
-21.6661
0.288163
0.0808912
-1.97241
-17.9119
0.246516
-8.06696
0.101325
-11.1419
-5.58924
-1.82931
-1.08747
-1.03657
-15.0195
-28.6799
-0.485534
-24.2592
0.16656
-8.73088
-0.451997
-16.9448
0.106945
-12.4195
-12.3257
-1.22831
0.287829
-1.5564
-0.722
-19.3011
-13.5144
-0.104088
-5.93297
-21.329
-1.10454
-2.29078
-40.7989
-9.9921
-5.76115
-9.09404
-14.2264
-5.70773
-0.116462
-0.083623
-13.4228
-30.4097
-2.55513
-3.31315
-2.56648
-0.697063
-1.60142
-4.7362
-34.221
-0.461222
-0.266744
-11.9674
-2.64842
-28.2859
-7.85841
-22.0484
-1.7949
-6.3148
-1.86727
-0.724255
-0.490459
-15.5475
-9.69159
-1.75332
-4.73765
-4.00115
-23.8629
-5.41023
-0.782512
-1.82489
-1.4029
-11.4621
-2.94633
-50.4867
0.0224285
-1.79016
-2.67011
-1.24976
-7.34709
-3.23041
0.2167
-21.3909
-15.0706
-0.395781
-5.79001
-1.44943
-0.916804
0.152071
-1.50038
-1.90757
-46.2835
-8.57052
-38.1059
0.177619
-5.26082
-1.40594
-27.2509
-3.63898
-2.25998
0.163422
-6.75664
0.115995
-23.0704
-0.175534
-12.2909
-0.377839
-14.1883
-4.69801
-2.10841
-6.88342
0.305506
-40.1786
-37.6509
-14.6133
-0.959185
-13.2736
-8.1464
-6.13525
-2.43426
-2.97936
0.0229425
-12.0972
-21.7175
-7.4866
-0.837207
-0.761984
-13.0684
-5.59801
-0.249471
-9.33815
-40.521
-6.70946
-5.95061
-16.5757
0.105573
-3.40505
-36.0863
-9.23053
-5.85362
-13.6354
-30.7818
-0.0876716
-21.0752
-29.0494
-28.5069
-0.330941
-0.600263
-6.51951
-15.5804
-22.6619
-16.1785
-20.2503
-11.7383
-1.34877
-2.06459
-9.84736
-2.95303
0.205744
-13.9959
0.139329
-13.4624
-1.21022
0.277058
0.113064
-13.6325
-0.525219
-6.18546
-0.301988
-4.83557
0.0554309
0.289146
-18.0669
0.232873
0.30938
-11.4276
0.0801715
0.0716102
0.125385
0.135582
-16.3757
-5.08396
-24.4569
-5.47826
-24.1556
-1.174
-25.4428
-6.38663
0.0761225
-0.904661
-2.60678
-7.98082
-6.68237
-11.6283
-0.251586
-3.58552
