1.04044
1.33316
1.26021
1.04777
1.08683
1.00025
1.00025
1.30308
1.27885
1.34443
1.25844
1.02974
1.00025
1.15676
1.06768
1.28843
1.20014
1.00025
1.02473
1.00025
1.37855
1.02046
1.20435
1.4977
1.15674
1.38968
1.13164
1.00025
1.00025
1.17196
1.00025
1.06822
1.17757
1.11937
1.14718
1.38702
1.10719
1.29618
1.24474
1.44373
1.04385
1.41731
1.00025
1.36806
1.27258
1.08836
1.18966
1.00025
1.32508
1.42128
1.01025
1.17026
1.12281
1.11065
1.2262
1.00025
1.24497
1.143
1.03703
1.03627
1.06429
1.04797
1.00025
1.34628
1.66815
1.10783
1.01617
1.29756
1.05786
1.26536
1.28619
1.00968
1.51363
1.06741
1.00025
1.22031
1.06822
1.27551
1.02988
1.11869
1.06606
1.27568
1.52036
1.10263
1.09091
1.00025
1.2018
1.04919
1.08243
1.23032
1.09641
1.2079
1.00025
1.27331
1.44692
1.16064
1.45136
1.07332
1.10444
1.15819
1.00025
1.62363
1.54193
1.57957
1.0527
1.2058
1.46771
1.39487
1.03982
1.09389
1.00025
1.1929
1.2146
1.31954
1.38293
1.59613
1.00835
1.19872
1.13622
1.18874
1.0953
1.15678
1.25716
1.20364
1.00025
1.35148
1.42851
1.00498
1.10899
1.18004
1.24278
1.32982
1.56049
1.55904
1.00025
1.03057
1.70076
1.39779
1.00025
1.00025
1.01987
1.28766
1.09021
1.03711
1.07339
1.00025
1.35616
1.05789
1.57309
1.49525
1.09216
1.02794
1.4741
1.03402
1.19497
1.36952
1.61256
1.26771
1.13508
1.02699
1.01993
1.42982
1.47734
1.09844
1.08189
1.13607
1.0488
1.00025
1.05938
1.22228
1.28623
1.00025
1.48077
1.29276
1.11913
1.36409
1.33419
1.05599
1.18576
1.02725
1.50966
1.16484
1.18905
1.12747
1.03969
1.41495
1.31525
1.52507
1.1622
1.32399
1.00025
1.20108
1.20802
1.2886
1.00956
1.31437
1.0435
1.07211
1.01829
1.00766
1.20808
1.32682
1.37689
1.37488
1.39909
1.18178
1.42919
1.17237
1.34968
1.22045
1.25645
1.28822
1.00806
1.10356
1.14078
1.22856
1.00025
1.3991
1.02245
1.18519
1.03569
1.30564
1.34844
1.37164
1.27173
1.15221
1.00025
1.15904
1.52961
1.24617
1.09586
1.17124
1.39996
1.43457
1.282
1.20174
1.42606
1.04565
1.3565
1.01994
1.01011
1.00025
1.1115
1.22405
1.21756
1.11391
1.24205
1.49244
1.14214
1.29029
1.26757
1.32743
1.02873
1.35537
1.08957
1.01003
1.29413
1.01024
1.05676
1.20924
1.02945
1.1079
1.54858
1.19549
1.47657
1.15275
1.7549
1.00025
1.00025
1.00025
1.26132
1.04159
1.48609
1.46489
1.00025
1.17393
1.07293
1.09249
1.46191
1.31315
1.29396
1.00025
1.18504
1.12128
1.0664
1.13775
1.00025
1.64179
1.14183
1.11668
1.21751
1.10474
1.64302
1.13664
1.16937
1.09248
1.00025
1.04803
1.37869
1.25806
1.02025
1.28978
1.02947
1.00952
1.00025
1.0201
1.04916
1.48097
1.46274
1.22687
1.00025
1.0439
1.05002
1.49198
1.44501
1.4176
1.00025
1.18156
1.06131
1.48151
1.00025
1.09981
1.00025
1.58539
1.00025
1.23014
1.01023
1.21521
1.09077
1.52734
1.49039
1.00025
1.05831
1.26472
1.1644
1.19444
1.20373
1.30984
1.26366
1.03676
1.10733
1.33418
1.29469
1.07997
1.03967
1.00025
1.34756
1.39571
1.03028
1.31167
1.0546
1.12581
1.00025
1.01023
1.17176
1.10681
1.00025
1.00025
1.28488
1.141
1.24219
1.00025
1.01004
1.44802
1.04692
1.28483
1.00025
1.39639
1.00025
1.12629
1.0293
1.30853
1.60526
1.33666
1.02025
1.02024
1.02907
1.12663
1.096
1.00025
1.06656
1.30184
1.07104
1.65217
1.06277
1.30386
1.00025
1.13914
1.13892
1.23414
1.32323
1.17422
1.00025
1.05564
1.00994
1.1877
1.00984
1.30695
1.23947
1.03904
1.05829
1.04911
1.00025
1.14244
1.50835
1.09009
1.37978
1.00025
1.40085
1.10361
1.05398
1.24872
1.17097
1.16056
1.05998
1.09271
1.22507
1.17894
1.11158
1.1268
1.00025
1.22618
1.02928
1.44909
1.23077
1.15317
1.02975
1.46802
1.18764
1.03
1.02263
1.74146
1.09762
1.23501
1.07808
1.21156
1.46785
1.09352
1.00025
1.00025
1.39451
1.08537
1.25737
1.12776
1.22599
1.18369
1.40912
1.29109
1.48015
1.38042
1.50213
1.08661
1.00025
1.44127
1.31804
1.14595
1.11629
1.26332
1.30809
1.19384
1.27384
1.23625
1.25575
1.37327
1.27755
1.22684
1.0671
1.11976
1.32584
1.14096
1.09072
1.48279
1.36719
1.11353
1.01951
1.0744
1.32144
1.47263
1.0102
1.08309
1.56913
1.01022
1.00025
1.18312
1.09896
1.12023
1.21055
1.00025
1.02013
1.01531
1.00025
1.11429
1.06764
1.10861
1.27297
1.40078
1.35952
1.12771
1.15293
1.51974
1.01987
1.47035
1.13589
1.05731
1.68638
1.00025
1.01025
1.12528
1.35315
1.37073
1.4865
1.0551
1.35654
1.00025
1.00025
1.40169
1.06153
1.31975
1.15001
1.00025
1.21669
1.28028
1.0179
1.17043
1.29299
1.00025
1.54968
1.22893
1.04716
1.33513
1.08322
1.26378
1.11858
1.36095
1.45815
1.0182
1.26813
1.07708
1.07388
1.15782
1.04746
1.37227
1.02002
1.0382
1.05867
1.40864
1.00025
1.02008
1.00025
1.04465
1.14736
1.00025
1.11598
1.42646
1.28712
1.19022
1.14353
1.01024
1.03005
1.12954
1.34974
1.37492
1.29292
1.42099
1.32151
1.20442
1.1301
1.18193
1.3843
1.45521
1.11907
1.07849
1.13297
1.23257
1.25916
1.02979
1.36028
1.00025
1.14707
1.00025
1.13378
1.09671
1.08168
1.2439
1.10632
1.3607
1.4221
1.4712
1.03029
1.12642
1.07768
1.10295
1.14246
1.12888
1.29258
1.43267
1.00025
1.21943
1.25335
1.13653
1.00025
1.22692
1.10201
1.14617
1.02124
1.36006
1.04787
1.27577
1.13712
1.18829
1.23067
1.23604
1.0095
1.03972
1.01851
1.00025
1.21305
1.19226
1.4995
1.28711
1.00025
1.20673
1.13744
1.08023
1.07415
1.03987
1.21979
1.04615
1.39819
1.29426
1.28724
1.01673
1.49982
1.02346
1.19575
1.06928
1.31908
1.01025
1.11297
1.00025
1.3393
1.37558
1.01025
1.22357
1.00025
1.07148
1.00025
1.17648
1.30327
1.31263
1.02524
1.551
1.33687
1.13691
1.00025
1.46284
1.0189
1.24354
1.00025
1.05738
1.05009
1.29415
1.29334
1.15603
1.17504
1.09138
1.2222
1.28494
1.29738
1.32087
1.2506
1.19187
1.26558
1.03372
1.03347
1.54913
1.27679
1.28193
1.55165
1.17989
1.54517
1.00025
1.16571
1.20462
1.30569
1.24317
1.00025
1.05472
1.4148
1.44761
1.77194
1.01024
1.43124
1.00025
1.01652
1.01025
1.44625
1.27382
1.10594
1.02685
1.34893
1.1709
1.10098
1.34572
1.44816
1.41207
1.00025
1.0367
1.31043
1.25119
1.05734
1.19775
1.01023
1.01452
1.10727
1.35478
1.0699
1.06421
1.03028
1.44967
1.33223
1.00995
1.0402
1.05683
1.47292
1.07715
1.1751
1.0034
1.26995
1.02783
1.4535
1.23957
1.04504
1.38787
1.10355
1.27995
1.11454
1.25592
1.24752
1.2053
1.19412
1.60422
1.38908
1.19755
1.01025
1.12924
1.55645
1.2605
1.07739
1.05001
1.00025
1.3556
1.36831
1.10031
1.01932
1.475
1.00025
1.08773
1.01006
1.10651
1.31198
1.37576
1.13337
1.16726
1.00025
1.09697
1.00025
1.03699
1.04964
1.41381
1.00025
1.13486
1.01025
1.18357
1.3374
1.00721
1.00025
1.00025
1.00025
1.43474
1.25296
1.06791
1.12425
1.07531
1.45427
1.14546
1.10315
1.20173
1.00025
1.05744
1.12395
1.23276
1.33433
1.09709
1.11299
1.01991
1.01382
1.14268
1.09742
1.08739
1.00025
1.04999
1.02715
1.05562
1.05588
1.00025
1.2133
1.3132
1.19416
1.00025
1.02728
1.08751
1.06989
1.47732
1.00025
1.35652
1.07774
1.42894
1.20593
1.01022
1.06681
1.27498
1.13266
1.3459
1.13871
1.38359
1.57716
1.01975
1.29546
1.30468
1.18915
1.17595
1.26426
1.07399
1.19188
1.01025
1.00025
1.23912
1.06676
1.10261
1.23727
1.13077
1.25652
1.18054
1.54016
1.01427
1.08503
1.01821
1.35643
1.00025
1.07346
1.04225
1.00025
1.0299
1.00025
1.00025
1.27623
1.04041
1.00566
1.11798
1.254
1.05381
1.25219
1.24022
1.12545
1.57938
1.32245
1.01025
1.10662
1.12343
1.4287
1.05485
1.00025
1.00025
1.4112
1.03999
1.20465
1.16234
1.37129
1.13498
1.05667
1.12368
1.2046
1.00025
1.2034
1.07066
1.00025
1.2391
1.3214
1.26538
1.26986
1.28093
1.32636
1.17853
1.02023
1.17339
1.37346
1.19542
1.20229
1.30378
1.11673
1.29534
1.00025
1.01025
1.00025
1.00025
1.48281
1.00025
1.02555
1.11631
1.25019
1.01021
1.33101
1.24519
1.14055
1.1378
1.35837
1.00025
1.00025
1.00025
1.19639
1.00575
1.23931
1.20427
1.11253
1.03575
1.02419
1.00987
1.28397
1.03005
1.02028
1.33366
1.14446
1.2159
1.14253
1.08347
1.02025
1.38977
1.09445
1.16348
1.05853
1.13635
1.20158
1.64741
1.00025
1.1104
1.42858
1.05953
1.00025
1.36979
1.01952
1.15688
1.41532
1.00025
1.10596
1.20082
1.00025
1.15118
1.06922
1.09733
1.29093
1.13452
1.01896
1.38731
1.00025
1.33321
1.30215
1.34408
1.4931
1.32584
1.00025
1.3283
1.05235
1.00025
1.25212
1.19342
1.07181
1.26853
1.11087
1.08316
1.00025
1.00897
1.12205
1.29366
1.1344
1.21771
1.37125
1.33037
1.18803
1.00941
1.05885
1.00025
1.14142
1.23288
1.16696
1.03774
1.30605
1.508
1.26945
1.43549
1.0556
1.1925
1.00025
1.01025
1.4342
1.18498
1.00025
1.14716
1.00025
1.00025
1.24046
1.20786
1.25538
1.00025
1.68045
1.18606
1.22703
1.36248
1.07793
1.03453
1.00025
1.01747
1.21128
1.50755
1.55203
1.05677
1.59271
1.01894
1.2692
1.35417
1.06464
1.73958
1.00025
1.25487
1.05778
1.30272
1.02008
1.1353
1.01025
1.22093
1.19929
1.00025
1.7695
1.17166
1.14616
1.45014
1.1533
1.03281
1.21021
1.08327
1.28799
1.23111
1.00997
1.1971
1.03027
1.30081
1.00025
1.13734
1.13364
1.136
1.27822
1.00025
1.59936
1.13575
1.37843
1.03028
1.18485
1.06997
1.1965
1.00025
1.02022
1.14104
1.03919
1.03809
1.45446
1.00025
1.18967
1.40945
1.16637
1.01025
1.18598
1.0279
1.11829
1.05523
1.19608
1.36042
1.10935
1.32877
1.10696
1.31618
1.00025
1.04463
1.06493
1.42752
1.53123
1.43394
1.04687
1.16899
1.03923
1.00025
1.23974
1.67949
1.00025
1.37997
1.28208
1.31378
1.00025
1.21231
1.00025
1.34673
1.34353
1.10648
1.00025
1.54641
1.46029
1.19081
1.29222
1.09979
1.14335
1.30385
1.1204
1.01025
1.23024
1.147
1.094
1.13339
1.00025
1.27892
1.00025
1.27917
1.15441
1.00025
1.44981
1.111
1.04892
1.00547
1.09299
1.38878
1.14201
1.00025
1.40943
1.00025
1.18895
1.28614
1.31798
1.06307
1.18658
1.25873
1.00025
1.15211
1.27022
1.17835
1.00025
1.00025
1.43169
1.13644
1.14634
1.13189
1.01296
1.20354
1.21032
1.14064
1.26421
1.35195
1.14256
1.12389
1.14585
1.19855
1.06637
1.24104
1.07494
1.07694
1.16207
1.04687
1.00025
1.1646
1.39223
1.08862
1.11606
1.4265
1.04414
1.42754
1.05157
1.21016
1.10101
1.01017
1.01025
1.57396
1.23564
1.30422
1.00025
1.43395
1.2954
1.00025
1.00025
1.05604
1.35825
1.02024
1.00025
1.26936
1.01849
1.18023
1.17524
1.22858
1.04051
1.49789
1.05015
1.25997
1.22816
1.00025
1.03285
1.00025
1.05196
1.0912
1.16958
1.15689
1.26264
1.12824
1.45109
1.07088
1.16129
1.10928
1.01025
1.10901
1.09176
1.41816
1.02922
1.09873
1.22135
1.48339
1.20831
1.19177
1.00983
1.00025
1.20861
1.21087
1.00025
1.06214
1.05826
1.15833
1.00025
1.38776
1.30157
1.47261
1.28137
1.01986
1.01025
1.53318
1.20386
1.26378
1.00025
1.12454
1.19968
1.14318
1.10256
1.01927
1.01006
1.31991
1.00025
1.15264
1.48855
1.2309
1.00612
1.01113
1.13027
1.27179
1.12301
1.51434
1.06363
1.13618
1.13293
1.21171
1.00025
1.08574
1.24923
1.10562
1.00025
1.21729
1.00025
1.0643
1.12971
1.06715
1.00025
1.02885
1.23436
1.01013
1.02987
1.00025
1.11743
1.06797
1.01947
1.32346
1.23378
1.0929
1.35914
1.16592
1.26416
1.27813
1.00967
1.2336
1.38424
1.04956
1.24443
1.16409
1.40013
1.61288
1.01165
1.36222
1.2685
1.0279
1.00025
1.19784
1.05082
1.45934
1.08566
1.01023
1.00025
1.47492
1.03958
1.14493
1.1374
1.0279
1.5603
1.30244
1.10881
1.00025
1.00025
1.31797
1.03561
1.00025
1.06715
1.19919
1.07942
1.01912
1.25206
1.00025
1.27766
1.45968
1.00025
1.21852
1.24637
1.23264
1.39868
1.09142
1.02528
1.01025
1.16233
1.06709
1.07063
1.31257
1.24334
1.01994
1.34784
1.06
1.3528
1.40041
1.04826
1.20413
1.3651
1.1156
1.32527
1.44927
1.00906
1.26849
1.01799
1.05718
1.00025
1.24214
1.05422
1.18434
1.17699
1.33706
1.09674
1.1749
1.01776
1.18205
1.36515
1.00025
1.42137
1.28079
1.20884
1.04752
1.11158
1.4509
1.28101
1.09022
1.31837
1.18377
1.02001
1.08413
1.0199
1.00025
1.35006
1.10759
1.04947
1.00025
1.15412
1.1494
1.03022
1.00025
1.17738
1.00025
1.14231
1.11644
1.12974
1.1058
1.43235
1.02886
1.02808
1.23891
1.06651
1.01024
1.40309
1.01021
1.04997
1.02539
1.13513
1.07473
1.24194
1.44777
1.16943
1.05369
1.30944
1.24129
1.03863
1.09221
1.08853
1.01025
1.36813
1.05306
1.24155
1.01706
1.01958
1.05702
1.30284
1.00025
1.08732
1.08392
1.07655
1.06919
1.42866
1.4958
1.48346
1.56
1.10648
1.02185
1.44134
1.51254
1.0548
1.00025
1.11496
1.07638
1.08555
1.35742
1.17893
1.09496
1.18178
1.05642
1.1142
1.00025
1.03662
1.13983
1.32572
1.08392
1.05666
1.26503
1.08519
1.00025
1.00025
1.00025
1.13628
1.20003
1.00025
1.07461
1.18913
1.06815
1.28824
1.04633
1.11291
1.07787
1.1431
1.27731
1.43697
1.01025
1.35358
1.10889
1.30766
1.1938
1.07291
1.48603
1.45837
1.07615
1.02932
1.00025
1.00025
1.0585
1.12139
1.4389
1.18508
1.35882
1.40726
1.09087
1.20175
1.49016
1.30115
1.07864
1.00025
1.0763
1.04011
1.07744
1.48584
1.00025
1.10489
1.08759
1.2173
1.16525
1.15997
1.00025
1.12677
1.01884
1.11118
1.07474
1.50644
1.25534
1.1623
1.00025
1.26668
1.38014
1.15478
1.08691
1.13821
1.03037
1.01025
1.32685
1.10586
1.42273
1.11917
1.2491
1.29864
1.16334
1.3452
1.00025
1.30083
1.49485
1.00025
1.00025
1.11182
1.41886
1.02847
1.32228
1.37057
1.5622
1.30328
1.28831
1.29097
1.45124
1.3535
1.00025
1.00873
1.49115
1.3625
1.00992
1.26742
1.44961
1.20245
1.00025
1.24561
1.1065
1.07446
1.21036
1.00025
1.05687
1.22554
1.20928
1.2733
1.08006
1.05879
1.10161
1.26372
1.00025
1.30038
1.16495
1.15495
1.08789
1.20812
1.22063
1.01002
1.27626
1.00235
1.27002
1.23316
1.31052
1.08693
1.16264
1.00025
1.00025
1.34998
1.1392
1.01001
1.04881
1.10093
1.39111
1.01221
1.27534
1.01931
1.47554
1.30643
1.09134
1.10018
1.04968
1.22805
1.28175
1.29471
1.04327
1.04572
1.40365
1.00025
1.61236
1.28273
1.00025
1.11134
1.06274
1.56499
1.49534
1.03872
1.18031
1.01021
1.17972
1.24393
1.13528
1.19253
1.2394
1.37581
1.12432
1.07186
1.13414
1.3724
1.53116
1.06122
1.02028
1.00025
1.22209
1.29428
1.54719
1.04165
1.00025
1.28088
1.05614
1.02873
1.07796
1.3047
1.00025
1.10464
1.1702
1.65354
1.00025
1.1016
1.11078
1.28743
1.07535
1.20677
1.00985
1.30178
1.10441
1.24779
1.50436
1.13531
1.45037
1.24922
1.01851
1.00149
1.26171
1.00227
1.034
1.02927
1.12174
1.00025
1.16961
1.00025
1.30665
1.00025
1.01025
1.00025
1.29691
1.02025
1.09233
1.32417
1.09874
1.25278
1.1412
1.05001
1.19565
1.04038
1.11543
1.33465
1.00025
1.12651
1.43551
1.47062
1.53959
1.08534
1.31137
1.00025
1.07127
1.30057
1.01789
1.0299
1.10844
1.03338
1.04647
1.20626
1.0457
1.28222
1.27994
1.14865
1.33385
1.35886
1.0955
1.43629
1.08571
1.22116
1.30193
1.25456
1.03848
1.35457
1.15847
1.18736
1.02022
1.00025
1.00025
1.01013
1.35313
1.00983
1.00025
1.00025
1.0299
1.00025
1.49431
1.13005
1.05836
1.55154
1.39687
1.16878
1.05532
1.18456
1.07376
1.38889
1.45428
1.25474
1.39698
1.01019
1.17361
1.35042
1.37342
1.01675
1.06693
1.14404
1.00025
1.04184
1.40719
1.00025
1.10839
1.00025
1.08454
1.26318
1.00025
1.22266
1.24064
1.00025
1.4896
1.10706
1.12004
1.24329
1.10801
1.1224
1.02025
1.00025
1.00654
1.08222
1.01019
1.22456
1.22619
1.07713
1.3068
1.33608
1.00025
1.16684
1.00025
1.22338
1.00025
1.09042
1.00025
1.1803
1.25148
1.02897
1.02763
1.44435
1.2791
1.03743
1.08459
1.00025
1.28218
1.01025
1.46691
1.49428
1.12429
1.11527
1.61959
1.06841
1.40068
1.10023
1.0503
1.19507
1.17209
1.33823
1.00971
1.00025
1.43598
1.02979
1.35087
1.02018
1.31288
1.02025
1.43235
1.12706
1.06324
1.28697
1.50273
1.18331
1.35911
1.07769
1.10353
1.27506
1.00025
1.00025
1.30065
1.3525
1.00025
1.00025
1.11451
1.08114
1.01025
1.02026
1.47019
1.36064
1.05868
1.00025
1.2312
1.13478
1.09671
1.29198
1.37025
1.1751
1.00025
1.22653
1.20168
1.03013
1.26968
1.02772
1.07891
1.00025
1.14778
1.17987
1.30801
1.30916
1.25023
1.00025
1.02913
1.44438
1.05984
1.1408
1.01993
1.24816
1.05881
1.10495
1.18885
1.23815
1.14074
1.00025
1.28252
1.14444
1.29365
1.20994
1.20825
1.26619
1.69024
1.01005
1.0381
1.22195
1.17339
1.34111
1.2737
1.35207
1.22417
1.16342
1.00025
1.30195
1.00025
1.33045
1.19139
1.32924
1.02886
1.00959
1.15736
1.49635
1.09876
1.56562
1.00025
1.42665
1.05334
1.43866
1.0977
1.10161
1.20167
1.06295
1.50678
1.00025
1.00025
1.01008
1.20268
1.00025
1.16961
1.18845
1.09168
1.23746
1.46834
1.00025
1.04731
1.22695
1.19828
1.18684
1.16609
1.05814
1.47768
1.1947
1.00025
1.0347
1.04661
1.11597
1.28083
1.08812
1.02877
1.04009
1.14184
1.03103
1.00025
1.2849
1.01957
1.00025
1.00025
1.3734
1.20433
1.272
1.00025
1.00025
1.00025
1.02019
1.10156
1.21821
1.17675
1.26503
1.13934
1.36958
1.13193
1.32363
1.02708
1.15585
1.44002
1.51418
1.03706
1.37383
1.01785
1.46969
1.13629
1.25602
1.54417
1.00025
1.2299
1.46336
1.28711
1.3113
1.50551
1.32437
1.48478
1.02667
1.07728
1.00025
1.08057
1.00025
1.29842
1.00025
1.15793
1.4895
1.14182
1.11938
1.06599
1.0381
1.02856
1.24235
1.11625
