-1.03992
-0.407366
-2.18103
0.141406
-1.02448
-2.74162
-1.95571
-0.259308
-0.402853
0.305404
-0.472865
-1.23138
-2.16769
-0.279289
-1.40117
-0.929859
-1.55744
-0.085132
0.315539
-0.312867
0.226555
-0.552139
-0.499131
0.318228
-0.600635
0.163992
-0.255091
-1.58113
-2.71577
-0.794403
-2.19574
-1.03512
-0.44788
-1.37703
0.145407
0.237126
-1.29732
-1.03556
-1.05655
0.236873
-1.24396
0.123227
-0.610514
-0.387164
0.156335
-0.428684
-0.105002
-1.61448
-0.297125
0.324571
-0.804405
-1.00681
-1.46305
-2.0187
-0.0407254
-3.72172
-0.96139
0.0539448
-0.414823
-2.38633
-1.04805
-0.169505
-1.18879
-0.438905
0.16639
-1.69764
-1.8436
0.326411
0.290317
0.172875
0.239274
-3.60814
0.349371
0.0694866
-0.646822
0.192619
-1.59342
0.0935664
-0.283838
-1.57225
-0.92942
0.00199289
-0.317806
-1.94014
-0.800929
-3.06365
-3.03255
-1.21069
-0.135347
-0.811552
-1.00544
0.262021
-0.271258
0.217798
0.250434
-0.182129
0.363299
-1.83174
-2.86477
-1.74675
-1.06793
0.155576
0.0812029
0.232382
-1.06081
-1.24033
-0.0430538
0.166209
-0.278897
-0.275523
-2.16974
-1.50456
0.309121
0.00976994
-0.855377
0.163649
0.0313663
-0.00102673
0.214986
0.347342
-0.202522
-1.02286
-2.05267
-0.748184
-2.49886
0.157345
0.260706
-1.40591
-0.965468
-0.217471
-0.499823
0.0480966
0.0840882
0.171113
-2.09697
-0.330872
-0.00345617
0.136012
-3.95003
-2.25993
-0.302694
0.191882
-2.64369
-1.20053
-2.30559
-2.34747
0.134291
-0.364549
0.341541
0.248714
-0.33989
-3.94851
0.138101
0.0245585
-0.20157
-0.48228
0.0882992
0.00900368
-0.166474
-0.573169
-2.23773
0.297429
-0.135311
-0.152653
-1.17671
0.0961117
-2.72309
-2.34606
0.0272889
0.0636316
-0.143228
-0.0932634
-0.0603762
-1.38398
-0.648427
0.26647
-0.736118
-2.38539
-0.911257
-4.41751
-1.40108
0.0208339
-0.0970013
-0.171766
-2.15933
0.321072
0.317537
0.0355031
-1.6443
0.234962
-1.61748
0.0786188
-0.865394
-2.31427
0.259842
-0.731671
-0.815015
-1.42262
-1.89397
-1.9678
0.24959
0.122996
0.0463178
-0.118966
-0.0138892
-0.116999
0.329708
-0.431651
0.225103
-1.15124
0.115545
-0.387482
-1.34224
-0.696779
0.0959436
-1.54304
-0.672956
0.325256
-0.268331
-0.344157
-1.2355
-0.296015
-1.60223
0.255429
0.338967
-0.93672
-0.910574
-1.17513
0.213778
-0.0062945
-2.47097
-1.41055
0.0165113
0.305706
-0.109205
-2.78455
-0.259358
-3.93487
-0.237938
-0.678654
-1.79941
-1.73604
-0.100127
0.0498653
-1.11995
0.116474
0.273082
0.304518
-3.05247
0.245066
0.352993
0.0469125
-1.20501
-0.323521
-0.163299
-2.16177
-0.585297
-1.22855
-0.758883
-0.391745
-1.45766
0.266255
-0.0675338
-0.325288
0.317006
-0.91897
0.242469
-1.02344
-2.3677
-2.06174
-2.34224
-2.58661
0.333162
0.0529196
-0.25951
-0.0797096
-1.1547
0.345866
-0.91778
0.273009
0.101938
-0.641975
-0.720975
-1.40576
-1.2552
-0.470034
-3.50871
0.1092
-2.408
-0.843065
-0.928769
-1.44627
0.231197
-1.29052
0.135689
-0.311488
-0.335599
-1.44701
-0.396431
0.190171
0.0349209
-0.0397032
-0.86317
-1.85048
-0.297214
-1.25192
-2.64027
0.292837
0.175002
-0.872155
-1.4939
-1.75066
-0.134134
0.351105
0.119559
-0.424833
-0.415446
-3.15567
-1.74858
0.252053
-3.38594
-1.16008
0.181556
0.27876
-0.626375
-2.0622
-1.43628
-0.548775
-1.66227
0.394076
0.330647
-3.84904
-0.650281
0.0565443
0.256391
-0.34782
-0.901023
-0.266462
0.35254
-2.51638
-3.26409
0.263549
-0.137579
-0.8849
-1.11724
-0.645544
-0.270785
-0.398965
-0.249326
-0.292289
-0.964906
0.23723
0.0449341
-2.01176
-0.537621
-0.689082
-2.10081
-1.40607
0.159177
0.202234
-0.84054
-2.41194
-1.50233
0.174186
-3.8382
-0.0122561
-1.64682
0.0692874
-1.73204
-0.550983
-0.530832
0.120743
0.333964
0.257712
-1.0864
-1.29664
-0.125073
0.19929
-0.822814
-1.50981
0.0951379
-0.13852
-2.19304
0.402176
0.0684953
-0.777906
-2.6185
-0.131025
-0.652961
-0.159157
0.0173295
-0.484144
-3.33417
0.309652
-0.28217
-0.342208
-1.77748
0.330455
-1.95664
-1.65589
-0.104209
-0.491663
-1.90031
-1.23567
0.342687
-1.98673
-0.569402
-2.48391
0.330777
-0.227171
-3.13555
-0.198609
0.196306
-3.03117
0.220611
-1.68375
-1.17701
-0.475498
-1.05412
-0.138112
-0.0692249
-0.48906
-0.434673
0.0125183
-0.582996
-0.389669
-2.44562
-0.00410038
-0.158423
-2.68448
-0.156639
0.353594
-0.439967
0.0911821
-0.186711
-0.0408287
0.0110671
-1.5001
-0.728127
-2.61555
-0.3147
-0.98826
-1.55092
-0.745027
-0.0527471
-0.593179
-1.85079
-0.587315
-0.496101
-0.555882
-2.50509
-0.215533
-3.20116
-1.57867
-0.0314838
0.362546
-1.19454
0.149661
0.330016
-0.529824
0.314112
-0.456968
-0.140453
-0.748592
0.0238319
-0.593985
-1.90594
-1.4077
-0.692466
-0.573762
-2.39312
0.166059
0.348422
0.0370392
-1.1121
-1.69273
0.256293
-0.0534004
-2.14475
-1.04196
0.231539
-1.53922
-2.11379
-0.219939
-0.401214
-1.4115
-0.724071
-1.29166
-1.55676
0.0877955
-1.61994
-0.253456
-2.48127
-1.41496
-1.13006
-0.976573
0.259331
-0.992424
0.235481
0.277731
-1.84562
0.301176
-0.120272
-0.225767
0.304687
-1.36225
-3.03933
-1.17076
0.112752
-0.0324612
0.140343
-0.209254
0.140088
-1.20167
-1.57836
0.0323038
-3.02108
-0.348626
-0.699334
-1.11659
0.174211
-0.534232
-2.42873
-1.96854
0.261605
-1.08089
0.356699
-0.1766
-1.14936
-0.446703
-1.01356
0.221902
-0.227553
0.0971955
0.377231
-2.23047
0.293566
-0.0711667
0.302516
0.0850337
-0.261056
0.19744
-2.08907
-0.152115
-0.103031
0.36581
-1.16181
0.131341
0.362971
-0.128366
-0.165823
-3.53518
-2.01447
0.0197134
-0.208579
0.16256
-2.78524
-0.310515
-0.905458
-0.938158
0.411378
0.169876
-0.214337
0.298971
0.169778
-0.638202
-1.23164
-0.472789
0.127813
-0.413379
0.154503
-0.803734
0.00133085
0.0939524
-2.53531
-2.86509
-0.549129
-3.09133
-0.465573
-2.09711
-0.239212
-0.805879
-0.20258
-0.0285578
-0.12449
0.351202
0.216078
0.284501
-1.3353
-0.767134
-1.60132
-0.802764
-0.422037
0.170753
0.197396
0.0522848
-1.31518
-0.000948279
-1.60759
-0.197603
-1.84675
-0.816453
-1.07293
0.15026
0.194566
-0.58632
-2.15528
0.130113
0.103998
-0.789751
-0.418009
-1.07693
0.111615
-0.00438808
-1.03363
-1.9895
0.283006
0.197684
0.323137
-0.485572
-2.40389
0.212787
-0.366579
-0.0434606
0.0062255
-0.087373
-0.2085
0.098156
0.189999
-0.408502
-0.0864588
-1.79147
0.314784
-3.29527
-1.14483
-3.22112
0.0944793
-1.8382
-0.354645
-1.45505
-0.250901
-0.470282
-0.349617
-0.262441
-1.51779
-0.4163
-1.24574
-0.324767
0.0789266
0.241106
-1.0971
0.326285
0.0869949
-1.15072
0.168161
0.375038
-0.273437
-1.33968
-1.21145
-1.90632
-0.526287
-0.0357745
-0.426125
-0.284505
0.185633
-1.3108
-0.327831
-0.00828374
-0.263161
-1.22862
0.0186201
0.286144
-0.714472
0.183024
-2.40146
0.260789
0.0264779
-0.0118379
-1.13068
-0.462375
0.255716
-1.27967
-0.591371
-0.856177
-0.294948
-1.50232
-0.937827
0.117342
0.298087
-0.21497
0.322875
-0.274859
-1.95178
-1.02898
-1.12397
-2.4249
0.0248276
0.140705
-1.14224
-0.0129453
-1.21473
-0.474104
-0.302439
0.0522779
-0.324657
0.272335
-1.65203
0.380598
0.24815
-2.76478
0.00396699
0.262341
-0.254335
-0.101672
0.110135
-0.400774
-0.329981
0.191722
-1.57367
0.353824
0.265835
-2.54327
-2.41784
-0.0524697
0.358663
0.106427
-1.96332
-0.391548
0.113539
-0.552704
0.226395
-0.262321
-1.10487
-0.092254
-1.07495
-0.333236
-2.66715
0.312834
0.178634
-0.111591
-0.176254
0.210613
0.142658
-0.552818
-1.90342
-0.679872
0.263674
-0.123686
-0.755517
-1.04
-1.50237
0.0450944
0.0575576
-0.704103
-2.50905
-0.240083
-0.847242
-0.589037
-0.464617
-0.133547
0.171151
-0.245856
-0.176245
0.0734327
-1.33236
-0.111459
-2.28323
-0.414536
-2.16042
0.14431
-2.15181
-0.274801
-1.6279
-0.363867
0.342051
-0.803158
-1.00506
-1.59038
-3.09052
-0.0173087
0.0327798
-1.77708
-1.14658
-0.473009
0.0287357
-2.03221
-0.0385674
0.0163022
-2.84694
-0.0634129
-0.721121
-1.81088
-1.13769
-2.6379
-0.895049
-0.983789
-2.87484
0.209668
-1.06809
-0.949148
-0.0368665
-1.33526
-0.427919
-0.628799
-0.30851
-1.10234
-0.830818
-0.900367
0.11682
-0.410434
-1.79678
-3.25206
-1.21868
-0.519487
-1.68407
0.0175761
-0.345907
-0.00435796
-0.995102
-2.22095
0.124784
0.119054
-0.00818624
-0.306733
0.146163
-1.0869
0.293957
-1.65916
-0.963133
-0.165796
0.176719
-1.39789
0.0466861
-0.316829
-0.702498
-1.46095
-2.94348
-0.449876
-1.8999
0.0795045
0.232116
0.137992
-0.294561
-0.376935
0.117663
-0.0920005
0.307575
-0.405768
0.151377
-2.20247
-0.684191
-0.179927
-1.04388
0.109303
-0.846089
-2.47939
-1.3287
-1.7312
-0.79714
-1.2381
0.207817
-0.0240018
-0.945992
-0.830109
-2.09917
0.148237
0.0567175
-1.34571
0.00706795
-1.71854
0.0323864
-1.91088
0.0589947
-4.39576
-1.01479
-1.22216
-0.0957434
0.0385128
0.00898584
-2.09785
-0.551431
-3.24734
-1.36676
0.15375
-0.495193
-0.83382
-1.90413
-1.14427
-0.471551
-0.191861
-0.1272
-0.175862
-0.221189
-2.01151
-1.62948
0.126312
0.2519
0.162226
-1.0776
-0.525889
-0.0722234
-0.0211137
-1.86134
0.00697484
-0.639566
-1.87049
-2.20995
-2.17885
-0.918339
-0.304951
-0.0902179
-1.84195
0.203345
-1.91303
-0.548687
-2.78562
-0.729318
-1.82231
-2.31137
-3.582
-0.225975
-1.71939
0.113311
-0.523785
-0.086781
-3.21
-2.41166
-2.71107
-0.806184
-1.6664
-0.163054
-0.359623
-0.752462
0.188137
-0.420608
-0.633064
-2.14741
-0.0653909
-1.07244
-1.34819
-1.64196
-0.124764
-0.968677
0.188009
-0.831406
-0.759347
0.274741
-3.99385
-1.24572
0.389552
-2.00573
-2.09957
-0.258357
-3.41601
-2.01637
0.0225688
-0.35246
-0.174238
-1.08346
-1.76485
-1.14214
-0.53959
-0.644097
-0.0300458
-0.912833
-0.269048
0.0892335
-0.24474
0.253664
-0.37786
-1.57013
-0.429285
-3.44467
-0.918468
0.0290207
-0.482606
-0.161196
0.2087
0.210068
0.0714138
-1.9489
-0.441051
-3.58866
0.196312
-0.213461
0.127694
-0.711037
0.272254
0.326365
-1.15454
-0.264241
-2.69042
-1.15924
0.364068
-0.386674
0.0281436
-1.66943
0.3036
0.0886548
0.254442
-1.77461
0.312841
-0.277302
-0.228493
-0.0577925
0.322681
-0.574406
0.213862
-0.611029
-1.27591
0.177095
-0.0193352
0.0686182
-1.40072
0.327183
-0.727003
0.198989
-0.584589
0.00923629
0.311943
-2.26011
-0.837447
-2.30642
0.357292
0.267984
-0.276651
-0.0289832
-0.719075
-0.132698
-0.136024
-0.974345
0.38603
-1.88621
0.120145
-2.16249
0.315302
-1.05774
-0.488496
-1.44194
-0.30475
-0.182487
-2.70994
0.265516
-2.22237
0.107504
0.0793427
0.0446419
-0.692325
0.180883
-2.61378
-0.75029
0.057073
-1.43421
0.221667
-1.04474
-0.709178
-1.75623
0.00593088
-0.11746
-2.37137
-0.121113
-1.37035
0.189778
-1.28797
-0.0686236
-0.707856
-0.436745
-1.01199
0.0498789
-1.58935
0.255467
0.0324405
0.178961
-0.425415
0.0988549
-0.909414
-1.61456
-0.0420522
0.221609
-0.393109
-1.12747
0.180268
-0.920144
-0.397427
0.213326
0.258965
-0.536652
-0.00899484
-1.17255
0.275878
-0.991238
0.128884
-0.273871
0.332907
-0.023927
0.3442
-1.71997
-2.29412
-2.4811
-1.22016
-0.126921
0.305122
-1.22049
0.205179
0.0787272
0.252565
-0.112241
-0.271051
-0.650702
-0.685795
0.125413
-0.298015
-3.58275
0.288865
-0.657904
0.172298
-0.746636
-0.207055
0.142755
-0.117655
-1.36704
-0.7241
0.210075
-0.406498
-0.801037
-0.27859
-2.59077
-0.641614
-1.41666
0.30196
-0.487617
-3.03476
-0.068903
-2.21298
-0.120032
-1.61328
-0.861559
0.0859483
-0.842816
-3.26561
0.234478
-0.201331
-0.44845
0.281625
0.0732846
-0.335112
-0.265895
0.265014
-1.80698
0.0272228
0.0884309
0.0134898
-1.05751
-1.08737
-0.123992
-0.112963
-0.532575
-0.489996
0.212998
-0.0825527
0.0264798
0.0547828
-0.0651357
0.246104
-0.0973529
-0.539965
0.167506
-1.73315
-0.120111
-0.156588
-2.55874
-0.865776
-0.633047
-0.669971
-2.40521
-0.00369353
0.358748
-1.05036
-1.17089
0.356838
-1.08473
0.0754213
-0.575529
-0.684273
-0.575861
0.188891
-1.37469
0.348476
-0.436163
0.0332652
-1.95711
0.207831
0.303138
-1.92364
-1.06963
-1.78878
0.112574
-1.30744
-2.22675
0.29751
-0.920636
0.138305
-1.23675
0.133211
-0.671631
0.366844
-0.693721
-1.64238
-0.535414
-0.227396
-0.324257
0.0883216
-0.609459
-0.662305
-1.08611
-1.11263
-0.476697
0.171116
-0.06688
-1.6751
-1.93162
0.327022
-1.02201
-0.330348
-1.33546
0.0717041
-1.29696
0.0741047
-0.825329
0.354844
0.060723
-1.86127
-0.759236
-1.76197
-0.747684
-0.0837558
-2.11523
0.134751
-1.43615
-1.89857
-1.81585
0.209714
-0.771547
-0.342772
-0.057956
-0.500942
-0.62122
0.255131
-0.179547
0.00743868
-1.90378
-0.31741
0.238687
-1.58254
0.107361
-1.76517
-1.28299
-0.0147404
-0.431993
-0.647009
0.395885
-0.402425
-4.11049
-1.44191
-0.299563
-1.27157
-0.931545
0.0897889
-0.205481
0.01812
0.263447
-0.126955
-0.874469
0.290116
-2.15979
-0.975214
-1.83868
-0.252821
-0.181479
-0.627396
-0.72118
-1.43933
-1.6234
-0.0671706
0.414809
-2.26468
-1.41236
-2.21888
-1.61286
-1.06075
-0.513819
-0.594297
0.170062
-0.277711
0.358447
0.0404304
-0.956183
0.0526763
-1.79745
0.136217
-1.44115
-0.569115
-0.747527
0.223796
0.311641
0.393053
0.238324
0.243167
-0.528095
0.262369
-1.6719
-0.663448
0.0970913
0.206944
0.156901
-2.28434
0.299704
0.146639
-0.159738
-2.47451
-1.26438
-0.382492
-0.326085
-0.703194
0.0546601
-1.01722
-0.693252
0.0469446
-1.53813
-2.13364
-0.869288
-0.128857
-0.617418
-2.07308
-0.54468
-0.833106
-0.537424
0.249442
-2.51825
-0.0412275
0.0174898
-1.47838
-0.231116
-0.379448
-0.305637
-1.55398
-0.231421
-0.936533
0.236006
0.405021
0.25241
-0.20908
-0.0135741
-0.05358
0.0390627
0.274217
-0.953163
0.351702
-1.47463
-0.379963
-0.100803
0.241445
0.142667
-0.828533
0.0343507
-0.567363
-1.65453
-1.16388
-1.74367
0.0891035
-1.09117
0.341209
0.285862
-0.658519
0.122362
-0.445437
0.35247
-1.27723
-0.0182698
-0.00806144
0.347659
-0.00179629
-0.616054
0.28426
0.198362
-0.0505158
0.265612
0.328985
-1.97078
-0.802793
-0.901623
-0.340618
0.185488
-0.824769
-0.366749
-0.70389
0.0419353
-0.301063
-0.249149
-3.39551
-0.464312
-0.735504
-1.85307
0.0316248
-0.163453
-0.526031
0.318775
-0.654444
-1.5778
0.241876
0.149972
-1.08659
0.0483321
-1.165
-0.593951
-0.574177
-0.412915
-0.819028
-0.149735
0.324946
0.0902172
-1.82068
-0.361037
0.256623
-2.36062
-0.842213
0.268483
-0.965977
-1.58228
-0.389212
-0.671621
-2.12403
0.0443106
-0.668476
-0.87538
-2.94425
0.158237
-0.543381
-2.59598
-1.26964
0.187739
0.313778
0.268533
0.151974
0.230271
-1.23274
0.353842
0.197941
0.235658
-1.84017
-0.992526
-0.267161
-1.56812
0.216281
-0.911025
0.0346239
0.142887
-1.52167
-1.05626
-2.31461
-1.09492
-0.198343
-1.14129
0.345785
0.125521
0.303983
0.257616
-1.26837
-0.406873
-0.098832
-1.05908
-0.0303096
-2.47237
-0.24012
-0.0185286
-0.530273
-0.28771
-0.975466
-1.47984
-0.78417
-1.24926
0.234451
-0.324555
0.179744
0.338349
0.210891
0.164047
-0.708115
-2.50456
-0.214714
0.0471952
-0.680532
-1.59063
-2.57558
-1.31225
0.134756
-0.420705
-0.0387291
-1.24251
0.164817
0.0194333
0.102201
-1.16246
0.221772
0.0878956
-0.1346
-0.214754
-0.949768
0.359279
-0.161579
0.32123
-0.965351
-2.19663
-0.600724
0.230242
-1.14382
0.309968
-2.47231
-0.119412
-2.06404
-1.37839
0.0785223
0.0923414
-1.45478
-0.076798
-2.74949
0.316306
0.291685
-2.57551
-0.591259
0.322095
-0.641011
-1.91946
-0.310663
-0.0836366
0.238698
-0.923692
-0.387947
0.184007
-0.963477
0.317654
-0.0286321
-0.317212
-0.0153658
-2.87019
-1.66506
-1.70761
0.200937
-0.525819
-0.0481959
-0.260708
-0.911666
-0.352919
-0.0154453
0.296345
-0.0146805
0.272461
-1.57461
-1.80022
0.316673
-0.429795
-1.27199
0.302429
0.331786
0.304022
-0.0123706
-0.933245
-0.917603
-1.16806
0.00354645
-1.22998
-1.2911
-1.06254
0.0811196
-0.274927
-1.15874
-0.648376
0.0158984
-0.528286
-0.411967
-0.163414
0.17223
-0.247402
0.235965
0.297166
0.13878
-2.63323
-0.897782
-1.11017
0.327312
-0.178577
0.241734
-0.486157
-0.226209
-2.27801
-0.127634
0.0775961
0.0714713
-0.424822
0.164975
-0.617826
0.0219924
-1.23466
0.112059
-0.742057
0.450856
0.30571
0.189273
0.0319636
-1.56768
0.367511
-0.843317
-0.150803
-0.778234
-1.19481
0.164468
0.149764
0.159063
-0.590114
-0.956077
-0.307052
-0.749646
0.157227
0.106665
-1.02065
-0.182293
-0.636015
-0.933271
0.0699372
-0.333488
-1.54386
-0.0774405
0.208623
0.165089
-1.35966
0.224002
-0.271547
0.0590109
-0.682506
0.0414692
-0.70398
-1.37404
0.250588
0.208208
0.118558
0.00822466
-1.31581
0.178261
0.00259774
-0.11762
0.180025
-1.04622
-0.533425
-0.176244
0.214004
-1.12002
-0.342987
-0.0658856
-0.123547
-0.562733
-0.26369
-0.483322
0.223961
-0.65436
-0.0040662
0.197451
-1.39473
-0.127089
-0.156202
-2.19787
-1.34676
0.354467
-1.49518
-1.93763
0.0280575
-0.783696
-4.2128
0.228326
-1.66519
-0.371389
-3.05955
-1.52537
-1.80604
0.147822
-2.42621
0.321799
-0.0924468
-1.66715
0.185247
-0.918254
-0.860573
-0.0869402
-0.683002
0.044277
0.280917
-0.615831
-1.89789
0.234093
0.155383
0.122854
-1.15349
-0.45356
-0.958095
-0.130201
0.240952
-0.0576342
-0.739979
0.131759
0.197342
-0.380344
-0.69089
-1.13438
0.252087
0.202374
-0.371104
0.354266
-1.03993
-0.379929
0.263358
-1.38154
-0.227855
-0.361463
-0.195561
-0.0666475
0.177064
0.14251
0.150522
-0.857713
-0.99421
-3.64963
-1.56582
-0.11126
-0.00958174
-0.508247
-0.127415
-0.483191
-0.399551
0.184021
-1.27659
-1.47242
0.104257
0.307461
-0.263564
-0.458933
-0.582748
-0.149942
0.269767
0.188256
0.1085
0.392146
-1.53117
0.122646
0.3983
0.340473
0.00780132
-0.83512
0.0840766
-0.443416
-1.47663
0.311179
-1.50876
-0.710068
-2.20607
-1.03756
-0.276207
-2.97247
0.176792
0.0126572
-1.79819
0.108721
-0.044753
-0.372669
0.207851
-0.238861
-0.327959
-2.94429
-2.5548
-1.88612
-0.333296
-1.71235
0.0799321
-0.0423772
-1.82596
-0.588586
0.317057
-2.03385
-0.451506
-0.661339
0.0596719
-3.27012
0.146847
-1.4042
-0.0477023
0.0969761
0.0414964
-0.399335
-1.83985
-1.02945
-1.90492
-0.728823
-0.568299
-1.04345
-1.12012
0.134723
0.107735
-0.107121
-0.0674115
0.0404345
-1.37026
0.314832
-0.12645
-2.04963
-0.038161
-0.288833
0.156656
-0.960025
-1.5639
-0.0668907
-3.06946
0.253588
-0.672382
-0.0871089
-2.10607
0.147545
0.239896
0.0459852
-0.867619
0.192487
-1.33992
-1.61432
-0.140541
-1.95639
-2.77141
-0.438674
0.0635431
0.101962
-0.554559
-1.71055
-1.95061
-0.140058
-0.00215859
-0.781218
-2.68162
0.0501045
0.38294
-0.124907
-2.25608
-0.641047
-0.773574
-2.14003
-0.72078
-0.0544957
0.227235
-0.237046
-0.209457
0.266536
-0.315113
-0.0863413
-0.307489
-0.590783
-0.193539
-0.593056
-0.997848
-0.0538073
0.15255
0.322415
-0.723533
-0.49503
-1.82793
-1.05534
-0.321624
-1.29997
-0.581865
-0.107882
0.274614
-0.161939
-0.502663
-0.628988
-0.789527
-0.16478
-0.671286
0.097639
0.0861853
-1.12919
0.292593
0.230455
-1.73355
-0.0961241
-1.51347
-0.865432
-1.26735
0.223773
0.278472
-1.35202
-0.141374
-1.54311
-0.741121
-1.02411
-0.619044
0.117069
0.303612
-0.705311
-1.423
0.324656
0.232304
-0.182623
0.00794218
-0.955934
-0.0558987
-0.548613
-1.12251
-0.263606
-0.472
-0.0111068
-2.03945
0.130952
-2.45001
-0.145788
-0.36687
-0.259309
-1.95804
-0.430425
-0.0302748
0.00697461
0.39085
0.253786
-0.0462478
0.199928
-0.224576
0.0423355
-0.345638
-0.466835
0.150478
-0.142684
-0.737574
-1.06696
0.123624
-0.55453
-0.602902
0.130504
0.292651
-0.374675
-0.212585
-0.149495
-0.500688
-3.21538
-0.156239
-1.0747
-2.65079
-0.9093
0.196472
-0.216291
0.318913
-2.42783
-1.3947
-1.10766
-0.102344
-1.52382
-0.51129
-1.10152
-0.779164
0.154501
0.10873
-0.373817
-0.191091
-1.06165
0.202517
-0.270131
-0.423873
-0.480216
0.296005
-1.14424
0.264551
-1.17288
-0.549911
0.351364
-0.839728
0.2774
0.400062
0.296819
0.424101
0.299437
-1.23718
0.147134
-0.0717174
-0.704387
-1.50779
-0.87958
-2.61173
0.117549
-0.386136
-0.795681
0.0288352
-0.213651
-0.699812
-0.555621
-1.42062
-0.285592
0.230298
0.375873
