-0.62666
0.259788
0.167437
-0.623044
-0.197665
-1.59488
-1.46752
0.328551
0.113315
0.234925
0.123385
-0.941726
-2.1244
-0.157107
-0.319469
-0.0824621
-0.11834
-1.81524
-1.05039
-1.20938
0.294934
-1.0874
0.120271
0.479354
0.0428248
0.356461
-0.216525
-1.92893
-1.76002
0.0109358
-2.33658
-0.425957
-0.196103
-0.17834
-0.0754457
0.256578
-0.241282
0.182338
0.108941
0.3532
-0.783822
0.363514
-1.29758
0.325313
0.239936
-0.600521
-0.0636491
-1.77162
0.356345
0.301364
-1.07018
-0.0292224
-0.160425
-0.248597
0.098547
-1.24311
0.127568
-0.272805
-0.596543
-1.19107
-0.512793
-0.83867
-2.38819
0.332648
0.688278
-0.21363
-0.771471
0.229787
-0.580903
0.132052
0.224662
-1.57837
0.435493
-0.548325
-1.27131
-0.0516517
-0.764606
0.158233
-0.931207
-0.382336
-0.450852
0.137365
0.553981
-0.165129
-0.444254
-1.76818
-0.00475325
-0.890872
-0.195157
-0.0143474
-0.568943
0.0309958
-1.52221
0.152297
0.380178
-0.139453
0.424871
-0.488691
-0.524746
-0.121395
-1.77377
0.621746
0.556361
0.657222
-0.604044
-0.0731279
0.431728
0.374355
-0.723418
-0.509813
-2.61323
-0.259246
0.0112919
0.116769
0.353127
0.563088
-0.64056
-0.0930724
-0.123382
0.109716
-0.256242
-0.0942564
-0.0651089
0.0485502
-2.03686
0.262607
0.379803
-0.948787
-0.421224
-0.0505642
0.0708381
0.197079
0.604793
0.488697
-0.973889
-0.976586
0.685009
0.344769
-4.26617
-2.49362
-1.03513
0.289983
-0.293691
-0.939993
-0.664337
-1.50737
0.318792
-0.434524
0.584796
0.445251
-0.507627
-1.25544
0.415487
-0.570357
-0.00237325
0.296182
0.582157
0.0372767
-0.208775
-0.98641
-1.45338
0.490024
0.568228
-0.452151
-0.446457
-0.308793
-1.20729
-1.41767
-0.64013
0.0219236
0.182935
-1.56789
0.468809
0.0865336
-0.467087
0.32146
0.161095
-0.816137
-0.0372731
-1.13406
0.45511
0.010989
-0.118693
-0.269632
-0.930937
0.346683
0.230758
0.496616
-0.11142
0.26016
-1.41358
-0.168214
-0.051084
0.225165
-1.07302
0.239226
-0.497706
-0.39505
-1.02196
-1.77949
0.0344972
0.236689
0.291512
0.280424
0.355759
-0.144922
0.415586
-0.12697
0.404597
-0.038203
0.0641318
0.110794
-1.3639
-0.539252
-0.166883
0.043294
-1.55982
0.40428
-0.940474
-0.314713
-0.624675
0.144103
0.171105
0.124524
0.109548
-0.120759
-1.6306
-0.0332014
0.460574
0.0869965
-0.288629
-0.236789
0.397716
0.326197
0.123187
-0.034526
0.487205
-0.992635
0.213708
-1.16626
-1.12457
-2.18619
-0.229402
0.077273
-0.0747965
-0.31293
0.119642
0.536861
-0.201305
0.22224
0.252116
0.324681
-1.01583
0.327386
-0.388228
-1.16205
0.261762
-1.03591
-0.420163
-0.0252504
-1.02207
-0.418609
0.620284
-0.175177
0.40916
-0.0321183
0.715926
-1.10068
-3.7128
-1.73871
0.215173
-0.905926
0.550158
0.389304
-1.75407
-0.101958
-0.538452
-0.29363
0.452669
0.0699757
0.316997
-2.12202
-0.00602407
-0.340958
-0.612502
-0.358667
-1.52183
0.62777
-0.146597
-0.182175
-0.265357
-0.244343
0.633689
-0.291513
-0.144391
-0.268786
-1.23531
-0.640159
0.337592
0.229473
-0.929017
0.158191
-0.922006
-1.06899
-2.46323
-1.26237
-0.75078
0.526428
0.446516
0.207227
-1.62075
-0.709305
-0.658934
0.441005
0.368913
0.37581
-1.61692
-0.0316158
-0.3184
0.568573
-1.46184
-0.408533
-1.56775
0.591906
-1.9681
0.146411
-1.24619
-0.0965753
-0.141512
0.524063
0.521355
-2.27317
-0.576138
0.0922814
-0.0998946
0.0146009
-0.0736987
0.140095
0.0284946
-0.766002
-0.277822
0.220739
0.272298
-0.37846
-0.962109
-3.81211
0.277757
0.325566
-1.00897
0.319158
-0.654018
-0.150489
-1.40453
-1.13955
-0.0154643
-0.182025
-2.06237
-1.57479
0.0702714
-0.13485
0.173753
-1.85074
-1.26036
0.346547
-0.611413
0.323181
-1.77436
0.306594
-1.72137
-0.285097
-1.06385
0.379946
0.615355
0.20874
-1.15491
-1.14435
-0.933804
-0.254896
-0.094443
-3.55827
-0.338596
0.210388
-0.575276
0.713873
-0.556387
0.13623
-2.65543
-0.154239
-0.128916
-0.0357327
0.117535
-0.349004
-2.84408
-0.590737
-1.13156
0.0327818
-1.36907
0.200719
-0.0155456
-0.788331
-0.76874
-0.68346
-1.62017
-0.237812
0.519323
-0.632832
0.430026
-1.87541
0.356514
-0.445368
-0.660005
0.0340045
-0.115573
-0.199207
-0.601986
-0.324542
0.00356741
-0.200248
-0.489055
-0.200243
-1.58585
0.0264763
-0.672832
0.390451
-0.0681092
-0.114378
-1.13549
0.498489
-0.0576422
-0.880084
-1.51918
0.737516
-0.416604
0.0946593
-0.308076
-0.00343471
0.464564
-0.550617
-0.968638
-0.73202
0.438522
-0.601094
0.069474
-0.243052
-0.0146605
-0.0213271
0.375061
0.199478
0.464526
0.246368
0.48468
-0.479
-3.26007
0.379272
0.309438
-0.180448
-0.166004
0.163824
0.187153
-0.0219988
0.0716344
0.164501
0.0674434
0.271022
-0.0675566
-0.00324698
-0.622186
-0.178672
0.25851
-0.216266
-0.461577
0.523035
0.329893
-0.481813
-1.05953
-0.485449
0.233466
0.540414
-1.09799
-0.276169
0.49509
-0.973956
-2.55978
-0.0975253
-0.583558
-0.360505
-0.0148797
-2.74773
-1.49468
-0.859563
-2.88048
-0.16539
-0.712865
-0.168198
0.13937
0.413463
0.209218
-0.123872
-0.238778
0.521644
-0.892473
0.506189
-0.0422673
-0.670033
0.655214
-3.03156
-1.43364
-0.284551
0.387293
0.409712
0.500685
-0.515821
0.345231
-2.17747
-2.28132
0.382668
-0.414252
0.277818
-0.0168133
-1.45048
0.120577
0.190785
-1.09208
-0.17964
0.0517982
-2.0801
0.497084
0.103648
-0.611604
0.129762
-0.215057
0.178862
-0.069052
0.296461
0.392875
-0.918133
-0.0428192
-0.524209
-0.447457
-0.0964206
-0.509217
0.209894
-0.865536
-0.517721
-0.400127
0.30522
-1.52793
-0.783585
-1.40733
-0.628486
0.0746891
-3.00012
-0.284322
0.425991
0.218538
0.109623
-0.37437
-1.44412
-1.08726
-0.274839
0.306665
0.348937
0.126766
0.389725
0.195118
-0.018801
-0.293697
-0.017932
0.305822
0.484556
-0.526355
-0.635848
-0.523965
0.149476
0.00862031
-0.936596
0.279854
-1.08692
-0.0653965
-1.6431
-0.355453
-0.231127
-0.511376
-0.0101177
-0.138107
0.31902
0.361785
0.486484
-1.05212
-0.348533
-0.60748
-0.372509
-0.151351
-0.470354
0.113059
0.433026
-2.24036
0.15499
0.084215
-0.293571
-1.46629
-0.158193
-0.288412
-0.111222
-0.571935
0.34621
-0.821804
0.236046
-0.0634039
0.0464835
0.0779632
-0.084225
-1.1011
-0.694173
-0.903635
-1.17916
-0.00640775
-0.0421894
0.588922
0.06279
-2.93603
-0.043011
-0.0844425
-0.561179
-0.522178
-0.790571
0.101914
-0.348055
0.331687
0.175927
0.227245
-0.740301
0.505868
-0.803226
0.121458
-0.411259
0.3618
-1.25467
-0.497316
-2.50734
0.254371
0.26412
-1.56355
-0.0099798
-2.05539
-0.46917
-1.91466
0.084799
0.107483
0.271252
-1.00388
0.491013
0.0770421
-0.10198
-1.70493
0.438814
-1.2777
0.0736565
-2.13544
-1.03147
-0.733808
0.351085
0.114964
-0.0806391
-0.123486
-0.34149
-0.134368
0.200938
0.19661
0.173317
0.0633394
-0.0864952
0.183398
-0.650026
-0.827701
0.525764
0.0489618
0.27304
0.530776
0.0238309
0.453428
-2.18839
-0.104545
-0.0840103
0.321805
0.0470892
-1.37767
-0.736141
0.400247
0.393566
0.759386
-1.10423
0.332045
-1.03753
-1.20431
-1.47941
0.331057
0.111335
-0.205881
-0.815996
0.253628
-0.149276
-0.477856
0.378288
0.465848
0.355455
-1.86381
-0.623349
0.265229
-0.0149493
-0.689315
0.036335
-1.23736
-1.10622
-0.673414
0.352703
-0.554979
-0.546438
-0.717956
0.418978
0.283797
-1.76414
-0.763862
-0.245683
0.410798
-0.53617
-0.199346
-1.46466
0.0932711
-0.950112
0.462959
-0.138471
-0.683354
0.293471
-0.377914
0.232592
-0.33452
0.312292
0.106623
-0.264006
-0.0848491
0.563207
0.34206
0.0300954
-1.06226
-0.168298
0.60301
0.0430306
-0.444825
-0.820399
-3.3213
0.347692
0.329155
-0.305344
-1.1638
0.444732
-3.64304
-0.40326
-1.2518
-0.286854
0.169788
0.246226
-0.0554475
-0.115848
-3.54513
-0.201675
-1.40295
-0.951273
-0.790569
0.349091
-1.26109
-0.242103
-1.09135
0.124146
0.290008
-1.16593
-1.02869
-1.86355
-2.18456
0.250801
-0.142802
-0.565886
-0.129147
-0.635039
0.41372
-0.123818
-0.299229
0.111538
-3.42564
-0.600691
-0.30384
0.0751378
0.0446616
-0.590491
-0.380991
-0.594415
-1.21996
-0.0850432
-0.222829
-0.292145
-1.69247
-0.706934
-0.963249
-0.85118
-0.631848
-1.92481
0.086579
0.337868
-0.124559
-2.16455
-0.609401
-0.342836
-0.758258
0.485617
-2.15388
0.205281
-0.644104
0.397642
-0.0418518
-1.06206
-0.67811
0.104713
-0.0772754
0.225861
-0.0201446
0.293944
0.604927
-0.775797
0.152828
0.278466
-0.0544258
-0.0809609
0.0885573
-0.264191
0.0258499
-1.06599
-1.77808
-0.0307567
-0.552684
-0.216256
-0.0574774
-0.277355
0.054202
-0.0974103
0.457902
-1.06969
-0.471578
-1.16786
0.267758
-1.97135
-0.34672
-0.652317
-1.88408
-0.899253
-1.70168
-1.80885
0.0871045
-1.02184
-1.25216
-0.245562
0.00964202
-0.419579
0.141279
0.0908302
-0.277287
0.548099
0.190777
-1.52012
-0.354932
-0.189216
0.39
-0.581316
-1.45857
-0.804098
0.476471
-0.840761
0.0784531
-0.0502339
0.318969
-0.260949
-0.515903
-0.384502
-0.034038
-1.29155
-0.00313349
-0.587878
-2.04284
0.0583371
0.288457
0.211755
0.17983
0.10867
0.15863
-0.144689
-1.5516
-0.0556804
0.394892
-0.0281033
0.0536959
0.321499
-0.111103
0.180621
-1.59633
-1.90786
-2.23303
-1.98219
0.402113
-2.17603
-0.936984
-0.178351
0.00837391
-1.88078
0.14594
0.0988118
-0.231267
-0.21991
0.229883
-2.16507
-3.0934
-2.33395
-0.0340117
-0.743887
-0.0014072
0.171099
-0.49468
-0.757959
-1.38223
-1.6278
0.199902
-1.14842
-1.06995
0.270665
-0.0960427
0.0391626
-0.251289
-0.431536
-1.02023
0.367526
-0.339213
-0.156655
-0.595392
-0.308227
0.0407063
0.627734
-2.81018
-0.429931
0.484802
-0.861012
-1.65569
0.342421
-1.09844
-0.0124638
0.248405
-1.72916
-0.245481
-0.142552
-1.63953
-0.23583
-0.541042
-0.440914
0.282889
-0.225263
-1.35787
0.345794
-2.07391
0.202081
0.23506
0.347005
0.469996
0.0912822
-1.83202
0.190329
-0.603671
-3.14849
0.070516
0.087753
-0.626413
0.0934096
-0.395057
-0.629615
-1.42367
-1.66326
-0.267328
0.232631
-0.297268
0.00146622
0.337778
0.240443
0.0553729
-0.896897
-0.848938
-1.75608
-0.0665858
0.202611
-0.157819
-0.664419
0.243078
0.540886
0.0712376
0.371092
-0.623748
0.102073
-0.84404
-0.930627
0.51926
0.0988449
-2.27643
-0.294727
-1.06173
-1.32126
0.00677248
0.0217954
0.20024
-1.07901
0.655119
-0.0934145
0.19894
0.357589
-0.28918
-0.53742
-2.05653
-1.04835
-0.0434483
0.560515
0.564737
-0.191843
0.505091
-1.23122
0.166771
0.385055
-0.299259
0.709831
-1.10514
0.29346
-0.665418
0.3011
-0.749902
-0.0126587
-1.64763
-0.00185019
0.135469
-1.11426
0.735689
-0.0966548
0.155244
0.402061
0.0523023
-0.553807
0.170893
-0.346208
0.277781
0.0805757
-1.0187
-0.110574
-0.873066
0.297597
-1.12512
-0.119235
-0.328154
-0.183538
0.105722
-1.2624
0.575745
-0.128188
0.342862
-0.45799
-0.0141452
-0.557381
0.0394864
-3.07081
-0.959669
-0.031936
-0.800006
-0.509017
0.330189
-1.14746
0.0106453
0.368974
-0.0913168
-1.14543
-0.137606
-0.934126
-0.105687
-0.507351
0.118441
0.336507
-0.448848
0.279526
-0.242424
0.282231
-2.00903
-0.515617
-0.515627
0.501238
0.58003
0.397879
-0.48757
0.0432472
-0.408884
-1.43823
0.121312
0.671025
-1.5996
0.393365
0.211644
0.373857
-0.964797
0.0709176
-1.20096
0.36962
0.315977
-0.0817737
-3.23865
0.529315
0.394628
0.187869
0.287575
-0.0422877
-0.0213754
0.229161
-0.231532
-0.575273
-0.0497927
-0.0474599
-0.408223
-0.105937
-1.96449
0.232328
-1.46004
0.207127
0.0363817
-1.45075
0.496105
-0.317109
-0.514878
-0.932226
-0.21911
0.333359
0.118427
-2.65234
0.410616
-1.24542
-0.0082264
0.151092
0.288629
-0.47574
-0.109058
0.163342
-1.97955
-0.240591
0.224529
-0.0390483
-1.13742
-2.08661
0.460389
-0.188015
-0.0363652
-0.171492
-0.978468
0.045731
0.213384
0.0619636
0.151419
0.345744
-0.00666871
-0.052433
-0.199958
-0.0430404
-0.334815
0.103292
-0.519343
-0.369957
0.0780945
-0.33566
-1.59918
-0.0379729
0.477591
-0.432514
-0.066125
0.497676
-0.658193
0.578557
-0.435749
-0.0747455
-0.40021
-1.34729
-1.27281
0.534823
0.213321
0.125593
-1.19162
0.422865
0.275995
-1.47227
-0.951359
-0.602173
0.382519
-0.57327
-2.2571
0.278461
-0.927333
-0.172031
-0.121976
-0.102017
-0.487806
0.566115
-0.631711
0.0290545
0.0691669
-1.26867
-0.684355
-2.41431
-0.305486
-0.150978
-0.0234064
-0.098912
0.115341
-0.31352
0.426914
-0.221732
0.0631189
-0.104183
-0.897133
-0.160691
-0.425614
0.407097
-0.644271
-0.405234
0.102337
0.498713
0.158923
-0.0175862
-1.22601
-2.02038
0.0882046
0.0457312
-1.01498
-0.51353
-0.37735
-0.0670995
-4.28875
0.431278
0.307865
0.477023
0.0414526
-0.739953
-0.807528
0.58393
0.00502968
0.187639
-1.30516
-0.360091
0.0504897
-0.1083
-0.369338
-1.18716
-1.46722
0.352306
-1.64415
-0.300426
0.569882
0.0361721
-1.32712
-1.38334
-0.123542
0.161754
-0.0565491
0.512095
-0.578634
-0.229462
-0.138389
0.0606893
-1.93294
-0.353593
0.194551
-0.0126339
-1.8053
0.0410545
-1.49212
-0.371096
-0.121362
-0.35985
-1.93531
-1.1604
0.331089
-0.914797
-0.514073
-2.33208
-0.164417
-0.61006
-0.780812
0.263906
0.0459276
-0.34909
0.436415
-0.201954
0.21559
0.178762
-1.02962
0.139659
0.360606
-0.421686
0.126093
-0.0529231
0.441518
0.653114
-0.516114
0.315563
0.143802
-0.351601
-1.29095
-0.0364238
-0.546172
0.457859
-0.358189
-1.32885
-0.991289
0.588471
-0.635715
-0.0777644
0.00285589
-0.609175
0.640368
0.278231
-0.165357
-1.66552
-1.75776
0.226365
-0.569703
-1.73034
-0.588637
0.166668
-0.293045
-0.932233
0.168071
-1.29719
0.191587
0.411301
-3.03731
0.352118
0.164577
0.260633
0.467514
-0.290623
-0.53551
-1.10109
0.178724
-0.398585
-0.412244
0.273575
0.24508
-0.417112
0.29542
-0.489616
0.308917
0.360606
-0.420689
0.0157736
0.156687
-0.397688
0.34268
0.41903
-1.06961
0.24246
-0.967662
-0.278712
-1.53986
0.00863392
-0.589624
-0.0705864
0.0878702
0.319856
-0.275272
-0.067526
-0.730204
0.136233
0.287
-1.26521
0.483686
0.318511
0.13315
-0.350022
-0.0289936
0.439226
0.23327
-0.157797
0.341953
0.150142
-0.77353
-0.273831
-0.741273
-1.39291
0.237876
-0.390201
-0.598574
-1.15362
-0.00823949
0.0348717
-0.771312
-2.04814
-0.132164
-1.71685
-0.0765571
-0.110802
-0.162986
-0.441794
0.532395
-1.07423
-0.951152
0.208223
-0.312603
-1.72112
0.43734
-1.50681
-0.398535
-0.425259
-0.0750643
-0.52522
0.170742
0.476396
-0.0361831
-0.720113
0.299236
0.196164
-0.489968
-0.197766
-0.116032
-0.923476
0.388334
-0.488602
0.271887
-0.648928
-0.82255
-0.634812
0.215719
-1.54077
-0.489815
-0.416796
-0.294292
-0.515859
0.439342
0.573623
0.571042
0.589263
-0.413933
-0.800825
0.50697
0.488645
-0.542236
-1.34151
-0.321714
-0.325732
-0.271357
0.370732
-0.000267081
-0.139946
0.104538
-0.398055
-0.158182
-1.64825
-0.742617
-0.111804
0.321331
-0.261618
-0.427123
0.278208
-0.288433
-0.933978
-1.2268
-0.992609
-0.0714254
-0.0143255
-1.85983
-0.373285
0.0679874
-0.363107
0.225612
-0.466435
-0.319277
-0.169002
-0.0822593
0.229758
0.440888
-0.550975
0.369639
-0.126417
0.29936
-0.0172827
-0.621163
0.476432
0.503997
-0.302778
-0.943236
-2.94509
-0.999931
-0.546083
-0.235318
0.502768
-0.0647512
0.364106
0.443808
0.0224106
0.108998
0.510464
0.199384
-0.39616
-0.95476
-0.241825
-0.429881
-0.587542
0.44699
-1.00025
-0.222523
-0.628209
0.269647
0.133893
-0.170319
-1.51619
-0.25419
-0.704323
-0.209402
-0.445399
0.563245
0.205764
-0.0667263
-1.29743
0.238762
0.322517
-0.0698218
-0.0473784
-0.13482
-0.497951
-0.752012
0.359664
-0.192006
0.532348
0.0825033
0.278768
0.151183
-0.00874032
0.389998
-2.2888
0.236368
0.560632
-3.11626
-1.44117
-0.26874
0.516868
-0.504586
0.262074
0.400273
0.51911
0.343533
0.157165
0.318603
0.526923
0.364871
-1.80943
-0.799285
0.531323
0.303727
-0.612854
0.158354
0.434906
0.153372
-1.10435
0.145799
-0.191301
-0.41662
0.0766528
-1.46438
-0.655639
0.0265962
0.103678
0.330283
-0.398627
-0.517499
-0.166994
0.259077
-2.22385
0.309092
-0.00587834
0.0171277
-0.197533
0.104113
0.167038
-0.989226
0.144228
-0.345417
0.178092
0.111317
0.338348
-0.218397
0.00366673
-1.70901
-0.952293
0.169536
-0.135503
-0.6524
-0.326005
-0.0863728
0.34288
-0.630038
0.267357
-0.972558
0.468761
0.271797
-0.412804
-0.0233724
-0.484755
0.0979593
0.171884
0.210657
-0.593128
-0.512221
0.477314
-2.45387
0.713726
0.270295
-1.46101
-0.12471
-0.172542
0.64745
0.427937
-0.588074
0.0634668
-0.693759
-0.174769
0.180454
-0.257261
0.0246545
0.161193
0.353133
-0.129682
-0.398706
-0.126397
0.468275
0.477835
-0.739471
-0.970439
-1.29632
0.0260537
0.259692
0.550381
-0.379013
-1.63617
0.206903
-0.237015
-0.830848
-0.529929
0.198201
-1.46634
-0.264741
0.164608
0.654138
-2.42464
-0.353052
-0.242271
0.335986
-0.598574
0.0675041
-1.32945
0.279931
-0.16791
0.182388
0.537319
0.0851311
0.451066
0.172366
-0.962555
-1.31443
0.215239
-1.03977
-0.552514
-0.760525
-0.117245
-2.38527
0.0590942
-1.58862
0.313352
-1.64364
-1.48946
-2.06413
0.289276
-0.983919
-0.358746
0.37826
-0.334605
0.0157499
-0.223985
-0.404315
0.177691
-0.583888
-0.0638125
0.404883
-1.43902
-0.195315
0.413881
0.524316
0.586125
-0.59389
0.197833
-1.56187
-0.519423
0.298531
-0.254872
-0.570509
-0.187439
-0.569925
-0.386958
0.0113233
-0.602082
0.171845
0.261678
-0.086584
0.306609
0.255411
-0.267127
0.47934
-0.366799
0.0437567
0.252501
0.237473
-0.578895
0.295984
-0.0787268
-0.0809653
-0.575567
-1.578
-1.03276
-0.86441
0.408936
-1.01807
-0.942204
-2.27375
-0.607794
-2.05556
0.545337
-0.337723
-0.467736
0.429278
0.317943
0.184089
-0.828134
-0.0975029
-0.296981
0.347196
0.487115
0.083527
0.425713
-0.881019
0.082717
0.410732
0.431137
-0.604888
-0.849026
0.00296541
-2.36837
-0.346631
0.390399
-0.907521
-0.190699
-0.645436
-0.275615
0.259343
-2.60348
0.116713
0.201734
-2.5297
0.57403
-0.111196
-0.17173
0.107339
-0.238161
-0.11242
-0.791137
-1.51625
-1.04413
-0.292912
-0.501662
0.10499
0.156312
-0.536776
0.267778
0.3733
-1.2828
0.0796106
-2.35969
0.231528
-2.93635
-0.600846
-1.80676
-0.0689004
0.187259
-0.614926
-0.937723
0.524804
0.136113
-0.682121
-0.291407
-1.97554
0.256978
-1.12695
0.545342
0.438461
-0.141183
-0.178762
0.568131
-0.425979
0.41658
-0.299309
-0.275779
0.0297331
0.0871604
0.227597
-0.840033
-1.54766
0.476035
-1.02186
0.25338
-0.801956
0.337036
-1.10039
0.492755
-0.241116
-0.352617
0.163131
0.577276
0.233084
0.34136
-0.388455
-0.267915
0.183312
-0.836612
-1.39924
0.285506
0.313616
-2.01751
-1.55548
-0.240564
-0.410322
-0.721994
-0.699001
0.509438
0.314174
-0.46092
-1.6098
0.156174
-0.105772
-0.371598
0.183663
0.287313
-0.00244068
-3.41911
0.0916703
0.116313
-0.95311
0.186217
-0.887998
-0.156447
-1.55716
-0.0844332
0.129129
0.32055
0.0908261
0.179722
-1.77299
-0.535467
0.442247
-0.29933
-0.0623402
-1.17108
0.220393
-0.468634
0.0260266
0.0775625
-0.0868045
-0.222942
-3.60671
0.11574
-0.161355
0.185463
-0.047871
-0.211147
0.184093
0.673843
-0.812776
-0.924901
-0.0766699
0.162263
0.23772
0.158159
0.391499
-0.0114256
0.0957903
-2.59628
0.158756
-1.647
0.281406
-0.0493564
0.233817
-0.726846
-0.84473
-0.0785582
0.452195
-0.224762
0.59177
-1.11188
0.405277
-0.734253
0.434937
-0.224486
-0.20178
0.0511609
-0.389495
0.554331
-2.92639
-1.89347
-1.06392
0.121765
-1.22445
0.0945405
0.0242866
-0.105961
0.102461
0.42802
-1.11968
-0.609319
0.00744847
-0.0260552
0.12564
0.0631801
-0.26974
0.439968
0.0240147
-1.21447
-0.482851
-0.302556
-0.207964
0.267665
-0.135241
-0.915221
-0.235242
-0.0360496
-0.558227
-2.25887
0.229456
-1.13229
-1.25632
-1.87393
0.390271
0.0878332
0.21484
-1.35074
-2.53245
-0.913352
-0.729611
-0.227433
0.152922
0.0690665
0.229381
-0.0397632
0.506544
-0.225353
0.330551
-0.666663
0.0267566
0.448145
0.548726
-0.730447
0.293903
-0.918032
0.532639
-0.0426767
0.254426
0.567034
-2.04751
0.159985
0.556896
0.212288
0.305646
0.521477
0.44181
0.401436
-0.496566
-0.291947
-1.05818
-0.321583
-1.66913
0.264817
-1.73655
-0.111727
0.530081
-0.0594702
-0.112208
-0.374382
-0.405737
-0.632585
0.239236
-0.155123
