0.576377
0.807018
0.508261
0.48041
0.683297
-0.438691
0.00268029
1.14071
0.795984
0.75952
0.142695
0.402895
0.019096
0.772912
0.625919
0.634135
0.580037
0.329498
0.171448
0.222407
0.796167
0.417034
0.899862
0.85366
0.723853
1.00807
0.290251
0.172861
-0.533103
0.683778
-0.454892
0.591129
0.339276
0.620966
0.639702
0.533622
0.404784
0.798082
0.704564
0.972369
0.33284
0.895629
0.148134
0.689909
0.778674
0.308886
0.456832
-0.104098
0.583875
1.058
0.282748
0.448764
0.591937
0.344357
0.8636
0.345872
0.736045
0.471535
0.517249
0.304608
0.466133
0.268124
0.0816886
0.957379
1.29784
0.437974
0.34398
0.948628
0.2047
0.778066
0.833853
0.313865
0.972111
0.515671
0.0261554
0.870567
0.0687156
0.867764
0.0585687
0.602931
0.545865
0.567765
1.13862
0.669515
0.660608
-0.0841824
0.717607
0.450372
0.634076
0.224709
0.354008
0.816205
0.284538
0.755529
1.17694
0.481788
1.11462
0.292344
0.718076
0.676017
0.112142
1.39226
1.04836
1.26854
0.499966
0.833801
0.863734
0.635757
0.195089
0.657788
-0.581201
0.349646
0.762037
1.07812
0.997644
1.23327
0.307158
0.706215
0.941478
0.676407
0.474293
0.443145
0.767723
0.852457
-0.670666
1.10078
0.769161
0.149834
0.599699
0.68869
0.732631
0.753165
1.01787
1.10665
0.333765
0.13353
1.35922
0.971189
-1.70785
-0.899223
0.0383364
0.984417
0.320327
0.672951
0.0927789
-0.158675
1.1363
0.353617
1.12485
0.809899
0.223585
0.185248
0.790187
0.316016
0.573908
0.947504
1.13553
0.737665
0.33207
0.431986
0.376331
0.959238
1.05182
0.41995
0.2021
0.370879
-0.277988
-0.12329
0.599278
0.828135
0.462777
-0.521822
1.04342
0.561935
0.547077
1.01949
0.84351
-0.246849
0.936669
-0.288604
1.13014
0.858134
0.737339
0.680346
0.162003
0.931316
0.868381
0.98993
0.584541
0.759886
0.0485389
0.381271
0.558682
0.680851
0.208144
0.766611
0.307562
0.560294
0.146787
0.00454326
0.850765
0.987325
0.927251
1.00578
1.18749
0.591929
1.05013
0.526059
0.977503
0.572008
0.513439
0.934094
-0.310988
0.0415164
0.66837
0.553883
0.0301857
0.895831
0.203522
-0.369157
0.577733
0.945472
0.885014
0.900379
0.614744
0.471675
-0.225353
0.76817
0.870984
0.859247
0.102621
0.437794
1.02015
1.15838
0.559433
1.08509
0.752924
-0.0120419
0.847708
0.0754035
0.392559
-0.648364
0.63003
0.752002
0.769477
0.0754798
0.866052
1.24361
0.304195
0.969834
0.814607
0.564447
0.102951
1.07031
0.726351
-0.122372
0.804638
0.392783
0.694831
0.777723
0.298914
0.88517
1.10831
0.58855
1.03784
0.736171
1.35738
0.109584
-1.60098
-0.0350654
0.88368
-0.245641
1.11656
1.08098
-0.300853
0.60177
0.272159
0.404731
1.08027
0.694971
1.01025
0.0207214
0.562312
0.401318
0.582632
0.949734
-0.07498
1.12366
0.594869
0.588696
0.419053
0.451171
1.26441
0.711627
0.616703
0.544253
-0.358827
0.175173
0.839874
0.889842
0.335394
0.766713
0.292999
0.204673
-0.15637
-0.140455
0.0433772
0.990263
0.98911
0.537887
0.303361
0.01934
0.226355
1.12584
1.05181
0.942479
-0.399868
0.753679
0.371194
0.841505
0.0164318
0.0813997
-0.0787905
1.14375
0.234795
0.595063
0.14987
0.905923
0.527603
1.21282
1.3249
-0.64409
0.613708
0.76186
0.703877
0.358322
0.705034
0.900419
0.77682
0.414865
0.749249
0.846535
0.869741
0.482755
0.335401
-1.18964
0.864711
0.939717
-0.0365192
1.03787
0.0792124
0.648925
0.0103723
0.139822
0.582429
0.683917
-0.151146
0.340075
0.294862
0.565359
0.870822
-0.261199
0.00933165
0.917704
0.336377
1.00322
-0.129383
0.898249
-0.277577
0.471131
0.503255
0.891741
1.18895
0.823289
0.466427
0.159605
0.150634
0.679771
0.584292
-0.82896
0.132956
0.939767
0.525591
1.21979
0.298964
0.795401
-0.281306
0.602821
0.572923
1.01906
0.841724
0.716286
-0.455866
0.596482
0.294766
0.649803
0.210477
0.619658
0.362309
0.350058
0.225713
0.331765
-0.295067
0.632904
0.800124
0.485366
1.08621
-0.390177
0.987213
0.705323
0.51108
0.946381
0.424367
0.648672
0.429437
0.591764
0.808276
0.695127
0.165864
0.170843
0.548734
0.493918
0.695071
1.04143
0.451173
0.493412
0.0371886
1.09974
0.339779
-0.0212914
0.121569
1.44288
0.53984
0.500932
0.481962
0.834753
1.20688
0.374016
0.0855915
-0.0393199
0.922739
0.881506
1.02175
0.330309
0.613428
0.875088
1.1221
0.7715
0.866112
0.691655
1.30944
0.391947
-1.48803
1.04551
1.0204
0.326641
0.50208
0.903911
1.07423
0.669381
0.874791
0.779805
0.375283
0.998753
0.836134
0.825354
0.456507
0.447897
0.657486
0.577401
0.511414
1.03629
0.931987
0.464325
0.488628
0.50809
0.906072
1.19416
0.394621
0.418506
1.24802
0.369718
-0.159653
0.758408
0.634127
0.171791
0.835114
-0.684073
-0.0266298
0.176176
-0.53302
0.644622
0.79956
0.778575
0.87238
0.561812
0.884332
0.42797
0.862615
1.06959
-0.132687
1.2187
0.315831
0.390734
1.24574
-0.865484
0.072036
0.342006
0.80951
0.915361
1.09851
0.100258
0.889891
-0.489867
-0.104621
0.653923
0.372051
0.945145
0.776956
-0.103807
0.824637
1.02802
-0.29586
0.611798
0.718914
-0.00293011
1.13243
0.661079
0.165769
0.61654
0.339269
1.12475
0.257942
1.03046
1.07845
0.376162
0.507592
0.422121
0.18743
0.723305
0.320194
0.640318
0.227032
-0.0998004
0.580647
1.15157
0.0284204
0.477871
0.138964
0.739709
0.475499
-0.828584
0.857027
0.964694
1.04552
0.914226
0.563324
-0.314947
-0.0584785
0.565638
0.799317
0.841731
0.635357
0.893395
0.650528
0.660544
0.706709
0.283616
0.671699
0.989687
0.226795
0.275982
0.454252
0.840762
0.707185
-0.185027
0.817459
-0.249316
0.589213
0.14469
0.466598
0.579487
0.318087
0.758101
0.199699
0.886043
1.00617
0.999248
-0.0922411
0.0936852
0.319373
0.311505
0.210198
0.553481
0.89216
1.00586
-0.223074
0.933366
0.742015
0.296908
-0.0889286
0.577793
0.338926
0.709515
0.608104
0.773645
0.0996072
1.03156
0.449464
0.642021
0.352328
0.506407
0.385476
0.223192
0.348706
0.016544
0.693125
0.848871
1.26763
0.828783
-0.897849
0.418851
0.677738
0.328092
0.0480444
0.632988
0.73319
0.505141
0.711705
0.685872
0.839378
0.524419
1.12065
0.213467
0.790255
0.308234
1.12972
0.347007
0.682664
-0.457071
0.711072
0.898607
-0.464082
0.441265
-0.482888
0.498842
-0.144052
0.571666
0.890732
1.13699
0.259934
1.32749
0.834271
0.914452
0.278248
1.12273
0.177189
0.522817
-0.134291
0.148108
0.398131
0.823759
0.894112
0.603224
0.616838
0.259179
0.75546
0.607275
0.995224
0.955852
0.718911
0.588763
0.696992
0.723627
-0.0101601
0.969995
0.616518
0.628131
1.01112
0.689226
1.00522
-0.39046
0.59636
0.873176
0.758187
0.883287
0.415687
0.287955
1.05535
0.839361
1.31483
0.385084
0.945104
0.00201499
0.165465
-0.111493
0.763576
0.6629
0.773184
0.453364
0.633437
0.329231
0.61853
0.926302
0.966396
0.695311
0.0471855
0.650393
1.04218
0.554706
0.459669
0.930494
0.0387331
-0.0181478
0.671184
0.973327
0.424605
0.300033
0.515663
1.28107
1.02189
0.334505
-0.0804102
0.557092
1.11927
0.462008
0.685922
-0.536339
0.718663
0.13146
1.10675
0.734731
0.397403
1.0716
0.5057
0.750851
0.123874
0.829347
0.664155
0.277337
0.378568
1.18352
0.949835
0.455586
0.290568
0.289891
1.16609
0.854262
0.569537
-0.102259
-0.0101543
0.885945
1.17405
0.375102
-0.108529
1.115
-0.896395
0.409349
0.489425
0.362142
1.10381
0.710428
0.713425
0.463271
-1.13829
0.557081
0.441186
0.207098
0.375472
0.927015
0.196193
0.454874
0.235277
0.673283
1.14766
-0.155949
0.379289
-0.00221119
-0.976339
0.957264
0.962858
0.538673
0.106481
0.477141
1.08875
0.039491
0.658191
0.679478
-0.436033
0.318041
0.527029
0.887538
0.493073
0.358749
0.527255
-0.261723
0.00906044
0.669064
0.266211
0.139818
0.0123256
-0.190397
0.0301835
0.409276
0.140286
-0.379638
0.814448
0.813301
0.405696
-0.648579
0.361127
0.546529
0.47738
0.7963
-0.807723
0.892505
0.555455
1.13585
0.519207
0.259427
0.758145
0.705463
0.313292
0.874495
0.568817
0.858477
1.05579
0.497519
0.88176
0.765964
0.62489
0.454426
0.975557
0.768477
0.632708
0.513808
0.0122049
0.355986
0.462992
0.46484
0.818676
0.529985
0.746376
0.898292
1.3303
0.130013
0.425475
-0.234669
1.00614
-0.337313
0.556836
0.666985
-0.0892065
0.374479
-0.37463
-0.537832
0.588742
0.517292
0.324248
0.467545
1.09048
0.65925
0.771485
0.359874
0.802006
1.16261
0.538974
-0.405458
0.226149
0.68077
0.74437
0.181479
0.0374648
0.065584
0.887912
0.0419785
0.535794
0.622482
1.11179
0.297728
0.48518
0.835034
0.552864
-0.0993953
0.410259
0.0701348
-0.341577
0.806987
1.09429
0.421141
0.819925
0.931141
0.62297
0.592456
0.104189
0.833119
0.658067
0.680156
0.65527
0.637356
0.756039
1.01199
0.0561245
-0.483575
-0.343946
0.101292
1.10262
-0.469341
0.409237
0.720559
0.761807
0.279021
0.838388
0.734832
0.488816
0.430508
0.733336
-0.85644
-0.319244
-0.372002
0.756608
0.175035
0.848112
0.770147
0.386754
0.403584
-0.108457
-0.426231
0.866061
0.452429
0.083835
0.809392
0.580623
0.78203
0.670609
0.417613
-0.0958067
0.803479
0.265037
0.943219
0.186671
0.459326
1.12978
1.31017
-0.748792
0.126509
1.07747
0.315331
0.00973335
0.830725
-0.114706
0.73673
0.759444
0.175156
0.897635
0.63813
0.11047
0.561636
0.456423
0.299871
1.11454
0.524157
-0.223983
0.890498
-0.50118
0.996823
0.535717
0.797536
1.19334
0.862719
-0.665606
0.886166
0.446758
-0.430271
0.736771
0.753419
0.42561
0.836628
0.320487
0.498042
0.0603991
-0.174381
0.644642
0.774997
0.649655
0.855271
0.953143
0.913244
0.581701
0.182945
0.321588
-0.968758
0.76456
1.06806
0.332999
0.328835
0.879099
1.07913
0.792513
1.02759
-0.213604
0.490817
0.0981269
0.107367
0.763942
0.638536
-0.483743
0.627272
0.25085
-0.258752
0.648485
0.255739
0.906419
-0.534779
1.32299
0.769481
0.47425
0.800557
0.722544
0.321842
-0.337918
-0.0699298
0.475834
1.15101
1.30892
0.323525
1.0222
-0.122115
0.810513
0.952571
0.377309
1.40985
0.304214
0.86283
0.333921
0.803474
0.379351
0.637085
-0.291841
0.621043
0.717713
-0.371702
1.47615
0.733119
0.776694
1.21634
0.418817
0.181465
0.394938
0.149854
0.917927
0.2481
0.221941
0.595161
0.0208292
0.852637
0.335671
0.280019
0.408896
0.277105
0.599925
-0.43459
0.975813
0.439513
0.969712
0.287291
0.523752
0.40338
0.837427
-0.949185
-0.0829248
0.40432
0.465993
0.0169304
0.840069
0.415263
0.774076
1.04136
0.586172
-0.109384
0.547863
0.079661
0.525622
0.367917
0.548574
0.584335
0.574347
0.664092
0.862367
0.71353
-0.696358
0.216891
0.483387
1.09275
1.17198
0.942827
0.540408
0.501219
0.385118
-0.500709
0.433873
1.10146
-0.163351
0.746766
0.776016
0.913004
-0.0822809
0.670271
-0.00863823
0.778938
0.635671
0.598215
-0.701047
1.07863
0.686881
0.814749
0.85243
0.766579
0.142505
0.724755
0.546523
0.383391
0.391824
0.47052
0.284817
0.433587
-0.302846
0.514897
-0.357891
0.791851
0.481892
-0.276516
0.868249
0.568711
0.480301
-0.0389637
0.597798
0.827533
0.610089
-0.853129
0.939369
0.378777
0.684278
0.696601
0.612846
0.281277
0.609597
0.758757
-0.0821462
0.689928
0.700045
0.138791
-0.0406446
-0.27713
1.09376
0.0522417
0.58708
0.72535
-0.0284785
0.792248
0.713744
0.711707
1.227
0.728007
0.762874
0.525941
0.269795
0.728447
0.0703529
0.775287
0.146861
0.303599
0.876866
0.442855
0.279125
0.264666
0.854035
0.485157
0.627598
0.854356
0.248133
1.22832
0.484109
0.543846
0.377217
0.291197
0.0219748
1.25365
0.559917
0.896989
-0.307042
0.796273
0.764567
0.385673
0.149631
0.268604
0.889282
0.449109
-0.34537
0.932373
0.0603322
0.617984
0.879137
0.477649
0.366259
1.33487
0.203544
0.838158
0.656033
0.129674
0.00545351
-0.526452
0.239216
0.351407
0.148736
0.754394
0.926453
0.811143
0.616186
0.623493
0.547828
0.527808
-0.0229641
0.327697
0.347414
1.01018
0.615357
0.303117
0.851977
1.05199
0.576612
0.630952
-0.438706
-0.662524
0.689432
0.635023
0.173857
0.220897
0.178621
0.524852
-1.10433
0.788237
0.510822
0.87668
0.665
0.393685
0.392966
1.22026
0.559054
0.65126
-0.725227
0.365418
0.691138
-0.0892916
-0.0392091
0.17624
-0.00317481
0.904716
-0.652186
0.456887
0.900184
0.688529
-0.164667
-0.0689538
0.667082
0.714093
0.764618
1.09414
-0.00700176
0.574952
0.410003
0.868729
-0.566539
0.487041
0.477255
0.432334
-0.558094
0.355685
-0.345878
0.528029
0.369259
0.152019
-0.0199066
-0.139215
0.857669
0.204833
0.603672
-0.724869
0.27796
0.0864506
-0.234307
0.725924
0.756615
0.70444
0.928719
0.800167
0.57454
0.835882
0.424907
0.37805
0.96989
0.174057
0.710031
0.654512
1.00127
1.04393
0.611617
0.554385
0.754325
0.337508
0.0292007
0.91295
0.219829
0.822093
0.378031
0.211977
0.595721
1.05176
-0.108364
0.51565
0.822403
0.407341
1.13101
0.743277
0.55435
-0.210095
-0.0638322
0.636268
-0.0441463
-0.0702541
0.379871
0.723743
0.501891
0.277311
0.630711
0.120987
0.655585
1.01181
-0.554154
0.796962
0.663499
0.77866
0.830011
0.646467
0.396536
-0.420468
0.581189
0.554527
0.346176
0.973742
0.800795
0.510531
0.947435
0.149799
0.236785
0.795799
0.374182
0.782319
0.675343
0.254839
0.833411
0.753087
-0.117372
0.983791
0.210069
-0.00248205
-0.109981
0.561525
0.0783379
0.487838
0.343718
0.764466
0.210293
0.350047
0.198759
0.378341
0.647286
0.0834989
0.872298
0.752396
0.727993
0.460968
0.418625
1.05421
0.726901
0.426571
0.378202
0.723909
0.440771
0.375253
0.12166
0.0954512
1.0585
0.406249
-0.449208
-0.247205
0.512773
0.337158
-0.355927
-0.523669
0.738388
-0.0331816
0.131624
0.466264
0.427148
0.393829
0.847062
-0.38974
0.316217
0.810418
0.459901
0.301767
0.729894
-0.230109
0.573092
0.504768
0.166837
0.465752
0.705289
1.0489
0.775389
0.0987596
0.737448
0.980097
0.148729
0.62491
0.432267
-0.226098
0.725238
0.344646
0.727162
0.130893
0.437655
0.23496
0.989187
-0.27779
0.442935
0.173787
0.400053
0.389851
1.04475
1.36301
0.941809
1.12196
0.557763
0.573204
1.17626
1.05494
-0.0144227
-0.0807346
0.262573
0.373006
0.450164
1.03332
0.588079
0.741644
0.385959
0.225328
0.371517
-0.431081
0.236514
0.712208
0.907908
0.154713
0.33652
0.881633
0.197812
-0.31812
-0.510607
-0.0927048
0.396352
0.82875
-0.270751
0.294558
0.780865
0.470713
0.366877
0.38599
0.286861
0.546851
0.695613
0.87275
1.08444
-0.15374
0.913932
0.477142
0.700727
0.510589
0.300351
0.700326
0.952408
0.44204
0.174721
-0.608179
0.087723
0.71829
0.548398
1.08497
0.722727
0.808562
0.84532
0.447487
0.664096
1.09673
0.952065
0.28349
0.0903372
0.513876
0.574673
0.487684
0.911167
-0.260883
0.453369
0.286088
0.673114
0.566701
0.574998
0.0296332
0.54844
0.553596
0.207261
0.13025
1.21869
0.486262
0.764032
-0.0844998
0.627262
1.09128
0.307051
0.184471
0.635899
0.580551
-0.120172
0.753837
0.568654
0.989117
0.775088
0.715646
1.05743
0.812591
1.16536
-0.212872
0.888536
0.95278
-0.813116
-0.292786
0.14615
1.04164
0.395311
1.1393
1.03435
0.891138
0.796591
0.82016
0.711715
0.974753
0.66265
0.244281
0.192767
1.11916
0.636855
0.471703
0.430225
0.825028
0.518208
0.0870322
0.65673
0.366408
0.539751
0.305706
-0.134783
0.118893
0.480457
0.610625
0.569632
0.368144
0.366838
0.388994
0.868537
-0.908575
0.837664
0.287052
0.564947
0.675377
0.504981
0.627511
-0.107975
0.449125
0.272015
0.799319
0.821146
0.571133
0.515275
0.540233
-0.146732
0.198567
0.607961
0.198549
0.12902
0.219326
0.425996
0.926008
0.325852
0.816371
-0.422889
1.17684
0.97108
0.435169
-0.154315
0.617336
0.586288
0.720222
0.898112
0.428532
0.557188
0.923715
-0.788808
1.35905
0.948552
-0.451051
0.682299
0.506139
1.10149
0.995728
0.361317
0.655599
0.329091
0.246703
0.904983
0.427786
0.586799
0.667866
0.512463
0.525572
0.473075
0.69455
0.871543
0.750905
0.076261
0.369494
0.0708661
0.325107
0.737935
1.19704
0.129416
-0.415802
0.787209
0.508605
0.0308893
0.487942
0.892445
-0.00161013
0.462714
0.785237
1.29687
-0.473378
0.284082
0.490623
0.780216
0.290713
0.626863
0.467664
0.939406
0.575494
0.802804
1.1165
0.6954
0.946117
0.7131
-0.287502
0.0828623
0.968906
0.218136
0.172132
0.142364
0.448069
-1.01102
0.580601
0.10348
0.755425
-0.0982314
0.0489115
-0.657274
0.903403
0.165362
0.595075
1.093
0.402737
0.712031
0.564065
0.298656
0.565528
-0.218026
0.7115
0.948404
-0.00651997
0.164597
0.854458
1.04586
1.12385
0.307315
0.707187
-0.139096
0.729762
0.932535
0.352951
0.415231
0.762325
0.0522564
0.845816
0.352892
0.323949
0.652984
0.859601
0.674843
0.75561
0.751653
0.394742
1.03131
0.127045
0.397976
0.347507
0.648767
0.678966
0.796637
0.609765
0.490685
0.277589
0.162907
0.200559
0.200197
0.870044
0.266003
-0.122579
0.122327
0.29402
-0.460935
1.05831
0.0980896
-0.0679051
0.830102
0.814446
0.350621
0.022917
0.419822
0.0126564
0.932503
1.01617
0.723683
1.046
0.0166199
0.377494
0.683672
0.976838
-0.0693936
-0.109774
0.518615
-0.24258
0.390624
0.735156
-0.013637
0.512806
0.454119
0.660099
0.713993
-0.626056
0.455681
0.708293
-0.410955
1.24122
0.573177
0.697186
0.678014
0.737967
0.118491
0.15665
0.291609
-0.326394
0.342019
0.200807
0.173654
0.562817
0.0874789
0.720618
0.632486
-0.043609
0.676201
-0.237495
0.400726
-0.625351
0.332997
-0.690244
0.422569
0.634299
0.208494
0.178234
0.821462
0.585191
0.162531
0.874282
-0.197532
0.69556
0.0498984
0.790501
1.18794
0.532274
0.743828
1.0636
0.323284
0.942067
0.630733
0.314748
0.841895
0.612483
0.726262
0.10287
-0.119693
0.870778
0.326601
0.695743
-0.255778
0.855347
-0.167728
0.872673
0.892374
0.167622
0.501715
0.8742
0.557971
0.573096
0.568856
0.358555
0.815958
0.250569
-0.358516
0.714155
0.897562
-0.123127
-0.323546
0.543367
0.416748
0.1649
-0.0689272
1.14441
0.67233
0.65603
-0.151978
0.900482
0.419197
0.470228
0.952525
1.0063
0.710085
-0.581856
0.59785
0.635553
0.374543
0.776297
0.250638
0.567922
-0.121328
0.45399
0.578848
0.764729
0.678852
0.745182
-0.564269
0.00521676
1.13334
0.555927
0.488664
0.134364
0.491826
0.15392
0.666241
0.614656
0.990175
0.492469
-0.555519
0.281669
0.354626
0.738492
0.551443
0.636102
0.770746
1.03203
0.246224
-0.0241904
0.00619427
0.700478
0.650252
0.794306
0.647855
0.718448
0.611103
0.258511
0.786551
-0.252067
0.873941
0.538512
0.903557
0.197417
-0.0703556
0.810164
0.649629
0.0730806
1.0175
0.0874115
0.696888
-0.0568516
0.745142
0.89005
0.712634
0.568745
0.339589
0.901655
-0.852072
0.0705054
-0.0971797
0.758322
-0.0897089
0.600761
0.520638
0.649935
0.720169
1.13249
0.174806
0.34107
0.49381
0.643744
0.534588
0.760214
0.672952
0.944928
0.59878
0.380807
0.41154
-0.384932
0.608946
0.487278
0.493341
0.295281
0.543298
0.508292
0.18701
-0.433921
0.68589
0.337218
0.36101
0.0098605
0.815014
0.190921
0.922433
-0.307983
-0.509794
0.161881
0.412881
0.353836
0.707488
0.436598
0.806157
0.244683
0.618083
0.690108
0.532513
0.5325
0.503336
0.63531
1.04792
0.456212
0.901642
-0.0023653
1.0317
0.533791
0.198874
1.08643
-0.957738
0.621287
1.02728
1.15865
0.632744
0.951904
0.931644
1.03551
0.541648
0.240269
0.234613
0.0400511
-0.26654
0.770164
0.263872
0.496714
1.19474
0.580544
0.672339
0.413021
0.474942
-0.357542
0.922726
0.647311
