-5.26522
-1.35381
-4.65824
-0.000149422
-3.26186
-7.83088
-4.99734
-1.97941
-1.86463
0.0801547
-0.381732
-4.47827
-5.00179
-0.474252
-4.44979
-1.9797
-4.55703
-0.524398
0.0578718
-0.812797
0.0815799
-2.6384
-2.06135
0.0723493
-0.347823
-0.481123
-0.238369
-4.71148
-5.89639
-2.21508
-5.89162
-3.7921
-0.247869
-3.4246
-0.40947
0.108146
-2.92174
-1.45932
-2.89366
0.0377908
-1.29054
0.0645002
-1.93093
-1.8114
0.0440408
-2.95013
-0.075694
-4.85127
-0.953461
0.0838705
-2.47638
-3.85394
-4.14439
-7.62459
0.0626571
-8.98435
-3.2343
-0.323175
-1.53077
-5.27647
-3.79583
-0.722168
-3.98549
-0.574828
-0.0194197
-4.16669
-4.37733
0.111681
0.0605138
0.0378026
0.0545823
-8.30651
0.0916543
0.0576589
-2.48272
0.010992
-3.6481
-0.455474
-2.46406
-4.01201
-2.47108
-0.365965
-0.905575
-5.82404
-3.27171
-8.31713
-6.85152
-3.49477
-0.298933
-1.93138
-2.76456
0.0825204
-0.0915531
0.0453218
0.0349124
-0.60356
0.1049
-3.8889
-6.9129
-4.76514
-4.105
0.0199695
-1.74725
0.0223254
-1.93411
-3.25809
-0.417273
0.0238333
-0.234353
-0.345078
-5.23627
-5.39876
0.0966965
-0.407662
-2.12304
-0.0567739
-0.141927
-0.0243861
-0.104645
0.127854
-0.333304
-2.21471
-5.04914
-3.54348
-6.01077
-0.278432
0.0706919
-2.78947
-3.13768
-0.397506
-2.12322
-1.48901
-0.0606475
0.0605435
-6.24198
-0.325671
0.00383651
0.0686768
-9.99258
-5.15555
-1.67029
0.0677847
-5.08829
-2.41695
-5.64749
-7.2622
-0.0419333
-1.30438
0.115685
0.0738775
-1.48913
-10.1173
0.0659096
-0.543436
-0.416519
-0.933767
-0.14235
0.0517864
-0.943639
-1.13873
-5.05648
0.0408652
-0.29601
-1.3339
-3.85879
-0.150598
-6.05656
-5.4842
-0.326463
-0.0871017
-0.714031
-0.82505
-1.18548
-4.01202
-1.32395
0.0604562
-1.16864
-4.83976
-2.05942
-10.8464
-4.54189
0.0368916
-0.988191
-1.95862
-7.69078
0.00517995
0.0714223
0.0503804
-3.4052
0.0630615
-4.56825
-0.00929906
-2.02159
-6.52588
0.038199
-1.33836
-3.1829
-4.12734
-3.89108
-3.05005
0.080241
-0.712056
-0.0819501
-1.14299
-0.20091
-0.721074
0.0664991
-0.528357
0.0675759
-5.24455
0.0331091
-0.235325
-2.47138
-1.09731
-0.0358212
-3.37821
-1.8116
0.111554
-0.226194
-2.92798
-3.45605
-2.04705
-3.1869
0.0937406
0.0895124
-1.73115
-3.42344
-2.72208
0.0694847
-0.964457
-4.01401
-4.60921
-0.0515107
0.0910716
-0.64213
-6.68347
-0.366501
-9.82521
-1.42016
-0.578044
-5.76776
-4.12196
-0.297706
-0.00243679
-4.18263
-0.337266
0.0732866
0.095418
-5.55376
0.10365
0.109951
-0.0147437
-4.38242
-0.888696
-0.150512
-4.26336
-0.505193
-2.20696
-2.14827
-1.49199
-2.33099
0.0132116
-0.289622
-0.318255
0.0599305
-2.09945
0.0804371
-2.82883
-8.17105
-4.55104
-5.91099
-5.23245
0.122307
-0.149522
-0.616899
-2.05185
-4.60914
0.101932
-2.26509
0.00661014
-0.0530683
-2.56259
-1.85581
-4.60549
-2.76764
-3.63923
-9.6388
-0.0279723
-7.15019
-3.02119
-2.53437
-4.34294
0.0661676
-4.08362
0.0263643
-2.33341
-2.40373
-3.26075
-0.697732
0.0700772
-0.36704
-0.0324386
-3.38021
-5.69546
-0.180935
-2.99692
-6.35701
0.0940275
0.0351731
-1.19881
-4.07708
-6.39424
-0.339724
0.0824046
-0.96813
-1.1702
-0.810552
-6.57823
-4.19741
0.0920373
-7.21066
-3.64984
-0.0412003
0.0906016
-2.80731
-5.80962
-3.05066
-2.64886
-4.00057
0.0970319
0.049912
-8.6159
-1.35788
-0.523801
0.069959
-0.806707
-1.51636
-0.560582
0.0797386
-6.99692
-9.25667
0.099801
-1.68637
-3.54361
-2.52621
-1.4918
-0.843097
-1.75823
0.0237619
-0.785271
-3.26967
0.0464185
-0.108485
-2.6876
-1.20534
-2.39056
-5.29143
-3.95911
0.0227416
-0.152093
-3.55595
-5.65354
-1.93165
0.0800071
-11.5691
-0.557421
-5.88406
-0.17122
-3.8854
-0.276222
-2.11094
-0.0171357
0.0833686
0.0425177
-2.13466
-2.6181
-1.92528
0.0344076
-2.24543
-3.68174
-0.263869
-0.239707
-4.65746
0.0893278
-0.0668457
-1.60377
-8.07761
-1.38345
-2.30284
-1.34806
-0.197994
-0.431645
-9.83696
0.0520626
-1.44781
-0.330358
-5.34075
0.0698112
-4.50729
-6.31955
-0.731782
-1.12127
-4.011
-3.68789
0.107763
-5.6309
-0.0197009
-6.987
0.0526827
-0.410335
-8.92917
-1.0532
0.0920322
-6.863
0.0791895
-4.65413
-2.40308
-2.14576
-1.76657
-0.903849
-0.117594
-0.447529
-1.93817
-0.291073
-3.16868
-0.53213
-7.14986
-0.0376652
-0.894579
-6.70076
-0.111392
0.122644
-1.35819
-0.0356286
-1.35442
-0.363492
-0.0134353
-2.77358
-1.31679
-6.98403
-0.474176
-4.11193
-2.84972
-2.1118
-0.561749
-2.68093
-4.12839
-1.48714
-1.01893
-1.62604
-6.20794
-0.393854
-7.71112
-3.06867
-0.278298
0.0910737
-3.94223
-0.0395739
0.0962464
-1.75556
0.0988908
-1.61099
-0.117186
-1.81571
-2.22336
-1.15912
-5.36878
-5.07033
-1.134
-2.88942
-7.6028
-0.777396
0.0868197
-0.478661
-4.48391
-3.58838
0.0835366
-0.368305
-6.18689
-3.45175
0.0967261
-4.34835
-6.99159
-0.00995017
-3.1618
-2.70228
-3.67083
-3.74224
-3.29807
-0.598703
-4.40225
-0.366284
-6.90352
-3.3176
-3.07855
-1.9966
0.0442298
-0.407152
0.0589886
0.121687
-5.20445
0.0948831
-0.704504
-1.22575
0.100843
-3.88993
-7.64337
-3.15166
0.0595209
-0.817604
0.0454201
-0.972115
0.0214048
-2.75506
-4.91397
-0.837465
-6.08112
-0.462974
-0.413679
-2.26715
-0.0615852
-1.9105
-7.27774
-5.16151
0.0462942
-3.35292
0.135339
-1.44279
-3.68927
-1.95759
-2.67701
0.111625
-0.286933
0.0127966
0.0746985
-5.99291
0.0422829
-0.169805
0.0797624
-0.821874
-2.04958
0.05662
-6.57735
-0.0323236
-0.0741546
0.0812073
-4.08242
-0.31297
0.110638
-1.72526
-0.185206
-8.41242
-3.96284
-0.636871
-1.07293
0.0401426
-7.45112
-0.513391
-2.96751
-2.91379
0.141425
0.0531338
-0.0432602
0.085353
-0.00945258
-1.19419
-4.93766
-0.506965
0.0714621
-1.40445
0.0293316
-0.300871
-0.0876471
-1.21552
-5.02382
-6.90364
-1.60895
-7.4848
-0.778192
-4.45953
-0.541491
-2.15551
-0.318221
-0.181944
-0.419442
0.107675
0.0101135
0.106141
-2.37882
-3.3694
-5.33336
-2.9305
-1.10525
-0.0437778
-0.0507551
-0.00166769
-3.30547
-0.0181409
-5.21193
-1.33039
-4.43579
-2.91874
-1.9185
-0.0665854
0.0342383
-0.960434
-6.37355
-0.742906
-0.141843
-2.60811
-2.43458
-2.77693
-0.0143931
0.0233431
-3.12807
-3.63771
-0.0218035
-0.0780171
-0.0171625
-1.93952
-5.71237
-0.104699
-2.51639
0.0486174
-0.0318306
-0.554675
-1.35112
0.0358991
-0.100167
-0.592097
-0.301707
-5.68504
0.10109
-8.24504
-2.62689
-7.07895
-0.860541
-3.3517
-0.566324
-3.1684
-1.69681
-1.52807
-1.28902
-0.253222
-5.24672
-0.470854
-3.17367
-0.941478
-0.300057
0.0834709
-2.23648
0.121841
-0.0722836
-4.01511
0.0478121
0.119477
-1.76824
-4.86612
-3.61483
-4.58779
-0.66684
-0.774974
-1.1703
-1.11374
0.0833004
-3.95984
-2.21809
-0.670508
-0.524255
-3.52993
-0.546392
0.100196
-2.24842
0.0640913
-7.1225
0.112119
-0.418928
-0.427751
-2.80722
-2.02603
-0.00893156
-3.29138
-1.3506
-1.58861
-0.778593
-3.00133
-1.18137
-0.151024
0.0612761
-0.0717945
0.0977049
-0.43702
-4.98001
-2.5244
-2.29831
-6.44567
-0.204517
0.0740083
-3.16733
-1.2048
-4.35469
-1.10318
-0.703997
-0.00637489
-1.35034
0.0924132
-4.38108
0.126452
0.0800674
-6.1826
-0.243057
0.0822161
-1.16391
-0.0927847
-0.0296394
-0.785347
-1.20235
0.0824791
-5.1504
0.131563
0.0998904
-5.24104
-5.78244
-0.447853
0.0339393
4.08421e-05
-5.41614
-0.833844
0.0190722
-1.34538
0.0374285
-1.01975
-1.92147
-1.78295
-3.63531
-0.516633
-6.28204
0.0738128
0.0935739
-0.485148
-0.660082
0.0872115
-0.0203003
-2.35747
-6.79068
-2.46936
0.0438415
-0.0451304
-3.08591
-1.05883
-3.76773
-0.326539
0.0550135
-0.871718
-7.84509
-2.99056
-0.9159
-1.36597
-1.18836
-0.611809
0.095752
-0.446872
-0.826732
0.011353
-4.80886
-1.227
-6.22183
-1.48722
-3.74347
0.0117073
-5.54391
-2.41274
-4.87054
-1.06996
0.0935352
-0.686974
-2.1538
-4.75409
-7.71278
-0.331728
-0.396473
-4.98652
-3.01693
-2.40396
-0.00983432
-3.47948
0.0109259
-0.0213773
-7.51568
-0.510909
-0.778816
-4.44121
-3.31712
-7.51267
-2.31307
-2.64303
-6.62602
-0.0565323
-3.06637
-2.58898
-1.13684
-3.47519
-1.04984
-1.71933
-1.5135
-3.7031
-1.82387
-3.2856
0.0325945
-1.11976
-5.36716
-8.19959
-3.68233
-1.94477
-4.47916
-0.425315
-1.47963
-0.186689
-2.22327
-4.09873
0.00834316
0.0412862
-0.074701
-1.78347
0.0130713
-1.68893
0.113225
-3.15998
-3.24784
-0.523606
0.0925873
-2.39337
-0.0156045
-1.51986
-1.94032
-4.3882
-7.35037
-0.862071
-5.98804
-0.130953
0.0184027
-0.0987188
-2.04541
-1.27095
0.0754636
-0.397375
-0.025297
-0.434184
0.0325453
-5.76068
-1.20516
-0.334377
-2.56561
-0.197527
-2.26359
-5.45002
-4.33975
-4.9736
-1.97637
-3.32925
0.0435874
-0.387281
-1.84548
-2.82331
-3.44409
-0.0268922
-0.61637
-1.89261
-0.0254161
-4.04426
0.00293196
-4.3459
-0.177664
-8.79915
-2.32312
-2.90632
-0.496807
-0.60763
-0.367407
-5.35369
-2.09095
-6.50597
-1.57612
0.0612387
-0.621621
-3.75135
-3.11664
-2.25304
-1.21521
-1.54385
-0.184727
-0.582684
-0.9568
-3.84422
-2.95619
-0.0962924
0.0629116
-0.0979478
-3.87427
-1.86327
-0.285901
-0.406315
-2.96467
0.0850674
-1.80119
-4.28831
-5.4745
-6.23996
-0.978429
-0.672807
-0.825874
-1.71514
0.0772543
-5.15016
-0.914894
-7.83508
-0.947554
-3.57624
-7.38388
-9.96321
-0.700455
-2.99919
-0.171938
-1.58767
-0.392463
-9.05033
-6.79685
-6.80669
-2.43102
-6.3729
-0.585137
-0.672928
-1.47664
-0.113264
-0.718266
-1.05156
-5.52974
-0.486182
-4.82522
-3.36901
-3.06971
-0.606859
-3.58594
-0.0376796
-2.48361
-2.04623
0.0744889
-9.76378
-3.87548
0.119535
-4.53716
-4.67778
-0.852711
-8.32029
-6.52775
-0.134668
-0.635535
-0.00453658
-1.8082
-4.80834
-2.66017
-0.605931
-1.6317
-0.329868
-3.06435
-0.343334
0.0333684
-0.937052
0.0846967
-1.44677
-4.47825
-0.240087
-10.7049
-2.59723
-0.709014
-1.6621
-0.551133
0.0699032
0.0916947
-1.14255
-3.87572
-1.13472
-8.35304
0.0686388
-1.49056
0.0267299
-2.57129
0.0800954
-0.0110713
-2.77809
-0.0318265
-6.91854
-3.52291
0.114153
-2.99651
-0.117236
-4.15642
0.0944947
0.0312416
0.0682566
-4.51203
0.0357072
-0.0481671
-0.0629197
0.047562
0.109015
-1.86657
0.0494289
-1.50557
-2.67103
0.045766
-0.0903569
-0.0359263
-3.221
0.102814
-2.88434
-0.00299067
-1.39769
-0.0839025
0.038272
-6.09186
-3.34483
-4.92002
0.136313
0.0990733
-1.44945
-0.299592
-2.28293
-0.232157
-1.58324
-2.03776
0.128456
-5.58826
0.0635278
-5.1943
0.129005
-2.67542
-0.471671
-2.76946
-0.418901
-1.1069
-6.30849
0.0763065
-5.92398
-0.123067
-0.338889
-0.653289
-2.0338
0.0804632
-5.7924
-2.50893
-0.0638897
-4.68976
-0.0715918
-3.17366
-2.02633
-3.38129
-0.214637
-0.226829
-5.30976
0.0786666
-2.83876
0.0677419
-3.42435
-0.33669
-1.97337
-0.494901
-2.95916
-0.64856
-3.6244
0.10251
-0.261784
0.0551819
-1.70733
-0.034435
-2.86705
-3.33877
-0.28938
0.0432841
-0.544151
-4.88723
-0.322457
-4.5746
-0.11743
0.0353064
0.0952919
-1.42283
-0.233518
-3.09881
0.0428705
-1.86772
-0.0902076
-0.571625
0.103941
-0.0137214
0.105106
-3.69153
-3.85068
-5.4016
-4.54101
-0.49639
0.0969209
-2.93621
0.0807294
0.0255881
-0.0794658
-1.12231
-0.751381
-2.2875
-2.04667
-0.0165378
-1.41066
-9.22848
0.0770369
-1.83335
0.0578613
-1.50361
-0.118033
0.0623801
-0.421637
-3.059
-1.30827
-0.108279
-1.06062
-2.66411
-3.64369
-5.59644
-1.45193
-2.01994
0.0825729
-0.441399
-6.13759
-0.0292422
-2.88443
-0.56951
-4.09495
-2.94075
-0.255043
-0.783612
-6.87814
0.0705208
-1.53895
-1.53244
0.0781908
-0.300773
-1.59458
-0.944264
0.0707693
-5.94985
-0.42551
0.00376404
-0.0775623
-4.40221
-2.3345
-0.549294
0.016886
-0.606991
-2.68853
0.0458631
-1.1486
0.0105694
-0.184801
-0.644105
0.0704177
-0.446058
-1.32922
0.0404892
-4.51881
-0.511546
-0.760425
-5.1293
-1.99584
-0.593642
-0.909288
-5.70517
-0.7047
0.0713029
-1.57642
-3.73372
0.106509
-2.05976
-0.0146318
-2.05591
-2.59939
-0.430383
0.00933173
-3.5966
0.0924175
-2.11653
0.056438
-5.52752
0.0260734
0.0922651
-5.19689
-2.16271
-5.01838
0.0538457
-3.49298
-5.04079
0.0303021
-2.58296
0.0378608
-4.61168
-0.0705525
-1.2693
0.0938511
-2.08474
-3.18607
-1.32586
-1.25063
-0.224595
-0.0480575
-2.10242
-1.9863
-0.80297
-2.68415
-0.257492
0.0200666
-0.0604506
-3.29232
-5.1038
0.0498823
-1.64365
-0.874022
-2.94297
0.0406449
-3.41155
0.0860829
-1.96463
-0.000699597
-0.00783269
-4.27346
-1.86727
-3.33764
-1.58663
-0.111728
-5.14969
0.0431142
-4.30474
-4.40009
-5.23014
0.0827427
-1.98409
-1.32175
-0.0495363
-0.784277
-1.4281
-0.00483815
-1.06442
-0.117507
-5.68829
-1.72344
0.0101442
-4.50767
-0.0154557
-7.01555
-3.79837
0.014582
-1.23196
-2.14523
0.126128
-1.42958
-10.9475
-2.41703
-0.935486
-3.49235
-2.62845
-0.440363
-0.456212
-0.425938
0.0812894
-0.165425
-2.61921
0.101408
-4.76418
-3.23879
-5.91417
-1.7036
-0.0400922
-1.64602
-2.22834
-4.2878
-3.66047
-1.02667
0.133586
-5.69311
-4.11768
-6.63276
-5.06072
-3.42149
-0.541957
-2.30668
-0.75547
-0.386422
0.117195
-0.162983
-3.55041
-0.0796106
-4.41152
-0.0174932
-4.99385
-2.49939
-2.64397
0.0514292
0.0895896
0.127586
0.0307644
0.10561
-0.315268
0.0804273
-5.9197
-2.63646
-0.22026
0.0886551
0.0375919
-7.2068
0.0537125
-0.0672398
-0.640766
-4.60506
-2.99458
-1.13557
-1.215
-2.97326
0.0782062
-3.20153
-2.10574
-0.0230931
-4.04252
-5.32824
-3.91496
-0.667707
-3.26572
-4.36803
-2.39926
-3.3208
-2.35446
0.0821454
-4.94448
-0.126147
0.0295902
-3.754
-1.60003
-1.91665
-1.18136
-3.53526
-0.652918
-3.25886
0.0571529
0.112308
0.0345575
-0.337231
-0.291225
-1.13422
0.014833
0.0949083
-3.32802
0.103245
-6.46327
-0.566444
-0.416812
0.0907837
0.045352
-2.04388
-0.380115
-0.245006
-4.6313
-1.82327
-5.58357
0.0327848
-1.49533
0.0432344
0.0652077
-1.72871
-0.00955821
-0.404943
0.0516333
-2.96958
-0.0353105
-0.105261
0.0926877
-0.0732259
-1.776
0.127339
-0.0284178
-0.63491
0.0199412
0.112029
-5.92611
-1.17051
-4.12779
-0.403874
0.00825241
-1.62989
-1.59253
-1.4147
-0.0324239
-0.520052
-1.81547
-9.16807
-0.164965
-2.24808
-4.23118
-0.00697128
-0.738865
-0.52776
0.0944802
-3.67024
-4.5088
0.0474657
-0.659045
-0.767785
-0.361897
-2.81755
-1.96221
-2.7352
-0.369118
-2.77169
-2.33745
0.0888916
-0.0214571
-6.79115
-1.21713
-1.20431
-4.85209
-1.10195
0.107093
-2.9606
-4.91646
-1.95331
-2.11534
-5.6312
-0.110519
-1.91025
-3.65058
-7.78642
0.0347825
-2.462
-6.35045
-3.02393
0.061776
0.112716
0.100028
0.00830118
0.0267115
-4.29892
0.0912038
-0.113689
0.092442
-6.22111
-2.98534
-0.741249
-3.15808
-0.00382608
-2.01167
-0.113475
-0.186406
-4.94771
-1.87013
-7.34687
-4.50574
-1.9888
-2.63506
0.0865883
-0.162811
0.104168
-0.0329367
-3.85387
-0.8732
-0.256062
-1.6946
-0.209314
-7.93525
-0.0614693
-0.657326
-1.41926
-1.42016
-1.6591
-3.41604
-4.63735
-3.1264
0.091354
-2.24319
0.0166756
0.0459832
0.0535935
-0.159079
-3.0089
-5.867
-0.299921
-0.121183
-1.713
-5.1734
-7.83657
-3.40377
-0.466594
-1.66056
0.0405196
-2.99083
-0.0191272
0.0314976
-0.262425
-2.53625
0.098995
-0.199144
-0.904999
-0.928779
-1.47099
0.129513
-0.906594
0.10094
-1.72526
-5.56246
-0.858175
0.0459823
-3.04458
0.0906021
-4.98964
-0.0601476
-2.87008
-2.728
-0.973651
-0.0768299
-2.92599
-0.0385631
-7.38863
0.0396791
0.0711542
-5.64271
-1.92522
0.0761827
-1.73029
-3.89877
-1.51796
-0.614313
0.108585
-2.81558
-0.883286
-0.0305883
-1.34016
0.0938735
-1.01086
-1.22342
-0.0168442
-5.74319
-5.01187
-4.10624
-0.0491578
-1.66816
-0.336829
-0.538342
-3.32318
-0.442904
0.0850854
0.112347
-0.467098
0.0603079
-3.67329
-3.44614
0.0976849
-2.42543
-4.65656
0.0897184
0.119018
0.0942354
-0.270462
-3.28283
-2.30386
-4.81039
-0.442155
-2.5577
-2.86928
-4.37097
0.07522
-1.27244
-4.2756
-1.88416
-0.00349932
-0.648122
-1.06284
-0.726865
0.07358
-0.55989
0.0437179
0.119315
-0.108797
-7.35305
-3.6895
-2.00427
0.0734041
-0.474764
0.139014
-2.84736
-0.215838
-4.65331
-0.375399
-0.107545
-0.234834
-2.63214
0.0608341
-0.900678
-0.302967
-3.92152
-0.327162
-0.470032
0.128492
0.0766879
-0.0203551
0.0332377
-3.95349
0.0572552
-2.92303
-0.177025
-3.2863
-2.88873
0.0577416
0.0194512
-0.268067
-1.25073
-2.74984
-1.65689
-1.27183
-0.390692
-0.222604
-2.49012
-1.58349
-1.13998
-2.44435
-0.077161
-0.937309
-2.50881
-0.11171
-0.00269922
0.0453036
-3.57028
-0.0935964
-0.916106
-0.0520043
-0.431528
-0.0595065
-0.433525
-4.85257
-0.216899
0.0900039
-0.0506346
-0.0633835
-3.90261
-0.0294368
-1.39518
-0.720173
0.0641817
-5.06003
-2.32932
-1.40365
0.00915048
-2.51491
-2.01398
-0.756462
-0.265424
-2.29915
-0.253262
-1.16114
0.0569922
-1.24999
-0.047219
-0.129898
-5.33383
-0.620022
-0.166452
-5.84571
-1.91661
0.139353
-4.73024
-4.0875
-0.19845
-1.68555
-10.3451
0.0574899
-5.34703
-1.84036
-9.48273
-3.9452
-4.38811
0.0108475
-6.33799
0.05071
-0.757543
-4.96842
0.044405
-3.55469
-2.73182
-0.472963
-4.01964
-0.130529
0.00658538
-2.9641
-4.14635
-0.056943
0.107429
-0.679808
-4.65721
-0.88012
-2.78896
-0.0140126
0.079288
0.0720889
-2.52107
0.0150095
-0.0949585
-2.66138
-1.77908
-2.55179
0.0645806
-0.029823
-2.18783
0.11463
-3.71697
-1.31505
0.101601
-3.77397
-0.644625
-1.27163
-0.688597
-0.556008
-0.361981
0.0576271
-0.0707045
-3.48403
-2.00112
-8.03533
-3.86479
-0.248225
-0.0658929
-1.19844
-0.0706412
-1.66277
-2.45445
0.0703544
-4.07493
-3.99194
0.0768264
0.0617596
-0.415393
-0.549334
-1.92982
-0.279206
0.0910199
-0.138978
-0.315994
0.125666
-4.21218
-0.185336
0.124091
0.0781084
-0.319893
-1.8746
-0.763885
-0.368133
-4.28795
0.10114
-3.18722
-1.74229
-5.487
-1.96778
-0.692074
-8.29353
0.0448506
-0.623803
-5.15594
-0.401932
-0.165347
-0.791976
-0.0622526
-1.73299
-1.55907
-7.35638
-6.02373
-5.35155
-0.939901
-5.34063
-0.316637
0.0823914
-2.68936
-2.84406
0.0429139
-5.61659
-1.81589
-2.08763
-0.459711
-7.93954
-0.194848
-2.55697
-0.121652
-0.359695
-0.0898421
-0.844927
-5.11354
-4.50428
-4.03136
-2.41717
-0.733197
-3.05263
-3.76915
0.0575952
0.065514
-0.272387
-0.146207
-0.0128779
-3.09983
0.0747051
-0.421305
-5.26496
-1.10481
-1.12056
-0.0742585
-3.42382
-3.47509
-0.977085
-6.93123
0.0911139
-1.61215
-0.0181669
-5.79752
-0.317656
0.022487
0.0844402
-2.67996
-0.178206
-2.96999
-2.93015
-1.41348
-4.93631
-7.84464
-0.797817
-0.102584
-0.073167
-1.98173
-4.39517
-4.94836
-0.455326
0.0144343
-2.47986
-5.80398
-0.0335463
0.133733
-0.706651
-6.52191
-0.902198
-0.673158
-5.85815
-3.53887
-0.620512
0.05246
-1.63728
-0.808818
0.0656566
-1.50649
-0.333928
-1.5046
-1.24945
-1.28137
-0.520245
-2.22529
-0.873303
-0.331026
0.128308
-2.2041
-1.4643
-5.05343
-4.45393
-0.426036
-2.66472
-0.751418
-0.21321
0.0874493
-0.904337
-2.65642
-2.03198
-3.27602
-0.569974
-0.854987
-0.464785
0.0207142
-3.17388
0.0472452
0.0793179
-4.47182
-0.17502
-2.57316
-2.79262
-4.92992
0.0111214
0.0442549
-5.03671
-0.730346
-3.71191
-1.3645
-2.62721
-0.914251
-0.0693223
0.109667
-1.01301
-3.35457
0.107257
0.0791166
-0.1908
0.0209506
-4.00056
-1.25923
-1.16285
-2.59111
-0.551503
-1.24681
-0.0678818
-4.78253
0.00985324
-5.39477
-0.229502
-1.0345
-1.73675
-4.80682
-1.37114
0.0414878
-0.173323
0.103884
0.0767405
0.0292258
-0.198135
-0.703306
0.0101811
-1.29272
-2.91555
-0.20377
-1.57766
-3.48044
-2.16348
0.0595395
-1.01844
-2.35116
0.0589161
0.0525795
-1.01344
-1.69853
-0.415323
-0.935562
-7.84058
-0.422811
-4.05633
-6.25987
-2.62224
0.0610575
-0.0973808
0.0771654
-6.17454
-3.00619
-3.69157
-0.740615
-3.41877
-1.07774
-4.78243
-2.65738
0.0823154
-0.510399
-1.84294
-1.49305
-2.90844
0.081018
-0.0733113
-1.51509
-2.29754
0.0600022
-4.61527
0.0836416
-3.10892
-0.432386
0.111953
-2.1329
0.0846664
0.118854
0.015173
0.0842071
0.118728
-3.02815
0.0667098
-0.16817
-1.88045
-3.85749
-2.59662
-5.15237
-0.0499219
-2.1198
-1.47529
-0.274892
-0.477229
-1.17611
-1.43647
-2.01501
-0.716647
-0.029818
0.10481
