0
0.35
0
1.575
0
0
0
0
0.025
4.175
0.675
0
0
0.35
0
0
0
0.35
9.95
0.225
7.65
0
0
7.55
0.1
0.525
0.825
0
0
0
0
0
0.875
0
1.05
11.375
0
0
0
5.725
0.025
4.625
0
0
3.9
0.05
1.9
0
0.1
8.45
0
0
0
0
3.35
0
0
2.05
0
0
0
0.375
0
0.05
4.475
0
0
9.4
8.9
7.2
5.85
0
7.55
4.675
0
7.025
0
1
0.175
0
0
0.875
0.15
0
0
0
0
0
0.65
0
0
7.725
1.975
5.9
4.25
0.5
8.55
0
0
0
0
3.575
0.1
3.1
0
0
0.475
2.7
0.675
2.1
0
0
8.55
1.65
0
2.7
3.775
3.175
2.6
8
0.825
0
0
0
0
1.3
3.7
0
0
0.625
0
0.05
2.85
7.775
0
0.1
2
2.925
0
0
0.05
4.9
0
0
0
0
2.55
0.125
10.45
4.95
0.125
0
6.95
1.4
0.575
0
3.075
2.7
0.025
0.05
0
4.7
1.675
0.125
0
1.75
0
0
0.5
1.575
0.55
0.475
0.525
0
0.025
5.925
0
0
0
0
0
2.8
0.425
0
0
4.575
9.225
3.325
0
3.875
0
4.25
0
0
4.8
0
0
0
0
0
8.6
0.05
1.8
0.05
0.775
0.475
8.55
0.375
4.2
0
5.525
2
0
0.15
1.55
0
0
9.3
0.35
0
0
0.025
0
8.75
7.975
0.025
0
0
5.9
0.45
0
0
1.6
6.65
0.2
0
1.35
0
0.05
0.525
0
0
1.2
2.975
0
2.625
6.65
7.775
0
6.65
7.725
2.875
0
0.05
0.725
0
0.225
0
0
0.075
0
3.725
0.75
0.925
6.2
0
9.475
0
0
0
0
0
8.025
2.925
0.2
0
0
11.325
0
6.425
1.375
0
0.025
0
0
0
0
2.825
0
0
0
0
7.675
0
3.8
0
0
0
0.2
6.7
2.15
2.025
0
0
1.125
0
0
7.925
5.8
0.025
0
0
0.2
11.1
0.125
0
0.05
0
0
7.675
0
0
3.275
9.775
0
0
0
0
0
16.65
5.3
0
0
0.725
6.6
0.225
0
0.3
8.725
0
0
6.25
0
0
0
0
0.15
0
4.35
0.125
0
3.625
1.5
0
0.075
0
0
0
4.3
2.7
0
0
0
5.25
0
0.35
0
2.2
0
0.15
0
1.375
8.65
7.375
0
0
0
5.1
0
0
0.725
1.075
0
7.825
3.025
0
0
0.65
0
0
1.05
0.775
0
4.975
0
1.325
0
6.375
0
0
0.4
0.25
0
0
8.35
0
3
0
6.25
0.9
0
0.35
6
0
5.45
0
0
0
0.025
0.225
0.975
0.025
0.05
0.85
0
0.775
0
1.95
0
0
0.8
12
0.05
1.925
0.025
1.7
2
0
0.1
0
0.025
0
0
0
0.7
0
0
0
0
0.025
0
0.85
0
0
0.3
12.8
0
2.5
6.525
0
10.65
0.025
2.85
0.05
0
0
0
0
0.075
0
0
0.4
6.1
0.175
0
0
7.825
0.475
0
0
8.525
0
0
2.3
0
0
0
0
0
0.675
0
0.525
0
0
0
0
8.2
0.025
3.625
7.8
0
8.975
0.05
0.025
8.15
0
0
0
4.225
0.2
4.075
0.075
1.95
0
0
0.4
0
0.35
0.25
0
2.95
0
0
0
7.2
0
14.375
0.025
0
0
0
5.6
0.775
4.825
4.525
0
6.325
1.425
5.775
0.05
0
6.6
0
2.1
1.75
5.4
0
0.5
7.8
0
0.8
0
0
0.225
0.225
2.025
0
0.25
0
0
15.975
5.9
3.075
6.225
2.475
0.025
0
1
4.025
0.025
4.875
0.075
2.975
0.125
0
0
0
0
0.05
0
0.95
0
1.875
1.85
0.825
7.7
3.175
13.05
0
0
0
0
0
5.025
2.15
3.175
0
1.975
0
0.3
0
0
0
3.55
5.375
0.05
0
0.15
2.4
0
0
0
4.3
3.125
0
0
3
3.425
3.4
0
0
3.75
0
4.725
2.95
1.35
0.025
3.575
2.425
0.175
1.15
0
6.8
0
0
0
0.1
0
0.85
0
0.05
0.025
0.15
0.35
0
0.725
0
0.075
1.05
4.85
0
12.1
1.75
0
4.2
10.35
0
0
0
0
0.35
0.25
0
0.375
4.625
0
0
0.275
0.475
0
1.375
7.825
0
5.125
0
6.675
0.3
0.725
0
0
5.475
0
0.025
0.025
0.1
0
0.025
2.575
4.275
1.95
10.8
0.15
0
0
0
0
1.275
4.8
0
0.05
0
0
0.1
2.625
0.15
7.6
0
11.05
5.2
0
1.7
4.1
0.075
1.75
3.2
0.575
0.05
7.575
0
13.25
7.525
0
0
0.65
6.45
4.9
0
0.475
3.475
0.025
5.6
0.2
0
0.075
0
0.675
0
3.9
6.65
3.3
1.15
8.175
4
0
0
0
4.525
1.925
0
0.025
0
1.65
4.2
0.075
0
0
0
0.025
0.075
0.45
6.45
0.4
0.825
2.95
0
0.175
0
0.025
0
3.925
0
0
0
0
6.7
0.1
0
0
0
3.075
1.075
0
0
0
3.925
0
1.475
3.1
0
1.675
0
0
0
0
0
0
0
2.6
0
0
0.175
0
0.3
0.025
0
0
0
0
4.725
0.05
0
0
0
0
0
2.375
0.15
1.8
0
0
4.15
4.95
1.725
0
2.375
0
7.875
0
0
0.35
6.525
0
1.95
0
0
0
0
0
0
1.3
6.425
3.375
0
0.075
5.6
0.85
3.85
1.55
2.475
0
0
0.875
0
2.5
0.05
0
0
0
0
0
4.925
1.525
0
0
0
1.225
2.025
0
2.65
0
2.125
0
1.55
0
0
0
0.375
0.65
0.825
0
0
0
0
2.625
0.35
0
0
0
0
0.025
1.7
0.4
0.025
0
0
1.975
6.45
4
0
0
0.2
1.95
0
5.15
0
0
0
0
0
0.275
0.05
0
8.275
0
0
0
0.025
0
0
0
0.875
0
2.5
0
1.125
0
0
0
0
0
1.05
1.075
0
2.35
0.05
0
0
0.425
0
0
0
0.7
0
3.6
0
0.1
6.85
0
0
13.8
0
0
0.525
0
0
1.825
0.925
4.475
0
0
0
0.2
0
1.7
0
0.225
2.875
0.15
6.775
0
0
1.375
0
0
1.4
0
0.075
3.95
6
0.35
0
0.1
0
6.35
0.05
4.4
0
6.8
5.625
0
3.2
0
0
8.575
0.075
2.2
0
5.275
3.2
5.65
0
3.725
0.225
1.25
2.725
8.05
0.025
3.725
0
0
4.075
2.15
2.15
0
7.025
0
2.425
0
1.025
7.925
0
0
0
7.675
6.275
0.15
0.575
0
0.3
0
0
10.3
0
4.425
0
9.125
0
0.075
0
0.325
0.025
0
6.225
0
0.975
0.45
0.075
0
4.95
0
0
2.9
0
2.15
0
0.025
0
0.9
1.55
0
4.625
0
7.175
0
0.975
0
0.175
0
0.175
0
8.875
0.825
3.75
0.025
3.2
0
0
0.85
4.175
0.125
0
0.7
0
0.95
3.3
5.825
0
0.45
0
3.5
0
2.6
0.1
7.525
1.3
7.05
0
0
0
0
0.2
5.25
0
6.2
3.6
2.825
0.05
0.15
0
0
1.925
0.025
0
5.775
0.025
5.325
0
0.975
3.325
0.525
0
0
2.55
0
0
0
0
0.125
0
7.9
0.1
0
2.55
0
0.275
0
0
1.55
0.4
0
5.175
0.375
0
6.55
0.4
0.025
0.325
6.05
0
0.8
2.4
1.875
0
0
0.25
3
0.05
0
5.5
0.175
3.6
1.825
0.05
5.925
0.325
0
5.475
0
0.45
0.05
0
0
0.05
0.025
0
0.4
5.075
0.025
0
6.125
0.025
2.425
0
0
0.45
2.975
0
6.025
0
3.025
0
3.75
6.4
0
0
0
3.625
0
0
3.475
0
4.8
0
2.85
0
6.9
0
0
0
0.075
0.9
2.95
0
0
0
0
0.175
3.4
2.4
0
0
6.775
0
0.125
0
4.175
0
5.5
0
2.4
2.15
0
0
0
0
0.8
0
4.05
0
0
0
2.825
0
0
1.325
0
0.075
4
0.375
0.85
0
0
3.925
0
3.6
0
0
2.225
0.05
0
10.575
0
0
0
0
0
0
0.45
0.725
0.2
7.3
0.725
0
8.25
0
0
0
0
2.6
0
0
0
0
0.075
12.375
0
0
0
0
0
0.3
0
1.625
0.4
7.45
1
0
2.65
0
2.175
0
0
0
5.85
3.95
11.75
4.25
8.15
0.675
4.625
0
0
3.575
6.325
4.8
0
5.525
1
0.275
0
0
0
0
0
4.25
0
0.025
3.65
0
0
0
0.125
0
0
0
0
0.025
6.35
0
1.325
3.425
0
0
0.1
0
0
0.375
0
4.25
12.825
2.625
0.15
0.45
0.05
4.2
7.1
0
8.2
0
0.175
1
5.2
1.7
0
1.825
0.6
0
0
0
4.35
0
5.15
4.075
0
2.45
0.575
5.775
0
1.225
1.525
7.55
2
0
5.625
2.45
0.575
4.325
7.15
0
0.025
0
0.45
4.025
0
0.125
0
2.7
0.125
0.1
0
0.9
0.075
0
1.8
0.3
0.05
6.575
0
0
2.1
0.775
0.075
1.175
0
0
0
0.175
0
0
6.225
3.45
0
0
0.225
0
0
5.925
0
0
0.075
0
0
2.3
0
0
0
4.5
0
0
0
3.175
6.45
7.325
1.85
3.375
0
2.375
2.45
5.85
0
0
0.4
0
1.65
0
1.325
1.65
0
0
0
0
0
0
5.05
0.675
5.45
4.4
0
0.1
0.7
0
0.75
0
1.75
0.875
0
0.2
0
0
0
0
5.825
0
3
3.625
4.6
2.2
0
0
0.625
0.975
0
0
0
0
0.225
0
2.175
0
2.225
2
1.05
0
6.425
0.975
0.1
0.15
0
4.525
0.45
7.025
0
0
0.025
3.625
0
6.125
0
1.575
0
0
0.3
1.875
0
2.65
0
4.075
5.05
0
0
7.225
0
0
0
0.425
5.4
0
0.25
3.925
0
5.375
0.675
0.125
2.225
0
0
0
2.325
0.175
1.775
0.025
0
0.125
5.3
7.35
0.125
4.9
0
0
4.175
0
0
8.7
10.025
9.35
0.4
0
0
0
0.6
0
0
0
2.725
0.1
0
0
2.875
0.425
0.2
0.075
3.45
0.075
3.85
7.625
2.05
0
0
0
5.275
0.125
5.975
0
0.25
0
0.45
2.7
1.375
0
3.05
0.075
2.625
0
0.375
0.55
15.9
6.15
4
1.775
0
5.225
0
0.975
0
0
4.825
5.75
0.475
0.125
0
0
0
1.375
1.8
0
0
0.2
0
1.35
0.025
0
0.7
4.85
4.85
0
2.175
0.075
1.625
0.4
2.025
1.025
0
2.45
5.4
2.975
1.3
0
2.475
0
0.025
4.825
0
0
0
4.45
0
0
0.35
0.775
0
1.675
0.025
2.025
0.025
2.25
1.65
0
0.25
0.8
0
0
6.65
0
0
1.9
0
0
3.5
0
0
0
0
0
3.325
0
6.8
0.125
0
2.95
0
0
0.225
0
1.2
3.825
0
0
2.475
5.85
0.1
0
0.1
0
1.525
5.175
2.025
0
3.075
1.85
0
0
0
4.975
2.625
0
11.925
0
0.075
6.725
0
0.125
0
0.6
0.275
2.35
5.85
2.6
0
0
0
0
1.225
1.05
0
2.525
0
0
2.75
0
0
8.1
4.725
0.475
0.1
0.075
0.45
5.875
1.05
1.65
8.025
0
1.1
7.075
4.5
1.3
0
0.25
0.2
0
5.625
0
0.075
0
0
0.35
0
4.325
0.175
0
0.5
0.575
0
3.35
0
0
0
0
0
0.325
0
0.8
3.3
0
0
3.925
0
0
0
0.65
0
1.1
0
2.675
0.625
1.525
0
0
0
0
0
0
0
0
4.075
4.375
1.25
1.2
2.1
0
5.4
0.25
0
0.025
0.075
2.7
0
0
0.225
0
5.975
0
1.75
0
0.425
4.625
6
0
1.925
0
0
0.4
0
0
0.05
2.175
1.675
0
0
0
0.75
3.2
0
0
2.45
12.7
0.25
0
0.025
0.375
0
0
0.15
5.025
0
0.025
3.375
0
1.375
0.05
0
0.025
0.225
0
0.3
1.5
9.075
0
0
0
0
0.3
0
0.1
0.775
7.2
0
0
0
0
0.45
0.175
0.725
2.8
0
3.275
6.475
0
0.925
0
0
0
3.95
5.125
0
0.1
0
0
0
0.05
2.6
6.275
0
0
6.65
11.725
0.9
4.075
0
0.2
0
0
0.525
0
0.725
0
3.175
0
0.6
0
0.15
0
0.025
3.4
1.4
15.275
4.775
1.9
2.1
0.2
3.075
0.075
0
0.725
0.225
0
0
3.525
0.125
0
4.4
4.4
0
0.025
0.85
0.275
0
0.625
0
0
0.1
3.2
1.175
5.3
0
0
0
0.35
0
0
0
0
4.75
1.15
0
0.025
0
5.825
1.8
0.15
0
6.3
0
5.925
0
0.15
7.325
0
5.525
7.15
4.175
3.8
8.3
0
5.225
0.475
0
0
0
0
2.35
0
0
0.3
0.15
0
0
0
0
1.575
9.375
