0
0.075
0
1.275
0
0
0
0
0
2
0.225
0
0
0.175
0
0
0
0.275
3.775
0.075
3.025
0
0
3
0.1
0.175
0.5
0
0
0
0
0
0.475
0
0.225
5.3
0
0
0
2.125
0.025
2.125
0
0
1.575
0
1.025
0
0
3.225
0
0
0
0
1.75
0
0
0.45
0
0
0
0.05
0
0.025
2.05
0
0
4.175
4.175
2.725
2.95
0
3
2.2
0
2.625
0
0.125
0
0
0
0.225
0
0
0
0
0
0
0.475
0
0
3.75
1.175
2.7
1.725
0.35
3.625
0
0
0
0
1.4
0
1.525
0
0
0.1
1.475
0.65
0.475
0
0
4.175
0.475
0
1.05
1.425
1.45
0.65
3.375
0.525
0
0
0
0
0.35
2.1
0
0
0.325
0
0.025
0.975
3.35
0
0.275
1
1.4
0
0
0
2.175
0
0
0
0
1.3
0.025
4.7
2.2
0.025
0
2.825
0.175
0.25
0.025
0.8
1.55
0
0
0
1.625
0.275
0
0
1.1
0
0
0.2
0.675
0.1
0.075
0.075
0
0
2.7
0.025
0
0
0
0
1.425
0.05
0
0
1.975
3.425
1.95
0
2
0
1.65
0
0
1.9
0
0
0
0
0
3.475
0.075
0.7
0
0.4
0.1
3.225
0.2
1.975
0
2.95
0.85
0
0
1.325
0
0
3.95
0.425
0
0
0
0
4.075
3.625
0
0
0
2.65
0.025
0
0
0.6
3.1
0.1
0
0.425
0
0
0.125
0
0
0.4
1.625
0
0.375
3.35
3.35
0
3.175
3.05
1.05
0
0.05
0.575
0
0.25
0
0
0
0
1.8
0.475
0.425
2.675
0
3.85
0
0
0
0
0
4.125
1.1
0.05
0
0
5.1
0
2.25
0.675
0
0
0
0
0
0
1
0
0
0
0
3.5
0
1.6
0
0
0
0.1
2.975
0.35
0.775
0
0
0.625
0
0
3.45
2.775
0
0
0
0.475
4.475
0.125
0.025
0
0
0
3.75
0
0
1.175
4.05
0
0
0
0
0
7.2
2.15
0
0
0.075
3.525
0.175
0
0.35
4.575
0
0
2.7
0
0
0
0.05
0.075
0
2.45
0
0
1.525
0.775
0
0
0
0
0
1.825
0.9
0
0
0
3.125
0
0.225
0
0.625
0
0.35
0
0.675
3.95
3.025
0
0
0.025
2.45
0
0
0.825
0.325
0
3.025
1.175
0
0
0.025
0
0
0.35
0.275
0
2.3
0
0.425
0
3.025
0
0
0.075
0.025
0
0
3.925
0
1.575
0
2.4
0.325
0
0.025
2.575
0
2.55
0
0
0
0
0
0.6
0.15
0
0.475
0
0.2
0
0.85
0
0
0.675
4.95
0
0.975
0
0.4
0.6
0
0
0
0.075
0
0
0
0.15
0
0
0
0
0
0
0.45
0
0
0.15
5.45
0
1.025
2.825
0
5.1
0
0.925
0
0
0
0
0
0
0
0
0.2
2.6
0.15
0
0
3.5
0.1
0
0
4.025
0
0
1.525
0
0
0
0
0
0.325
0
0.225
0
0
0
0
3.275
0.2
2.075
3.45
0
3.65
0.025
0
3.25
0
0
0
1.825
0.075
2.375
0.125
0.95
0
0
0.075
0
0.15
0.175
0
1.075
0
0
0
2.725
0
6.25
0
0
0
0
3.425
0.3
2.2
1.9
0
2.3
0.55
2.325
0.025
0
2.675
0
1.45
0.7
2.65
0
0.425
4.1
0
0.475
0
0
0.025
0.025
0.925
0
0.2
0
0
7.1
2.675
1.125
2.975
1.375
0.025
0
0.5
2.15
0
2.325
0.1
1.275
0
0
0
0
0
0
0
0.175
0
0.45
0.75
0.175
3.075
1.55
6.125
0
0
0
0
0
1.675
1.2
1.225
0
0.85
0
0.05
0
0
0
1.3
2
0.025
0
0.05
1
0
0
0
2.15
1.7
0
0
1.05
0.9
1.125
0
0
1.075
0
2.35
1.275
0.3
0.025
1.6
1.1
0.175
0.3
0
2.9
0
0
0
0
0
0.25
0
0
0.025
0
0.675
0
0.5
0
0.075
0.325
2.275
0
5.25
1.05
0
2.65
4.425
0
0
0
0
0.175
0.025
0
0.175
2.55
0
0
0.1
0.1
0
0.175
3.925
0
2.675
0
3.2
0.375
0.275
0
0
1.675
0
0.025
0
0.025
0
0
0.825
1.85
0.825
4.175
0.275
0
0
0
0
0.4
2.275
0
0.025
0
0
0.025
1.35
0
3.075
0
4.9
2.5
0
0.275
1.675
0.05
1.3
1.575
0.125
0.025
3.525
0
6.025
3.175
0
0
0.15
2.175
1.975
0
0.15
1.35
0
2.2
0.05
0
0
0
0.05
0
2.025
2.85
1.15
0.25
3.4
1.35
0
0
0
1.925
1.175
0
0.025
0
0.275
1.925
0.025
0
0
0.025
0
0.125
0.25
3.675
0.1
0.075
1.575
0
0.05
0
0.05
0
1.25
0
0
0
0
2.425
0.2
0
0
0
0.65
0.125
0
0
0
1.35
0
1
1.45
0
0.35
0.1
0
0
0
0
0
0
1.075
0
0
0
0
0.025
0
0
0
0
0
2.5
0
0
0
0
0
0
0.475
0
0.525
0
0
2.05
2.3
0.475
0
1.45
0
3.25
0
0
0.175
3
0
1.05
0
0
0
0
0.1
0
0.625
2.55
1.025
0
0.05
3.025
0.275
1.525
0.4
1.55
0
0
0.25
0
0.825
0
0
0
0
0
0
2.15
0.775
0
0
0
0.75
0.2
0
1.8
0
1.1
0
0.45
0
0
0
0.125
0
0.275
0
0
0
0
1.65
0.25
0
0
0
0
0
0.725
0.125
0
0
0
0.7
2.975
1.225
0
0
0.325
0.375
0
2.85
0
0
0
0
0
0
0.05
0
3.3
0
0
0
0
0
0
0
0.15
0
0.675
0
0.3
0
0
0
0
0
0.15
0.275
0
0.5
0.025
0
0
0.125
0
0
0
0.275
0
1.375
0
0
3.075
0
0
6.075
0
0
0.125
0
0
0.7
0.15
2
0
0
0
0.05
0
0.3
0
0.15
1.5
0
3.75
0
0
0.525
0
0
0.175
0
0.1
1.925
2.8
0
0
0
0
2.75
0
2
0
3.3
1.675
0
1.35
0
0
3.7
0
0.9
0
2.7
2.025
2.45
0
1.25
0.375
0.9
1.45
3.575
0
1.45
0
0
2.1
0.625
0.65
0
3.2
0
1.2
0
0.725
3.5
0
0
0
3.55
3.45
0
0.225
0
0.2
0
0
5.025
0
1.7
0
4.1
0
0.025
0
0.25
0.025
0
2.425
0
0.5
0.025
0.025
0
2.425
0
0
0.825
0
0.75
0
0
0
0.575
0.55
0
2.35
0
3.475
0
0.425
0
0.075
0
0.025
0
4.4
0.075
2.175
0
1.025
0
0
0.3
1.825
0.2
0
0.175
0
0.4
1.825
2.6
0
0.3
0
1.6
0
0.85
0
3.275
1
3.325
0
0
0
0
0.15
2.5
0
2.95
1.6
0.65
0
0.025
0
0
1.05
0.025
0
2.225
0
2.15
0
0.475
1.825
0.1
0
0
0.925
0
0
0
0
0
0
3.6
0.175
0
0.95
0
0.05
0
0
0.45
0.15
0
2.125
0.025
0
2.675
0.275
0
0.075
2.325
0
0.15
1.25
0.75
0
0
0.025
2.15
0
0
2.175
0.025
1.375
0.5
0.075
2.6
0.2
0
2.375
0
0.075
0.075
0
0
0.075
0
0
0.05
2.45
0
0
2.825
0
1.425
0
0
0.2
0.95
0
2.55
0
1.825
0
2.125
3.2
0
0
0
1.675
0
0
1.6
0
2.125
0
0.975
0
3.1
0
0
0
0.05
0.3
1.675
0
0
0.025
0
0.325
1.65
1.2
0
0
2.325
0
0
0
2.125
0
2.3
0
0.875
0.9
0
0
0
0
0.85
0
2.275
0
0
0
1.475
0
0
0.725
0
0
1.225
0.05
0.575
0
0
1.175
0
1.25
0
0
1.1
0.075
0
4.875
0
0
0
0
0
0
0.175
0.225
0.125
3.25
0.3
0
3.725
0
0
0
0
1.1
0
0
0
0
0
5.525
0
0
0
0
0
0
0
0.125
0.15
3.125
0.575
0
0.925
0
0.925
0
0
0
1.875
1.575
5.025
2.275
3.75
0.175
2
0
0
0.6
2.3
2.275
0
2.5
0.575
0.025
0
0
0
0
0
2.3
0
0
1.375
0
0
0
0.05
0
0
0
0
0
2.45
0
0.375
2.025
0
0
0.05
0
0
0.025
0
2.325
5.825
1.15
0.375
0.275
0
1.65
3.15
0
3.3
0
0.1
0.275
2.6
1.25
0
0.275
0.375
0
0
0
1.725
0
1.9
2.075
0
1.225
0.2
1.825
0
0.725
0.45
3.25
0.8
0
2.625
0.775
0.15
1.325
3.25
0
0
0
0.15
1.65
0
0
0
1.45
0.075
0.025
0
0.5
0
0
0.8
0
0.2
2.8
0
0
1.025
0.025
0.075
0.6
0
0
0
0.35
0
0
2.2
1.25
0
0
0.05
0
0.05
2.75
0
0
0
0
0
0.825
0
0
0
2.075
0
0
0
1.7
3.375
3.1
0.8
1.7
0
0.95
0.95
2.9
0
0
0
0
0.875
0
0.475
0.65
0
0
0
0
0
0
2.5
0.375
2.725
1.575
0
0.125
0.5
0
0.45
0
0.775
0.1
0
0
0
0
0
0
2.5
0
0.975
1.025
1.625
0.525
0
0
0.175
0.55
0
0
0
0
0.05
0
1.2
0
0.675
1.1
0.25
0
2.725
0.4
0
0
0
2.7
0.1
2.875
0
0
0
1.625
0
2.875
0
0.925
0
0
0
0.6
0
1.2
0
1.4
2.675
0
0
3.325
0
0
0
0.15
2.65
0
0
1.45
0
2.225
0.15
0
0.925
0
0
0
0.75
0
0.425
0.125
0
0.075
3.025
3
0.15
1.925
0
0
2.175
0
0
3.8
4.45
3.775
0.225
0
0
0
0.25
0
0
0
1.15
0
0
0
1.55
0.25
0.05
0.05
1.95
0.05
1.9
3.4
0.45
0
0
0
2.325
0.125
2.675
0
0.45
0
0.225
0.8
0.575
0
1.575
0
0.675
0
0.3
0.125
7.175
2.975
1.375
1.1
0
2.525
0
0.5
0
0
2.3
2.5
0.025
0
0
0
0
0.275
0.5
0
0
0
0
0.5
0
0
0.3
1.575
2.4
0
0.825
0
1.075
0.225
0.75
0.375
0
0.275
2.4
0.975
0.525
0
1.325
0
0.05
2.175
0
0
0
1.325
0
0
0.05
0.25
0
0.35
0
1.05
0
1.45
0.45
0
0.075
0.375
0
0
3.05
0
0
0.575
0
0
1.875
0
0
0
0
0
1.1
0
2.25
0.125
0
1.775
0
0
0.05
0
0.45
1.6
0
0
0.725
3.275
0.05
0
0
0
0.975
2.125
0.95
0
1.1
0.975
0
0
0
2.275
0.975
0
5.025
0
0
3.1
0
0.1
0
0.075
0.125
0.325
3
1.075
0
0
0
0
0.325
0.775
0
0.95
0
0
1.625
0
0
3.375
1.9
0.025
0.025
0.025
0.6
2.5
0.675
0.225
3.675
0
0.225
3.425
2.7
0.325
0
0.05
0.175
0
2.325
0
0
0
0
0.075
0
2.025
0.075
0
0.1
0.425
0.025
1
0
0
0
0
0
0.05
0
0.325
2.075
0
0
1.4
0
0
0
0.175
0
0.325
0
0.825
0.3
0.45
0
0
0
0
0
0.05
0
0
1.75
1.8
0.375
0.6
0.85
0
1.95
0.05
0
0
0
0.875
0
0
0.05
0
2.85
0
1.05
0
0.15
1.8
3.6
0
0.625
0
0
0.075
0
0
0
0.9
0.4
0
0
0
0.1
1.55
0
0
0.8
6.075
0.1
0
0
0
0
0
0.125
2.025
0
0
2.2
0
0.3
0
0
0
0.075
0
0.075
0.375
4.275
0
0
0
0
0.225
0
0
0.25
2.925
0
0
0
0
0.125
0.05
0.15
1.975
0
1.4
2.45
0
0.425
0
0
0
1.75
1.725
0
0.025
0
0
0
0
0.65
2.9
0
0
3.35
4.775
0.3
1.525
0
0.025
0
0
0.1
0.025
0.85
0
1.375
0
0.45
0
0
0
0
1.825
0.675
6.55
2.325
1.5
0.425
0.15
2.125
0
0
0.5
0.05
0
0
1.825
0
0
1.875
2.45
0.025
0
0.2
0.025
0
0.2
0
0
0
1.425
0.65
2.5
0
0
0
0.05
0
0.025
0
0
2.85
0.05
0
0.025
0
2.775
1.1
0
0
2.75
0
2.375
0
0.25
3.15
0
2.35
3.525
1.425
1.8
3.625
0
2.25
0.25
0
0
0
0
0.6
0
0
0.25
0.1
0.025
0
0
0
1.125
4
