0
4.125
2.45
0.25
0
0.025
0
0.8
0.625
1.175
3.525
0
0
0.45
0
0.075
0
0
0
0
2.775
0.475
0.775
3.25
1.875
0.975
0.625
0
0.025
0.875
0
0
1.125
0.475
0.15
3.225
1.025
3.325
0.675
4.975
0.025
6.1
0
4.025
3.25
0
0.3
0
2.725
2.2
0
0.775
0.15
0.725
0.125
0
0.225
1.9
0.075
0.025
0
0.025
0
1.275
7.4
0
0
1.9
0.1
0.425
2.375
0
5.975
0.025
0
1.05
0
0.725
0
0.325
0
1.275
4.325
0.2
0
0
0
0.025
0.325
2.65
0.025
0.325
0
0.95
1.525
0.175
4.4
0
0.05
0.5
0
4.475
4.9
3.4
0
0.075
2.575
1.35
0.125
0
0
2
0.1
1.625
3.275
5.55
0.325
1.025
0.175
0.2
0.075
0.55
2.125
0
0
1.1
1.85
0.05
0
0.35
2.275
1.975
5.6
4.7
0
0
7.625
1.05
0
0.025
0.025
2.9
0.075
0
0.15
0
3.575
0.025
4.925
2.65
0.575
0
3.85
0
0
1.2
7.25
1.55
0.025
0.025
0
2.575
1.55
0.025
0.375
0.775
0.075
0
0
0.025
2.525
0.45
5.55
2.475
0.825
2.675
0.875
0
0
0.2
2.425
0.15
0.275
0.35
0.025
2.8
0.85
6.875
0.05
1.9
0
1.825
1.875
4.35
0
2.05
0.05
0
0
0
1.725
1.5
2.675
3.3
3.35
1.025
1.2
0.6
0.525
0.95
0.9
0.85
0
0.025
3.325
0.7
0
1.25
0.05
2.2
0.125
0.2
2.625
3.4
1.5
0.725
0
0.175
3.15
0.1
1.3
0.15
2.25
1.9
0.95
0
3.6
0
3.75
0
0
0
0.7
0.325
0.975
2.425
1.875
3.4
0.475
0
1
3.9
0
0.575
0
0.325
0.9
0
0
0.225
0.1
0
2.6
0.225
4.325
0
9.55
0
0
0
1.125
0.1
3.725
0.6
0
0.075
0
0.05
4.05
0.825
1.5
0
1.525
0.325
0.975
0.55
0
7.65
1
0.675
0.6
0
6.975
0
0.975
0.275
0.325
0
1.75
2
0
1.325
0
0.15
0
0
0.2
3.35
5.075
0.775
0.025
0
0
3.9
1.35
2.35
0
0.275
0
5.05
0.375
0.225
0
6.425
0
0.575
0
0.15
0
4.625
2.375
0
0.1
2.975
0.875
0.475
0.325
1.8
0.875
0
0
1.35
0.525
0.275
0
0
0.3
1.425
0.2
0.275
0.25
0.1
0
0
0.2
0.275
0
0
0.975
1.1
1.275
0
0
5.05
0.025
0.325
0
2.2
0
0.025
0.175
1.8
5.5
2.025
0
0
0.025
0.25
0
0
0.225
0.7
0.175
6.975
0.25
0.1
0
0.65
0.425
3.525
1.975
0.9
0
1.375
0
1.325
0
0.95
0.35
0
2.675
0
0
0.05
4.425
0
1.975
0
3.125
0
0
0.85
0.4
0.1
0.1
0.4
0.45
3.8
0
1.45
0
0.825
0
2.8
0
1.4
0
3.225
1.975
1
0
6.175
0.75
0
0
1.025
3.55
0.15
0
0
3.1
0
0.2
1.225
0.35
0.025
1.7
0.9
2.525
0.25
2.175
0.35
0
2.775
0.25
0.55
0.075
1.2
0.15
1.2
0.85
0.225
3.25
0.475
0
2.4
0
0
0.35
1.75
0.925
4.25
1.125
0.1
0
0.05
0.525
4.775
0
0.025
2.225
0.05
0
1.85
0
0.05
1.35
0
0
0.025
0
1.5
0
0
3.15
1.725
0.4
0.675
0.15
4.475
0
3.075
2.475
0
6.475
0
0
0.3
3.25
0.075
4.55
0.375
3.625
0
0
1.825
0
1.925
0.625
0
0.85
0.775
0
0.125
3.9
0
3.7
0.25
0
2.675
1.3
0.05
0.45
0.5
1.575
0.1
0.05
0.025
0.075
0.1
0
4.175
0
0
0
1.075
0
0
0
0
3.275
0
0
2.7
2.55
0.9
0.05
0
0
0
3.025
1.025
0.975
1.525
1.7
2.05
0.025
0.75
1.3
3.2
0.95
0
0
0.425
0.9
0
3.425
0
0.825
0
0
0.625
0.375
0.675
0.05
1.8
4
4
0.175
0.025
0
0.025
0.575
0.575
2.1
3.225
0.05
0.25
0.4
1.025
0
0
0
0.075
0
4.65
0
2.6
0.025
0.925
0.275
1.05
0
0
0.025
0
0.825
0.175
4.525
0.85
0
2.775
0.225
0.05
1.4
0.8
0.15
0.2
4.075
3.35
1.1
0.025
2.2
0
0
2.25
1.075
0
0
0
3.6
2.75
0
3.65
0
0.025
0
0.1
0.375
0.35
0
3.05
0
0.25
0
2.35
0
0.225
0
0
0
1.325
0.175
1.4
1.35
0.2
2.575
1.875
0.975
2.6
1.675
0.35
1.225
0
0
6.1
2.025
1.1
5.725
0.925
5.475
0
0.925
0.025
3.075
0.775
0
0.1
4.3
1.925
6.975
0.2
3.775
0
0
0.35
3.725
0.45
0.6
0.05
2.075
0.575
0
0.65
5.75
5.6
0
0
2.075
2.275
1.075
2.35
0
0
0
1.275
0.075
0.1
0.15
2.45
0.35
0
0.2
0.025
2.95
0.1
0.025
0.3
0.45
0.25
1.8
1.4
0
1.2
0
0.25
3.075
2.05
1.675
0.675
0.8
5.725
2.7
1.625
0
0.375
3.025
0.9
0
0.75
0
1.4
0.275
0
0
3.6
0
0.075
0
0.225
0
6.5
1.925
0.775
0
0.375
0
0
0.05
4.1
0
0
0
0.2
0.2
0
0
0
0.025
0.55
0.3
0.5
0
0
2.1
3.325
0
0.975
0
0.025
0
1.65
1.9
0
0.025
0
0.025
0
0.575
0.35
0
0.225
0
0
0.3
0
0.075
1.375
0.5
0
0
0.075
0
5.075
0
0.575
0
2.875
0.2
0
0
0.175
0.2
0.525
0
2.175
6.275
0.025
0.75
2.15
0.55
0
2.375
0.075
0.375
0
0
0.775
0
0.025
0.225
0.125
4.125
0
4.375
0
0.525
0
1.2
0
0.425
0
0
0
0
0
2.475
0
0
0.025
0.45
0.375
0.225
0.9
0
4.275
1.675
0
0.425
0
3.375
0
0
0
3.875
0.2
0.375
0.3
1.175
0.025
0.075
0
2.95
0
2.925
0.475
0
2.875
2.2
1.925
1.65
0
2.95
0
0
0.15
3.6
1.3
0.625
1.425
0.225
0.125
0
0
0
0
4.3
0
0
0.225
1.7
0
2.175
0
0.125
0.475
0.475
0
0
0
0
0
2.675
0.075
0.1
0
0
0.05
2.075
0
0
2.175
0.5
0.3
0
0.025
0.5
2.375
1.15
0.65
0.65
1.325
0.175
5.475
0
0
1.275
0.05
0.175
4.925
0
0.025
2.775
0
0
0.025
0
0.05
0
0.125
1.1
0.55
0
1.6
0
0.725
1.575
1.25
2.325
2
0
1.3
0.1
0
2.375
0.525
0
0
0.05
0.475
0
0.05
0
1.2
0.1
0.85
2.825
1.525
0.25
0
0
0.05
0.375
0.175
0.025
0
1.3
6.3
0.8
2.15
0.25
0.625
0
0
3.925
0.475
0
1.175
0
0
0.7
0.65
1.9
0.075
6.7
0.1
2.225
1.2
0
0
0
0
0.825
4.225
2.1
0.55
4.225
0
0.775
2.725
0.175
5.875
0
0.45
0.7
0.725
0.05
0.675
0
0.975
0.075
0
6.775
0.15
0.65
1.275
1.875
0.075
0.05
0.1
1.65
2.6
0.025
0
0
1.575
0
1.05
0
0.65
0.9
0
6.65
0.025
4.5
0.025
0.35
0
0.9
0
0
0
0
0.325
4.325
0.05
1.75
3.475
0.125
0
1.225
0.175
0.025
0.8
1.55
2.5
0
2.775
0.025
3.575
0
0
0.25
1.925
2.325
2.7
0
0.475
0.3
0
0.35
8.45
0
2.55
3.45
0.925
0
2.3
0
3.925
4.2
0.35
0
3.325
2.95
0.575
0.2
1.425
0.65
0.725
0.025
0
0.125
1.5
0.05
1.125
0
1.2
0
2.35
0.125
0
4.425
0.15
0.025
0
0.175
4.8
0.05
0
3.2
0
0
1.025
4.2
0.2
0.025
0
0
0
0.2
0.55
0
0
2.4
1.025
0.9
0.025
0
0.175
0.35
0.075
0.025
1.025
0.6
0.425
0.025
0.675
0.95
2.025
0
0.35
0.125
0
0
0
4.45
0.475
0.025
4.625
0
1.325
0
0.275
0.7
0
0
6.325
1.85
0.25
0.15
5.125
0.85
0
0
0
0.725
0.025
0
1.675
0
0.775
0.35
0.125
0
2.95
0.025
0.075
0.55
0.05
0.525
0
0
0.525
0.525
1.075
0.875
0
1.875
0
0.5
0.125
0
0.35
0.05
2.875
0.025
0.375
0.225
2.775
0.5
1.475
0
0
0.5
0
0
0.05
0.125
0.075
0
3.125
1.65
4.275
1.625
0
0.2
5.775
1.225
0.9
0
0.1
0.575
0.975
0
0.275
0
0.175
0.775
0.35
6
4.525
0
0.05
0.1
0.075
0
4.15
0.275
0
0.175
0.025
0
0
1.8
1.275
0
1.675
0
0
0.9
0.575
0
0
0.925
0
0.025
0
1.6
0
0.025
2.925
1.95
0
1.725
0.05
2.8
1.15
0
0.375
2.475
0.525
1.45
0.475
3.45
4.05
0
4.025
1.7
0.125
0
0
0
3.525
0.125
0
0
2.6
0.3
0.275
1.3
0
6.225
2.9
0.175
0
0
1.75
0.5
0
0
0.1
0.55
0.025
0.725
0
2.55
3.4
0
0.425
3.275
1.925
2.225
1.15
0.15
0.025
0.775
0.05
0.525
1.4
0.85
0.125
1.8
1.175
0.875
0.275
0.025
0.3
1.15
0.2
0.15
3.425
0.05
0.575
0.05
0.275
0
0.75
0.025
1.4
1.325
1.625
0.65
1.475
0
0.375
3.3
0
3.675
0.525
0.025
0.025
0.45
1.725
1.05
0
3.15
1.775
0
0.425
0
0.125
0.6
0
2.325
0.025
0.225
2.325
0.15
0
0.05
0
0.1
0.5
0.65
0
0.925
0.075
0
2.375
0.275
0
3.775
0
0
0
1.175
0.575
0.55
4
0.075
0.175
1.15
0.05
0
0.825
0.3
0.5
6.2
0.125
0.925
0.775
0
0.05
1.1
0
0.4
0.8
0.1
0.25
5.2
2.85
1.825
2.15
0.125
0
1.95
3.925
0.075
0.025
0.025
0
0
0.75
1.2
0
2.5
0
0
0
0.225
0.2
1.6
1.275
0.075
0.3
0
0.125
0
0
0.875
0
0
0
0.075
0.425
2.45
0
0.375
0.3
0.575
4.575
2.175
0.65
1.225
0.075
1.025
1.475
0
4.675
5.075
0
0.1
0.025
0
0.025
0.05
1.925
1.825
0.7
3.675
0.175
0.75
1.85
1.6
0
0.225
0.325
0.075
0.15
3.925
0.025
0.275
0.225
0.7
0.375
1.15
0
1.5
0
1.225
0.4
1.325
1.4
0.1
0
0.95
1.725
0.05
0.15
1.7
0
0.15
3.85
0.5
2.4
0.025
2.1
0.2
0.1
0.3
0
3.3
4.25
0
0
0.525
4.175
0.55
1.3
2.475
3.525
2.425
2.25
0.075
4.15
0.725
0
0
3.05
3.9
0.175
4.325
3.575
0.425
0.15
2.3
0.875
0
1.175
0
0
2.325
0.225
2.2
0
0
1.25
1.775
0
2.725
1.6
0.225
0.075
0.15
0.15
0
2.275
0.125
1.825
0.5
1.4
0
1.8
0
0
3.925
0.475
0.875
1.175
0.575
4
0
2.025
0
3.075
0.45
0
0.05
0
0.725
0.825
1.975
0.825
0
1.05
0
5.375
0.175
0
0.025
0.075
4.3
4.7
0
0.75
0
2.825
1.3
0.575
0.175
0.1
1.075
0.375
0
0
3.425
5.8
0.1
0
0
1.525
1.55
6.125
0.625
0.05
1.175
0.025
0
0
2.1
0
0.225
1.4
7.325
0
0
0.1
2.275
0
2
0
1.65
1.6
0.275
5.675
0
3.15
1.075
0
0
0.05
0
0.125
0.05
3.075
0
1.125
0
2.15
0
0.25
0
0.375
0.025
0.225
0.825
0.15
0.225
0.675
0.05
2.75
0.15
0.625
1.15
0.075
0.125
1.475
4.5
5.275
0.025
0.65
0
0
2.925
0.025
0.05
0
0
0
1.725
0
2.825
1.75
1.375
1.7
2.15
0.65
2.975
0.025
1.8
3.525
1.8
0
3.85
1.725
0.2
0.225
0
0
0
0.95
0
0.1
0
0
0.1
3
1.55
0.025
7.125
3.125
2.675
0
0.225
0
1.025
3.325
0.925
2.375
0
2.45
3.475
2.4
0.025
0
0.8
0
0
3.25
0
0.325
0
0
0.325
0
0.05
1.65
0
2.3
1.525
1.375
2.575
0.05
0.475
0
0
0.75
0.175
0.025
0.2
0.275
0.475
1.175
2.4
0
0.075
0
0.575
0
0
0
1.9
0.725
0
0
1.875
1.075
0
0.05
0
1.3
0
3.825
3.525
0.85
0
6.5
0.275
3.875
0
0.15
0.7
1.55
1.275
0
0
2.6
0
3.45
0.15
1.9
0
3.15
0
0
1.35
6.25
0.2
2.05
0
0.075
1.4
0.1
0
2.475
0.5
0
0.025
0.475
0.125
0
0.625
3.175
2.625
0
0
0.4
0.65
0.225
2.2
0.975
0.05
0
1.9
2.325
0.05
0.825
0
0.05
0
2.1
0.275
1.55
2.9
2.175
0
0.025
1.15
0.3
0.25
0
0.65
0.55
0.55
1.05
0
0.275
0
1.8
1.075
1.075
1.725
0.125
0.925
5.875
0
0.025
1.75
0
3.275
1.1
2.7
0.725
0.25
0
0.1
0
3.975
0.325
1.75
0
0.775
0.05
3.4
0.15
3.6
0
2.175
0.025
2.475
0.05
0.2
0.875
0.55
5.575
0
0
0
2.05
0
0.05
0.275
0.725
0.875
2.125
0
0
0.175
0.9
0.875
0
0.075
1.05
0.825
0
0.025
0.225
0
2.775
0.4
0
0.05
0.8
0
0
3.725
0
0
0
2.45
1.625
0.45
0
0
0
0
0.025
0.775
1.025
0.475
0.175
3.675
0
4.725
0
0.775
3.6
5.2
0.075
2.275
0.025
2.25
0.575
3.6
6.85
0
3.525
4.35
0
3.4
3.475
1.875
4.55
0.05
0.175
0
0.575
0
1.15
0
0.3
3.875
0.525
0.175
0
0.225
0.125
1.675
0.65
