0
18.55
12.625
3.525
0
0
0
1.475
1.275
8
13.9
0.125
0
2.525
0
3.275
0.025
0
0
0
16.45
0.425
4.45
15.15
5.975
5.375
1.25
0
0
4.975
0
0
2.025
0.7
0.4
14.55
4.85
14.825
4.85
20.45
0
24.725
0
10.925
11.525
0.25
1.175
0
15.975
3.425
0
2.45
0.025
4.9
0.15
0
2.725
7.425
0.025
0.3
0
0.275
0
5.65
27.825
0
0
5.95
0.425
1.375
6.275
0
21.875
0
0
2.15
0
2.7
0
0.375
0
5.375
19.2
0.075
0
0
0.175
0
0.3
14.225
0.2
2.45
0
6.25
5.475
1.925
17.65
0
0.275
0.825
0
15.525
19.475
15.6
0
0.075
16.825
6.95
0.075
0
0
4.15
1.075
9.775
12.425
23.55
2.075
8.025
0
1.525
0.15
2.425
7.65
0.05
0
6.1
11.775
0.9
0
1.925
10.525
10.35
23.4
18.625
0
0.5
29.125
5.4
0
0
0
13.7
0.075
0
0.575
0
18.2
0
20.375
12.575
1.275
0
14.1
0
0.2
3.45
23.575
8.1
0
0
0
9.625
4.95
0
0.7
2.95
0.1
0
0
0.25
11.875
3.275
20.675
12.625
1.125
12.35
4.35
0
0.1
0.375
11.175
1.05
0.875
2.375
0
12.7
4.7
24.825
0.025
8.675
0
7.85
8.775
17.55
0
11.925
0.2
0
0
0
10.2
9.125
12.5
10.55
15.9
5.35
9.4
0.7
2.05
0.125
2.575
2.775
0
0.4
11.525
1.425
0
6.75
0.625
4.775
0.175
1.1
10.25
12.375
9.65
2.775
0
0.225
18.175
0.8
2.425
1.025
8.525
10.1
4.7
0
16.125
0
21.525
0
0
0
0.475
0.25
1.475
7.025
8.325
13.175
2.475
0
4.15
17.125
0.025
3.325
0.425
0.4
0.85
0
0
7.125
0.075
0
15.95
0.65
12.25
0.125
35.1
0.075
0
0
4.75
0.725
18.05
7.875
0
1.925
0
0.1
18.25
1.175
6.8
0
5.5
2.1
3.425
0
0.15
30.35
5.025
4.85
2.475
0
23.575
0
3.9
0.35
0.8
0.1
10.075
4.7
0
4.75
0
0
0
0
0.05
12.45
15.125
2.975
0
0
0
16.25
5.95
11.225
0.125
1.275
0
22.025
0.475
0.325
0.025
25.025
0
0.975
0
0.075
0
20.75
11.875
0
0.275
14.925
2.725
1.05
2.025
2.7
0.675
0.4
0.175
6
3.275
1.7
0
0
1.725
8
0.25
2.275
1.425
0.2
0
0
0.125
2.075
0
0
2.9
1.975
12.825
0
0
22.8
0.1
1.025
0
10.375
0
0.675
0.225
9.25
22.175
13.225
0
0
0.05
1.125
0
0
1.525
3.175
0.85
25.8
0
0.25
0
5.025
2.25
19.975
9.675
4.275
0
5.525
0
8.4
0
5.875
0.9
0.075
13.15
0
0
0.075
14.65
0
7.35
0
16.525
0
0
6.85
3.65
0.75
0
1.65
2.775
20.4
0.05
6.8
0
4.6
0
11.85
0.35
8.825
0
15.475
8.05
2.975
0
27
1.625
0.275
0
5.3
13.175
0.125
0
0
18.275
0
0.9
4.05
0.75
0
3.475
2.475
12.775
3.75
14.35
2.85
0
12.075
1.525
1.175
0.9
7.175
1.6
6.325
2.225
1.4
12.025
2.75
0.1
4.65
0
0
2.7
4.55
3.625
15.575
2.925
0.3
0
0
6.175
17.45
0.55
0.025
10.2
0.15
0
8.3
0
0
1.925
0
0
0.05
0
5.35
0
0
8.225
6.1
1.1
2.225
0.25
18.325
0.475
10.975
11.375
0
28.125
0
0
1.5
12.6
0.4
19.4
3.375
17.5
0
0
12.1
0
9.2
4.8
0
7.5
5.175
0
0.325
13.55
0
14.1
2.125
0
13.025
1.475
2.375
1.075
2.45
9.775
2.35
0.2
0.325
0.325
0.05
0
15.125
0
0.025
0
3.425
0
0
0
0
11.5
0
0.3
12
9.9
5.825
0
0
1.375
0
11.4
7.5
10.45
3.75
7.55
8.225
0
7
8.05
14.325
4.075
0.125
0
1.875
8.425
0.125
14.7
0
5.825
0
0
1.175
2.3
1.075
0.25
4.025
10.525
11.525
0
0.15
0
0
1.85
0.95
4.225
12.35
0
0.675
0.475
4.55
0
0.25
0
1
0
18.2
0
13.05
0.45
5.925
2.525
6.475
0
0
0
0
3.875
1.075
20.875
1.45
0
13.975
0.025
0.125
9.775
1.625
0.525
1.325
16.925
12.55
2.5
0
11.15
0
0.65
9.1
6.775
0
0
0
15.925
12.3
0
14.85
0
0
0
1
4
0.05
0.6
11.65
1.275
0.575
0
11.425
0
0.85
0
0
0.3
4.85
0.95
1.4
6.825
0.175
15.925
12.975
4
7.475
1.075
1.275
8.875
0
0.1
28.75
10.125
5.425
19.6
4.625
25.15
0
6.85
0.175
11.625
1.75
0
0.175
15.05
8.3
28.175
0.125
18.85
0
0
3.25
17.65
0.35
3.1
0
10.875
5.1
0
3.25
20.775
20.975
0
0
7.925
9.575
4.6
9.175
0.15
0
0
2.125
0.225
0
0
8.3
3.5
0
0.575
0
15.025
0.025
0
0.375
2.35
0.775
12.6
5.825
0
5
0
1.925
11.6
14.175
7.875
3.2
1.8
23.925
7.475
6.825
0.225
1.5
14.075
5.275
0
8.7
0
4.4
1.475
0.875
0
14.3
0
0
0
1.1
0.6
24
6.125
0.675
0
5.2
0
0
1.825
16.1
0.525
0.125
0
1.7
0.675
0
0
0
0
5.3
0.225
0.8
0
0
7.2
13.725
0.6
5.025
0
0.35
0
2.225
7.875
0
0.075
0
0.075
0.4
1.025
0.975
0
0.925
0
0
2.45
0
1.2
10.775
2.65
0
0
0.025
0
21.6
0
0.625
0
15.175
1.2
0
0.15
0.3
3.5
2.175
0.075
10.95
25.9
0
4.275
4.9
1.975
0.05
9.6
1.7
0.475
0
0
3.125
0
0.4
0.625
0.025
20.025
0
18.975
0
2.925
0
4.85
0
1.9
0
0
0
0
0
8.275
0
0
1.35
2.775
3.6
1.15
5.825
0
17.075
7.75
0
3.15
0
13.225
0
0
0.15
14.975
0.575
0.975
1.05
6.625
0.05
0.3
0
14.95
0
7.35
2.125
0
10.1
12.075
12.825
3.875
0
15.5
0.55
0
0
17.275
2.95
2.125
6.75
0.15
0.025
0.025
0
0
0
17
0
0
1.725
5.25
0
6.375
0
1.8
0.925
3.275
0
0
0
0
0.125
12.925
0
0.225
0
0
0.075
5.15
0
0.175
9.725
4.575
1.925
0
0
0.55
9.825
4.2
4.5
0.1
4.2
0.025
24.675
0
0
3.575
0.625
0
21.975
0
0.15
10.725
0
0
0.275
0
1.1
0
0.1
10.45
2.15
0
6.525
0
2.675
4.9
5.15
16.65
5.85
0
3.3
0.225
0
8.425
2.075
0
0.15
0
1.425
0
0
0
2.125
0.2
2.7
14.25
7.625
0.25
0
0
0.2
1.25
4.75
0.05
0
3.8
23.075
3.75
9.6
0.4
0.925
0
0.05
17.4
2.725
0
1.95
0.275
0.1
2.175
1.625
6.625
0.025
28.925
0.075
9.325
3.2
0
0
0
0.025
9.375
17.15
10.125
3.075
16.4
0.075
5.45
12.8
1.225
24.425
0
0.65
0.8
6.8
0.325
2.45
0
2.725
1.125
0
28.8
0.9
4.525
2.6
6.6
0.775
0.675
0.825
9
13.175
0
0
0
6.175
0
2.875
0
2.8
4.525
0
28.725
0.125
15.825
0.225
4.025
0
2.85
0
0
0.025
0.075
1.8
21.575
0
8.45
15.3
1.025
0
3.7
1.725
0
0.225
7.25
11.75
0.05
11.675
0.175
15.15
0
0
2.225
7.575
10.225
11.8
0.15
1.775
1.95
0
2.4
35.5
0
14.65
15.675
4.925
0.025
11.325
0
14.975
13.225
4.75
0
13.575
13.775
1.5
3.325
4.15
4.725
2.55
0
0.6
0.675
6.325
1.275
3.15
0
2.075
0
12.125
0.075
0
13.125
0.475
0.125
0
1.075
15.75
1.175
0
12.8
0
0.05
8.575
17.75
0.7
0.275
0
0
0
0.5
3.775
0
0
15.25
3.9
3.7
0
0
1.4
1.975
0.875
0.025
11.25
2.325
3.175
1.575
3.025
6.55
12.3
0
0.25
1.8
0
0
0
17.025
1
0.45
22.125
0
8.9
0
1.625
1.225
0
0
28.375
8.475
1.725
0.5
22.05
5.075
0
0
0
3.2
0
0
5
0
3.025
1.5
0.35
0
12
0.1
1.25
1.25
0.05
1.375
0
0.025
3.575
1.65
5.35
2.725
0
7.2
0
2.275
0.275
0
1
2.65
10.55
0.2
0.95
1.3
9.675
2.925
7.9
0
0
2.7
0
0
0.525
0.3
0.625
0
15.975
4.7
18.8
5.875
0
0.25
22.675
3.325
6.8
0
0.1
2.35
4.05
0
0.225
0
1.7
0.15
2.65
17.475
18.15
0
0
0.3
1.375
0
19.375
2.45
0
0.425
0
0
0
11.275
4.575
0
7.9
0
0
0.925
2.575
0
0
6.1
0.05
0
0
7.55
0
0.675
7.925
8.55
0
4.225
0
17.55
4.5
0
0.525
6.875
5.025
5.5
1.125
13.3
17.125
0
20.375
10.35
0.2
0
0
0
16.825
1.125
0
0
10.975
0.725
0.65
3.45
0
25.6
9.45
0.95
0
0
5.75
3.9
0
0.05
0.1
1.475
0
1.5
0.05
13.075
8.75
0
3
10.45
9.125
9.45
4.95
0.775
0.025
3.625
0
5.625
6.2
4.4
1.325
6.725
9.525
4.775
1.6
0.35
1.975
6.3
2.3
2.45
13.125
1.3
0.15
0
1.825
0
2.7
0
9.7
6.325
9.85
1.025
3.6
0.05
1.525
10.55
0
15.625
1.775
0.025
0
3.175
8.625
7.7
0
15.2
5.8
0
0.125
0
0.25
0.675
0
12.5
0
1.075
12.875
0.275
0
0.725
0
0.425
2.95
1.725
0
5.8
2.3
0
10.025
0.45
0
16.3
0
0.05
0
8.575
5.325
1.65
12.525
1.4
0.125
6.925
0.05
0
4.675
0
1.375
25.15
0.325
6.025
1.975
0
0
4.7
0
3.575
0.75
0.95
0.275
19.325
15.9
11.225
6.7
0.975
0
11.175
17.5
0
0
0.125
0
0
9
1.775
0.05
8.6
0
0.35
0
0
2.025
13.075
3.425
0.225
5.775
0.375
1.3
0
0
1.625
0
0
0
0.35
2.275
11.45
0
1.475
0.2
0.075
18.2
9.525
1.425
8.4
0.35
5.05
3.35
0
19.675
25.6
0
0
0
0
0
2.4
12.3
5.9
5.775
19.475
2.25
7.225
9.475
8.675
0.125
1.9
4.35
0
0
13.425
0.075
0.05
0.35
3.825
3
5.4
0
3.35
0
5.175
2.725
7.225
8.35
0.55
0
5.075
3.25
0.25
3.9
7.925
0
0
16.425
1.15
14.35
0
5.175
0.25
0.025
1.65
0
13.225
18.15
0
0
3.025
17.4
1.125
7
7.65
9.75
12.325
8.225
0.075
17.625
2.975
0
0.125
18.2
12.175
0.475
14.375
17.05
2.35
0
10.25
1.25
2.3
3.975
0
0
12.875
0.275
7.125
0
0
1.775
11.275
0
8.4
7.575
0.525
0.325
0.05
1.275
0
15.325
0.725
10.95
2.775
6.8
0.075
8.9
0
0
19.85
2.325
6
5.675
6.525
13.525
0
7.425
0
10.475
3.775
0
0.1
0
4.2
2.225
9.625
0.45
0
3.475
0
18.7
0.875
0
0.5
0.95
16.225
18.2
0.05
1.225
0.225
9
7.65
1.175
0.025
0.675
1.9
2.15
0
0
17.325
25.175
0.05
0
0.3
7.4
8.975
22.525
1.3
0
5.6
0.45
0
0.1
11.75
0
0.65
2.725
28.85
0
0.075
0
9.65
0.175
7.8
0
8.625
5.25
1.075
22.825
0
14.725
5.75
0
0
0
0
0
2.125
10.2
0
6.625
0
6.9
0
0.05
0
4.025
0
1.85
3.35
1.2
0.55
0.25
1.9
10.775
0
3.625
8.425
0
0
7.425
14.85
21.275
0
0.575
0
0
14.025
0
1.1
0
0
0
3.325
0
11.275
11.2
4.375
5.35
10.45
5.35
12.675
0.075
8.275
14.65
12.125
0
16.025
11.55
0
0.25
0.025
0
0
4.025
0.125
0.575
0
0
0
10.45
3.75
0.075
31.575
13.55
14.5
0
1.325
0
2.075
14.875
3.325
10.225
0
10.85
19.675
8.7
0.15
0
5.725
0
0.175
15.975
0
1.7
0
0
0.7
0
0.75
12.375
0
13.15
3.525
5.325
10
0.1
5.35
0
0
2.175
0.775
0
1.05
1
0.875
7.65
12.45
0
1.475
0
1.175
0
0
0
11.9
3
0
0.25
8.475
7.9
0
0
0
10.825
0
16.7
23.95
3.325
0
26.4
0.8
15.875
0
0.75
4.225
5.2
5.5
0
0
9.65
0
19.475
0
8.375
0
13.275
0.125
0
4.2
26.15
4.225
6.225
0
0.575
10.125
0.3
0.025
6.2
5.5
0
0
0.825
0.025
0
1.225
9.9
10.475
0
0
3.05
1.625
2.275
8.8
4.475
0.625
0
6.425
9.1
0
2.25
0
0.15
0
3.625
0.35
4.125
8.5
7.7
0.075
0.05
5.575
1.725
0.6
0
1.075
5.275
2.275
5.225
0.025
3.6
0
11.45
4.55
4.25
8.1
0.45
3.525
22.775
0
0
9.5
0.325
10
6.375
12.625
4.375
2.575
0
0.15
0
17.3
1.025
6.95
0
2.1
2.825
19.45
0.4
16.525
0
12.3
0.05
7.3
0.175
0.675
4.525
1.05
21.275
0
0
0
4.525
0
0.625
1.5
5.25
3.2
9.375
0
0
0
5.65
4.3
0
1.625
9.275
0.15
0
0.975
0.65
0
11.825
2.35
0
0
1.175
0
0
14.725
0
0
0
14.025
5.075
0.725
0
0
0.075
0
0.325
3.675
5.4
0.4
3.025
12.825
0.1
17.3
0.075
4.525
17.225
17.725
0.025
9.675
0.525
8.175
0.725
15.4
25.2
0.025
15.075
21.875
0.125
13.85
13.9
11.425
15.9
0
1.125
0
2.325
0
9.15
0
0.4
11.925
6.35
3.1
0
0.3
0
9.725
2.7
