0
0.275
0
0.675
0
0
0
0
0.05
2.2
0.25
0
0
0.35
0
0.05
0
0.275
6.275
0.525
4.75
0.025
0
4.925
0.025
0.8
0.6
0
0
0
0
0
0.725
0
1.2
6.65
0
0
0
3.475
0
2.575
0
0.075
2.725
0.05
0.95
0
0.075
5.2
0
0
0
0
1.475
0
0
1.525
0.025
0
0
0.3
0
0.05
2.525
0
0
5.675
5.25
4.7
3.5
0
4.875
2.3
0
4.6
0
0.725
0.425
0
0
0.7
0.15
0
0
0
0
0
0.275
0
0
4.225
1.075
3.825
2.2
0.6
5.325
0
0
0
0
2.125
0.375
1.775
0
0
0.525
1.275
0.425
1.025
0
0
4.85
1.575
0
1.85
2.15
2.025
1.775
4.55
0.275
0
0
0
0
1.35
1.675
0
0
0.25
0
0.125
2.15
4.525
0
0.05
1.475
1.425
0
0
0
2.625
0
0
0
0
1.8
0.35
6.075
3.125
0.05
0
4.125
1.275
0.35
0.025
2.275
1.4
0.2
0.075
0
3
1.5
0.2
0
0.925
0
0
0.325
0.975
0.5
0.65
0.275
0
0
3.65
0
0
0
0
0
1.125
0.425
0
0
2.45
6.525
1.8
0
1.825
0
2.9
0
0
3.025
0
0
0
0
0
4.55
0.25
1.45
0.075
0.475
0.3
5.15
0.2
2.65
0
2.275
1.55
0
0.025
1.125
0
0
5.95
0.025
0
0
0.025
0
5.85
4.3
0.05
0
0
3.975
0.425
0
0
1.15
4.225
0.225
0
0.7
0
0
0.2
0
0
0.325
1.6
0
2.175
3.625
4.4
0
3.525
4.5
1.625
0
0
0.75
0
0.1
0
0
0.05
0
2.075
0.25
0.45
3.6
0
5.75
0
0
0
0
0
4.5
1.35
0.225
0
0
6.725
0
3.775
0.875
0
0
0
0
0
0
1.825
0
0
0
0
4.5
0
2.225
0
0
0
0
3.4
1.65
0.95
0
0
0.525
0
0
4.475
3.5
0
0
0
0.4
6.725
0.2
0.125
0.275
0
0
4.175
0
0
1.975
5.85
0
0
0
0
0
10.525
3.35
0
0
0.85
4.35
0.675
0
0.1
5.625
0
0
3.9
0.15
0
0
0
0.35
0
2.15
0.25
0
1.6
0.7
0
0
0
0
0
2.925
2.1
0
0
0
3.025
0
0.4
0
1.625
0
0.225
0
0.6
4.775
4.75
0
0
0.1
2.4
0
0
0.35
0.925
0
4.925
1.7
0.05
0
0.9
0
0.05
1.2
0.425
0
3.125
0.075
0.45
0
3.275
0
0
0.125
0.25
0
0
5.2
0
0.85
0
3.775
0.35
0
0.5
3.3
0
2.85
0
0
0.075
0
0.275
0.475
0.125
0.25
0.075
0
0.35
0
0.875
0.2
0
0.2
7.45
0.025
1.175
0.05
1.05
1.85
0
0
0
0.1
0
0
0.025
0.275
0
0
0
0
0.075
0
0.275
0
0
0.3
7.975
0
1.525
3.6
0
5.725
0.1
2.05
0.175
0.05
0
0
0
0.025
0
0
0.15
3.475
0.15
0
0
4.375
0.5
0
0
4.575
0
0
1.225
0.075
0.025
0
0
0
0.45
0
0.475
0
0
0
0
5.5
0
1.525
4.7
0
5.475
0.175
0.025
4.65
0
0
0
2.4
0.025
2.975
0.025
1.1
0
0
0.35
0
0.3
0.05
0
2.15
0
0
0
4.375
0
8.4
0.125
0
0.025
0
2.75
0.675
2.75
2.85
0
3.675
0.85
3.7
0.225
0.025
4.3
0
0.9
0.45
3.475
0
0.4
4.225
0
0.425
0
0
0.2
0.225
0.875
0
0.15
0
0
9.3
3.275
1.85
3.525
1.6
0
0
0.175
2.375
0
3.2
0.025
1.65
0.375
0
0
0.05
0
0
0
0.65
0
1.65
1.3
0.875
4.75
2.025
7.2
0
0
0
0
0.05
3.2
1.1
1.8
0
1.1
0
0.5
0
0
0
2.35
3.5
0.025
0
0.375
1.075
0
0.025
0
2.55
1.55
0
0
1.85
2.55
2.625
0
0
2.45
0
2.725
1.55
0.85
0.025
2.275
1.875
0
1.125
0
4.15
0
0
0
0.375
0
0.825
0
0.15
0.025
0.15
0.125
0
0.425
0
0.025
0.8
2.7
0
7.25
0.975
0
1.975
6.375
0.025
0
0
0
0.375
0.125
0
0.1
2.85
0
0
0.05
0.15
0
1.15
4.725
0
2.55
0
3.45
0.075
0.725
0
0
3.575
0
0.1
0
0.1
0
0
2
2.975
1.15
6.6
0.1
0
0
0
0
0.875
2.65
0
0.075
0
0.05
0
1.4
0.425
5.45
0
6.725
3.35
0
1.75
2.55
0.25
0.8
1.55
0.5
0.125
5.3
0
7.525
4.175
0
0
0.375
4.225
2.725
0
0.5
1.825
0.025
3.9
0.25
0
0.25
0
0.4
0
2.15
3.95
3
1.075
5.1
2.5
0
0
0
2.85
0.775
0
0
0
0.55
1.5
0.125
0
0
0
0
0
0.225
3.275
0.325
0.65
1.4
0
0.025
0
0.15
0
2.875
0
0
0
0
4.425
0.025
0
0
0
1.9
0.9
0
0
0
2.5
0
0.475
2.625
0
1.1
0
0
0
0
0
0.025
0
1.5
0
0
0.325
0
0.1
0.025
0.025
0
0
0
2.65
0.125
0
0
0
0
0
1.825
0.075
1.75
0
0
2.375
3.05
1.1
0
1.075
0
4.65
0
0
0.025
3.575
0
0.8
0
0
0
0
0
0
0.775
3.525
2.55
0.075
0
3
0.7
2.675
1.225
1.15
0
0
0.425
0
1.525
0
0
0
0
0
0
3.55
1.425
0
0
0
0.3
2.25
0
1.4
0
1.325
0
1.275
0
0
0
0.35
0.825
0.925
0
0
0
0
2.025
0.175
0
0
0
0
0.05
0.9
0.325
0.075
0
0
1.6
3.55
2.675
0
0
0.1
1.6
0
2.075
0
0
0
0
0.025
0.025
0.05
0
5.05
0
0
0
0.175
0
0
0
0.625
0
1.575
0
1.025
0
0
0
0
0
0.425
1.075
0
1.35
0.05
0
0
0.6
0
0
0
0.25
0
2.5
0
0
3.925
0
0
8.3
0
0
0.2
0
0
1.4
0.675
2.275
0
0
0
0.1
0
0.825
0
0.2
1.375
0.15
4.075
0.075
0
0.4
0
0
1.175
0
0.1
2.125
3.9
0.3
0
0
0
3.975
0.05
2.575
0
3.35
3.5
0
1.575
0
0
5.025
0.175
1.25
0
2.8
1.475
3.425
0
2.175
0
0.15
1.05
5
0.025
2.225
0
0
2.3
1.125
1.15
0
4.4
0
1.25
0
0.5
5.45
0
0
0
4.425
3.6
0.025
0.275
0
0.25
0.05
0
5.55
0
2.25
0
5.2
0
0.125
0
0.05
0
0
3.675
0
0.375
0.55
0.125
0
2.775
0
0
1.7
0
1.45
0
0
0
0.8
1.525
0
2.225
0
3.925
0
0.575
0.025
0.025
0
0.15
0
5.1
0.525
1.95
0.025
1.95
0
0
0.675
2.25
0.075
0
0.925
0
0.5
2.225
3.25
0.05
0.1
0
2.275
0
1.575
0.1
4.175
0.425
4.375
0
0
0
0
0.025
3.075
0
3.35
2.375
2.35
0
0.15
0
0
0.95
0.075
0
3.4
0.025
3.425
0
0.525
1.925
0.35
0
0
1.275
0.025
0
0
0
0.15
0
4.725
0.025
0
1.5
0
0.25
0
0
1
0.05
0
3.05
0.175
0
3.675
0.15
0.375
0.1
4.325
0
1.025
1.075
1.125
0
0
0.225
1.375
0.025
0
3.075
0.1
1.9
1.55
0.25
3.525
0.425
0.05
3.65
0
0.425
0.025
0
0
0
0
0
0.25
3.5
0
0
3.375
0.15
1.1
0
0
0.275
1.45
0
3.55
0
1.975
0
2.6
3.3
0
0
0
2.2
0
0
2.525
0
3.525
0
1.85
0
4.325
0
0
0
0.125
0.675
2.175
0
0
0
0
0.05
1.975
1.6
0
0
4.5
0
0.15
0
2.4
0
2.8
0
1.975
1.05
0
0
0.025
0
0.45
0
2.5
0
0
0
1.475
0
0
0.725
0.025
0
2.8
0.075
0.55
0
0
2.225
0
2.15
0
0
1
0
0.025
5.975
0
0
0
0.075
0
0
0.45
0.525
0.125
4.475
0.45
0
4.85
0
0
0
0
1.225
0
0
0
0
0.325
7.275
0
0
0
0
0
0.2
0
2.125
0.425
4.475
0.5
0
1.725
0
1.225
0
0
0
3.575
2.525
6.7
2.075
4.425
0.475
2.6
0
0
2.8
4.375
3.1
0
3.7
0.625
0
0
0
0.025
0
0.025
1.425
0
0.025
2.075
0
0
0
0.15
0
0
0
0
0.075
3.75
0
0.65
1.375
0
0
0.275
0
0
0.6
0
2.325
7.45
2.15
0.05
0.325
0.05
1.8
4.425
0
5.05
0
0
0.65
2.9
0.775
0
1.45
0.175
0
0
0
2.725
0
3.175
1.875
0
1.775
0.05
3.925
0
0.875
0.875
4.55
1.375
0.025
3
1.75
0.475
2.7
4.625
0
0
0
0.25
2.5
0
0.025
0.025
1.35
0.125
0.125
0
0.375
0.05
0
1
0.225
0
3.4
0
0
1.375
0.75
0.025
0.925
0
0
0
0.275
0
0.075
4.275
2.025
0
0.025
0.35
0
0.075
3.575
0
0
0.025
0
0
1.7
0
0
0
2.475
0
0
0
1.95
3.425
4.5
0.85
2.375
0
1.425
0.825
3.225
0
0
0.375
0
1.375
0
0.975
0.925
0
0
0
0
0
0
2.625
1.075
2.7
2.725
0
0.125
0.3
0
0.55
0
0.575
0.5
0
0.25
0
0
0
0
3.6
0.1
1.875
2.75
3.225
1.625
0
0
0.725
0.375
0
0
0
0
0.225
0.05
1.425
0
1.5
1.325
0.6
0
3.925
0.7
0.125
0.225
0
2.375
0.125
4.125
0
0
0
2.325
0
3.825
0
0.7
0
0
0.325
0.925
0
1.525
0
3.05
2.775
0
0
5
0
0
0
0.425
3.725
0
0.1
2.325
0
3.375
0.7
0.075
1.325
0
0
0
1.475
0.125
1.1
0.075
0
0.025
2.575
4.5
0.1
3.075
0
0
2.6
0
0
5.125
5.95
4.975
0.15
0
0
0
0.575
0
0
0
1.425
0.175
0
0
1.725
0.4
0.25
0.05
1.725
0.1
2.275
4.175
1.475
0
0
0
3.075
0
3.05
0
0.175
0
0.225
2.05
1.225
0
1.85
0.125
2.025
0
0.375
0.325
9.575
3.525
2.45
1.275
0
3.15
0
0.45
0
0
2.475
3.125
0.375
0.05
0
0
0
1.125
1.4
0
0
0.2
0
0.575
0.025
0
0.5
3.225
2.925
0
1.525
0
0.9
0.175
1.075
0.575
0
1.975
3.125
2.025
0.525
0
1.525
0.05
0.175
2.7
0
0
0.075
2.875
0
0.05
0.375
0.4
0
0.95
0.025
0.8
0
1.5
1.15
0
0.375
0.325
0
0
4.05
0
0
1.025
0
0
1.85
0
0
0
0
0
2.15
0
4.725
0.15
0
1.7
0
0
0.1
0
0.35
2.475
0
0
1.825
3.475
0.1
0
0.05
0
0.55
2.775
1.025
0
1.55
1
0
0
0
2.725
2.05
0.025
6.95
0
0.05
3.775
0
0.075
0.025
0.3
0.15
1.85
2.45
1.425
0
0
0
0
0.65
0.4
0
1.625
0
0.025
1.775
0
0
4.55
2.925
0.175
0.1
0
0.2
3.4
0.625
1.45
5.075
0
0.675
3.9
2.85
1.05
0
0.475
0.2
0
3.15
0
0
0
0
0.325
0
2.75
0.15
0
0.675
0.375
0.15
2.7
0.05
0
0
0
0
0.1
0
0.15
1.425
0
0
2.675
0
0
0
0.275
0
0.55
0
2.1
0.45
0.825
0
0
0
0
0
0
0
0
1.95
2.575
0.8
0.65
1.05
0
3.475
0.125
0
0.075
0.125
1.45
0
0
0.35
0
2.875
0
1.6
0
0.275
2.25
2.75
0
1.25
0
0
0.3
0
0
0
1.35
1.45
0
0
0
1
2.275
0
0
1.3
7
0.075
0
0.025
0.05
0
0
0.15
2.9
0
0.075
2.25
0
1.075
0.025
0
0.075
0.025
0
0.3
0.775
5.2
0
0.025
0
0
0.175
0
0.075
0.4
4.1
0.075
0
0
0
0.25
0.025
0.9
1.15
0
1.875
3.925
0
0.5
0
0
0
2.65
3.225
0
0.025
0
0
0
0.1
1.6
3.85
0
0
3.725
6.65
0.275
2.35
0
0.375
0
0
0.425
0
0.325
0
2.2
0
0.325
0.025
0.175
0
0.075
1.625
0.775
9
2.95
0.35
1.75
0.275
1.325
0.25
0
0.8
0.5
0
0
1.775
0.25
0
2.975
1.9
0.025
0.075
0.65
0.05
0
0.425
0
0
0.075
1.95
0.575
3.025
0
0
0
0.175
0
0
0
0
2.375
1.35
0
0
0
3.35
1.075
0.1
0
4.1
0
3.325
0
0.025
4.25
0
3.325
3.725
2.775
2.1
5.1
0
3.35
0.425
0
0
0
0
1.65
0
0
0.325
0.15
0
0
0
0.075
0.625
5.4
