0
2.05
1.225
0.3
0
0
0
0.4
0.25
0.95
1.65
0.025
0
0.275
0.025
0.3
0
0
0
0
1.8
0.025
0.375
1.275
0.55
0.675
0.225
0
0
0.75
0
0
0.275
0.325
0.125
1.3
0.325
1.6
0.725
1.875
0.025
2.775
0
1.575
1.4
0.025
0.15
0
1.35
1
0
0.425
0
0.75
0.35
0
0.2
0.775
0
0.1
0
0.15
0
0.475
3.575
0
0.05
0.95
0.05
0.45
0.7
0
2.425
0
0.025
0.25
0
0.25
0
0.3
0
0.725
2.05
0.025
0
0
0
0.025
0.15
1.175
0.025
0.175
0
0.775
0.5
0.225
2
0
0
0.225
0
1.625
2.025
1.675
0
0
1.175
0.55
0.075
0
0
0.525
0.1
0.95
1.4
2.9
0.25
0.7
0.05
0.35
0.075
0.375
1.025
0.175
0
0.65
1.225
0
0
0.225
1
1.05
2.6
1.95
0
0
3.575
0.5
0
0
0
1.1
0.05
0
0.05
0
1.875
0
2.1
1.575
0.05
0.025
1.85
0
0.05
0.45
2.925
0.75
0.025
0
0
1.325
0.675
0
0.05
0.45
0.05
0
0
0
1.1
0.275
2.4
1.125
0.425
1.275
0.6
0
0.05
0.25
1.175
0.1
0.1
0.225
0.025
1.3
0.35
2.775
0
1
0
0.6
0.775
2.05
0
1.3
0.1
0
0
0
1.05
0.5
1.575
1.625
1.575
0.975
0.825
0.225
0.175
0.375
0.425
0.575
0
0.125
1.325
0.3
0.025
0.8
0.125
0.75
0.275
0.375
1.425
1.6
0.85
0.325
0
0.075
1.65
0.05
0.325
0.3
1.05
1.1
0.6
0
1.675
0
1.925
0
0
0
0.125
0.125
0.3
1.05
0.7
1.625
0.35
0
0.5
1.825
0.025
0.225
0.125
0
0.725
0
0.05
0.625
0
0
1.475
0.35
1.825
0.1
4.275
0.025
0
0.025
0.65
0.15
1.65
0.475
0
0.225
0.025
0
2.075
0.2
0.775
0
0.45
0.35
0.55
0.225
0
3.6
0.7
0.3
0.225
0
3.075
0
0.4
0.05
0.375
0
1.05
0.95
0
0.65
0
0.025
0
0
0.175
1.45
2.05
0.475
0
0
0
1.8
0.6
1.225
0
0.125
0
2.4
0.25
0.075
0
2.725
0
0.15
0
0.025
0
1.9
1.125
0
0
1.725
0.55
0.2
0.35
0.5
0.425
0.05
0.025
0.8
0.4
0.1
0
0
0.2
0.675
0.2
0.125
0.225
0
0
0
0.025
0.375
0
0
0.4
0.175
1.175
0
0
2.15
0.075
0.15
0
1.05
0
0
0
0.825
2.55
1.4
0
0
0.05
0.1
0
0
0.025
0.475
0
3.15
0
0.125
0
0.725
0.175
1.75
0.85
0.5
0
0.525
0
0.75
0
0.625
0.225
0.025
1.05
0
0
0
1.875
0.025
1.025
0
1.55
0.025
0
0.4
0.45
0.05
0.175
0.575
0.375
2.1
0.05
0.625
0
0.375
0
1.2
0.175
1.35
0.025
1.5
0.925
0.3
0
2.75
0.425
0.05
0
0.6
1.275
0.075
0.025
0
1.55
0
0.1
0.55
0.275
0.05
0.65
0.35
1.125
0.125
1.325
0.25
0
1.25
0
0.225
0.05
0.675
0.2
0.675
0.4
0.225
1.6
0.5
0
0.55
0.025
0
0.325
0.55
0.475
1.925
0.4
0.05
0
0
0.425
2
0.075
0
1.3
0.025
0
1.025
0.025
0.1
0.725
0
0
0.025
0
0.55
0
0
1.25
0.75
0.325
0.625
0.025
2.05
0.05
1.475
1.05
0
3.1
0
0
0.2
1.45
0.1
2.125
0.525
1.8
0
0
1
0
0.725
0.425
0
0.4
0.2
0
0.025
1.75
0
1.75
0.275
0
1.675
0.625
0.05
0.225
0.425
1.05
0.125
0.075
0.05
0.125
0.025
0.025
1.775
0.025
0.05
0.025
0.375
0
0.025
0
0
1.175
0
0.025
1.3
1.15
0.375
0.05
0
0.05
0
1.375
0.8
1.05
0.825
1.15
1.2
0.05
0.5
0.65
1.375
0.5
0.125
0
0.1
0.975
0.075
1.475
0
0.35
0
0
0.275
0.325
0.45
0.05
0.375
1.875
1.975
0
0.1
0
0
0.625
0.025
0.525
1.4
0
0.175
0.175
0.65
0
0.225
0
0.05
0
2
0
1.175
0.15
0.825
0.3
0.675
0
0.05
0
0.025
0.45
0.3
2.4
0.275
0
1.025
0.075
0
0.825
0.35
0.1
0.05
1.825
1.35
0.675
0
1.275
0
0.05
1.4
0.8
0
0
0
1.725
1.2
0
1.175
0
0
0.025
0.225
0.25
0.1
0.125
1.7
0.15
0.15
0
1.475
0
0.15
0
0
0
0.65
0.2
0.5
0.6
0
1.45
1.225
0.6
0.775
0.575
0.05
1.05
0
0.025
3.05
0.625
0.475
2.775
0.425
2.775
0.025
0.375
0.275
1.225
0.4
0
0.05
1.45
0.625
3.225
0.05
1.775
0
0
0.5
1.875
0.1
0.475
0.075
1.6
0.65
0
0.525
2.575
2.55
0
0
0.775
1.2
0.725
0.9
0
0
0
0.375
0.075
0.025
0.05
1.3
0.6
0
0.15
0.025
1.45
0.05
0.025
0.05
0.375
0.275
1.1
0.5
0
0.525
0
0.4
1.75
0.975
0.925
0.425
0.3
2.625
1.025
0.975
0
0.2
1.75
0.525
0
0.575
0
0.6
0.125
0
0
1.175
0
0.1
0
0.075
0.175
3.05
0.65
0.325
0
0.125
0
0
0.025
1.675
0
0.025
0
0.15
0.275
0
0
0
0.025
0.475
0.15
0.25
0
0
1.175
1.775
0.025
0.525
0
0
0.05
0.65
0.9
0
0
0
0.025
0.05
0.375
0.5
0
0.175
0
0
0.175
0
0.175
0.925
0.225
0
0
0.025
0
2.35
0
0.325
0
1.375
0.175
0
0.075
0.175
0.125
0.35
0
1.075
2.975
0
0.4
0.8
0.375
0.025
0.925
0.175
0.1
0
0
0.325
0
0.075
0.125
0.025
1.9
0
1.95
0
0.35
0.025
0.9
0
0.225
0
0
0
0
0
1.025
0.025
0
0.025
0.575
0.25
0.075
0.275
0
2.075
0.725
0.05
0.475
0
1.8
0.025
0
0.025
1.975
0.05
0.15
0.05
0.55
0.075
0
0.025
1.35
0
1.2
0.15
0
1.3
1
1.25
0.475
0
1.25
0.1
0
0.1
1.825
0.55
0.475
0.65
0.05
0.1
0.025
0.05
0
0
2.125
0
0
0.375
0.85
0
0.775
0.05
0.1
0.025
0.15
0
0
0
0.05
0
1.375
0
0.075
0
0
0.15
0.95
0
0.025
1.25
0.35
0.3
0
0
0.05
1.125
0.4
0.25
0.05
0.7
0.025
2.675
0
0
0.775
0.05
0
1.95
0
0.175
1.125
0
0.025
0.05
0
0.075
0
0.075
0.65
0.475
0
1.075
0
0.45
0.85
0.825
1.3
0.9
0
0.575
0
0
0.4
0.175
0
0.05
0.025
0.4
0
0
0
0.45
0.075
0.35
1.4
1
0.075
0
0
0.025
0.125
0.175
0.05
0.025
0.625
2.475
0.775
0.8
0.075
0.175
0
0
2.15
0.3
0
0.35
0
0
0.4
0.4
0.65
0.025
3.025
0.05
0.825
0.45
0
0
0
0
0.625
2.075
1.025
0.175
1.475
0
0.625
1.075
0.125
2.525
0
0.15
0.25
0.275
0
0.35
0
0.6
0.05
0
3.55
0.15
0.225
0.425
0.75
0.075
0.05
0.075
1.175
1.125
0
0
0
0.9
0
0.15
0
0.275
0.625
0
3.4
0.05
1.925
0.1
0.275
0
0.175
0
0
0
0
0.225
2.075
0.025
1
1.8
0.275
0
0.5
0.225
0.05
0.125
0.7
1.05
0.025
1.325
0
1.825
0
0.025
0.325
0.75
1.575
1.1
0
0.25
0.2
0
0.375
4.075
0
1.5
1.55
0.375
0
0.8
0
1.625
1.6
0.225
0
1.95
1.35
0.325
0.425
0.5
0.35
0.25
0.025
0
0
0.8
0.075
0.525
0
0.7
0
1.325
0.1
0
1.925
0.2
0.075
0
0.075
2.4
0.075
0
1.4
0
0
0.6
1.95
0
0.125
0.075
0
0.075
0.225
0.275
0.025
0
1.6
0.45
0.6
0.075
0
0.2
0.125
0.1
0.075
0.975
0.525
0.525
0.15
0.15
0.325
1.325
0.05
0.175
0.075
0
0
0
1.95
0.35
0.125
2.35
0
0.85
0
0.3
0.375
0
0
3.1
0.975
0.325
0
2.45
0.4
0
0
0
0.425
0
0
0.675
0
0.5
0.225
0.125
0
1.05
0.025
0.2
0.4
0.025
0.2
0
0
0.3
0.125
0.8
0.4
0
1.2
0
0.175
0.2
0
0.225
0.075
0.95
0.05
0.15
0.3
1.175
0.25
1.05
0
0
0.175
0
0
0
0.1
0.1
0
1.425
0.575
2.35
0.575
0
0
2.275
0.425
0.775
0
0
0.375
0.3
0.075
0.025
0
0.35
0.075
0.225
2.35
1.8
0
0.075
0.075
0.1
0
2.175
0.25
0
0.1
0
0
0
1.275
0.275
0
0.5
0
0
0.25
0.2
0
0
0.65
0
0.025
0
0.8
0
0.05
1.15
0.825
0
0.55
0.1
1.4
0.35
0
0.2
0.875
0.625
0.4
0.2
1.4
2.175
0
2.525
1.125
0.25
0
0.025
0
1.625
0.075
0
0
1.35
0.175
0.35
0.575
0
2.625
1.025
0.2
0.025
0
0.975
0.4
0
0.05
0.075
0.15
0
0.275
0
1.2
1.475
0
0.225
1.275
0.825
0.75
0.65
0.025
0
0.55
0.025
0.175
0.825
0.275
0.05
1.25
0.75
0.5
0.4
0
0.275
0.575
0.125
0.2
1.55
0
0.1
0
0.175
0
0.325
0.025
0.7
0.75
0.975
0.075
0.425
0.025
0.425
1.525
0
1.775
0.15
0
0.05
0.3
0.875
0.65
0
1.65
0.55
0
0.175
0
0
0.2
0
1.15
0
0.1
1.1
0.025
0
0.175
0
0.125
0.25
0.125
0.025
0.45
0.1
0
1.35
0.175
0
1.875
0
0
0
0.4
0.425
0.45
1.425
0.075
0.075
0.65
0.05
0
0.4
0.025
0.525
2.625
0.075
0.4
0.2
0.025
0.025
0.625
0
0.275
0.2
0.1
0.025
2.25
1.4
0.9
0.9
0.125
0
0.975
2.375
0.025
0
0.05
0
0
0.5
0.3
0
1.075
0
0
0
0.075
0.225
1.25
0.4
0.025
0.225
0.1
0.25
0
0
0.525
0
0
0.125
0.1
0.125
1.15
0
0.4
0.075
0.025
2.175
1.025
0.15
0.725
0
0.85
0.7
0
2.375
2.375
0
0.025
0
0
0
0.225
1.025
0.725
0.35
2.125
0.35
0.525
0.95
0.725
0
0.2
0.35
0
0.025
1.625
0.025
0.175
0.025
0.25
0.3
0.5
0
0.45
0
0.8
0.1
1.125
0.575
0.175
0
0.525
0.475
0.15
0.225
0.5
0
0.075
1.725
0.1
1.25
0
0.5
0.25
0.05
0.05
0
1.575
1.775
0
0
0.275
1.6
0.225
0.85
1.05
1.25
1.375
0.725
0.075
1.8
0.375
0
0
1.725
1.8
0.05
1.325
1.475
0.25
0.025
1.05
0.275
0.05
0.4
0
0
1.2
0.175
1.025
0
0.025
0.3
1.2
0
0.725
0.95
0.175
0.05
0
0.1
0
1.1
0.125
0.925
0.275
1.025
0
0.775
0
0
2.125
0.15
0.225
0.575
0.475
1.7
0
0.725
0
1.275
0.2
0
0
0.025
0.375
0.4
0.925
0.075
0
0.675
0
2.375
0.25
0
0.05
0.1
1.875
2.175
0.125
0.375
0.05
1.325
0.725
0.15
0.125
0.075
0.275
0.2
0.025
0
1.575
2.975
0.075
0
0
0.625
0.65
2.9
0.1
0
0.75
0.05
0
0.025
1.225
0
0.05
0.35
3.575
0
0
0.075
0.75
0
0.8
0
0.9
0.75
0.3
2.5
0.075
1.325
0.575
0
0
0.075
0
0
0.15
1.4
0
0.7
0
0.65
0
0.1
0
0.5
0
0.025
0.55
0.05
0.35
0.25
0.075
1
0.025
0.325
1.025
0
0.05
0.65
1.9
2.325
0.025
0.3
0
0
1.275
0.025
0.025
0
0
0
0.7
0
1.225
0.8
0.45
0.775
1
0.425
1.5
0
0.8
1.6
1.2
0
1.7
1.125
0.05
0.075
0
0
0
0.45
0
0.05
0
0
0
1.6
0.4
0.05
4.075
1.675
1.2
0
0.1
0
0.475
1.675
0.375
0.975
0
1.35
1.475
1.075
0
0
0.525
0
0
1.5
0
0.15
0
0
0.325
0
0.125
0.95
0
1.55
0.525
0.625
1.075
0.05
0.3
0.025
0
0.3
0.25
0.1
0.4
0.075
0.15
0.55
1.375
0
0.15
0
0.225
0
0.025
0.025
0.875
0.275
0
0
0.6
0.65
0.025
0
0
0.8
0
1.825
2.325
0.725
0
3.175
0.125
1.625
0
0
0.275
0.55
0.65
0
0
1.3
0
1.775
0.025
0.95
0
1.3
0.025
0
0.775
3.225
0.1
0.9
0.025
0.025
0.75
0
0
1.075
0.625
0
0.025
0.325
0.075
0.025
0.25
1.3
1.2
0
0
0.3
0.4
0.2
0.7
0.6
0
0
0.825
1.075
0
0.5
0
0
0
0.725
0.075
0.8
1
0.95
0
0.025
0.65
0.05
0.2
0
0.175
0.425
0.4
0.475
0.1
0.225
0
1.375
0.775
0.4
0.625
0.05
0.6
2.6
0
0
0.775
0
1.575
0.675
1.4
0.5
0.225
0
0.05
0
1.925
0.175
0.95
0
0.225
0.05
1.55
0.025
1.775
0
1.325
0.025
0.875
0
0.125
0.375
0.15
2.6
0
0
0.025
0.95
0
0.075
0.25
0.25
0.3
0.775
0
0
0.025
0.525
0.675
0
0.075
1.025
0.25
0
0.175
0.25
0
1.075
0.15
0
0.025
0.125
0.05
0
2.25
0
0
0
1.4
0.725
0.2
0
0
0
0
0
0.575
0.325
0.175
0.2
1.55
0.05
1.975
0
0.85
1.675
2.55
0.025
0.8
0.075
1.15
0.15
1.7
2.775
0
1.45
2.025
0
1.55
1.7
0.825
1.775
0
0.2
0
0.325
0
0.8
0
0.05
1.325
0.25
0.15
0
0.075
0
0.925
0.3
