0
5.7
3.275
0.475
0
0
0
0.65
0.65
1.775
3.825
0
0
0.625
0
0.775
0.1
0
0
0
4.875
0.075
0.875
2.925
2.025
2.85
1.325
0
0
0.75
0
0
0.45
0.575
0.175
2.95
1.925
4.125
0.975
4.5
0.175
7.175
0
3.125
2.925
0.025
0.6
0
3.375
1.225
0
1.2
0
1.725
0.275
0
0.375
2.775
0
0.075
0
0.1
0
1.875
9.025
0
0
1.85
0.025
0.8
2.3
0
4.6
0.05
0
1.375
0
0.35
0
0.525
0
0.675
5.875
0.3
0
0
0
0
0.025
4.45
0.075
0.45
0
1.275
1.675
0.55
5.125
0
0
0.275
0
5.325
5.975
4.35
0
0
3.15
1.25
0.075
0
0
1.925
0.375
2.225
2.975
5.7
0.2
1.95
0
0.9
0.025
0.65
2.175
0.25
0
1.8
3.475
0.175
0
0.125
2.675
3.225
6.975
5.7
0
0.05
9.55
1.6
0
0.05
0
3.35
0.175
0
0.225
0
4.525
0
6.05
3.925
0.425
0.125
5
0
0.025
0.35
7.55
2.525
0.025
0
0
2.65
1.3
0
0.05
1.05
0.125
0
0
0.05
4.05
0.7
6.85
3.15
1.9
3.025
0.975
0
0
0.175
3.225
0.1
0
0.25
0
3.9
0.55
7.25
0.025
2.95
0
2.025
3.15
5.3
0
3.225
0.175
0
0
0
2.85
1.875
3.65
3.875
5.075
1.975
2.925
0.075
1.1
0.025
1.825
0.875
0
0.075
3.1
0.075
0
2.4
0.05
1.725
0.05
0.325
3.375
3.625
1.2
1.7
0
0.525
4.575
0.25
1.725
0.45
1.975
2.45
1.425
0
4.5
0
4.85
0
0
0
0.25
0.15
1.05
1.825
2.075
3.9
1.25
0.025
0.975
5.35
0
0.3
0.425
0.325
0.4
0
0
1.025
0.05
0
4.55
0.375
4.375
0.075
10.95
0
0
0.05
2
0.15
4.525
2.475
0
0.475
0
0
5.075
0.525
1.6
0
0.6
0.65
1.075
0.5
0
8.575
1.85
1.025
0.325
0
7.65
0
1.575
0.05
0.675
0.125
2.6
2.575
0
1.15
0
0.025
0
0.025
0.075
4.425
4.6
1.575
0
0
0.025
5.4
0.8
3.25
0
1.325
0
5.8
0.3
0.1
0
6.65
0
0.275
0
0.025
0
4.75
1.725
0
0.05
2.8
0.6
0.65
0.35
0.775
0.125
0
0.05
0.875
0.875
0.275
0
0
0.425
1.95
0.3
0.45
0.25
0
0
0
0.075
0.6
0
0
1.575
0.9
3.125
0
0
5.925
0.2
0.25
0
3.225
0
0.075
0.125
2.775
5.35
4
0
0.05
0
0.55
0.275
0
0.175
0.45
0.075
8
0
0.25
0
1.15
1.075
4.925
2.75
2.425
0
2.175
0
2.525
0
1.05
1.375
0
3.15
0
0.025
0
5.25
0.025
2.6
0
4.15
0.175
0
1.425
1.275
0.225
0.1
0.55
0.85
5.525
0
1.525
0
0.575
0.025
2.45
0.075
2.025
0
4.7
2.375
1.05
0
8.375
0.55
0
0
1.875
3.1
0
0
0
4.325
0
0.15
0.975
0.175
0
1.4
0.4
2.875
0.25
3.175
0.7
0
3.725
0.6
0.775
0
2.7
0.275
1.475
0.825
0.75
3.9
0.775
0
1.775
0
0
0.325
1.7
0.725
4.875
0.35
0
0
0
2.45
4.575
0.05
0.05
2.7
0
0
2.725
0.025
0
1.3
0
0
0
0
2.6
0
0
2.475
1.15
0.5
1.425
0.15
4.725
0.225
3.05
2.425
0.05
8.95
0
0
0.8
3.625
0.05
6.775
0.55
5.075
0
0
2.375
0
1.875
0.575
0.025
2
0.875
0
0.05
5.125
0
3.775
1.2
0
2.725
0.8
0.225
0.35
1.225
2.3
0.45
0.05
0.2
0.225
0.075
0
3.65
0
0.075
0
0.8
0
0.05
0
0
2.925
0
0.025
3.775
2.975
0.75
0
0
0.25
0
3.025
1.875
1.4
0.675
1.5
3.1
0
1.5
0.725
3.15
0.975
0.125
0
0.325
1.475
0.025
3.1
0.025
0.5
0
0
0.4
0.75
0.85
0.15
0.825
3.75
4.6
0.025
0.05
0
0
0.925
0.3
0.85
2.875
0.025
0.125
0.15
1.175
0
0.15
0
0.225
0
5.125
0
3.025
0.175
0.75
0.7
2.225
0
0.075
0
0.2
0.85
0.45
6.05
0.35
0
3.475
0.05
0
1.9
0.55
0.05
0.85
5.15
4.425
1.1
0
3.35
0
0.525
2.725
2.55
0
0
0
4.925
4.15
0
3.95
0
0
0.1
0.3
1.075
0.05
0.175
3.875
0.2
0
0
3.4
0
0.05
0
0
0
1.075
0.35
0.875
1.7
0.15
3.5
3.225
1.45
1.925
0.525
0.175
3.05
0
0.025
8.25
2.15
1.775
5.6
0.875
7.95
0
1.55
0.075
3.825
0.425
0
0.025
4.125
3.15
8.375
0.325
5.7
0
0
1.2
4.225
0.025
0.625
0
2.325
0.725
0.025
0.6
5.25
5.325
0
0
3.025
2.875
1.35
3.125
0
0
0
1.825
0
0
0.025
3.25
1.3
0
0.325
0.05
3.65
0.125
0
0.125
0.7
0.125
3.5
2.475
0
2.625
0.025
0.65
3.025
2.675
1.675
1.375
0.875
6.675
1.9
1.5
0.05
0.65
3.175
1.675
0
1.3
0
2.075
0.125
0.475
0
4.7
0
0.025
0
1.05
0.45
7.8
1.575
0.275
0
0.75
0
0
0
4.4
0.025
0
0
0.95
0.3
0
0
0
0
0.825
0.45
0.325
0
0
2.475
4.475
0.2
1.1
0
0.1
0
1.575
2.4
0
0.2
0
0.2
0.05
0.15
0.4
0
0.85
0
0
0.4
0
1.1
3.1
1.05
0
0
0.175
0
6.125
0
0.8
0.025
3.8
1.25
0
0.1
0.4
0.925
0.475
0.225
4.175
7.375
0
1.325
2.05
0.575
0.05
2.55
0.525
0.1
0
0
0.725
0
0.1
0.075
0
5.875
0
5.125
0
0.525
0
0.65
0
0.6
0
0
0
0
0
2.175
0
0
0.4
0.8
0.575
0.675
1.875
0.075
5.35
1.2
0
0.95
0.025
3.925
0
0
0.05
3.45
0.175
0.075
0.85
2.525
0.25
0
0
4.225
0
1.85
0.725
0
4.175
2.675
3.125
1.025
0
2.325
0.1
0
0
4.725
1.75
0.725
1.25
0.15
0.075
0.175
0.05
0
0
5.75
0
0
1.075
1.45
0
1.55
0.05
0.6
0.525
0.75
0
0
0
0
0.225
2.425
0
0
0
0
0.025
1.85
0
0.1
1.425
1.175
1.15
0
0.05
0.325
1.925
0.825
0.975
0.475
1
0.125
6.35
0
0
0.875
0.525
0.125
6.075
0
0.1
3.55
0
0
0.1
0
0.125
0
0.075
2.3
0.525
0.025
2.35
0
0.95
1.15
0.725
3.825
2
0
1.425
0
0
1.75
0.475
0
0.1
0
0.15
0
0
0
0.975
0.125
0.825
3.275
2.35
0.35
0
0
0.25
0.725
0.4
0
0.05
2.375
6.4
1.225
2.025
0.15
0.275
0
0.25
5.3
0.625
0
1.025
0
0
0.625
1.4
1.975
0
7
0.225
2.15
1
0
0
0
0
2.55
5.725
2.95
0.625
4.15
0
1.175
2.3
0.125
6.9
0
0.1
0.675
1.375
0.2
0.525
0
1.6
0.15
0
7.25
0.075
1.225
0.9
1.425
0.4
0.4
0.15
3.025
3.875
0
0
0
1.9
0
0.675
0
1.3
1.225
0.1
8.375
0
4.425
0.05
0.75
0
0.475
0
0.05
0.025
0
0.3
5.4
0.025
2.9
4.225
0.425
0
1.9
0.275
0.125
1.175
1.8
3.35
0
3.025
0
4.4
0
0
0.825
2.2
2.575
2.85
0
0.575
1.175
0
0.9
10.35
0
3.425
5.05
1.45
0
2.425
0
3.925
2.325
0.525
0
4.625
3.525
0.75
0.7
2.225
0.575
1.25
0.025
0
0.075
2.825
0.325
1.425
0
1.3
0.025
2.85
0.025
0
5.125
0.275
0.25
0
0.225
5.95
0.3
0
3.75
0
0.025
0.825
4.725
0
0.275
0
0
0
0.2
0.525
0
0
3.425
0.575
1.475
0.325
0
0.2
0.275
0.1
0
2.6
1.075
0.5
0.175
0.375
0.975
3.325
0.075
0.05
0.9
0.05
0
0
4.55
0.45
0.225
6.05
0.025
1.975
0
0.3
0.85
0
0
8.225
1.325
0.3
0.225
6.225
0.925
0
0
0
0.95
0.05
0
1.175
0
0.975
0.6
0.45
0
2.2
0.05
0.5
0.725
0.075
0.55
0
0
0.8
0.15
1.075
1.775
0
2.2
0
0.625
0.25
0
0.4
0.25
2.05
0.15
1.625
0.275
2.65
0.725
2.85
0
0
0.425
0.025
0
0.05
0.3
0
0
3.975
2.1
5.425
1.55
0
0.025
6.25
0.6
1.5
0
0
0.525
0.95
0
0.05
0.05
1.025
0.65
0.675
4.775
5.725
0
0.025
0.1
0.75
0
4.05
0.925
0
0.3
0
0
0
3.95
1.225
0
1.075
0
0
0.2
0.225
0
0
1.025
0.025
0
0
1.825
0
0.275
2.15
1.725
0
1.45
0
3.775
0.975
0
0.225
2.5
1.325
1.475
0.225
3.425
3.275
0
4.375
1.425
0.025
0
0.025
0
4.3
0.175
0
0
2.975
0.25
0.5
1.5
0
8
2.65
0.175
0
0
2.15
2.35
0
0.075
0.075
0.275
0.2
0.525
0.025
4
3.725
0
1.3
3.75
2.55
1.575
1.75
0.2
0
0.925
0
0.8
1.25
0.85
0.225
2.25
3.075
1.525
1.175
0.175
0.825
1.175
0.4
0.775
4.475
0.075
0.9
0.1
0.75
0
0.475
0
2.175
2.675
3.225
0.1
0.775
0
0.625
3.475
0
5.05
0.825
0.225
0
0.75
2.05
1.6
0
4.225
1.675
0
1.425
0
0.425
0.2
0
3
0
0.125
3.325
0.1
0
0.225
0.075
0.125
0.625
0.375
0.35
0.85
0.15
0
2.225
0.35
0
3.4
0
0
0.025
1.375
0.95
0.4
3.625
0.175
0.15
3
0.225
0
1.9
0.075
0.3
7.125
0.1
1.65
0.625
0.075
0
2.8
0
0.775
0.175
0.125
0.05
4.275
4.8
2.775
1.575
0.075
0
3.275
4.175
0
0
0
0
0
0.875
0.475
0.05
2.925
0
0.075
0
0
0.475
2.775
1.6
0
0.85
0
0.2
0
0
0.275
0
0
0
0.4
1
2.7
0
0.55
0.425
0
5.1
2.5
0.8
1.225
0
1.15
1.25
0
5.2
5.45
0
0.2
0
0
0
0.35
3.2
1.225
1.05
6.225
0.2
1.45
2.55
2.325
0
0.475
1.15
0.2
0.075
4.4
0.025
0.025
0.125
1.425
0.3
1.025
0
2.25
0
1.525
1.05
1.775
1.25
0.175
0
1.7
1.075
0.275
0.725
1.7
0
0
3.375
0.35
3.125
0
2.4
0.125
0
0.75
0
3.175
5.725
0
0
0.625
4.775
0.5
2.025
2
3.55
4.5
1.95
0.075
4.8
0.675
0
0
5.275
4.65
0.35
3.725
6.05
0.925
0.025
3.675
0.45
0.525
0.8
0
0
3.525
0.475
3
0
0
0.725
1.65
0
2.375
2.5
0.425
0.075
0.175
0.2
0
3.425
0.625
2.225
0.825
1.625
0
1.725
0
0
4.725
0.625
0.975
1.325
1.35
3.525
0
2.4
0
3.85
0.825
0
0
0
1.025
0.425
2.875
0.075
0
1.05
0
6.05
0.75
0.175
0
0.475
5.425
5.225
0.05
0.425
0
2.95
0.725
0.225
0.25
0.575
0.525
0.275
0.025
0
4.225
8.275
0.125
0
0.1
2.2
2.15
7.475
0.35
0
1.575
0.125
0
0.175
2.9
0
0.075
0.9
8.175
0
0
0.075
2.25
0.125
2.375
0
2.65
1.675
0.375
6.875
0
4.3
0.675
0
0
0.15
0
0
0.625
2.8
0
1.15
0
1.95
0
0.05
0
1.175
0
0.05
1.975
0.15
0.925
1
0.325
2.45
0.125
0.55
2
0
0.075
1.475
4.475
5.225
0
0.925
0
0
4.6
0.075
0.125
0
0
0
1.675
0
4.05
2.625
1.6
1.15
3.675
1.025
4.375
0.15
2.375
4.05
2.9
0
5.025
3.275
0.45
0.15
0
0
0.025
0.975
0
0.175
0
0
0
2.6
0.725
0.025
10.425
3.25
3.875
0
0.125
0
0.825
4.1
1.025
2.925
0
3.4
5.825
2.7
0
0
0.925
0
0.35
3.8
0.025
0.225
0
0
0.625
0
0.125
1.725
0
4.075
1.075
2.4
3
0
1.4
0
0
0.425
0.5
0.075
0.425
0.175
0.625
1.6
2.75
0
0.45
0
1.15
0
0.05
0
3.9
1.625
0
0
2.475
2.025
0
0.1
0
2.875
0
5.275
5.825
1.075
0
7.425
0.3
4.525
0
0
0.7
1.825
1.175
0
0
2.075
0
5.325
0.225
1.725
0
4.45
0
0.05
2.375
6.15
0.275
1.175
0
0.05
2.425
0
0
1.475
1.475
0
0.025
1.075
0
0
0.95
3.275
2.95
0
0.025
0.5
0.9
1.275
3.525
1.475
0
0
2.975
2.55
0.075
0.375
0
0
0
2.225
0.15
0.6
2.675
2.575
0
0.05
1.15
0.35
0.175
0
1.1
1.075
0.775
1
0
0.35
0
3.675
1.375
1.3
1.6
0.025
1.1
6.05
0
0
2.725
0
3.175
1.875
3.725
1.075
0.95
0
0.175
0
5.2
0.2
1.975
0
1.25
0.1
5.325
0
5.175
0
3.375
0.025
2.1
0.275
0.2
1.625
0.15
5.8
0
0
0
1.9
0
0.05
0.85
1.85
0.2
2.825
0
0
0.1
1.2
1.15
0
0.475
1.45
0.5
0
0.15
0.375
0
4.05
1.05
0
0.025
1.325
0.025
0
4.275
0
0
0
3.95
2.2
0.925
0
0
0
0
0
1.625
1.075
0
0.75
3.2
0.025
4.55
0.025
1.8
4.9
6.05
0
2.65
0.05
3.25
0.975
4.575
6.775
0.125
4.35
6.775
0
4.025
4.875
2.05
4.075
0.35
0.3
0
1.6
0
3.175
0
0.175
3.25
1.175
0.475
0
0.5
0
2.6
0.775
