0
11.125
8.275
2.2
0
0
0
1.675
0.95
5
7.075
0.05
0
0.475
0
3.5
0
0
0
0.175
11.2
0.05
1.9
7.9
3.15
4.325
1.35
0
0.075
2.45
0
0
1.25
0.15
0.375
8.75
3.125
8.15
3.6
9.35
0.175
14.15
0
6.95
5.5
0
0.15
0
7.45
2.075
0
2.675
0.025
4.625
0.3
0
1.375
6.1
0
0.075
0
0
0
2.4
16.95
0.025
0
2.65
0.15
0.675
4.1
0
11.675
0
0.05
0.85
0.05
0.575
0
0.8
0
2.025
11.6
0
0
0
0.025
0
0.375
7.875
0
1.725
0
3.65
3.925
0.975
10.275
0.075
0
0.15
0
9.55
9.95
7.9
0
0
7
2.4
0
0
0
2.25
0.75
6.15
5.225
13
0.75
3.05
0.075
2.375
0
0.7
2.9
0.175
0
2.725
7.675
0.675
0
0.975
6.35
5.3
12.55
9.65
0
0.05
16.4
4.525
0
0.05
0
7.675
0.15
0
0.3
0
10.275
0
12.55
8.625
1.675
0.15
8.725
0
0.075
1.425
12.225
5.55
0
0
0
6.125
3.075
0
0.525
2.475
0.05
0
0
0.05
6.225
1.325
12.425
7.425
1.425
6.65
1.375
0
0.025
0
5.5
0.225
0.025
1.05
0
7.7
2.325
13.75
0
4.9
0
4.5
5.45
11.1
0.025
8.15
0.725
0
0
0
6.8
4.925
7
6.55
9.9
3.4
4.8
0.35
1.6
0.8
1.7
1.325
0
0.325
6.9
0.3
0
2.925
0.1
4.175
0.075
1
6.2
5.825
2.975
2.15
0
0.025
8.975
0.075
1.6
0.825
4.1
3.775
3.25
0.05
9.375
0
13.175
0
0
0
0.6
0.075
0.275
3.4
4.875
7.075
1.825
0
1.575
10
0
0.5
0.625
0.175
0.525
0
0.025
2.75
0.1
0
8.825
0.8
7.325
0.15
20.775
0
0
0.05
3.175
0.05
8.675
4.225
0
0.775
0
0
11.8
0.875
3.175
0
1.025
1.275
2.2
0.2
0
16.775
3.725
2.025
1.325
0
13.5
0
2.175
0.125
0.925
0.075
4.425
3.55
0
1.775
0
0
0
0
0
7.075
7.85
1.775
0
0
0
10.25
2.225
5.9
0
0.7
0
12.35
0.225
0
0
13.225
0
0.5
0
0
0
11.475
4.525
0
0.125
8.25
0.525
0.25
1.175
1.025
0.45
0.075
0.075
2.45
1.525
0.875
0
0
0.8
3.475
0.125
0.6
0.325
0
0
0
0
1.5
0.075
0
2.275
0.475
8.2
0
0
12.25
0.7
0.55
0
6.375
0
0.15
0.3
4.75
10.45
8.5
0
0
0
0.65
0
0
0.45
1.65
0.15
15.375
0.25
0.05
0
3.9
1.475
10.9
4.7
3.75
0
4.225
0
4.4
0
2.925
0.675
0
6.875
0
0
0
8.075
0
4.65
0
8.575
0
0
3.175
2.35
0.175
0
1.575
1.6
12.925
0
3.8
0
1.25
0
6.85
0.15
4.875
0
8.8
3.9
2.475
0
15.725
0.75
0.025
0
3.675
5.275
0
0
0
9.725
0
0.5
1.875
0.375
0
1.4
1.025
5.45
0.45
6.9
1.85
0
5.825
0.625
0.575
0.05
5.025
0.8
5.3
1.85
0.95
5.625
1.875
0
1.45
0
0
1.35
2.75
2.575
9.975
1.25
0.275
0.075
0
3.8
9.05
0.775
0.025
4.025
0
0
6.275
0
0
0.6
0
0.1
0
0
4.2
0
0
5.025
3.15
0.475
1.3
0.625
9.175
0.825
6.075
7.05
0
17.2
0
0
1.25
6.8
0.025
11.2
2.475
10.15
0
0
5.6
0
4.625
2.6
0.075
5.825
1.175
0
0
7.7
0
5.125
2.35
0
6.875
0.6
1.4
0.375
1.775
4.775
1.875
0
0.425
0.2
0
0.05
6.225
0.325
0.075
0.05
1.575
0
0
0
0
6.475
0
0.45
7.75
6.45
1.875
0
0
1.25
0
6.5
2.8
5.95
0.425
3.325
5.65
0
5.625
2.475
6.8
1.7
0.2
0
0.475
4.55
0.05
7.875
0
1.75
0
0
0.675
1.275
0.275
0.4
0.725
5.875
7.625
0
0.075
0
0
1.25
0.5
2.225
5.5
0
0.075
0
2.125
0
0.05
0
1.1
0
9.275
0
8
0.075
1.875
2.2
3.25
0
0
0
0.1
0.9
0.95
12.65
0.225
0
6.475
0
0
5.8
0.575
0
1.075
8.4
8.675
1.275
0
5.625
0
0.55
5.45
4.475
0
0
0
8.175
6.475
0
7.8
0
0
0
0.65
3.25
0.025
0.4
4.4
0.025
0.35
0
6.675
0
0.175
0
0
0.1
1.225
0.175
1.175
2.2
0
7.625
7.5
3.55
3.15
1.575
0.2
6.775
0
0.125
18.4
4.175
2.2
11.175
2.85
14.475
0
3.45
0.1
6.875
0.7
0
0.05
7.55
5.65
16.3
0.775
10.7
0
0
2.9
8.6
0
2.775
0.05
6.525
1.7
0
1.575
11.05
11.075
0
0
4.15
3.6
3.15
5.5
0
0
0.025
1.8
0.2
0
0
6.35
1.875
0
0.45
0
9.475
0
0
0.625
1.4
0.625
7.05
3.95
0
3.125
0
1.45
7.975
5.725
4.075
2.625
0.575
13.25
3.125
4.9
0
1.275
6.525
2.25
0
4.55
0
3.7
0.075
0.35
0
6.975
0
0
0
0.45
0.35
15.75
2.575
0.925
0
3.15
0
0
0.175
9.675
0.125
0
0.1
0.8
0.125
0
0
0
0
1.4
0.2
0.65
0
0.025
4.375
10.175
0.475
2.6
0
0.05
0
2.325
4.375
0
0.075
0
0.075
0.125
0.275
0.925
0
1.025
0
0
1.25
0
1.3
7.65
1.35
0
0
0.05
0
11.825
0
0.275
0
7.75
1.675
0
0
1
2.175
0.775
0
6.05
14.1
0
2.05
3.3
0.525
0.1
6.225
1
0.075
0
0
1.6
0
0.1
0.075
0
11.675
0
9.975
0
1.3
0
2.425
0
1.1
0
0
0
0.05
0
3.575
0
0
0.725
1.925
1.875
0.75
3.475
0
8.95
3.15
0
2.45
0
7.475
0
0
0.125
7.675
0.425
0.225
0.6
4.15
0.075
0.1
0
7.475
0
5.175
1.275
0
5.4
6.55
8.675
1.45
0
8.1
0.025
0
0
10.175
3.675
1.125
3.725
0.225
0.125
0.1
0.1
0
0
10.475
0
0
1.5
1.775
0
2.675
0
1.65
0.3
2.3
0
0
0
0
0
5.65
0
0
0
0
0.55
2.1
0
0.075
4.6
3.875
1.65
0
0
0.025
4.85
1.75
1.7
0.075
1.7
0.075
12.75
0
0
1.45
0.25
0.075
12.625
0
0.05
7.9
0
0
0.225
0
0.7
0
0.125
5.825
1.175
0
5
0
1.5
1.9
2.55
8.425
2.3
0
2.1
0
0
2.95
1.5
0
0.5
0
0.925
0
0
0
0.55
0.075
1.05
7
4.65
0.275
0
0
0.05
0.975
1.375
0.2
0
2.975
12.05
0.825
5.525
0.4
0.575
0
0.1
10.25
1.125
0
1.2
0
0.05
1.675
1.1
3.125
0
15.925
0.025
4.7
1.05
0
0
0
0
5.225
11.35
6.375
1.25
6.3
0.05
3.325
5.975
0.175
12.725
0
0
1.725
3.05
0.175
1.85
0
2.4
0.025
0
16.05
0.25
1.875
1.325
2.975
0.7
0.4
0.55
6.425
9.975
0
0
0
3.475
0
1.05
0
1.525
2.925
0
15.65
0.025
9.6
0.125
2.45
0
0.75
0
0
0
0
0.775
11.075
0
5.9
8.475
0.575
0
1.75
0.75
0
0.375
3.175
6.95
0.2
8.175
0
9.725
0
0
1.8
3.55
7.45
5.325
0
1.4
2.075
0
0.925
21.8
0.1
8.575
10.575
2.375
0
5.45
0
7.35
6.025
2.275
0
8.35
8
0.575
1.55
3.35
2.05
1.175
0.175
0.15
0.25
4.375
1.2
2.075
0
1.275
0
6.625
0.05
0
6.925
0.05
0.5
0
0.75
10.8
0.175
0
8.4
0
0
4.15
9.775
0.05
0.2
0
0
0
0
2.05
0
0
8.7
0.95
3.6
0.425
0
0.3
0.5
0.35
0
6.95
2.225
1.525
0.8
0.45
3.125
8.5
0.1
0
0.9
0.075
0
0
9.225
0.75
0.225
11.65
0.05
3.6
0
0.275
0.25
0
0
16.075
4.675
0.225
0.075
12.75
2.45
0
0
0
2.4
0
0
2.3
0
2.275
0.775
0.225
0
4.675
0.15
0.65
0.325
0.375
0.75
0
0.025
1.8
0.475
3.7
2.7
0
3.95
0
1.1
0.3
0
0.3
0.875
4.025
0.025
1
0.925
4.975
1.55
4.95
0
0
1.225
0
0
0.125
0.4
0.025
0
9.025
1.65
10.7
2.65
0
0.15
11.975
2.85
4.025
0
0
1.225
1.675
0.025
0.15
0
2.125
0.2
1
9.65
10.15
0
0.15
0.375
0.6
0
9.625
1.6
0
0.45
0
0
0
7.8
1.825
0
3.55
0
0.025
0.2
0.4
0
0
2.875
0
0
0
4.375
0
0.375
6.05
3.275
0
2.2
0
9.55
2
0
0.5
3.35
3.65
2.175
0.1
6.475
7.85
0
12.375
6.025
0.225
0
0
0
8.725
0.15
0
0
5
0.675
0.45
1.975
0
14.75
4.925
1.05
0
0
4.05
3.15
0
0.05
0.25
0.225
0
0.4
0.025
9.825
4.85
0
2.475
5.1
5.075
3.1
3.025
0.25
0
1.95
0
2.1
4.3
0.5
0.65
3.975
5.825
2.075
1.2
0.275
1.75
3.9
1.125
2.125
7
0.325
0.75
0
1.15
0
1.65
0
5.95
4.3
5.425
0.4
1.975
0
1.35
5.3
0
9.3
0.65
0.1
0
1.3
5
3.925
0
9.075
3.875
0
0.6
0
0.525
0.125
0
7.525
0
0.85
7.4
0.3
0
0.5
0
0.05
1.85
1.175
0.125
2.175
0.35
0
4.2
0.4
0
7.95
0
0.125
0
4.3
2.975
0.5
6.55
0.5
0.15
5.55
0.225
0
3.275
0.025
1.275
14.525
0.05
3
1.45
0.075
0.15
4.05
0
2.35
0.325
0.425
0.05
10.45
9.1
5.7
3.15
0.175
0
5.85
9.175
0
0
0.025
0
0
3.3
0.825
0
5.9
0
0.425
0
0
0.7
7.975
2.8
0
2.825
0.25
0.675
0
0
1.075
0
0
0.025
0.775
1.3
4.85
0
1.15
0.375
0.05
10.5
4.475
0.75
5.375
0.125
3.625
3.025
0
11.175
13.7
0
0
0
0
0.025
1.175
6.775
2.85
1.875
11.1
0.7
3.05
4.475
4.4
0.025
0.95
2.3
0.025
0.025
6.725
0
0.075
0
1.95
0.6
2.3
0
1.9
0
3.55
2.3
3.4
2.95
0.075
0
3.825
1.025
0.85
2.025
3.75
0
0
8.4
0.125
8.075
0
2.75
0.225
0
0.35
0
6.025
10.6
0
0
2.3
9.525
0.275
4.825
3.8
4.775
8.8
3.075
0.075
10.825
1.075
0
0.025
10.375
8.05
0.325
6.475
10.825
1.35
0
5.5
0.425
1.7
2.25
0
0
8.05
0.85
4.575
0
0
1.8
5.475
0
4.2
6.2
0.675
0.025
0.325
0.475
0
9.15
0.525
5.725
1.65
4.15
0
5.3
0
0
12.4
0.8
3.175
3.3
3.525
7.15
0
3.75
0
6.425
1.5
0.025
0
0.025
2.275
0.275
5.2
0.325
0
1.5
0
10.9
0.625
0.025
0
0.275
9.7
10.85
0.15
0.825
0
4.2
3.825
0.425
0
0.85
1.9
0.475
0
0
9.95
13.95
0
0
0.15
4.8
4.825
13.35
0.9
0
3.6
0.025
0
0.05
7.65
0
0.1
1.525
16.175
0
0.025
0
4.15
0
3.775
0
6.1
2.65
0.575
13.525
0.075
9
1.825
0.025
0
0.025
0
0.025
2.35
5.85
0
2.675
0
1.975
0
0.125
0
3.45
0
0.45
2.175
0.575
0.95
0.475
0.725
5.15
0.075
1.65
4.625
0.05
0
2.575
7.775
11.575
0
0.175
0
0
8.85
0.1
0.25
0
0
0
0.875
0
7.55
4.75
2.4
2.9
6.675
2.925
8.225
0
4.95
9.35
7.5
0
9.725
8.625
0
0.075
0
0
0
1.4
0.075
0.75
0
0
0
4.125
0.65
0
21.575
8.475
9.175
0
0.425
0
0.95
7.825
1.025
5.975
0
7.85
10.975
3.975
0.15
0
1.875
0
0.075
8.4
0.025
0.65
0
0
1
0
0.425
6
0
8
1.45
4.3
5.575
0.05
1.95
0
0
0.85
0.65
0
1.3
0.15
0.025
3.05
6.325
0
0.775
0
1.325
0
0
0
8.475
1.425
0
0.25
3
3.85
0
0.125
0
7.05
0
9.525
12.775
1.5
0
15.25
0.975
8.35
0
0.075
1.425
3.2
2.075
0
0
4.225
0
10.8
0.15
4.725
0
7.775
0.1
0
2.9
14.075
1.475
2.85
0
0
5.475
0.4
0
3.625
3.125
0
0.025
0.575
0
0
1.425
4.475
5.825
0.025
0
0.95
1.875
2.05
5.5
2.875
0.2
0
4.55
4.9
0.075
1.075
0
0.075
0
3.575
0.1
1.1
4.875
5.05
0.025
0
1.325
0.225
0.475
0
0.6
2
0.825
1.8
0.1
0.875
0
6.975
3.3
1.5
4.65
0.05
2.725
12.125
0
0
5.35
0.475
7.35
3.775
7.775
3.65
2.3
0
0.025
0
9.025
0.5
4.675
0
2.3
1.1
12
0
9
0
6.125
0
2.525
0.1
0.55
2.55
0.225
11.5
0
0
0
1.975
0
0.2
1.6
3.675
1.075
4.625
0
0
0.425
2.6
2.15
0
0.7
4.425
0.375
0
1.125
0.4
0
7.6
1.225
0
0.225
0.825
0.075
0
8.95
0
0
0
9.2
3.45
0.325
0
0
0
0
0
2.625
1.4
0.225
1.75
6.325
0.05
7.375
0
2.7
8.475
11.025
0
5.125
0.225
5.7
0.4
9.025
13.425
0
9.225
12.7
0.025
8.225
9.2
5.25
8.875
0
0.775
0
1.95
0
5.4
0
0.7
5.8
3.15
1.675
0
0.2
0.05
6.975
1.375
