0.3
0.825
0.575
0.225
0.45
0
0.05
0.9
0.825
0.8
0.475
0.125
0.025
0.475
0.325
0.65
0.575
0.05
0.1
0.05
0.775
0.15
0.575
1.15
0.475
1
0.3
0
0
0.6
0.025
0.35
0.4
0.475
0.4
0.8
0.425
0.75
0.6
1.1
0.275
0.925
0
0.75
0.8
0.225
0.45
0.025
0.725
1.15
0.075
0.475
0.375
0.475
0.65
0.05
0.775
0.35
0.275
0.05
0.325
0.25
0
0.875
1.475
0.3
0.175
0.775
0.2
0.725
0.75
0.05
1.1
0.3
0
0.675
0.225
0.775
0.2
0.525
0.35
0.6
1.175
0.4
0.4
0.05
0.575
0.225
0.35
0.525
0.275
0.525
0.025
0.7
1.1
0.4
1.15
0.175
0.45
0.475
0.025
1.45
1.1
1.35
0.3
0.6
1.125
1
0.25
0.4
0
0.55
0.6
0.95
1
1.375
0.15
0.625
0.6
0.55
0.25
0.4
0.725
0.625
0
1
0.925
0.1
0.525
0.55
0.525
0.925
1.275
1.325
0.175
0.125
1.575
0.95
0
0
0.1
0.825
0.3
0.175
0.175
0.025
1
0.25
1.3
1.125
0.3
0.025
1
0.225
0.55
0.95
1.325
0.7
0.325
0.15
0.1
1.05
1.15
0.325
0.15
0.25
0.125
0.075
0.25
0.725
0.625
0.025
1.05
0.6
0.425
0.925
0.9
0.3
0.525
0.05
1.225
0.625
0.525
0.525
0.25
0.95
0.825
1.15
0.55
0.825
0.1
0.525
0.525
0.625
0.025
0.775
0.35
0.425
0.1
0.05
0.625
0.9
0.975
0.825
1.025
0.525
1.1
0.45
0.825
0.575
0.675
0.825
0.025
0.225
0.525
0.7
0
0.85
0.15
0.3
0.35
0.85
0.775
0.9
0.65
0.375
0.025
0.55
1.2
0.65
0.25
0.425
1.025
1.2
0.575
0.7
0.925
0.125
0.725
0.1
0.05
0
0.375
0.7
0.725
0.3
0.65
1.2
0.35
0.825
0.7
0.675
0.15
0.975
0.35
0.05
0.725
0.175
0.425
0.625
0.175
0.625
1.275
0.5
1.075
0.475
1.6
0.125
0
0.025
0.7
0.1
1.125
1.1
0.05
0.475
0.325
0.4
1.125
0.825
0.8
0
0.475
0.4
0.325
0.625
0
1.35
0.35
0.35
0.55
0.425
1.5
0.675
0.525
0.3
0.025
0.125
0.875
0.775
0.25
0.75
0.075
0.025
0.025
0.05
0.125
1.075
1.075
0.575
0.075
0.25
0.2
1.275
1.125
1
0
0.6
0.175
1.025
0.075
0.325
0
1.3
0.025
0.6
0.175
0.725
0.35
1.2
1.275
0
0.2
0.625
0.525
0.525
0.575
0.8
0.825
0.225
0.425
0.775
0.725
0.35
0.225
0
0.85
1.1
0.1
0.75
0.225
0.35
0.05
0.1
0.35
0.5
0.025
0.025
0.525
0.475
0.725
0
0.1
1.025
0.3
0.875
0
0.95
0.025
0.45
0.125
0.7
1.375
0.925
0.15
0.05
0.175
0.525
0.325
0
0.325
0.825
0.225
1.525
0.125
0.675
0
0.5
0.425
0.625
0.8
0.525
0
0.325
0.05
0.475
0.025
0.775
0.6
0.125
0.125
0.25
0.025
0.425
1.025
0.3
1.025
0
1.025
0.525
0.3
0.8
0.45
0.4
0.325
0.4
0.75
0.475
0.325
0.325
0.025
0.6
0.4
1.1
0.65
0.5
0.125
1.1
0.5
0.075
0.1
1.675
0.375
0.55
0.425
0.575
1.1
0.35
0.15
0.075
0.9
0.4
0.725
0.25
0.6
0.525
1.1
0.75
1.025
0.825
1.125
0.25
0
1.025
0.825
0.325
0.425
0.8
0.9
0.7
0.7
0.725
0.55
0.925
0.775
0.675
0.275
0.25
0.8
0.25
0.175
1.075
0.9
0.375
0.15
0.275
0.85
1.15
0.125
0.325
1.35
0.15
0
0.5
0.325
0.35
0.65
0
0.05
0.15
0
0.425
0.375
0.425
0.75
0.825
0.9
0.325
0.55
1.2
0.05
1.25
0.3
0.125
1.525
0
0.1
0.3
0.75
0.925
1.05
0.275
0.9
0
0
0.9
0.3
0.8
0.6
0.025
0.65
0.75
0.025
0.425
0.7
0.1
1.3
0.6
0.275
0.7
0.275
0.75
0.3
0.95
1.05
0.05
0.7
0.3
0.2
0.45
0.2
0.775
0.15
0.1
0.275
1.125
0.075
0.175
0
0.35
0.325
0
0.5
1.025
0.9
0.65
0.5
0
0.15
0.45
0.675
0.85
0.8
1.025
0.775
0.55
0.6
0.425
0.9
1.075
0.275
0.275
0.45
0.7
0.775
0.1
0.925
0.05
0.45
0.025
0.375
0.425
0.175
0.675
0.275
0.9
1
1.125
0.075
0.225
0.25
0.3
0.325
0.45
0.825
1.025
0
0.725
0.65
0.325
0
0.625
0.4
0.6
0.325
0.8
0.15
0.725
0.475
0.575
0.525
0.6
0.075
0.1
0.1
0.125
0.55
0.55
1.175
0.75
0
0.425
0.45
0.15
0.125
0.275
0.625
0.325
0.9
0.65
0.8
0.175
1.25
0.225
0.625
0.2
0.9
0.125
0.475
0
0.8
0.925
0
0.5
0.025
0.325
0
0.575
0.75
0.925
0.025
1.4
0.7
0.6
0
1.15
0.075
0.6
0.025
0.175
0.25
0.85
0.875
0.475
0.6
0.25
0.675
0.675
0.825
0.8
0.625
0.6
0.6
0.375
0.125
1.15
0.6
0.6
1.275
0.5
1.15
0
0.45
0.55
0.775
0.725
0.075
0.175
0.975
0.95
1.675
0.075
0.9
0.125
0.075
0
0.85
0.75
0.4
0.2
0.825
0.4
0.375
0.925
1.05
0.9
0
0.275
0.825
0.6
0.25
0.55
0.075
0.075
0.35
0.925
0.275
0.225
0.175
1.125
0.95
0.075
0.05
0.25
1.275
0.35
0.625
0.05
0.675
0.025
1.075
0.575
0.25
0.9
0.4
0.65
0.275
0.8
0.675
0.45
0.45
1.375
1.025
0.525
0.075
0.225
1.325
0.575
0.3
0.1
0
0.775
0.975
0.275
0.075
1.175
0
0.275
0.1
0.4
0.95
0.825
0.375
0.4
0
0.375
0.075
0.2
0.175
0.925
0.05
0.35
0.1
0.525
1.025
0.025
0.075
0
0
1.025
0.725
0.2
0.325
0.15
1.075
0.3
0.475
0.65
0
0.275
0.475
0.75
0.8
0.45
0.225
0.125
0.1
0.5
0.275
0.2
0.075
0.025
0.175
0.25
0.175
0.025
0.65
0.7
0.45
0
0.125
0.35
0.3
0.975
0
0.925
0.3
1.075
0.625
0.125
0.35
0.775
0.35
0.85
0.475
1
1.275
0.15
0.875
0.85
0.475
0.475
0.675
0.45
0.525
0.225
0
0.45
0.35
0.4
0.625
0.375
0.65
0.7
1.425
0.175
0.325
0.15
0.9
0
0.35
0.3
0.025
0.175
0
0
0.725
0.275
0.075
0.325
0.725
0.3
0.725
0.45
0.475
1.4
0.825
0.05
0.225
0.35
0.95
0.225
0.05
0.225
0.95
0.2
0.525
0.5
0.95
0.3
0.175
0.475
0.5
0
0.55
0.225
0
0.725
0.825
0.625
0.8
0.75
0.7
0.475
0.075
0.5
0.825
0.525
0.625
0.725
0.6
0.85
0
0
0
0
1.225
0.025
0.175
0.475
0.65
0.175
0.925
0.775
0.475
0.475
0.775
0
0
0
0.6
0.075
0.625
0.65
0.25
0.3
0.1
0
0.75
0.225
0.125
0.85
0.375
0.65
0.45
0.3
0.05
0.825
0.2
0.575
0.2
0.4
0.725
1.5
0
0.3
1.1
0.225
0
0.85
0.025
0.45
0.85
0.05
0.6
0.625
0.025
0.45
0.275
0.2
0.925
0.375
0.025
0.9
0
0.85
0.775
0.875
1.25
0.8
0
0.85
0.25
0
0.675
0.45
0.2
0.8
0.375
0.275
0.1
0.025
0.45
0.75
0.45
0.7
0.875
0.925
0.55
0.15
0.3
0
0.55
0.65
0.475
0.125
0.8
1.175
0.7
1.025
0.125
0.55
0.125
0.075
0.975
0.475
0
0.425
0.05
0
0.55
0.55
0.625
0
1.5
0.575
0.475
0.775
0.325
0.125
0
0
0.375
1.125
1.325
0.2
1.4
0.025
0.65
0.85
0.3
1.675
0.025
0.75
0.225
0.775
0.125
0.325
0.025
0.55
0.6
0.025
1.75
0.55
0.525
1.15
0.4
0.075
0.5
0.225
0.8
0.475
0.025
0.475
0.175
0.75
0.15
0.35
0.375
0.3
0.65
0
1.25
0.45
0.925
0.175
0.525
0.2
0.65
0
0.075
0.45
0.225
0.075
0.975
0.075
0.5
0.925
0.375
0.05
0.525
0
0.425
0.275
0.55
0.725
0.275
0.65
0.425
0.7
0
0.15
0.225
1.125
1.3
0.925
0.3
0.4
0.2
0
0.6
1.4
0
0.85
0.65
0.8
0.05
0.575
0.075
0.8
0.825
0.5
0
1.275
0.975
0.675
0.8
0.475
0.225
0.8
0.425
0.1
0.55
0.375
0.25
0.4
0
0.625
0
0.625
0.5
0.025
1.1
0.35
0.25
0.1
0.375
0.95
0.45
0
0.95
0.1
0.55
0.7
0.725
0.15
0.525
0.65
0
0.45
0.675
0.35
0.025
0
1.075
0.3
0.425
0.45
0.05
0.525
0.575
0.525
0.875
0.775
0.5
0.425
0.4
0.5
0.175
0.625
0.175
0.275
0.55
0.275
0.025
0.425
0.875
0.325
0.425
0.925
0.3
1.125
0.275
0.55
0.275
0.075
0.025
1.35
0.65
0.825
0.075
1.025
0.8
0.025
0.075
0.25
0.9
0.15
0
0.7
0.125
0.5
0.45
0.525
0.2
1.25
0.125
0.775
0.7
0.05
0
0
0.175
0.2
0.425
0.425
0.7
0.55
0.975
0.3
0.425
0.275
0.075
0.375
0.2
0.925
0.25
0.25
0.65
1.075
0.6
0.55
0
0
0.55
0.475
0.05
0.2
0.175
0.55
0
0.85
0.675
1.125
0.7
0.125
0.05
1.275
0.525
0.6
0
0.375
0.5
0.225
0.275
0.05
0.05
0.875
0
0.325
1.05
0.525
0.05
0.05
0.425
0.75
0.4
1.15
0.125
0.475
0.4
0.65
0
0.375
0.525
0.275
0
0.35
0.05
0.325
0.325
0.3
0.025
0.075
0.675
0.1
0.25
0
0.35
0.125
0
0.825
0.65
0.35
0.95
0.575
0.575
0.675
0.1
0.475
1
0.225
0.65
0.475
0.95
1.375
0.175
0.675
0.65
0.2
0
0.7
0.3
0.95
0.2
0.025
0.225
1.05
0.1
0.4
0.475
0.2
1.2
0.85
0.425
0
0.025
0.825
0.1
0.025
0.25
0.525
0.35
0.125
0.725
0.025
0.675
1.05
0
0.525
0.6
0.575
0.975
0.375
0.15
0.05
0.525
0.3
0.125
0.85
0.575
0.175
0.875
0.175
0.725
0.975
0.15
0.575
0.875
0.225
0.825
1.025
0.05
0.825
0.125
0.1
0.05
0.55
0.15
0.4
0.425
0.725
0.225
0.375
0.1
0.45
0.7
0
0.975
0.675
0.55
0.275
0.425
1.05
0.725
0.45
0.65
0.55
0.125
0.35
0.1
0.025
0.925
0.3
0.075
0.025
0.5
0.3
0.05
0
0.625
0
0.3
0.275
0.25
0.3
0.95
0.025
0.25
0.7
0.225
0.025
0.825
0.025
0.325
0.25
0.225
0.25
0.7
1.175
0.4
0.075
0.8
0.775
0.1
0.225
0.225
0.025
0.8
0.275
0.65
0.2
0.125
0.275
0.85
0
0.225
0.2
0.225
0.25
1.025
1.175
1.075
1.35
0.325
0.225
1.15
1.2
0.05
0.025
0.375
0.3
0.35
0.975
0.55
0.45
0.45
0.2
0.425
0
0.15
0.5
0.825
0.25
0.3
0.7
0.325
0
0
0.15
0.425
0.725
0
0.375
0.525
0.225
0.6
0.275
0.275
0.4
0.475
0.75
1.125
0.05
0.825
0.35
0.675
0.6
0.125
1.075
0.925
0.35
0.125
0
0
0.175
0.375
1.05
0.5
0.95
1.025
0.325
0.55
1.125
0.675
0.25
0.025
0.225
0.225
0.275
1.15
0.025
0.45
0.2
0.625
0.475
0.475
0.05
0.35
0.075
0.2
0.175
1.225
0.6
0.475
0.025
0.625
1.025
0.4
0.2
0.425
0.225
0.05
0.725
0.3
0.975
0.425
0.6
0.925
0.575
0.975
0
0.675
1.075
0
0.025
0.2
1
0.25
0.95
0.925
1.175
0.675
0.7
0.775
1.125
0.9
0.025
0.225
1.125
0.75
0.2
0.6
1
0.575
0.025
0.575
0.375
0.25
0.45
0
0.175
0.525
0.55
0.65
0.35
0.15
0.375
0.8
0
0.725
0.4
0.475
0.275
0.575
0.55
0.075
0.675
0.15
0.75
0.65
0.65
0.3
0.45
0
0.1
0.775
0.325
0.075
0.175
0.3
0.975
0.2
0.625
0
1.15
0.825
0.425
0.225
0.3
0.6
0.7
0.825
0.25
0.325
0.925
0
1.525
0.825
0
0.5
0.2
1.275
1.1
0.2
0.575
0.05
0.475
0.6
0.325
0.575
0.675
0.85
0.275
0.425
0.475
0.85
1.075
0.15
0.125
0.1
0.525
0.8
1.325
0.175
0.025
0.6
0.225
0.15
0.25
0.8
0.05
0.325
0.575
1.55
0
0.325
0.375
0.65
0.175
0.55
0.2
0.875
0.4
0.675
1.15
0.525
1.05
0.625
0.075
0.05
0.775
0.025
0.175
0
0.325
0
0.475
0.05
0.775
0.05
0.075
0.025
0.85
0.075
0.275
0.875
0.4
0.6
0.5
0.25
0.55
0.1
0.475
0.875
0.025
0.325
0.925
1.15
1.175
0.275
0.75
0
0.4
0.825
0.15
0.2
0.425
0.1
0.35
0.375
0.25
0.6
0.7
0.45
0.8
0.7
0.375
0.975
0.2
0.55
0.55
0.7
0.375
0.9
0.5
0.45
0.15
0.05
0.075
0.075
0.875
0.125
0.05
0
0.225
0
1.125
0.2
0.175
1.175
0.8
0.3
0.1
0.525
0.15
0.975
1.05
0.625
1
0.05
0.45
0.8
0.9
0.125
0.2
0.475
0
0.225
0.95
0.05
0.45
0.125
0.3
0.775
0
0.6
0.625
0
1.175
0.425
0.525
0.575
0.425
0.325
0.125
0
0
0.2
0.175
0.525
0.525
0.125
0.75
0.825
0.025
0.525
0
0.625
0
0.35
0
0.425
0.65
0.15
0.1
1.05
0.75
0.25
0.35
0.025
0.7
0.05
1
1.15
0.425
0.475
1.3
0.25
1
0.425
0.225
0.625
0.425
0.75
0.1
0.025
0.95
0.025
0.825
0.025
0.875
0.15
1
0.55
0.275
0.7
1.125
0.45
0.775
0.3
0.3
0.65
0.075
0.025
0.7
0.85
0
0
0.375
0.325
0.025
0.1
1.125
0.775
0.225
0.075
0.75
0.425
0.25
0.9
0.95
0.525
0
0.575
0.55
0.125
0.8
0.2
0.4
0
0.4
0.475
0.75
0.675
0.6
0.025
0.225
1.1
0.3
0.425
0.125
0.675
0.2
0.45
0.5
0.675
0.375
0
0.5
0.325
0.75
0.525
0.525
0.675
1.5
0.175
0.15
0.45
0.5
0.75
0.75
0.725
0.55
0.425
0
0.725
0
0.825
0.575
0.85
0.2
0.05
0.6
1.175
0.225
1.3
0.15
0.975
0.175
1
0.45
0.325
0.5
0.25
1.075
0
0.05
0.05
0.625
0.025
0.5
0.55
0.325
0.6
1.075
0
0.3
0.55
0.475
0.475
0.575
0.425
1.05
0.525
0.125
0.225
0.175
0.425
0.6
0.2
0.2
0.275
0.4
0.075
0
0.775
0.075
0.05
0
0.9
0.4
0.725
0
0
0.05
0.175
0.25
0.525
0.475
0.725
0.4
0.725
0.425
0.725
0.125
0.4
0.925
1.225
0.125
0.9
0.075
1.075
0.35
0.575
1.125
0
0.55
1.1
0.925
0.725
1.2
0.875
1.075
0.225
0.225
0.1
0.2
0.025
0.725
0.025
0.425
1.1
0.4
0.5
0.225
0.15
0.125
0.775
0.45
