7.9057
7.74758
8.06381
7.74758
7.58947
9.01249
8.69626
7.74758
8.06381
9.01249
9.1706
7.11513
5.6921
4.90153
3.32039
5.53399
5.37587
6.95701
5.05965
7.43135
8.85438
9.01249
5.53399
6.95701
8.85438
9.32872
9.01249
4.90153
7.9057
7.27324
6.16644
6.64078
6.16644
7.58947
10.1193
10.4355
7.9057
7.9057
10.2774
9.96117
10.5936
9.80306
9.1706
9.48683
7.58947
9.17061
6.7989
4.74342
5.37587
7.74758
6.32456
6.64078
7.74758
7.74758
8.22192
7.43135
5.37587
6.7989
8.53815
6.64078
8.06381
6.00833
6.48267
3.95285
6.48267
8.38004
6.32456
7.27324
6.00833
6.32456
8.06381
8.22192
7.90569
9.64495
6.00833
4.74342
8.38004
9.80306
9.48683
6.16644
