5.53399
6.7989
8.38004
7.27324
7.43135
9.64495
9.32872
10.7517
10.1193
9.01249
11.7004
9.64495
9.48683
11.5423
11.8585
9.96118
9.32872
9.48683
8.06381
10.5936
9.96117
9.17061
8.22192
11.2261
10.9099
11.2261
15.4952
15.4952
11.068
10.1193
10.7517
12.1748
10.9099
9.17061
9.32872
7.27324
8.53815
7.90569
9.64495
9.48683
10.4355
9.32872
8.53815
12.491
8.38004
7.58947
7.74758
6.16644
6.00833
6.95701
8.85438
10.4355
9.32872
10.1193
7.43135
8.06381
9.96117
8.38004
7.58947
7.11513
8.53815
9.80306
10.9099
11.7004
9.80306
8.06381
9.48683
9.64495
9.48683
10.1193
8.22192
8.85438
7.43135
7.9057
10.4355
11.5423
9.1706
6.95701
6.16644
9.1706
