9.64495
11.2261
10.1193
12.8072
11.3842
10.2774
14.0721
10.5936
13.4397
10.9099
9.01249
9.96117
10.9099
12.0167
12.0167
12.3329
12.9653
12.0167
12.3329
9.48683
7.58947
4.74342
5.53399
7.27324
7.58947
9.48683
9.01249
10.1193
10.4355
10.5936
10.1193
8.53815
6.48267
9.17061
13.7559
13.4397
13.7559
13.2816
12.1748
12.491
12.6491
15.337
14.2302
12.1748
13.5978
9.1706
8.22192
7.58947
8.53815
4.74342
7.27324
5.53399
7.74758
8.22192
10.7517
10.1193
14.8627
12.0167
8.53815
8.38004
8.53815
8.22192
9.96117
6.7989
8.38004
9.96117
9.80306
7.11513
9.01249
11.3842
8.69626
9.96117
8.06381
12.1748
10.2774
12.3329
10.2774
10.7517
10.1193
10.9099
