3.47851
2.68794
3.32039
3.00416
3.79473
3.16228
2.84605
3.00416
2.68794
2.21359
2.68794
2.52982
3.47851
3.32039
3.63662
4.90153
2.84605
2.84605
2.52982
2.52982
4.11096
3.32039
3.16228
2.21359
2.84605
3.16228
3.16228
2.05548
2.21359
2.37171
3.16228
3.47851
2.84605
3.00416
3.00416
2.52982
3.79473
3.47851
3.16228
3.32039
3.79473
3.00416
3.32039
1.58114
3.16228
2.68794
3.95285
2.37171
3.00416
3.47851
2.37171
2.84605
3.63662
3.16228
3.47851
3.32039
3.00416
3.95285
3.63662
3.00416
3.95285
2.52982
3.63662
2.52982
3.00416
3.47851
3.00416
3.79473
3.47851
2.37171
2.21359
2.52982
3.00416
3.47851
1.89737
3.47851
2.84605
3.32039
2.68794
4.11096
