4.42719
5.53399
5.85021
3.95285
3.47851
5.6921
4.5853
3.63662
2.37171
1.73925
3.79473
2.68794
3.63662
4.11096
3.47851
5.21776
3.95285
2.84605
4.90153
4.90153
4.5853
4.42719
6.16644
5.6921
4.11096
4.74342
5.37587
4.11096
3.47851
5.37587
4.5853
4.42719
4.11096
4.5853
4.42719
4.74342
3.63662
3.79473
5.05964
3.95285
3.95285
4.90153
4.11096
4.26908
3.95285
5.37587
5.53399
3.63662
4.42719
3.79473
3.95285
4.11096
3.16228
4.11096
3.79473
6.16644
5.21776
5.21776
4.26908
4.42719
3.95285
4.11096
4.74342
5.05964
4.5853
5.6921
3.95285
5.53399
5.21776
6.48267
5.21776
5.37587
4.74342
3.79473
5.21776
4.26907
4.5853
4.42719
5.21776
4.5853
