1.1068
1.26491
1.42302
0.948683
1.26491
0.948683
0.948683
1.26491
1.42302
1.26491
2.21359
1.89737
1.26491
1.42302
0.790569
1.26491
1.58114
1.1068
1.42302
0.790569
1.42302
1.1068
1.89737
1.26491
1.89737
1.89737
1.26491
1.73925
1.26491
0.474342
1.26491
1.1068
1.58114
1.58114
0.790569
2.21359
1.58114
1.73925
1.58114
1.1068
0.316228
1.58114
0.790569
1.26491
0.790569
1.89737
0.948683
0.790569
0.790569
1.1068
0.948683
2.21359
1.42302
1.1068
1.26491
0.790569
1.1068
1.73925
1.1068
1.58114
1.89737
1.26491
1.73925
1.26491
1.26491
1.26491
0.632456
0.948683
1.1068
1.26491
1.89737
1.1068
1.26491
1.42302
0.790569
1.1068
1.58114
2.21359
0.948683
1.73925
