-4.83828
-5.6921
-5.97671
-5.4075
-4.26907
-5.6921
-4.55368
-6.54592
-4.83828
-5.40749
-5.12289
-4.55368
-5.97671
-4.26907
-5.4075
-3.41526
-4.55368
-5.4075
-4.55368
-4.55368
-4.83828
-3.98447
-5.40749
-6.26131
-3.13065
-7.39973
-5.6921
-3.69987
-5.6921
-6.26131
-6.26131
-2.56144
-4.83828
-4.83828
-5.97671
-7.39973
-6.83052
-5.4075
-4.55368
-6.83052
-7.39973
-4.83828
-5.97671
-4.83828
-2.56144
-4.83828
-5.97671
-3.69986
-4.26907
-5.12289
-5.12289
-5.6921
-5.6921
-3.41526
-5.9767
-5.6921
-4.83828
-5.4075
-5.97671
-5.6921
-5.6921
-4.55368
-5.4075
-4.55368
-4.55368
-5.6921
-4.26907
-5.4075
-5.97671
-5.97671
-6.26131
-4.26907
-3.98447
-7.96894
-5.40749
-5.6921
-4.83828
-6.26131
-4.83828
-5.6921
