-10.5304
-12.5226
-12.238
-11.0996
-13.3764
-9.96117
-7.11513
-9.39196
-9.96117
-11.0996
-8.82275
-10.5304
-10.815
-14.2303
-12.5226
-12.8072
-12.8072
-13.0918
-12.5226
-15.9379
-12.8072
-11.6688
-13.0918
-11.9534
-14.7995
-14.5149
-14.2303
-13.0918
-9.39196
-14.5149
-10.5304
-13.9456
-12.5226
-9.10736
-12.238
-11.3842
-9.39196
-15.3687
-12.5226
-11.3842
-12.8072
-8.53815
-11.9534
-9.96117
-10.5304
-9.96117
-11.3842
-13.0918
-12.238
-11.6688
-7.96894
-8.25354
-11.6688
-9.96117
-8.82275
-9.10736
-12.238
-10.2458
-10.5304
-10.2458
-10.5304
-9.67657
-10.815
-9.96117
-12.5226
-9.96117
-10.5304
-9.67657
-9.10736
-9.39196
-11.6688
-15.3687
-13.0918
-13.9456
-11.3842
-8.53815
-11.6688
-11.9534
-12.5226
-12.5226
