-8.53815
-5.97671
-3.98447
-5.4075
-4.26907
-4.55368
-4.55368
-3.69987
-4.26907
-4.26907
-3.98447
-3.98447
-1.99223
-5.6921
-2.56144
-3.69987
-3.41526
-3.13066
-2.56144
-5.12289
-1.99223
-3.69986
-3.41526
-1.70763
-3.98447
-1.42302
-4.55368
-1.99223
-2.27684
-3.69987
-1.70763
-2.56144
-4.55368
-2.27684
-2.27684
-1.99223
-3.69986
-3.41526
-1.42302
-2.56144
-3.41526
-3.13065
-2.27684
-1.42302
-1.99223
-3.69986
-2.56144
-2.56144
-2.84605
-2.84605
-1.70763
-3.13066
-1.70763
-2.84605
-2.27684
-2.56144
-3.13065
-1.70763
-2.56144
-2.56144
-1.99223
-2.84605
-2.56144
-1.70763
-2.84605
-2.27684
-2.27684
-2.56144
-1.70763
-3.13065
-2.27684
-2.56144
-3.13066
-1.99223
-2.56144
-1.13842
-3.41526
-1.42302
-4.26907
-1.13842
