-21.63
-22.7684
-16.2225
-18.2147
-19.9223
-20.207
-20.7762
-18.2147
-18.7839
-22.1992
-23.9068
-25.8991
-21.9146
-20.7762
-21.9146
-20.207
-21.9146
-20.7762
-17.9301
-14.7995
-15.3687
-21.0608
-19.3531
-21.3454
-19.3531
-20.4916
-21.3454
-22.7684
-22.1992
-18.2147
-27.0375
-23.053
-22.1992
-23.053
-19.6377
-20.207
-21.63
-19.9223
-19.0685
-19.0685
-18.4993
-24.7606
-22.7684
-22.1992
-19.6377
-16.2225
-21.63
-15.6533
-13.9456
-16.2225
-18.4993
-15.0841
-15.3687
-15.9379
-24.1914
-23.053
-21.63
-24.476
-25.3298
-24.476
-22.4838
-19.3531
-21.3454
-21.63
-19.0685
-21.3454
-20.7762
-17.9301
-16.5071
-15.6533
-15.3687
-16.2225
-16.2225
-13.9456
-14.5149
-15.9379
-14.5149
-15.0841
-14.7995
-14.5149
