-7.96894
-8.53815
-6.54592
-10.2458
-7.96894
-7.39973
-9.67657
-7.11513
-5.97671
-5.4075
-7.96894
-6.83052
-8.25354
-9.39196
-7.39973
-6.83052
-8.53815
-9.39196
-9.10736
-7.96894
-9.96117
-7.96894
-9.96117
-7.11513
-4.83828
-10.5304
-7.96894
-9.10736
-8.53815
-10.5304
-8.25354
-10.2458
-8.82275
-7.11512
-9.10736
-7.11513
-7.39973
-7.96894
-5.4075
-7.68433
-7.96894
-8.82275
-9.67657
-8.53815
-12.238
-9.10736
-10.815
-8.53815
-6.54592
-8.53815
-8.25354
-5.97671
-9.67657
-7.68434
-8.82275
-10.2458
-9.96117
-6.26131
-7.96894
-7.96894
-9.96117
-8.82275
-8.53815
-7.39973
-10.815
-8.82275
-10.2458
-10.5304
-9.96117
-8.53815
-7.96894
-8.25354
-7.11513
-7.68434
-7.39973
-9.10736
-8.82275
-9.67657
-8.25354
-10.5304
