-1.70763
-4.55368
-2.84605
-3.13065
-3.98447
-2.84605
-3.41526
-3.13065
-4.26907
-3.69987
-5.12289
-3.98447
-2.84605
-4.83828
-4.26907
-1.99223
-3.98447
-3.13066
-3.98447
-3.13065
-2.56144
-2.27684
-1.42302
-3.41526
-2.84605
-3.41526
-3.41526
-4.55368
-4.83828
-1.70763
-3.41526
-2.84605
-4.26907
-3.98447
-2.84605
-3.98447
-3.69987
-3.41526
-3.98447
-2.84605
-3.98447
-4.55368
-2.56144
-2.84605
-3.69986
-3.13065
-2.84605
-3.69986
-3.13066
-3.98447
-2.84605
-3.98447
-4.26907
-3.69987
-3.69986
-3.13065
-3.98447
-4.55368
-1.99223
-3.69986
-3.98447
-1.99223
-4.83828
-4.26907
-3.69986
-2.56144
-3.41526
-4.26907
-3.41526
-2.56144
-2.27684
-3.41526
-3.41526
-3.69986
-3.69986
-2.27684
-3.69986
-3.13065
-2.84605
-3.41526
