1
1
1
1
1
1
1
1
1
1
1
1
1
1
1
1
1
1
1
1
1
1
1
1
1
1
1
1
1
1
1
1
1
1
1
1
1
1
1
1
1
1
1
1
1
1
1
1
1
1
1
1
1
1
1
1
1
1
1
1
1
1
1
1
1
1
1
1
1
1
1
1
1
1
1
1
1
1
1
1
1
1
1
1
1
1
1
1
1
1
1
1
1
1
1
1
1
1
1
1
1
1
1
1
1
1
1
1
1
1
1
1
1
1
1
1
1
1
1
1
1
1
1
1
1
1
1
1
1
1
1
1
1
1
1
1
1
1
1
1
1
1
1
1
1
1
1
1
1
1
1
1
1
1
1
1
1
1
1
1
1
1
1
1
1
1
1
1
1
1
1
1
1
1
1
1
1
1
1
1
1
1
1
1
1
1
1
1
1
1
1
1
1
1
1
1
1
1
1
1
1
1
1
1
1
1
1
1
1
1
1
1
1
1
1
1
1
1
1
1
1
1
1
1
1
1
1
1
1
1
1
1
1
1
1
1
1
1
1
1
1
1
1
1
1
1
1
1
1
1
1
1
1
1
1
1
1
1
1
1
1
1
1
1
1
1
1
1
1
1
1
1
1
1
1
1
1
1
1
1
1
1
1
1
1
1
1
1
1
1
1
1
1
1
1
1
1
1
1
1
1
1
1
1
1
1
1
1
1
1
1
1
1
1
1
1
1
1
1
1
1
1
1
1
1
1
1
1
1
1
1
1
1
1
1
1
1
1
1
1
1
1
1
1
1
1
1
1
1
1
1
1
1
1
1
1
1
1
1
1
1
1
1
1
1
1
1
1
1
1
1
1
1
1
1
1
1
1
1
1
1
1
1
1
1
1
1
1
1
1
1
1
1
1
1
1
1
1
1.3
1.2997
1.2994
1.2991
1.2988
1.2985
1.29821
1.29791
1.29761
1.29731
1.29701
1.29672
1.29642
1.29613
1.29583
1.29553
1.29524
1.29494
1.29465
1.29435
1.29406
1.29377
1.29347
1.29318
1.29289
1.29259
1.2923
1.29201
1.29172
1.29142
1.29113
1.29084
1.29055
1.29026
1.28997
1.28968
1.28939
1.2891
1.28881
1.28853
1.28824
1.28795
1.28766
1.28737
1.28709
1.2868
1.28651
1.28623
1.28594
1.28565
1.28537
1.28508
1.2848
1.28451
1.28423
1.28395
1.28366
1.28338
1.2831
1.28281
1.28253
1.28225
1.28197
1.28168
1.2814
1.28112
1.28084
1.28056
1.28028
1.28
1.27972
1.27944
1.27916
1.27888
1.2786
1.27832
1.27804
1.27777
1.27749
1.27721
1.27693
1.27666
1.27638
1.27611
1.27583
1.27555
1.27528
1.275
1.27473
1.27445
1.27418
1.27391
1.27363
1.27336
1.27308
1.27281
1.27254
1.27227
1.27199
1.27172
1.27145
1.27118
1.27091
1.27064
1.27037
1.2701
1.26983
1.26956
1.26929
1.26902
1.26875
1.26848
1.26821
1.26795
1.26768
1.26741
1.26714
1.26688
1.26661
1.26634
1.26608
1.26581
1.26554
1.26528
1.26501
1.26475
1.26448
1.26422
1.26396
1.26369
1.26343
1.26317
1.2629
1.26264
1.26238
1.26211
1.26185
1.26159
1.26133
1.26107
1.26081
1.26055
1.26029
1.26003
1.25977
1.25951
1.25925
1.25899
1.25873
1.25847
1.25821
1.25795
1.2577
1.25744
1.25718
1.25692
1.25667
1.25641
1.25616
1.2559
1.25564
1.25539
1.25513
1.25488
1.25462
1.25437
1.25411
1.25386
1.25361
1.25335
1.2531
1.25285
1.25259
1.25234
1.25209
1.25184
1.25159
1.25133
1.25108
1.25083
1.25058
1.25033
1.25008
1.24983
1.24958
1.24933
1.24908
1.24883
1.24858
1.24834
1.24809
1.24784
1.24759
1.24734
1.2471
1.24685
1.2466
1.24636
1.24611
1.24586
1.24562
1.24537
1.24513
1.24488
1.24464
1.24439
1.24415
1.24391
1.24366
1.24342
1.24318
1.24293
1.24269
1.24245
1.2422
1.24196
1.24172
1.24148
1.24124
1.241
1.24076
1.24051
1.24027
1.24003
1.23979
1.23955
1.23932
1.23908
1.23884
1.2386
1.23836
1.53836
1.53782
1.53728
1.53675
1.53621
1.53567
1.53514
1.5346
1.53407
1.53354
1.533
1.53247
1.53194
1.53141
1.53087
1.53034
1.52981
1.52928
1.52876
1.52823
1.5277
1.52717
1.52664
1.52612
1.52559
1.52507
1.52454
1.52402
1.52349
1.52297
1.52245
1.52193
1.5214
1.52088
1.52036
1.51984
1.51932
1.5188
1.51829
1.51777
1.51725
1.51673
1.51622
1.5157
1.51519
1.51467
1.51416
1.51364
1.51313
1.51262
1.5121
1.51159
1.51108
1.51057
1.51006
1.50955
1.50904
1.50853
1.50802
1.50751
1.50701
1.5065
1.50599
1.50549
1.50498
1.50448
1.50397
1.50347
1.50297
1.50247
1.50196
1.50146
1.50096
1.50046
1.49996
1.49946
1.49896
1.49846
1.49796
1.49747
1.49697
1.49647
1.49598
1.49548
1.49498
1.49449
1.494
1.4935
1.49301
1.49252
1.49202
1.49153
1.49104
1.49055
1.49006
1.48957
1.48908
1.48859
1.4881
1.48762
1.48713
1.48664
1.48615
1.48567
1.48518
1.4847
1.48421
1.48373
1.48325
1.48276
1.48228
1.4818
1.48132
1.48084
1.48036
1.47988
1.4794
1.47892
1.47844
1.47796
1.47748
1.477
1.47653
1.47605
1.47558
1.4751
1.47463
1.47415
1.47368
1.4732
1.47273
1.47226
1.47179
1.47132
1.47084
1.47037
1.4699
1.46943
1.46896
1.4685
1.46803
1.46756
1.46709
1.46663
1.46616
1.46569
1.46523
1.46476
1.4643
1.46383
1.46337
1.46291
1.46244
1.46198
1.46152
1.46106
1.4606
1.46014
1.45968
1.45922
1.45876
1.4583
1.45784
1.45739
1.45693
1.45647
1.45602
1.45556
1.4551
1.45465
1.4542
1.45374
1.45329
1.45283
1.45238
1.45193
1.45148
1.45103
1.45058
1.45013
1.44968
1.44923
1.44878
1.44833
1.44788
1.44743
1.44699
1.44654
1.44609
1.44565
1.4452
1.44476
1.44431
1.44387
1.44342
1.44298
1.44254
1.4421
1.44165
1.44121
1.44077
1.44033
1.43989
1.43945
1.43901
1.43857
1.43814
1.4377
1.43726
1.43682
1.43639
1.43595
1.43551
1.43508
1.43464
1.43421
1.43378
1.43334
1.43291
1.43248
1.43204
1.43161
1.43118
1.43075
1.43032
1.42989
1.42946
1.42903
1.4286
1.42817
1.42774
1.42732
1.42689
1.42646
1.42604
1.42561
1.42519
1.42476
1.42434
1.42391
1.42349
1.42307
1.42264
1.42222
1.4218
1.42138
1.42096
1.42053
1.42011
1.41969
1.41927
1.41886
1.41844
1.41802
1.4176
1.41718
1.41677
1.41635
1.41593
1.41552
1.4151
1.41469
1.41427
1.41386
1.41345
1.41303
1.41262
1.41221
1.4118
1.41138
1.41097
1.41056
1.41015
1.40974
1.40933
1.40892
1.40851
1.40811
1.4077
1.40729
1.40688
1.40648
1.40607
1.40566
1.40526
1.40485
1.40445
1.40405
1.40364
1.40324
1.40284
1.40243
1.40203
1.40163
1.40123
1.40083
1.40043
1.40003
1.39963
1.39923
1.39883
1.39843
1.39803
1.39763
1.39723
1.39684
1.39644
1.39604
1.39565
1.39525
1.39486
1.39446
1.39407
1.39368
1.39328
1.39289
1.3925
1.3921
1.39171
1.39132
1.39093
1.39054
1.39015
1.38976
1.38937
1.38898
1.38859
1.3882
1.38781
1.38743
1.38704
1.38665
1.38627
1.38588
1.38549
1.38511
1.38472
1.38434
1.38396
1.38357
1.38319
1.38281
1.38242
1.38204
1.38166
1.38128
1.3809
1.38052
1.38014
1.37976
1.37938
1.379
1.37862
1.37824
1.37786
1.37748
1.37711
1.37673
1.37635
1.37598
1.3756
1.37523
1.37485
1.37448
1.3741
1.37373
1.37335
1.37298
1.37261
1.37224
1.37186
1.37149
1.37112
1.37075
1.37038
1.37001
1.36964
1.36927
1.3689
1.36853
1.36816
1.3678
1.36743
1.36706
1.36669
1.36633
1.36596
1.3656
1.36523
1.36486
1.3645
1.36414
1.36377
1.36341
1.36305
1.36268
1.36232
1.36196
1.3616
1.36123
1.36087
1.66087
1.66021
1.65955
1.65889
1.65824
1.65758
1.65692
1.65626
1.65561
1.65495
1.6543
1.65364
1.65299
1.65234
1.65169
1.65103
1.65038
1.64973
1.64908
1.64844
1.64779
1.64714
1.64649
1.64585
1.6452
1.64456
1.64391
1.64327
1.64263
1.64198
1.64134
1.6407
1.64006
1.63942
1.63878
1.63814
1.63751
1.63687
1.63623
1.6356
1.63496
1.63433
1.63369
1.63306
1.63243
1.63179
1.63116
1.63053
1.6299
1.62927
1.62864
1.62801
1.62739
1.62676
1.62613
1.62551
1.62488
1.62426
1.62363
1.62301
1.62239
1.62177
1.62114
1.62052
1.6199
1.61928
1.61866
1.61805
1.61743
1.61681
1.61619
1.61558
1.61496
1.61435
1.61373
1.61312
1.61251
1.6119
1.61128
1.61067
1.61006
1.60945
1.60884
1.60824
1.60763
1.60702
1.60641
1.60581
1.6052
1.6046
1.60399
1.60339
1.60279
1.60218
1.60158
1.60098
1.60038
1.59978
1.59918
1.59858
1.59798
1.59739
1.59679
1.59619
1.5956
1.595
1.59441
1.59381
1.59322
1.59263
1.59203
1.59144
1.59085
1.59026
1.58967
1.58908
1.58849
1.5879
1.58732
1.58673
1.58614
1.58556
1.58497
1.58439
1.5838
1.58322
1.58264
1.58205
1.58147
1.58089
1.58031
1.57973
1.57915
1.57857
1.57799
1.57742
1.57684
1.57626
1.57569
1.57511
1.57454
1.57396
1.57339
1.57281
1.57224
1.57167
1.5711
1.57053
1.56996
1.56939
1.56882
1.56825
1.56768
1.56711
1.56655
1.56598
1.56542
1.56485
1.56429
1.56372
1.56316
1.5626
1.56203
1.56147
1.56091
1.56035
1.55979
1.55923
1.55867
1.55811
1.55756
1.557
1.55644
1.55589
1.55533
1.55477
1.55422
1.55367
1.55311
1.55256
1.55201
1.55146
1.5509
1.55035
1.5498
1.54925
1.54871
1.54816
1.54761
1.54706
1.54652
1.54597
1.54542
1.54488
1.54433
1.54379
1.54325
1.5427
1.54216
1.54162
1.54108
1.54054
1.54
1.53946
1.53892
1.53838
1.53784
1.5373
1.53677
1.53623
1.53569
1.53516
1.53462
1.53409
1.53355
1.53302
1.53249
1.53196
1.53142
1.53089
1.53036
1.52983
1.5293
1.52877
1.52825
1.52772
1.52719
1.52666
1.52614
1.52561
1.52509
1.52456
1.52404
1.52351
1.52299
1.52247
1.52194
1.52142
1.5209
1.52038
1.51986
1.51934
1.51882
1.5183
1.51779
1.51727
1.51675
1.51623
1.51572
1.5152
1.51469
1.51417
1.51366
1.51315
1.51263
1.51212
1.51161
1.5111
1.51059
1.51008
1.50957
1.50906
1.50855
1.50804
1.50753
1.50703
1.50652
1.50601
1.50551
1.505
1.5045
1.50399
1.50349
1.50299
1.50248
1.50198
1.50148
1.50098
1.50048
1.49998
1.49948
1.49898
1.49848
1.49798
1.49748
1.49699
1.49649
1.49599
1.4955
1.495
1.49451
1.49401
1.49352
1.49303
1.49253
1.49204
1.49155
1.49106
1.49057
1.49008
1.48959
1.4891
1.48861
1.48812
1.48763
1.48715
1.48666
1.48617
1.48569
1.4852
1.48472
1.48423
1.48375
1.48326
1.48278
1.4823
1.48182
1.48133
1.48085
1.48037
1.47989
1.47941
1.47893
1.47845
1.47798
1.4775
1.47702
1.47654
1.47607
1.47559
1.47512
1.47464
1.47417
1.47369
1.47322
1.47275
1.47227
1.4718
1.47133
1.47086
1.47039
1.46992
1.46945
1.46898
1.46851
1.46804
1.46758
1.46711
1.46664
1.46617
1.46571
1.46524
1.46478
1.46431
1.46385
1.46339
1.46292
1.46246
1.462
1.46154
1.46107
1.46061
1.46015
1.45969
1.45923
1.45878
1.45832
1.45786
1.4574
1.45694
1.45649
1.45603
1.45557
1.45512
1.45466
1.75466
1.75391
1.75316
1.7524
1.75165
1.7509
1.75015
1.7494
1.74865
1.7479
1.74716
1.74641
1.74566
1.74492
1.74417
1.74343
1.74269
1.74194
1.7412
1.74046
1.73972
1.73898
1.73824
1.73751
1.73677
1.73603
1.7353
1.73456
1.73383
1.73309
1.73236
1.73163
1.7309
1.73017
1.72944
1.72871
1.72798
1.72725
1.72653
1.7258
1.72507
1.72435
1.72363
1.7229
1.72218
1.72146
1.72074
1.72002
1.7193
1.71858
1.71786
1.71714
1.71643
1.71571
1.71499
1.71428
1.71356
1.71285
1.71214
1.71143
1.71072
1.71001
1.7093
1.70859
1.70788
1.70717
1.70646
1.70576
1.70505
1.70435
1.70364
1.70294
1.70224
1.70154
1.70084
1.70014
1.69944
1.69874
1.69804
1.69734
1.69664
1.69595
1.69525
1.69456
1.69386
1.69317
1.69248
1.69178
1.69109
1.6904
1.68971
1.68902
1.68833
1.68765
1.68696
1.68627
1.68559
1.6849
1.68422
1.68353
1.68285
1.68217
1.68148
1.6808
1.68012
1.67944
1.67876
1.67809
1.67741
1.67673
1.67605
1.67538
1.6747
1.67403
1.67336
1.67268
1.67201
1.97201
1.97104
1.97007
1.9691
1.96813
1.96716
1.9662
1.96523
1.96427
1.9633
1.96234
1.96138
1.96042
1.95946
1.9585
1.95754
1.95658
1.95563
1.95467
1.95372
1.95276
1.95181
1.95086
1.94991
1.94896
1.94801
1.94706
1.94612
1.94517
1.94423
1.94328
1.94234
1.9414
1.94046
1.93952
1.93858
1.93764
1.9367
1.93577
1.93483
1.9339
1.93296
1.93203
1.9311
1.93017
1.92924
1.92831
1.92738
1.92646
1.92553
1.92461
1.92368
1.92276
1.92184
1.92091
1.91999
1.91907
1.91816
1.91724
1.91632
1.9154
1.91449
1.91358
1.91266
1.91175
1.91084
1.90993
1.90902
1.90811
1.9072
1.9063
1.90539
1.90449
1.90358
1.90268
1.90178
1.90088
1.89997
1.89908
1.89818
1.89728
1.89638
1.89549
1.89459
1.8937
1.8928
1.89191
1.89102
1.89013
1.88924
1.88835
1.88746
1.88658
1.88569
1.8848
1.88392
1.88304
1.88215
1.88127
1.88039
1.87951
1.87863
1.87775
1.87688
1.876
1.87512
1.87425
1.87338
1.8725
1.87163
1.87076
1.86989
1.86902
1.86815
1.86728
1.86642
1.86555
1.86469
1.86382
1.86296
1.8621
1.86123
1.86037
1.85951
1.85865
1.8578
1.85694
1.85608
1.85523
1.85437
1.85352
1.85266
1.85181
1.85096
1.85011
1.84926
1.84841
1.84756
1.84672
1.84587
1.84503
1.84418
1.84334
1.84249
1.84165
1.84081
1.83997
1.83913
1.83829
1.83745
1.83662
1.83578
1.83495
1.83411
1.83328
1.83244
1.83161
1.83078
1.82995
1.82912
1.82829
1.82746
1.82664
1.82581
1.82499
1.82416
1.82334
1.82251
1.82169
1.82087
1.82005
1.81923
1.81841
1.81759
1.81678
1.81596
1.81514
1.81433
1.81352
1.8127
1.81189
1.81108
1.81027
1.80946
1.80865
1.80784
1.80703
1.80623
1.80542
1.80462
1.80381
1.80301
1.80221
1.8014
1.8006
1.7998
1.799
1.79821
1.79741
1.79661
1.79581
1.79502
1.79422
1.79343
1.79264
1.79184
1.79105
1.79026
1.78947
1.78868
1.7879
1.78711
1.78632
1.78554
1.78475
1.78397
1.78318
1.7824
1.78162
1.78084
1.78006
1.77928
1.7785
1.77772
1.77694
1.77617
2.07617
2.07509
2.07402
2.07294
2.07187
2.0708
2.06973
2.06866
2.06759
2.06652
2.06546
2.06439
2.06333
2.06227
2.0612
2.06014
2.05908
2.05803
2.05697
2.05591
2.05486
2.0538
2.05275
2.0517
2.05064
2.04959
2.04855
2.0475
2.04645
2.0454
2.04436
2.04332
2.04227
2.04123
2.04019
2.03915
2.03811
2.03707
2.03604
2.035
2.03397
2.03293
2.0319
2.03087
2.02984
2.02881
2.02778
2.02676
2.02573
2.0247
2.02368
2.02266
2.02163
2.02061
2.01959
2.01857
2.01756
2.01654
2.01552
2.01451
2.01349
2.01248
2.01147
2.01046
2.00945
2.00844
2.00743
2.00642
2.00542
2.00441
2.00341
2.00241
2.0014
2.0004
1.9994
1.99841
1.99741
1.99641
1.99541
1.99442
1.99343
1.99243
1.99144
1.99045
1.98946
1.98847
1.98748
1.9865
1.98551
1.98452
1.98354
1.98256
1.98158
1.98059
1.97961
1.97864
1.97766
1.97668
1.9757
1.97473
1.97375
1.97278
1.97181
1.97084
1.96987
1.9689
1.96793
1.96696
1.966
1.96503
1.96407
1.9631
1.96214
1.96118
1.96022
1.95926
1.9583
1.95734
1.95638
1.95543
1.95447
1.95352
1.95257
1.95161
1.95066
1.94971
1.94876
1.94781
1.94687
1.94592
1.94498
1.94403
1.94309
1.94214
1.9412
1.94026
1.93932
1.93838
1.93745
1.93651
1.93557
1.93464
1.9337
1.93277
1.93184
1.93091
1.92998
1.92905
1.92812
1.92719
1.92626
1.92534
1.92441
1.92349
1.92257
1.92164
1.92072
1.9198
1.91888
1.91796
1.91705
1.91613
1.91521
1.9143
1.91339
1.91247
1.91156
1.91065
1.90974
1.90883
1.90792
1.90701
1.90611
1.9052
1.9043
1.90339
1.90249
1.90159
1.90069
1.89979
1.89889
1.89799
1.89709
1.8962
1.8953
1.8944
1.89351
1.89262
1.89173
1.89083
1.88994
1.88905
1.88817
1.88728
1.88639
1.88551
1.88462
1.88374
1.88285
1.88197
1.88109
1.88021
1.87933
1.87845
1.87757
1.87669
1.87582
1.87494
1.87407
1.87319
1.87232
1.87145
1.87058
1.86971
1.86884
1.86797
1.8671
1.86624
1.86537
1.86451
1.86364
1.86278
1.86192
1.86106
1.86019
1.85933
1.85848
1.85762
1.85676
1.8559
1.85505
1.85419
1.85334
1.85249
1.85164
1.85078
1.84993
1.84908
1.84824
1.84739
1.84654
1.84569
1.84485
1.844
1.84316
1.84232
1.84148
1.84064
1.8398
1.83896
1.83812
1.83728
1.83644
1.83561
1.83477
1.83394
1.8331
1.83227
1.83144
1.83061
1.82978
1.82895
1.82812
1.82729
1.82647
1.82564
1.82481
1.82399
1.82317
1.82234
1.82152
1.8207
1.81988
1.81906
1.81824
1.81742
1.81661
1.81579
1.81498
1.81416
1.81335
1.81254
1.81172
1.81091
1.8101
1.80929
1.80848
1.80767
1.80687
1.80606
1.80526
1.80445
1.80365
1.80284
1.80204
1.80124
1.80044
1.79964
1.79884
1.79804
1.79724
1.79645
1.79565
1.79485
1.79406
1.79327
1.79247
1.79168
1.79089
1.7901
1.78931
1.78852
1.78773
1.78695
1.78616
1.78537
1.78459
1.7838
1.78302
1.78224
1.78146
1.78068
1.77989
1.77912
1.77834
1.77756
1.77678
1.77601
1.77523
1.77445
1.77368
1.77291
1.77213
1.77136
1.77059
1.76982
1.76905
1.76828
1.76752
1.76675
1.76598
1.76522
1.76445
1.76369
1.76292
1.76216
1.7614
1.76064
1.75988
1.75912
1.75836
1.7576
1.75685
1.75609
1.75533
1.75458
1.75382
1.75307
1.75232
1.75157
1.75082
1.75006
1.74931
1.74857
1.74782
1.74707
1.74632
1.74558
1.74483
1.74409
1.74334
1.7426
1.74186
1.74112
1.74038
1.73964
1.7389
1.73816
1.73742
1.73668
1.73595
1.73521
1.73448
1.73374
1.73301
1.73228
1.73155
1.73081
1.73008
1.72935
1.72863
1.7279
1.72717
1.72644
1.72572
1.72499
1.72427
1.72354
1.72282
1.7221
1.72138
1.72065
1.71993
1.71921
1.7185
1.71778
1.71706
1.71634
1.71563
1.71491
1.7142
1.71348
1.71277
1.71206
1.71135
1.71064
1.70993
1.70922
1.70851
1.7078
1.70709
1.70638
1.70568
1.70497
1.70427
1.70356
1.70286
1.70216
1.70146
1.70076
1.70006
1.69936
1.69866
1.69796
1.69726
1.69656
1.69587
1.69517
1.69448
1.69378
1.69309
1.6924
1.69171
1.69101
1.69032
1.68963
1.68894
1.68826
1.68757
1.68688
1.68619
1.68551
1.68482
1.68414
1.68345
1.68277
1.68209
1.68141
1.68073
1.68005
1.67937
1.67869
1.67801
1.67733
1.67665
1.67598
1.6753
1.67463
1.67395
1.67328
1.67261
1.67193
1.67126
1.67059
1.66992
1.66925
1.66858
1.66791
1.66725
1.66658
1.66591
1.66525
1.66458
1.66392
1.66326
1.66259
1.66193
1.66127
1.66061
1.65995
1.65929
1.65863
1.65797
1.65731
1.65666
1.656
1.65534
1.65469
1.65403
1.65338
1.65273
1.65208
1.65142
1.65077
1.65012
1.64947
1.64882
1.64817
1.64753
1.64688
1.64623
1.64559
1.64494
1.6443
1.64365
1.64301
1.64237
1.64173
1.64108
1.64044
1.6398
1.63916
1.63852
1.63789
1.63725
1.63661
1.63598
1.63534
1.6347
1.63407
1.63344
1.6328
1.63217
1.63154
1.63091
1.63028
1.62965
1.62902
1.62839
1.62776
1.62713
1.62651
1.62588
1.62526
1.62463
1.62401
1.62338
1.62276
1.62214
1.62152
1.62089
1.62027
1.61965
1.61903
1.61842
1.6178
1.61718
1.61656
1.61595
1.61533
1.61472
1.6141
1.61349
1.61287
1.61226
1.91226
1.91135
1.91044
1.90953
1.90862
1.90771
1.9068
1.9059
1.90499
1.90409
1.90318
1.90228
1.90138
1.90048
1.89958
1.89868
1.89778
1.89688
1.89599
1.89509
1.8942
1.8933
1.89241
1.89152
1.89063
1.88974
1.88885
1.88796
1.88707
1.88619
1.8853
1.88442
1.88353
1.88265
1.88177
1.88089
1.88
1.87913
1.87825
1.87737
1.87649
1.87562
1.87474
1.87387
1.87299
1.87212
1.87125
1.87038
1.86951
1.86864
1.86777
1.8669
1.86604
1.86517
1.86431
1.86344
1.86258
1.86172
1.86086
1.86
1.85914
1.85828
1.85742
1.85656
1.85571
1.85485
1.854
1.85314
1.85229
1.85144
1.85059
1.84974
1.84889
1.84804
1.84719
1.84635
1.8455
1.84465
1.84381
1.84297
1.84212
1.84128
1.84044
1.8396
1.83876
1.83792
1.83709
1.83625
1.83541
1.83458
1.83374
1.83291
1.83208
1.83125
1.83042
1.82959
1.82876
1.82793
1.8271
1.82627
1.82545
1.82462
1.8238
1.82298
1.82215
1.82133
1.82051
1.81969
1.81887
1.81805
1.81724
1.81642
1.8156
1.81479
1.81397
1.81316
1.81235
1.81153
1.81072
1.80991
1.8091
1.8083
1.80749
1.80668
1.80587
1.80507
1.80426
1.80346
1.80266
1.80185
1.80105
1.80025
1.79945
1.79865
1.79786
1.79706
1.79626
1.79547
1.79467
1.79388
1.79308
1.79229
1.7915
1.79071
1.78992
1.78913
1.78834
1.78755
1.78676
1.78598
1.78519
1.78441
1.78362
1.78284
1.78206
1.78127
1.78049
1.77971
1.77893
1.77816
1.77738
1.7766
1.77583
1.77505
1.77427
1.7735
1.77273
1.77196
1.77118
1.77041
1.76964
1.76887
1.76811
1.76734
1.76657
1.7658
1.76504
1.76427
1.76351
1.76275
1.76199
1.76122
1.76046
1.7597
1.75894
1.75818
1.75743
1.75667
1.75591
1.75516
1.7544
1.75365
1.7529
1.75214
1.75139
1.75064
1.74989
1.74914
1.74839
1.74764
1.7469
1.74615
1.7454
1.74466
1.74392
1.74317
1.74243
1.74169
1.74095
1.7402
1.73946
1.73873
1.73799
1.73725
1.73651
1.73578
1.73504
1.73431
1.73357
1.73284
1.73211
1.73138
1.73064
1.72991
1.72918
1.72846
1.72773
1.727
1.72627
1.72555
1.72482
1.7241
1.72337
1.72265
1.72193
1.72121
1.72049
1.71977
1.71905
1.71833
1.71761
1.71689
1.71618
1.71546
1.71475
1.71403
1.71332
1.7126
1.71189
1.71118
1.71047
1.70976
1.70905
1.70834
1.70763
1.70693
1.70622
1.70551
1.70481
1.7041
1.7034
1.7027
1.702
1.70129
1.70059
1.69989
1.69919
1.69849
1.6978
1.6971
1.6964
1.69571
1.69501
1.69432
1.69362
1.69293
1.69224
1.69154
1.69085
1.69016
1.68947
1.68878
1.68809
1.68741
1.68672
1.68603
1.68535
1.68466
1.68398
1.68329
1.68261
1.68193
1.68125
1.68057
1.67989
1.67921
1.67853
1.67785
1.67717
1.6765
1.67582
1.67514
1.67447
1.6738
1.67312
1.67245
1.67178
1.67111
1.67043
1.66976
1.6691
1.66843
1.66776
1.66709
1.66642
1.66576
1.66509
1.66443
1.66376
1.6631
1.66244
1.66178
1.66111
1.66045
1.65979
1.65913
1.65848
1.65782
1.65716
1.6565
1.65585
1.65519
1.65454
1.65388
1.65323
1.65258
1.65192
1.65127
1.65062
1.64997
1.64932
1.64867
1.64802
1.64738
1.64673
1.64608
1.64544
1.64479
1.64415
1.6435
1.64286
1.64222
1.64158
1.64093
1.64029
1.63965
1.63901
1.63838
1.63774
1.6371
1.63646
1.63583
1.63519
1.63456
1.63392
1.63329
1.63266
1.63202
1.63139
1.63076
1.63013
1.6295
1.62887
1.62824
1.62762
1.62699
1.62636
1.62574
1.62511
1.62448
1.62386
1.62324
1.62261
1.62199
1.62137
1.62075
1.62013
1.61951
1.61889
1.61827
1.61765
1.61704
1.61642
1.6158
1.61519
1.61457
1.61396
1.61334
1.61273
1.61212
1.61151
1.6109
1.61029
1.60968
1.60907
1.60846
1.60785
1.60724
1.60663
1.60603
1.60542
1.60482
1.60421
1.60361
1.60301
1.6024
1.6018
1.6012
1.6006
1.6
1.9
1.8991
1.8982
1.8973
1.89641
1.89551
1.89461
1.89372
1.89283
1.89193
1.89104
1.89015
1.88926
1.88837
1.88749
1.8866
1.88571
1.88483
1.88394
1.88306
1.88218
1.8813
1.88041
1.87953
1.87866
1.87778
1.8769
1.87602
1.87515
1.87427
1.8734
1.87253
1.87165
1.87078
1.86991
1.86904
1.86817
1.86731
1.86644
1.86557
1.86471
1.86384
1.86298
1.86212
1.86126
1.8604
1.85954
1.85868
1.85782
1.85696
1.85611
1.85525
1.85439
1.85354
1.85269
1.85184
1.85098
1.85013
1.84928
1.84843
1.84759
1.84674
1.84589
1.84505
1.8442
1.84336
1.84252
1.84167
1.84083
1.83999
1.83915
1.83831
1.83748
1.83664
1.8358
1.83497
1.83413
1.8333
1.83247
1.83163
1.8308
1.82997
1.82914
1.82831
1.82749
1.82666
1.82583
1.82501
1.82418
1.82336
1.82254
1.82171
1.82089
1.82007
1.81925
1.81843
1.81762
1.8168
1.81598
1.81517
1.81435
1.81354
1.81272
1.81191
1.8111
1.81029
1.80948
1.80867
1.80786
1.80706
1.80625
1.80544
1.80464
1.80383
1.80303
1.80223
1.80143
1.80063
1.79982
1.79903
1.79823
1.79743
1.79663
1.79584
1.79504
2.09504
2.09395
2.09285
2.09176
2.09067
2.08958
2.08849
2.0874
2.08631
2.08523
2.08414
2.08306
2.08198
2.0809
2.07982
2.07874
2.07766
2.07658
2.07551
2.07443
2.07336
2.07228
2.07121
2.07014
2.06907
2.068
2.06694
2.06587
2.0648
2.06374
2.06268
2.06161
2.06055
2.05949
2.05843
2.05738
2.05632
2.05526
2.05421
2.05316
2.0521
2.05105
2.05
2.04895
2.0479
2.04686
2.04581
2.04476
2.04372
2.04268
2.04163
2.04059
2.03955
2.03851
2.03748
2.03644
2.0354
2.03437
2.03333
2.0323
2.03127
2.03024
2.02921
2.02818
2.02715
2.02613
2.0251
2.02408
2.02305
2.02203
2.02101
2.01999
2.01897
2.01795
2.01693
2.01592
2.0149
2.01389
2.01287
2.01186
2.01085
2.00984
2.00883
2.00782
2.00681
2.00581
2.0048
2.0038
2.0028
2.00179
2.00079
1.99979
1.99879
1.99779
1.9968
1.9958
1.9948
1.99381
1.99282
1.99182
1.99083
1.98984
1.98885
1.98787
1.98688
1.98589
1.98491
1.98392
1.98294
1.98196
1.98097
1.97999
1.97901
1.97804
1.97706
1.97608
1.97511
1.97413
1.97316
1.97219
1.97121
1.97024
1.96927
1.9683
1.96734
1.96637
1.9654
1.96444
1.96348
1.96251
1.96155
1.96059
1.95963
1.95867
1.95771
1.95675
1.9558
1.95484
1.95389
1.95293
1.95198
1.95103
1.95008
1.94913
1.94818
1.94723
1.94629
1.94534
1.9444
1.94345
1.94251
1.94157
1.94063
1.93969
1.93875
1.93781
1.93687
1.93594
1.935
1.93407
1.93313
1.9322
1.93127
1.93034
1.92941
1.92848
1.92755
1.92662
1.9257
1.92477
1.92385
1.92292
1.922
1.92108
1.92016
1.91924
1.91832
1.9174
1.91649
1.91557
1.91465
1.91374
1.91283
1.91191
1.911
1.91009
1.90918
1.90827
1.90737
1.90646
1.90555
1.90465
1.90374
1.90284
1.90194
1.90104
1.90014
1.89924
1.89834
1.89744
1.89654
1.89565
1.89475
1.89386
1.89296
1.89207
1.89118
1.89029
1.8894
1.88851
1.88762
1.88674
1.88585
1.88496
1.88408
1.8832
1.88231
1.88143
1.88055
1.87967
1.87879
1.87791
2.17791
2.17673
2.17556
2.17438
2.17321
2.17204
2.17087
2.1697
2.16853
2.16736
2.16619
2.16503
2.16386
2.1627
2.16154
2.16038
2.15922
2.15806
2.1569
2.15574
2.15459
2.15343
2.15228
2.15113
2.14998
2.14883
2.14768
2.14653
2.14539
2.14424
2.1431
2.14196
2.14082
2.13968
2.13854
2.1374
2.13626
2.13513
2.13399
2.13286
2.13173
2.13059
2.12946
2.12834
2.12721
2.12608
2.12496
2.12383
2.12271
2.12159
2.12046
2.11934
2.11823
2.11711
2.11599
2.11488
2.11376
2.11265
2.11154
2.11043
2.10932
2.10821
2.1071
2.10599
2.10489
2.10378
2.10268
2.10158
2.10048
2.09938
2.09828
2.09718
2.09608
2.09499
2.09389
2.0928
2.09171
2.09062
2.08953
2.08844
2.08735
2.08626
2.08518
2.08409
2.08301
2.08193
2.08085
2.07977
2.07869
2.07761
2.07653
2.07545
2.07438
2.07331
2.07223
2.07116
2.07009
2.06902
2.06795
2.06688
2.06582
2.06475
2.06369
2.06263
2.06156
2.0605
2.05944
2.05838
2.05733
2.05627
2.05521
2.05416
2.0531
2.05205
2.051
2.04995
2.0489
2.04785
2.04681
2.04576
2.04471
2.04367
2.04263
2.04158
2.04054
2.0395
2.03846
2.03743
2.03639
2.33639
2.33505
2.33372
2.33239
2.33105
2.32972
2.3284
2.32707
2.32574
2.32442
2.32309
2.32177
2.32045
2.31913
2.31781
2.31649
2.31518
2.31386
2.31255
2.31124
2.30993
2.30862
2.30731
2.306
2.3047
2.30339
2.30209
2.30079
2.29949
2.29819
2.29689
2.2956
2.2943
2.29301
2.29172
2.29042
2.28913
2.28785
2.28656
2.28527
2.28399
2.28271
2.28142
2.28014
2.27886
2.27758
2.27631
2.27503
2.27376
2.27248
2.27121
2.26994
2.26867
2.2674
2.26614
2.26487
2.26361
2.26235
2.26108
2.25982
2.25856
2.25731
2.25605
2.25479
2.25354
2.25229
2.25103
2.24978
2.24854
2.24729
2.24604
2.2448
2.24355
2.24231
2.24107
2.23983
2.23859
2.23735
2.23611
2.23488
2.23364
2.23241
2.23118
2.22995
2.22872
2.22749
2.22626
2.22504
2.22381
2.22259
2.22137
2.22015
2.21893
2.21771
2.21649
2.21528
2.21406
2.21285
2.21164
2.21042
2.20921
2.20801
2.2068
2.20559
2.20439
2.20318
2.20198
2.20078
2.19958
2.19838
2.19718
2.19599
2.19479
2.1936
2.1924
2.19121
2.19002
2.18883
2.18764
2.18646
2.18527
2.18409
2.1829
2.18172
2.18054
2.17936
2.17818
2.177
2.17583
2.17465
2.17348
2.1723
2.17113
2.16996
2.16879
2.16762
2.16646
2.16529
2.16413
2.16296
2.1618
2.16064
2.15948
2.15832
2.15716
2.15601
2.15485
2.1537
2.15254
2.15139
2.15024
2.14909
2.14794
2.14679
2.14565
2.1445
2.14336
2.14222
2.14108
2.13993
2.1388
2.13766
2.13652
2.13538
2.13425
2.13312
2.13198
2.13085
2.12972
2.12859
2.12746
2.12634
2.12521
2.12409
2.12296
2.12184
2.12072
2.1196
2.11848
2.11736
2.11625
2.11513
2.11401
2.1129
2.11179
2.11068
2.10957
2.10846
2.10735
2.10624
2.10514
2.10403
2.10293
2.10183
2.10073
2.09963
2.09853
2.09743
2.09633
2.09524
2.09414
2.09305
2.09196
2.09086
2.08977
2.08868
2.0876
2.08651
2.08542
2.08434
2.08326
2.08217
2.08109
2.08001
2.07893
2.07785
2.07677
2.0757
2.07462
2.07355
2.07248
2.0714
2.07033
2.06926
2.06819
2.06713
2.06606
2.06499
2.06393
2.06287
2.0618
2.06074
2.05968
2.05862
2.05757
2.05651
2.05545
2.0544
2.05334
2.05229
2.05124
2.05019
2.04914
2.04809
2.04704
2.046
2.04495
2.04391
2.04286
2.04182
2.04078
2.03974
2.0387
2.03766
2.03662
2.03559
2.03455
2.03352
2.03249
2.03145
2.03042
2.02939
2.02836
2.02734
2.02631
2.02528
2.02426
2.02324
2.02221
2.02119
2.02017
2.01915
2.01813
2.01711
2.0161
2.01508
2.01407
2.01305
2.01204
2.01103
2.01002
2.00901
2.008
2.00699
2.00599
2.00498
2.00398
2.00297
2.00197
2.00097
1.99997
1.99897
1.99797
1.99697
1.99598
1.99498
1.99399
1.99299
1.992
1.99101
1.99002
1.98903
1.98804
1.98705
1.98607
1.98508
1.9841
1.98311
1.98213
1.98115
1.98017
1.97919
1.97821
1.97723
1.97626
1.97528
1.97431
1.97333
1.97236
1.97139
1.97042
1.96945
1.96848
1.96751
1.96654
1.96558
1.96461
1.96365
1.96268
1.96172
1.96076
1.9598
1.95884
1.95788
1.95693
1.95597
1.95501
1.95406
1.95311
1.95215
1.9512
1.95025
1.9493
1.94835
1.9474
1.94646
1.94551
1.94457
1.94362
1.94268
1.94174
1.9408
1.93986
1.93892
1.93798
1.93704
1.9361
1.93517
1.93423
1.9333
1.93237
1.93143
1.9305
1.92957
1.92864
1.92772
1.92679
1.92586
1.92494
1.92401
1.92309
1.92217
1.92124
1.92032
1.9194
1.91849
1.91757
1.91665
1.91573
1.91482
1.9139
1.91299
1.91208
1.91117
1.91026
1.90935
1.90844
1.90753
1.90662
1.90572
1.90481
1.90391
1.903
1.9021
1.9012
1.9003
1.8994
1.8985
1.8976
1.8967
1.89581
1.89491
1.89402
1.89312
1.89223
1.89134
1.89045
1.88956
1.88867
1.88778
1.88689
1.88601
1.88512
1.88424
1.88335
1.88247
1.88159
1.88071
1.87983
1.87895
1.87807
1.87719
1.87632
1.87544
1.87456
1.87369
1.87282
1.87194
1.87107
1.8702
1.86933
1.86846
1.8676
1.86673
1.86586
1.865
1.86413
1.86327
1.86241
1.86154
1.86068
1.85982
1.85896
1.8581
1.85725
1.85639
1.85553
1.85468
1.85382
1.85297
1.85212
1.85127
1.85042
1.84957
1.84872
1.84787
1.84702
1.84617
1.84533
1.84448
1.84364
1.8428
1.84195
1.84111
1.84027
1.83943
1.83859
1.83776
1.83692
1.83608
1.83525
1.83441
1.83358
1.83274
1.83191
1.83108
1.83025
1.82942
1.82859
1.82776
1.82693
1.82611
1.82528
1.82446
1.82363
1.82281
1.82199
1.82117
1.82035
1.81953
1.81871
1.81789
1.81707
1.81625
1.81544
1.81462
1.81381
1.813
1.81218
1.81137
1.81056
1.80975
1.80894
1.80813
1.80732
1.80652
1.80571
1.80491
1.8041
1.8033
1.8025
1.80169
1.80089
1.80009
1.79929
1.79849
1.79769
1.7969
1.7961
1.79531
1.79451
1.79372
1.79292
1.79213
1.79134
1.79055
1.78976
1.78897
1.78818
1.78739
1.7866
1.78582
1.78503
1.78425
1.78346
1.78268
1.7819
1.78112
1.78034
1.77956
1.77878
1.778
1.77722
1.77645
1.77567
1.77489
1.77412
1.77335
1.77257
1.7718
1.77103
1.77026
1.76949
1.76872
1.76795
1.76718
1.76642
1.76565
1.76489
1.76412
1.76336
1.76259
1.76183
1.76107
1.76031
1.75955
1.75879
1.75803
1.75727
1.75652
1.75576
1.75501
1.75425
1.7535
1.75274
1.75199
1.75124
1.75049
1.74974
1.74899
1.74824
1.74749
1.74675
1.746
1.74525
1.74451
1.74377
1.74302
1.74228
1.74154
1.7408
1.74006
1.73932
1.73858
1.73784
1.7371
1.73636
1.73563
1.73489
1.73416
1.73343
1.73269
1.73196
1.73123
1.7305
1.72977
1.72904
1.72831
1.72758
1.72685
1.72613
1.7254
1.72468
1.72395
1.72323
1.72251
1.72178
1.72106
1.72034
1.71962
1.7189
1.71818
1.71747
1.71675
1.71603
1.71532
1.7146
1.71389
1.71317
1.71246
1.71175
1.71104
1.71033
1.70962
1.70891
1.7082
1.70749
1.70678
1.70608
1.70537
1.70467
1.70396
1.70326
1.70256
1.70185
1.70115
1.70045
1.69975
1.69905
1.69835
1.69765
1.69696
1.69626
1.69556
1.69487
1.69418
1.69348
1.69279
1.6921
1.6914
1.69071
1.69002
1.68933
1.68864
1.68796
1.68727
1.68658
1.68589
1.68521
1.68452
1.68384
1.68316
1.68247
1.68179
1.68111
1.68043
1.67975
1.67907
1.67839
1.67771
1.67704
1.67636
1.67568
1.67501
1.67433
1.67366
1.67299
1.67231
1.67164
1.67097
1.6703
1.66963
1.66896
1.66829
1.66762
1.66696
1.66629
1.66562
1.66496
1.66429
1.66363
1.66297
1.6623
1.66164
1.66098
1.66032
1.65966
1.659
1.65834
1.65768
1.65703
1.65637
1.65571
1.65506
1.6544
1.65375
1.6531
1.65244
1.65179
1.65114
1.65049
1.64984
1.64919
1.64854
1.64789
1.64724
1.6466
1.64595
1.64531
1.64466
1.64402
1.64337
1.64273
1.64209
1.64145
1.6408
1.64016
1.63952
1.63888
1.63825
1.63761
1.63697
1.63633
1.6357
1.63506
1.63443
1.63379
1.63316
1.63253
1.6319
1.63126
1.63063
1.63
1.62937
1.62874
1.62812
1.62749
1.62686
1.62623
1.62561
1.62498
1.62436
1.62373
1.62311
1.62249
1.62187
1.62124
1.62062
1.62
1.61938
1.61876
1.61815
1.61753
1.61691
1.61629
1.61568
1.61506
1.61445
1.61383
1.61322
1.91322
1.91231
1.9114
1.91048
1.90957
1.90867
1.90776
1.90685
1.90594
1.90504
1.90413
1.90323
