1
1
1
1
1
1
1
1
1
1
1
1
1
1
1
1
1
1
1
1
1
1
1
1
1
1
1
1
1
1
1
1
1
1
1
1
1
1
1
1
1
1
1
1
1
1
1
1
1
1
1
1
1
1
1
1
1
1
1
1
1
1
1
1
1
1
1
1
1
1
1
1
1
1
1
1
1
1
1
1
1
1
1
1
1
1
1
1
1
1
1
1
1
1
1
1
1
1
1
1
1
1
1
1
1
1
1
1
1
1
1
1
1
1
1
1
1
1
1
1
1
1
1
1
1
1
1
1
1
1
1
1
1
1
1
1
1
1
1
1
1
1
1
1
1
1
1
1
1
1
1
1
1
1
1
1
1
1
1
1
1.3
1.29985
1.2997
1.29955
1.2994
1.29925
1.2991
1.29895
1.2988
1.29865
1.2985
1.29835
1.29821
1.29806
1.29791
1.29776
1.29761
1.29746
1.29731
1.29716
1.29701
1.29687
1.29672
1.29657
1.29642
1.29627
1.29613
1.29598
1.29583
1.29568
1.29553
1.29539
1.29524
1.29509
1.29494
1.2948
1.29465
1.2945
1.29435
1.29421
1.29406
1.29391
1.29377
1.29362
1.29347
1.29333
1.29318
1.29303
1.29289
1.29274
1.29259
1.29245
1.2923
1.29215
1.29201
1.29186
1.29172
1.29157
1.29142
1.29128
1.29113
1.29099
1.29084
1.2907
1.29055
1.29041
1.29026
1.29012
1.28997
1.28983
1.28968
1.28954
1.28939
1.28925
1.2891
1.28896
1.28881
1.28867
1.28853
1.28838
1.28824
1.28809
1.28795
1.2878
1.28766
1.28752
1.28737
1.28723
1.28709
1.28694
1.2868
1.28666
1.28651
1.28637
1.28623
1.28608
1.28594
1.2858
1.28565
1.28551
1.28537
1.28523
1.28508
1.28494
1.2848
1.28466
1.28451
1.28437
1.28423
1.28409
1.28395
1.2838
1.28366
1.28352
1.28338
1.28324
1.2831
1.28295
1.28281
1.28267
1.28253
1.28239
1.28225
1.28211
1.28197
1.28182
1.28168
1.28154
1.2814
1.28126
1.28112
1.28098
1.28084
1.2807
1.28056
1.28042
1.28028
1.28014
1.28
1.27986
1.27972
1.27958
1.27944
1.2793
1.27916
1.27902
1.27888
1.27874
1.2786
1.27846
1.27832
1.27818
1.27805
1.27791
1.27777
1.27763
1.27749
1.27735
1.27721
1.27707
1.27694
1.2768
1.27666
1.27652
1.27638
1.27624
1.27611
1.27597
1.27583
1.27569
1.27555
1.27542
1.27528
1.27514
1.275
1.27487
1.27473
1.27459
1.27445
1.27432
1.27418
1.27404
1.27391
1.27377
1.27363
1.2735
1.27336
1.27322
1.27309
1.27295
1.27281
1.27268
1.27254
1.2724
1.27227
1.57227
1.57198
1.5717
1.57141
1.57112
1.57084
1.57055
1.57027
1.56998
1.5697
1.56941
1.56913
1.56884
1.56856
1.56828
1.56799
1.56771
1.56742
1.56714
1.56686
1.56657
1.56629
1.56601
1.56572
1.56544
1.56516
1.56488
1.56459
1.56431
1.56403
1.56375
1.56347
1.56318
1.5629
1.56262
1.56234
1.56206
1.56178
1.5615
1.56122
1.56094
1.56066
1.56037
1.56009
1.55981
1.55953
1.55926
1.55898
1.5587
1.55842
1.55814
1.55786
1.55758
1.5573
1.55702
1.55674
1.55647
1.55619
1.55591
1.55563
1.55535
1.55508
1.5548
1.55452
1.55424
1.55397
1.55369
1.55341
1.55314
1.55286
1.55258
1.55231
1.55203
1.55176
1.55148
1.5512
1.55093
1.55065
1.55038
1.5501
1.54983
1.54955
1.54928
1.549
1.54873
1.54846
1.54818
1.54791
1.54763
1.54736
1.54709
1.54681
1.54654
1.54627
1.54599
1.54572
1.54545
1.54517
1.5449
1.54463
1.54436
1.54409
1.54381
1.54354
1.54327
1.543
1.54273
1.54246
1.54218
1.54191
1.54164
1.54137
1.5411
1.54083
1.54056
1.54029
1.54002
1.53975
1.53948
1.53921
1.53894
1.53867
1.5384
1.53813
1.53786
1.5376
1.53733
1.53706
1.53679
1.53652
1.53625
1.53598
1.53572
1.53545
1.53518
1.53491
1.53465
1.53438
1.53411
1.53385
1.53358
1.53331
1.53305
1.53278
1.53251
1.53225
1.53198
1.53171
1.53145
1.53118
1.53092
1.53065
1.53039
1.53012
1.52986
1.52959
1.52933
1.52906
1.5288
1.52853
1.52827
1.52801
1.52774
1.52748
1.52721
1.52695
1.52669
1.52642
1.52616
1.5259
1.52563
1.52537
1.52511
1.52485
1.52458
1.52432
1.52406
1.5238
1.52354
1.52327
1.52301
1.52275
1.52249
1.52223
1.52197
1.52171
1.52145
1.52119
1.52092
1.52066
1.5204
1.52014
1.51988
1.51962
1.51936
1.5191
1.51885
1.51859
1.51833
1.51807
1.51781
1.51755
1.51729
1.51703
1.51677
1.51652
1.51626
1.516
1.51574
1.51548
1.51523
1.51497
1.51471
1.51445
1.5142
1.51394
1.51368
1.51343
1.51317
1.51291
1.51266
1.5124
1.51214
1.51189
1.51163
1.51138
1.51112
1.51087
1.51061
1.51035
1.5101
1.50984
1.50959
1.50934
1.50908
1.50883
1.50857
1.50832
1.50806
1.50781
1.50756
1.5073
1.50705
1.50679
1.50654
1.50629
1.50604
1.50578
1.50553
1.50528
1.50502
1.50477
1.50452
1.50427
1.50401
1.50376
1.50351
1.50326
1.50301
1.50276
1.50251
1.50225
1.502
1.50175
1.5015
1.50125
1.501
1.50075
1.5005
1.50025
1.5
1.49975
1.4995
1.49925
1.499
1.49875
1.4985
1.49825
1.498
1.49775
1.49751
1.49726
1.49701
1.49676
1.49651
1.49626
1.49602
1.49577
1.49552
1.49527
1.49502
1.49478
1.49453
1.49428
1.49403
1.49379
1.49354
1.49329
1.49305
1.4928
1.49255
1.49231
1.49206
1.49182
1.49157
1.49133
1.49108
1.49083
1.49059
1.49034
1.4901
1.48985
1.48961
1.48936
1.48912
1.48887
1.48863
1.48839
1.48814
1.4879
1.48765
1.48741
1.48717
1.48692
1.48668
1.48644
1.48619
1.48595
1.48571
1.48546
1.48522
1.48498
1.48474
1.48449
1.48425
1.48401
1.48377
1.48353
1.48328
1.48304
1.4828
1.48256
1.48232
1.48208
1.48184
1.4816
1.48136
1.48111
1.48087
1.48063
1.48039
1.48015
1.47991
1.47967
1.47943
1.47919
1.47895
1.47872
1.47848
1.47824
1.478
1.47776
1.47752
1.47728
1.47704
1.4768
1.47657
1.47633
1.47609
1.47585
1.47561
1.47538
1.47514
1.4749
1.47466
1.47443
1.47419
1.47395
1.47372
1.47348
1.47324
1.47301
1.47277
1.47253
1.4723
1.47206
1.47183
1.47159
1.47135
1.47112
1.47088
1.47065
1.47041
1.47018
1.46994
1.46971
1.46947
1.46924
1.469
1.46877
1.46853
1.4683
1.46807
1.46783
1.4676
1.46736
1.46713
1.4669
1.46666
1.46643
1.4662
1.46596
1.46573
1.4655
1.46527
1.46503
1.4648
1.46457
1.46434
1.4641
1.46387
1.46364
1.46341
1.46318
1.46294
1.46271
1.46248
1.46225
1.46202
1.46179
1.46156
1.46133
1.4611
1.46087
1.46064
1.46041
1.46018
1.45995
1.45972
1.45949
1.45926
1.45903
1.4588
1.45857
1.45834
1.45811
1.45788
1.45765
1.45742
1.45719
1.45697
1.45674
1.45651
1.45628
1.45605
1.45582
1.4556
1.45537
1.45514
1.45491
1.45469
1.45446
1.45423
1.454
1.45378
1.45355
1.45332
1.4531
1.45287
1.45264
1.45242
1.45219
1.45197
1.45174
1.45151
1.45129
1.45106
1.45084
1.45061
1.45039
1.45016
1.44994
1.44971
1.44949
1.44926
1.44904
1.44881
1.74881
1.74844
1.74807
1.74769
1.74732
1.74694
1.74657
1.7462
1.74582
1.74545
1.74508
1.74471
1.74433
1.74396
1.74359
1.74322
1.74285
1.74248
1.7421
1.74173
1.74136
1.74099
1.74062
1.74025
1.73988
1.73951
1.73914
1.73877
1.7384
1.73803
1.73767
1.7373
1.73693
1.73656
1.73619
1.73582
1.73546
1.73509
1.73472
1.73435
1.73399
1.73362
1.73325
1.73289
1.73252
1.73215
1.73179
1.73142
1.73106
1.73069
1.73033
1.72996
1.7296
1.72923
1.72887
1.7285
1.72814
1.72777
1.72741
1.72705
1.72668
1.72632
1.72596
1.72559
1.72523
1.72487
1.72451
1.72414
1.72378
1.72342
1.72306
1.7227
1.72234
1.72197
1.72161
1.72125
1.72089
1.72053
1.72017
1.71981
1.71945
1.71909
1.71873
1.71837
1.71801
1.71766
1.7173
1.71694
1.71658
1.71622
1.71586
1.71551
1.71515
1.71479
1.71443
1.71408
1.71372
1.71336
1.71301
1.71265
1.71229
1.71194
1.71158
1.71123
1.71087
1.71052
1.71016
1.70981
1.70945
1.7091
1.70874
1.70839
1.70803
1.70768
1.70733
1.70697
1.70662
1.70627
1.70591
1.70556
1.70521
1.70485
1.7045
1.70415
1.7038
1.70345
1.70309
1.70274
1.70239
1.70204
1.70169
1.70134
1.70099
1.70064
1.70029
1.69994
1.69959
1.69924
1.69889
1.69854
1.69819
1.69784
1.69749
1.69714
1.69679
1.69645
1.6961
1.69575
1.6954
1.69505
1.69471
1.69436
1.69401
1.69367
1.99367
1.99317
1.99267
1.99218
1.99168
1.99118
1.99069
1.99019
1.9897
1.9892
1.98871
1.98822
1.98772
1.98723
1.98673
1.98624
1.98575
1.98526
1.98476
1.98427
1.98378
1.98329
1.9828
1.9823
1.98181
1.98132
1.98083
1.98034
1.97985
1.97936
1.97887
1.97838
1.97789
1.9774
1.97692
1.97643
1.97594
1.97545
1.97496
1.97448
1.97399
1.9735
1.97302
1.97253
1.97204
1.97156
1.97107
1.97059
1.9701
1.96962
1.96913
1.96865
1.96816
1.96768
1.9672
1.96671
1.96623
1.96575
1.96526
1.96478
1.9643
1.96382
1.96333
1.96285
1.96237
1.96189
1.96141
1.96093
1.96045
1.95997
1.95949
1.95901
1.95853
1.95805
1.95757
1.95709
1.95662
1.95614
1.95566
1.95518
1.9547
1.95423
1.95375
1.95327
1.9528
1.95232
1.95184
1.95137
1.95089
1.95042
1.94994
1.94947
1.94899
1.94852
1.94805
1.94757
1.9471
1.94662
1.94615
1.94568
1.94521
1.94473
1.94426
1.94379
1.94332
1.94285
1.94237
1.9419
1.94143
1.94096
1.94049
1.94002
1.93955
1.93908
1.93861
1.93814
1.93767
1.9372
1.93674
1.93627
1.9358
1.93533
1.93486
1.9344
1.93393
1.93346
1.933
1.93253
1.93206
1.9316
1.93113
1.93067
1.9302
1.92974
1.92927
1.92881
1.92834
1.92788
1.92742
1.92695
1.92649
1.92603
1.92556
1.9251
1.92464
1.92418
1.92371
1.92325
1.92279
1.92233
1.92187
1.92141
1.92095
1.92049
1.92003
1.91957
1.91911
1.91865
1.91819
1.91773
1.91727
1.91681
1.91635
1.9159
1.91544
1.91498
1.91452
1.91407
1.91361
1.91315
1.9127
1.91224
1.91178
1.91133
1.91087
1.91042
1.90996
1.90951
1.90905
1.9086
1.90814
1.90769
1.90724
1.90678
1.90633
1.90588
1.90542
1.90497
1.90452
1.90407
1.90361
1.90316
1.90271
1.90226
1.90181
1.90136
1.90091
1.90046
1.90001
1.89956
1.89911
1.89866
1.89821
1.89776
1.89731
1.89686
1.89641
1.89597
1.89552
1.89507
1.89462
1.89418
1.89373
1.89328
1.89283
1.89239
1.89194
1.8915
1.89105
1.89061
1.89016
1.88972
1.88927
1.88883
1.88838
1.88794
1.88749
1.88705
1.88661
1.88616
1.88572
1.88528
1.88484
1.88439
1.88395
1.88351
1.88307
1.88263
1.88218
1.88174
1.8813
1.88086
1.88042
1.87998
1.87954
1.8791
1.87866
1.87822
1.87779
1.87735
1.87691
1.87647
1.87603
1.87559
1.87516
1.87472
1.87428
1.87384
1.87341
1.87297
1.87253
1.8721
1.87166
1.87123
1.87079
1.87036
1.86992
1.86949
1.86905
1.86862
1.86818
1.86775
1.86731
1.86688
1.86645
1.86601
1.86558
1.86515
1.86472
1.86428
1.86385
1.86342
1.86299
1.86256
1.86213
1.8617
1.86126
1.86083
1.8604
1.85997
1.85954
1.85911
1.85868
1.85826
1.85783
1.8574
1.85697
1.85654
1.85611
1.85568
1.85526
1.85483
1.8544
1.85397
1.85355
1.85312
1.85269
1.85227
1.85184
1.85142
1.85099
1.85057
1.85014
1.84972
1.84929
1.84887
1.84844
1.84802
1.84759
1.84717
1.84675
1.84632
1.8459
1.84548
1.84505
1.84463
1.84421
1.84379
1.84337
1.84294
1.84252
1.8421
1.84168
1.84126
1.84084
1.84042
1.84
1.83958
1.83916
1.83874
1.83832
1.8379
1.83748
1.83706
1.83665
1.83623
1.83581
1.83539
1.83497
1.83456
1.83414
1.83372
1.83331
1.83289
1.83247
1.83206
1.83164
1.83123
1.83081
1.83039
1.82998
1.82956
1.82915
1.82874
1.82832
1.82791
1.82749
1.82708
1.82667
1.82625
1.82584
1.82543
1.82501
1.8246
1.82419
1.82378
1.82337
1.82295
1.82254
1.82213
1.82172
1.82131
1.8209
1.82049
1.82008
1.81967
1.81926
1.81885
1.81844
1.81803
1.81762
1.81721
1.81681
1.8164
1.81599
1.81558
1.81517
1.81477
1.81436
1.81395
1.81354
1.81314
1.81273
1.81233
1.81192
1.81151
1.81111
1.8107
1.8103
1.80989
1.80949
1.80908
1.80868
1.80827
1.80787
1.80747
1.80706
1.80666
1.80626
1.80585
1.80545
1.80505
1.80465
1.80424
1.80384
1.80344
1.80304
1.80264
1.80223
1.80183
1.80143
1.80103
1.80063
1.80023
1.79983
1.79943
1.79903
1.79863
1.79823
1.79783
1.79744
1.79704
1.79664
1.79624
1.79584
1.79544
1.79505
1.79465
1.79425
1.79386
1.79346
1.79306
1.79267
1.79227
1.79187
1.79148
1.79108
1.79069
1.79029
1.7899
1.7895
1.78911
1.78871
1.78832
1.78792
1.78753
1.78714
1.78674
1.78635
1.78596
1.78556
1.78517
1.78478
1.78439
1.78399
1.7836
1.78321
1.78282
1.78243
1.78204
1.78165
1.78125
1.78086
2.08086
2.08032
2.07978
2.07924
2.0787
2.07816
2.07763
2.07709
2.07655
2.07601
2.07547
2.07494
2.0744
2.07386
2.07332
2.07279
2.07225
2.07172
2.07118
2.07064
2.07011
2.06957
2.06904
2.06851
2.06797
2.06744
2.0669
2.06637
2.06584
2.0653
2.06477
2.06424
2.06371
2.06318
2.06264
2.06211
2.06158
2.06105
2.06052
2.05999
2.05946
2.05893
2.0584
2.05787
2.05734
2.05682
2.05629
2.05576
2.05523
2.0547
2.05418
2.05365
2.05312
2.0526
2.05207
2.05154
2.05102
2.05049
2.04997
2.04944
2.04892
2.0484
2.04787
2.04735
2.04682
2.0463
2.04578
2.04525
2.04473
2.04421
2.04369
2.04317
2.04264
2.04212
2.0416
2.04108
2.04056
2.04004
2.03952
2.039
2.03848
2.03796
2.03744
2.03693
2.03641
2.03589
2.03537
2.03485
2.03434
2.03382
2.0333
2.03279
2.03227
2.03175
2.03124
2.03072
2.03021
2.02969
2.02918
2.02866
2.02815
2.02764
2.02712
2.02661
2.0261
2.02558
2.02507
2.02456
2.02405
2.02353
2.02302
2.02251
2.022
2.02149
2.02098
2.02047
2.01996
2.01945
2.01894
2.01843
2.01792
2.01741
2.0169
2.01639
2.01589
2.01538
2.01487
2.01436
2.01386
2.01335
2.01284
2.01234
2.01183
2.01132
2.01082
2.01031
2.00981
2.0093
2.0088
2.0083
2.00779
2.00729
2.00678
2.00628
2.00578
2.00527
2.00477
2.00427
2.00377
2.00327
2.00276
2.00226
2.00176
2.00126
2.00076
2.00026
1.99976
1.99926
1.99876
1.99826
1.99776
1.99726
1.99677
1.99627
1.99577
1.99527
1.99477
1.99428
1.99378
1.99328
1.99279
1.99229
1.99179
1.9913
1.9908
1.99031
1.98981
1.98932
1.98882
1.98833
1.98784
1.98734
1.98685
1.98635
1.98586
1.98537
1.98488
1.98438
1.98389
1.9834
1.98291
1.98242
1.98193
1.98144
1.98094
1.98045
1.97996
1.97947
1.97898
1.9785
1.97801
1.97752
1.97703
1.97654
1.97605
1.97556
1.97508
1.97459
1.9741
1.97362
1.97313
1.97264
1.97216
1.97167
1.97118
1.9707
1.97021
1.96973
1.96924
1.96876
1.96828
1.96779
1.96731
1.96682
1.96634
1.96586
1.96537
1.96489
1.96441
1.96393
1.96345
1.96296
1.96248
1.962
1.96152
1.96104
1.96056
1.96008
1.9596
1.95912
1.95864
1.95816
1.95768
1.9572
1.95673
1.95625
1.95577
1.95529
1.95481
1.95434
1.95386
1.95338
1.95291
1.95243
1.95195
1.95148
1.951
1.95053
1.95005
1.94958
1.9491
1.94863
1.94815
1.94768
1.94721
1.94673
1.94626
1.94579
1.94531
1.94484
1.94437
1.9439
1.94342
1.94295
1.94248
1.94201
1.94154
1.94107
1.9406
1.94013
1.93966
1.93919
1.93872
1.93825
1.93778
1.93731
1.93684
1.93637
1.93591
1.93544
1.93497
1.9345
1.93404
1.93357
1.9331
1.93264
1.93217
1.9317
1.93124
1.93077
1.93031
1.92984
1.92938
1.92891
1.92845
1.92799
1.92752
1.92706
1.92659
1.92613
1.92567
1.92521
1.92474
1.92428
1.92382
1.92336
1.9229
1.92243
1.92197
1.92151
1.92105
1.92059
1.92013
1.91967
1.91921
1.91875
1.91829
1.91783
1.91737
1.91692
1.91646
1.916
1.91554
1.91508
1.91463
1.91417
1.91371
1.91326
1.9128
1.91234
1.91189
1.91143
1.91098
1.91052
1.91006
1.90961
1.90916
1.9087
1.90825
1.90779
1.90734
1.90689
1.90643
1.90598
1.90553
1.90507
1.90462
1.90417
1.90372
1.90326
1.90281
1.90236
1.90191
1.90146
1.90101
1.90056
1.90011
1.89966
1.89921
1.89876
1.89831
1.89786
1.89741
1.89696
1.89652
1.89607
1.89562
1.89517
1.89472
1.89428
1.89383
1.89338
1.89294
1.89249
1.89204
1.8916
1.89115
1.89071
1.89026
1.88982
1.88937
1.88893
1.88848
1.88804
1.8876
1.88715
1.88671
1.88626
1.88582
1.88538
1.88494
1.88449
1.88405
1.88361
1.88317
1.88273
1.88229
1.88184
1.8814
1.88096
1.88052
1.88008
1.87964
1.8792
1.87876
1.87832
1.87789
1.87745
1.87701
1.87657
1.87613
1.87569
1.87526
1.87482
1.87438
1.87394
1.87351
1.87307
1.87263
1.8722
1.87176
1.87133
1.87089
1.87045
1.87002
1.86958
1.86915
1.86872
1.86828
1.86785
1.86741
1.86698
1.86655
1.86611
1.86568
1.86525
1.86481
1.86438
1.86395
1.86352
1.86309
1.86266
1.86222
1.86179
1.86136
1.86093
1.8605
1.86007
1.85964
1.85921
1.85878
1.85835
1.85792
1.8575
1.85707
1.85664
1.85621
1.85578
1.85535
1.85493
1.8545
1.85407
1.85365
1.85322
1.85279
1.85237
1.85194
1.85151
1.85109
1.85066
1.85024
1.84981
1.84939
1.84896
1.84854
1.84811
1.84769
1.84727
1.84684
1.84642
1.846
1.84557
1.84515
1.84473
1.84431
1.84388
1.84346
1.84304
1.84262
1.8422
1.84178
1.84136
1.84094
1.84052
1.8401
1.83968
1.83926
1.83884
1.83842
1.838
1.83758
1.83716
1.83674
2.13674
2.13617
2.13561
2.13504
2.13447
2.1339
2.13334
2.13277
2.1322
2.13164
2.13107
2.13051
2.12994
2.12938
2.12881
2.12825
2.12768
2.12712
2.12656
2.12599
2.12543
2.12487
2.12431
2.12374
2.12318
2.12262
2.12206
2.1215
2.12094
2.12038
2.11982
2.11926
2.1187
2.11814
2.11758
2.11702
2.11646
2.11591
2.11535
2.11479
2.11423
2.11368
2.11312
2.11256
2.11201
2.11145
2.1109
2.11034
2.10979
2.10923
2.10868
2.10812
2.10757
2.10701
2.10646
2.10591
2.10536
2.1048
2.10425
2.1037
2.10315
2.1026
2.10204
2.10149
2.10094
2.10039
2.09984
2.09929
2.09874
2.09819
2.09764
2.0971
2.09655
2.096
2.09545
2.0949
2.09436
2.09381
2.09326
2.09272
2.09217
2.09162
2.09108
2.09053
2.08999
2.08944
2.0889
2.08835
2.08781
2.08727
2.08672
2.08618
2.08564
2.08509
2.08455
2.08401
2.08347
2.08293
2.08238
2.08184
2.0813
2.08076
2.08022
2.07968
2.07914
2.0786
2.07806
2.07752
2.07699
2.07645
2.07591
2.07537
2.07483
2.0743
2.07376
2.07322
2.07269
2.07215
2.07161
2.07108
2.07054
2.07001
2.06947
2.06894
2.0684
2.06787
2.06734
2.0668
2.06627
2.06574
2.0652
2.06467
2.06414
2.06361
2.06308
2.06254
2.06201
2.06148
2.06095
2.06042
2.05989
2.05936
2.05883
2.0583
2.05777
2.05725
2.05672
2.05619
2.05566
2.05513
2.05461
2.05408
2.05355
2.05302
2.0525
2.05197
2.05145
2.05092
2.0504
2.04987
2.04935
2.04882
2.0483
2.04777
2.04725
2.04673
2.0462
2.04568
2.04516
2.04463
2.04411
2.04359
2.04307
2.04255
2.04203
2.0415
2.04098
2.04046
2.03994
2.03942
2.0389
2.03839
2.03787
2.03735
2.03683
2.03631
2.03579
2.03527
2.03476
2.03424
2.03372
2.03321
2.03269
2.03217
2.03166
2.03114
2.03063
2.03011
2.0296
2.02908
2.02857
2.02805
2.02754
2.02703
2.02651
2.026
2.02549
2.02497
2.02446
2.02395
2.02344
2.02293
2.02241
2.0219
2.02139
2.02088
2.02037
2.01986
2.01935
2.01884
2.01833
2.01782
2.01732
2.01681
2.0163
2.01579
2.01528
2.01477
2.01427
2.01376
2.01325
2.01275
2.01224
2.01174
2.01123
2.01072
2.01022
2.00971
2.00921
2.0087
2.0082
2.0077
2.00719
2.00669
2.00619
2.00568
2.00518
2.00468
2.00418
2.00367
2.00317
2.00267
2.00217
2.00167
2.00117
2.00067
2.00017
1.99967
1.99917
1.99867
1.99817
1.99767
1.99717
1.99667
1.99617
1.99568
1.99518
1.99468
1.99418
1.99369
1.99319
1.99269
1.9922
1.9917
1.99121
1.99071
1.99022
1.98972
1.98923
1.98873
1.98824
1.98774
1.98725
1.98676
1.98626
1.98577
2.28577
2.28513
2.28448
2.28384
2.2832
2.28256
2.28192
2.28128
2.28064
2.28
2.27936
2.27872
2.27808
2.27744
2.2768
2.27616
2.27552
2.27489
2.27425
2.27361
2.27298
2.27234
2.2717
2.27107
2.27043
2.2698
2.26916
2.26853
2.26789
2.26726
2.26663
2.26599
2.26536
2.26473
2.2641
2.26346
2.26283
2.2622
2.26157
2.26094
2.26031
2.25968
2.25905
2.25842
2.25779
2.25716
2.25653
2.25591
2.25528
2.25465
2.25402
2.2534
2.25277
2.25214
2.25152
2.25089
2.25027
2.24964
2.24902
2.24839
2.24777
2.24715
2.24652
2.2459
2.24528
2.24465
2.24403
2.24341
2.24279
2.24217
2.24155
2.24093
2.2403
2.23969
2.23907
2.23845
2.23783
2.23721
2.23659
2.23597
2.23535
2.23474
2.23412
2.2335
2.23289
2.23227
2.23165
2.23104
2.23042
2.22981
2.22919
2.22858
2.22796
2.22735
2.22674
2.22612
2.22551
2.2249
2.22429
2.22367
2.22306
2.22245
2.22184
2.22123
2.22062
2.22001
2.2194
2.21879
2.21818
2.21757
2.21696
2.21635
2.21575
2.21514
2.21453
2.21392
2.21332
2.21271
2.2121
2.2115
2.21089
2.21029
2.20968
2.20908
2.20847
2.20787
2.20726
2.20666
2.20606
2.20546
2.20485
2.20425
2.20365
2.20305
2.20245
2.20184
2.20124
2.20064
2.20004
2.19944
2.19884
2.19824
2.19765
2.19705
2.19645
2.19585
2.19525
2.19465
2.19406
2.19346
2.19286
2.19227
2.19167
2.19108
2.19048
2.18989
2.18929
2.1887
2.1881
2.18751
2.18691
2.18632
2.18573
2.18514
2.18454
2.18395
2.18336
2.18277
2.18218
2.18159
2.18099
2.1804
2.17981
2.17922
2.17864
2.17805
2.17746
2.17687
2.17628
2.17569
2.1751
2.17452
2.17393
2.17334
2.17276
2.17217
2.17158
2.171
2.17041
2.16983
2.16924
2.16866
2.16808
2.16749
2.16691
2.16632
2.16574
2.16516
2.16458
2.16399
2.16341
2.16283
2.16225
2.16167
2.16109
2.16051
2.15993
2.15935
2.15877
2.15819
2.15761
2.15703
2.15645
2.15587
2.1553
2.15472
2.15414
2.15356
2.15299
2.15241
2.15184
2.15126
2.15068
2.15011
2.14953
2.14896
2.14839
2.44839
2.44766
2.44694
2.44621
2.44549
2.44477
2.44405
2.44332
2.4426
2.44188
2.44116
2.44044
2.43972
2.439
2.43828
2.43756
2.43684
2.43613
2.43541
2.43469
2.43397
2.43326
2.43254
2.43182
2.43111
2.43039
2.42968
2.42896
2.42825
2.42753
2.42682
2.42611
2.42539
2.42468
2.42397
2.42326
2.42255
2.42183
2.42112
2.42041
2.4197
2.41899
2.41828
2.41758
2.41687
2.41616
2.41545
2.41474
2.41404
2.41333
2.41262
2.41192
2.41121
2.41051
2.4098
2.4091
2.40839
2.40769
2.40698
2.40628
2.40558
2.40487
2.40417
2.40347
2.40277
2.40207
2.40137
2.40067
2.39997
2.39927
2.39857
2.39787
2.39717
2.39647
2.39577
2.39508
2.39438
2.39368
2.39298
2.39229
2.39159
2.3909
2.3902
2.38951
2.38881
2.38812
2.38742
2.38673
2.38604
2.38534
2.38465
2.38396
2.38327
2.38258
2.38188
2.38119
2.3805
2.37981
2.37912
2.37843
2.37775
2.37706
2.37637
2.37568
2.37499
2.37431
2.37362
2.37293
2.37225
2.37156
2.37087
2.37019
2.3695
2.36882
2.36813
2.36745
2.36677
2.36608
2.3654
2.36472
2.36404
2.36335
2.36267
2.36199
2.36131
2.36063
2.35995
2.35927
2.35859
2.35791
2.35723
2.35655
2.35588
2.3552
2.35452
2.35384
2.35317
2.35249
2.35181
2.35114
2.35046
2.34979
2.34911
2.34844
2.34777
2.34709
2.34642
2.34575
2.34507
2.3444
2.34373
2.34306
2.34239
2.34171
2.34104
2.34037
2.3397
2.33903
2.33836
2.3377
2.33703
2.33636
2.33569
2.33502
2.33436
2.33369
2.33302
2.33236
2.33169
2.33102
2.33036
2.32969
2.32903
2.32836
2.3277
2.32704
2.32637
2.32571
2.32505
2.32439
2.32372
2.32306
2.3224
2.32174
2.32108
2.32042
2.31976
2.3191
2.31844
2.31778
2.31712
2.31646
2.3158
2.31515
2.31449
2.31383
2.31318
2.31252
2.31186
2.31121
2.31055
2.3099
2.30924
2.30859
2.30793
2.30728
2.30663
2.30597
2.30532
2.30467
2.30402
2.30336
2.30271
2.30206
2.30141
2.30076
2.30011
2.29946
2.29881
2.29816
2.29751
2.29686
2.29621
2.29557
2.29492
2.29427
2.29362
2.29298
2.29233
2.29169
2.29104
2.29039
2.28975
2.28911
2.28846
2.28782
2.28717
2.28653
2.28589
2.28524
2.2846
2.28396
2.28332
2.28268
2.28203
2.28139
2.28075
2.28011
2.27947
2.27883
2.27819
2.27756
2.27692
2.27628
2.27564
2.275
2.27437
2.27373
2.27309
2.27245
2.27182
2.27118
2.27055
2.26991
2.26928
2.26864
2.26801
2.26737
2.26674
2.26611
2.26548
2.26484
2.26421
2.26358
2.26295
2.26232
2.26168
2.26105
2.26042
2.25979
2.25916
2.25853
2.25791
2.25728
2.25665
2.25602
2.25539
2.25476
2.25414
2.25351
2.25288
2.25226
2.25163
2.25101
2.25038
2.24976
2.24913
2.24851
2.24788
2.24726
2.24663
2.24601
2.24539
2.24477
2.24414
2.24352
2.2429
2.24228
2.24166
2.24104
2.24042
2.2398
2.23918
2.23856
2.23794
2.23732
2.2367
2.23608
2.23547
2.23485
2.23423
2.23361
2.233
2.23238
2.23176
2.23115
2.23053
2.22992
2.2293
2.22869
2.22807
2.22746
2.22685
2.22623
2.22562
2.22501
2.2244
2.22378
2.22317
2.22256
2.22195
2.22134
2.22073
2.22012
2.21951
2.2189
2.21829
2.21768
2.21707
2.21646
2.21586
2.21525
2.21464
2.21403
2.21343
2.21282
2.21221
2.21161
2.211
2.2104
2.20979
2.20919
2.20858
2.20798
2.20737
2.20677
2.20617
2.20556
2.20496
2.20436
2.20376
2.20316
2.20255
2.20195
2.20135
2.20075
2.20015
2.19955
2.19895
2.19835
2.19775
2.19715
2.19656
2.19596
2.19536
2.19476
2.19417
2.19357
2.19297
2.19238
2.19178
2.19118
2.19059
2.18999
2.1894
2.1888
2.18821
2.18762
2.18702
2.18643
2.18584
2.18524
2.18465
2.18406
2.18347
2.18287
2.18228
2.18169
2.1811
2.18051
2.17992
2.17933
2.17874
2.17815
2.17756
2.17698
2.17639
2.1758
2.17521
2.17462
2.17404
2.17345
2.17286
2.17228
2.17169
2.1711
2.17052
2.16993
2.16935
2.16877
2.16818
2.1676
2.16701
2.16643
2.16585
2.16526
2.16468
2.1641
2.16352
2.16294
2.16235
2.16177
2.16119
2.16061
2.16003
2.15945
2.15887
2.15829
2.15771
2.15714
2.15656
2.15598
2.1554
2.15482
2.15425
2.15367
2.15309
2.15252
2.15194
2.15136
2.15079
2.15021
2.14964
2.14906
2.14849
2.14792
2.14734
2.14677
2.14619
2.14562
2.14505
2.14448
2.1439
2.14333
2.14276
2.14219
2.14162
2.14105
2.14048
2.13991
2.13934
2.13877
2.1382
2.13763
2.13706
2.13649
2.13593
2.13536
2.13479
2.13422
2.13366
2.13309
2.13252
2.13196
2.13139
2.13083
2.13026
2.12969
2.12913
2.12857
2.128
2.12744
2.12687
2.12631
2.12575
2.12519
2.12462
2.12406
2.1235
2.12294
2.12238
2.12181
2.12125
2.12069
2.12013
2.11957
2.11901
2.11845
2.1179
2.11734
2.11678
2.11622
2.11566
2.1151
2.11455
2.11399
2.11343
2.11288
2.11232
2.11176
2.11121
2.11065
2.1101
2.10954
2.10899
2.10843
2.40843
2.40773
2.40703
2.40632
2.40562
2.40492
2.40421
2.40351
2.40281
2.40211
2.40141
2.40071
2.40001
2.39931
2.39861
2.39791
2.39721
2.39651
2.39581
2.39512
2.39442
2.39372
2.39303
2.39233
2.39163
2.39094
2.39024
2.38955
2.38885
2.38816
2.38746
2.38677
2.38608
2.38538
2.38469
2.384
2.38331
2.38262
2.38193
2.38123
2.38054
2.37985
2.37916
2.37848
2.37779
2.3771
2.37641
2.37572
2.37503
2.37435
2.37366
2.37297
2.37229
2.3716
2.37091
2.37023
2.36954
2.36886
2.36818
2.36749
2.36681
2.36612
2.36544
2.36476
2.36408
2.3634
2.36271
2.36203
2.36135
2.36067
2.35999
2.35931
2.35863
2.35795
2.35727
2.3566
2.35592
2.35524
2.35456
2.35388
2.35321
2.35253
2.35186
2.35118
2.3505
2.34983
2.34915
2.34848
2.34781
2.34713
2.34646
2.34579
2.34511
2.34444
2.64444
2.64362
2.6428
2.64198
2.64115
2.64033
2.63951
2.6387
2.63788
2.63706
2.63624
2.63542
2.6346
2.63379
2.63297
2.63215
2.63134
2.63052
2.62971
2.62889
2.62808
2.62726
2.62645
2.62564
2.62483
2.62401
2.6232
2.62239
2.62158
2.62077
2.61996
2.61915
2.61834
2.61753
2.61672
2.61591
2.61511
2.6143
2.61349
2.61268
2.61188
2.61107
2.61027
2.60946
2.60866
2.60785
2.60705
2.60625
2.60544
2.60464
2.60384
2.60304
2.60224
2.60144
2.60063
2.59983
2.59903
2.59824
2.59744
2.59664
2.59584
2.59504
2.59424
2.59345
2.59265
2.59186
2.59106
2.59026
2.58947
2.58867
2.58788
2.58709
2.58629
2.5855
2.58471
2.58392
2.58312
2.58233
2.58154
2.58075
2.57996
2.57917
2.57838
2.57759
2.5768
2.57602
2.57523
2.57444
2.57365
2.57287
2.57208
2.57129
2.57051
2.56972
2.56894
2.56816
2.56737
2.56659
2.5658
2.56502
2.56424
2.56346
2.56268
2.56189
2.56111
2.56033
2.55955
2.55877
2.558
2.55722
2.55644
2.55566
2.55488
2.5541
2.55333
2.55255
2.55178
2.551
2.55022
2.54945
2.54868
2.5479
2.54713
2.54635
2.54558
2.54481
2.54404
2.54326
2.54249
2.54172
2.54095
2.54018
2.53941
2.53864
2.53787
2.5371
2.53633
2.53557
2.5348
2.53403
2.53327
2.5325
2.53173
2.53097
2.5302
2.52944
2.52867
2.52791
2.52714
2.52638
2.52562
2.52486
2.52409
2.52333
2.52257
2.52181
2.52105
2.52029
2.51953
2.51877
2.51801
2.51725
2.51649
2.51573
2.51498
2.51422
2.51346
2.51271
2.51195
2.51119
2.51044
2.50968
2.50893
2.50817
2.50742
2.50667
2.50591
2.50516
2.50441
2.50366
2.5029
2.50215
2.5014
2.50065
2.4999
2.49915
2.4984
2.49765
2.49691
2.49616
2.49541
2.49466
2.49391
2.49317
2.49242
2.49168
2.49093
2.49018
2.48944
2.4887
2.48795
2.48721
2.48646
2.48572
2.48498
2.48424
2.48349
2.48275
2.48201
2.48127
2.48053
2.47979
2.47905
2.47831
2.47757
2.47683
2.47609
2.47536
2.47462
2.47388
2.47315
2.47241
2.47167
2.47094
2.4702
2.46947
2.46873
2.468
2.46726
2.46653
2.4658
2.46507
2.46433
2.4636
2.46287
2.46214
2.46141
2.46068
2.45995
2.45922
2.45849
2.45776
2.45703
2.4563
2.45557
2.45485
2.45412
2.45339
2.45267
2.45194
2.45121
2.45049
2.44976
2.44904
2.44831
2.44759
2.44687
2.44614
2.44542
2.4447
2.44398
2.44325
2.44253
2.44181
2.44109
2.44037
2.43965
2.43893
2.43821
2.43749
2.43677
2.43606
2.43534
2.43462
2.4339
2.43319
2.43247
2.43175
2.43104
2.43032
2.42961
2.42889
2.42818
2.42747
2.42675
2.42604
2.42533
2.42461
2.4239
2.42319
2.42248
2.42177
2.42106
2.42035
2.41964
2.41893
2.41822
2.41751
2.4168
2.41609
2.41538
2.41468
2.41397
2.41326
2.41256
2.41185
2.41114
2.41044
2.40973
2.40903
2.40832
2.40762
2.40692
2.40621
2.40551
2.40481
2.40411
2.4034
2.4027
2.402
2.4013
2.4006
2.3999
2.3992
2.3985
2.3978
2.3971
2.3964
2.39571
2.39501
2.39431
2.39361
2.39292
2.39222
2.39153
2.39083
2.39013
2.38944
2.38875
2.38805
2.38736
2.38666
2.38597
2.38528
2.38459
2.38389
2.3832
2.38251
2.38182
2.38113
2.68113
2.68029
2.67945
2.67861
2.67777
2.67693
2.67609
2.67525
2.67442
2.67358
2.67274
2.67191
2.67107
2.67024
2.6694
2.66857
2.66773
2.6669
2.66607
2.66523
2.6644
2.66357
2.66274
2.66191
2.66107
2.66024
2.65941
2.65859
2.65776
2.65693
2.6561
2.65527
2.65444
2.65362
2.65279
2.65196
2.65114
2.65031
2.64949
2.64866
2.64784
2.64702
2.64619
2.64537
2.64455
2.64372
2.6429
2.64208
2.64126
2.64044
2.63962
2.6388
2.63798
2.63716
2.63634
2.63553
2.63471
2.63389
2.63308
2.63226
2.63144
2.63063
2.62981
2.629
2.62818
2.62737
2.62656
2.62574
2.62493
2.62412
2.62331
2.62249
2.62168
2.62087
2.62006
2.61925
2.61844
2.61763
2.61683
2.61602
2.61521
2.6144
2.6136
2.61279
2.61198
2.61118
2.61037
2.60957
2.60876
2.60796
2.60715
2.60635
2.60555
2.60475
2.60394
2.60314
2.60234
2.60154
2.60074
2.59994
2.59914
2.59834
2.59754
2.59674
2.59594
2.59515
2.59435
2.59355
2.59275
2.59196
2.59116
2.59037
2.58957
2.58878
2.58798
2.58719
2.5864
2.5856
2.58481
2.58402
2.58323
2.58244
2.58164
2.58085
2.58006
2.57927
2.57848
2.5777
2.57691
2.57612
2.57533
2.57454
2.57376
2.57297
2.57218
2.5714
2.57061
2.56983
2.56904
2.56826
2.56747
2.56669
2.56591
2.56512
2.56434
2.56356
2.56278
2.562
2.56122
2.56044
2.55966
2.55888
2.5581
2.55732
2.55654
2.55576
2.55498
2.55421
2.55343
2.55265
2.55188
2.5511
2.55033
2.54955
2.54878
2.548
2.54723
2.54646
2.54568
2.54491
2.54414
2.54337
2.54259
2.54182
2.54105
2.54028
2.53951
2.53874
2.53797
2.5372
2.53644
2.53567
2.5349
2.53413
2.53337
2.5326
2.53183
2.53107
2.5303
2.52954
2.52877
2.52801
2.52724
2.52648
2.52572
2.52496
2.52419
2.52343
2.52267
2.52191
2.52115
2.52039
2.51963
2.51887
2.51811
2.51735
2.51659
2.51583
2.51508
2.51432
2.51356
2.5128
2.51205
2.51129
2.51054
2.50978
2.50903
2.50827
2.50752
2.50677
2.50601
2.50526
2.50451
2.50376
2.503
2.50225
2.5015
2.50075
2.5
2.49925
2.4985
2.49775
2.497
2.49625
2.49551
2.49476
2.49401
2.49327
2.49252
2.49177
2.49103
2.49028
2.48954
2.48879
2.48805
2.4873
2.48656
2.48582
2.48507
2.48433
2.48359
2.48285
2.48211
2.48137
2.48063
2.47989
2.47915
2.47841
2.47767
2.47693
2.47619
2.47545
2.47472
2.47398
2.47324
2.47251
2.47177
2.47103
2.4703
2.46956
2.46883
2.46809
2.46736
2.46663
2.46589
2.46516
2.46443
2.4637
2.46297
2.46223
2.4615
2.46077
2.46004
2.45931
2.45858
2.45785
2.45712
2.4564
2.45567
2.45494
2.45421
2.45349
2.45276
2.45203
2.45131
2.45058
2.44986
2.44913
2.44841
2.44768
2.44696
2.44624
2.44551
2.44479
2.44407
2.44335
2.44263
2.44191
2.44118
2.44046
2.43974
2.43902
2.4383
2.43759
2.43687
2.43615
2.43543
2.43471
2.434
2.43328
2.43256
2.43185
2.43113
2.43042
2.4297
2.42899
2.42827
2.42756
2.42684
2.42613
2.42542
2.4247
2.42399
2.42328
2.42257
2.42186
2.42115
2.42044
2.41973
2.41902
2.41831
2.4176
2.41689
2.41618
2.41547
2.41477
2.41406
2.41335
2.41265
2.41194
2.41123
2.41053
2.40982
2.40912
2.40841
2.40771
2.40701
2.4063
2.4056
2.4049
2.4042
2.40349
2.40279
2.40209
2.40139
2.40069
2.39999
2.39929
2.39859
2.39789
2.39719
2.39649
2.3958
2.3951
2.3944
2.3937
2.39301
2.39231
2.39161
2.39092
2.39022
2.38953
2.38883
2.38814
2.38745
2.38675
2.38606
2.38537
2.38467
2.38398
2.38329
2.3826
2.38191
2.38122
2.38053
2.37984
2.37915
2.37846
2.37777
2.37708
2.37639
2.3757
2.37501
2.37433
2.37364
2.37295
2.37227
2.37158
2.3709
2.37021
2.36953
2.36884
2.36816
2.36747
2.36679
2.36611
2.36542
2.36474
2.36406
2.36338
2.36269
2.36201
2.36133
2.36065
2.35997
2.35929
2.35861
2.35793
2.35725
2.35658
2.3559
2.35522
2.35454
2.35387
2.35319
2.35251
2.35184
2.35116
2.35049
2.34981
2.34914
2.34846
2.34779
2.34711
2.34644
2.34577
2.34509
2.34442
2.34375
2.34308
2.34241
2.34174
2.34107
2.34039
2.33972
2.63972
2.63891
2.63809
2.63727
2.63645
2.63563
2.63481
2.634
2.63318
2.63236
2.63155
2.63073
2.62992
2.6291
2.62829
2.62747
2.62666
2.62585
2.62503
2.62422
2.62341
2.6226
2.62179
2.62098
2.62017
2.61936
2.61855
2.61774
2.61693
2.61612
2.61531
2.61451
2.6137
2.61289
2.61209
2.61128
2.61047
2.60967
2.60886
2.60806
2.60726
2.60645
2.60565
2.60485
2.60404
2.60324
2.60244
2.60164
2.60084
2.60004
2.59924
2.59844
2.59764
2.59684
2.59604
2.59525
2.59445
2.59365
2.59286
2.59206
2.59126
