-2.87406
-2.79512
-3.12806
-3.45769
-3.37294
-3.57364
-3.48774
-3.40269
-3.31849
-3.51974
-3.56086
-3.47509
-3.39017
-3.43258
-3.18997
-3.10789
-3.02662
-3.23077
-3.14828
-3.06661
-2.51141
-2.72068
-2.92787
-2.8484
-2.76971
-2.5337
-2.45814
-2.50983
-2.2764
-2.48801
-2.41291
-2.33856
-2.26495
-2.19207
-2.11992
-1.89037
-1.82121
-2.03735
-2.25134
-2.1786
-2.10658
-2.03527
-2.09117
-2.02002
-1.94958
-1.72172
-1.65425
-1.71394
-1.64654
-2.14902
-2.0773
-1.84817
-2.06404
-2.27777
-2.20476
-2.41708
-2.34269
-2.26904
-2.19612
-2.12392
-2.05244
-2.10817
-2.03685
-1.65001
-1.58325
-1.35904
-1.29517
-1.23194
-1.16934
-1.51846
-1.45301
-1.7993
-2.01566
-1.94526
-1.87556
-2.09116
-2.02001
-1.79146
-1.72329
-1.78229
-1.71421
-1.64681
-1.86469
-1.63768
-1.41292
-1.75962
-2.26098
-2.18814
-2.11602
-2.04462
-1.97394
-1.90395
-1.83466
-2.05067
-2.10641
-2.03511
-1.96452
-1.89463
-2.39464
-2.44696
-2.37227
-2.14021
-2.06857
-1.99765
-1.92743
-1.85791
-1.78908
-2.29014
-2.21701
-2.14461
-2.07293
-1.68573
-1.90322
-1.83394
-1.60723
-1.79388
-2.42139
-2.34695
-2.55786
-2.48207
-2.69163
-3.18372
-3.1017
-3.30509
-3.50647
-3.70584
-3.61863
-4.92368
-4.82435
-4.56789
-4.47209
-4.37725
-4.56796
-4.75677
-4.6591
-4.24617
-4.28006
-4.18713
-4.37973
-4.28581
-4.76204
-4.94891
-5.13393
-5.03251
-4.93209
-5.11728
-5.01602
-5.48498
-5.66466
-5.24173
-5.42383
-5.16141
-5.34432
-5.2408
-5.13831
-4.87872
-5.06444
-5.53292
-5.42752
-5.16506
-5.06332
-4.9626
-5.14748
-4.88781
-4.78883
-5.38654
-5.56721
-5.74607
-5.63856
-5.374
-5.55479
-5.44917
-5.34461
-5.8103
-5.70214
-5.43695
-5.61711
-5.51088
-5.4057
-5.14346
-4.88382
-4.78488
-5.25614
-5.1535
-5.33648
-5.23304
-5.13063
-5.31384
-5.49523
-5.67481
-5.56801
-5.30415
-5.20103
-5.09893
-5.28246
-5.46416
-5.35945
-5.25578
-5.15314
-5.33613
-5.04295
-4.94243
-5.53861
-5.43316
-5.45525
-5.19251
-5.37511
-5.27128
-5.45309
-5.34849
-5.24493
-5.1424
-5.04089
-5.5096
-5.97365
-5.67413
-5.56733
-5.14536
-5.04382
-4.94329
-4.84376
-4.58711
-5.06034
-4.95964
-4.98644
-5.17109
-5.3539
-5.53489
-5.42947
-5.16699
-5.06524
-5.2491
-5.14653
-5.04497
-5.51364
-5.40844
-5.43077
-5.32639
-5.22305
-5.97455
-5.86476
-5.43984
-5.33537
-5.20031
-4.94011
-4.84062
-4.584
-4.48804
-4.96225
-4.70442
-5.01836
-4.91809
-4.81881
-4.72052
-4.62321
-4.52686
-4.55797
-4.46227
-4.20941
-3.92745
-3.83803
-3.7495
-3.94645
-3.85684
-3.61001
-4.50405
-4.6935
-4.59645
-4.34226
-4.24871
-3.99798
-3.90786
-4.38784
-4.29384
-4.20077
-4.10863
-4.58662
-4.49064
-4.68022
-4.42519
-4.33082
-4.23738
-4.42948
-4.33506
-4.36808
-4.55888
-4.46317
-4.65303
-4.39827
-4.30416
-4.05288
-3.96221
-4.44165
-4.47361
-4.37875
-4.28484
-4.19186
-4.38441
-4.29045
-4.19741
-4.1053
-4.01411
-4.20843
-3.9581
-3.86838
-4.06415
-3.97337
-3.88349
-3.63639
-4.11907
-4.31235
-4.5037
-4.40855
-4.59895
-4.50284
-4.4077
-3.83915
-3.75061
-3.66295
-3.57616
-3.42699
-3.62715
-3.66721
-3.70687
-3.61964
-3.53328
-3.73239
-3.32868
-3.0871
-3.29064
-3.49216
-3.69168
-3.6046
-3.51839
-3.55953
-3.75838
-3.95524
-4.15015
-4.05851
-3.96779
-3.87796
-4.64285
-4.83091
-5.30171
-5.0405
-4.94001
-4.84051
-5.02661
-4.92625
-4.82689
-4.72852
-4.75762
-4.65994
-4.56323
-4.15125
-4.02798
-3.93756
-3.84804
-4.04401
-4.23804
-4.14552
-4.18042
-4.65769
-4.84561
-5.15815
-5.05648
-4.95583
-4.82455
-4.7262
-4.62883
-4.53243
-4.7216
-4.30805
-4.49944
-4.40433
-4.15205
-4.345
-4.25142
-4.15878
-3.59271
-3.34851
-3.83406
-3.74556
-3.65795
-3.57121
-3.48534
-3.40031
-3.60074
-3.19834
-3.24267
-3.16006
-3.07827
-2.83919
-3.3298
-3.24633
-3.16368
-3.08186
-3.00085
-2.60442
-3.22387
-3.14145
-3.05985
-2.97906
-2.89907
-3.10449
-4.00356
-3.75527
-4.23677
-4.42887
-4.46096
-3.89188
-4.08742
-3.99641
-3.9063
-3.65897
-4.14143
-4.14475
-4.30615
-4.49757
-4.81357
-4.71533
-4.30184
-4.05058
-3.95993
-4.15479
-4.34771
-4.53872
-4.2851
-4.31861
-4.5099
-4.25657
-3.68953
-4.01357
-4.2079
-4.11569
-4.309
-4.46876
-4.91154
-4.81233
-4.99871
-4.74051
-4.92761
-5.11284
-4.85351
-4.75487
-4.94182
-4.9688
-4.86902
-4.77023
-5.08351
-5.2672
-5.00633
-4.90617
-4.80701
-4.55073
-4.58159
-4.77027
-5.24167
-5.26566
-5.00481
-5.18928
-4.92919
-4.8298
-5.016
-4.59952
-4.6299
-4.94459
-4.84505
-4.58838
-4.49238
-4.39734
-4.87245
-4.90012
-5.65484
-5.54823
-5.56917
-5.74802
-5.48237
-5.94668
-5.83717
-5.72875
-5.6214
-5.51513
-5.40991
-4.95788
-4.7001
-4.88759
-4.78862
-5.25984
-5.15716
-5.0555
-4.79674
-4.82516
-5.29602
-5.19298
-4.77474
-5.2461
-5.27004
-5.00915
-4.90897
-5.09438
-4.99335
-5.17793
-5.07606
-5.10171
-5.6963
-6.15849
-6.04687
-6.06285
-6.23679
-5.96627
-5.98306
-5.84156
-5.73309
-5.6257
-5.51938
-5.25601
-4.99525
-4.89521
-4.63804
-4.54155
-4.73062
-4.7597
-4.662
-4.40716
-4.43945
-4.34494
-4.53597
-4.28238
-3.87319
-3.78431
-4.10741
-4.0162
-3.92589
-3.83649
-3.74797
-3.66034
-3.57357
-4.46798
-4.37318
-4.12121
-4.02986
-3.93942
-3.81825
-4.14102
-3.89135
-3.80229
-3.99872
-3.75048
-3.66282
-3.41791
-3.33356
-3.53465
-3.44914
-4.06018
-4.25404
-4.16137
-3.91151
-4.39145
-4.26579
-4.173
-3.92303
-3.83365
-3.74516
-3.65755
-3.57082
-3.16871
-3.08684
-3.00578
-2.92553
-2.84608
-3.05202
-2.97131
-3.0179
-3.06402
-3.26779
-3.31142
-3.51274
-3.42744
-3.34299
-3.54399
-2.98405
-2.90401
-2.82477
-3.60014
-3.51397
-3.11244
-2.87301
-2.92057
-2.84117
-2.60444
-3.19226
-3.11016
-3.02887
-2.94839
-2.86871
-3.20092
-3.11872
-2.84761
-2.45271
-2.37796
-2.58856
-2.51246
-2.84821
-3.05414
-2.81529
-2.73693
-2.65936
-2.39282
-2.60327
-2.81163
-2.73331
-2.65577
-2.70549
-3.19744
-3.11528
-3.03394
-3.23802
-3.15545
-2.9156
-3.12085
-3.00783
-3.18054
-3.09855
-3.01738
-2.93701
-2.85745
-2.77867
-2.82717
-2.27436
-2.20138
-2.25563
-2.46744
-2.39255
-2.16029
-1.93033
-1.70267
-1.63538
-1.56877
-1.47119
-1.40621
-1.18376
-1.12164
-1.75584
-1.97263
-1.90266
-1.83338
-1.60668
-1.54035
-1.47468
-1.25155
-1.18876
-0.968471
-1.03498
-0.974341
-0.88268
-0.823554
-0.448789
-0.39398
-0.624321
-0.567766
-0.511773
-0.298223
-0.529518
-0.315791
0.0539218
-0.465481
-0.0942784
-0.327602
-0.273999
-0.0628151
-0.707548
-0.934769
-0.875125
-0.499846
-0.729134
-0.671536
-0.61451
-0.399939
-0.345616
-0.861044
-0.897001
-1.24883
-1.18606
-1.40852
-1.18605
-1.1239
-1.06238
-1.53905
-1.47339
-1.40839
-1.47052
-1.69015
-1.9076
-2.12288
-2.46251
-2.79876
-2.72057
-2.92776
-2.84828
-2.45337
-2.37862
-2.30461
-2.07322
-2.12874
-2.05721
-2.27101
-2.19807
-2.41046
-2.17802
-2.39061
-2.12674
-2.18173
-2.52077
-3.01456
-2.93422
-3.13928
-3.0577
-3.10343
-3.02221
-3.32126
-3.52248
-3.56358
-3.31966
-3.36278
-3.27898
-3.03789
-2.95732
-3.44676
-3.36213
-3.27833
-3.19537
-2.92349
-2.84406
-2.6073
-2.81562
-2.86376
-2.78492
-2.54875
-2.47305
-2.6827
-2.44755
-2.49935
-2.42413
-2.63427
-2.55772
-2.32381
-2.25035
-2.0195
-2.80288
-2.72465
-2.9318
-3.26338
-3.30706
-3.22381
-3.14139
-3.34439
-3.26077
-2.86176
-3.06754
-2.82856
-2.75008
-2.35614
-2.56696
-2.33296
-2.10129
-2.03004
-1.9595
-1.88966
-1.6624
-1.59551
-1.8139
-2.03011
-2.24417
-2.1715
-2.22604
-2.43815
-2.36355
-2.57429
-2.78294
-2.98951
-2.90942
-2.83013
-2.75163
-3.24312
-3.1605
-2.9206
-2.96769
-3.45703
-3.34066
-4.11089
-4.14614
-4.05454
-3.96385
-3.87407
-3.78518
-3.53906
-3.4535
-3.6534
-3.56671
-3.48087
-3.80699
-3.71877
-3.63142
-3.54495
-3.74394
-3.94095
-4.136
-3.88639
-4.36658
-4.52577
-4.4304
-4.33597
-4.24249
-4.43454
-4.34007
-4.24654
-4.43855
-4.47053
-4.37571
-4.56643
-5.03986
-5.50858
-5.24531
-4.98467
-5.16933
-4.90944
-4.49402
-4.68356
-4.87122
-5.62623
-5.80451
-5.69641
-5.58939
-5.1672
-5.19193
-5.08993
-4.98894
-4.88896
-6.213
-6.67004
-6.55333
-6.43778
-6.16527
-6.05358
-5.94301
-6.24463
-5.97403
-7.54026
-7.41489
-7.29077
-7.00977
-7.17428
-6.89444
-6.90199
-7.06757
-7.23151
-7.10922
-6.98814
-6.86826
-7.03418
-6.75573
-6.60655
-6.77507
-6.94192
-6.82251
-7.5581
-7.68553
-7.84332
-7.71494
-7.87244
-7.87025
-7.7416
-8.02532
-7.89513
-7.76623
-8.1762
-8.0445
-7.91411
-7.78503
-8.19481
-8.47402
-8.18125
-8.33411
-8.0111
-7.88105
-7.75229
-7.62481
-8.06781
-7.90557
-7.77657
-7.33262
-7.20931
-7.08724
-6.96638
-7.70053
-7.57357
-7.73247
-7.73168
-7.88902
-7.60206
-7.15985
-6.88015
-7.33056
-7.49188
-7.367
-7.24335
-7.12094
-6.68351
-6.56667
-6.45099
-6.33646
-6.34956
-6.64713
-6.81525
-6.6971
-6.86472
-7.03068
-6.91038
-6.79128
-6.79985
-6.68185
-6.56502
-6.41774
-6.30354
-6.47508
-6.36031
-6.08856
-6.38874
-6.2432
-6.25723
-5.98651
-6.00309
-6.46223
-6.63219
-6.51586
-6.40068
-6.57126
-6.45553
-6.62556
-6.50929
-6.23607
-6.40828
-6.13606
-6.02466
-5.91437
-6.08979
-5.82074
-5.83897
-6.14162
-6.31478
-6.2016
-6.21604
-5.94573
-5.83623
-5.72782
-5.62048
-5.51421
-5.69361
-5.4285
-5.32414
-6.07464
-6.24846
-5.97783
-5.86801
-6.04388
-5.77529
-5.66748
-5.56074
-6.02428
-5.914
-6.08941
-6.26309
-6.15042
-6.32349
-6.21023
-6.09809
-5.82896
-5.72062
-5.61335
-5.50716
-5.68662
-5.5797
-5.47383
-5.36903
-5.26526
-5.16253
-5.34542
-5.8111
-5.70294
-5.59585
-5.48983
-5.38486
-5.56554
-5.30171
-5.19861
-4.93843
-5.12355
-5.59144
-5.77007
-5.66231
-5.55563
-5.29189
-5.4735
-5.93791
-5.82848
-5.84663
-5.73812
-5.63068
-5.52431
-5.419
-5.88395
-6.05966
-5.79091
-5.68295
-5.57606
-5.47024
-5.93467
-6.10988
-6.12524
-6.26693
-6.43884
-6.32443
-6.49576
-6.38078
-6.26695
-6.15425
-6.32728
-6.05586
-5.94527
-5.83577
-6.01196
-6.1864
-6.35911
-7.09931
-6.82021
-6.70201
-6.58498
-6.46912
-6.35441
-6.24084
-6.1284
-6.30168
-6.31513
-6.20195
-6.0899
-6.26356
-5.83467
-6.01087
-5.90072
-6.77197
-6.49614
-6.38116
-6.83653
-7.57198
-7.44629
-7.60646
-7.60693
-7.7655
-8.2071
-8.0751
-8.22901
-8.38139
-8.37415
-8.36697
-8.23338
-8.10111
-7.97016
-8.12512
-8.56314
-8.96518
-8.66752
-8.37282
-8.33404
-8.20077
-8.63804
-8.34364
-8.21027
-8.36284
-8.35578
-8.34879
-8.21537
-8.08329
-7.95252
-8.10765
-8.10313
-8.09865
-8.25233
-8.08825
-7.95743
-7.82791
-8.26889
-7.82004
-8.67219
-8.53556
-8.68489
-8.54814
-8.25463
-8.12215
-7.83288
-7.83109
-7.54471
-7.7039
-7.5769
-7.73578
-7.60846
-7.3243
-7.32757
-7.77353
-7.93044
-7.80119
-7.67323
-7.54653
-7.26299
-7.14038
-7.30359
-7.30707
-7.46863
-7.34397
-7.63165
-7.50537
-7.38035
-7.54118
-7.25768
-7.13513
-7.8676
-7.86547
-7.73686
-7.60954
-7.76809
-7.92505
-7.79586
-7.50983
-7.38476
-7.54555
-7.42013
-7.29595
-7.29951
-7.46114
-7.46305
-7.33845
-7.21508
-7.09295
-7.09852
-6.97755
-6.85778
-6.7392
-6.46369
-6.34903
-6.23552
-6.24962
-6.4217
-6.30746
-6.47896
-6.64876
-6.53226
-6.54341
-7.37664
-7.2529
-7.13039
-7.0091
-6.88902
-6.77013
-6.65242
-6.82049
-6.54417
-6.42871
-6.59901
-6.76761
-6.64993
-6.53342
-6.41807
-6.30386
-6.4754
-6.20251
-6.09046
-6.26412
-6.11982
-6.00859
-5.74034
-6.04398
-5.9335
-5.82412
-6.00043
-6.01687
-5.74855
-5.64101
-5.53453
-5.27101
-5.16822
-4.90834
-4.80916
-5.12206
-5.30535
-6.05604
-5.94544
-6.53164
-6.4163
-6.30212
-6.18907
-6.07714
-6.25094
-5.98028
-6.43965
-6.32523
-6.21195
-6.0998
-5.83065
-5.72229
-5.61501
-6.07801
-5.93556
-5.82616
-5.84434
-5.73584
-6.48224
-6.3674
-6.2537
-6.14113
-6.02969
-6.04584
-6.63104
-6.51472
-6.24144
-6.25548
-6.1429
-6.03143
-6.49029
-6.21725
-6.67426
-6.5575
-6.72652
-6.89385
-6.77491
-6.34093
-6.63859
-6.64869
-6.65868
-6.38397
-6.2701
-6.15737
-6.61497
-6.49881
-6.3838
-6.26994
-6.15721
-6.4567
-6.34211
-6.51327
-6.39812
-6.56872
-6.2949
-6.30842
-6.76452
-6.77336
-6.94022
-6.82082
-6.70261
-6.58558
-6.43809
-6.60829
-6.49219
-6.06102
-6.07687
-6.09255
-6.26619
-5.99538
-6.16999
-6.05826
-5.78952
-5.96617
-6.14107
-6.02962
-6.33038
-6.02732
-6.2016
-6.65877
-6.54217
-6.42673
-6.31244
-6.19929
-6.49836
-6.38336
-6.39599
-6.28201
-6.16916
-6.18392
-6.07205
-6.08778
-5.81875
-5.55239
-5.73141
-5.62404
-5.80234
-5.37804
-5.55878
-5.73774
-5.91491
-5.77409
-5.50818
-5.40303
-5.14081
-4.8812
-4.78229
-5.53818
-5.27462
-5.29828
-5.76443
-5.90971
-5.16811
-5.06635
-4.96559
-4.86584
-5.33629
-5.23285
-5.25694
-5.43889
-5.0182
-4.91793
-4.81865
-5.00497
-4.90482
-4.80568
-4.99212
-4.89211
-5.07769
-5.95713
-5.84752
-6.02359
-5.59709
-5.49105
-5.67068
-5.56391
-5.45821
-5.35356
-5.53455
-5.42914
-6.17859
-6.63598
-6.51961
-6.40439
-6.29033
-6.01928
-5.75093
-5.64337
-5.37876
-5.40139
-5.2973
-5.19425
-5.37683
-5.11487
-5.01363
-4.9134
-4.81417
-4.71593
-4.74515
-4.64759
-4.55101
-4.58187
-4.48594
-4.67557
-4.86331
-4.76457
-5.23603
-4.97547
-5.44484
-5.75141
-5.48573
-5.66541
-5.68518
-5.57827
-5.47242
-5.20952
-5.39194
-5.28795
-5.72258
-5.45718
-5.35254
-5.37543
-5.11349
-5.29687
-5.19382
-5.3764
-5.27257
-5.16976
-5.06798
-4.96721
-4.86744
-5.05327
-5.23725
-5.1348
-5.88718
-5.46203
-5.64194
-5.53546
-5.71465
-5.44933
-5.62937
-5.49139
-6.24022
-6.12779
-6.01647
-6.19087
-6.04731
-5.93679
-6.11198
-5.84271
-5.73423
-5.46872
-5.36396
-5.82946
-5.563
-5.58379
-5.47789
-5.37304
-5.39573
-5.2917
-5.1887
-5.08673
-4.82766
-4.72928
-4.63188
-5.10466
-5.41462
-5.15229
-5.33529
-5.23186
-5.41406
-5.30985
-5.49128
-5.38629
-5.28236
-5.17945
-5.64679
-5.54026
-5.71939
-5.61214
-5.79056
-5.6826
-5.98681
-5.8769
-5.76808
-5.66035
-5.55368
-5.28997
-5.18699
-5.08503
-4.95247
-4.85285
-4.75422
-4.94118
-5.12627
-5.02492
-4.92458
-5.39445
-5.29043
-5.18745
-5.08549
-4.82643
-4.56995
-4.47414
-4.37928
-4.41185
-4.31761
-4.2243
-4.41653
-4.60685
-4.79527
-4.5391
-4.4436
-4.91825
-4.81897
-4.56256
-4.59331
-4.49727
-4.24406
-4.11987
-4.02853
-4.22271
-4.13035
-3.88079
-3.79184
-3.70376
-3.61657
-3.53024
-3.44477
-3.77125
-3.68338
-3.59639
-3.51026
-3.26688
-3.18403
-3.102
-3.02079
-2.94039
-2.98728
-2.90722
-3.39716
-2.99678
-3.20123
-3.11903
-3.16415
-3.08232
-3.00131
-2.88948
-2.65227
-2.57554
-2.78417
-2.99073
-3.19523
-3.1131
-3.31638
-3.07493
-2.99399
-2.91386
-3.11912
-3.32235
-3.52355
-3.43815
-3.00575
-3.2101
-3.12782
-3.33096
-3.37396
-3.29005
-3.20697
-3.25121
-3.45312
-3.93763
-3.50025
-3.41508
-3.33076
-3.81649
-3.72817
-3.64073
-3.83877
-3.75023
-3.94717
-3.69944
-3.61229
-3.526
-3.72518
-3.63777
-3.55123
-3.46555
-3.22261
-3.14021
-3.34322
-3.25961
-3.17684
-2.93677
-2.85721
-2.77843
-2.98505
-2.905
-3.23685
-3.1543
-2.91446
-2.51889
-2.72809
-2.49249
-2.25923
-2.3129
-1.92331
-2.42304
-2.9178
-2.83842
-3.04444
-2.96381
-3.16858
-3.65592
-3.8538
-3.76512
-3.67731
-3.71687
-3.31331
-3.19838
-3.11621
-3.03486
-2.9227
-2.96977
-3.17448
-3.09255
-2.85332
-3.05919
-2.97841
-2.89843
-3.10385
-3.02263
-2.94221
-2.86259
-2.78376
-2.70572
-2.75495
-2.67719
-2.60021
-2.52399
-2.29042
-2.50189
-2.83775
-2.60106
-2.52484
-2.29126
-2.50272
-2.55397
-2.47821
-2.24509
-2.17241
-2.10045
-1.8711
-1.80214
-1.54412
-1.47842
-1.41336
-1.34896
-1.28519
-1.22206
-1.28605
-1.634
-1.5674
-1.31173
-1.53294
-1.43572
-1.37109
-1.3071
-1.24375
-1.75024
-1.96709
-2.15016
-2.07842
-2.0074
-2.22168
-2.71845
-2.76754
-2.53155
-2.45602
-2.66584
-2.87358
-2.76302
-2.81167
-2.73336
-2.65581
-2.83203
-2.75351
-2.67577
-2.5988
-2.8072
-2.72893
-2.77792
-2.69994
-2.43299
-2.35844
-2.28463
-2.05344
-2.26727
-2.19437
-2.12219
-2.58832
-2.51222
-2.72149
-2.64406
-2.6939
-2.90136
-3.10675
-3.0255
-2.62882
-2.80531
-3.29626
-3.21312
-3.1308
-2.8912
-3.38129
-3.4238
-3.33939
-3.38231
-3.29831
-3.49975
-3.9838
-4.17842
-4.0865
-4.12199
-4.03063
-3.78207
-3.37787
-3.70501
-3.87078
-3.78193
-3.69395
-3.60685
-3.64711
-4.12969
-4.03826
-3.94773
-3.85811
-3.76938
-3.68153
-3.59455
-3.50845
-3.9924
-3.90234
-4.38237
-4.28843
-4.48002
-4.3851
-4.29112
-4.19808
-3.94785
-4.26933
-4.30299
-5.06365
-4.96292
-5.27429
-5.29796
-5.1949
-4.93476
-5.40452
-5.30041
-5.19732
-5.37987
-5.5606
-5.29682
-5.19377
-5.09175
-5.68644
-5.57952
-5.75827
-5.93523
-5.82583
-5.71752
-5.61029
-5.78873
-5.96539
-6.1403
-6.02886
-5.91853
-5.61956
-5.35519
-5.53616
-5.43074
-5.16824
-5.19297
-5.09095
-5.27456
-5.01362
-5.198
-5.22242
-5.12012
-5.01883
-4.91855
-5.23036
-5.12798
-5.02661
-4.92625
-4.82689
-5.58233
-5.47645
-5.2135
-5.11128
-5.01008
-4.75177
-4.65415
-4.5575
-4.74641
-4.64884
-4.55224
-4.4566
-4.48841
-4.23529
-3.98469
-3.73659
-4.21827
-4.69517
-4.59811
-4.62851
-5.10132
-5.00022
-4.90012
-4.64291
-4.38825
-4.29425
-4.20118
-4.4885
-4.3935
-4.14133
-4.04978
-4.65484
-4.55818
-4.46248
-4.65234
-4.84031
-4.74181
-4.64428
-4.38962
-4.86481
-4.76606
-4.9529
-5.13788
-5.03641
-5.22056
-5.40288
-5.14066
-5.32377
-5.22046
-5.68738
-5.42234
-5.31804
-5.78399
-6.34018
-6.22675
-6.11445
-6.00327
-5.89319
-5.78421
-5.67631
-5.85409
-5.58739
-5.57632
-5.47049
-5.36572
-5.26198
-5.85499
-6.03099
-5.92064
-6.09599
-5.98499
-5.71698
-5.60976
-5.50359
-5.39849
-5.29443
-5.19141
-5.2159
-5.11366
-5.01244
-5.19682
-5.09477
-4.99374
-4.8937
-5.07927
-4.82028
-5.00658
-4.90642
-5.09186
-5.11735
-4.85797
-4.88578
-5.76713
-5.6594
-5.55275
-5.44716
-5.34261
-5.23911
-4.97852
-4.87864
-4.62164
-5.37913
-5.55987
-5.73881
-5.91597
-5.80676
-5.69864
-5.8762
-5.60928
-5.50312
-5.39802
-5.57857
-5.47272
-5.65253
-5.54594
-5.2823
-5.5905
-5.48453
-5.37961
-5.27574
-5.01479
-5.48376
-5.37886
-5.11688
-5.01562
-5.04186
-5.22596
-5.12362
-5.02229
-4.89036
-4.79135
-4.37711
-4.56782
-4.59852
-4.3443
-4.53534
-4.43987
-4.34535
-4.25177
-3.84289
-3.8808
-3.63373
-3.83184
-3.74337
-3.94038
-3.97732
-3.88741
-3.79838
-3.55213
-4.03565
-4.51437
-4.8302
-4.7318
-4.91898
-4.78807
-4.97469
-5.15945
-4.89966
-4.80056
-4.70245
-4.60532
-4.19292
-4.22735
-4.41955
-4.45173
-4.35709
-4.26339
-4.45523
-4.36056
-4.26683
-4.17403
-4.36676
-4.27297
-4.18011
-4.08817
-3.99715
-3.90703
-3.81782
-3.85598
-3.76727
-3.67944
-3.59248
-3.5064
-3.70577
-3.61855
-3.50058
-3.98462
-3.89463
-3.80553
-3.71732
-3.75648
-4.23797
-3.98735
-3.89733
-3.80821
-3.84647
-3.75785
-3.67012
-3.58325
-3.78186
-3.97849
-3.73045
-3.92759
-3.83817
-3.74964
-3.94659
-4.14158
-4.01841
-3.76997
-3.68211
-3.59513
-4.36283
-4.39557
-4.30149
-4.20835
-3.95802
-3.86829
-3.77946
-3.97611
-4.74002
-4.4844
-4.38944
-4.86463
-4.76588
-4.51001
-4.09856
-4.29204
-4.4836
-4.67325
-4.41829
-4.32399
-4.23062
-4.42279
-4.01221
-4.20655
-4.39895
-4.30484
-4.05355
-4.24748
-4.15487
-4.6324
-4.53596
-4.44049
-4.34596
-5.39079
-5.28681
-5.59496
-5.48895
-6.2378
-5.96728
-5.85756
-5.87543
-5.76662
-5.78539
-5.51937
-5.41411
-5.5945
-5.48849
-5.22542
-5.40769
-5.87275
-6.17507
-6.34789
-6.36088
-6.24724
-5.945
-6.12011
-5.85076
-5.7422
-5.63472
-5.52831
-5.26485
-5.16212
-5.34502
-5.08338
-4.95083
-5.13583
-5.28737
-5.46902
-5.36426
-5.82976
-6.00601
-5.73779
-5.63036
-5.8086
-5.70046
-5.878
-5.76917
-5.66143
-5.64962
-5.66955
-5.5628
-5.14088
-4.88127
-5.06696
-5.25081
-5.27471
-5.58298
-5.31897
-5.2157
-5.23995
-4.97936
-5.44868
-5.47061
-5.36584
-5.2621
-5.1594
-5.34233
-5.23883
-5.42096
-5.44317
-5.62328
-5.35887
-5.22358
-5.12126
-4.86185
-4.76313
-4.66539
-4.56863
-4.47283
-4.37798
-4.28407
-4.47571
-4.50732
-4.41213
-4.44438
-4.34981
-4.25619
-4.4481
-4.3535
-4.25984
-4.45172
-4.19896
-4.10684
-4.30024
-4.04899
-3.80025
-3.55398
-3.31016
-3.06877
-3.27249
-3.47419
-3.38928
-3.58982
-3.34564
-3.54662
-3.74559
-4.06907
-4.38934
-4.13721
-4.0457
-4.2397
-3.98906
-3.74091
-4.22256
-4.4148
-4.44703
-4.35243
-4.25878
-4.45067
-4.35604
-4.54696
-4.29326
-4.6113
-5.08428
-4.98335
-4.88342
-4.62637
-4.65649
-4.4017
-4.59216
-4.33801
-4.24451
-4.72114
-5.03492
-4.93448
-5.11964
-5.30296
-5.19985
-5.09777
-4.99671
-4.89665
-4.79758
-4.98411
-5.16878
-5.067
-5.25085
-4.99014
-4.89015
-5.36036
-5.54128
-5.27769
-5.17483
-5.073
-4.97218
-4.87236
-4.77354
-4.51759
-4.7069
-4.89433
-5.07989
-5.10549
-5.28895
-5.18599
-4.92593
-5.68039
-5.57352
-5.46772
-5.64758
-5.38293
-5.84824
-5.7397
-5.63225
-5.52587
-5.42054
-5.60087
-5.46317
-5.64307
-5.37847
-5.4011
-5.29702
-5.47857
-5.65832
-5.55168
-5.28798
-5.46963
-5.20675
-5.1046
-5.00346
-4.90334
-4.48798
-4.51947
-4.42416
-4.899
-4.79991
-4.5437
-4.44814
-4.35354
-4.54449
-4.44892
-4.1962
-4.1041
-4.01292
-3.92265
-4.11788
-4.02657
-3.93616
-4.13126
-3.88169
-3.79273
-3.70465
-3.90205
-4.09748
-3.84825
-3.75962
-3.51376
-3.71305
-3.91037
-3.7895
-3.70145
-4.02537
-4.21958
-4.12725
-4.60505
-4.50889
-4.69829
-4.72769
-4.6303
-4.81849
-4.56209
-4.46636
-4.65618
-4.84411
-4.87206
-4.77324
-5.52922
-5.10763
-5.00646
-4.90631
-4.80715
-4.83546
-4.73701
-4.63953
-4.38491
-4.41743
-4.60773
-4.51154
-4.41631
-4.44852
-4.1958
-4.67291
-4.57608
-4.4802
-4.06905
-4.26282
-4.17007
-4.07823
-3.98731
-3.89729
-3.80817
-3.71994
-3.63258
-3.38798
-3.99962
-3.90948
-3.82024
-3.73189
-3.7709
-3.96764
-3.87782
-4.0735
-4.10912
-4.5871
-4.49111
-4.39608
-4.87121
-4.89889
-5.36901
-5.26524
-5.0044
-4.90426
-4.80512
-4.54885
-4.45325
-4.35859
-4.67598
-4.57911
-4.32509
-4.64281
-4.38815
-4.57875
-4.60934
-4.35502
-4.54595
-4.45038
-4.35575
-4.26207
-4.16932
-4.36209
-4.55295
-4.45731
-4.36261
-4.55347
-4.45782
-4.64772
-4.39302
-4.29897
-4.20585
-3.95554
-3.70773
-3.62049
-3.53412
-3.73322
-3.93034
-3.68277
-3.43767
-3.19501
-3.11288
-3.03156
-3.23566
-3.72233
-3.63495
-3.83304
-3.74456
-3.49884
-3.69829
-3.61115
-3.52488
-3.56595
-3.76473
-4.24614
-4.43815
-4.34365
-4.25009
-4.15745
-3.90763
-3.81841
-4.42577
-4.61599
-4.51972
-4.42441
-4.61465
-4.51839
-4.70769
-4.61051
-4.51429
-4.41903
-4.32471
-4.23134
-4.13889
-3.88926
-3.80021
-4.28127
-4.47293
-4.50457
-4.40941
-4.31519
-4.22191
-4.12956
-4.44922
-4.92382
-4.82449
-4.72614
-4.62877
-4.37426
-4.12227
-4.03091
-3.94046
-3.85091
-3.76225
-3.67447
-4.15678
-4.06508
-4.25889
-4.45078
-5.17834
-5.07647
-4.65939
-4.56268
-4.75155
-5.06502
-4.96428
-4.99103
-5.46024
-5.19745
-5.0954
-4.67812
-4.42312
-4.32877
-3.91912
-3.67167
-3.58479
-4.19448
-4.48188
-4.38694
-3.97672
-3.88681
-3.79779
-3.70966
-3.46429
-3.37948
-3.29551
-3.74996
-3.6623
-3.57552
-3.4896
-3.40454
-3.32032
-3.4583
-3.50003
-3.09864
-3.01746
-3.06359
-3.26737
-3.0264
-2.94594
-2.86629
-2.91391
-3.11918
-3.0378
-3.24184
-4.29766
-4.20455
-4.23887
-4.14635
-3.89663
-3.80752
-3.56117
-3.4754
-3.39047
-3.43289
-3.19027
-3.10818
-3.15341
-4.05199
-3.96133
-3.87157
-4.06731
-4.2611
-4.42134
-4.4535
-4.04262
-3.79393
-3.99045
-3.9004
-3.77962
-3.97628
-3.88637
-3.79736
-3.70923
-3.62198
-3.66209
-3.38557
-3.30154
-3.06023
-2.97944
-2.89945
-3.10486
-3.02363
-2.62697
-2.83509
-2.59843
-2.80683
-2.72856
-2.49296
-2.98702
-2.74884
-2.95575
-3.1606
-3.07881
-3.12432
-3.16938
-3.0875
-3.00644
-2.76807
-2.69018
-2.45496
-2.66479
-2.58794
-2.79645
-2.40205
-2.16969
-2.09776
-2.59576
-2.77257
-2.69464
-2.30125
-2.22801
-2.72471
-2.64726
-2.98167
-2.90166
-3.10705
-3.595
-3.50888
-3.70823
-4.1902
-4.38277
-4.28882
-4.16418
-4.64161
-4.38697
-4.70407
-4.60692
-4.51074
-4.70012
-4.60301
-4.34875
-4.38163
-4.28769
-4.19468
-4.2291
-4.13667
-4.04517
-3.95458
-3.86489
-4.06069
-3.65372
-3.69351
-3.60642
-3.52019
-3.43482
-3.3503
-3.26662
-3.46838
-3.66813
-3.58129
-3.49531
-3.41019
-3.1678
-3.65515
-3.85304
-3.60624
-3.52002
-3.27654
-3.03548
-3.49252
-3.69203
-3.88956
-3.927
-3.67947
-3.87712
-3.7882
-3.51043
-4.12086
-4.02951
-4.22368
-4.41592
-4.16352
-4.64096
-4.38632
-4.29234
-4.48389
-4.38893
-4.86413
-5.17648
-5.64384
-5.53734
-5.4319
-5.454
-5.47588
-5.37106
-5.26727
-5.13289
-5.03148
-4.93107
-4.83166
-4.41702
-4.60733
-4.35303
-4.22775
-4.26183
-4.16908
-4.36186
-4.39461
-4.30054
-4.20741
-3.95709
-4.72118
-4.62386
-4.654
-4.84196
-4.58532
-4.48936
-4.39434
-4.30028
-4.49175
-4.39671
-4.14451
-4.17942
-4.08749
-4.28108
-4.47275
-4.34628
-4.09457
-3.84538
-4.32598
-4.23259
-4.42474
-4.17226
-4.0804
-4.27406
-4.4658
-4.49751
-4.40242
-4.30827
-4.34155
-4.53261
-4.43717
-4.91189
-5.09727
-5.28082
-4.54547
-4.4499
-4.35528
-4.2616
-4.16886
-4.48813
-4.23502
-4.83824
-4.58164
-4.48571
-4.39073
-4.13859
-4.45816
-4.20534
-4.11316
-4.02189
-4.21613
-4.09221
-4.00115
-3.911
-3.66363
-3.10249
-3.87509
-3.78619
-3.95116
-3.8615
-4.05734
-3.96662
-3.87681
-4.0725
-3.98163
-3.89167
-3.64449
-3.24166
-3.72827
-4.33653
-4.24304
-4.15048
-4.05884
-3.96811
-3.72017
-3.63281
-3.83093
-3.74246
-3.49677
-3.41163
-3.16923
-3.08735
-3.00629
-2.92603
-3.13118
-3.33429
-3.66186
-3.98618
-3.89618
-3.80707
-3.71884
-3.6315
-3.54502
-3.30129
-3.05998
-3.5484
-3.46275
-3.37795
-4.11619
-4.02489
-3.9345
-4.12962
-4.03818
-3.94766
-3.85804
-3.76931
-3.80795
-4.28893
-4.19591
-4.38842
-4.57902
-4.325
-4.23162
-4.70838
-5.1804
-5.07851
-4.81952
-4.72123
-4.90851
-4.80933
-4.99574
-4.89569
-5.36584
-5.54671
-5.72578
-5.90307
-6.0786
-5.96777
-5.85805
-5.74942
-5.64187
-5.53539
-5.42997
-5.3256
-5.06415
-4.96342
-4.86369
-4.89144
-4.76081
-4.78958
-4.69158
-4.72105
-4.62373
-4.52738
-4.7166
-4.61932
-4.80762
-4.39322
-4.29916
-4.20604
-4.24034
-3.98969
-4.02614
-4.22034
-4.128
-4.03659
-4.23068
-4.13825
-4.17322
-3.60701
-3.52078
-3.27729
-4.04815
-3.95753
-4.15241
-3.90264
-4.09807
-4.41804
-4.32374
-4.51498
-4.41971
-4.32539
-4.51662
-4.42133
-4.327
-4.07549
-4.2692
-4.46098
-4.36625
-4.27246
-5.03342
-4.61677
-4.52049
-4.42517
-4.33079
-4.23736
-4.14485
-4.05327
-3.9626
-3.87282
-3.78395
-3.69595
-3.60883
-3.77557
-3.68765
-3.60062
-3.51445
-3.71374
-3.62645
-3.54002
-3.45445
-3.36974
-3.28587
-3.20283
-3.40522
-3.16288
-3.08107
-3.28467
-3.61274
-3.52645
-3.56751
-3.32356
-3.80936
-3.72111
-3.63374
-3.54724
-3.4616
-3.37682
-2.97665
-3.18129
-3.09929
-3.01811
-2.93774
-2.85816
-3.06399
-2.98316
-2.74502
-2.66736
-2.59048
-2.51436
-2.7236
-2.93076
-2.97775
-3.02427
-2.94383
-3.1488
-3.06713
-2.98627
-3.19082
-3.0771
-2.99614
-2.91599
-2.83663
-3.16916
-3.34026
-3.54129
-3.45571
-3.37098
-3.5717
-3.48582
-3.08456
-3.28813
-3.20507
-3.12284
-3.32603
-3.24259
-3.15998
-3.0782
-2.681
-2.73047
-3.22217
-3.42437
-3.62456
-3.53815
-3.57909
-3.49314
-3.40804
-3.16567
-3.08383
-3.12929
-2.73159
-2.93867
-2.85908
-3.0649
-2.98406
-2.90402
-2.66667
-3.15901
-3.07723
-2.99627
-3.76993
-3.96668
-3.87687
-3.75632
-3.66861
-3.86636
-3.61944
-3.53308
-3.73219
-3.48659
-3.68616
-3.88375
-3.63665
-4.11933
-4.3126
-4.06124
-3.97048
-3.88063
-4.48738
-4.67699
-4.7066
-4.60943
-4.51322
-4.25986
-4.16713
-4.64453
-4.67447
-4.57761
-4.89282
-5.20489
-5.38736
-5.28341
-5.1805
-5.07861
-5.54694
-5.72601
-5.46058
-6.1781
-5.90817
-6.08364
-5.97277
-6.1476
-6.03609
-5.76757
-6.07094
-5.96019
-6.13514
-6.02376
-5.75536
-5.48964
-5.95388
-5.8443
-5.57769
-5.47185
-5.77816
-5.67032
-5.24733
-5.42938
-5.32501
-5.22169
-4.96127
-4.70345
-4.60631
-4.51013
-4.69952
-5.17163
-5.06982
-4.96904
-5.15386
-5.33684
-5.518
-5.38113
-5.11913
-4.85973
-4.88753
-4.63044
-4.53402
-5.00778
-4.9076
-4.80843
-4.71024
-4.61303
-5.4971
-5.23394
-4.97341
-5.15818
-5.34112
-5.36412
-5.10229
-5.00118
-4.90108
-4.80197
-4.70385
-4.6067
-4.51052
-4.6999
-4.60279
-4.63314
-4.5367
-4.56771
-4.47192
-4.37708
-3.96695
-3.87714
-3.91471
-4.11002
-4.01878
-4.21305
-4.4054
-4.31122
-4.50258
-4.40744
-4.43973
-4.1871
-4.0951
-4.57322
-4.88846
-4.78948
-4.81797
-4.71969
-4.62239
-4.20982
-4.11759
-4.12115
-4.0298
-4.22396
-4.4162
-4.32191
-4.22856
-4.42075
-4.61103
-4.79941
-4.98592
-5.01245
-4.91224
-5.09762
-4.99656
-5.5922
-5.3281
-5.50935
-5.24607
-5.14353
-5.61122
-5.50504
-5.68453
-5.57762
-5.75639
-5.64877
-6.23792
-6.41012
-6.5806
-6.43315
-6.16069
-6.33365
-6.34678
-6.51789
-6.6873
-6.57041
-6.45469
-6.62473
-7.07768
-7.24152
-7.11912
-6.83983
-6.72143
-6.88882
-6.89642
-6.77746
-6.94428
-6.82484
-6.54848
-6.43298
-6.88784
-6.89545
-6.7765
-6.65873
-6.82673
-7.11956
-7.12487
-7.00363
-7.16821
-7.17303
-7.17781
-7.34065
-7.21727
-7.34809
-7.50924
-7.38418
-7.67146
-7.82939
-7.70115
-7.57418
-7.44847
-7.89322
-7.76434
-7.92135
-7.63408
-8.07698
-7.94627
-7.50064
-7.21755
-7.37999
-7.38271
-7.95461
-7.50889
-7.51033
-7.38525
-7.54603
-7.70521
-7.5782
-7.73706
-7.60973
-7.76828
-7.60902
-7.48296
-7.35816
-7.07649
-6.95574
-7.69
-8.25884
-7.96821
-7.83858
-7.99485
-7.86496
-7.86285
-8.01888
-7.88874
-7.75991
-7.75884
-7.47319
-7.47498
-7.63486
-7.50855
-7.22538
-7.35613
-7.23259
-7.11028
-6.98919
-6.86931
-6.75062
-6.91771
-7.08314
-7.24692
-7.12447
-7.57245
-7.28865
-7.45039
-7.32591
-7.20268
-7.08067
-7.24447
-7.69126
-7.56439
-7.72338
-7.59619
-7.75487
-7.75386
-7.15202
-7.31512
-7.19199
-7.35469
-7.92687
-8.08226
-7.9515
-7.66392
-8.10653
-7.50119
-7.66081
-7.81885
-7.8172
-7.97368
-8.1286
-8.28199
-8.71845
-8.70785
-8.57086
-8.43524
-8.14285
-7.85337
-7.72488
-7.59768
-7.47174
-7.34705
-7.6347
-7.50839
-7.38334
-7.25953
-7.13696
-7.0156
-6.73734
-6.61996
-6.78835
-6.67046
-7.24945
-7.12697
-6.8476
-6.72913
-6.45371
-6.02293
-6.19726
-6.08526
-6.22735
-5.95693
-5.84731
-5.73879
-5.63134
-5.65146
-5.54488
-5.43937
-5.3349
-5.51608
-5.25274
-4.99202
-5.17661
-5.07476
-5.25853
-5.15586
-5.05422
-4.95358
-4.85395
-5.03992
-4.78131
-4.68339
-4.87106
-4.77224
-5.08551
-5.26917
-5.1664
-5.31764
-5.05627
-5.24022
-5.13774
-5.32088
-5.21759
-5.39994
-5.58047
-5.4746
-5.05356
-5.23753
-5.41968
-5.31541
-5.49679
-5.67635
-5.69602
-5.589
-5.48305
-5.66276
-5.55607
-5.45044
-5.34587
-5.24233
-5.13983
-5.00672
-5.19116
-5.08917
-4.98819
-4.88821
-5.04221
-5.51091
-5.53222
-6.12253
-6.29588
-6.46749
-6.47929
-6.17474
-6.34756
-6.23406
-6.4063
-6.29221
-6.14764
-6.0045
-5.89441
-5.46919
-5.36443
-5.26071
-5.15802
-5.75206
-5.92909
-6.51545
-6.52677
-6.41148
-6.42384
-6.30958
-6.19645
-5.92634
-5.65891
-5.55226
-5.57317
-5.46737
-5.64723
-5.38258
-5.56329
-5.7422
-5.91932
-5.93657
-5.82716
-5.56072
-6.02426
-6.32507
-6.21179
-6.09964
-5.98861
-6.44789
-6.17528
-6.06349
-6.0793
-6.09496
-6.26858
-5.99775
-6.17233
-6.62979
-6.51348
-6.39832
-6.41081
-6.58128
-6.30734
-6.32073
-6.04938
-6.22345
-6.11118
-6.00003
-5.88999
-5.78104
-5.67318
-6.4202
-6.59058
-6.47466
-6.6445
-6.52804
-6.41275
-6.2986
-6.02747
-6.20176
-6.08971
-6.10526
-5.99417
-5.88418
-5.61718
-6.20665
-6.09455
-5.98356
-6.00017
-5.73201
-5.62464
-5.51833
-6.07716
-5.65012
-5.82816
-5.71983
-5.45446
-5.34984
-5.53087
-5.99471
-5.88472
-6.06042
-5.94978
-5.84024
-6.14288
-6.03141
-5.92106
-5.8118
-6.27284
-6.16008
-6.04844
-5.93792
-5.95498
-6.12999
-6.14515
-6.31826
-6.61615
-6.75296
-6.76191
-6.92889
-7.09421
-6.97328
-7.13816
-7.01679
-7.18124
-6.90133
-7.06692
-6.94626
-7.11141
-6.9903
-6.71229
-6.59516
-6.60569
-6.61611
-6.34182
-6.51298
-6.39783
-6.28383
-6.17097
-6.05922
-6.07508
-6.5335
-6.82924
-6.71095
-6.87844
-6.75965
-6.48394
-6.36908
-6.53997
-6.70916
-7.09802
-7.67275
-7.54607
-7.26252
-7.13992
-7.01853
-6.89836
-6.77937
-6.66157
-7.11416
-6.99303
-7.15771
-7.03615
-6.91579
-7.08124
-6.80233
-6.6843
-6.53583
-6.42045
-6.87543
-6.59857
-6.48257
-6.65233
-7.105
-6.98396
-6.86413
-7.03009
-7.19441
-6.75625
-6.92329
-6.80406
-6.97062
-7.42013
-7.13784
-7.14297
-7.02155
-7.18595
-7.0641
-6.94347
-6.82404
-6.7058
-6.87334
-6.7546
-6.63705
-6.48905
-6.21602
-5.94572
-5.83621
-5.7278
-5.90507
-5.79597
-5.68796
-5.86562
-6.04152
-5.93107
-6.39092
-6.27699
-6.16419
-6.05251
-6.22655
-6.52535
-6.41008
-6.29595
-6.30945
-6.48094
-6.36611
-6.25242
-6.13987
-5.87032
-5.88806
-5.77913
-5.67128
-5.84911
-5.55083
-5.72987
-5.90711
-6.36721
-6.25351
-5.98283
-6.15756
-5.88784
-6.06351
-5.79472
-5.68672
-5.5798
-5.75854
-5.77739
-5.79605
-5.81453
-6.56015
-6.72913
-7.18105
-7.05925
-6.93867
-7.07227
-6.79344
-6.96011
-6.967
-6.84734
-6.72886
-6.61157
-6.33732
-6.06581
-6.0816
-5.97075
-6.1456
-6.1606
-6.04896
-5.93843
-6.24009
-6.12766
-6.58556
-6.75429
-6.63674
-6.20414
-6.09206
-6.26571
-5.99491
-6.45412
-6.33956
-6.63724
-6.52085
-6.40563
-6.29155
-6.5897
-6.75839
-6.6408
-6.36627
-6.25258
-6.42463
-6.31036
-6.48184
-6.20888
-6.38137
-6.39402
-6.69115
-6.57423
-6.45847
-6.47036
-6.35564
-6.24205
-5.97149
-5.86173
-5.75306
-5.64547
-5.66545
-5.55873
-5.45308
-5.34848
-5.24492
-5.14239
-5.32548
-5.50676
-5.21188
-4.95157
-4.82033
-4.84852
-4.74993
-4.3361
-4.24261
-3.99194
-3.90188
-4.09731
-4.0062
-3.916
-3.82669
-3.73827
-3.65073
-3.40595
-3.32172
-3.64942
-3.56276
-4.04618
-3.95558
-3.86588
-3.77707
-3.68914
-3.8867
-3.48145
-3.68107
-3.7206
-3.63323
-3.83134
-4.02748
-4.06356
-4.25739
-4.16468
-4.48399
-4.38904
-4.13691
-4.61461
-4.64484
-4.67478
-4.57792
-4.76663
-4.95346
-4.69572
-5.16786
-5.0661
-4.96535
-5.43481
-5.17228
-4.91235
-5.22423
-5.09028
-5.2739
-5.45568
-6.04676
-5.93625
-6.11144
-5.68406
-5.57716
-5.31321
-4.89377
-4.79474
-4.69669
-4.88422
-4.78527
-4.97192
-5.15671
-6.03537
-5.76686
-5.65913
-5.67897
-5.57212
-5.75094
-5.48526
-5.66495
-5.84284
-5.57625
-6.03963
-6.78301
-6.66517
-6.95961
-7.12462
-7.00339
-7.45257
-7.32807
-7.20482
-7.9366
-7.80729
-8.24847
-8.40066
-8.26673
-8.13413
-7.84474
-7.55823
-8.12838
-8.28177
-8.43363
-8.42586
-8.86089
-8.72238
-8.58525
-8.44948
-8.31506
-7.99225
-7.86238
-8.01841
-7.88829
-8.32866
-8.48006
-8.34534
-8.05384
-8.04985
-7.7613
-7.63373
-7.91853
-8.074
-8.22793
-8.38032
-8.24659
-8.3988
-8.10678
-7.97577
-7.68795
-7.8141
-7.97061
-8.41017
-7.95991
-7.67226
-7.83018
-7.98653
-8.14132
-8.57919
-8.44348
-8.30912
-8.74531
-8.44984
-8.31542
-8.46694
-8.33236
-8.48371
-8.63356
-8.49731
-8.64703
-8.79525
-8.942
-8.77106
-8.91805
-8.62086
-8.48474
-8.76106
-8.90815
-9.33838
-9.03701
-9.02324
-8.88312
-8.74439
-8.60704
-8.75566
-9.1874
-9.33025
-9.31356
-9.29704
-9.15419
-9.01276
-9.12573
-8.82647
-8.6883
-8.55151
-8.82717
-8.689
-9.12141
-8.98031
-9.12522
-9.11057
-8.81146
-8.95805
-9.51427
-9.36926
-9.2257
-9.08356
-8.94283
-9.08811
-8.78923
-8.65143
-8.79961
-8.94632
-8.80696
-8.95359
-8.94065
-8.80135
-8.66343
-8.49526
-8.36039
-8.22686
-8.22115
-8.65822
-8.64822
-8.35371
-8.47323
-8.18046
-8.04873
-7.9183
-8.35838
-8.22487
-8.09269
-8.24642
-8.39863
-8.26472
-8.25864
-8.12612
-7.99492
-7.86503
-7.57831
-7.45257
-7.32807
-7.48942
-7.77565
-8.05904
-7.77039
-7.92734
-7.79812
-7.51207
-8.24079
-8.39306
-8.54381
-8.25034
-8.11791
-7.98679
-8.14158
-7.694
-7.56711
-7.72607
-7.59886
-7.4729
-7.19009
-7.1947
-7.07277
-7.64775
-7.80592
-7.36168
-7.52269
-7.80859
-7.96516
-7.67745
-7.55071
-7.42524
-7.30102
-7.01991
-7.46893
-7.47076
-7.18797
-7.06611
-7.79927
-7.67132
-7.54465
-7.41924
-7.13696
-7.0156
-6.89545
-7.06111
-7.067
-7.23094
-7.39325
-7.26935
-7.14668
-7.30983
-7.47136
-7.34667
-7.50783
-7.38279
-7.25899
-7.13642
-7.01507
-6.57869
-7.0321
-7.19639
-7.04282
-6.9224
-7.9416
-7.81224
-7.68417
-7.55736
-7.43183
-7.43403
-7.30971
-7.47124
-7.63117
-7.50489
-7.19014
-7.06825
-6.91596
-6.7968
-6.67883
-6.84664
-6.72817
-6.61088
-6.62125
-6.59989
-6.76849
-6.6508
-6.21805
-5.78961
-5.68166
-6.14399
-6.15901
-6.04738
-6.22147
-6.52032
-6.8162
-7.26724
-7.42919
-7.30493
-7.02379
-7.31466
-7.47614
-7.35141
-7.51252
-7.67203
-7.54535
-7.54642
-7.42099
-7.23356
-7.11125
-6.67392
-6.55717
-6.72619
-7.46273
-7.33814
-7.21478
-6.93453
-6.81519
-6.69704
-6.58006
-6.71723
-6.88465
-7.01879
-7.18321
-7.346
-7.63366
-7.34925
-7.22578
-7.51464
-7.38952
-7.39214
-7.26825
-6.98747
-6.8676
-6.87542
-7.04127
-7.04736
-7.62259
-7.4964
-7.37147
-7.53239
-7.4071
-7.25143
-8.10924
-7.97821
-7.84848
-8.00465
-8.00115
-7.8712
-7.86903
-8.3096
-8.17657
-8.89869
-8.7598
-8.9069
-8.60982
-8.75842
-8.62093
-8.32669
-8.1935
-8.06163
-7.77296
-7.32905
-7.20578
-7.77944
-7.9363
-8.6608
-8.36617
-8.23258
-8.38493
-8.25116
-8.68792
-8.51951
-8.3844
-8.25063
-8.11819
-7.82896
-8.26993
-8.70651
-9.39173
-9.24794
-9.10558
-9.24924
-9.10686
-9.25051
-9.10813
-9.09365
-8.95282
-9.38261
-9.49189
-9.63171
-9.77013
-9.74907
-9.60172
-9.45584
-9.59602
-9.13397
-8.99274
-9.42213
-9.56264
-9.70175
-9.55488
-9.40946
-9.26549
-9.40756
-9.26362
-9.4057
-9.26177
-9.40388
-9.22835
-9.08618
-9.35653
-9.49769
-9.35284
-9.20944
-9.35207
-9.05056
-8.91016
-9.05577
-8.91532
-9.06087
-8.88875
-8.87646
-8.73779
-9.16972
-9.02814
-9.45717
-9.31273
-9.16972
-9.31275
-9.45435
-9.30993
-9.29345
-9.40361
-9.25971
-9.11723
-9.26077
-9.40289
-9.25899
-9.24301
-9.1007
-9.08629
-8.94554
-8.93268
-9.07806
-9.222
-9.3645
-9.22098
-8.60455
-8.75319
-8.58413
-8.44838
-8.59858
-8.14645
-8.29965
-8.16673
-7.87701
-8.0329
-8.15561
-8.02412
-8.02042
-7.89028
-8.04603
-7.75752
-8.19919
-7.90916
-7.622
-7.62231
-7.49612
-7.37119
-7.21589
-7.66295
-7.82097
-7.69281
-7.40781
-7.56836
-7.2846
-7.00366
-6.88363
-7.0494
