1
1
1
1
1
1
1
1
1
1
1
1
1
1
1
1
1
1
1
1
1
1
1
1
1
1
1
1
1
1
1
1
1
1
1
1
1
1
1
1
1
1
1
1
1
1
1
1
1
1
1
1
1
1
1
1
1
1
1
1
1
1
1
1
1
1
1
1
1
1
1
1
1
1
1
1
1
1
1
1
1
1
1
1
1
1
1
1
1
1
1
1
1
1
1
1
1
1
1
1
1
1
1
1
1
1
1
1
1
1
1
1
1
1
1
1
1
1
1
1
1
1
1
1
1
1
1
1
1
1
1
1
1
1
1
1
1
1
1
1
1
1
1
1
1
1
1
1
1
1
1
1
1
1
1
1
1
1
1
1
1
1
1
1
1
1
1
1
1
1
1
1
1
1
1
1
1
1
1
1
1
1
1
1
1
1
1
1
1
1
1
1
1
1
1
1
1
1
1
1
1
1
1
1
1
1
1
1
1
1
1
1
1
1
1
1
1
1
1
1
1
1
1
1
1
1
1
1
1
1
1
1
1
1
1
1
1
1
1
1
1
1
1
1
1
1
1.2
1.1999
1.1998
1.1997
1.1996
1.1995
1.1994
1.1993
1.1992
1.1991
1.199
1.1989
1.1988
1.1987
1.1986
1.19851
1.19841
1.19831
1.19821
1.19811
1.19801
1.19791
1.19781
1.19771
1.19761
1.19752
1.19742
1.19732
1.19722
1.19712
1.19702
1.19692
1.19683
1.19673
1.19663
1.19653
1.19643
1.19633
1.19624
1.19614
1.19604
1.19594
1.19584
1.19575
1.19565
1.19555
1.19545
1.19535
1.19526
1.19516
1.19506
1.19496
1.19487
1.19477
1.19467
1.19457
1.19448
1.19438
1.19428
1.19419
1.19409
1.19399
1.1939
1.1938
1.1937
1.1936
1.19351
1.19341
1.19331
1.19322
1.19312
1.19302
1.19293
1.19283
1.19274
1.19264
1.19254
1.19245
1.19235
1.19225
1.19216
1.19206
1.19197
1.19187
1.19177
1.19168
1.19158
1.19149
1.19139
1.1913
1.1912
1.1911
1.19101
1.19091
1.19082
1.19072
1.19063
1.19053
1.19044
1.19034
1.39034
1.39015
1.38995
1.38976
1.38956
1.38937
1.38917
1.38898
1.38878
1.38859
1.38839
1.3882
1.38801
1.38781
1.38762
1.38742
1.38723
1.38704
1.38684
1.38665
1.38646
1.38626
1.38607
1.38588
1.38568
1.38549
1.3853
1.38511
1.38491
1.38472
1.38453
1.38434
1.38415
1.38395
1.38376
1.38357
1.38338
1.38319
1.38299
1.3828
1.38261
1.38242
1.38223
1.38204
1.38185
1.38166
1.38147
1.38127
1.38108
1.38089
1.3807
1.38051
1.38032
1.38013
1.37994
1.37975
1.37956
1.37937
1.37918
1.37899
1.3788
1.37862
1.37843
1.37824
1.37805
1.37786
1.37767
1.37748
1.37729
1.3771
1.37692
1.37673
1.37654
1.37635
1.37616
1.37597
1.37579
1.3756
1.37541
1.37522
1.37504
1.37485
1.37466
1.37447
1.37429
1.3741
1.37391
1.37373
1.37354
1.37335
1.37317
1.37298
1.37279
1.37261
1.37242
1.37223
1.37205
1.37186
1.37168
1.37149
1.3713
1.37112
1.37093
1.37075
1.37056
1.37038
1.37019
1.37001
1.36982
1.36964
1.36945
1.36927
1.36908
1.3689
1.36871
1.36853
1.36835
1.36816
1.36798
1.36779
1.36761
1.36743
1.36724
1.36706
1.36687
1.36669
1.36651
1.36632
1.36614
1.36596
1.36578
1.36559
1.36541
1.36523
1.36505
1.36486
1.36468
1.3645
1.36432
1.36413
1.36395
1.36377
1.36359
1.36341
1.36322
1.36304
1.36286
1.36268
1.3625
1.36232
1.36214
1.36196
1.36177
1.36159
1.36141
1.36123
1.36105
1.36087
1.36069
1.36051
1.36033
1.36015
1.35997
1.35979
1.35961
1.35943
1.35925
1.35907
1.35889
1.35871
1.35853
1.35835
1.35817
1.358
1.35782
1.35764
1.35746
1.35728
1.3571
1.35692
1.35675
1.35657
1.35639
1.35621
1.35603
1.35585
1.35568
1.3555
1.35532
1.35514
1.35497
1.35479
1.35461
1.35443
1.35426
1.35408
1.3539
1.35373
1.35355
1.35337
1.3532
1.35302
1.35284
1.35267
1.35249
1.35231
1.35214
1.35196
1.35179
1.35161
1.35143
1.35126
1.35108
1.35091
1.35073
1.35056
1.35038
1.35021
1.35003
1.34986
1.34968
1.34951
1.34933
1.34916
1.34898
1.34881
1.34863
1.34846
1.34829
1.34811
1.34794
1.34776
1.34759
1.34742
1.34724
1.34707
1.34689
1.34672
1.34655
1.34637
1.3462
1.34603
1.34586
1.34568
1.34551
1.34534
1.34516
1.34499
1.34482
1.34465
1.34447
1.3443
1.34413
1.34396
1.34379
1.34361
1.34344
1.34327
1.3431
1.34293
1.34276
1.34259
1.34241
1.34224
1.34207
1.3419
1.34173
1.34156
1.34139
1.34122
1.34105
1.34088
1.34071
1.34054
1.34037
1.3402
1.34003
1.33986
1.33969
1.33952
1.33935
1.33918
1.33901
1.33884
1.33867
1.3385
1.33833
1.33816
1.33799
1.33782
1.33765
1.33748
1.33732
1.33715
1.33698
1.33681
1.33664
1.33647
1.33631
1.33614
1.33597
1.3358
1.33563
1.33547
1.3353
1.33513
1.33496
1.3348
1.33463
1.33446
1.33429
1.33413
1.33396
1.33379
1.33363
1.33346
1.33329
1.33313
1.33296
1.33279
1.33263
1.33246
1.33229
1.33213
1.33196
1.3318
1.33163
1.33146
1.3313
1.33113
1.33097
1.3308
1.33064
1.33047
1.33031
1.33014
1.32998
1.32981
1.32965
1.32948
1.32932
1.32915
1.32899
1.32882
1.32866
1.32849
1.32833
1.32817
1.328
1.32784
1.32767
1.32751
1.32735
1.32718
1.32702
1.32686
1.32669
1.32653
1.32637
1.3262
1.32604
1.32588
1.32571
1.32555
1.32539
1.32523
1.32506
1.3249
1.32474
1.32458
1.32441
1.32425
1.32409
1.32393
1.32377
1.3236
1.32344
1.32328
1.32312
1.32296
1.3228
1.32263
1.32247
1.32231
1.32215
1.32199
1.32183
1.32167
1.32151
1.32135
1.32119
1.32103
1.32087
1.3207
1.32054
1.32038
1.32022
1.32006
1.3199
1.31974
1.31958
1.31942
1.31927
1.31911
1.31895
1.31879
1.31863
1.31847
1.31831
1.31815
1.31799
1.31783
1.31767
1.31751
1.31736
1.3172
1.31704
1.31688
1.31672
1.31656
1.3164
1.31625
1.31609
1.31593
1.31577
1.31561
1.31546
1.3153
1.31514
1.31498
1.31483
1.31467
1.31451
1.31435
1.3142
1.31404
1.31388
1.31373
1.31357
1.31341
1.31326
1.3131
1.31294
1.31279
1.31263
1.31247
1.31232
1.31216
1.31201
1.31185
1.31169
1.31154
1.31138
1.31123
1.31107
1.31092
1.31076
1.31061
1.31045
1.31029
1.31014
1.30998
1.30983
1.30967
1.30952
1.30937
1.30921
1.30906
1.3089
1.30875
1.30859
1.30844
1.30828
1.30813
1.30798
1.30782
1.30767
1.30751
1.30736
1.30721
1.30705
1.3069
1.30675
1.30659
1.30644
1.30629
1.30613
1.30598
1.30583
1.30568
1.30552
1.30537
1.30522
1.30506
1.30491
1.30476
1.30461
1.30445
1.3043
1.30415
1.304
1.30385
1.30369
1.30354
1.30339
1.30324
1.30309
1.30294
1.30278
1.30263
1.30248
1.30233
1.30218
1.30203
1.30188
1.30173
1.30158
1.30143
1.30127
1.30112
1.30097
1.30082
1.30067
1.30052
1.30037
1.30022
1.30007
1.29992
1.29977
1.29962
1.29947
1.29932
1.29917
1.29902
1.29887
1.29872
1.29858
1.29843
1.29828
1.29813
1.29798
1.29783
1.29768
1.29753
1.29738
1.29723
1.29709
1.29694
1.29679
1.29664
1.29649
1.29634
1.2962
1.29605
1.2959
1.29575
1.2956
1.29546
1.29531
1.29516
1.29501
1.29487
1.29472
1.29457
1.29442
1.29428
1.29413
1.29398
1.29384
1.29369
1.29354
1.2934
1.29325
1.2931
1.29296
1.29281
1.29266
1.29252
1.29237
1.29222
1.29208
1.29193
1.29179
1.29164
1.29149
1.29135
1.2912
1.29106
1.29091
1.29077
1.29062
1.29048
1.29033
1.29019
1.29004
1.2899
1.28975
1.48975
1.48951
1.48926
1.48902
1.48877
1.48853
1.48828
1.48804
1.4878
1.48755
1.48731
1.48706
1.48682
1.48658
1.48633
1.48609
1.48585
1.48561
1.48536
1.48512
1.48488
1.48464
1.48439
1.48415
1.48391
1.48367
1.48343
1.48318
1.48294
1.4827
1.48246
1.48222
1.48198
1.48174
1.4815
1.48126
1.48101
1.48077
1.48053
1.48029
1.48005
1.47981
1.47957
1.47933
1.47909
1.47886
1.47862
1.47838
1.47814
1.4779
1.47766
1.47742
1.47718
1.47694
1.47671
1.47647
1.47623
1.47599
1.47575
1.47551
1.47528
1.47504
1.4748
1.47456
1.47433
1.47409
1.47385
1.47362
1.47338
1.47314
1.47291
1.47267
1.47243
1.4722
1.47196
1.47173
1.47149
1.47125
1.47102
1.47078
1.47055
1.47031
1.47008
1.46984
1.46961
1.46937
1.46914
1.4689
1.46867
1.46844
1.4682
1.46797
1.46773
1.4675
1.46727
1.46703
1.4668
1.46657
1.46633
1.4661
1.46587
1.46563
1.4654
1.46517
1.46494
1.4647
1.46447
1.46424
1.46401
1.46377
1.46354
1.46331
1.46308
1.46285
1.46262
1.46239
1.46215
1.46192
1.46169
1.46146
1.46123
1.461
1.46077
1.46054
1.46031
1.46008
1.45985
1.45962
1.45939
1.45916
1.45893
1.4587
1.45847
1.45824
1.45801
1.45778
1.45756
1.45733
1.4571
1.45687
1.45664
1.45641
1.45619
1.45596
1.45573
1.4555
1.45527
1.45505
1.45482
1.45459
1.45436
1.45414
1.45391
1.45368
1.45346
1.45323
1.453
1.45278
1.45255
1.45232
1.4521
1.45187
1.45165
1.45142
1.45119
1.45097
1.45074
1.45052
1.45029
1.45007
1.44984
1.44962
1.44939
1.44917
1.44894
1.44872
1.64872
1.6484
1.64807
1.64775
1.64742
1.6471
1.64678
1.64645
1.64613
1.64581
1.64548
1.64516
1.64484
1.64452
1.64419
1.64387
1.64355
1.64323
1.64291
1.64259
1.64227
1.64194
1.64162
1.6413
1.64098
1.64066
1.64034
1.64002
1.6397
1.63938
1.63906
1.63874
1.63842
1.6381
1.63779
1.63747
1.63715
1.63683
1.63651
1.63619
1.63587
1.63556
1.63524
1.63492
1.6346
1.63429
1.63397
1.63365
1.63334
1.63302
1.6327
1.63239
1.63207
1.63176
1.63144
1.63112
1.63081
1.63049
1.63018
1.62986
1.62955
1.62923
1.62892
1.6286
1.62829
1.62798
1.62766
1.62735
1.62703
1.62672
1.62641
1.62609
1.62578
1.62547
1.62516
1.62484
1.62453
1.62422
1.62391
1.6236
1.62328
1.62297
1.62266
1.62235
1.62204
1.62173
1.62142
1.62111
1.6208
1.62049
1.62018
1.61987
1.61956
1.61925
1.61894
1.61863
1.61832
1.61801
1.6177
1.61739
1.61708
1.61677
1.61647
1.61616
1.61585
1.61554
1.61523
1.61493
1.61462
1.61431
1.614
1.6137
1.61339
1.61308
1.61278
1.61247
1.61216
1.61186
1.61155
1.61125
1.61094
1.61064
1.61033
1.61003
1.60972
1.60942
1.60911
1.60881
1.6085
1.6082
1.60789
1.60759
1.60729
1.60698
1.60668
1.60638
1.60607
1.60577
1.60547
1.60517
1.60486
1.60456
1.60426
1.60396
1.60365
1.60335
1.60305
1.80305
1.80265
1.80225
1.80185
1.80145
1.80105
1.80065
1.80025
1.79985
1.79945
1.79905
1.79865
1.79825
1.79785
1.79745
1.79705
1.79665
1.79625
1.79586
1.79546
1.79506
1.79466
1.79427
1.79387
1.79347
1.79308
1.79268
1.79228
1.79189
1.79149
1.79109
1.7907
1.7903
1.78991
1.78951
1.78912
1.78873
1.78833
1.78794
1.78754
1.78715
1.78676
1.78636
1.78597
1.78558
1.78518
1.78479
1.7844
1.78401
1.78362
1.78322
1.78283
1.78244
1.78205
1.78166
1.78127
1.78088
1.78049
1.7801
1.77971
1.77932
1.77893
1.77854
1.77815
1.77776
1.77737
1.77698
1.77659
1.77621
1.77582
1.77543
1.77504
1.77466
1.77427
1.77388
1.77349
1.77311
1.77272
1.77233
1.77195
1.77156
1.77118
1.77079
1.77041
1.77002
1.76964
1.76925
1.76887
1.76848
1.7681
1.76771
1.76733
1.76695
1.76656
1.76618
1.7658
1.76541
1.76503
1.76465
1.76427
1.76389
1.7635
1.76312
1.76274
1.76236
1.76198
1.7616
1.76122
1.76084
1.76046
1.76008
1.7597
1.75932
1.75894
1.75856
1.75818
1.7578
1.75742
1.75704
1.75666
1.75628
1.75591
1.75553
1.75515
1.75477
1.7544
1.75402
1.75364
1.75327
1.75289
1.75251
1.75214
1.75176
1.75138
1.75101
1.75063
1.75026
1.74988
1.74951
1.74913
1.74876
1.74839
1.74801
1.74764
1.74726
1.74689
1.74652
1.74614
1.74577
1.7454
1.74503
1.74465
1.74428
1.74391
1.74354
1.74316
1.74279
1.74242
1.74205
1.74168
1.74131
1.74094
1.74057
1.7402
1.73983
1.73946
1.73909
1.73872
1.73835
1.73798
1.73761
1.73724
1.73687
1.73651
1.73614
1.73577
1.7354
1.73503
1.73467
1.7343
1.73393
1.73357
1.7332
1.73283
1.73247
1.7321
1.73173
1.73137
1.731
1.73064
1.73027
1.72991
1.72954
1.72918
1.72881
1.72845
1.72809
1.72772
1.72736
1.72699
1.72663
1.72627
1.7259
1.72554
1.72518
1.72482
1.72445
1.92445
1.92399
1.92353
1.92307
1.92261
1.92215
1.92168
1.92122
1.92076
1.9203
1.91984
1.91938
1.91892
1.91846
1.91801
1.91755
1.91709
1.91663
1.91617
1.91571
1.91526
1.9148
1.91434
1.91388
1.91343
1.91297
1.91251
1.91206
1.9116
1.91115
1.91069
1.91024
1.90978
1.90933
1.90887
1.90842
1.90796
1.90751
1.90706
1.9066
1.90615
1.9057
1.90524
1.90479
1.90434
1.90389
1.90343
1.90298
1.90253
1.90208
1.90163
1.90118
1.90073
1.90028
1.89983
1.89938
1.89893
1.89848
1.89803
1.89758
1.89713
1.89668
1.89624
1.89579
1.89534
1.89489
1.89444
1.894
1.89355
1.8931
1.89266
1.89221
1.89177
1.89132
1.89087
1.89043
1.88998
1.88954
1.88909
1.88865
1.88821
1.88776
1.88732
1.88687
1.88643
1.88599
1.88554
1.8851
1.88466
1.88422
1.88378
1.88333
1.88289
1.88245
1.88201
1.88157
1.88113
1.88069
1.88025
1.87981
1.87937
1.87893
1.87849
1.87805
1.87761
1.87717
1.87673
1.8763
1.87586
1.87542
1.87498
1.87454
1.87411
1.87367
1.87323
1.8728
1.87236
1.87192
1.87149
1.87105
1.87062
1.87018
1.86975
1.86931
1.86888
1.86844
1.86801
1.86758
1.86714
1.86671
1.86628
1.86584
1.86541
1.86498
1.86454
1.86411
1.86368
1.86325
1.86282
1.86239
1.86195
1.86152
1.86109
1.86066
1.86023
1.8598
1.85937
1.85894
1.85851
1.85808
1.85766
1.85723
1.8568
1.85637
1.85594
1.85551
1.85509
1.85466
1.85423
1.85381
1.85338
1.85295
1.85253
1.8521
1.85167
1.85125
1.85082
1.8504
1.84997
1.84955
1.84912
1.8487
1.84827
1.84785
1.84743
1.847
1.84658
1.84616
1.84573
1.84531
1.84489
1.84446
1.84404
1.84362
1.8432
1.84278
1.84236
1.84194
1.84151
1.84109
1.84067
1.84025
1.83983
1.83941
1.83899
1.83857
1.83816
1.83774
1.83732
1.8369
1.83648
1.83606
1.83564
1.83523
1.83481
1.83439
1.83397
1.83356
1.83314
1.83272
1.83231
1.83189
1.83148
1.83106
1.83065
1.83023
1.82982
1.8294
1.82899
1.82857
1.82816
1.82774
1.82733
1.82692
1.8265
1.82609
1.82568
1.82526
1.82485
1.82444
1.82403
1.82361
1.8232
1.82279
1.82238
1.82197
1.82156
1.82115
1.82074
1.82033
1.81992
1.81951
1.8191
1.81869
1.81828
1.81787
1.81746
1.81705
1.81664
1.81624
2.01624
2.01573
2.01522
2.01471
2.0142
2.0137
2.01319
2.01269
2.01218
2.01167
2.01117
2.01066
2.01016
2.00965
2.00915
2.00864
2.00814
2.00763
2.00713
2.00663
2.00612
2.00562
2.00512
2.00462
2.00411
2.00361
2.00311
2.00261
2.00211
2.00161
2.00111
2.00061
2.00011
1.99961
1.99911
1.99861
1.99811
1.99761
1.99711
1.99661
1.99611
1.99562
1.99512
1.99462
1.99412
1.99363
1.99313
1.99263
1.99214
1.99164
1.99114
1.99065
1.99015
1.98966
1.98916
1.98867
1.98818
1.98768
1.98719
1.98669
1.9862
1.98571
1.98522
1.98472
1.98423
1.98374
1.98325
1.98276
1.98226
1.98177
1.98128
1.98079
1.9803
1.97981
1.97932
1.97883
1.97834
1.97785
1.97737
1.97688
1.97639
1.9759
1.97541
1.97493
1.97444
1.97395
1.97346
1.97298
1.97249
1.972
1.97152
1.97103
1.97055
1.97006
1.96958
1.96909
1.96861
1.96812
1.96764
1.96716
1.96667
1.96619
1.96571
1.96522
1.96474
1.96426
1.96378
1.9633
1.96281
1.96233
1.96185
1.96137
1.96089
1.96041
1.95993
1.95945
1.95897
1.95849
1.95801
1.95753
1.95706
1.95658
1.9561
1.95562
1.95514
1.95467
1.95419
1.95371
1.95323
1.95276
1.95228
1.95181
1.95133
1.95085
1.95038
1.9499
1.94943
1.94895
1.94848
1.94801
1.94753
1.94706
1.94659
1.94611
1.94564
1.94517
1.94469
1.94422
1.94375
1.94328
1.94281
1.94234
1.94186
1.94139
1.94092
1.94045
1.93998
1.93951
1.93904
1.93857
1.9381
1.93764
1.93717
1.9367
1.93623
1.93576
1.93529
1.93483
1.93436
1.93389
1.93343
1.93296
1.93249
1.93203
1.93156
1.9311
1.93063
1.93016
1.9297
1.92924
1.92877
1.92831
1.92784
1.92738
1.92691
1.92645
1.92599
1.92553
1.92506
1.9246
1.92414
1.92368
1.92321
1.92275
1.92229
1.92183
1.92137
1.92091
1.92045
1.91999
1.91953
1.91907
1.91861
1.91815
1.91769
1.91723
1.91677
1.91632
1.91586
1.9154
1.91494
1.91449
1.91403
1.91357
1.91311
1.91266
1.9122
1.91175
1.91129
1.91083
1.91038
1.90992
1.90947
1.90901
1.90856
1.90811
1.90765
1.9072
1.90675
1.90629
1.90584
1.90539
1.90493
1.90448
1.90403
1.90358
1.90313
1.90267
1.90222
1.90177
1.90132
1.90087
1.90042
1.89997
1.89952
1.89907
1.89862
1.89817
1.89772
1.89727
1.89683
1.89638
1.89593
1.89548
1.89503
1.89459
1.89414
1.89369
1.89325
1.8928
1.89235
1.89191
1.89146
1.89102
1.89057
1.89012
1.88968
1.88923
1.88879
1.88835
1.8879
1.88746
1.88701
1.88657
1.88613
1.88569
1.88524
1.8848
1.88436
1.88392
1.88347
1.88303
1.88259
1.88215
1.88171
1.88127
1.88083
1.88039
1.87995
1.87951
1.87907
1.87863
1.87819
1.87775
1.87731
1.87687
1.87643
1.876
1.87556
1.87512
1.87468
1.87425
1.87381
1.87337
1.87294
1.8725
1.87206
1.87163
1.87119
1.87076
1.87032
1.86989
1.86945
1.86902
1.86858
1.86815
1.86771
1.86728
1.86685
1.86641
1.86598
1.86555
1.86511
1.86468
1.86425
1.86382
1.86339
1.86295
1.86252
1.86209
1.86166
1.86123
1.8608
1.86037
1.85994
2.05994
2.05941
2.05888
2.05835
2.05782
2.05729
2.05676
2.05624
2.05571
2.05518
2.05465
2.05413
2.0536
2.05307
2.05255
2.05202
2.05149
2.05097
2.05044
2.04992
2.04939
2.04887
2.04834
2.04782
2.0473
2.04677
2.04625
2.04573
2.0452
2.04468
2.04416
2.04364
2.04312
2.04259
2.04207
2.04155
2.04103
2.04051
2.03999
2.03947
2.03895
2.03843
2.03791
2.03739
2.03688
2.03636
2.03584
2.03532
2.0348
2.03429
2.03377
2.03325
2.03274
2.03222
2.0317
2.03119
2.03067
2.03016
2.02964
2.02913
2.02861
2.0281
2.02759
2.02707
2.02656
2.02605
2.02553
2.02502
2.02451
2.024
2.02348
2.02297
2.02246
2.02195
2.02144
2.02093
2.02042
2.01991
2.0194
2.01889
2.01838
2.01787
2.01736
2.01685
2.01634
2.01584
2.01533
2.01482
2.01431
2.01381
2.0133
2.01279
2.01229
2.01178
2.01127
2.01077
2.01026
2.00976
2.00925
2.00875
2.00825
2.00774
2.00724
2.00673
2.00623
2.00573
2.00522
2.00472
2.00422
2.00372
2.00322
2.00272
2.00221
2.00171
2.00121
2.00071
2.00021
1.99971
1.99921
1.99871
1.99821
1.99771
1.99722
1.99672
1.99622
1.99572
1.99522
1.99473
1.99423
1.99373
1.99323
1.99274
1.99224
1.99175
1.99125
1.99075
1.99026
1.98976
1.98927
1.98878
1.98828
1.98779
1.98729
1.9868
1.98631
1.98581
1.98532
1.98483
1.98434
1.98384
1.98335
1.98286
1.98237
1.98188
1.98139
1.9809
1.98041
1.97992
1.97943
1.97894
1.97845
1.97796
1.97747
1.97698
1.97649
1.976
1.97552
1.97503
1.97454
1.97405
1.97357
1.97308
1.97259
1.97211
1.97162
1.97114
1.97065
1.97017
1.96968
1.9692
1.96871
1.96823
1.96774
1.96726
1.96678
1.96629
1.96581
1.96533
1.96484
1.96436
1.96388
1.9634
1.96292
1.96244
1.96195
1.96147
1.96099
1.96051
1.96003
1.95955
1.95907
1.95859
1.95811
1.95763
1.95716
1.95668
1.9562
1.95572
1.95524
1.95477
1.95429
1.95381
1.95333
1.95286
1.95238
1.95191
1.95143
1.95095
1.95048
1.95
1.94953
1.94905
1.94858
1.94811
1.94763
1.94716
1.94668
1.94621
1.94574
1.94527
1.94479
1.94432
1.94385
1.94338
1.9429
1.94243
1.94196
1.94149
1.94102
1.94055
1.94008
1.93961
1.93914
1.93867
1.9382
1.93773
1.93726
1.9368
1.93633
1.93586
1.93539
1.93492
1.93446
1.93399
1.93352
1.93306
1.93259
1.93212
1.93166
1.93119
1.93073
1.93026
1.9298
1.92933
1.92887
1.9284
1.92794
1.92747
1.92701
1.92655
1.92608
1.92562
1.92516
1.9247
1.92423
1.92377
1.92331
1.92285
1.92239
1.92193
1.92147
1.921
1.92054
1.92008
1.91962
1.91916
1.91871
1.91825
1.91779
1.91733
1.91687
1.91641
1.91595
1.9155
1.91504
1.91458
1.91412
1.91367
1.91321
1.91275
1.9123
1.91184
1.91138
1.91093
1.91047
1.91002
1.90956
1.90911
1.90865
1.9082
1.90775
1.90729
1.90684
1.90639
1.90593
1.90548
1.90503
1.90457
1.90412
1.90367
1.90322
1.90277
1.90232
1.90187
1.90141
1.90096
1.90051
1.90006
1.89961
1.89916
1.89871
1.89827
1.89782
1.89737
1.89692
1.89647
1.89602
1.89557
1.89513
1.89468
1.89423
1.89378
1.89334
1.89289
1.89245
1.892
1.89155
1.89111
1.89066
1.89022
1.88977
1.88933
1.88888
1.88844
1.88799
1.88755
1.88711
1.88666
1.88622
1.88578
1.88533
1.88489
1.88445
1.88401
1.88357
1.88312
1.88268
1.88224
1.8818
1.88136
1.88092
1.88048
1.88004
1.8796
1.87916
1.87872
1.87828
1.87784
1.8774
1.87696
1.87653
1.87609
1.87565
1.87521
1.87477
1.87434
1.8739
1.87346
1.87303
1.87259
1.87215
1.87172
1.87128
1.87085
1.87041
1.86998
1.86954
1.86911
1.86867
1.86824
1.8678
1.86737
1.86694
1.8665
1.86607
1.86564
1.8652
1.86477
1.86434
1.86391
1.86348
1.86304
1.86261
1.86218
1.86175
1.86132
1.86089
1.86046
1.86003
1.8596
1.85917
1.85874
1.85831
1.85788
1.85745
1.85702
1.85659
1.85617
1.85574
1.85531
1.85488
2.05488
2.05436
2.05383
2.0533
2.05278
2.05225
2.05172
2.0512
2.05067
2.05015
2.04962
2.0491
2.04857
2.04805
2.04753
2.047
2.04648
2.04596
2.04543
2.04491
2.04439
2.04387
2.04334
2.04282
2.0423
2.04178
2.04126
2.04074
2.04022
2.0397
2.03918
2.03866
2.03814
2.03762
2.0371
2.03658
2.03607
2.03555
2.03503
2.03451
2.034
2.03348
2.03296
2.03245
2.03193
2.03141
2.0309
2.03038
2.02987
2.02935
2.02884
2.02832
2.02781
2.0273
2.02678
2.02627
2.02576
2.02524
2.02473
2.02422
2.02371
2.0232
2.02268
2.02217
2.02166
2.02115
2.02064
2.02013
2.01962
2.01911
2.0186
2.01809
2.01758
2.01707
2.01657
2.01606
2.01555
2.01504
2.01454
2.01403
2.01352
2.01301
2.01251
2.012
2.0115
2.01099
2.01048
2.00998
2.00947
2.00897
2.00847
2.00796
2.00746
2.00695
2.00645
2.00595
2.00545
2.00494
2.00444
2.00394
2.00344
2.00293
2.00243
2.00193
2.00143
2.00093
2.00043
1.99993
1.99943
1.99893
1.99843
1.99793
1.99743
1.99693
1.99644
1.99594
1.99544
1.99494
1.99445
1.99395
1.99345
1.99296
1.99246
1.99196
1.99147
1.99097
1.99048
1.98998
1.98949
1.98899
1.9885
1.988
1.98751
1.98702
1.98652
1.98603
1.98554
1.98504
1.98455
1.98406
1.98357
1.98308
1.98258
1.98209
1.9816
1.98111
1.98062
1.98013
1.97964
1.97915
1.97866
1.97817
1.97768
1.97719
1.97671
1.97622
1.97573
1.97524
1.97475
1.97427
1.97378
1.97329
1.97281
1.97232
1.97183
1.97135
1.97086
1.97038
1.96989
1.96941
1.96892
1.96844
1.96796
1.96747
1.96699
1.9665
1.96602
1.96554
1.96506
1.96457
1.96409
1.96361
1.96313
1.96265
1.96216
1.96168
1.9612
1.96072
1.96024
2.16024
2.15966
2.15908
2.1585
2.15792
2.15734
2.15677
2.15619
2.15561
2.15503
2.15445
2.15388
2.1533
2.15272
2.15215
2.15157
2.151
2.15042
2.14985
2.14927
2.1487
2.14812
2.14755
2.14698
2.1464
2.14583
2.14526
2.14468
2.14411
2.14354
2.14297
2.1424
2.14183
2.14125
2.14068
2.14011
2.13954
2.13897
2.13841
2.13784
2.13727
2.1367
2.13613
2.13556
2.135
2.13443
2.13386
2.13329
2.13273
2.13216
2.1316
2.13103
2.13046
2.1299
2.12933
2.12877
2.12821
2.12764
2.12708
2.12651
2.12595
2.12539
2.12483
2.12426
2.1237
2.12314
2.12258
2.12202
2.12146
2.1209
2.12034
2.11978
2.11922
2.11866
2.1181
2.11754
2.11698
2.11642
2.11586
2.11531
2.11475
2.11419
2.11363
2.11308
2.11252
2.11196
2.11141
2.11085
2.1103
2.10974
2.10919
2.10863
2.10808
2.10753
2.10697
2.10642
2.10587
2.10531
2.10476
2.10421
2.10366
2.1031
2.10255
2.102
2.10145
2.1009
2.10035
2.0998
2.09925
2.0987
2.09815
2.0976
2.09705
2.09651
2.09596
2.09541
2.09486
2.09431
2.09377
2.09322
2.09267
2.09213
2.09158
2.09104
2.09049
2.08995
2.0894
2.08886
2.08831
2.08777
2.08722
2.08668
2.08614
2.0856
2.08505
2.08451
2.08397
2.08343
2.08288
2.08234
2.0818
2.08126
2.08072
2.08018
2.07964
2.0791
2.07856
2.07802
2.07748
2.07695
2.07641
2.07587
2.07533
2.07479
2.07426
2.07372
2.07318
2.07265
2.07211
2.07157
2.07104
2.0705
2.06997
2.06943
2.0689
2.06836
2.06783
2.0673
2.06676
2.06623
2.0657
2.06516
2.06463
2.0641
2.06357
2.06304
2.0625
2.06197
2.06144
2.06091
2.06038
2.05985
2.05932
2.05879
2.05826
2.05773
2.0572
2.05668
2.05615
2.05562
2.05509
2.05457
2.05404
2.05351
2.05298
2.05246
2.05193
2.05141
2.05088
2.05036
2.04983
2.04931
2.04878
2.04826
2.04773
2.04721
2.04669
2.04616
2.04564
2.04512
2.04459
2.04407
2.04355
2.04303
2.04251
2.04199
2.04146
2.04094
2.04042
2.0399
2.03938
2.03886
2.03835
2.03783
2.03731
2.03679
2.03627
2.03575
2.03523
2.03472
2.0342
2.03368
2.03317
2.03265
2.03213
2.03162
2.0311
2.03059
2.03007
2.02956
2.02904
2.02853
2.02801
2.0275
2.02699
2.02647
2.02596
2.02545
2.02493
2.02442
2.02391
2.0234
2.02289
2.02237
2.02186
2.02135
2.02084
2.02033
2.01982
2.01931
2.21931
2.2187
2.21809
2.21748
2.21688
2.21627
2.21566
2.21505
2.21444
2.21384
2.21323
2.21262
2.21202
2.21141
2.21081
2.2102
2.2096
2.20899
2.20839
2.20778
2.20718
2.20658
2.20597
2.20537
2.20477
2.20417
2.20356
2.20296
2.20236
2.20176
2.20116
2.20056
2.19996
2.19936
2.19876
2.19816
2.19756
2.19696
2.19636
2.19577
2.19517
2.19457
2.19397
2.19338
2.19278
2.19218
2.19159
2.19099
2.1904
2.1898
2.18921
2.18861
2.18802
2.18742
2.18683
2.18624
2.18565
2.18505
2.18446
2.18387
2.18328
2.18268
2.18209
2.1815
2.18091
2.18032
2.17973
2.17914
2.17855
2.17796
2.17737
2.17679
2.1762
2.17561
2.17502
2.17443
2.17385
2.17326
2.17267
2.17209
2.1715
2.17092
2.17033
2.16975
2.16916
2.16858
2.16799
2.16741
2.16683
2.16624
2.16566
2.16508
2.16449
2.16391
2.16333
2.16275
2.16217
2.16159
2.16101
2.16043
2.15985
2.15927
2.15869
2.15811
2.15753
2.15695
2.15637
2.15579
2.15522
2.15464
2.15406
2.15348
2.15291
2.15233
2.15176
2.15118
2.1506
2.15003
2.14945
2.14888
2.1483
2.14773
2.14716
2.14658
2.14601
2.14544
2.14487
2.14429
2.14372
2.14315
2.14258
2.14201
2.14144
2.14087
2.14029
2.13972
2.13915
2.13859
2.13802
2.13745
2.13688
2.13631
2.13574
2.13517
2.13461
2.13404
2.13347
2.13291
2.13234
2.13177
2.13121
2.13064
2.13008
2.12951
2.12895
2.12838
2.12782
2.12726
2.12669
2.12613
2.12557
2.125
2.12444
2.12388
2.12332
2.12276
2.1222
2.12163
2.12107
2.12051
2.11995
2.11939
2.11883
2.11827
2.11772
2.11716
2.1166
2.11604
2.11548
2.11492
2.11437
2.11381
2.11325
2.1127
2.11214
2.11158
2.11103
2.11047
2.10992
2.10936
2.10881
2.10826
2.1077
2.10715
2.10659
2.10604
2.10549
2.10494
2.10438
2.10383
2.10328
2.10273
2.10218
2.10163
2.10107
2.10052
2.09997
2.09942
2.09888
2.09833
2.09778
2.09723
2.09668
2.09613
2.09558
2.09504
2.09449
2.09394
2.09339
2.09285
2.0923
2.09176
2.09121
2.09066
2.09012
2.08957
2.08903
2.08849
2.08794
2.0874
2.08685
2.08631
2.08577
2.08522
2.08468
2.08414
2.0836
2.08306
2.08252
2.08197
2.08143
2.08089
2.08035
2.07981
2.07927
2.07873
2.07819
2.07765
2.07712
2.07658
2.07604
2.0755
2.07496
2.07443
2.07389
2.07335
2.07282
2.07228
2.07174
2.07121
2.07067
2.07014
2.0696
2.06907
2.06853
2.068
2.06747
2.06693
2.0664
2.06587
2.06533
2.0648
2.06427
2.06374
2.0632
2.06267
2.06214
2.06161
2.06108
2.06055
2.06002
2.05949
2.05896
2.05843
2.0579
2.05737
2.05684
2.05632
2.05579
2.05526
2.05473
2.05421
2.05368
2.05315
2.05263
2.0521
2.05157
2.05105
2.05052
2.05
2.04947
2.04895
2.04842
2.0479
2.04738
2.04685
2.04633
2.04581
2.04528
2.04476
2.04424
2.04372
2.04319
2.04267
2.04215
2.04163
2.04111
2.04059
2.04007
2.03955
2.03903
2.03851
2.03799
2.03747
2.03695
2.03644
2.03592
2.0354
2.03488
2.03436
2.03385
2.03333
2.03281
2.0323
2.03178
2.03127
2.03075
2.03024
2.02972
2.02921
2.02869
2.02818
2.02766
2.02715
2.02664
2.02612
2.02561
2.0251
2.02458
2.02407
2.22407
2.22346
2.22285
2.22224
2.22163
2.22102
2.22041
2.2198
2.21919
2.21858
2.21797
2.21736
2.21675
2.21614
2.21553
2.21493
2.21432
2.21371
2.21311
2.2125
2.21189
2.21129
2.21068
2.21008
2.20947
2.20887
2.20826
2.20766
2.20706
2.20645
2.20585
2.20525
2.20464
2.20404
2.20344
2.20284
2.20224
2.20164
2.20104
2.20043
2.19983
2.19923
2.19864
2.19804
2.19744
2.19684
2.19624
2.19564
2.19504
2.19445
2.19385
2.19325
2.19266
2.19206
2.19146
2.19087
2.19027
2.18968
2.18908
2.18849
2.1879
2.1873
2.18671
2.18612
2.18552
2.18493
2.18434
2.18375
2.18315
2.18256
2.18197
2.18138
2.18079
2.1802
2.17961
2.17902
2.17843
2.17784
2.17725
2.17666
2.17608
2.17549
2.1749
2.17431
2.17373
2.17314
2.17255
2.17197
2.17138
2.1708
2.17021
2.16963
2.16904
2.16846
2.16787
2.16729
2.16671
2.16612
2.16554
2.16496
2.16437
2.16379
2.16321
2.16263
2.16205
2.16147
2.16089
2.16031
2.15973
2.15915
2.15857
2.15799
2.15741
2.15683
2.15625
2.15567
2.1551
2.15452
2.15394
2.15336
2.15279
2.15221
2.15164
2.15106
2.15049
2.14991
2.14934
2.14876
2.14819
2.14761
2.14704
2.14647
2.14589
2.14532
2.14475
2.14417
2.1436
2.14303
2.14246
2.14189
2.14132
2.14075
2.14018
2.13961
2.13904
2.13847
2.1379
2.13733
2.13676
2.13619
2.13563
2.13506
2.13449
2.13392
2.13336
2.13279
2.13222
2.13166
2.13109
2.13053
2.12996
2.1294
2.12883
2.12827
2.1277
2.12714
2.12658
2.12601
2.12545
2.12489
2.12433
2.12376
2.1232
2.3232
2.32254
2.32188
2.32122
2.32056
2.3199
2.31924
2.31858
2.31792
2.31726
2.3166
2.31594
2.31529
2.31463
2.31397
2.31332
2.31266
2.312
2.31135
2.31069
2.31004
2.30938
2.30873
2.30807
2.30742
2.30676
2.30611
2.30546
2.30481
2.30415
2.3035
2.30285
2.3022
2.30155
2.3009
2.30025
2.2996
2.29895
2.2983
2.29765
2.297
2.29635
2.2957
2.29506
2.29441
2.29376
2.29312
2.29247
2.29182
2.29118
2.29053
2.28989
2.28924
2.2886
2.28795
2.28731
2.28667
2.28602
2.28538
2.28474
2.2841
2.28345
2.28281
2.28217
2.28153
2.28089
2.28025
2.27961
2.27897
2.27833
2.27769
2.27705
2.27641
2.27578
2.27514
2.2745
2.27386
2.27323
2.27259
2.27195
2.27132
2.27068
2.27005
2.26941
2.26878
2.26814
2.26751
2.26688
2.26624
2.26561
2.26498
2.26435
2.26371
2.26308
2.26245
2.26182
2.26119
2.26056
2.25993
2.2593
2.25867
2.25804
2.25741
2.25678
2.25615
2.25553
2.2549
2.25427
2.25364
2.25302
2.25239
2.25177
2.25114
2.25051
2.24989
2.24926
2.24864
2.24802
2.24739
2.24677
2.24614
2.24552
2.2449
2.24428
2.24365
2.24303
2.24241
2.24179
2.24117
2.24055
2.23993
2.23931
2.23869
2.23807
2.23745
2.23683
2.23622
2.2356
2.23498
2.23436
2.23375
2.23313
2.23251
2.2319
2.23128
2.23066
2.23005
2.22943
2.22882
2.22821
2.22759
2.22698
2.22637
2.22575
2.22514
2.22453
2.22391
2.2233
2.22269
2.22208
2.22147
2.22086
2.22025
2.21964
2.21903
2.21842
2.21781
2.2172
2.21659
2.21599
2.21538
2.21477
2.21416
2.21356
2.21295
2.21234
2.21174
2.21113
2.21053
2.20992
2.20932
2.20871
2.20811
2.2075
2.2069
2.2063
2.20569
2.20509
2.20449
2.20389
2.20328
2.20268
2.20208
2.20148
2.20088
2.20028
2.19968
2.19908
2.19848
2.19788
2.19728
2.19668
2.19609
2.19549
2.19489
2.19429
2.1937
2.1931
2.1925
2.19191
2.19131
2.19072
2.19012
2.18953
2.18893
2.18834
2.18774
2.18715
2.18656
2.18596
2.18537
2.18478
2.18418
2.18359
2.183
2.18241
2.18182
2.18123
2.18064
2.18005
2.17946
2.17887
2.17828
2.17769
2.1771
2.17651
2.17592
2.17534
2.17475
2.17416
2.17357
2.17299
2.1724
2.17182
2.17123
2.17064
2.17006
2.16947
2.16889
2.16831
2.16772
2.16714
2.16655
2.16597
2.16539
2.16481
2.16422
2.16364
2.16306
2.16248
2.1619
2.16132
2.16074
2.16016
2.15958
2.159
2.15842
2.15784
2.15726
2.15668
2.1561
2.15552
2.15495
2.15437
2.15379
2.15322
2.15264
2.15206
2.15149
2.15091
2.15034
2.14976
2.14919
2.14861
2.14804
2.14746
2.14689
2.14632
2.14574
2.14517
2.1446
2.14403
2.14346
2.14288
2.14231
2.14174
2.14117
2.1406
2.14003
2.13946
2.13889
2.13832
2.13775
2.13718
2.13662
2.13605
2.13548
2.13491
2.13434
2.13378
2.13321
2.13264
2.13208
2.13151
2.13095
2.13038
2.12982
2.12925
2.12869
2.12812
2.12756
2.12699
2.12643
2.12587
2.12531
2.12474
2.12418
2.12362
2.12306
2.1225
2.12193
2.12137
2.12081
2.12025
2.11969
2.11913
2.11857
2.11801
2.11746
2.1169
2.11634
2.11578
2.11522
2.11467
2.11411
2.11355
2.11299
2.11244
2.11188
2.11133
2.11077
2.11022
2.10966
2.10911
2.10855
2.108
2.10744
2.10689
2.10634
2.10578
2.10523
2.10468
2.10413
2.10357
2.10302
2.10247
2.10192
2.10137
2.10082
2.10027
2.09972
2.09917
2.09862
2.09807
2.09752
2.09697
2.09642
2.09588
2.09533
2.09478
2.09423
2.09369
2.09314
2.09259
2.09205
2.0915
2.09096
2.09041
2.08987
2.08932
2.08878
2.08823
2.08769
2.08714
2.0866
2.08606
2.08552
2.08497
2.08443
2.08389
2.08335
2.0828
2.08226
2.08172
2.08118
2.08064
2.0801
2.07956
2.07902
2.07848
2.07794
2.0774
2.07687
2.07633
2.07579
2.07525
2.07471
2.07418
2.07364
2.0731
2.07257
2.07203
2.07149
2.07096
2.07042
2.06989
2.06935
2.06882
2.06828
2.06775
2.06722
2.06668
2.06615
2.06562
2.06508
2.06455
2.06402
2.06349
2.06296
2.06243
2.06189
2.06136
2.06083
2.0603
2.05977
2.05924
2.05871
2.05818
2.05766
2.05713
2.0566
2.05607
2.05554
2.05501
2.05449
2.05396
2.05343
2.05291
2.05238
2.05185
2.05133
2.0508
2.05028
2.04975
2.04923
2.0487
2.04818
2.04765
2.04713
2.04661
2.04608
2.04556
2.04504
2.04452
2.04399
2.04347
2.04295
2.04243
2.04191
2.04139
2.04087
2.04035
2.03983
2.03931
2.03879
2.03827
2.03775
2.03723
2.03671
2.03619
2.03568
2.03516
2.03464
2.03412
2.03361
2.03309
2.03257
2.03206
2.03154
2.03103
2.03051
2.03
2.02948
2.02897
2.02845
2.02794
2.02742
2.02691
2.0264
2.02588
2.02537
2.02486
2.02435
2.02383
2.02332
2.02281
2.0223
2.02179
2.02128
2.02077
2.02026
2.01975
2.01924
2.01873
2.01822
2.01771
2.0172
2.01669
2.01618
2.01568
2.01517
2.01466
2.01415
2.01365
2.01314
2.01263
2.01213
2.01162
2.01112
2.01061
