-1.1595
-1.13013
-1.10105
-1.35687
-1.32554
-1.29452
-0.947577
-0.762203
-0.42056
-0.525035
-0.501979
-0.479153
-0.456554
-0.43418
-0.412028
-0.0738694
-0.055303
-0.321526
-0.300496
-0.279674
-0.25906
-0.238651
-0.218445
-0.19844
-0.178634
-0.159025
-0.139611
-0.120391
-0.385966
-0.206181
-0.186298
-0.166613
-0.147124
-0.127828
0.049389
0.0667291
0.0838966
-0.183712
-0.00593846
0.0119521
0.0296646
0.0472009
-0.220042
-0.200021
-0.1802
-0.160575
-0.141146
-0.12191
-0.102866
-0.0840109
-0.0653435
0.111252
0.127976
0.144535
-0.250168
-0.0717336
-0.0531884
-0.319433
-0.298423
-0.277622
-0.541633
-0.518413
-0.495423
-0.883758
-0.540905
-0.517692
-0.779315
-0.753729
-0.728398
-0.545205
-0.521949
-0.498924
-0.476128
-1.02277
-0.994761
-0.967032
-0.939578
-0.912398
-0.727374
-0.702306
-0.677486
-0.652914
-1.32429
-1.26166
-1.23127
-1.20119
-1.17141
-1.14192
-1.39733
-1.36559
-1.33418
-1.58767
-1.55405
-1.48913
-1.45648
-1.42416
-1.39215
-1.36047
-1.3291
-1.29805
-1.2673
-1.23686
-1.20672
-1.17688
-0.989227
-0.961553
-0.934154
-0.907028
-0.880172
-0.853582
-1.11186
-1.08297
-1.05436
-1.02604
-0.839885
-0.813696
-1.07237
-1.04387
-1.01565
-0.987717
-1.08655
-1.05791
-1.31415
-1.40974
-1.37788
-1.34634
-1.31511
-1.12608
-1.09704
-1.0683
-1.03984
-1.01166
-0.98376
-0.95614
-0.928795
-1.18633
-1.15669
-0.969237
-0.941762
-0.91456
-0.887629
-0.860965
-1.11917
-1.37481
-1.3433
-1.3121
-1.24959
-1.21933
-1.18936
-1.4443
-1.69671
-1.66199
-1.62762
-1.5936
-1.84451
-1.80833
-1.899
-1.70416
-1.66937
-1.63493
-1.44271
-1.25241
-1.22212
-1.03402
-1.0059
-0.978056
-0.950493
-0.923204
-1.18079
-1.15121
-1.12193
-1.09293
-1.0326
-1.2891
-1.25844
-1.22809
-1.48264
-1.45006
-1.4178
-1.38586
-1.35424
-1.32294
-1.29194
-1.26125
-1.23087
-1.61189
-1.57802
-1.54449
-1.35318
-1.16377
-1.13435
-1.23173
-1.20164
-1.29834
-1.26759
-1.23715
-1.20701
-1.17717
-1.14762
-0.802145
-0.776332
-0.750776
-0.725475
-0.98503
-1.242
-1.3383
-1.30716
-1.27632
-1.24579
-1.21556
-1.18563
-1.15601
-1.12667
-1.09763
-1.06888
-1.04041
-1.58144
-1.54787
-1.51464
-1.60823
-1.57439
-1.5409
-1.79234
-1.75667
-2.13246
-2.09341
-2.05475
-2.01647
-1.97858
-1.94106
-1.90391
-1.86714
-1.5145
-1.4816
-1.44903
-1.41678
-1.38485
-1.35324
-1.32194
-1.57556
-1.54205
-1.50888
-1.47603
-1.72812
-1.6931
-1.65842
-1.46597
-1.71816
-1.80972
-2.05849
-2.30478
-2.26402
-2.06554
-2.31177
-2.27093
-2.2305
-2.03237
-1.99431
-1.95664
-1.91934
-1.88241
-1.84585
-1.80965
-1.77381
-1.73833
-2.1143
-2.07543
-1.87883
-1.84231
-1.80615
-1.77034
-1.7349
-1.6998
-1.66506
-1.63066
-1.5966
-1.56289
-1.5295
-1.49645
-1.30562
-2.12861
-2.0896
-1.89286
-1.8562
-1.8199
-1.91045
-1.87361
-2.12174
-2.0828
-2.04424
-2.00607
-1.96828
-1.93086
-1.89382
-1.69903
-1.66429
-1.6299
-1.88046
-1.84392
-1.80774
-1.77192
-1.73646
-1.70135
-1.66659
-1.91678
-2.44909
-2.40689
-2.36511
-2.32374
-2.12468
-1.92759
-1.73246
-1.6974
-1.66267
-1.31207
-1.28119
-1.25061
-1.50494
-1.59862
-1.56488
-2.10069
-2.34656
-2.30538
-2.26461
-2.50885
-2.46606
-2.42369
-2.38174
-2.34021
-2.2991
-2.25839
-2.50269
-2.45996
-2.41765
-2.37576
-2.6189
-2.57501
-2.53156
-2.48854
-2.28783
-2.24724
-2.20704
-2.16725
-2.12786
-2.08885
-2.05024
-2.29661
-2.25593
-2.21565
-2.17577
-2.13629
-2.09721
-2.05851
-2.02019
-2.26687
-2.22648
-2.18649
-2.14691
-2.10771
-2.06891
-2.03049
-1.99246
-1.9548
-1.91752
-1.88061
-1.68595
-1.65135
-1.61708
-1.58316
-1.83418
-2.08271
-2.42363
-2.38168
-2.34015
-2.14092
-2.10179
-2.18953
-2.14992
-2.11069
-2.07186
-2.03341
-1.99535
-1.95766
-1.92035
-1.7253
-1.6903
-1.94026
-1.90312
-2.15096
-2.11173
-2.07288
-1.87631
-1.9663
-1.92891
-1.89188
-1.85523
-1.81893
-1.78301
-1.87392
-1.83745
-1.80133
-1.76558
-1.73018
-2.10623
-2.06744
-2.02904
-1.99102
-2.52258
-2.47965
-2.43715
-2.39507
-3.04911
-2.84282
-2.79671
-2.75105
-2.70584
-2.66109
-2.58516
-2.5416
-2.49848
-2.45579
-2.41352
-2.65628
-2.61202
-2.5682
-2.52482
-2.76647
-2.72111
-2.6762
-2.91635
-2.8695
-2.82312
-3.0618
-3.0135
-2.96569
-2.91835
-3.15608
-3.10685
-3.0581
-2.5355
-2.49244
-2.44981
-2.69221
-2.64759
-2.4453
-2.40314
-2.3614
-2.32007
-2.56376
-2.52042
-2.47751
-2.43503
-2.07674
-2.03824
-2.85395
-2.80772
-2.88844
-2.84187
-2.79576
-2.592
-2.54838
-2.50519
-2.46243
-2.4201
-2.37819
-2.33669
-2.29561
-2.25494
-2.21467
-2.45941
-2.4171
-2.65983
-2.61553
-2.85628
-2.65192
-2.6077
-2.56392
-2.36246
-2.60573
-2.56197
-2.80325
-2.75753
-2.71226
-2.66744
-2.74956
-2.83086
-2.91136
-2.86456
-2.81822
-2.61424
-2.57039
-2.52699
-2.48401
-2.72607
-2.523
-2.48006
-2.43755
-2.39547
-2.3538
-2.31255
-3.41013
-3.20025
-3.15058
-3.1014
-3.05271
-3.0045
-2.95678
-2.90953
-2.98924
-2.94166
-2.89456
-2.5317
-2.48868
-2.44608
-2.40391
-2.36216
-2.0046
-1.96682
-2.21403
-2.45877
-2.41648
-2.65921
-2.61492
-2.57107
-2.52765
-2.48467
-2.56861
-2.52522
-2.48226
-2.43973
-2.39762
-2.32431
-2.56796
-2.52458
-2.48163
-2.56559
-2.52223
-2.47931
-2.43681
-2.39473
-2.47956
-2.72166
-2.67675
-2.63229
-2.87287
-3.11106
-3.06227
-2.98235
-3.21944
-3.16958
-3.12021
-3.07133
-2.86483
-3.1031
-3.05439
-3.00617
-2.80031
-2.75462
-2.99398
-2.63013
-2.58613
-2.54257
-2.78404
-2.73851
-2.69343
-3.21801
-3.16816
-3.1188
-3.06994
-3.30617
-2.93921
-2.89214
-2.84553
-2.92587
-2.87893
-2.83245
-2.78644
-2.74088
-2.69578
-2.65112
-2.60691
-2.56314
-2.51981
-2.47691
-2.43443
-2.96159
-2.91429
-2.86746
-2.82109
-3.18629
-3.13675
-3.08771
-3.03916
-2.99109
-3.2281
-3.58924
-3.5357
-3.48269
-3.4302
-3.22013
-3.17026
-3.12088
-3.3566
-3.30537
-3.25465
-3.20444
-3.15472
-3.1055
-2.89866
-2.85198
-2.80577
-2.76002
-2.71473
-2.66989
-2.62549
-2.42342
-2.66608
-2.62172
-2.57781
-2.53433
-2.49128
-2.73326
-2.37201
-2.33057
-2.28955
-2.50192
-2.7438
-2.69867
-2.93859
-2.89152
-2.84492
-2.79878
-2.87959
-2.83311
-2.78709
-2.74153
-2.69642
-2.65176
-2.60754
-2.56376
-2.36231
-2.16286
-2.12351
-2.36915
-2.32775
-2.28675
-2.24617
-2.49059
-2.44798
-2.40579
-2.36402
-2.32267
-3.10392
-3.02358
-3.26027
-3.21
-3.16023
-3.11095
-3.06217
-3.29847
-2.77348
-2.72805
-2.68308
-2.63855
-2.59446
-2.3927
-2.35106
-2.30984
-2.26902
-2.22862
-2.18861
-2.149
-2.10979
-1.88123
-1.97117
-1.93372
-1.89665
-1.98644
-1.94884
-2.03811
-2
-1.80416
-1.76837
-1.73295
-1.69787
-1.66315
-1.62877
-1.59473
-1.56103
-2.22337
-2.18341
-2.14386
-1.91496
-1.87807
-1.84155
-1.8054
-1.7696
-1.86066
-2.10892
-2.0701
-2.31628
-2.2754
-2.23493
-2.03674
-2.40974
-2.20982
-2.17
-2.13058
-2.09155
-2.05291
-2.01465
-1.97677
-1.93927
-3.04056
-2.99248
-2.94487
-2.89774
-2.85107
-2.80487
-2.75914
-2.55574
-2.51248
-2.75425
-2.70901
-2.50611
-2.46335
-2.421
-2.37908
-2.33758
-2.29649
-2.25581
-2.18391
-1.98623
-1.94864
-1.91142
-1.87457
-1.83809
-1.80196
-1.7662
-1.85729
-1.66286
-1.91309
-1.87623
-2.40894
-2.36714
-2.32575
-2.28478
-2.81342
-2.7676
-2.56412
-2.52077
-2.47786
-2.43537
-2.67791
-2.63344
-2.5894
-2.54581
-2.50264
-2.45991
-2.4176
-2.66032
-2.61602
-2.57216
-2.65523
-2.45286
-2.41062
-2.36881
-2.3274
-2.57102
-2.52761
-2.48463
-2.44207
-2.39994
-2.35823
-2.31694
-2.11794
-1.92092
-1.88397
-1.8474
-2.09579
-2.0571
-2.01881
-1.98089
-1.94335
-1.55833
-1.52499
-1.49198
-1.45931
-1.42696
-1.39493
-1.36322
-1.17371
-1.1442
-1.11498
-1.08606
-1.34202
-1.31084
-1.27996
-1.2494
-1.06102
-1.03263
-1.00453
-0.976699
-1.23375
-1.20365
-1.01573
-0.987787
-0.960128
-1.50195
-1.46918
-1.27861
-1.24806
-1.21781
-1.02975
-1.28627
-1.09753
-1.19527
-1.16555
-0.978004
-0.950441
-0.923153
-0.896136
-1.28048
-1.24991
-1.21964
-1.18968
-1.16001
-1.13063
-1.67076
-1.63631
-1.60219
-1.85303
-1.81676
-1.78085
-1.7453
-1.7101
-1.95986
-1.92253
-2.17017
-2.13075
-2.09171
-2.05307
-2.01481
-1.6607
-1.62635
-1.59234
-1.55866
-1.7783
-1.74278
-1.7076
-1.67278
-1.63831
-1.60417
-1.57038
-1.53692
-1.5038
-1.47101
-1.43854
-1.40639
-1.34295
-1.31175
-1.56547
-1.53207
-1.34088
-1.3097
-1.27884
-1.24828
-1.21803
-1.47269
-1.4402
-1.69265
-1.65797
-1.62364
-1.58966
-1.55601
-1.52269
-1.48971
-1.45706
-1.70933
-1.9591
-2.20638
-2.4512
-2.53547
-2.49241
-2.44978
-2.40757
-2.36579
-2.32442
-2.56806
-2.52468
-2.48173
-2.28109
-2.24056
-2.16881
-2.1294
-2.09038
-2.05175
-2.0135
-1.97564
-1.93815
-1.90103
-1.86429
-2.11251
-2.35826
-2.12723
-2.08823
-2.04962
-2.0114
-1.81544
-1.62143
-1.58747
-1.55384
-1.52055
-1.48759
-1.13873
-1.10956
-1.3653
-1.33388
-1.58738
-1.55376
-1.52047
-1.614
-1.58011
-1.54655
-1.51333
-1.48044
-1.85898
-1.82265
-1.78668
-2.16217
-2.12282
-2.08387
-2.04531
-2.00712
-1.96932
-1.93189
-1.89484
-1.85816
-1.82184
-2.07048
-2.31665
-2.56038
-2.64356
-2.59943
-2.55573
-2.51247
-2.46964
-2.42723
-2.38525
-2.34369
-2.30254
-2.67289
-2.62846
-2.58448
-2.54093
-2.3397
-2.29859
-2.25789
-2.21759
-2.4623
-2.41997
-2.66267
-2.61834
-2.57446
-2.53101
-2.48799
-2.73001
-2.68502
-2.48236
-2.43982
-2.2396
-2.19949
-2.15977
-2.40506
-2.9325
-2.88549
-2.83895
-2.79287
-2.74725
-2.70209
-2.65737
-2.6131
-2.56926
-2.65236
-2.60814
-2.40624
-2.49096
-2.29023
-2.24961
-2.20939
-2.16958
-2.13016
-2.09113
-2.0525
-2.01424
-1.97637
-2.22348
-2.02541
-1.98742
-1.94982
-1.91259
-1.87572
-1.83923
-1.8031
-1.76732
-1.73191
-1.69684
-1.66213
-1.62776
-1.59373
-1.40193
-1.37015
-1.33868
-1.30753
-1.11858
-1.08962
-1.06094
-1.03256
-1.00445
-1.26123
-1.19923
-1.01135
-0.983454
-0.797723
-0.771954
-0.746442
-0.721183
-1.26539
-1.07685
-1.0483
-1.02004
-0.833947
-0.807818
-0.90844
-0.691833
-0.667117
-0.642648
-0.618422
-0.594438
-1.1399
-1.39533
-1.36362
-1.33222
-1.30113
-1.27035
-1.23988
-1.0516
-1.02331
-0.679064
-0.654476
-0.630132
-0.606031
-0.424056
-0.402005
-0.380174
-0.358559
-0.33716
-0.315974
-0.294999
-0.274232
-0.253672
-0.233316
-0.213163
-0.193211
-0.173457
-0.1539
-0.134537
-0.115367
-0.0963876
-0.0775971
-0.0589936
0.117539
0.134201
0.150697
0.167029
-0.386012
-0.364339
-0.342883
-0.32164
-0.300608
-0.279785
-0.25917
-0.523365
-0.500326
-0.477516
-0.581425
-0.842413
-0.816199
-1.35946
-1.3281
-1.29705
-1.26632
-1.23588
-1.20576
-1.17593
-1.1464
-1.24365
-1.21344
-1.18354
-1.15393
-0.966503
-0.780941
-0.755339
-0.729992
-0.388669
-0.36697
-0.630093
-0.605992
-0.582131
-0.558507
-0.535118
-0.511963
-0.489037
-0.46634
-0.570359
-0.388739
-0.36704
-0.345556
0.150055
0.166394
0.18257
0.198584
0.21444
0.230138
-0.0389257
-0.0207069
-0.00266944
0.0151886
0.0328689
-0.234232
-0.21407
-0.194108
-0.174345
-0.154779
-0.135408
-0.116229
-0.097241
0.0796719
0.0967106
0.271694
0.286822
0.459913
0.473168
0.201687
0.217512
0.233179
0.24869
0.422161
0.75202
0.762369
0.488009
0.21638
-0.0525463
-0.034192
-0.0160203
-0.282634
-0.261991
-0.241553
-0.221318
-0.201284
-0.18145
-0.161813
-0.142372
0.0349904
-0.0740174
-0.0554494
0.121048
0.137675
0.154136
0.328548
0.34311
0.357528
0.371802
0.385934
0.11532
0.132004
0.148522
0.164876
0.181067
0.22872
0.560503
0.572757
0.58489
0.596902
0.324189
0.496909
0.509796
0.522555
0.250582
0.297543
0.312414
0.0425317
0.0599399
0.235289
-0.0338258
-0.0156578
0.00232947
0.0201377
0.0377688
0.0552245
-0.212099
-0.192157
-0.172413
-0.152866
-0.54461
-0.52136
-0.340227
-0.31901
-0.139891
-0.120667
-0.101635
-0.0827924
-0.348742
-0.169327
-0.149811
-0.130488
-0.111359
-0.0924192
-0.0736682
0.10301
0.119817
0.136456
0.15293
0.169239
0.185387
-0.0832312
-0.0645716
0.112016
0.128733
0.0187926
0.036437
0.0539059
0.071201
0.088324
0.105277
0.122061
0.296791
0.0270648
0.044627
0.220128
-0.0488356
-0.315123
-0.294156
-0.273398
-0.252846
-0.517104
-0.494127
-0.471379
-0.448858
-0.42656
-0.404484
-0.382628
-0.36099
-0.181452
-0.161816
-0.142374
-0.123126
-0.104069
-0.211694
-0.191756
-0.172016
-0.152473
-0.133125
-0.113969
-0.0950033
-0.0762265
-0.342242
-0.321005
-0.869189
-1.12731
-1.09827
-0.911393
-0.726379
-0.827811
-0.801743
-0.775934
-0.750382
-0.725085
-0.700039
-0.959847
-0.932465
-0.905355
-0.720402
-0.695402
-0.923634
-0.896612
-0.869859
-1.12798
-1.09892
-0.912043
-0.885137
-0.858499
-1.11673
-0.929673
-0.902591
-0.717665
-0.977298
-0.949742
-0.922461
-0.895451
-0.86871
-0.842235
-0.816023
-0.790072
-0.76438
-0.738943
-0.713759
-0.97343
-0.945913
-0.91867
-0.891698
-0.864994
-0.680442
-0.65584
-0.631483
-0.607368
-0.583494
-0.844461
-0.818227
-0.792255
-1.33575
-1.30463
-1.55842
-1.65157
-1.61731
-1.86799
-1.83157
-1.79552
-2.04443
-2.00625
-1.96846
-1.93104
-1.894
-1.6992
-1.94907
-1.91185
-1.87499
-1.8385
-1.80238
-1.76661
-1.73121
-1.53803
-1.5049
-1.7567
-1.72139
-2.25564
-2.21536
-2.17549
-2.13601
-2.09693
-2.62744
-2.58347
-2.53993
-2.62332
-2.57938
-2.53589
-2.49282
-2.45019
-2.40798
-2.65079
-2.89119
-2.68648
-2.64192
-2.5978
-2.396
-2.19622
-2.15654
-2.40185
-2.64473
-2.60058
-2.39876
-2.35706
-2.31578
-2.2749
-2.51904
-2.47614
-2.71828
-2.6734
-2.62897
-2.58498
-2.54143
-2.49831
-2.45562
-2.41336
-2.37151
-2.33008
-2.28907
-2.24846
-3.06207
-3.01377
-3.25056
-3.20038
-3.15071
-3.51262
-3.30173
-3.09293
-3.04432
-3.12269
-3.07379
-3.02537
-2.97744
-2.92998
-3.1676
-3.40286
-3.35117
-3.29999
-3.24933
-3.19917
-3.1495
-2.78411
-2.73857
-2.69349
-2.64886
-2.88928
-2.8427
-2.79658
-2.75092
-2.99033
-3.22735
-3.1774
-3.25445
-3.20423
-4.00834
-4.23523
-4.17525
-4.11588
-4.05709
-3.99889
-3.94127
-3.88423
-3.82775
-3.77183
-3.55836
-3.50512
-3.45241
-3.68483
-3.75683
-3.70162
-3.64695
-3.59284
-3.53926
-3.48621
-3.43369
-3.38169
-3.33021
-3.56385
-3.51056
-3.4578
-3.08933
-4.17918
-4.11977
-4.06095
-4.00271
-3.94505
-3.72985
-3.67491
-3.90511
-3.84843
-4.07691
-4.01851
-3.9607
-3.90346
-3.84679
-3.79068
-3.73513
-3.68013
-3.62568
-3.57178
-3.51841
-3.46557
-3.41325
-3.36146
-3.43667
-3.38465
-3.33314
-3.28214
-3.23165
-3.18167
-3.10056
-3.05187
-3.28828
-3.23773
-3.18768
-3.13814
-3.08908
-3.04051
-2.99243
-2.94482
-2.89769
-2.69291
-2.64829
-2.6041
-2.84497
-2.79883
-2.75315
-2.70792
-2.66315
-2.61882
-2.41682
-2.37494
-2.33347
-2.29243
-2.25178
-2.21155
-2.17171
-2.13227
-2.09322
-2.05456
-2.01629
-3.11682
-3.35258
-3.30139
-3.09259
-3.3286
-3.27765
-3.2272
-3.17726
-3.12781
-3.07886
-3.03039
-2.98241
-2.9349
-2.72976
-2.68476
-2.64022
-2.59612
-2.55245
-2.50923
-2.46643
-2.70866
-2.66388
-2.46143
-2.5456
-2.50243
-2.4597
-2.4174
-2.37551
-2.90326
-2.85654
-2.81028
-2.76449
-3.00376
-2.95604
-2.90879
-2.54579
-2.34452
-2.30336
-2.10449
-2.19221
-2.15257
-2.11332
-2.07446
-1.87787
-1.96785
-1.93044
-1.8934
-1.85673
-1.82042
-1.78448
-1.59078
-1.55712
-2.66221
-2.61789
-2.57401
-2.53057
-2.48756
-2.57147
-2.52805
-2.48506
-2.44251
-2.40037
-2.35866
-2.31736
-2.27647
-2.23599
-2.48051
-2.27988
-2.52397
-2.48103
-2.72312
-2.52007
-2.47717
-2.43469
-2.39263
-2.19288
-1.99512
-2.24204
-2.2019
-2.16216
-2.12281
-2.08386
-2.04529
-2.00711
-1.96931
-1.77377
-1.73829
-1.70316
-1.66838
-1.63395
-1.59986
-1.6926
-1.49982
-1.46706
-1.43463
-1.68713
-1.65251
-1.90285
-1.70797
-1.67314
-1.48055
-1.44798
-1.41575
-1.38383
-1.35223
-1.32094
-1.85918
-2.07583
-2.03734
-1.99924
-1.96152
-2.20877
-2.16896
-2.41416
-2.3723
-2.45736
-2.41508
-2.37321
-2.33177
-2.29074
-2.25011
-2.20989
-2.17007
-2.13065
-2.37622
-2.17663
-2.13714
-2.09805
-2.05934
-1.86291
-1.95303
-1.91577
-1.87887
-1.84235
-1.93267
-1.89561
-1.85892
-2.1072
-2.0684
-2.31459
-2.27373
-2.35977
-2.31846
-2.27756
-2.23706
-2.19697
-2.28377
-2.24322
-2.20307
-2.16331
-2.12396
-2.08499
-2.04642
-2.41932
-2.37741
-2.33593
-2.29485
-2.25419
-2.21393
-2.01595
-2.26267
-2.22232
-2.18238
-2.14283
-2.51478
-2.75653
-2.71127
-2.66646
-2.6221
-2.86278
-2.81647
-2.77061
-2.72521
-2.96487
-2.91754
-2.87068
-2.82428
-2.77835
-2.73287
-2.68785
-2.92788
-2.88092
-3.40363
-3.63654
-3.58252
-3.21282
-3.16302
-3.11371
-3.0649
-3.01657
-2.96873
-2.92136
-2.87446
-2.82803
-2.78206
-2.57843
-2.37683
-2.33535
-2.29428
-2.09551
-2.05682
-2.01853
-2.26522
-2.06673
-2.02834
-1.6741
-1.63961
-1.60546
-1.57166
-1.66468
-1.91489
-1.878
-1.84148
-1.80533
-1.76954
-1.7341
-1.69901
-2.23349
-2.19343
-2.43838
-2.68089
-2.32016
-2.56385
-2.5205
-2.31948
-2.27857
-2.23807
-2.19797
-2.15826
-2.11896
-2.08004
-2.32612
-2.28514
-2.24458
-2.20441
-2.16464
-2.40988
-2.36807
-2.32668
-2.2857
-2.24512
-2.20495
-2.16518
-2.37879
-2.33729
-2.2962
-2.25552
-2.21525
-2.01726
-1.97936
-1.94183
-1.90468
-1.86789
-1.83148
-1.79542
-1.75973
-2.00899
-1.81306
-2.06179
-2.43454
-2.39248
-2.19273
-2.15308
-2.11383
-2.35957
-2.60287
-2.55914
-2.51584
-2.47298
-2.43054
-2.38853
-2.34693
-2.87495
-2.82852
-2.78254
-2.73702
-2.53385
-2.4908
-2.57468
-2.53123
-2.48821
-2.44562
-2.68806
-2.64348
-2.59935
-2.55566
-2.76538
-2.56192
-2.51859
-2.31759
-2.11858
-2.07967
-2.04115
-2.28761
-2.24702
-2.20683
-2.16704
-2.09602
-1.89922
-1.86249
-2.11074
-2.0719
-2.03346
-1.99539
-2.0842
-2.04563
-2.29205
-2.0933
-2.05464
-2.01636
-1.97847
-1.94095
-1.90381
-1.86703
-1.83062
-1.79458
-1.75889
-2.00816
-1.97035
-1.7748
-1.73931
-1.83066
-1.79462
-1.75893
-1.72359
-1.97322
-2.22036
-2.18043
-2.42551
-2.22543
-2.18546
-2.14588
-2.3913
-2.19157
-2.15193
-2.11268
-2.20032
-2.1606
-2.12127
-2.36694
-2.16744
-2.12804
-2.08904
-2.17691
-2.13742
-2.09832
-2.05961
-2.02129
-1.82523
-1.91573
-1.87883
-1.84231
-2.09075
-2.05212
-2.01387
-1.976
-2.22311
-2.18316
-2.1436
-1.94633
-2.19374
-2.15408
-2.11481
-2.07594
-2.03745
-1.84124
-1.80508
-1.89578
-1.98558
-1.94799
-1.91078
-1.87393
-1.96395
-1.45223
-1.70456
-1.66977
-1.63532
-1.60122
-1.56745
-1.81863
-1.62459
-1.59059
-1.84154
-1.80539
-1.76959
-2.01876
-1.98084
-1.9433
-1.90613
-1.86933
-1.8329
-1.63872
-1.60458
-1.41267
-1.38078
-1.34921
-1.15984
-1.13047
-1.386
-1.35438
-1.32307
-1.57668
-1.54316
-1.79458
-1.75889
-1.56544
-1.53204
-1.49896
-1.46621
-1.56029
-1.52693
-1.77851
-1.74298
-1.70781
-1.67298
-1.92311
-1.88614
-1.84955
-1.81331
-2.06204
-2.3083
-2.5521
-2.50888
-2.46609
-2.70832
-2.66354
-2.61921
-2.57532
-2.53186
-2.48884
-3.14194
-2.93473
-2.8877
-2.84114
-3.07964
-3.03117
-2.98318
-2.93566
-2.73051
-2.68551
-2.48284
-2.44031
-2.39819
-2.92571
-2.87877
-2.83229
-2.62817
-2.58418
-2.54064
-3.35134
-3.30017
-3.2495
-3.04122
-2.99313
-2.94552
-3.02487
-2.97694
-2.92949
-2.88251
-2.96249
-2.91518
-2.86834
-2.82197
-2.77606
-2.73061
-2.6856
-2.64105
-2.59694
-2.55327
-2.51003
-2.46723
-2.42485
-2.38289
-2.34135
-1.82588
-1.78988
-1.75424
-1.71895
-1.68402
-1.64943
-1.61519
-1.58128
-1.54772
-1.79909
-1.73174
-1.69668
-1.66196
-1.62759
-1.59357
-1.55988
-1.81113
-2.05989
-1.86344
-1.82707
-2.07567
-2.03718
-2.28369
-2.24313
-2.20298
-2.00512
-1.96733
-2.34102
-2.2999
-2.25918
-2.21887
-2.17896
-2.13945
-2.10033
-2.0616
-2.02326
-1.9853
-1.7896
-1.75396
-2.00328
-2.09201
-2.33797
-2.29687
-2.54079
-2.49768
-2.45499
-2.41274
-2.21278
-2.17294
-2.13348
-2.37903
-2.33753
-2.29644
-2.25576
-2.21548
-2.1756
-2.13612
-2.06542
-2.02703
-1.98903
-1.95141
-1.91416
-2.4465
-2.40432
-2.36257
-2.60583
-2.56207
-2.51875
-2.47586
-2.718
-2.67312
-2.75518
-2.99454
-2.63069
-2.87128
-2.82488
-2.77894
-2.73346
-2.68843
-3.62416
-3.57027
-3.51691
-3.46409
-3.41179
-3.36001
-3.15063
-3.10145
-3.05276
-3.13104
-3.36666
-3.15722
-3.10797
-3.05922
-3.01095
-2.96316
-2.91584
-2.869
-2.66451
-2.62016
-2.86087
-3.09917
-3.05051
-3.00232
-2.95462
-2.90739
-2.86063
-2.81433
-2.7685
-3.00773
-2.95997
-2.91268
-2.67614
-3.20089
-3.15121
-3.10202
-3.05332
-3.00511
-2.95738
-2.91012
-2.86333
-2.81701
-2.77115
-2.72575
-2.68079
-2.76278
-2.71746
-2.51448
-2.47162
-2.71381
-2.66897
-2.90919
-2.7043
-2.65956
-2.61526
-2.57141
-2.36988
-2.61307
-2.56924
-2.36773
-2.32634
-2.56997
-2.52657
-2.48359
-2.44105
-2.39893
-2.64184
-2.59772
-2.55404
-2.5108
-2.46798
-2.26748
-2.22709
-2.4717
-2.42928
-2.38727
-2.34569
-2.30452
-2.26376
-2.50801
-2.30711
-2.55092
-2.50771
-2.46493
-2.26446
-2.22409
-1.8679
-1.83149
-1.79543
-1.75974
-1.56628
-1.53286
-1.49978
-1.46703
-1.4346
-1.40249
-1.65531
-1.62101
-1.58705
-1.55343
-1.52014
-1.48718
-1.45455
-1.10602
-1.07718
-1.04864
-1.02037
-0.992386
-0.96468
-1.63295
-1.88348
-1.68879
-1.65416
-1.61987
-1.4278
-1.39576
-1.36405
-1.33264
-1.30155
-1.83998
-1.80384
-1.76806
-1.57452
-1.66752
-1.63309
-1.59901
-1.56527
-1.53186
-1.49879
-1.46605
-1.43363
-1.40153
-1.65436
-1.62007
-1.58612
-1.52088
-1.48792
-1.45528
-1.42297
-1.39098
-1.35931
-1.61256
-1.57868
-1.54514
-1.51193
-1.47906
-1.73112
-1.69606
-1.66135
-1.62699
-1.59297
-1.55929
-1.52594
-1.49293
-1.74485
-1.99426
-2.08308
-2.04452
-2.13283
-2.37839
-2.33689
-2.29581
-2.25513
-2.34135
-2.30023
-2.25951
-2.06108
-2.02274
-1.82667
-1.79066
-1.75501
-1.71972
-1.68478
-2.21939
-2.17948
-2.13996
-2.10084
-1.90399
-2.15182
-2.11257
-2.07372
-2.03526
-1.96555
-1.89654
-1.70173
-1.66696
-1.63254
-1.44035
-1.40819
-1.37635
-1.62943
-1.87999
-1.84345
-1.80728
-1.77146
-1.73601
-1.7009
-1.66615
-1.63174
-1.59767
-1.69043
-1.65578
-1.62147
-1.87211
-1.83565
-1.64144
-1.60728
-1.57346
-1.53997
-1.50682
-1.47399
-1.28338
-1.25278
-1.22248
-1.19249
-1.16279
-1.13339
-1.10428
-1.07546
-1.33153
-1.14234
-1.11314
-0.926122
-1.02557
-0.99753
-0.81166
-0.785752
-1.32931
-1.29825
-1.26751
-1.23706
-1.20692
-1.46169
-1.42931
-1.68186
-1.6473
-1.89768
-1.86097
-1.82462
-1.78863
-2.32221
-2.28128
-2.24075
-2.20062
-2.16089
-2.12156
-2.20911
-2.1693
-2.12988
-2.09086
-2.33683
-2.13763
-2.09853
-1.9017
-1.86495
-2.08155
-1.72677
-1.69176
-1.6571
-1.62278
-1.5888
-1.83976
-2.08823
-2.04962
-2.0114
-2.25816
-2.21786
-2.17796
-2.13846
-2.09935
-2.06063
-2.02229
-1.98434
-1.94676
-1.90956
-1.87273
-2.12087
-2.08194
-1.88528
-1.84869
-1.81246
-1.46037
-1.428
-1.39596
-1.36424
-1.33284
-1.30174
-1.11285
-1.08394
-1.33993
-1.30877
-1.27791
-1.24737
-1.21712
-1.47179
-1.43931
-1.40716
-1.65993
-1.62558
-1.59158
-1.55791
-1.65107
-2.0279
-1.9899
-1.95226
-2.19961
-2.72911
-2.68412
-2.63958
-2.59549
-2.55183
-2.50861
-2.3077
-2.3934
-2.35175
-2.31052
-2.2697
-2.51389
-2.31293
-2.11397
-2.35971
-2.3184
-2.2775
-2.0789
-2.04038
-2.28685
-2.24627
-2.20608
-2.1663
-2.12692
-2.08792
-2.04931
-2.01109
-1.81514
-1.62113
-1.58717
-1.55355
-1.20403
-1.17422
-0.986589
-0.958941
-1.21617
-1.47085
-1.43838
-1.40624
-1.37441
-1.18479
-1.15517
-1.12585
-1.09681
-1.06807
-1.32421
-1.29321
-1.6736
-1.48101
-1.57493
-1.54143
-1.63475
-1.60065
-1.56689
-1.53347
-1.50038
-1.30951
-1.27865
-1.24809
-1.21784
-1.1879
-1.15824
-1.41349
-1.50809
-1.47525
-1.44274
-1.41055
-1.37869
-1.18902
-1.15936
-1.13
-1.10092
-0.755907
-0.572441
-0.548913
-0.52562
-0.787164
-0.7615
-0.736092
-0.710936
-0.970636
-0.943147
-0.915931
-0.888986
-0.862309
-0.835898
-0.809749
-0.783861
-0.75823
-0.732854
-0.707731
-1.25207
-1.34827
-1.31702
-1.28609
-1.09734
-0.91048
-0.88359
-0.856966
-0.830608
-0.804512
-0.778676
-0.879588
-0.853004
-1.11129
-1.0824
-1.33841
-1.43375
-1.40165
-1.21176
-1.18187
-1.43688
-1.40476
-1.37295
-1.62606
-1.43394
-1.24372
-1.21352
-1.18361
-1.154
-1.12469
-1.94948
-1.91225
-1.87539
-1.80728
-2.05607
-2.01778
-1.97987
-1.94234
-1.90518
-1.71028
-1.51732
-1.48439
-1.45179
-1.2614
-1.23102
-1.20094
-1.17116
-1.26816
-1.23771
-1.20757
-1.17772
-0.990056
-1.08886
-1.0602
-1.03182
-1.00372
-0.975902
-0.94836
-1.2057
-1.46047
-1.42811
-1.39607
-1.36435
-1.17483
-1.14531
-1.68529
-1.49257
-1.45989
-1.42753
-1.23739
-1.20724
-1.1774
-1.43246
-1.24226
-1.21207
-1.18218
-1.15258
-1.40789
-1.37605
-1.34452
-1.43981
-1.40765
-1.37581
-1.18618
-1.15654
-1.41181
-1.37993
-1.34837
-1.31712
-1.28618
-1.25555
-1.22523
-1.19521
-1.16548
-1.13605
-0.948806
-0.76342
-0.70637
-0.966115
-0.93867
-0.911499
-0.884598
-1.14257
-1.11337
-1.08446
-1.05584
-1.0275
-1.28405
-1.82265
-1.78669
-1.75108
-1.3996
-1.05161
-1.30792
-1.27707
-1.24654
-1.05819
-1.31443
-1.28352
-1.25292
-1.34911
-1.60246
-1.56869
-1.34551
-1.5989
-1.40704
-1.37521
-1.3437
-1.15438
-1.12506
-1.09604
-0.909187
-0.724195
-0.699158
-0.67437
-0.649828
-0.625531
-0.601475
-0.577659
-0.680571
-0.940573
-0.913383
-0.886463
-0.986303
-0.958657
-0.931287
-0.90419
-1.16197
-1.13257
-1.22996
-1.19989
-1.17012
-1.14065
-1.39607
-1.64896
-1.4566
-1.42428
-1.64526
-1.89566
-1.70085
-1.6661
-1.31546
-1.28454
-1.25393
-1.22362
-1.19362
-1.41689
-1.66956
-1.91973
-1.88279
-1.84623
-1.81003
-1.77419
-1.7387
-1.98817
-1.95056
-1.91332
-1.87645
-2.12455
-2.08558
-2.047
-1.85069
-1.65633
-1.90662
-1.86982
-1.83338
-1.79731
-1.76159
-1.72624
-1.69123
-1.65657
-1.46414
-1.43174
-1.24155
-1.21137
-1.18148
-1.4365
-1.40437
-1.37257
-1.18297
-1.15336
-1.12406
-1.09504
-1.88851
-2.13649
-2.0974
-2.0587
-2.02038
-2.26705
-2.22667
-2.18668
-2.14709
-2.1079
-2.06909
-2.03067
-1.99263
-1.95498
-1.88607
-1.84947
-1.65512
-1.62082
-1.58687
-1.55325
-1.51996
-1.77161
-1.73615
-1.70104
-1.95089
-1.91365
-1.87678
-1.84027
-1.80413
-1.76835
-1.73292
-1.69785
-1.94773
-2.19512
-2.15545
-1.95806
-1.92074
-2.1684
-2.129
-2.37459
-2.90234
-2.66589
-2.46342
-2.42108
-2.37916
-2.62226
-2.57833
-2.53485
-2.7764
-2.73094
-2.33809
-2.29699
-2.25631
-2.50063
-2.45792
-2.41563
-2.37376
-2.33231
-2.13316
-2.0941
-2.05544
-2.01715
-1.97925
-2.06822
-2.31441
-2.27355
-2.2331
-2.19305
-2.1534
-1.95602
-1.91873
-1.88181
-1.84525
-1.80906
-1.77323
-1.73775
-1.98724
-1.79152
-1.59775
-1.56402
-1.53062
-1.33945
-1.8775
-1.84099
-1.48861
-1.45597
-1.42365
-1.39165
-1.35997
-1.61322
-1.42122
-1.38925
-1.6422
-1.89263
-1.85597
-1.81967
-1.78373
-1.74815
-1.71293
-1.67805
-1.64352
-1.60934
-1.41738
-1.38545
-1.35383
-1.32253
-1.29154
-1.26086
-1.51508
-1.48218
-1.4496
-1.41734
-1.38541
-1.35379
-1.32249
-1.2915
-1.10271
-1.0739
-1.04539
-1.30176
-1.27097
-1.5251
-1.49209
-1.3013
-1.83973
-1.8036
-1.76782
-1.7324
-1.53922
-1.50607
-1.47325
-1.44076
-1.40859
-1.37675
-1.62982
-1.88038
-1.84384
-2.09227
-1.73739
-1.82876
-1.79273
-2.04167
-2.00352
-1.96576
-2.21297
-2.17312
-2.13367
-2.0946
-2.05593
-2.01764
-2.26434
-2.22398
-2.18402
-2.14446
-2.38989
-2.34828
-2.14897
-2.39436
-2.35271
-2.31147
-2.27064
-2.0721
-2.60286
-2.55913
-2.51584
-2.47297
-2.27242
-2.23198
-2.19194
-2.4369
-2.39482
-2.35316
-2.31192
-2.55569
-2.51243
-2.4696
-2.9964
-2.94876
-2.90159
-2.85488
-3.09325
-3.04464
-2.99652
-2.94887
-2.9017
-2.53877
-2.49567
-2.73762
-2.69254
-2.93253
-2.88552
-2.83897
-2.63478
-2.87534
-2.8289
-2.78292
-2.7374
-2.69233
-2.64771
-3.17274
-3.12334
-3.07443
-3.72171
-3.66685
-3.61253
-3.55876
-3.50552
-3.45281
-3.2425
-3.47701
-3.10836
-2.90149
-2.85478
-2.93504
-2.888
-2.84144
-3.07994
-3.03146
-2.98347
-3.22055
-3.17068
-3.1213
-3.07241
-3.43511
-3.38309
-3.61621
-3.56239
-3.50912
-3.45637
-3.40415
-3.35244
-3.58586
-3.65884
-3.6046
-3.55091
-3.49774
-3.44511
-3.23489
-3.46947
-3.41712
-3.20717
-3.15743
-3.10818
-3.05943
-3.01115
-2.96336
-2.91604
-2.8692
-2.50659
-2.46382
-2.42147
-2.37955
-2.33804
-2.29694
-2.25626
-2.21598
-2.17609
-2.42122
-2.37929
-2.17967
-2.14015
-2.10103
-2.47339
-2.43095
-2.38893
-2.34733
-2.30614
-2.26536
-2.06688
-2.31308
-2.27224
-2.2318
-2.19176
-2.15212
-2.39748
-2.35579
-2.44101
-2.39889
-2.35719
-2.31591
-2.27503
-2.23456
-2.1945
-1.99672
-1.95902
-1.76358
-1.7282
-1.69318
-1.6585
-1.30794
-1.8463
-1.8101
-1.77426
-1.73877
-1.70364
-2.23807
-2.03985
-2.12822
-2.08921
-2.05059
-2.29696
-2.25627
-2.21599
-2.17611
-2.13663
-2.09754
-2.05884
-2.02052
-1.98258
-1.94502
-1.90784
-2.44024
-2.24001
-2.4845
-2.56843
-2.80965
-2.44764
-2.40545
-2.36369
-2.16422
-2.12486
-2.08588
-1.88918
-1.85255
-1.81629
-1.78039
-1.74484
-1.70965
-1.6748
-1.92491
-1.88793
-1.85131
-1.65695
-1.90723
-1.87043
-1.83398
-1.7979
-1.76218
-1.72682
-1.53369
-1.5006
-1.46784
-2.1311
-1.93395
-1.89688
-1.86017
-1.82383
-2.07246
-2.31861
-2.56231
-2.51899
-2.7607
-2.7154
-2.67055
-2.62614
-2.86679
-2.82043
-2.77454
-2.85559
-2.80935
-2.76356
-2.71823
-2.67335
-2.62892
-2.58493
-2.06704
-2.02864
-1.83251
-1.79645
-2.04535
-2.29177
-2.25113
-2.2109
-2.17107
-2.13164
-2.0926
-2.05395
-2.30028
-2.25956
-2.21925
-2.17934
-2.13982
-1.94258
-1.90542
-1.86863
-2.11681
-2.07792
-2.32402
-2.28306
-2.24252
-2.04426
-2.29069
-2.09195
-2.05331
-2.29965
-2.25894
-2.34512
-2.30395
-2.2632
-2.22285
-2.1829
-2.14335
-2.10419
-2.06542
-2.02704
-1.98904
-1.95142
-1.91417
-1.87729
-1.68267
-1.64809
-1.61386
-1.57997
-1.54642
-1.5132
-1.48032
-1.44775
-1.70012
-1.94998
-1.75463
-1.71934
-1.6844
-1.64981
-1.61557
-1.58166
-1.38998
-1.64292
-1.60874
-1.5749
-1.5414
-1.35012
-1.31885
-1.2879
-1.54186
-1.50869
-1.47584
-1.44333
-1.41113
-1.37926
-1.63231
-1.88284
-1.84628
-1.81008
-1.77423
-1.73875
-1.70362
-1.66883
-1.919
-1.88208
-1.84552
-2.37854
-2.59002
-2.54642
-2.34513
-2.30397
-2.54782
-2.50464
-2.46188
-2.41956
-2.66226
-2.45982
-2.41751
-2.37563
-2.33416
-2.41959
-2.37769
-2.3362
-2.57973
-2.53623
-2.77777
-2.57418
-2.53074
-2.48772
-2.85624
-2.80998
-2.76419
-3.00346
-2.95575
-2.90851
-2.86174
-2.81543
-3.05419
-2.68974
-2.92975
-2.88277
-2.83625
-2.7902
-2.74461
-2.98407
-2.93655
-2.8895
-2.84292
-2.7968
-2.75114
-2.70593
-2.66118
-2.61687
-2.573
-2.37145
-2.33003
-2.85822
-2.81195
-2.76614
-2.72078
-3.21347
-3.16366
-3.11435
-3.06553
-3.0172
-2.96935
-3.04846
-3.0003
-2.95261
-2.9054
-3.26976
-3.504
-3.4513
-3.39913
-3.34748
-3.29634
-3.24571
-3.19558
-2.98784
-2.78217
-2.73665
-2.69159
-2.61536
-2.5715
-2.52808
-2.7697
-2.72431
-2.67938
-2.63488
-2.59084
-2.38911
-2.31589
-2.27501
-2.80375
-2.75802
-2.99736
-2.9497
-2.90252
-2.85581
-2.80956
-2.60566
-2.84651
-2.80035
-3.03926
-3.2758
-3.22537
-3.17545
-3.12602
-3.77279
-3.5593
-3.50605
-3.45334
-3.24303
-3.19293
-3.14333
-3.09422
-3.0456
-2.99747
-2.94981
-2.90263
-2.85592
-3.37888
-3.32743
-3.40298
-3.35129
-3.30011
-3.24945
-3.19928
-3.14962
-2.78422
-3.02329
-2.97538
-2.92794
-2.88098
-2.83448
-2.78844
-2.74287
-3.26696
-3.21662
-3.16678
-3.11744
-3.06859
-2.86211
-2.8158
-2.76995
-2.72456
-2.67962
-2.63513
-2.87568
-2.95573
-3.31958
-3.26872
-3.21837
-3.16851
-3.11915
-3.03866
-2.9906
-2.94301
-2.8959
-2.84925
-2.80307
-3.04195
-2.99385
-2.94623
-3.18369
-3.13418
-3.08517
-2.87852
-2.83205
-2.78604
-2.58237
-2.66534
-2.62099
-2.57708
-2.5336
-2.49056
-2.44795
-2.24765
-2.20745
-2.16766
-2.12826
-2.08925
-2.05063
-2.01239
-1.97454
-1.93706
-1.89996
-1.86322
-1.82685
-1.63273
-1.59865
-1.56491
-1.53151
-1.78304
-1.74747
-1.0798
-1.05122
-1.02293
-1.27953
-1.53357
-1.50048
-1.3096
-1.27874
-1.53279
-1.34159
-1.31041
-1.27954
-1.24898
-1.21872
-1.47337
-1.28276
-1.25217
-1.22188
-1.16027
-0.972777
-0.945266
-0.918029
-0.891063
-0.864366
-1.12254
-1.09354
-1.19132
-1.44624
-1.41402
-1.38211
-1.35053
-1.31926
-1.2883
-1.25765
-1.22731
-1.19727
-1.16752
-1.13807
-1.10892
-1.08005
-1.05147
-1.02318
-0.995169
-0.967436
-0.939978
-0.912794
-1.42347
-1.67608
-1.48346
-1.73547
-1.70037
-1.95022
-1.91299
-2.16073
-2.1214
-2.36706
-2.32568
-2.56931
-2.3678
-2.32641
-2.28543
-2.24486
-2.20469
-2.16492
-2.41016
-2.36834
-2.32695
-2.28596
-2.24539
-2.20521
-2.29193
-2.25129
-2.21106
-2.17123
-2.1318
-2.94657
-2.89942
-2.85274
-2.80652
-2.76077
-2.71546
-2.35439
-2.31313
-2.27228
-2.51645
-2.47358
-2.43113
-2.38911
-2.18939
-2.14978
-1.95244
-1.75707
-1.56364
-1.53025
-1.4972
-2.31828
-2.27738
-2.23689
-2.48141
-2.43889
-2.39679
-2.92432
-2.87739
-2.83093
-2.62682
-2.58285
-2.53932
-2.49622
-2.58004
-2.53654
-2.33535
-2.29429
-2.25363
-2.21337
-2.17352
-2.13406
-2.3796
-2.33809
-2.70809
-2.66331
-2.61898
-2.57509
-2.53164
-2.77322
-2.7278
-2.68282
-2.6383
-2.59422
-2.55057
-2.34925
-2.59265
-2.54902
-2.50583
-2.46306
-2.42072
-2.3788
-2.02108
-1.98313
-2.23018
-2.47476
-2.4323
-2.67488
-2.63043
-2.58643
-2.54286
-2.78433
-2.7388
-2.69371
-2.64908
-2.60489
-2.84574
-2.7996
-2.75391
-2.23434
-2.32076
-2.27984
-2.23933
-2.0411
-2.00296
-1.9652
-1.92781
-1.8908
-1.85415
-1.81787
-1.78195
-1.58828
-1.55464
-1.80595
-1.77015
-1.86119
-2.10945
-2.07063
-2.03219
-1.99414
-1.79836
-1.88912
-2.1371
-2.098
-2.0593
-2.02098
-1.98303
-1.94547
-1.90828
-1.87146
-1.83501
-1.79892
-2.0478
-2.00959
-1.97176
-1.7762
-1.74069
-1.54743
-1.5142
-1.4813
-1.44873
-1.41649
-1.38456
-1.35295
-1.44815
-1.41591
-1.38399
-1.47888
-1.44633
-1.41411
-1.38221
-1.0344
-1.00627
-0.820315
-0.794321
-1.05319
-1.02488
-0.996851
-0.969101
-0.941627
-0.914427
-1.1721
-1.5537
-1.52041
-1.48745
-1.45482
-1.42251
-1.67513
-1.64064
-1.60648
-1.57266
-1.53918
-1.34792
-1.31668
-1.28575
-1.25512
-1.2248
-1.19479
-1.00695
-1.26371
-1.2333
-1.04508
-1.01685
-0.988905
-1.24584
-1.21561
-1.18568
-1.15606
-1.12672
-1.09768
-0.910812
-0.883918
-0.857292
-0.83093
-0.804831
-0.905482
-0.878641
-1.13667
-1.10753
-0.920566
-1.17818
-1.14863
-1.11937
-1.0904
-1.06172
-1.31792
-1.28698
-1.25634
-1.22601
-1.19598
-1.29274
-1.26205
-1.07354
-1.04503
-1.0168
-1.27346
-1.24295
-1.21276
-1.02474
-0.996716
-0.968967
-0.941494
-1.1989
-1.01103
-0.983135
-0.797407
-0.771641
-1.03074
-1.41375
-1.38185
-1.35027
-1.60361
-1.56982
-1.53637
-1.50325
-1.47046
-1.438
-1.24774
-1.2175
-1.18755
-1.1579
-1.41316
-1.38126
-1.34969
-1.31843
-1.12936
-1.1003
-1.35612
-1.16668
-0.979129
-0.951555
-1.20886
-1.179
-1.14944
-1.12017
-1.09119
-1.0625
-1.0341
-1.00598
-0.97814
-1.23518
-0.888831
-0.704042
-0.679205
-1.22383
-1.0357
-1.00757
-0.821596
-1.08019
-1.33622
-1.30509
-1.27428
-1.24377
-1.21356
-1.31014
-1.27928
-1.37521
-1.34369
-1.31249
-1.2816
-1.25102
-1.22074
-1.19076
-1.44569
-1.41347
-1.38157
-1.35
-1.31873
-1.28778
-1.25713
-1.5114
-1.47853
-1.73059
-1.69554
-1.66084
-1.75297
-1.7177
-1.68278
-1.93281
-1.89574
-1.70094
-1.66618
-1.63177
-1.5977
-1.56397
-1.81519
-1.77929
-2.02836
-2.27495
-2.51909
-2.4762
-2.4021
-2.36037
-2.31905
-2.27815
-2.23765
-2.19755
-2.15786
-2.11855
-2.07964
-2.04112
-2.00298
-1.96522
-2.21244
-2.17259
-2.13314
-1.93597
-1.89888
-1.86215
-1.82579
-1.63168
-1.59761
-1.56389
-1.8151
-1.77921
-1.74367
-2.2777
-2.23721
-2.19712
-2.15742
-2.11812
-2.36382
-2.32247
-2.28153
-2.5256
-2.16642
-1.96891
-1.77338
-2.27549
-2.23502
-2.03683
-1.99873
-2.24562
-2.20545
-2.00756
-1.96975
-2.05881
-1.86238
-1.82602
-1.79002
-1.75437
-2.00369
-1.96592
-1.92853
-1.89151
-1.85486
-2.38778
-2.47268
-2.43025
-2.38824
-2.47313
-2.43069
-2.38868
-2.34708
-2.30589
-2.26512
-2.22475
-2.18478
-2.14521
-2.10603
-2.35185
-2.43711
-2.39503
-2.35337
-2.31212
-2.27128
-2.07274
-2.03428
-1.99621
-1.95852
-1.9212
-2.01074
-1.97291
-1.93544
-1.89835
-1.86163
-1.82528
-1.75766
-2.00695
-1.96915
-1.93172
-1.89467
-1.85799
-1.82167
-2.07032
-2.03189
-1.99384
-1.95617
-1.91887
-1.88195
-1.84539
-1.8092
-1.77337
-2.02249
-2.26914
-2.22873
-2.18873
-2.14912
-2.1099
-2.07108
-2.03264
-1.67835
-1.64382
-1.60964
-1.86039
-1.82405
-1.78807
-1.59433
-1.56064
-1.52728
-2.06346
-2.0251
-1.829
-1.63486
-1.60076
-1.567
-1.37547
-1.34395
-1.31274
-1.28185
-1.25127
-1.22098
-1.191
-1.16132
-1.13193
-0.944727
-0.917495
-0.890535
-1.71766
-1.68274
-1.93277
-2.46491
-2.42256
-2.38062
-2.3391
-2.298
-2.2573
-2.50161
-2.45889
-2.25848
-2.21818
-1.86205
-1.82569
-1.78969
-2.03866
-2.00054
-2.24741
-2.20721
-2.16742
-2.12802
-2.08902
-1.89229
-1.85563
-1.81933
-1.7834
-2.44352
-2.68598
-2.48331
-2.28266
-2.24212
-2.20198
-2.16223
-2.12289
-2.08393
-2.04537
-2.00718
-1.96938
-1.77384
-1.73836
-1.70323
-1.66845
-1.63402
-1.2837
-1.2531
-1.2228
-1.76201
-1.72665
-1.69164
-1.49886
-1.46611
-1.27558
-1.24506
-1.21484
-1.18492
-1.1553
-1.12597
-0.938821
-0.911649
-0.884746
-0.858112
-0.831742
-1.09024
-1.06156
-1.03317
-1.00505
-0.977223
-1.23427
-1.20416
-1.45895
-1.42661
-1.39458
-1.36287
-1.33148
-1.3004
-1.26963
-1.23917
-1.209
-1.02103
-1.27764
-1.37359
-1.34209
-1.31091
-1.56464
-1.37312
-1.18351
-1.15391
-1.12459
-1.09557
-1.06684
-1.03839
-1.01023
-1.39344
-1.36175
-1.33037
-1.5839
-1.55031
-1.80166
-1.7659
-1.7305
-1.98005
-1.94252
-2.03185
-2.27841
-2.23791
-2.19781
-1.84188
-1.80572
-1.76993
-1.73448
-1.69939
-1.66465
-1.63026
-1.88081
-1.84427
-1.80808
-1.61415
-1.58026
-1.5467
-1.51348
-1.48059
-1.44803
-1.985
-2.23202
-2.03387
-1.9958
-1.95811
-1.92079
-1.88385
-1.84727
-1.65295
-1.61867
-1.58473
-1.83574
-1.79964
-1.60579
-1.41387
-1.38197
-1.35038
-1.31912
-1.13005
-0.942857
-1.20025
-1.01236
-0.984457
-0.95683
-0.771364
-1.03046
-1.28698
-1.25635
-1.22601
-1.19598
-1.16625
-1.13682
-1.10767
-0.920707
-0.893715
-0.550763
-0.653943
-0.756096
-0.730741
-0.705639
-0.680786
-0.656181
-0.63182
-0.607702
-0.583824
-0.560184
-0.536779
-0.513606
-0.490664
-0.467951
-0.445463
-0.423199
-0.401157
-0.379334
-0.357728
-0.747434
-0.722165
-0.697148
-0.67238
-0.77435
-0.748813
-0.723531
-0.698501
-1.24293
-1.21273
-1.46744
-1.435
-1.4029
-1.3711
-1.30801
-1.27716
-1.24662
-1.50099
-1.31011
-1.27925
