0.350968
0.270663
0.126239
0.178291
0.404441
0.12879
0.266696
0.525932
0.412327
0.264202
0.601105
0.459323
0.301015
0.330844
0.241547
0.339256
0.225331
0.521612
0.851945
0.447318
0.305504
0.468874
0.188726
0.391935
0.235113
0.497915
0.394362
0.337579
0.310258
0.244242
0.413958
0.507692
0.316154
0.291401
0.332473
0.368993
0.350514
0.082867
0.225332
0.529978
0.391335
0.189308
0.494609
0.252478
0.177383
0.45055
0.340864
0.627846
0.357283
0.31826
0.62007
0.347158
0.174761
0.373242
0.552703
0.288314
0.211344
0.360982
0.30672
0.453234
0.444076
0.300579
0.651237
0.269689
0.755241
0.478232
0.288296
0.38365
0.761666
0.398733
0.245853
0.233638
0.528288
0.442538
0.274583
0.735152
0.181705
0.3482
0.348981
0.216111
0.370282
0.451045
0.388639
0.116378
0.311707
0.477075
0.190054
0.29015
0.46731
0.366795
0.283687
0.547506
0.622851
0.406177
0.611361
0.439096
0.357441
0.0807069
0.0430174
0.37181
0.729722
0.41846
0.472575
0.370569
0.364793
0.497891
0.608099
0.373678
0.567309
0.275818
0.395834
0.324392
0.545074
0.655107
0.378017
0.51022
0.805075
0.484838
0.759356
0.502373
0.249011
0.272937
0.201266
0.240488
0.0562783
0.455937
0.640006
0.147931
0.245568
0.353265
0.224536
0.799614
0.220158
0.629737
0.503294
0.652839
0.148802
0.279638
0.12324
0.298165
0.576546
0.297367
0.485052
0.573991
0.474729
0.0878463
0.31815
0.285039
0.239398
0.451918
0.35275
0.165868
0.586552
0.715187
0.191783
0.280017
0.62138
0.445395
0.300437
0.253125
0.247793
0.583923
0.684599
0.490765
0.247783
0.340779
0.355011
0.572891
0.288921
0.535381
0.666287
0.542905
0.637352
0.442792
0.409511
0.629924
0.465859
0.27825
0.625085
0.431686
0.401328
0.475639
0.22481
0.683464
0.40218
0.768356
0.708915
0.738876
0.204061
0.715947
0.261842
0.410522
0.128491
0.446171
0.761652
0.264564
0.133669
0.285631
0.174547
0.516547
0.61991
0.203288
0.451418
0.322504
0.165871
0.154153
0.486695
0.509324
0.357845
0.369041
0.349438
0.11538
0.134642
0.379475
0.651381
0.697687
0.293653
0.841572
0.585247
0.411304
0.480976
0.761799
0.122403
0.807213
0.477393
0.488036
0.343279
0.429513
0.499712
0.464884
0.477353
0.276449
0.377558
0.593143
0.289479
0.100886
0.125932
0.540508
0.352685
0.503541
0.588457
0.391565
0.269009
0.738536
0.465939
0.349405
0.618415
0.658965
0.281086
0.342301
0.524323
0.25478
0.505699
0.320436
0.448985
0.521151
0.347346
0.381313
0.236383
0.436332
0.371894
0.386436
0.690381
0.463347
0.700441
0.449071
0.649298
0.291697
0.140281
0.449953
0.109251
0.0430587
0.621653
0.484574
0.221819
0.371002
0.0744296
0.448775
0.459325
0.413193
0.53051
0.758722
0.378637
0.112312
0.00106772
0.42417
0.355711
0.71051
0.444661
0.474522
0.363921
0.668984
0.31492
0.73086
0.486752
0.700194
0.224523
0.411414
0.120045
0.326737
0.692858
0.432369
0.361491
0.445258
0.370493
0.391594
0.375703
0.323613
0.384392
0.517195
0.4036
0.391499
0.442529
0.729716
0.534068
0.608224
0.651025
0.461911
0.203787
0.719702
0.191429
0.68831
0.619908
0.429603
0.496547
0.25826
0.217945
0.18478
0.207256
0.748078
0.780549
0.304849
0.423484
0.428784
0.542259
0.519221
0.385406
0.3223
0.729251
0.337629
0.338522
0.467978
0.502164
0.716772
0.334821
0.268239
0.291012
0.446039
0.624261
0.420249
0.548873
0.557839
0.564662
0.367859
0.358167
0.351075
0.388918
0.423931
0.44046
0.759046
0.279656
0.447742
0.299792
0.607507
0.38313
0.667323
0.506551
0.579121
0.378286
0.326809
0.179543
0.262388
0.588688
0.481369
0.386524
0.364656
0.601052
0.534193
0.565759
0.269345
0.299721
0.193828
0.121362
0.446109
0.516056
0.0479273
0.253328
0.144144
0.249515
0.509491
0.58921
0.353657
0.217412
0.310162
0.188438
0.637635
0.486356
0.666724
0.306229
0.103015
0.41628
0.16601
0.576816
0.254451
0.474428
0.418072
0.481324
0.379814
0.694395
0.774824
0.322333
0.602642
0.242875
0.241565
0.396352
0.34088
0.352261
0.287659
0.429475
0.264332
0.491547
0.369919
0.533211
0.468835
0.185984
0.525156
0.666465
0.369297
0.477036
0.235893
0.650406
0.449403
0.744819
0.357335
0.562553
0.768871
0.44119
0.374687
0.386177
0.423822
0.235642
0.511393
0.293799
0.497185
0.386296
0.379981
0.199426
0.504095
0.296858
0.25538
0.292228
0.448166
0.370125
0.172986
0.532076
0.740285
0.294372
0.364305
0.338602
0.422648
0.7861
0.137065
0.395152
0.403661
0.295262
0.0638957
0.16414
0.394991
0.717951
0.576274
0.540233
0.230267
0.749583
0.698374
0.457826
0.136379
0.640266
0.199867
0.110261
0.783589
0.556865
0.647416
0.657534
0.472562
0.518304
0.0725715
0.54811
0.197157
0.611477
0.71421
0.60389
0.180019
0.627668
0.406362
0.0267785
0.486302
0.693132
0.379684
0.422492
0.546803
0.363105
0.405408
0.0924367
0.390883
0.419236
0.597472
0.287503
0.543466
0.197778
0.199223
0.484736
0.254579
0.172602
0.516756
0.22503
0.277142
0.261804
0.22583
0.31028
0.50292
0.43535
0.435347
0.391235
0.252287
0.68798
0.541877
0.624022
0.677377
0.133083
0.126848
0.68847
0.474211
0.441048
0.793292
0.4182
0.146876
0.61459
0.210649
0.424753
0.561712
0.299025
0.57728
0.709889
0.512954
0.479448
0.622405
0.769507
0.572818
0.54766
0.391916
0.356087
0.382834
0.341934
0.581718
0.299807
0.41008
0.40592
0.712771
0.225617
0.333053
0.566273
0.455421
0.452383
0.517552
0.363693
0.47245
0.0858622
0.40955
0.220848
0.552495
0.689595
0.0948635
0.65012
0.7277
0.557354
0.261638
0.452873
0.119075
0.209482
0.246502
0.666042
0.255387
0.362429
0.532177
0.479111
0.618082
0.341644
0.569759
0.408698
0.48413
0.223647
0.485814
0.27314
0.543994
0.696149
0.267946
0.490884
0.44428
0.40002
0.618795
0.232287
0.278838
0.365677
0.180279
0.365653
0.401989
0.41453
0.440044
0.701474
0.655058
0.304681
0.32055
0.580348
0.507814
0.502856
0.53252
0.547385
0.395282
0.468731
0.539841
0.667483
0.580108
0.315492
0.453824
0.704713
0.374035
0.518562
0.377635
0.740468
0.415727
0.552694
0.61836
0.691031
0.365526
0.462197
0.414412
0.406301
0.599592
0.237475
0.63716
0.266058
0.237873
0.52008
0.506179
0.141871
0.0675497
0.526746
0.454375
0.433445
0.312348
0.513276
0.360914
0.180979
0.461173
0.618314
0.350159
0.467766
0.606454
0.629984
0.173431
0.602403
0.585627
0.329676
0.523973
0.472696
0.494382
0.487613
0.559009
0.401329
0.0570207
0.302936
0.661901
0.400718
0.485237
0.128431
0.424908
0.358412
0.510257
0.197441
0.142388
0.269309
0.411978
0.357359
0.711768
0.611278
0.0961868
0.464648
0.809237
0.297038
0.423892
0.216003
0.483086
0.470203
0.416147
0.621661
0.345238
0.464703
0.500769
0.203716
0.582811
0.47744
0.677213
0.390058
0.507913
0.349162
0.811817
0.281361
0.729958
0.316378
0.318758
0.427502
0.377641
0.635337
0.47772
0.476943
0.426818
0.342458
0.683528
0.33307
0.551502
0.507849
0.38574
0.257376
0.327826
0.376313
0.507897
0.0501186
0.545271
0.0298612
0.351253
0.571412
0.587976
0.471776
0.200809
0.515869
0.66597
0.396919
0.32886
0.163848
0.90161
0.484937
0.463558
0.464322
0.357751
0.0976253
0.599766
0.729441
0.665885
0.522197
0.238265
0.357142
0.553294
0.622403
0.487715
0.391501
0.464789
0.326591
0.300096
0.681911
0.479445
0.567131
0.211417
0.421784
0.547501
0.367794
0.428406
0.13723
0.343797
0.12606
0.21652
0.503625
0.393112
0.270124
0.383778
0.716721
0.409387
0.510477
0.206529
0.127138
0.505076
0.534777
0.232784
0.0635152
0.489281
0.47192
0.224821
0.189674
0.594788
0.263317
0.41023
0.227099
0.53269
0.437318
0.356743
0.472
0.251207
0.160426
0.457352
0.168842
0.516297
0.64461
0.305794
0.380529
0.35553
0.485239
0.660607
0.321638
0.186123
0.846132
0.280813
0.328647
0.140637
0.110042
0.477396
0.50317
0.345549
0.479098
0.592566
0.241646
0.27142
0.755117
0.488881
0.777539
0.356358
0.352225
0.292298
0.30152
0.307157
0.378369
0.164276
0.56633
0.528937
0.327105
0.427624
0.290153
0.699928
0.165465
0.430685
0.442959
0.374282
0.565927
0.406296
0.586833
0.610071
0.385619
0.552121
0.71535
0.83792
0.236566
0.495575
0.11617
0.389627
0.260957
0.603049
0.679271
0.0255024
0.388402
0.548577
0.422266
-0.0638154
0.355832
0.603001
-0.0016222
0.365615
0.283504
0.191405
0.517373
0.453197
0.415214
0.181019
0.233088
0.352499
0.690891
0.372253
0.202437
-0.0785198
0.404887
0.275336
0.413466
0.270053
0.241986
0.264024
0.0865154
0.271749
0.367979
0.676814
0.298856
0.524143
0.357567
0.489852
0.556321
0.356828
0.611988
0.264082
0.480089
0.361016
0.312559
0.612479
0.142013
0.508403
0.3134
0.643245
0.489579
0.294921
0.575135
0.235109
0.451183
0.330461
0.724187
0.248517
0.384533
0.219391
0.316631
0.23577
0.735545
0.266256
0.114044
0.111968
0.512231
0.459952
0.657432
0.454974
0.327563
0.63112
0.487917
0.419861
0.20173
0.330021
0.261836
0.199312
0.562687
0.56581
0.453101
0.228965
0.343924
0.458791
0.475917
0.551735
0.547561
0.23992
0.408618
0.25041
0.523298
0.282577
0.424423
0.334585
0.427768
0.367744
0.479635
0.861687
0.619164
0.393095
0.525187
0.431174
0.439024
0.418995
0.515458
0.335598
0.462182
0.502039
0.314077
0.38455
0.372879
0.465876
0.533151
0.147426
0.40955
0.18214
0.644774
0.458876
0.348479
0.144071
0.281472
0.641398
0.73723
0.403371
0.832597
0.538413
0.364008
0.186681
0.377628
0.369106
0.12908
0.266628
0.179246
0.379134
0.356049
0.47016
0.645073
0.142421
0.296579
0.542725
0.677903
0.470411
0.572653
0.386662
0.292488
0.490637
0.457702
0.599101
0.335641
0.357282
0.181715
0.628949
0.311544
0.455462
0.500736
0.259757
0.380224
0.228641
0.327179
0.331504
0.586237
0.245436
0.335886
0.329062
0.424469
0.124219
0.167223
0.789918
0.388148
0.213202
0.178159
0.46796
0.302143
0.389684
0.171162
0.156487
0.193039
0.507873
0.20502
0.362877
0.336366
0.326731
0.113507
0.335856
0.34813
0.167743
0.259382
0.245611
0.608581
0.278894
0.325559
0.14013
0.252404
0.235187
0.124245
0.328766
0.338011
0.143126
0.239473
0.114827
0.167235
0.0419079
0.317241
0.307719
0.369949
0.385703
0.301429
0.0660719
0.308855
0.369339
0.226869
0.176326
0.331389
0.405761
0.227262
0.412584
0.19837
0.137985
0.41663
0.302609
0.586313
0.42851
0.487742
0.239474
0.474298
0.293614
0.789359
0.225649
0.256068
0.378239
0.411739
0.308634
0.559061
0.075641
0.364404
0.388888
0.317258
0.190401
0.227986
0.465447
0.136768
0.471217
0.369268
0.418516
0.265389
0.273188
0.169584
0.0781566
0.180268
0.45447
0.243031
0.326166
0.239873
0.509747
0.334089
0.382622
0.516359
0.365897
0.279008
0.267475
-0.0453771
0.589979
0.268107
0.460595
0.0528735
0.468453
0.289169
0.225703
0.276011
0.266056
0.265058
0.308741
0.451598
0.508065
0.134448
0.174477
0.28235
0.557973
0.420785
0.195886
0.142045
0.305533
0.428061
0.166227
0.375469
0.427637
0.425583
0.410967
0.203209
0.60568
0.245288
0.301955
0.149199
0.325763
0.577369
0.235897
0.432889
0.419813
0.108327
0.323858
0.308075
0.292324
0.356824
0.453469
0.611831
0.212474
0.69982
0.485365
0.319963
0.322001
0.547041
0.278515
0.382633
0.183679
0.381767
0.595254
0.344655
0.369315
0.0829225
0.27305
0.35433
0.389833
0.244006
0.428708
0.516462
0.136423
0.271624
0.406061
0.549154
0.522291
0.484036
0.284521
0.0773167
0.303847
0.23927
0.451952
0.138133
0.490089
0.209498
0.334117
0.494434
0.505768
0.576529
0.576808
0.526828
0.210234
0.405604
0.513533
0.326196
0.20897
0.426552
0.43885
0.251321
0.448752
0.277979
0.325115
0.143455
0.334564
0.52273
0.35538
0.390952
0.298396
0.174916
0.348539
0.13907
0.217859
0.0625643
0.256713
0.200788
0.335342
0.372019
0.289048
0.424566
0.582719
0.198465
0.54479
0.319085
0.485646
0.44968
0.30505
0.143059
0.385498
0.248398
0.302522
0.349632
0.538904
0.340921
0.282164
0.255475
0.195939
0.418872
0.272222
0.17358
0.317122
0.195521
0.489693
0.393829
0.235278
0.275225
0.373686
0.291663
0.271705
0.290327
0.278652
0.276457
0.275152
0.298413
0.459713
0.0675129
0.349621
0.0744449
0.398326
0.196788
0.114296
0.218486
0.293025
0.553766
0.227344
0.600585
0.265606
0.417018
0.15609
0.0715635
0.192548
0.311318
0.340825
0.332883
0.154875
0.2747
0.495597
0.152089
0.532937
0.695973
0.300148
0.225667
0.401651
0.197862
0.317018
0.395675
0.163298
0.613865
0.489795
0.362503
0.46068
0.0775138
0.268292
0.157966
0.315604
0.244102
0.159062
0.323641
0.342197
0.37549
0.213237
0.390334
0.366932
0.220044
0.242234
0.161641
0.153553
0.374682
0.269137
0.24388
0.550956
0.420613
0.19747
0.311144
0.201239
0.354441
0.132996
0.218653
0.345087
0.639503
0.176536
0.362094
0.401497
0.416551
0.0423116
0.221609
0.391122
0.171343
0.273385
0.470858
0.204253
0.183787
0.183868
0.495784
0.228966
0.333317
0.152039
0.252141
0.492944
0.499204
0.437446
0.115334
0.444186
0.349595
0.786151
0.439725
0.209804
0.203483
0.329843
0.433017
0.202561
0.452804
0.285631
0.308435
0.299021
0.507742
0.315166
0.180341
0.469649
0.190564
0.256079
0.253175
0.209257
0.20731
0.644219
0.196768
0.232061
0.282967
0.46452
0.326191
0.223096
0.39728
0.325412
0.456947
0.285179
0.517775
0.326972
0.26877
0.278098
0.367622
0.510232
0.450184
0.570375
0.375386
0.301082
0.225315
0.252212
0.419992
0.287873
0.312668
0.109983
0.184854
0.119681
0.383361
0.21335
0.422037
0.455728
0.201889
0.418656
0.239997
0.298919
0.31015
0.379027
0.123562
0.317391
0.316175
0.116839
0.620297
0.157533
0.344484
0.452985
0.497631
0.294797
0.302909
0.133734
0.546614
0.241686
0.0987257
0.357818
0.42184
0.540815
0.353402
0.353713
0.114344
0.381609
0.357576
0.246227
0.321968
0.370892
0.13761
0.227557
0.265159
0.535547
0.0251826
0.303964
0.404934
0.226465
0.612537
0.358373
0.399891
0.20481
0.549991
0.402057
0.319514
0.217427
0.063132
0.258288
0.354275
0.22305
0.327056
0.306189
0.475751
0.310969
0.348409
0.205111
0.331267
0.498766
0.18833
0.284842
0.54934
0.312471
0.381706
0.372304
0.259901
0.563166
0.32982
0.250926
0.238471
0.273366
0.561593
0.235367
0.274981
0.347098
0.0792633
0.393661
0.203505
0.48032
0.325713
0.275589
0.499848
0.477425
0.0774224
0.370248
0.257037
0.277303
0.492595
0.289096
0.379629
0.19451
0.239224
0.742445
0.219826
0.355279
0.31394
0.148763
0.360345
0.386858
0.184109
0.29554
0.530148
0.0446919
0.425354
0.389407
0.559953
0.205731
0.303869
0.237065
0.180525
0.252826
0.342076
0.495387
0.393633
0.133177
0.292252
0.193885
0.561194
0.451131
0.270866
0.170311
0.562913
0.297047
0.423618
0.356397
0.402404
0.17273
0.626277
0.406829
0.435758
0.213876
0.255357
0.338794
0.344203
0.197761
0.310794
0.162839
0.523494
0.551391
0.112725
0.453688
0.0127707
0.55162
0.173527
0.261487
0.404626
0.446232
0.206547
0.157428
0.612037
0.521568
0.41333
0.348172
0.371538
0.142473
0.206743
0.588077
0.234818
0.427342
0.518083
0.269023
0.380211
0.405887
0.277887
0.35058
0.452851
0.226929
0.240139
0.513866
0.402576
0.563592
0.215626
0.408604
0.115481
0.480611
0.156234
0.47936
0.189828
0.30416
0.27657
0.43831
0.191046
0.428284
0.217503
0.322383
0.289758
0.202556
0.212902
0.199337
0.366345
0.395112
0.192852
0.56803
0.441721
0.418668
0.35312
0.421573
0.344533
0.283859
0.384302
0.128071
0.345222
0.796843
0.423832
0.437385
0.368406
0.32648
0.494198
0.313929
0.533054
0.405976
0.475209
0.549573
0.444143
0.23194
0.18259
0.194215
0.070531
0.279865
0.363259
0.494506
0.279291
0.497295
0.232631
0.290328
0.377173
0.189784
0.398536
0.271196
0.301583
0.418711
0.342559
0.235556
0.369868
0.494606
0.392764
0.516005
0.417989
0.208007
0.0341282
0.147882
0.287355
0.53257
0.266615
0.580924
0.30762
0.379089
0.286294
0.469902
0.135234
0.391544
0.44949
0.306486
0.126407
0.469189
0.241036
0.423621
0.196791
0.465866
0.314534
0.242094
0.335299
0.210848
0.155685
0.139414
0.441106
0.0896228
0.605356
0.233571
0.40435
0.178878
0.177574
0.271724
0.155557
0.410264
0.468252
0.213398
0.530774
0.342232
0.369105
0.281394
0.301419
0.27523
0.200677
0.108602
0.133443
0.27681
0.400249
0.34193
0.461373
0.36574
0.200606
0.303562
0.444511
0.340424
0.329234
0.137552
0.458609
0.359168
0.301674
0.363479
0.0881049
0.170577
0.544207
0.498594
0.612904
0.506135
0.412136
0.198509
0.118987
0.503648
0.286608
0.410633
0.219109
0.364489
0.353447
0.130688
0.292858
0.356017
0.336179
0.573402
0.605725
0.295863
0.33907
0.12092
0.0821173
0.0529118
0.0795531
0.375507
0.55245
0.476551
0.398456
0.27645
0.448801
0.171361
0.268183
0.173035
0.16595
0.249355
0.29907
0.404217
0.390615
0.417902
0.32116
0.429928
0.224321
0.665139
0.177628
-0.0176358
0.380448
0.345175
0.318934
0.495412
0.190941
0.32083
0.199137
0.147138
0.523065
0.0883096
0.424779
0.298155
0.282356
0.168163
0.459469
0.424447
0.316237
0.37605
0.604513
0.384745
0.60226
0.427649
0.397212
0.268871
0.132175
0.176437
0.291425
0.0747539
0.466454
0.501371
0.263578
0.0531357
0.582471
0.287138
0.457416
0.481485
0.25232
0.13587
0.142954
0.227297
0.357316
0.425542
0.390082
0.286104
0.278405
0.388772
0.354274
0.367035
0.576336
0.102542
0.278489
0.391449
0.276649
0.360155
0.0499869
0.426861
0.303301
0.310857
0.386204
0.380917
0.295952
0.475624
0.171361
0.136015
0.312586
0.264177
0.272732
0.310727
0.368355
0.298944
0.215552
0.483652
0.151515
0.56339
0.0958195
0.774549
0.438598
0.521293
0.373654
0.275801
0.156581
0.331588
0.374748
0.340783
0.48254
0.362389
0.163075
0.143443
0.0719733
0.213304
0.228356
0.15437
0.798494
0.516855
0.124307
0.243996
0.218392
0.530418
0.173479
0.414204
0.311351
0.362017
0.385286
0.464889
0.592938
0.333909
0.144224
0.402172
0.369185
0.134904
0.301033
0.284993
0.114201
0.469258
0.389162
0.505766
0.338077
0.0307357
0.311221
0.412256
0.395006
0.418599
0.482668
0.353179
0.60501
0.427703
0.505391
0.232523
0.306322
0.713243
0.492399
0.439674
0.195105
0.306512
0.24096
0.368572
0.20027
0.276596
0.244951
0.300789
0.266386
0.178115
0.40459
0.58972
0.172422
0.319836
0.153529
0.276312
0.362935
0.415809
0.251878
0.448391
0.668028
0.439349
0.195243
0.317016
0.36012
0.0980903
0.365491
0.511691
0.341569
0.248817
0.280365
0.273644
0.0448873
0.268793
0.580546
0.190194
0.194889
0.430996
0.286357
0.0934362
0.744086
0.420741
0.317838
0.472861
0.247561
0.242099
0.494924
0.266356
0.583746
0.329306
0.558113
0.441173
0.245625
0.417698
0.477362
0.256236
0.501577
0.359999
0.347202
0.440293
0.171397
0.298427
0.54851
0.129466
0.345936
0.236821
0.224397
0.159995
0.376911
0.208545
0.291081
0.0941182
0.70875
0.123835
0.361149
0.259601
0.365651
0.563815
0.168006
0.533842
0.295462
0.231335
0.716308
0.243064
0.497053
0.327624
0.518283
0.322136
0.370679
0.334378
0.592604
0.259121
0.488103
0.610425
0.451753
0.515144
0.114616
0.235834
0.357813
0.321132
0.48475
0.275796
0.390815
0.402463
0.26454
0.227479
0.454685
0.468197
0.417991
0.23291
0.342255
0.29548
0.269693
0.086601
0.35534
0.356237
