1.20541
1
1
1
1.17256
1
1
1.33015
1.62519
1.2812
1.56329
1.37127
1.31571
1.1437
1
1.15625
1
1
1.54506
1.23127
1.1424
1.43179
1.0667
1.28134
1.13189
1.85336
1.12173
1.29506
1
1.08975
1.06682
1.59039
1.31869
1.0968
1.42076
1.13292
1.1624
1
1
1.4872
1.27087
1.03329
1.50002
1.10026
1
1.16541
1.18419
1.32664
1.16717
1.92394
1.8292
1.24755
1
1.12745
1.47193
1.07402
1.22551
1
1.26119
1.36781
1.41816
1.0611
1.43618
1.03336
2.03157
1.44039
1.18211
1.41813
2.09247
1.39043
1.14953
1.3243
1.61369
1.44293
1.16446
1.94904
1
1
1.14839
1.20611
1.23539
1.48273
1.21115
1
1.32691
1.48408
1.0499
1.26717
1.37461
1.16648
1
1.56718
1.86495
1.13302
1.64321
1.39954
1.63354
1
1
1
1.67232
1.60489
1.54796
1.67899
1.24574
1.52887
1.80667
1.38195
1.36026
1.20163
1.22176
1.13357
2.00807
2.15513
1.56267
1.8066
1.66228
1.73379
1.95132
1.50953
1.16632
1
1.06438
1.03341
1
1.75206
1.53426
1
1.13123
1.25668
1.30392
1.78617
1.23285
1.87285
1.19383
1.67119
1.19418
1.25586
1
1
1.68264
1.18217
1.17538
1.32768
1.54228
1
1.26286
1
1.18845
1.32289
1.09993
1
1.51824
2.1521
1.09817
1.06682
1.54783
1.28123
1.18069
1.20861
1
1.57547
1.82014
1.42918
1
1.16693
1.1634
1.49905
1.26348
1.73504
1.53472
1.32146
1.5558
1.21564
1.38744
1.79839
1.67993
1.03341
1.80763
1.20679
1.13279
1.61756
1.16335
1.74522
1.36784
2.21628
1.94276
2.052
1.03341
1.91355
1.06681
1.41604
1.03341
1.33654
1.81806
1.11503
1
1.06665
1.13353
1.54721
1.66958
1.03334
1.36662
1.38485
1.23148
1
1.80463
1.52818
1.10017
1.133
1.06679
1.06673
1
1
1.46321
1.72506
1.13195
2.16602
1.72644
1.15876
1.47649
2.00918
1.27574
1.94781
1.3298
1.06672
1.25046
1.22342
1.47708
1.56652
1.3877
1
1.76375
1.79676
1.52157
1.03318
1.12589
1.22561
1.09956
1.50859
1.62689
1.12478
1
1.76098
1.3779
1.06636
1.7917
1.89195
1
1.35411
1.61819
1
1.76532
1.08463
1.54252
1.32555
1
1.1989
1.06684
1.68654
1.4105
1.53428
1.62781
1.41427
1.88736
1.52335
1.80118
1.30513
1
1.07495
1.03327
1
1.80193
1.73488
1.03341
1.30954
1
1.19685
1.03341
1.33785
1.54266
1.48495
1.22238
1
1
1.1246
1
1.98949
1.10095
1.3188
1.41249
1.50522
1.4672
1.80768
1.13372
1.60544
1.1336
1.0334
1
1.40066
1.68625
1.15538
1.19076
1.33615
1.15693
1
1.22243
1.25926
1.39649
1.62652
1.44218
1.39699
1.40465
2.08117
1.69643
1.4283
1.74463
1.89566
1
1.76921
1.03339
1.5956
1.39049
1.47756
1.35517
1
1
1.25048
1
2.18896
2.16811
1
1.50708
1.22407
1.64928
1.47244
1.40238
1.16164
2.08259
1.44851
1.15631
1.72808
1.64253
1.82904
1.21634
1
1.50023
1.25397
1.70382
1.49565
1.40141
1.38925
1.41271
1.27706
1.21878
1.45289
1.12963
1
1
1.3451
1.33402
1
1.09846
1.76939
1.03309
1.89615
1.03162
1.5695
1.14077
1.26025
1
1
1.84933
1.70485
1.23022
1.16556
1.556
1.89138
1.63775
1
1
1
1
1.58591
1.62452
1
1.16577
1
1.15416
1.80125
1.68244
1.13996
1
1.17375
1
1.5006
1.28751
1.79204
1.45256
1
1.13185
1
1.345
1
1.53353
1.12691
1.34549
1
1.76338
1.88328
1.22243
1.71784
1.16045
1
1.28485
1.09951
1.19492
1.07329
1.26294
1
1.65683
1.38138
1.49343
1.81358
1
1.4056
1.86624
1.41418
1.03341
1
1.70339
1.69095
1.78351
1.22769
1.66162
2.23033
1.24234
1
1
1.28378
1.30526
1.81651
1.42717
1.38261
1.29691
1.43189
1.06578
1.31126
1.40823
1.13345
1.69183
1.48471
1.03323
1.1219
1.72502
1.73714
1.19729
1.13255
1.18721
1.32462
1.92506
1.12979
1.26321
1.38151
1.30747
1.08745
1.25624
1.3919
1.66534
1.53195
1.3805
1.30874
1.90529
1.88992
1.4432
1
1.5941
1
1
1.82073
1.81792
1.44642
1.42539
1.28715
1.55285
1
1.48179
1
1.65067
2.14788
1.44549
1.12719
1.57757
1.27003
1.03295
1.48304
1.536
1.23744
1.2077
1.59195
1.06425
1.60585
1
1.06681
1.65794
1.27805
1.03318
1.6945
1.03341
1.06611
1.501
1
1
1.19853
1
1.03236
1.16832
1.18715
1.55303
1.38187
1.34287
1.39583
1.29021
1.19299
1.69456
1.17266
1.65806
1.85335
1.03323
1
1.56745
1.37438
1.44256
1.85713
1.73183
1
1.75869
1
1.06548
1.6726
1.19917
1.74699
1.58199
1.12805
1.23007
1.63214
1.66151
1.62497
1.53634
1.54542
1.18494
1
1.03341
1.77057
1.30876
1.3867
1.56874
1.58855
1
1
1.78186
1.59115
1.34117
1.49933
1.07626
1.72909
1.03295
1.16501
1.02043
1.6115
1.80186
1
1.75025
1.84121
1.2907
1.08615
1.57826
1
1
1
1.66311
1.09565
1.19252
1.80282
1.14136
1.90169
1.09634
1.78478
1.03341
1.32782
1.10022
1.32764
1
1.42607
1.9193
1.49012
1.33232
1.62972
1.38116
1.73463
1
1
1.15741
1.14262
1.55181
1.34542
1.06599
1.29248
1.47924
1.72859
1.41633
1.09594
1.81999
1.03341
1.3861
1.31531
1.76798
1.39443
1.53529
1.37551
1.48722
1.79219
1.45619
1.13242
1.34164
1.33985
1.64487
1.24632
1.80325
1.46704
1.58041
1.81888
1.88578
1.23599
1.39729
1.39603
1.49257
1.40956
1.25375
1.59741
1.03341
1.09617
1.40442
1.25285
1
1
1.34786
1.30559
1.16474
1.53138
1.63399
1.35316
1
1.65533
1.51192
1.45397
1.32587
1.63367
1.46117
1.15801
1.48078
1.95551
1.34124
1.30263
1.34977
1.363
1.32453
1.2591
1.16395
1
1.09971
1.58316
1.70412
1.67695
1
1.38599
1.47149
1.76251
1.23945
1.03135
1.03104
1.29457
1.50598
1.48394
1.29059
1
1.65101
1.35379
1.0639
1.56487
1.13071
1.34919
1.36903
1.10015
1.44313
1.09315
1.17409
1.59994
1
1.4766
1.61906
1.48966
1.39302
1.83415
1.68895
1.8005
1.16326
1.71388
1.34535
1.06666
1
1.41158
1.5825
1.25154
1.61438
1.56401
1.26074
1.70337
1.45113
1.78788
1.57291
1.45283
1
1.35622
1.23277
1.19085
1
1.24496
1
1.28909
1.86346
1.60099
1.34175
1
1.50991
1.41592
1.03341
1.44888
1
1.98043
1.35032
1.45411
1.54493
1.03336
1
1.57138
1.93821
1.77512
1.3129
1
1.07985
1.48438
1.78427
1.20847
1.28239
1.47728
1
1
1.73747
1.38836
1.71054
1
1.48934
1.69448
1.03341
1.65494
1
1.10015
1
1.03341
1.20623
1.28121
1.09083
1.24869
2.14631
1.0334
1.42826
1.03291
1
1.71962
1.65843
1.13441
1
1.53946
1.63768
1
1.12287
1.8105
1.06535
1.25761
1.03336
1.67167
1.31497
1.65988
1.22452
1.00829
1
1.37245
1
1.41966
1.53392
1
1
1.12768
1.24493
1.44066
1.17395
1.09862
1.74876
1.03341
1.19218
1
1.04076
1.65336
1.03295
1.45219
1.18355
1.98563
1.03317
1
1.71787
1.57423
1.95314
1.27044
1.26313
1.53083
1.31993
1.15754
1.49988
1
1.83199
1.77831
1.23109
1.40205
1.09935
1.79063
1
1.75988
1.41739
1.48974
1.6375
1.56296
1.74952
1.81117
1.64594
1.3934
1.76023
1.92554
1
1.62878
1
1.52016
1.29586
1.5147
1.51047
1
1.02956
1.51204
1.06678
1
1.43996
1.67246
1
1.28996
1.08964
1.33921
1.70182
1.35002
1.10027
1.33135
1.09543
1.06683
1.71231
1.03341
1.03341
1
1.15324
1.28456
1.63261
1
1.22345
1
1.03166
1
1.1608
1.83207
1.15949
1.69278
1.52941
1.39199
1.43293
1.2968
1.69026
1.19819
1.06684
1.46198
1
1.45855
1
1.28426
1.36078
1.62871
1.36752
1
1.49038
1.06657
1.79251
1.03287
1.82673
1.43759
1.59027
1.08952
1.26684
1.16936
2.06964
1
1.09967
1
1.06671
1.49678
1.8043
1.0664
1.25877
1.87781
1.31923
1.63608
1
1.0244
1.09342
1
1.70521
1.56415
1.37092
1.41377
1.22633
1.5123
1.31039
1.71059
1.30711
1.39226
1.08189
1
1.60006
1.4848
1.13122
1.03341
1.49547
1.31053
1.44551
1.97243
1.3108
1.11901
1.3284
1
1.63429
1.40242
1.47794
1.13759
1.12817
1.4878
1.18879
1.0334
1.05151
1.25534
1.41145
1.16449
1.14245
1
2.22661
1.36492
1.19567
1
1.0849
1.18543
1.78961
1.19332
1.80492
1.56075
1.10019
1.06682
1
1
1
1
1
1.23884
1.4476
1.54886
1.85899
1
1
1.31741
1.56845
1.59968
1.59961
1.22958
1.03341
1.64064
1.13264
1.75621
1.03892
1.03341
1
1.78814
1.25895
1
1.08699
1.4163
1.09996
1
1.19788
1
1.52798
1.03169
1.53036
1.30348
1.50459
1
1.19842
1.99583
1.13143
1.03341
1.19026
1.41144
1.5115
1.49146
1.51003
1.06226
1.0667
1.58894
1.01649
1.41022
1.13323
1.29053
1.0334
1.57062
1.38316
1
1.12913
1.27944
1.72355
1.10011
1.62845
1
1.18321
1.13153
1
1.21102
1.3278
1
1.50906
1
1
1
1.09957
1.1608
1.59134
1.38343
1.19463
1
1.05922
1.0953
1.09615
1
1.41925
1.33167
1
1.19598
1.12979
1
1.3471
1.03341
1.71916
1.73004
2.09571
1.08269
1.62302
1.40767
1.83832
1
1.34369
1.41049
1.42739
1
1.74827
1
1.38141
1.22537
1.44872
1.0334
1.03341
1.53026
1
1.42093
1.524
1.35918
1.15905
1.06474
1
1
1.13296
1.72513
1.19526
1.26292
1.17563
1.37458
1.16508
1.49547
1.34828
1.55643
1.18983
1.22571
1
1.79275
1.25236
1.11214
1
1.35013
1.1905
1.28772
1.38234
1
1.19941
1.44123
1.15748
1.55054
1
1
1
1.41778
1.27966
1
1.20595
1.08485
1.4662
1
1.20951
1.58923
1.22507
1.06572
1.1289
1.65032
1
1.41981
1.1248
1.03341
1.6341
1.27327
1.57258
1.58248
1.03341
1
1.198
1.29891
1.24279
1.4903
1.46314
1.2578
1.66212
1.70448
1.22121
1.30639
1.76445
1.37743
1.61112
1.15163
1.87499
1.69694
1.27328
1.38595
1
1.29347
1.16671
1.28892
1.03159
1.22607
1.74317
1
1.35264
1.52978
1.35916
1.86169
1.50168
1.16336
1.24664
1.52029
1.03339
1.62136
1.03313
1.44928
1
1.63437
1.50685
1.58256
1.45903
1.69625
1.67146
1
1.15748
1.66785
1.22196
1.3839
1.50706
1.32732
1.27839
1.70819
1.44799
1.20502
1
1.25477
1.1827
1.28521
1.25738
1.24092
1
1
1.22835
1.1533
1
1.34735
1.09635
1.09865
1
1.03307
1.53058
1.87538
1.16575
1.69343
1.40302
1.3816
1.54109
1.42189
1
1
1.3883
1.47084
1.25826
1.2069
1.3817
1.15715
1.06343
1.29009
1.4275
1.41305
1
1.09928
1
1.64753
1.61408
1.46779
1
1.19914
1.51719
1.30376
1.0428
1.09951
1
1.27147
1.10033
1.60181
1.1704
1.51079
1
1.44964
1.06682
1
1.19878
1.60126
1.57362
1.0666
1.5418
1.28431
1
1
1
1
1
1
1
1
1
1.1681
1
1.56865
1.96586
1.28544
1.03341
1.09846
1.10739
1.2804
1.3774
1.06682
1.49689
1.46756
1.53665
1.70317
1
1.33901
1.06492
1.21275
1.09833
1
1.52096
1.43186
1.41035
1.25059
1.31115
1.21729
1.25458
1.08666
1
1.19343
1.03017
1.35582
1.129
1.19489
1.44546
1.39008
1
1.3322
1.50805
1
1.16681
1.06665
1.60122
1
1.38972
1.33689
1.31654
1
1.18617
1.51834
1.36144
1.06603
1.37637
1.06642
1
1.09916
1.29712
1.20013
1.19322
1
1.54584
1.38025
1.3259
1.15609
1
1.49813
1.45823
2.03135
1.30701
1
1.24331
1.0847
1.32214
1.24003
1.16599
1.43
1.41504
1.31971
1.64767
1.41886
1
1.61437
1
1
1
1.09903
1.2633
1.67765
1
1.24347
1.19841
1.38852
1.27669
1
1.48483
1
1.50392
1.18232
1.53202
1.44139
1.46961
1.78175
1.53762
1.47657
1.38235
1.63275
1.15908
1.08978
1.03146
1.15051
1.72533
1.12205
1.06671
1
1.30873
1.06683
1.12989
1
1.50911
1.44489
1.06676
1.33939
1.06682
1.16588
1.5621
1.10017
1
1.48055
1.06544
1.03341
1.54388
1
1.0292
1.15678
1.26312
1.19852
1.52663
1.15059
1.39606
1.32788
1.03283
1.51104
1.46711
1.6317
1.0332
1
1
1.20289
1.42248
1
1.40255
1.09661
1.06686
1
1.16607
1.73593
1
1.16307
1.62277
1.3719
1.48423
1.77188
1.39816
1.3171
1.72945
1.40159
1.12032
1
1
1.06683
1.15846
1.38587
1
1.26673
1.22987
1.03341
1.19124
1.03336
1
1.69041
1.25235
1
1.50138
1.19026
1.59605
1.06685
1.1662
1.35497
1.03341
1.4549
1
1.38551
1.93713
1.08469
1.32971
1.47059
1
1.50613
1.03169
1.7098
1.35944
1
1.70435
1.53139
1
1
1.26347
1.06561
1.8508
1.03272
1.62583
1
1.06163
1.7908
1.52711
1.47787
1.44939
1
1.65487
1.35391
1
1.39966
1.53558
1
1.22078
1.31991
1.80841
1.10026
1.38295
1
1
1.18018
1.05781
1.76956
1.06605
1
1.14315
1
1.16173
1.26852
1.26055
1.26958
1.92405
1
1.32597
1.7241
1.16092
1.06536
1.50986
1.36025
1.25331
1.33978
1.31579
1.15187
1.48068
1.03323
1.19712
1.21519
1.96254
1.55551
1
1.42964
1
1.55513
1.15907
1.45213
1.16369
1.5939
1.51218
1.31898
1.79135
1.41805
1.66839
1.66462
1.70503
1
1.04736
1.96163
1.09835
1.37483
1.48828
1.11626
1.56788
1.57317
1.11448
1.09948
1.36221
1
1.19639
1.28846
1.15021
1.65777
1
1.30663
1
1.33591
1.16334
1.13009
1.06682
1
1.40495
1.49793
1
1.66357
1.06522
1.21234
1.37611
1.7399
1.04912
1.38249
1.10025
1.43185
1.16485
1.52341
1.5083
1.55148
1.38706
1.27616
1.29794
1.57372
1.37015
1.41071
1.06929
2.15529
1.7686
1.74145
1
1.20773
1.24003
1.41912
1.71365
1.20076
1.50102
1.63251
1.24519
1.62167
1.30636
1
1.03339
1.21882
1.31419
1.57
1.16177
1.59422
1.03341
1.16193
1.44956
1
1.54281
1.17146
1.27679
1.35514
1.16278
1.03341
1.47246
1.30145
1.28719
1.15024
1.23872
1.06664
1
1.09853
1.0313
1.47068
1.29057
1.70046
1.25483
1.29747
1.21207
1.44805
1.01588
1.6689
1.82424
1
1.03328
1.22197
1.24208
1.63698
1.39444
1.31887
1.61395
1
1
1.14797
1
1.11564
1.58858
1
1.36313
1.57216
1.32118
1
1
1.06628
1
1.73113
1.41895
1.28474
1.45703
1.24419
1.23902
1.2155
1.03221
1.39032
1.17732
1.1651
1.03341
1.35121
1.41498
1.19812
1.34467
1.65714
1.23988
1
1.49218
1
1.62378
1
1.38634
1.52302
1.06344
1.18285
1
1
1.46712
1.71067
1.86297
1.66991
1.57161
1.02195
1
1.62388
1.13339
1.44156
1.09948
1.09997
1.41627
1.18948
1
1.35036
1.28542
2.08085
1.66673
1.13224
1.32569
1
1.03341
1
1
1.44463
1.7238
1.35419
1.46724
1.394
1.3568
1.16975
1.11019
1
1.06681
1.53794
1.12344
1.51706
1.44554
1.26039
1.55139
1.40723
1.22989
1.70827
1
1
1.43625
1.57685
1
1.45934
1.3251
1.09978
1.06682
1
1.45238
1
1.46034
1.15587
1.16674
1
1.69346
1.46529
1.06683
1.44707
1.67314
1.34683
1.57111
1.46073
1.32926
1.31801
1.09675
1
1
1.11608
1.42465
1.79737
1.03341
1
1.804
1
1.71478
1.38291
1
1
1.19824
1
1.28388
1.70126
1.40768
1.14771
1.28849
1.54658
1.26002
1.25323
1.50866
1.15734
1
1.28896
1.45084
1
1
1.43296
1
1.59917
1.31387
1
1.09193
1.20309
1
1
1
1.20751
1.06674
1.39446
1.41385
1.3987
1
1.44048
1.03341
1.43208
1.19088
1.85186
1.21928
1.25694
1.28076
1.39095
1.13285
1.16367
1.25261
1.25431
1.9341
1.02914
1
1.08979
1
1
1
1.0996
1.92876
1.39536
1
1.06657
1.25861
1.49604
1.20801
1.69885
1.15605
1.09439
1.54696
1.74711
1.76589
1.62693
1.11332
1.51442
1.12926
1
1.03341
1.40052
1.20686
1.57742
1.16392
1.52599
1.2872
1
1.0334
1.27125
1.36321
1.20562
1.34741
1.09784
1.7144
1.14121
1.06114
1.06439
1.20179
2.18234
1.49328
1.32258
1
1.25776
1.0789
1.42278
1.29038
1.56356
1.1615
1.3588
1.18301
1.08081
1.47483
1.76096
1.13896
1.13162
1.29407
1.54905
1.40279
1.43784
1
1.73761
1.82942
1.47718
1.38426
1
1.26462
1
1.14444
1.64188
1.24601
1
1.23458
1.00578
1
1.0333
1.19339
1
1
1.47645
1.54708
1.19996
2.13292
1.53313
1.5517
1.46972
1.12338
1
1.37115
1.12295
1.83883
1.34967
1.45724
1.44973
1.06684
1.43492
1.50361
1.09271
1.69756
1.35657
1.10005
1.18614
1.06489
1
1.14008
1
1.33582
1.23811
1.2677
1
1.39914
1
1
1
1.77071
1
1.05918
1.17564
1
1.50911
1.39571
1.66255
1.42815
1.09792
1.69201
1.35421
1.47683
1.47776
1.49934
1.13067
1.25626
1.32553
1.57107
1.43216
1.30711
1.83831
1.6212
1.67106
1.03032
1
1.31765
1.19816
1.45793
1.16455
1.22715
1.34206
1.16124
1.09119
1.61183
1.32843
1.67689
1.35344
1.22935
1.27263
1.24795
1
1.706
1.45503
