0.310388
0.308907
0.156572
0.203534
0.423644
0.136304
0.300576
0.565217
0.424909
0.26314
0.633319
0.474745
0.331693
0.371018
0.258866
0.333701
0.206778
0.542603
0.8611
0.475883
0.313859
0.482053
0.196308
0.416336
0.248637
0.506847
0.413609
0.382461
0.304118
0.267044
0.398582
0.528997
0.33667
0.269636
0.37402
0.383704
0.398039
0.113422
0.233563
0.55759
0.459752
0.183184
0.489635
0.243445
0.216061
0.444656
0.381322
0.693224
0.377794
0.323841
0.662003
0.307939
0.189111
0.374716
0.563665
0.340228
0.22546
0.344474
0.309007
0.470311
0.462196
0.277402
0.733264
0.29841
0.800175
0.484895
0.346633
0.40282
0.916093
0.481907
0.249258
0.260708
0.554429
0.457742
0.31113
0.832803
0.235826
0.322273
0.35443
0.23891
0.3491
0.492258
0.412904
0.136712
0.292701
0.494547
0.183859
0.285575
0.482747
0.390589
0.311802
0.565368
0.664321
0.456372
0.625151
0.478829
0.381111
0.0727419
0.076552
0.362518
0.758794
0.428657
0.488201
0.422677
0.358617
0.568622
0.618798
0.39834
0.560493
0.259414
0.440892
0.412163
0.565527
0.681669
0.40319
0.530061
0.852319
0.516868
0.812971
0.517714
0.289815
0.342404
0.212192
0.247548
0.0712798
0.486141
0.671868
0.127251
0.243105
0.332995
0.240337
0.819836
0.256079
0.629504
0.511167
0.687981
0.141783
0.331352
0.142563
0.334708
0.645398
0.339017
0.53326
0.606659
0.521598
0.119633
0.3409
0.301244
0.227604
0.46671
0.366771
0.164898
0.570757
0.912399
0.237151
0.257886
0.662627
0.484415
0.334606
0.279843
0.238466
0.593631
0.734563
0.50411
0.272931
0.381025
0.407227
0.572638
0.345492
0.550823
0.69509
0.592187
0.628817
0.463066
0.377137
0.692892
0.500983
0.295929
0.65068
0.488824
0.348916
0.473792
0.209645
0.700577
0.438724
0.922839
0.756064
0.788035
0.221932
0.763366
0.275114
0.420848
0.14628
0.467608
0.808642
0.257935
0.130797
0.271398
0.144091
0.537337
0.652501
0.175733
0.489638
0.357601
0.162265
0.170918
0.525061
0.525878
0.359086
0.413599
0.363304
0.147461
0.17435
0.374413
0.661885
0.733618
0.277347
0.942216
0.624193
0.423213
0.471434
0.812004
0.127803
0.876639
0.484577
0.515376
0.380419
0.417888
0.532789
0.494222
0.510976
0.331433
0.407827
0.643897
0.293916
0.153521
0.13906
0.589938
0.393254
0.473009
0.627601
0.433023
0.3352
0.791528
0.491342
0.364251
0.698519
0.698593
0.340834
0.349058
0.587832
0.289346
0.539094
0.331381
0.447911
0.591816
0.367524
0.446774
0.241861
0.437658
0.375144
0.373807
0.746812
0.45386
0.729412
0.485032
0.722075
0.294556
0.115429
0.470708
0.0938034
0.0617608
0.645727
0.508088
0.238134
0.402884
0.0757108
0.494763
0.465713
0.426787
0.567847
0.793955
0.361941
0.11176
0.00825316
0.423496
0.37823
0.766166
0.472593
0.477338
0.368248
0.695989
0.354981
0.789177
0.549639
0.76869
0.225684
0.419031
0.137586
0.370932
0.729354
0.457596
0.374267
0.50652
0.369204
0.445582
0.417548
0.330473
0.336835
0.55162
0.432458
0.443954
0.483441
0.819777
0.562947
0.589625
0.819076
0.463352
0.2393
0.783042
0.226671
0.71306
0.691132
0.43463
0.495375
0.234016
0.291709
0.182535
0.259408
0.920833
0.832138
0.357981
0.412965
0.451932
0.600566
0.512163
0.411015
0.360666
0.765652
0.376799
0.366912
0.544345
0.545069
0.766848
0.369643
0.297071
0.318017
0.475865
0.665553
0.460287
0.579486
0.576655
0.594765
0.354812
0.36748
0.374233
0.43769
0.441047
0.47043
0.769888
0.273936
0.489786
0.329195
0.647531
0.404961
0.750733
0.526685
0.564695
0.420381
0.30361
0.202191
0.294092
0.613713
0.527506
0.41584
0.365921
0.661232
0.569319
0.573551
0.297238
0.332303
0.193867
0.18667
0.506104
0.556242
0.0912768
0.260736
0.152743
0.253025
0.595504
0.637755
0.402592
0.201024
0.366654
0.191883
0.6956
0.512422
0.694955
0.301373
0.114998
0.453892
0.215549
0.634302
0.256675
0.503313
0.429776
0.517835
0.387386
0.694669
0.931086
0.314345
0.656126
0.235416
0.231072
0.441898
0.318287
0.337634
0.276046
0.444965
0.302278
0.510828
0.395999
0.572609
0.499906
0.219109
0.573089
0.736384
0.371762
0.545096
0.262278
0.747648
0.459907
0.799245
0.374817
0.607674
0.913199
0.414161
0.382421
0.370388
0.41931
0.244918
0.554047
0.325863
0.540002
0.36632
0.408458
0.234835
0.542084
0.281747
0.280894
0.304786
0.48489
0.42302
0.207301
0.545928
0.789258
0.289542
0.391594
0.354106
0.433114
0.838241
0.13027
0.390392
0.430342
0.280456
0.0951141
0.169551
0.415878
0.765636
0.57762
0.571659
0.274992
0.781556
0.828032
0.459823
0.119363
0.67503
0.189218
0.162188
0.801632
0.593381
0.689422
0.636568
0.493691
0.552632
0.0858174
0.548936
0.167058
0.670378
0.896548
0.59549
0.16865
0.641942
0.438306
0.0533317
0.521784
0.790721
0.383213
0.500826
0.535501
0.376209
0.390743
0.109652
0.359227
0.441691
0.622428
0.306381
0.580624
0.228583
0.200904
0.51683
0.222447
0.192513
0.571759
0.211056
0.322253
0.241783
0.267139
0.330749
0.529255
0.43165
0.40138
0.468646
0.270241
0.736929
0.575369
0.640526
0.716409
0.189957
0.130573
0.702343
0.510531
0.434599
0.773368
0.405625
0.14443
0.614341
0.227981
0.451351
0.604787
0.318424
0.607929
0.725952
0.527989
0.487379
0.649181
0.806703
0.611018
0.588834
0.398242
0.427462
0.393599
0.359999
0.62018
0.295095
0.468646
0.46552
0.831499
0.24411
0.327982
0.60369
0.470912
0.430477
0.521997
0.387431
0.530632
0.100687
0.425999
0.247182
0.580199
0.762587
0.140447
0.724584
0.778961
0.588511
0.294641
0.488961
0.167805
0.205138
0.34392
0.709986
0.255507
0.391242
0.547882
0.516819
0.639475
0.376567
0.60137
0.429644
0.53811
0.225447
0.476525
0.288788
0.628193
0.730239
0.250644
0.515068
0.481934
0.447149
0.65938
0.286798
0.242941
0.410186
0.22336
0.406291
0.414258
0.429339
0.507187
0.720957
0.698559
0.30958
0.311578
0.618812
0.52437
0.514379
0.579725
0.613846
0.381023
0.498789
0.576282
0.71698
0.593764
0.329617
0.503682
0.725164
0.405637
0.522496
0.409026
0.791063
0.42981
0.585823
0.658678
0.731029
0.396769
0.520279
0.428026
0.414564
0.596299
0.260677
0.686532
0.289948
0.241505
0.549395
0.547315
0.133134
0.0879805
0.562667
0.488469
0.505926
0.303854
0.55025
0.377898
0.166969
0.455117
0.614049
0.373252
0.448205
0.670085
0.667469
0.140566
0.59345
0.630358
0.371234
0.562948
0.465312
0.538591
0.492815
0.573381
0.424656
0.0742901
0.274966
0.70573
0.420085
0.509126
0.15863
0.446685
0.376017
0.538096
0.214057
0.19968
0.291814
0.460963
0.37339
0.739891
0.65033
0.130265
0.46769
0.867633
0.310732
0.420271
0.210248
0.499879
0.428633
0.420933
0.66118
0.358424
0.478267
0.496524
0.200879
0.667748
0.514774
0.707832
0.357706
0.541471
0.372335
0.865547
0.261315
0.783533
0.362654
0.360078
0.472239
0.381456
0.611038
0.488252
0.489703
0.448126
0.376117
0.700157
0.340325
0.572973
0.536844
0.381041
0.247878
0.366893
0.315202
0.534209
0.106661
0.601796
0.0265165
0.399235
0.609277
0.590393
0.515439
0.201416
0.508047
0.699671
0.414305
0.350586
0.189636
0.914553
0.511201
0.510963
0.476782
0.386543
0.108417
0.634866
0.752293
0.74336
0.553656
0.22312
0.346519
0.542138
0.667595
0.476811
0.378481
0.495485
0.295883
0.315281
0.727039
0.486036
0.590733
0.184749
0.427879
0.605174
0.413094
0.473981
0.170148
0.415633
0.121679
0.230807
0.539071
0.373215
0.276173
0.380054
0.755446
0.434689
0.569992
0.234958
0.136553
0.502793
0.541798
0.279615
0.0534133
0.521646
0.5017
0.247073
0.194021
0.661048
0.286638
0.432211
0.193862
0.541849
0.46045
0.403314
0.48575
0.290334
0.166336
0.481958
0.211384
0.485975
0.688902
0.347784
0.386515
0.398048
0.519004
0.702415
0.342595
0.198023
0.903662
0.284834
0.351071
0.19973
0.10971
0.473921
0.529605
0.399054
0.526437
0.63192
0.230377
0.283767
0.781159
0.512985
0.828971
0.35235
0.325448
0.310469
0.315097
0.327038
0.390225
0.162219
0.608718
0.549764
0.357357
0.484567
0.259432
0.746196
0.195419
0.45938
0.472392
0.384378
0.611865
0.464894
0.597017
0.600304
0.388585
0.591464
0.777976
0.916578
0.25608
0.52835
0.151791
0.398386
0.325148
0.605536
0.72647
0.034558
0.436292
0.586502
0.381688
-0.0444896
0.396656
0.610787
0.0550683
0.410072
0.299
0.225873
0.557693
0.559376
0.428498
0.206186
0.237063
0.359054
0.803925
0.424542
0.227194
-0.0610214
0.419405
0.231581
0.465766
0.280348
0.263533
0.279606
0.191866
0.318436
0.380719
0.721701
0.341707
0.533421
0.35237
0.522067
0.611129
0.373156
0.650927
0.2372
0.533054
0.359322
0.303909
0.653128
0.164842
0.541375
0.354241
0.680033
0.542852
0.310151
0.685934
0.239093
0.472317
0.349482
0.744928
0.257309
0.406186
0.217448
0.366372
0.257679
0.825365
0.24866
0.0443281
0.138748
0.576292
0.447075
0.692595
0.524992
0.35816
0.677958
0.51057
0.447494
0.219733
0.336164
0.240961
0.195536
0.600093
0.615392
0.502485
0.261759
0.385841
0.494951
0.512941
0.60207
0.557239
0.259816
0.475788
0.304068
0.56349
0.296126
0.452523
0.358704
0.462718
0.390149
0.511513
0.899313
0.61058
0.429096
0.577235
0.459057
0.468045
0.436224
0.530017
0.39258
0.481248
0.536317
0.324129
0.42711
0.432813
0.487086
0.545836
0.188559
0.458706
0.209573
0.679007
0.457421
0.350615
0.196581
0.304599
0.670686
0.747717
0.392629
0.857955
0.565501
0.386527
0.204567
0.373807
0.373527
0.113583
0.252458
0.192149
0.408374
0.376067
0.503775
0.662254
0.178598
0.290849
0.578597
0.693807
0.483619
0.622681
0.392647
0.313851
0.502333
0.506387
0.612396
0.381087
0.399031
0.161135
0.63457
0.329853
0.478057
0.490313
0.292597
0.409418
0.241946
0.258692
0.347636
0.638435
0.261728
0.344408
0.370298
0.429891
0.142357
0.16038
0.887844
0.379849
0.225093
0.19132
0.460892
0.319515
0.4154
0.18695
0.162168
0.224094
0.518773
0.252462
0.370959
0.374828
0.336248
0.10006
0.377234
0.350683
0.155841
0.255887
0.274125
0.588855
0.31838
0.329985
0.147274
0.247958
0.275318
0.155547
0.365613
0.348365
0.109685
0.242325
0.127687
0.218783
0.0377756
0.332418
0.307813
0.37807
0.374476
0.290912
0.0561651
0.265055
0.377661
0.272865
0.158968
0.318477
0.467007
0.273786
0.430856
0.157351
0.1432
0.437459
0.307551
0.584517
0.457278
0.51257
0.282628
0.45737
0.317373
0.83111
0.259016
0.24748
0.422248
0.437646
0.320073
0.582299
0.0974538
0.397315
0.384117
0.305125
0.20432
0.266689
0.499579
0.146043
0.481008
0.378693
0.415992
0.253912
0.232034
0.191402
0.0914189
0.186207
0.455346
0.300858
0.345161
0.216411
0.561992
0.345452
0.390812
0.566626
0.378722
0.2642
0.284968
-0.0504483
0.643083
0.247764
0.461724
0.0177197
0.456268
0.262213
0.283336
0.294287
0.287508
0.240666
0.329321
0.507217
0.556422
0.167294
0.151237
0.297909
0.635823
0.452043
0.236071
0.204958
0.286992
0.438781
0.174901
0.404053
0.438753
0.473169
0.395615
0.216286
0.616464
0.241146
0.346666
0.196489
0.34849
0.625498
0.26112
0.44791
0.450594
0.102663
0.379169
0.332171
0.309345
0.370639
0.478038
0.62215
0.211363
0.699185
0.495783
0.308903
0.344001
0.583346
0.271353
0.416454
0.188656
0.407125
0.634572
0.337121
0.389202
0.0891246
0.276872
0.375439
0.451868
0.26329
0.439762
0.530946
0.155274
0.274105
0.429513
0.569874
0.542969
0.476538
0.282786
0.100643
0.336241
0.272792
0.458843
0.141264
0.505206
0.228299
0.366474
0.535506
0.492661
0.57981
0.614046
0.56205
0.2407
0.395992
0.533661
0.354697
0.23102
0.466764
0.43693
0.268756
0.482715
0.277946
0.307664
0.142193
0.384917
0.539426
0.343443
0.339856
0.304454
0.180139
0.351353
0.169186
0.271701
0.0822302
0.236151
0.227595
0.300942
0.356258
0.338181
0.481571
0.584765
0.181086
0.580801
0.285648
0.530281
0.453544
0.347875
0.148269
0.415684
0.27779
0.352041
0.378202
0.540356
0.382273
0.266905
0.261371
0.222869
0.466796
0.303832
0.131675
0.311147
0.237194
0.44628
0.451715
0.241929
0.264865
0.370156
0.316883
0.281958
0.337239
0.258832
0.295648
0.304023
0.359931
0.476369
0.0927542
0.35863
0.134341
0.414034
0.207887
0.146456
0.257077
0.301684
0.560798
0.25025
0.603716
0.279587
0.428679
0.159528
0.0775027
0.216855
0.329272
0.36544
0.329833
0.113805
0.273421
0.551618
0.155974
0.567951
0.758869
0.293398
0.272402
0.443826
0.218796
0.322216
0.393728
0.161298
0.619342
0.487779
0.403398
0.491296
0.0733351
0.237819
0.193204
0.333516
0.266075
0.17276
0.324782
0.352996
0.381029
0.180623
0.411059
0.384467
0.209448
0.269444
0.116803
0.170405
0.36746
0.283748
0.246035
0.583992
0.461858
0.234831
0.295002
0.20871
0.397528
0.171223
0.235602
0.357715
0.668476
0.207049
0.364448
0.427065
0.3975
0.0151551
0.219472
0.416842
0.176627
0.299742
0.475997
0.240016
0.213521
0.196092
0.480603
0.24674
0.326353
0.124947
0.257575
0.514679
0.502242
0.466588
0.135912
0.394812
0.394743
0.813943
0.477324
0.229628
0.233072
0.345385
0.446763
0.186083
0.45676
0.310326
0.340701
0.335097
0.542733
0.318693
0.181799
0.500898
0.173319
0.244175
0.244584
0.211792
0.196863
0.686885
0.185833
0.269188
0.28941
0.505642
0.306844
0.250905
0.423271
0.331191
0.447718
0.327173
0.550545
0.320973
0.287089
0.277444
0.391967
0.518582
0.466054
0.599674
0.393893
0.349773
0.267504
0.266989
0.408148
0.330614
0.348765
0.14535
0.208014
0.136222
0.37368
0.224746
0.450294
0.463853
0.21655
0.448514
0.274464
0.368917
0.352299
0.406062
0.171747
0.333807
0.335457
0.163526
0.645968
0.166817
0.305422
0.496684
0.558836
0.322453
0.318702
0.0735545
0.561741
0.258098
0.120737
0.383324
0.483188
0.532717
0.412598
0.390829
0.168666
0.430478
0.397577
0.222764
0.360667
0.417899
0.134286
0.246751
0.256588
0.553426
0.0418019
0.316633
0.450889
0.232561
0.64684
0.382059
0.439591
0.192947
0.614213
0.421182
0.338818
0.187592
0.103445
0.272364
0.379567
0.231279
0.356733
0.367596
0.463792
0.299226
0.357952
0.19112
0.386628
0.514562
0.224293
0.303431
0.5481
0.336365
0.406949
0.350464
0.281262
0.590385
0.31345
0.249265
0.246157
0.27901
0.555709
0.253714
0.270658
0.372617
0.0675123
0.419675
0.185575
0.530441
0.346594
0.248873
0.48279
0.46136
0.118136
0.375037
0.285385
0.275893
0.525193
0.30809
0.384936
0.220056
0.215295
0.747374
0.237821
0.375182
0.337956
0.162776
0.362048
0.417724
0.173776
0.309882
0.56495
0.076769
0.457709
0.410997
0.564014
0.269954
0.304904
0.243545
0.222672
0.269437
0.367685
0.512565
0.421531
0.125392
0.306871
0.208004
0.598112
0.484515
0.27267
0.203836
0.598027
0.334832
0.435296
0.379759
0.381554
0.207765
0.653736
0.433972
0.522571
0.243578
0.265822
0.361175
0.403245
0.228331
0.28428
0.174202
0.558166
0.596266
0.11043
0.469181
0.0112683
0.580068
0.203124
0.271925
0.448468
0.444823
0.194977
0.183436
0.638825
0.556072
0.454895
0.381712
0.370551
0.169212
0.229149
0.638269
0.276905
0.421927
0.568608
0.288886
0.404489
0.38346
0.315644
0.361148
0.440874
0.211297
0.209969
0.51349
0.430374
0.58021
0.239983
0.437136
0.1409
0.512337
0.159022
0.528732
0.218617
0.33485
0.264026
0.436726
0.262328
0.475448
0.218654
0.349416
0.286276
0.198794
0.263899
0.188223
0.398505
0.433519
0.207782
0.611514
0.452293
0.413072
0.326804
0.440813
0.363681
0.315336
0.423126
0.156131
0.416281
0.828132
0.451671
0.458201
0.383184
0.382376
0.523003
0.311141
0.543214
0.415075
0.5254
0.631808
0.448983
0.242002
0.166675
0.202253
0.0877776
0.326977
0.40121
0.509989
0.277833
0.530232
0.2579
0.281049
0.382211
0.17689
0.427687
0.290357
0.345931
0.450204
0.398644
0.233055
0.402759
0.49537
0.383141
0.534026
0.444224
0.229052
0.0362391
0.186373
0.301265
0.598863
0.27607
0.605312
0.349305
0.449805
0.314522
0.437852
0.156646
0.439858
0.479334
0.313181
0.141733
0.528251
0.24072
0.451795
0.209827
0.49492
0.339612
0.207215
0.342195
0.193007
0.190127
0.136
0.4661
0.134256
0.618736
0.228531
0.514317
0.180842
0.219729
0.292388
0.191096
0.454631
0.45796
0.231799
0.600124
0.338326
0.351756
0.28375
0.298309
0.321054
0.249574
0.10581
0.152007
0.273523
0.427059
0.37302
0.490526
0.390034
0.226659
0.322713
0.476206
0.334731
0.351218
0.139899
0.467064
0.383322
0.360629
0.393562
0.0929895
0.188557
0.546811
0.481799
0.653567
0.519749
0.435665
0.170029
0.159874
0.537111
0.2796
0.424434
0.221498
0.374159
0.365226
0.129276
0.322502
0.369011
0.360907
0.618151
0.645776
0.319588
0.329328
0.156291
0.0873506
0.085836
0.09556
0.397341
0.598118
0.525553
0.421859
0.279272
0.470992
0.199169
0.324699
0.187937
0.196926
0.248528
0.311993
0.410013
0.39885
0.45104
0.336828
0.439342
0.245232
0.709182
0.196972
0.00366109
0.395018
0.350616
0.299509
0.505128
0.196205
0.341894
0.198906
0.121811
0.557629
0.131516
0.406148
0.331918
0.248776
0.150862
0.489995
0.444418
0.351417
0.417813
0.633744
0.386065
0.624523
0.456435
0.434981
0.285449
0.149352
0.185773
0.326536
0.0893949
0.563532
0.534334
0.285049
0.0650211
0.60407
0.291954
0.47971
0.451944
0.293248
0.155302
0.150859
0.253155
0.324559
0.433665
0.408928
0.271272
0.296775
0.406331
0.347246
0.390638
0.604422
0.126489
0.288977
0.394538
0.272929
0.38273
0.0963629
0.475554
0.346655
0.303831
0.36875
0.39383
0.284826
0.515676
0.233793
0.134207
0.352136
0.315613
0.275431
0.300046
0.393306
0.299123
0.271252
0.502265
0.21886
0.612992
0.113036
0.801106
0.453354
0.50154
0.364037
0.268437
0.161872
0.338553
0.388512
0.361022
0.51492
0.41644
0.225317
0.17041
0.0937332
0.193301
0.247357
0.174464
0.82839
0.585735
0.13797
0.238746
0.229791
0.549829
0.207725
0.441814
0.35504
0.357658
0.418848
0.478897
0.647868
0.342186
0.186717
0.426023
0.36738
0.122015
0.315692
0.290389
0.125559
0.492336
0.37236
0.508205
0.351571
0.0585959
0.310246
0.460632
0.414865
0.455668
0.494478
0.39994
0.631977
0.436375
0.520765
0.279298
0.314101
0.742561
0.573868
0.480653
0.187351
0.331478
0.24347
0.380957
0.220539
0.26551
0.242752
0.29332
0.298692
0.186295
0.441968
0.614504
0.219284
0.369812
0.201548
0.306269
0.396426
0.459162
0.2855
0.480248
0.757904
0.417314
0.207956
0.367438
0.369153
0.0759125
0.394883
0.49796
0.409073
0.256794
0.294377
0.319918
0.0493879
0.294374
0.5548
0.176459
0.163244
0.465509
0.30532
0.115575
0.793451
0.411392
0.368927
0.512056
0.228185
0.232829
0.486299
0.275446
0.637533
0.287285
0.572053
0.486636
0.232343
0.44028
0.50893
0.273549
0.534854
0.365634
0.350376
0.462982
0.207448
0.348737
0.571376
0.136767
0.372455
0.292484
0.235313
0.185711
0.384958
0.275869
0.340773
0.0712257
0.761788
0.149615
0.373504
0.266045
0.35837
0.601296
0.162038
0.528704
0.295275
0.252239
0.763671
0.276872
0.511364
0.340177
0.529509
0.318834
0.437139
0.340313
0.61342
0.292569
0.5692
0.650299
0.461856
0.549109
0.122997
0.268263
0.395247
0.32602
0.515936
0.302077
0.391966
0.450576
0.264499
0.227461
0.476484
0.449312
0.42627
0.24095
0.342935
0.333527
0.255256
0.0693321
0.378796
0.353414
