18.6468
17.5175
10.1226
14.5302
20.2873
9.43627
17.1444
25.1693
21.0377
16.3195
25.3418
22.8904
18.2571
20.0222
16.74
18.2268
15.8252
24.7077
31.217
22.823
18.2445
22.7807
13.4558
20.7837
16.2286
24.0214
20.5966
19.9271
17.6213
17.2671
22.017
24.7906
18.2016
17.7762
18.9812
19.6914
20.558
10.2124
15.9317
24.9887
20.7959
12.399
22.3933
15.1579
14.1099
21.5017
18.9263
26.0726
19.1362
18.7582
25.5054
17.8742
13.6775
17.8426
24.598
18.4701
15.0404
20.4692
17.605
20.8197
21.4587
17.5395
27.7317
17.7141
29.6321
22.9584
18.191
20.4925
33.4875
22.1266
17.2848
15.9934
24.0461
23.0605
16.8452
32.9038
14.5854
19.651
17.7584
15.0881
17.2917
23.2355
20.95
12.6228
18.515
22.7822
13.9924
16.4224
22.7256
20.0075
19.0199
24.7429
26.342
21.6641
25.5456
22.0534
20.5423
8.51847
9.44712
20.2471
28.5615
21.7087
22.5549
20.6284
19.2725
24.7692
25.1201
20.3674
24.9993
18.7131
20.5477
19.7803
25.2688
26.8272
20.6171
24.8606
31.5641
24.4768
30.898
23.7466
17.1404
19.123
14.0952
16.2141
7.28339
23.6934
26.0055
11.5936
16.3227
17.9433
16.3338
31.3887
15.1558
25.7379
23.5322
26.9397
11.382
18.278
15.2945
20.2678
25.2712
18.7231
23.3352
25.128
23.5818
11.4542
18.91
19.8399
15.2236
21.4224
20.2161
12.9403
25.2796
35.9485
13.9876
16.9845
26.6284
22.2255
18.14
16.7633
17.0908
25.1791
28.6808
24.2885
17.8141
19.8153
20.056
24.6414
19.2896
25.1804
26.6368
24.7077
25.9485
20.4977
21.0416
27.7095
24.2238
17.1724
26.5579
22.0107
20.5284
22.9474
13.2144
26.8037
21.0247
33.2611
29.3713
30.5579
14.7299
29.095
17.7565
20.4369
10.7729
22.1434
29.8841
15.2053
9.36426
16.0153
12.0046
22.8425
25.4932
15.2005
23.1517
19.4785
13.356
14.6451
24.6752
23.9699
19.6569
20.5912
19.3799
12.0555
13.5533
20.6474
26.559
27.9838
18.1311
33.0649
25.332
20.9563
23.6547
31.5828
10.8556
32.0539
22.4683
22.3046
17.5678
21.8513
23.9411
22.8351
22.3346
18.0456
20.0869
25.9573
18.0722
12.5258
11.3338
24.5952
20.409
21.5994
25.2693
20.5678
17.7192
30.0037
23.7609
19.4387
28.5967
27.7126
18.0371
18.4195
25.1297
15.7116
24.6085
17.4922
21.4848
25.2212
19.4303
20.8884
15.4325
21.6945
20.2511
19.8902
28.4677
23.41
28.0156
22.7609
27.9069
17.1901
10.9065
23.0462
9.19091
5.12444
25.7865
24.0868
15.3874
19.8989
4.2315
24.0832
22.0621
21.254
25.0296
30.8775
19.6836
12.0325
6.9519
20.3131
20.3995
29.6826
22.5192
21.6403
18.1696
26.4769
19.1272
29.9621
23.3918
28.7154
13.8393
20.484
11.0275
19.6607
28.1944
21.3616
20.2339
23.5193
19.673
21.3151
20.313
18.6735
18.749
24.9836
20.7844
20.9121
22.0544
32.1851
25.0031
24.8819
32.0305
22.9562
15.0526
30.1027
14.8862
28.0676
26.0416
21.6301
23.0946
16.0133
16.8809
13.7806
16.4337
35.7403
32.3007
19.6934
20.5165
22.1055
25.0949
23.5342
20.9256
20.082
29.5462
20.216
19.8309
25.1301
24.3382
29.3497
18.9287
18.8767
18.2926
20.5717
26.6313
22.1226
24.8503
25.1391
25.1498
20.1023
19.7661
20.2854
20.9137
23.1943
22.7711
29.2578
17.3226
23.6849
18.7227
25.9446
21.8456
28.482
24.504
24.0788
20.4449
16.6355
14.5214
16.8509
25.3974
24.2721
20.966
18.8172
26.5668
25.1899
25.1999
18.7072
18.7094
14.2594
12.2966
23.0826
24.6843
8.72275
16.0351
13.0025
16.4996
25.2184
25.5593
20.3144
13.2102
18.5757
14.6885
26.7474
21.4689
27.5276
17.2746
11.2426
21.1936
15.435
25.2503
14.6375
22.0425
20.6041
23.7639
20.3547
27.0889
33.1058
17.718
26.1108
16.215
15.2337
20.8869
19.0425
19.3432
17.0332
21.8614
17.11
24.1423
19.0751
25.075
23.6043
14.5594
25.0792
27.3337
19.763
24.2244
17.1295
28.2841
22.9496
30.3357
19.7894
25.1498
33.4174
22.0162
20.3065
20.6339
20.445
14.2961
25.2099
17.4692
24.0596
19.7488
20.7632
14.6207
24.7499
17.1696
17.0933
19.1347
21.603
20.7822
14.4113
24.9803
28.9695
17.6386
19.7724
19.8241
20.2667
31.4896
9.98435
19.7148
20.7095
16.3442
8.03079
12.0386
20.445
28.3256
23.554
24.9081
15.3155
30.4008
31.2513
22.545
12.6392
25.5948
15.0402
12.5851
30.3644
25.2794
25.9255
25.5183
23.0261
24.8877
6.57961
25.0998
12.1198
25.3987
34.895
24.9505
13.1206
25.1693
21.4904
7.50312
23.3494
32.7793
20.3498
24.9878
24.2738
20.0242
21.6163
6.99809
19.6443
22.029
25.1804
17.4611
25.11
15.0795
13.6582
24.103
15.8281
15.0536
24.0204
13.333
17.3746
13.043
16.2093
19.8042
22.0997
20.3129
22.1879
21.6072
16.0573
27.5559
23.9239
25.5414
27.5003
13.9609
11.3317
26.7699
23.269
20.7027
30.7496
21.2119
14.4141
25.3228
13.2482
21.7215
25.2516
17.1266
25.2303
26.5612
21.6658
22.2013
25.9208
28.9751
25.3327
24.9815
20.3736
20.4182
21.116
20.0019
25.2716
17.1318
21.3005
20.9431
31.1021
16.019
19.2529
25.3281
22.5208
21.0365
21.4353
20.2839
24.3767
8.73454
20.4438
15.7176
25.0716
28.8554
10.6874
27.8213
29.6275
24.9117
17.034
22.926
13.1535
13.5243
18.0081
27.0385
14.3798
20.3671
25.1196
23.8164
26.1648
19.4727
25.3524
21.5131
24.7003
12.1659
22.5997
17.2066
25.3858
28.3126
16.5121
24.5471
22.4266
21.7016
25.8855
17.1389
16.4507
20.2067
15.1373
20.8389
20.3371
20.969
23.5032
27.9751
27.5224
17.9266
16.9397
25.5986
24.7505
23.0875
24.2556
25.2188
19.6099
23.6762
25.1398
25.4229
25.0932
18.3484
22.2582
28.1491
20.4201
24.2262
20.5086
29.0789
20.466
25.1299
26.6168
27.817
20.243
23.1974
21.0423
21.2858
25.4757
16.5992
25.9318
16.8042
16.8747
24.9075
23.9306
12.297
10.644
23.9379
22.2556
23.2546
18.0989
24.9912
19.5424
15.4043
21.1989
25.3423
20.3584
22.2572
25.5595
25.8944
12.2131
25.2301
25.2201
19.8864
25.1197
22.8664
24.7639
22.4637
25.129
20.7031
8.68736
16.3729
27.6184
20.8226
23.3406
13.5108
21.7159
19.8658
24.7667
14.345
12.9585
17.2997
21.3245
19.903
28.4564
25.3739
9.02622
23.0494
31.2026
18.3675
20.5478
14.1697
23.118
23.9086
21.0558
25.3207
18.7182
23.2979
23.2644
14.1331
26.436
23.5758
26.9853
20.3984
25.0887
20.3366
31.8841
16.2186
29.4299
20.1389
19.7436
24.34
20.6353
26.1018
22.8434
23.5474
22.394
18.4588
27.4934
18.7244
25.2398
24.9699
20.0645
16.4645
18.6183
17.3512
24.1957
11.4532
25.0914
6.36132
20.1778
25.7987
25.2497
23.8665
14.5178
24.2988
27.3845
20.3814
19.9302
12.6326
32.9955
23.1612
24.426
22.3742
20.5063
12.613
25.5457
29.5025
28.6201
25.1601
16.2586
18.1826
20.8103
25.6294
22.3107
20.0739
23.154
18.7452
18.628
27.8747
21.1571
25.2489
13.926
21.1872
25.14
20.2877
21.8596
13.6138
20.5073
10.3385
14.1859
24.9413
19.9811
17.1135
19.4263
30.425
20.8284
24.6565
15.1788
8.88958
23.0016
24.5284
17.1824
9.54092
24.2215
22.9691
16.3588
13.8067
25.9197
17.1905
20.5277
15.4835
25.0604
21.7341
20.3855
22.1419
17.2135
14.2797
23.9989
13.7433
22.7296
26.5125
20.0775
20.7622
19.0537
22.6436
26.3833
18.5564
14.927
32.8732
16.5872
18.6653
13.399
9.95977
21.3571
25.0737
19.9928
24.8241
25.9681
16.745
16.4891
28.708
24.4293
31.2012
19.4015
17.7432
17.5092
17.2461
17.2581
20.5383
11.8676
25.2187
24.8991
20.1112
21.9336
17.1154
28.5022
14.8652
22.0507
22.3784
19.3079
25.1697
21.9501
25.2213
25.2484
20.5142
24.9647
28.4415
32.8858
17.2688
24.4523
11.7861
20.4379
17.4563
25.4779
28.0198
6.36496
20.0692
25.0096
20.2191
1
21.0033
25.7259
7.0561
20.2429
17.8439
14.5401
24.9531
22.9953
20.5872
14.4031
14.1751
19.447
30.5651
20.7253
14.6266
1
20.305
15.2399
22.1579
17.4271
16.5912
17.0603
12.1895
17.2293
20.2428
27.8237
18.6247
24.4277
20.4675
22.3144
24.4574
20.4998
25.5745
16.4266
22.8616
18.4205
18.2414
25.6459
12.7845
24.9403
19.8749
26.4922
23.0809
18.0662
27.0391
14.8739
23.4898
18.6088
28.5032
16.7884
20.8883
15.3048
20.0113
17.0143
31.3633
16.0028
9.10712
9.62172
25.1305
20.3052
27.5043
23.5406
19.05
26.7563
22.046
21.5291
17.3348
17.2742
16.6381
13.0757
25.1901
25.1794
23.5464
15.8193
20.3441
22.3583
22.5888
25.2004
25.1717
16.7732
21.5512
16.4876
25.1301
16.7597
21.3238
18.222
22.7742
20.0302
23.4673
32.9529
25.8829
20.5003
25.1501
23.4832
22.8761
21.0138
24.7015
20.6906
22.9166
24.6911
18.1032
21.5294
20.9956
23.545
24.71
12.388
21.5392
15.0263
27.6416
21.1398
19.938
14.6194
17.3832
26.6131
29.1951
20.5022
32.3419
24.763
20.1992
13.5116
20.8269
19.0117
11.1444
17.2886
13.2265
20.4063
19.9178
23.6002
25.6445
13.5445
17.2037
24.5816
26.9994
22.6183
25.0873
20.3436
18.9109
23.632
23.3277
25.598
17.6141
20.4231
11.9314
25.2386
18.1314
22.7501
21.5916
16.9429
21.5097
16.9877
19.1729
20.4674
25.9489
15.8427
19.9325
19.7368
20.3744
12.514
15.0819
32.5164
20.4604
15.0872
13.7068
23.1067
17.2197
20.7858
13.4763
13.6602
15.3985
24.3691
15.5498
20.2299
20.0439
19.7488
11.5
20.4033
18.6927
13.4966
16.037
16.4202
25.1195
17.5409
19.295
11.6195
16.8179
17.2592
13.0859
19.0357
18.7249
10.1277
16.8016
8.63105
15.8269
5.29176
19.352
18.2462
20.4432
18.6258
16.1915
7.3403
17.9192
19.0001
16.4977
13.7955
19.3604
21.1289
16.8708
21.0138
12.1688
12.2236
22.5207
17.538
25.1696
21.763
25.0997
17.5538
21.7213
18.6402
31.2971
16.2383
15.6535
20.3825
20.8536
19.3602
25.2288
7.24866
20.5942
20.0996
18.1048
14.7483
15.8885
23.3998
12.3221
23.4908
20.3895
20.448
15.8982
16.961
14.0781
10.4293
13.3023
22.7752
17.7077
17.733
15.2697
24.893
19.1042
20.2746
24.2204
20.2592
17.1871
17.0863
1
26.0398
16.6648
21.7709
5.86781
22.8635
17.034
16.5885
17.3954
17.6471
16.5856
18.3798
22.2311
24.8933
12.0133
14.8842
17.6752
25.3974
21.3224
15.0398
13.7141
17.1205
21.0693
13.6724
20.3748
20.5504
21.062
20.3522
13.9423
25.1299
16.7588
17.9833
13.1874
18.3951
25.2409
16.3155
20.7139
22.3373
10.743
20.0822
18.2035
17.9278
18.9243
21.9177
25.4647
15.0918
27.5105
24.1427
17.6077
18.2996
25.2698
16.6044
21.1221
13.2525
20.7965
25.4931
16.7697
20.3591
11.0934
16.7931
20.4581
20.621
16.2209
20.7395
24.4433
11.6836
16.0756
20.7832
25.21
25.1884
23.2486
17.0923
8.63373
17.6622
16.5384
23.0705
11.7613
23.0857
15.0231
20.2676
24.6192
23.3376
24.6823
25.2079
25.1489
15.701
20.9294
25.0308
18.203
14.0209
22.1777
20.0814
16.5685
24.305
16.287
18.8867
10.9834
18.085
24.1994
20.3642
19.1258
18.6519
12.3225
20.105
12.6953
15.0355
8.49041
16.5195
14.6873
19.6502
20.4215
18.2459
22.4605
25.1688
13.9621
25.1403
16.2905
23.9583
22.1603
19.703
11.949
20.6821
17.2848
18.4356
19.259
25.0409
19.4543
15.859
17.4462
14.8764
21.9874
16.2307
10.8622
17.0594
15.1387
20.8674
21.0688
17.0532
17.3811
19.4154
18.0493
17.1283
17.7491
14.9947
16.9979
17.4772
18.6327
21.1419
7.9474
20.3735
9.70422
20.2832
14.1829
11.7734
13.5526
18.0785
24.99
15.6464
25.2282
17.1112
22.416
11.773
8.33747
14.3215
17.8215
19.6644
18.1854
10.3559
16.99
25.1506
13.0632
24.7341
28.484
17.6482
16.3943
21.6965
15.8414
17.2172
20.4454
9.36225
25.1994
23.495
20.6231
23.8278
8.98653
17.194
14.6289
17.4146
16.9334
14.7103
18.6814
20.3673
20.1825
13.6543
20.4282
20.054
14.96
15.125
11.5843
12.9719
19.5164
17.2651
15.538
25.1809
21.2925
16.9017
17.1826
14.6823
20.2901
13.1448
15.0194
20.1314
25.6071
15.838
20.2544
20.6284
19.4327
7.91982
15.0835
20.8151
13.6803
17.1845
21.9369
14.3735
15.1366
14.7602
22.72
14.9202
17.4836
11.4183
17.2461
23.5523
24.184
22.495
11.1601
20.1266
20.9081
30.7818
22.8356
15.7956
14.671
19.7486
20.5043
13.9688
21.8518
18.6492
17.8891
18.6348
24.9475
17.9824
14.7044
23.3098
13.7042
16.0262
16.7493
14.1693
13.7013
26.6194
14.3246
15.994
16.9962
21.9347
17.1647
17.1503
21.1243
17.7559
20.6323
17.4096
24.6774
17.5102
17.1959
17.5031
20.366
24.5146
21.7655
25.1896
20.3538
19.0954
17.635
16.795
21.3358
16.6032
18.1232
11.7842
14.4171
12.41
19.8672
15.1703
21.5869
22.1646
13.8081
21.6761
16.3878
19.6336
18.7739
20.405
13.1312
17.2894
18.6719
11.7539
25.1791
13.4016
19.0704
22.3039
24.2157
17.869
18.6158
8.84431
24.5911
15.7474
10.2096
20.3746
21.7187
24.1677
20.3672
19.7546
12.3795
20.4662
20.4371
15.6609
19.4939
20.9532
10.3251
15.4686
16.4777
25.0983
7.47226
18.8866
21.5733
15.1167
26.2897
20.7103
21.0198
14.9695
25.2283
20.4286
19.2096
13.5591
10.3014
17.126
19.8182
12.3108
18.6671
19.1596
20.9175
17.2659
19.2162
11.8339
19.9186
23.3519
14.9616
16.9832
24.7247
18.8584
20.5499
20.1275
15.2086
25.2312
18.7556
15.9221
16.3495
17.1351
25.0418
16.1345
16.6141
20.359
8.29432
20.6554
14.7654
24.782
19.468
14.6378
21.1334
20.652
9.06887
19.7156
16.9785
17.0105
24.9365
16.8817
20.3518
15.5243
15.1931
28.3156
16.8566
20.3832
18.9572
14.1063
19.7644
20.7241
13.8608
17.743
25.0257
9.52851
20.3292
20.4518
25.14
16.9657
17.7586
15.0101
16.8031
15.5768
19.2997
23.5241
20.6003
10.7972
17.2313
15.799
25.1996
22.0662
16.7993
14.2833
25.3702
19.0694
20.774
20.8182
20.2522
14.3207
25.6396
20.7805
22.5928
15.4161
16.2934
20.0524
20.435
13.7985
17.304
12.9536
25.2175
25.1701
10.9395
21.7798
7.24581
25.0087
14.3945
17.0575
22.3601
21.9177
12.9524
13.0507
26.085
25.0911
22.6117
20.3961
18.3799
12.5996
15.3972
26.1793
16.5016
22.0415
25.0323
17.5773
20.7029
20.8994
17.2087
19.9158
21.9079
11.7077
15.0088
22.8178
20.2554
25.1287
14.098
20.5383
12.0697
23.3833
9.39836
23.2096
13.919
18.3343
15.0394
21.0696
15.9756
21.9439
15.1524
19.5466
17.272
15.5354
15.582
13.9757
20.3289
20.8088
13.7834
25.1983
22.916
20.1997
19.3736
20.5364
17.5244
19.4637
20.976
11.0282
20.3515
32.3234
22.8007
22.0876
19.3498
20.3993
24.3828
16.6819
24.8765
20.3457
24.0088
25.4955
22.0953
16.6722
12.9527
14.6603
8.41493
17.9581
20.5735
23.38
17.2501
24.9407
16.9493
17.328
18.6403
13.9127
21.0213
17.2573
18.3069
21.3579
20.4524
14.0269
20.0092
23.2797
20.336
24.8826
20.9108
14.6216
5.33032
13.2477
16.9721
25.0147
17.2856
25.1199
18.4774
21.5319
17.5818
21.9578
11.3499
20.8217
23.7139
17.5891
12.9284
22.8983
15.4253
22.0561
15.5572
23.1727
20.1405
15.5016
19.6935
15.4638
13.1546
11.0554
23.8
12.6168
25.0609
16.5068
22.6973
13.9738
15.0281
17.0777
14.2661
22.152
23.1363
14.7655
24.7546
15.9541
20.172
17.3122
17.7495
17.4053
16.7149
10.9533
12.0889
16.4722
20.6956
18.5004
23.2285
20.8838
15.2599
20.1056
20.5564
19.4311
20.3419
13.7795
22.286
20.3906
18.9851
20.1984
11.3915
14.5763
25.2324
22.0292
26.4684
24.9525
20.4214
13.0108
11.7935
24.8796
16.8854
21.5167
14.4715
20.0832
20.2663
10.2845
17.8181
19.9309
18.2445
25.4706
25.9303
17.1648
17.3685
10.0845
8.45565
9.94352
9.15728
20.4445
25.1595
23.7751
20.3823
17.958
20.4284
14.5836
17.2641
13.9091
12.7782
16.6795
17.7625
20.428
20.389
20.9799
19.4986
22.3792
15.0338
27.4481
13.5699
2.15287
20.3817
19.3248
18.3274
22.6107
13.5545
18.6238
13.7833
12.5969
24.5821
12.0547
20.7432
18.8443
16.9441
11.7714
22.8551
20.9023
19.4756
21.11
25.4457
20.3043
25.2703
21.9733
20.584
17.1997
12.0545
14.1048
16.9844
8.39514
24.4581
25.03
16.2544
4.08886
25.6296
18.4337
23.5634
22.081
17.651
12.5425
11.3012
17.0683
18.1295
20.4145
20.352
16.564
17.2218
20.8568
18.6873
20.3828
25.1301
11.765
16.9739
19.649
17.6301
20.3584
9.69978
21.0194
19.1051
17.3396
20.4443
21.3267
17.3292
24.5895
14.7914
11.7451
17.2226
18.0237
17.4179
17.2204
18.4114
17.1264
17.1465
23.2966
13.9818
25.2002
10.4457
30.7294
22.3065
22.4319
19.1543
16.5108
11.7988
17.5048
19.145
18.244
24.6212
20.9873
15.1077
14.2357
8.45011
13.2878
16.3696
12.3802
31.0451
25.1987
11.4634
15.6568
15.07
25.0998
14.7276
22.1079
19.1755
20.3906
20.6788
23.091
25.8645
17.8209
13.573
20.7898
19.2746
10.828
17.4079
17.7943
10.754
23.6356
20.4757
23.1758
19.652
7.49774
17.6482
21.2559
20.1622
21.2799
23.8595
19.9257
25.8402
20.9166
24.1257
16.6883
17.4371
28.7518
25.1192
21.3206
13.4683
17.5402
15.852
20.3728
14.852
17.2446
15.9573
17.0428
15.9732
12.0508
21.1311
25.463
14.8014
19.7696
14.9234
17.2825
20.2391
21.2693
17.1793
21.9195
30.8768
20.1066
14.7557
20.8889
20.2867
9.27035
19.9773
23.6899
20.4218
15.681
17.8123
16.8232
8.1075
17.8311
25.1194
13.9257
13.0701
21.0999
17.5525
9.19363
30.9982
20.3657
19.5978
22.9738
14.618
15.1206
21.7162
17.0232
25.8777
17.0486
25.1106
23.0211
15.3491
20.867
23.8111
16.343
24.911
20.3819
17.2211
21.3848
13.7955
20.2588
25.1298
11.7478
19.4874
17.3123
15.2255
12.9332
20.3269
15.3387
18.9668
11.7396
28.9101
12.5672
19.7166
16.2922
19.8222
25.14
13.2619
24.9014
17.5168
15.958
28.7704
16.1994
24.4553
19.7804
24.7346
17.9568
20.9176
19.0466
25.1783
17.1889
24.7902
25.432
22.4594
24.9798
11.9996
16.2378
20.4358
18.4035
24.1247
17.1574
20.5741
21.336
15.6842
14.3029
23.3173
22.8292
21.2642
13.5199
19.1252
19.2958
15.1
7.99827
20.6842
20.0388
