0.285592
0.261832
-0.646299
-0.150851
0.443209
-0.585195
-0.27796
0.614989
0.747639
0.388589
0.815767
0.648248
0.422812
0.36337
0.116906
0.152848
-0.181663
0.237686
0.645674
0.504609
0.315458
0.604876
0.292616
0.487794
0.412368
0.915766
0.308119
0.390504
-0.201654
0.28158
0.058667
0.744946
0.51447
0.0165186
0.714968
0.256502
0.269713
-0.00777159
-0.0114001
0.597692
0.333278
0.255062
0.623568
0.250838
-0.0388089
0.209286
0.378493
0.483305
0.424703
1.00489
0.995858
0.479831
0.00400214
0.0315745
0.612499
0.231232
0.300984
-0.468552
0.475483
0.609233
0.642617
0.217729
0.564886
0.236582
1.01676
0.724012
0.372274
0.590814
1.13081
0.492849
0.254978
0.285866
0.774295
0.492248
0.518809
0.989006
-0.422477
0.066997
0.257356
0.429457
0.522547
0.528198
0.289441
-0.895675
0.440026
0.597575
0.108825
0.451106
0.571147
0.249253
0.101428
0.80908
1.06802
0.281637
0.79846
0.643343
0.809154
-0.498575
-1.20083
-0.0496044
0.80287
0.771017
0.717342
0.801904
0.49951
0.652138
0.9603
0.69984
0.647579
0.250103
0.292397
0.202071
1.06202
1.10796
0.707707
0.946377
0.886249
0.904642
1.03754
0.638206
0.243902
-0.119099
0.0645837
-0.00878603
-1.27432
0.804175
0.702252
-0.593494
0.351566
0.403853
0.4483
0.900959
0.43412
0.987393
0.360327
0.824896
0.288662
0.409778
-1.63725
-0.360896
0.836578
0.389581
0.271561
0.36247
0.76581
-0.716892
0.537346
-0.619179
0.328734
0.604093
0.175691
-0.366758
0.651453
1.08533
0.0896903
0.203219
0.731777
0.509866
0.349917
0.3787
-0.148
0.787248
0.901681
0.567584
-0.143645
0.3595
0.287217
0.530736
0.467728
0.730675
0.726226
0.415639
0.719779
0.452056
0.502136
0.939457
0.820618
0.200023
0.976051
0.245963
0.0767131
0.781514
0.236868
0.807966
0.420399
1.23336
0.94501
1.02683
0.188752
0.97933
0.035279
0.524759
-0.294634
0.454265
0.91676
0.135484
-0.750198
-0.089992
0.0368795
0.650223
0.76571
0.221975
0.577487
0.613716
0.313102
-0.0744789
0.91075
0.691636
0.268441
0.239218
0.220674
0.161792
-0.49899
0.0399359
0.550371
0.911811
0.300295
1.1402
0.848558
0.145669
0.788399
1.02578
0.470068
1.01247
0.458231
0.213736
0.371232
0.342542
0.606645
0.559616
0.368136
-0.454599
0.804177
0.863412
0.650004
-0.0627918
0.320218
0.187049
0.144515
0.524444
0.820918
0.0961914
0.214534
0.860722
0.64432
-0.024474
0.981516
0.970837
-0.00440706
0.484037
0.727666
-0.31158
0.936261
0.272868
0.777702
0.361685
0.0539231
0.517867
0.226899
0.876173
0.598032
0.602838
0.8027
0.632342
0.962722
0.703225
0.935823
0.479772
-0.253668
0.211514
-0.109801
-0.483035
0.937838
0.846911
-0.0768601
0.431436
-0.139064
0.270047
0.207075
0.440888
0.775477
0.559054
0.354576
-0.5659
-1.07046
0.257692
-0.0626148
1.03656
0.371742
0.556485
0.538303
0.639788
0.587746
0.990328
0.259548
0.786807
0.0163361
-0.0346522
-0.408104
0.603228
0.783084
0.370389
0.390106
0.533401
0.214399
-0.31733
0.311795
0.392763
0.448004
0.831737
0.579186
0.458816
0.472383
1.09915
0.910628
0.458731
0.881684
0.883132
-0.0824968
0.90697
0.11402
0.706418
0.715697
0.669203
0.533592
0.0830374
-0.517854
0.293147
-0.0747651
1.18046
1.19723
-0.189197
0.673312
0.405406
0.789899
0.579309
0.609948
0.265426
1.07973
0.615915
0.277079
0.902698
0.853266
0.950632
0.41727
-1.04476
0.56722
0.432748
0.873577
0.665423
0.457881
0.644067
0.495012
0.478038
0.401037
0.574963
0.310347
-0.164536
-0.245699
0.477282
0.551437
-0.134907
0.101279
0.825315
0.123569
1.00534
-0.190264
0.539173
0.1529
0.437079
-0.279892
0.244552
0.95535
0.799325
0.427091
0.297232
0.811937
0.95879
0.854015
-0.0835938
-0.118486
-0.230417
-0.420803
0.795142
0.877451
-0.407396
0.192829
-0.732342
0.32379
0.967923
0.772711
0.405087
0.105156
0.341289
-0.261725
0.664986
0.338239
0.931357
0.53273
-0.303539
0.172481
-0.717103
0.43834
-0.0698007
0.683944
0.345638
0.424055
-0.0461811
0.882707
0.946906
0.486526
0.826195
0.371048
-0.302821
0.426869
0.126682
0.457812
0.162727
0.374982
-0.44742
0.839813
0.391591
0.690636
0.860964
-0.623617
0.585155
0.921115
0.506582
0.0819606
-0.334271
0.875046
0.90307
0.964997
0.444406
0.755174
1.20525
0.346817
0.129793
0.00109231
0.528282
0.498331
1.00033
0.585836
0.424658
0.389407
0.632847
0.267556
0.664763
0.552262
0.187461
0.825154
0.659471
-0.0203664
0.259224
0.873507
0.908382
0.372673
0.389234
0.364774
0.488036
1.02868
0.147144
0.397831
0.614062
0.445782
0.0782839
0.423042
0.484405
0.838721
0.59474
0.560655
0.372116
1.08527
0.908432
0.609192
-0.313372
0.769733
-0.102066
-0.744212
0.972904
0.869772
0.68381
0.503093
0.45201
0.653309
-1.08155
0.671581
-1.1401
0.693044
1.13912
0.54714
0.11417
0.77417
0.459613
0.140081
0.596522
0.735032
0.402338
0.49065
0.734054
-0.151795
0.789481
-0.173985
0.234866
0.851131
0.452904
0.0876385
0.780243
0.310067
0.114356
0.766189
-0.730287
0.141892
0.205953
-0.308556
0.0698931
0.147749
0.25312
0.709335
0.48715
0.502517
0.519824
0.302636
0.270996
0.791149
-0.000806399
0.797913
0.895261
-0.117347
-0.7731
0.727481
0.617777
0.73619
0.983511
0.869877
-0.316301
0.881387
-0.0247463
0.248274
0.853047
0.396638
0.818817
0.765194
0.340593
0.221006
0.8345
0.876173
0.853022
0.712138
0.815212
0.467875
-0.465142
0.0827587
0.890754
0.611765
0.565761
0.727264
0.79344
-0.399618
-0.0360141
0.920206
0.761593
0.399779
0.52987
0.406033
0.822556
-0.13999
0.31057
-0.141475
0.737284
0.900029
-0.39313
0.892701
0.938147
0.326303
0.217369
0.709256
-1.17047
-0.0332564
-0.0396067
0.794773
0.324878
0.322751
0.933914
0.234882
1.02333
0.297196
0.909811
0.128556
0.525874
0.119528
0.451335
0.0860453
0.621127
0.950949
0.544202
0.546641
0.827741
0.647762
0.897361
0.0774642
-0.181999
0.186282
0.336653
0.782175
0.661702
0.0529576
0.501813
0.629133
0.890086
0.573583
0.0383287
0.897203
-0.00263265
0.382538
0.361384
0.889398
0.485509
0.739949
0.544676
0.667018
0.850145
0.620001
0.281812
0.606485
0.445767
0.847113
0.461072
0.87886
0.699699
0.702434
0.927939
0.993269
0.524107
0.631558
0.654185
0.725873
0.571428
0.435093
0.759882
0.0142667
0.237787
0.546464
0.458957
-0.746552
-0.863442
0.547707
0.509222
0.435685
0.687272
0.822418
0.483088
-0.984038
0.831106
0.688002
0.653663
0.430108
0.684656
0.67731
0.196078
0.639883
1.09253
0.483175
0.522959
0.359973
0.715178
0.483448
0.589541
0.391221
-0.247975
0.265479
0.757955
0.839041
0.783312
-0.878799
0.560577
0.667738
0.853987
0.460297
0.112796
0.0478351
0.431466
0.69969
0.644899
0.499785
-0.0914545
0.848621
0.412049
0.209351
0.706089
0.35187
0.427748
0.522081
0.0412414
0.597607
0.224194
0.154533
0.773579
-0.0309864
0.634316
0.758202
0.691958
0.474786
0.886969
0.793347
0.891551
0.22541
0.775094
0.522446
0.192851
0.0225841
0.60139
0.69527
0.424049
0.824127
0.775457
0.316169
0.796288
0.666735
1.04875
0.841485
0.540496
-0.127678
0.5379
0.225916
0.380023
-1.0193
0.464253
-0.041579
0.353095
0.970275
0.743002
0.543777
0.0819265
0.684395
0.580347
0.172275
0.718672
-0.559946
1.05028
0.501449
0.637381
0.615829
0.0835375
-0.852935
0.711363
1.03297
0.867394
0.4374
-1.04384
0.140959
0.707665
0.979251
0.446274
0.401413
0.581614
-0.148929
0.0229201
0.720618
0.452327
0.88167
-0.587784
0.663514
0.731412
-0.182633
0.707435
-0.271668
0.21505
-0.397897
0.123744
0.279241
0.46971
0.213525
0.541257
1.19527
-0.0127057
0.778834
0.151696
-0.32736
0.775152
0.734542
0.276265
-1.16067
0.714599
0.709513
-0.420914
0.284761
0.949265
0.0522822
0.436716
0.0390337
0.864592
0.428681
0.715157
0.444781
-0.00346145
-1.05909
0.450964
-0.50951
0.611973
0.699962
-0.677455
-0.105395
0.182964
0.443121
0.65523
0.286758
0.323296
0.820402
-0.0940445
0.45263
-0.0548811
-0.00204442
0.732755
0.00776025
0.609661
0.386974
1.04431
-0.047116
-0.328202
0.834273
0.703383
1.00399
0.553481
0.569249
0.674939
0.436459
0.178486
0.707594
-0.149109
0.880775
0.871967
0.316049
0.644262
0.235815
0.961172
-0.93158
0.919518
0.663419
0.636158
0.730825
0.732172
0.855192
0.946746
0.749452
0.522759
0.860096
0.928692
0.00350984
0.84819
-0.227195
0.598936
0.391457
0.612127
0.53313
-0.931297
0.0023512
0.618672
0.256573
-1.01028
0.694944
0.783607
-0.311665
0.489193
0.171611
0.44977
0.764821
0.452902
0.177685
0.534731
0.303675
-0.0451256
0.787318
0.110319
0.00917118
-1.25951
0.45019
0.531817
0.863009
-0.00770024
0.386408
-0.122766
-0.270685
-0.255267
0.147237
0.90354
0.387041
0.881476
0.6996
0.482387
0.523141
0.468866
0.755663
0.405776
0.106956
0.533858
-0.132178
0.681327
-0.060179
0.470835
0.609887
0.888851
0.507904
-0.770088
0.6925
0.42451
0.926666
0.181333
0.945344
0.620954
0.784027
0.141218
0.226171
0.381358
1.03905
-0.0688312
0.197774
-0.973063
0.0700109
0.610899
0.913144
0.249526
0.436051
1.01582
0.563384
0.809072
-1.29369
0.0167939
0.126854
0.138179
0.8777
0.656151
0.520145
0.547157
0.474697
0.625576
0.482493
0.879922
0.475837
0.602747
0.114848
-0.416718
0.785792
0.602566
0.301997
-0.0349078
0.70585
0.542449
0.584673
1.0652
0.432736
0.294279
0.508063
-0.0846632
0.775216
0.419558
0.539777
0.298919
0.332384
0.658555
0.358061
0.128202
0.128712
0.392414
0.510372
0.462929
0.323852
-0.841497
1.1597
0.546607
0.359068
-0.406848
0.232092
0.296524
0.896491
0.391961
0.892938
0.605437
0.218409
0.121767
0.0347084
0.0736838
-0.413459
0.151952
-0.475293
0.439829
0.589468
0.571679
0.98867
-0.202922
-0.0936422
0.427119
0.831292
0.825579
0.630342
0.430281
0.0806646
0.770419
0.262497
0.884911
-0.030608
0.0519609
0.0305105
0.967234
0.50984
0.0318386
0.195415
0.469231
0.282362
-0.831272
0.251774
-0.17628
0.617122
0.00341239
0.597787
0.528958
0.72137
-0.0163953
0.368456
1.01293
0.3225
0.229978
0.438119
0.628697
0.706277
0.795725
0.488523
0.0896793
0.429424
0.877861
0.0578717
0.54247
0.308064
0.579167
0.0769975
0.831526
0.581659
0.167096
0.127358
0.371742
0.895424
0.0754948
0.792829
-0.442732
0.47757
0.360119
-0.259892
0.384078
0.467925
-0.622869
0.726028
-0.0462949
-0.215888
-0.184093
0.246814
0.449124
0.767418
0.564213
0.367233
-0.685496
0.144055
0.22467
0.261151
-0.173311
0.617254
0.392953
-0.0383927
0.394358
0.226924
-0.277375
0.543127
-0.0130413
0.837181
0.827831
1.06057
0.214445
0.838879
0.485424
0.90474
-0.00268133
0.480976
0.590213
0.717698
-0.0700523
0.84953
-0.685318
0.697017
0.469095
0.59977
0.176162
-0.182396
0.769141
0.194135
0.677354
0.655794
0.476422
0.169336
0.206384
-0.175556
-1.31167
0.238171
0.940219
0.396946
0.503042
0.314035
0.617666
0.215725
0.689019
0.491727
0.722061
0.404701
0.500977
-1.4288
0.943792
0.117633
0.371255
-0.323787
0.532425
0.344824
0.447057
0.543213
-0.362786
0.253483
0.710181
0.42841
0.724206
-0.205004
-0.827995
-0.0636888
0.623011
0.42213
0.0882958
0.448193
0.307147
0.668026
-0.203894
0.450678
0.673795
0.429696
0.124964
0.319104
0.821688
-0.173065
0.563254
0.202691
0.212102
0.782521
0.461313
0.780576
0.6524
0.0225943
-0.202652
0.314668
0.588536
0.424068
0.746116
0.595651
0.466889
0.852971
0.796849
0.48762
0.48178
0.93041
0.550831
0.893299
0.370484
0.924766
0.862693
0.330007
0.604545
-0.269379
0.38657
0.523963
0.50934
0.0495203
0.486917
0.838389
-0.307876
0.545855
0.794354
0.55593
1.02391
0.710786
0.301526
0.392833
0.633889
-0.00288993
0.857559
0.158901
0.652406
-0.129597
0.71356
0.607457
0.739465
0.712316
0.865641
0.819525
0.0799415
0.0707812
0.868963
0.381941
0.45094
0.720874
0.387277
0.431348
0.855956
0.570915
0.179967
-0.247184
0.224751
0.541021
0.418054
0.263974
0.392661
0.327441
0.177382
0.243715
0.242011
-0.579015
0.606891
0.433464
0.213466
-0.462066
0.212443
0.741059
0.994698
0.318262
0.82024
0.511228
0.622494
0.732853
0.628998
-0.00832087
-0.335047
0.422558
0.52759
0.433116
0.362188
0.546099
0.355576
0.176639
0.448231
0.722808
0.595871
-0.608991
0.257073
0.0292137
0.853433
0.62783
0.643535
-0.298674
0.342723
0.67384
0.39647
0.227959
0.158669
-0.300772
0.447384
0.183042
0.814705
0.202098
0.561629
-0.185936
0.61417
0.201729
-0.0481358
0.248004
0.763801
0.711768
0.37022
0.81383
0.458441
-0.279088
-0.0888168
-0.634561
-0.00649193
0.116061
0.116908
-0.0138659
-0.246619
-0.127217
0.202067
-0.626032
0.660427
1.06626
0.566825
0.0308328
0.144213
0.254638
0.41082
0.56267
0.221003
0.720624
0.668369
0.702694
0.833598
-0.0455442
0.486295
0.0557968
0.437495
0.289956
-0.59046
0.646404
0.718929
0.676847
0.417563
0.471426
0.391534
0.353115
0.331972
0.0777744
0.462548
-0.0964341
0.595495
0.273945
0.303365
0.698607
0.601579
-0.632226
0.434548
0.634292
-0.463679
0.292735
0.227338
0.725205
-0.176834
0.566056
0.509137
0.346356
-1.09154
0.270208
0.767161
0.521059
0.265825
0.59505
0.24959
-0.370081
0.320323
0.451384
0.517687
0.357623
0.0701733
0.68599
0.432042
0.450366
0.282425
-0.430765
0.60184
0.648086
1.06021
0.579402
0.153857
0.377592
0.182202
0.446713
0.411555
0.369825
0.623176
0.44213
0.408916
0.82509
0.609962
-0.380129
0.740746
-0.191645
-0.155943
-0.0792791
0.277322
0.438576
0.856321
-0.550431
0.39787
0.331097
0.608452
0.520177
-0.0464387
0.689827
-0.0139275
0.654164
0.297713
0.713707
0.601299
0.655357
0.848341
0.756962
0.814216
0.521766
0.803954
0.312399
0.110485
0.104776
0.330414
0.805637
0.326615
0.0343064
-0.0214785
0.414422
0.160164
0.342081
-0.5503
0.65286
0.607526
0.23287
0.594044
0.117672
0.280099
0.673681
0.0882459
-0.722448
0.696821
0.276823
0.116591
0.612983
-0.34196
0.139224
0.472885
0.442187
0.355159
0.620898
0.274878
0.653388
0.493977
-0.169553
0.685945
0.696776
0.706571
0.234861
0.0737065
-0.178025
0.357021
0.615884
-0.0853205
0.550053
0.24264
0.00111542
-0.503827
0.249684
0.82492
-0.392378
0.495347
0.693537
0.593611
0.619487
0.87523
0.54311
0.535858
0.886253
0.66017
0.387561
-0.295798
-0.429206
0.26511
0.34717
0.448388
0.282119
0.447591
0.390664
-0.0123781
0.432878
0.0905232
-0.22888
0.850312
0.335457
-0.271507
0.752306
0.424591
0.820924
0.200649
0.391617
0.555491
0.0355918
0.607311
-0.0549029
0.529125
0.927615
0.13635
0.585148
0.624826
-1.19006
0.729382
0.155237
0.882974
0.556827
-0.127191
0.836382
0.722235
-0.304713
0.0809401
0.500912
0.273231
0.940729
0.325236
0.748015
-0.281618
0.315538
0.87288
0.66585
0.674869
0.682949
-0.0723781
0.766524
0.510993
-0.00284629
0.491001
0.619649
-1.18352
0.474115
0.57367
0.961873
0.221686
0.574186
-0.449511
-0.868072
0.368751
0.211785
0.934666
0.280152
-0.0604512
0.310021
-0.431203
0.352996
0.42785
0.552978
0.30571
0.970216
0.103538
0.682389
0.830398
0.323415
0.307956
0.733296
0.481004
0.479253
0.575363
0.424221
0.479954
0.677904
0.25233
0.468793
0.287853
1.06721
0.689835
-0.3382
0.555125
-1.66588
0.636626
0.35536
0.568409
0.349804
0.805024
0.678603
0.446744
0.9175
0.643232
0.828491
0.827684
0.801239
-0.0717296
0.135911
1.10951
0.300884
0.505685
0.726583
0.284153
0.692875
0.684762
0.14585
0.343959
0.55484
0.120189
0.352309
0.429371
0.348992
0.832024
-0.177018
0.518865
-0.297029
0.555996
0.198891
0.196124
0.0797663
-0.0573788
0.553076
0.64299
-0.111103
0.863188
0.0572398
0.37336
0.586286
0.866035
0.120095
0.576487
0.254926
0.647489
0.190715
0.757241
0.761118
0.663996
0.5745
0.47929
0.443897
0.73612
0.577151
0.567157
0.268397
1.20746
0.920607
0.76098
0.016286
0.477461
0.354252
0.562453
0.876601
0.286856
0.688821
0.781261
0.348667
0.825445
0.558487
-0.312404
0.216595
0.532863
0.525783
0.671796
0.335696
0.68742
0.187394
0.241883
0.662248
-0.0471309
0.66766
0.378765
0.418269
0.608497
0.335231
0.0878014
0.706902
0.435239
0.379428
0.357202
0.251386
0.142155
0.0514328
0.205906
0.184323
0.598995
0.583365
0.820773
0.315067
0.54169
0.442531
0.53783
-0.12299
0.798849
0.91693
-0.245775
0.0550295
0.424132
0.501282
0.818652
0.599307
0.469267
0.856963
0.126059
-0.274127
0.515024
-0.274521
0.304105
0.880689
-1.16096
0.518399
0.713762
0.603611
-0.714246
-0.187179
0.212922
-0.651333
0.889221
0.593835
0.464402
0.602501
0.394633
0.208555
0.356533
0.103275
0.555337
0.559011
0.203599
0.216971
0.55765
0.514094
0.358934
0.651485
0.909637
0.489794
-0.415399
0.544786
0.123947
0.832418
0.00717573
0.433246
0.63731
0.0784909
0.337164
-0.678984
-0.277959
0.634116
0.831136
0.921544
0.824071
0.665265
-0.0437026
-0.055056
0.824946
0.163417
0.63669
0.315722
0.313409
0.639691
0.24479
0.00190576
0.519991
0.470794
1.06452
0.847448
0.239066
0.421756
-0.32933
0.171925
-0.833756
-0.257829
0.657944
0.814023
0.50209
0.646272
0.655661
0.506509
0.471987
0.328512
-0.150731
0.094862
0.73205
0.403796
0.713133
0.664545
0.466276
0.641286
0.616143
0.339623
0.804903
-0.223695
-0.743161
0.731329
0.768955
-0.0928591
0.589356
0.368424
0.0457167
0.157703
-0.0522834
0.661705
0.0168452
0.610296
0.430962
0.300044
-0.260494
0.790792
0.689831
0.307734
0.692924
0.890733
0.58428
0.789009
0.697256
0.567087
0.489604
0.0689285
-0.732258
-0.219352
0.19197
0.579976
0.945059
-0.115508
-0.254433
0.901051
-0.195417
0.771778
0.56932
-0.130513
-0.697055
0.200411
-0.336307
0.592852
0.724264
0.577492
0.27234
0.364161
0.70725
0.40791
0.50991
0.632156
0.18564
-0.0346302
0.540739
0.656425
0.0279948
-0.168321
0.586186
-0.120981
0.766526
0.466626
-0.0556112
0.137087
0.498332
-0.00803467
-0.0308607
-0.439556
0.355455
0.288346
0.505973
0.549745
0.647898
-0.216839
0.644781
-0.00727736
0.526254
0.210954
1.00282
0.485539
0.478444
0.474905
0.561135
0.211575
0.460806
0.347982
0.457277
0.991012
0.211577
-0.484284
0.283427
-0.31673
0.0707322
-0.575704
0.370563
0.918169
0.554086
-0.975202
0.195533
0.427512
0.804157
0.405577
0.758292
0.348468
0.321391
0.776944
0.824357
0.927006
0.703894
0.362077
0.735495
0.156121
-0.153697
0.251685
0.595651
0.212613
0.712792
0.121892
0.741565
0.543518
-0.106382
0.278333
0.531351
0.57171
0.386176
0.574428
0.43389
0.933622
0.349002
0.276157
0.166381
0.294626
1.13605
0.661544
0.426076
0.0560503
0.536746
0.186476
0.645512
0.386552
0.718422
0.269839
0.588351
0.384646
-0.0973637
0.751331
0.894477
0.280154
0.266184
0.477874
0.601998
0.726979
0.606323
-0.292918
0.919205
0.847915
0.596102
0.538262
-0.347934
0.450531
-0.199655
0.359028
0.822807
0.413287
-0.0778482
0.152833
0.193219
-0.62646
0.140534
0.441557
-0.184218
-0.0882729
0.554422
0.624614
0.311662
1.18866
0.727975
0.753571
0.634115
0.272291
-0.189306
0.393774
0.359505
1.02144
0.539358
0.645102
0.670583
0.266581
0.614414
0.54492
0.221099
0.822997
0.569658
0.269085
0.232032
0.179583
-0.652038
0.387669
0.207214
0.592964
0.456327
0.531066
-0.612191
0.620098
-0.257848
-0.35729
-0.76271
0.861766
-0.179641
0.0874974
0.464861
0.269522
0.666781
0.653531
0.822427
0.674377
0.279144
0.782908
0.488611
0.645127
0.761633
0.647634
0.404992
0.431855
0.528854
0.782323
0.577225
0.512783
1.03122
0.828715
0.921831
0.237523
-0.0447598
0.63476
0.364906
0.694277
0.385194
0.434319
0.489855
0.237327
0.222103
0.837107
0.595961
0.835915
0.590556
0.460659
0.432854
0.442623
-0.466294
0.8837
0.563509
