0.328426
0.304512
-1.31483
-0.234338
0.549945
-1.08832
-0.469514
0.634905
0.906641
0.470153
0.883129
0.724487
0.548366
0.414888
0.198448
0.124525
-0.301434
0.179902
0.820608
0.520697
0.312126
0.750299
0.342122
0.547948
0.547467
1.0643
0.274355
0.505663
-0.486146
0.426703
0.0101582
0.911176
0.506245
-0.0563947
0.723924
0.208094
0.384781
-0.16916
0.00276822
0.831244
0.389291
0.0899034
0.783315
0.331162
-0.144412
0.194143
0.54723
0.51497
0.402036
1.09764
1.14461
0.538528
-0.0564631
-0.0820908
0.755136
0.214305
0.390845
-0.770974
0.507833
0.618312
0.625955
0.170536
0.720859
0.196177
1.1765
0.857918
0.446361
0.683389
1.35989
0.498417
0.387092
0.230001
0.862508
0.601329
0.580169
1.2104
-0.649257
0.0587037
0.299751
0.397969
0.565877
0.720719
0.398333
-1.26775
0.446501
0.675596
0.251513
0.495801
0.753887
0.233711
0.114359
0.980106
1.18265
0.346101
1.05202
0.776303
0.95266
-0.797813
-1.76844
-0.208392
0.926839
0.968923
0.913617
0.938242
0.570757
0.74807
1.11366
0.747789
0.759607
0.328277
0.365969
0.185403
1.25964
1.28813
0.944515
1.12596
1.00787
1.02266
1.21028
0.842718
0.450989
-0.277028
-0.148682
-0.137825
-1.83907
0.945303
0.901054
-1.07913
0.398803
0.4305
0.449409
1.05376
0.517669
1.18282
0.360719
1.03218
0.293976
0.459148
-2.44123
-0.52218
0.956508
0.346222
0.371203
0.469238
0.85782
-1.18366
0.666222
-0.756308
0.416444
0.589658
-0.0737773
-0.561229
0.801796
1.38256
0.191915
0.0893459
0.861978
0.588027
0.458377
0.515335
-0.260887
0.951719
1.08439
0.755645
-0.240252
0.374041
0.146566
0.725965
0.507933
0.919177
0.938842
0.514267
0.825479
0.446909
0.600718
1.13241
0.948929
0.211101
1.17881
0.265779
0.0984656
0.987154
0.330461
0.989817
0.463109
1.41286
1.15899
1.28793
0.0669209
1.16917
0.0864479
0.583255
-0.486283
0.520504
1.06167
0.165707
-1.13219
-0.169651
-0.0388196
0.654265
0.933612
0.22278
0.680619
0.674831
0.389484
-0.116284
1.09349
0.813456
0.341796
0.363175
0.303566
0.138104
-0.731193
-0.0953856
0.809508
1.07456
0.244543
1.33798
0.979499
0.161255
0.851766
1.30163
0.413792
1.23373
0.592515
0.176134
0.28629
0.539228
0.767306
0.776761
0.514223
-0.688231
0.978124
1.11071
0.730894
-0.140763
0.355767
0.267827
0.143111
0.560276
0.940955
0.0535897
0.231466
0.922536
0.70678
-0.168563
1.14003
1.20569
0.00886147
0.53512
0.950325
-0.461803
1.05747
0.319982
0.857119
0.536123
-0.0370193
0.523028
0.203962
0.959819
0.728201
0.709651
0.92314
0.73171
1.18798
0.794847
1.13675
0.612723
-0.553892
0.252964
-0.160078
-0.521382
1.11213
0.982765
-0.230592
0.494639
-0.327814
0.265191
0.114038
0.474582
0.865485
0.769737
0.48489
-0.786211
-1.65276
0.335881
-0.0869182
1.26655
0.452084
0.54851
0.536655
0.714293
0.671378
1.16432
0.294344
0.911317
-0.102245
-0.0461842
-0.564621
0.654328
1.05177
0.36702
0.443859
0.569393
0.269238
-0.608243
0.387323
0.542479
0.641192
0.934603
0.727487
0.472315
0.692107
1.33618
1.025
0.540483
1.06556
1.15465
-0.154282
1.13101
0.0294327
0.855817
0.699109
0.766817
0.563361
-0.0711324
-0.939513
0.445858
-0.275506
1.33602
1.40095
-0.436888
0.75487
0.467503
0.855151
0.721727
0.69888
0.249171
1.27471
0.725234
0.379433
1.06604
0.998234
1.1448
0.458839
-1.66138
0.739303
0.59445
0.987217
0.81565
0.521641
0.727593
0.510791
0.652357
0.423484
0.761827
0.279475
-0.300023
-0.414792
0.606654
0.643082
-0.22958
0.0753359
0.937622
0.133168
1.20748
0.0274125
0.641603
0.188198
0.521696
-0.399876
0.374257
1.11116
0.854736
0.544894
0.147901
0.994383
1.14854
1.03338
-0.191842
-0.222981
-0.382077
-0.662705
0.90783
0.936462
-0.72247
0.29828
-1.06573
0.26294
1.16919
0.886934
0.41856
0.024757
0.242742
-0.406932
0.712559
0.461455
1.16464
0.520682
-0.483728
0.297347
-0.971668
0.478285
-0.153845
0.815648
0.353521
0.507041
-0.139889
0.997836
1.10289
0.442695
0.986663
0.421926
-0.440073
0.496005
0.183293
0.553762
0.1406
0.459185
-0.608065
0.989242
0.444568
0.796855
1.01102
-1.03115
0.750672
1.10217
0.627379
0.0725338
-0.434854
0.899742
1.05922
1.05507
0.232527
0.947852
1.41357
0.456862
0.104436
0.13311
0.562014
0.6328
1.13552
0.661546
0.580413
0.612701
0.740731
0.267007
0.785898
0.657952
0.213038
1.0267
0.724437
-0.223241
0.323522
1.03626
1.01237
0.381306
0.488587
0.373215
0.388587
1.16299
0.133991
0.433749
0.697999
0.570438
0.143139
0.497887
0.533334
0.976304
0.664384
0.655389
0.32229
1.19888
1.1502
0.775715
-0.495382
0.781448
-0.145562
-1.10179
1.14915
1.02007
0.695681
0.512315
0.628839
0.751748
-1.70225
0.820891
-1.69899
0.876487
1.37208
0.707619
-0.0235523
0.94414
0.615886
0.170293
0.673503
0.874804
0.500626
0.637706
0.870938
-0.291382
0.871432
-0.348852
0.142543
0.932293
0.493656
0.127959
0.909612
0.344778
0.0702789
0.86224
-1.15592
0.141196
0.125672
-0.419454
0.0744786
0.0663784
0.288124
0.780228
0.523928
0.579802
0.661551
0.34115
0.27867
0.922857
0.123767
0.98868
1.12356
-0.287513
-1.18981
0.781753
0.601634
0.816961
1.17531
0.870925
-0.407897
1.03344
-0.0469771
0.453102
0.965951
0.2459
0.998955
0.907464
0.277948
0.404232
0.934217
0.971572
0.944509
0.866388
0.910247
0.470599
-0.618282
0.0245645
1.0531
0.589133
0.62943
0.779382
0.870862
-0.702429
-0.0786126
1.00169
0.932576
0.51142
0.650046
0.359184
1.02259
-0.184386
0.390305
-0.187733
0.84634
0.998624
-0.672033
1.02465
1.14055
0.474018
0.12836
0.820187
-1.59868
-0.091815
-0.117373
1.00034
0.28966
0.396458
1.04706
0.233785
1.19202
0.292758
1.04117
0.123013
0.686135
0.0669811
0.533505
0.0615769
0.647436
1.23245
0.665235
0.595065
0.957673
0.750993
1.03044
-0.000809477
-0.236984
0.325133
0.387531
0.926983
0.74666
0.151483
0.602372
0.715586
1.14255
0.742953
-0.141305
1.04655
-0.123246
0.659593
0.265575
1.15032
0.621976
0.783602
0.691319
0.784284
1.00317
0.678042
0.323359
0.784821
0.458067
0.990008
0.582807
1.12106
0.748196
0.868318
1.1512
1.24912
0.482463
0.643155
0.745108
0.836628
0.761256
0.39619
0.892314
-0.00186202
0.270005
0.689555
0.457574
-1.13301
-1.24376
0.568253
0.44445
0.489964
0.874521
0.979814
0.547844
-1.37946
0.912698
0.767092
0.671608
0.589658
0.790172
0.788656
0.284602
0.669616
1.1661
0.530649
0.542122
0.473
0.790955
0.543474
0.485193
0.501203
-0.43377
0.415187
0.892711
1.02713
0.908109
-1.35728
0.622092
0.794204
1.05371
0.421066
0.0708882
0.0167766
0.570644
0.72518
0.825162
0.652351
-0.179194
0.918312
0.612374
0.342505
0.794782
0.335358
0.45573
0.573567
0.0444407
0.573765
0.167842
0.25459
0.77399
-0.025723
0.696721
0.854998
0.817218
0.62056
1.08956
0.891746
1.06304
0.148819
0.985781
0.633422
0.258667
-0.0249834
0.725203
0.832661
0.538013
0.8869
0.877981
0.202475
0.930731
0.732407
1.13907
0.896563
0.638051
-0.126767
0.550367
0.135856
0.438065
-1.42251
0.478495
-0.0463207
0.402084
1.21294
0.890054
0.612037
0.0855186
0.786684
0.754252
0.203278
0.861319
-0.966695
1.29189
0.58356
0.850169
0.711751
0.0142462
-1.2048
0.850761
1.2586
1.07676
0.61099
-1.4957
0.139813
0.709172
1.13368
0.475016
0.464564
0.754136
-0.225479
-0.0302907
0.984772
0.424971
1.00592
-0.877918
0.798208
0.957629
-0.522425
0.916438
-0.473687
0.36062
-0.646734
0.208087
0.208697
0.521948
0.149627
0.557208
1.38604
0.0358653
0.879775
0.0700101
-0.668664
1.02079
0.873364
0.266807
-1.81928
0.872367
0.856231
-0.462219
0.232767
1.05897
0.0283917
0.474531
-0.102411
0.95844
0.321632
0.796769
0.480516
-0.0218692
-1.52053
0.444738
-0.777612
0.694067
0.855885
-0.928127
-0.170861
0.250336
0.497179
0.815034
0.337375
0.276604
0.99461
-0.367927
0.451579
-0.150852
-0.262828
0.873513
-0.0880015
0.618898
0.465166
1.20701
-0.124511
-0.456912
1.05772
0.868933
1.17413
0.592799
0.525015
0.679027
0.598089
0.201563
0.717008
-0.179489
1.01533
1.0028
0.418663
0.750917
0.286728
1.0591
-1.32049
1.07363
0.789768
0.803285
0.851511
0.903684
0.977903
1.09713
0.957164
0.562907
0.969792
1.13666
-0.0710616
1.02525
-0.376124
0.672544
0.410482
0.761471
0.716278
-1.40812
-0.138789
0.720836
0.168275
-1.52039
0.74218
0.905664
-0.47354
0.516202
0.139013
0.472219
0.867369
0.503044
0.0967723
0.535029
0.165786
0.0245987
0.887497
0.211085
0.00121098
-1.92932
0.369308
0.570709
1.02262
-0.0333253
0.390445
-0.176602
-0.403924
-0.431025
0.252599
1.00018
0.513105
1.04371
0.804414
0.617684
0.704291
0.593788
0.982759
0.509192
0.0526454
0.6765
-0.219039
0.771795
-0.196806
0.542163
0.687707
0.972698
0.611056
-1.0965
0.766279
0.531957
1.10688
0.177254
1.10349
0.796016
0.949405
0.187454
0.328429
0.314143
1.3207
-0.202125
0.0859042
-1.52689
-0.0061031
0.570433
1.08544
0.377573
0.513235
1.17317
0.451398
0.997103
-1.83787
-0.285817
0.13662
0.0574992
1.031
0.866037
0.591641
0.632057
0.48772
0.781682
0.511352
0.997927
0.510932
0.720932
0.0342203
-0.58284
0.878401
0.659714
0.34583
-0.147162
0.783919
0.614383
0.638724
1.25643
0.517788
0.342438
0.460758
-0.0236686
0.949095
0.560241
0.621261
0.348255
0.224521
0.739592
0.418692
0.0435069
0.0174928
0.478543
0.589314
0.535355
0.172318
-1.27816
1.41675
0.568586
0.444717
-0.568612
0.260192
0.384574
1.06385
0.410027
1.09737
0.685195
0.206877
0.125955
0.098509
-0.0821575
-0.560935
0.0743311
-0.722187
0.467457
0.787954
0.775139
1.17411
-0.268877
-0.170113
0.482006
0.919143
0.941869
0.746818
0.530575
0.12543
0.840626
0.247057
1.06248
-0.0919701
0.0183731
0.00211843
1.16965
0.582082
-0.0659051
0.145601
0.500968
0.235444
-1.16394
0.307076
-0.414348
0.741764
-0.0978742
0.689615
0.625099
0.854177
-0.0250503
0.528064
1.27326
0.402636
0.257705
0.525903
0.791512
0.827172
0.939645
0.548741
-0.0468534
0.433703
0.976436
0.034572
0.729741
0.471699
0.672164
0.137434
0.883606
0.660245
0.192673
0.138994
0.412183
1.01658
0.158675
0.939176
-0.692363
0.472762
0.373591
-0.457082
0.308367
0.531955
-1.06054
0.777122
-0.269628
-0.246918
-0.467796
0.196853
0.54725
0.831997
0.708842
0.259727
-0.979799
0.226678
0.192701
0.305733
-0.176858
0.759597
0.519622
-0.0672443
0.369956
0.367427
-0.497147
0.649935
0.0714359
0.96828
1.01214
1.36399
0.181867
0.895979
0.703448
1.13972
-0.0866638
0.515517
0.655469
0.687964
-0.106495
1.04223
-1.02707
0.794745
0.409112
0.715321
0.187641
-0.391725
0.861216
0.139568
0.77317
0.843741
0.55157
0.244687
0.216372
-0.172223
-1.9489
0.263579
1.04106
0.513767
0.421392
0.329439
0.720258
0.274257
0.786585
0.65333
0.794409
0.471078
0.575879
-2.07144
1.15603
0.141217
0.392573
-0.455282
0.702857
0.279512
0.461264
0.648258
-0.510562
0.163345
0.810542
0.527445
0.815678
-0.25964
-1.27091
-0.131022
0.788228
0.514283
0.0515786
0.407609
0.354002
0.713625
-0.348208
0.500058
0.777473
0.504389
0.0794236
0.344321
0.907048
-0.300478
0.690332
0.317323
0.271808
0.852122
0.587607
0.924896
0.838194
-0.0140823
-0.256357
0.401304
0.718855
0.528433
0.835507
0.785008
0.574891
1.00474
0.933122
0.482949
0.653638
1.0616
0.562093
1.04323
0.399397
1.13737
0.993058
0.41188
0.662406
-0.387734
0.354555
0.643672
0.597728
0.0153178
0.47805
0.971938
-0.472368
0.583144
0.947706
0.60242
1.21995
0.805596
0.421434
0.42305
0.797148
-0.0425538
1.02892
0.139502
0.782713
-0.212381
0.917901
0.775038
0.906365
0.834803
0.993771
0.938006
0.121596
0.117147
0.933952
0.447961
0.403346
0.910586
0.528806
0.592981
0.948892
0.598314
0.222449
-0.294164
0.397279
0.600233
0.452497
0.342827
0.355031
0.298899
0.11138
0.26443
0.353594
-0.822238
0.658684
0.546281
0.311261
-0.715861
0.220894
0.865563
1.13076
0.351607
0.973653
0.600914
0.636519
0.832653
0.730428
-0.0571008
-0.55763
0.579173
0.641814
0.419744
0.475345
0.685379
0.354156
0.17571
0.578444
0.831758
0.659038
-0.907807
0.265881
0.0922699
0.973203
0.851296
0.738214
-0.511972
0.459017
0.704241
0.522673
0.12426
0.061797
-0.455425
0.467509
0.166064
0.842701
0.235518
0.817912
-0.294566
0.716366
0.245038
-0.172067
0.293558
0.839632
0.791413
0.460858
0.797889
0.547167
-0.360464
-0.221076
-0.966143
-0.0503431
-0.00136312
0.188263
-0.0284775
-0.418013
-0.193652
0.332893
-0.988052
0.865248
1.26642
0.568248
0.0144995
0.280115
0.292474
0.452192
0.648746
0.146695
0.843971
0.834928
0.872874
0.994046
-0.140769
0.622984
0.118108
0.464771
0.288506
-0.857871
0.747435
0.80638
0.789069
0.535321
0.641271
0.417361
0.420091
0.24981
-0.000219416
0.298021
-0.108882
0.683148
0.225287
0.383871
0.781329
0.786379
-0.940353
0.462574
0.737155
-0.628532
0.257137
0.3167
0.817691
-0.263823
0.722609
0.575811
0.439527
-1.71061
0.276941
0.890931
0.682257
0.275533
0.720484
0.251912
-0.501642
0.299776
0.574154
0.585053
0.365308
0.0986645
0.873239
0.522806
0.448359
0.213024
-0.771089
0.690209
0.780105
1.24922
0.727479
0.235754
0.472156
0.30733
0.467148
0.498701
0.439917
0.779817
0.539389
0.453822
0.984179
0.698287
-0.468187
0.894065
-0.27416
-0.217443
-0.131144
0.273912
0.516267
0.955336
-0.695963
0.442323
0.407671
0.577548
0.580409
-0.170958
0.844764
0.0578651
0.711571
0.429555
0.835641
0.720507
0.809854
1.01987
0.845169
0.988054
0.615735
0.912483
0.392874
0.200595
0.110932
0.392871
0.980293
0.243908
0.0471028
-0.0663967
0.252563
0.161331
0.15367
-0.879865
0.746869
0.791994
0.171802
0.632014
0.0794012
0.273801
0.835735
0.0560961
-1.03506
0.776727
0.19978
0.0292197
0.66692
-0.579654
0.211898
0.595761
0.454359
0.523232
0.710576
0.321458
0.81576
0.568905
-0.342267
0.793472
0.843331
0.907405
0.173242
-0.093447
-0.251188
0.311737
0.74793
-0.168618
0.691061
0.296311
-0.0529719
-0.704199
0.154462
0.969657
-0.598878
0.53792
1.00262
0.666252
0.692242
1.06678
0.646844
0.545375
1.11759
0.654367
0.500937
-0.581244
-0.675037
0.28969
0.318313
0.518536
0.357321
0.536674
0.514993
-0.106836
0.581044
-0.0181272
-0.424192
0.972484
0.422729
-0.440275
0.888155
0.43241
0.897397
0.243021
0.369834
0.581796
0.065016
0.629836
-0.0774301
0.659342
1.15729
0.0163866
0.519437
0.767218
-1.66145
0.836103
0.113461
1.0216
0.729479
-0.337544
0.925965
0.901827
-0.509032
0.041936
0.539884
0.381457
1.08232
0.307336
0.929256
-0.432953
0.440573
1.04716
0.799988
0.761989
0.77156
-0.0649883
0.941056
0.567409
-0.0498857
0.560785
0.743198
-1.76394
0.550204
0.684478
1.16918
0.48445
0.742246
-0.823916
-1.2076
0.347923
0.324118
1.10343
0.267254
-0.018125
0.439828
-0.500137
0.406303
0.424168
0.745014
0.503485
1.15667
0.0440479
0.691503
0.967075
0.288182
0.236076
0.858922
0.629306
0.577027
0.665538
0.499311
0.611609
0.822949
0.334588
0.434654
0.264917
1.20302
0.907278
-0.512575
0.753014
-2.46689
0.666389
0.356119
0.766013
0.413463
0.824921
0.718432
0.615187
1.0666
0.794628
0.923063
0.94287
0.940402
-0.116838
0.0963132
1.29091
0.348417
0.678294
0.857476
0.238373
0.835447
0.804337
0.265179
0.2894
0.678831
0.0842453
0.473075
0.539311
0.474222
1.01372
-0.280935
0.577691
-0.415508
0.72507
0.207105
0.19866
0.136184
-0.10016
0.636516
0.887933
-0.283503
0.948226
-0.134159
0.472958
0.718494
0.967496
0.119854
0.712146
0.239354
0.801092
0.20321
0.870655
0.89408
0.81989
0.621101
0.595876
0.555554
0.793628
0.640879
0.590029
0.289085
1.4071
1.0808
0.975736
0.0455542
0.578013
0.314099
0.633523
1.03854
0.16536
0.882208
0.949523
0.380183
1.00302
0.517476
-0.514648
0.0963872
0.561734
0.590554
0.830146
0.371511
0.871943
0.256672
0.289757
0.73945
-0.0681279
0.853922
0.484168
0.322733
0.626898
0.379296
0.0383708
0.789346
0.586576
0.436483
0.510165
0.382031
0.235897
-0.0799596
0.275459
0.215639
0.695237
0.570657
0.98394
0.529922
0.65508
0.382044
0.640843
-0.215623
0.913943
1.0295
-0.388892
0.0801173
0.472801
0.551673
0.916534
0.679979
0.54932
1.01024
0.018727
-0.362025
0.477139
-0.447111
0.26066
0.974345
-1.75998
0.521169
0.852571
0.585964
-1.10157
-0.149631
0.290554
-0.967327
1.10283
0.742782
0.488989
0.675612
0.384206
0.248844
0.497033
0.16977
0.594357
0.659111
0.336408
0.15282
0.636333
0.627832
0.39441
0.702353
1.07486
0.514117
-0.49476
0.675569
0.22064
0.945224
-0.0627337
0.660926
0.809651
0.194042
0.33583
-0.855475
-0.391052
0.737441
0.997366
1.18641
0.958949
0.78597
-0.12115
-0.07646
0.948002
0.118224
0.817115
0.337755
0.310431
0.812619
0.306071
-0.0677203
0.4759
0.511269
1.26657
1.0493
0.119598
0.485081
-0.521423
0.15059
-1.21174
-0.410106
0.833013
1.06971
0.513038
0.66444
0.695254
0.521371
0.479869
0.2844
-0.300179
0.118821
0.89392
0.455809
0.861182
0.785416
0.563103
0.793883
0.764592
0.225563
0.990467
-0.403048
-1.11277
0.838976
0.956033
-0.162328
0.592375
0.467661
0.0948967
0.192188
-0.00381811
0.782821
0.0147901
0.750663
0.469287
0.323262
-0.51072
0.8937
0.766306
0.345601
0.923034
1.00776
0.760532
0.891249
0.755195
0.618469
0.577254
0.0657028
-1.09349
-0.437986
0.19772
0.741504
1.06738
-0.249302
-0.544653
1.08053
-0.333442
1.03071
0.611362
-0.248379
-0.989523
0.111905
-0.44654
0.536769
0.843016
0.696701
0.313501
0.578146
0.877149
0.462302
0.667492
0.817888
0.205245
-0.236815
0.600261
0.697624
0.032989
-0.352218
0.755511
-0.174559
0.885284
0.641259
0.0892705
0.179301
0.705069
-0.164238
-0.084796
-0.706371
0.473549
0.324708
0.62969
0.579695
0.479676
-0.244724
0.805827
0.0594105
0.736389
0.264279
1.16259
0.502326
0.51234
0.633656
0.619127
0.261926
0.478478
0.457576
0.493009
1.22802
0.267929
-0.634602
0.33467
-0.460739
-0.0299108
-0.752952
0.448685
1.14727
0.64701
-1.42507
0.282953
0.535506
0.884595
0.432784
0.949291
0.361355
0.371254
0.934825
0.985449
1.03875
0.731032
0.4301
0.858563
0.156779
-0.376407
0.180137
0.764155
0.140943
0.893528
0.0886889
0.890458
0.597176
-0.245926
0.285065
0.676788
0.712933
0.52007
0.657671
0.441061
1.08678
0.421442
0.274468
0.0562515
0.417921
1.40848
0.719173
0.494191
0.0569662
0.602111
0.134992
0.723093
0.388291
0.842279
0.256235
0.664805
0.344429
-0.0709576
0.833354
1.07999
0.390112
0.219354
0.580058
0.739789
0.828705
0.766205
-0.442407
0.987666
1.07471
0.673138
0.636489
-0.504024
0.561414
-0.40783
0.404561
0.964971
0.433042
-0.122583
0.156126
0.112113
-0.881469
0.172954
0.578307
-0.36877
-0.196203
0.681143
0.834669
0.40766
1.37865
0.823793
0.850223
0.7985
0.353352
-0.41922
0.475059
0.401559
1.1294
0.638328
0.764753
0.824432
0.386779
0.697714
0.72148
0.169384
0.967543
0.550151
0.293553
0.23999
0.126332
-0.752213
0.363716
0.254208
0.660408
0.496918
0.557192
-0.907158
0.681949
-0.417157
-0.660782
-1.20826
1.02191
-0.243103
0.109246
0.491835
0.201647
0.755304
0.732829
1.03781
0.853031
0.316458
1.02952
0.515548
0.811903
0.858958
0.784573
0.324333
0.559332
0.515322
0.915953
0.630559
0.531269
1.1316
1.02965
1.08639
0.244517
-0.114494
0.730437
0.394746
0.793632
0.328263
0.525433
0.552736
0.25508
0.215172
1.00801
0.630862
0.925685
0.6586
0.456754
0.542011
0.528904
-0.750069
1.01217
0.605837
