4.69266
4.5381
-0.522502
3.39631
5.07222
-0.856997
3.91723
6.37214
5.52549
4.21474
6.53984
5.77674
4.65938
5.05742
4.07092
4.60979
3.6091
5.87138
7.29927
5.79086
4.6771
5.74498
3.42072
5.32093
4.14829
6.21641
5.18695
4.99707
4.011
4.45362
5.25324
6.32854
4.56973
4.34217
4.80284
4.83714
5.11976
2.30215
4.0364
6.19909
5.36724
2.92141
5.70425
3.56281
3.26391
5.1134
4.78089
6.42841
4.665
5.25921
6.68023
4.38716
3.28778
4.18479
6.05665
4.54856
3.83052
4.73963
4.63708
5.38259
5.46752
4.46197
6.96038
4.47613
7.49318
5.89868
4.45456
5.37028
8.62484
5.64196
4.4651
3.93772
5.89543
5.87655
4.23081
8.18135
2.87406
4.69457
4.28925
3.91217
4.29034
5.94382
5.19214
2.27988
4.66057
5.70795
3.49983
4.44921
5.78609
4.72537
4.64846
6.28007
6.97687
5.56015
6.78237
5.66507
5.64863
0.865529
0.388455
4.7616
7.1938
5.96556
5.7892
5.64718
4.93286
6.1264
6.37744
5.19403
6.06685
4.70642
4.9059
4.63483
6.97364
7.15606
5.50188
6.4116
7.59921
6.2952
7.75537
5.94909
4.31556
4.51478
3.26356
3.91884
-7.03513
6.14836
6.68998
2.0063
4.09536
4.53053
4.27484
7.62533
3.89386
6.89959
5.72288
6.98473
2.83054
4.73035
1.99954
4.52344
6.54279
4.68343
5.56419
6.1654
6.00287
1.88851
4.92566
4.48206
3.94506
5.35563
4.61304
2.85719
6.45922
9.19128
3.34289
3.98159
6.96644
5.55584
4.5476
4.31218
4.09999
6.39662
7.37609
6.14197
4.27216
4.84738
4.63205
6.04975
4.98865
6.50774
6.80723
5.75391
6.77209
5.10272
5.36611
7.25563
6.33981
4.25311
7.25064
5.45763
4.99191
5.8825
3.30687
6.98819
5.42555
8.60866
7.44685
7.69145
3.51654
7.35253
4.32822
5.12165
1.8767
5.58358
7.36177
3.58439
-0.220754
3.48369
2.44307
5.58002
6.67072
3.99359
5.78543
5.03858
3.628
3.553
6.32321
6.12094
4.86451
5.2773
4.58033
3.01259
2.80124
5.14461
6.71199
7.21276
4.57895
8.3409
6.53741
5.18167
6.08282
7.96937
2.77853
7.8581
5.58921
5.38375
4.25591
5.53031
5.89136
5.75601
5.45731
4.06922
5.33534
6.84183
4.93029
2.95556
2.83985
5.87079
4.91376
5.40625
6.43328
4.97669
4.57358
7.40886
6.05593
4.42344
7.24871
7.28103
4.36728
4.60069
6.36045
3.51001
6.22151
4.33655
5.72094
6.32829
4.61426
5.40109
3.80684
5.80938
5.18167
4.94276
7.22199
5.92657
7.29121
5.87613
7.33707
4.38105
1.29203
5.53481
1.839
-3.53301
6.88685
6.28545
3.4706
4.93011
-9.79061
5.90001
5.49759
5.39782
6.26539
7.44061
4.77628
2.16408
-2.48295
4.92486
4.98294
7.56108
5.64454
5.38086
4.55076
6.72853
5.05901
7.53778
5.63248
7.175
2.63912
4.82664
1.95564
5.08757
7.24482
5.31956
4.90237
5.84584
4.69319
5.01073
4.90654
4.75976
4.92952
6.3111
5.41114
5.20345
5.5597
7.97917
6.41433
6.01789
7.71366
6.08606
3.50194
7.49423
3.60336
7.08797
6.40728
5.7122
5.70183
3.68515
3.26829
3.60937
3.89016
9.27544
8.18255
4.47447
5.49459
5.62341
6.30662
5.70914
5.51656
4.98704
7.5519
5.24461
4.97422
6.52467
6.17963
7.42179
4.67622
3.53232
4.82523
5.2223
7.03376
5.80687
5.9719
6.28676
6.08751
5.1055
4.79368
5.16935
5.16568
5.46654
5.31565
7.06804
4.58096
5.57027
4.55718
6.8783
5.29779
7.36113
5.5912
5.75913
5.02724
4.08942
3.29782
4.15573
6.78185
6.0815
5.38522
4.30689
7.03604
6.58248
6.56752
4.40549
4.37438
3.20675
2.34369
6.02179
6.28374
1.32565
3.96749
2.52346
4.04902
6.71911
6.64045
5.04898
3.13209
4.49586
3.37199
6.82933
5.28657
7.12634
4.39006
2.31768
5.22084
3.26586
6.2268
3.37168
5.66722
5.08622
5.93861
4.7974
7.11849
8.21201
4.49965
6.9353
3.93475
3.57252
5.34708
4.69753
4.96648
4.24429
5.44494
3.83297
6.18601
4.68387
6.19807
5.97372
2.59366
6.28356
7.02975
5.06808
5.52495
3.96007
7.12441
6.17013
7.54582
4.79641
6.23944
8.73379
5.61445
4.90353
5.12639
5.31587
3.57128
6.81197
4.60316
5.97323
4.98324
5.51365
3.68688
6.18277
4.49152
4.17782
5.29093
5.5745
4.91032
3.74702
6.343
7.11186
4.3746
4.88177
4.9298
4.82528
7.72805
2.32721
5.026
5.30542
4.07058
1.64557
2.90206
5.20772
7.16571
5.74832
6.1735
3.81749
7.67754
7.60534
5.78671
2.80133
6.70561
3.76535
2.21816
7.52994
6.72725
6.49004
6.43602
5.89813
6.24209
-15.8411
6.39081
0.74962
6.42022
9.12654
6.03401
3.06541
6.43489
5.5079
1.96614
5.9508
7.94019
5.12182
6.40203
6.14893
4.4221
5.76166
-0.972495
4.69681
5.89285
6.05291
4.29982
6.44283
3.84588
3.12027
6.06851
2.96455
3.82285
5.57613
2.85062
4.19744
2.72842
4.13819
5.25225
5.56261
5.1174
5.79252
5.33536
4.03551
7.08204
5.60267
6.74764
7.15605
3.31893
1.51017
6.7365
5.85703
5.41915
7.68976
5.82508
3.33423
6.60761
2.63977
5.34297
6.4611
4.17492
6.52878
6.8492
5.30945
5.34169
6.73683
7.25429
6.6528
6.10624
5.35086
5.09624
4.90359
4.84388
6.53031
4.44308
5.51762
5.37998
7.34171
3.32831
4.60515
6.73435
5.885
5.18849
5.44493
5.02175
6.33214
1.74037
5.16038
3.42502
6.25108
7.26659
0.998535
7.13512
7.47389
6.01566
4.10812
5.89053
2.07175
3.20315
4.27581
6.87428
3.49419
4.99368
6.55352
5.75531
7.0707
4.87654
6.69747
5.28166
6.06173
2.60116
5.61774
4.1424
6.54504
7.38181
4.31074
5.97714
5.98805
5.69554
6.70855
4.08806
3.74837
4.86021
4.01662
5.53753
5.27654
4.9811
5.88797
6.96202
7.18757
4.73249
3.71299
6.85249
5.64025
5.84148
5.79045
6.70036
4.8136
6.03278
6.30676
6.43471
6.39236
4.60716
5.37486
7.00824
5.25095
6.14506
5.40983
7.36099
5.24069
6.38622
7.11969
7.26987
5.16015
5.81691
5.62926
5.78078
6.43124
4.15534
6.74927
3.95227
4.17398
6.20558
5.82643
1.94237
1.36783
5.85717
5.64941
5.81135
4.85519
6.29153
5.04507
3.32086
5.73253
6.45452
5.31863
5.45986
6.60623
6.68534
2.94029
6.32976
6.67764
5.01259
6.19534
5.59604
6.2403
5.61856
6.23288
5.34604
1.13006
3.96756
7.20305
5.65377
5.9664
2.10199
5.66442
5.12118
6.3174
3.50329
3.22298
4.24472
5.47409
4.91506
7.14276
6.34611
1.61342
6.01238
7.37465
4.63996
5.41135
3.68992
5.69972
6.03794
5.10264
6.19888
4.44815
5.66483
5.88492
3.27395
6.77577
6.03658
6.9461
5.18076
6.42657
5.33109
7.73493
3.93255
7.33852
5.11347
4.82756
5.77997
5.64904
6.71472
5.70422
6.07294
5.9614
4.46964
7.08241
4.80813
6.72461
6.29109
4.99721
3.77754
4.50341
4.14601
5.79565
1.55306
5.98784
1.44707
4.90292
7.10464
6.48177
5.8287
3.54536
6.10144
6.95151
4.91689
5.20211
2.14962
8.18621
5.77194
6.24668
5.73042
5.09791
2.28766
6.62968
7.51551
7.31881
6.2835
3.06471
4.54936
5.44339
6.93627
5.43856
4.77598
5.90241
4.45124
4.41231
7.14115
5.08295
6.66017
2.76595
5.64969
6.51186
4.48963
5.71742
3.1562
5.22326
1.29851
3.4184
5.85869
4.78231
4.05231
4.86285
7.90127
4.96433
6.10706
3.81684
-0.271428
5.96262
6.16497
4.49978
-1.88369
6.10457
5.81295
3.55366
3.32132
6.88571
4.12654
5.20262
3.67465
6.44345
5.29817
5.28002
5.57635
3.89944
2.43218
5.85919
2.6059
5.58598
6.79562
4.44979
5.00094
4.60809
5.67271
6.59924
4.50613
3.9936
8.09006
3.60811
4.69381
3.05595
1.79452
5.63919
5.94419
5.0524
6.04208
7.06296
4.02979
3.80926
7.06656
6.18204
7.60962
4.99812
4.57792
4.55162
4.50342
4.07966
5.52489
2.556
6.61375
6.26941
5.04373
5.65431
4.18003
7.2502
2.90666
5.79414
5.78756
4.91796
6.41412
5.84674
6.57391
6.75343
5.59707
5.91188
7.05341
8.11325
4.37264
6.18244
2.36244
5.35411
4.31907
6.6268
7.00413
-9.62819
4.68779
6.19597
4.93901
-27.3802
5.57005
6.70919
0.85172
5.06514
4.40002
3.72999
6.21909
5.43063
4.86208
3.62012
3.2492
4.51384
7.35753
5.14872
3.36872
-37.1647
4.92283
3.95417
5.97964
4.25286
4.15109
4.00901
2.4427
3.88929
4.81347
7.15765
4.69183
6.3547
5.48301
5.52799
5.98964
5.28027
6.67122
4.21018
5.39115
4.79923
4.29769
6.53248
3.0165
5.96361
5.20163
6.94407
5.74303
3.75074
6.76601
3.64738
6.23648
4.42533
7.25449
4.43173
5.64357
3.90968
4.82876
4.17632
7.84241
3.63052
2.07137
-1.29836
5.95429
5.08033
7.22117
5.74189
4.81056
7.13998
5.36932
5.68787
3.34785
3.86981
4.16857
3.14058
6.45697
6.34302
5.83196
4.115
5.17648
5.70882
5.5092
6.44132
6.20763
4.41595
5.13584
3.49677
6.41332
4.35302
5.22088
4.24213
5.92883
5.02983
5.88516
8.34069
6.43362
5.21985
6.17078
5.70214
6.01813
5.34511
6.09056
5.43793
5.6167
6.15028
4.59262
5.30726
5.18264
5.77109
5.98863
3.10916
5.31141
2.98177
7.42445
5.23209
5.01584
3.34835
4.31699
6.52908
7.37705
5.11687
7.78135
6.0828
4.8953
2.99708
5.25813
4.32004
2.21089
4.3539
2.53484
5.0811
5.26572
5.98441
6.89664
3.09833
4.03779
5.83722
7.07216
5.948
6.05253
5.10459
4.44398
5.96149
5.52346
6.82738
4.05251
4.9256
2.44578
6.68844
4.72293
5.44469
5.17943
4.35591
5.40344
3.70173
4.82717
4.8441
6.80114
3.92117
5.21394
4.95328
5.27507
3.01549
4.0271
7.96812
5.13011
3.83268
3.49245
5.97997
4.71065
5.56062
3.60429
3.19089
4.10094
6.19087
3.86878
5.25238
5.07697
5.03421
2.92901
5.52976
4.73964
3.41548
3.64299
4.10111
6.52124
4.11346
5.2334
2.22925
4.26804
4.52252
2.95775
4.6692
4.67543
0.837903
4.51902
1.61318
3.79752
-0.00921164
4.6731
4.69292
5.49593
4.78477
3.96485
-0.436102
4.47274
4.53994
4.03053
3.26541
5.07472
5.31607
4.04452
5.3429
2.92901
2.72354
5.80302
4.18679
6.56797
5.69665
6.67106
4.42122
5.79175
4.97406
7.66679
3.70596
4.15183
5.18721
5.50323
4.58842
6.58641
-1.75003
5.53907
4.84246
4.79913
3.70213
3.53324
6.00816
3.20664
6.01341
5.35138
5.24645
4.00137
4.24621
3.24063
0.171122
3.33237
6.09885
4.74984
4.39435
3.76567
6.11203
4.51537
5.23254
5.85399
5.17957
4.2315
4.35882
-32.6832
7.03697
4.01617
5.54587
0.541822
5.87276
4.12889
4.2897
4.53713
4.24665
4.01775
4.82465
5.63808
6.16207
2.73219
2.98012
4.30033
6.64229
5.35284
3.6833
3.55636
4.31558
5.5708
3.11767
5.11638
5.29646
5.2624
4.69556
3.52825
6.48193
3.88125
4.60738
3.33292
4.56439
6.54571
4.07566
5.58005
5.89586
2.48451
4.5225
4.61777
4.69919
4.66874
5.56264
6.53204
4.11065
7.0689
6.28382
4.52502
4.70388
6.73168
4.23803
5.79182
3.24394
5.61344
6.74324
4.13145
5.04154
2.42824
4.19722
5.26214
5.24946
3.93745
5.1127
6.17951
2.21131
4.20827
5.62735
6.41467
6.69702
5.85672
4.25046
2.0732
4.76029
3.95892
6.10561
2.82818
5.96947
3.4182
5.35958
6.12258
6.00959
6.01255
6.62286
6.48418
3.96831
5.10326
6.46613
4.54185
3.58051
5.8435
4.89038
4.33785
6.25998
4.03134
4.70174
1.90997
4.43199
5.8387
5.00625
4.67981
4.66827
3.02196
4.99101
3.21841
3.70143
0.908459
4.3727
3.87407
4.77515
4.76918
4.51729
5.76758
6.65078
3.63097
6.39858
4.28521
5.96977
5.82427
5.02203
2.62179
4.78758
4.62348
4.76865
4.77706
6.04547
4.89689
4.06561
4.28838
3.92749
5.68946
4.24874
1.73794
4.23116
3.7619
5.62319
5.52855
4.62504
3.85481
4.80856
4.65951
4.22371
4.34074
3.47072
3.86624
4.51292
4.5262
5.59807
1.57887
5.38482
2.08708
5.12342
3.28415
2.75391
3.22717
4.89413
6.30754
4.00635
6.4474
4.39249
5.28391
2.51316
1.11987
3.21149
4.22764
4.74092
4.30477
1.83292
3.8367
6.181
2.4289
6.05208
7.40863
4.64995
4.02452
5.37771
4.08642
4.33463
5.30484
2.12099
6.51364
6.00078
5.56358
6.12558
1.90237
4.57176
3.68693
4.55485
4.27583
3.31794
5.03009
5.47962
5.14597
3.65615
5.22883
4.95536
3.84281
3.61523
2.50436
3.27856
4.62636
4.50596
3.84676
6.27343
5.61378
4.6033
3.73683
3.81792
5.19744
2.86709
3.82721
4.98833
6.60362
3.7529
5.04918
5.38394
4.88518
-0.259815
3.75104
5.61228
3.74798
4.26272
5.5242
3.48536
3.50763
3.84037
5.7137
3.93979
4.4358
2.83075
4.68542
5.89811
5.87962
5.42815
2.08426
5.08946
5.72122
7.62756
5.81446
4.04395
3.77612
4.81402
5.00633
3.65706
5.5774
5.03021
4.47277
4.69657
6.38403
4.76494
3.20831
6.06074
3.02987
3.73535
4.03647
3.59087
3.42903
6.89888
3.10154
4.06063
4.25329
5.41729
4.41751
4.3246
5.6902
4.36279
5.30126
4.39395
6.20206
4.78196
4.63832
4.87494
5.27285
6.23406
5.60485
6.44982
5.1245
4.7295
4.45607
4.26672
5.85333
3.98318
4.3149
2.75585
3.57482
3.02276
4.77533
2.94679
5.60812
5.73262
3.46901
5.62206
3.75511
4.90441
4.90473
4.72246
2.66587
4.55235
4.57984
2.71455
6.26219
2.87469
4.68208
5.51568
5.92586
4.68129
4.85941
2.22638
6.16352
3.94588
1.63459
5.3705
5.73584
6.1695
5.00176
4.54039
2.86245
5.04099
5.27475
3.69026
5.11888
5.25932
2.1582
3.3426
3.96446
6.43791
1.33123
4.91992
5.79707
4.13242
6.74703
5.71709
5.53321
4.0526
6.6436
5.36532
4.77292
2.9629
1.95066
4.29664
4.89255
3.08956
4.68188
4.77532
5.29214
3.92234
4.85515
2.6709
4.59383
5.97182
3.96419
3.57249
6.21334
4.91335
5.47154
4.69902
3.66754
6.32934
4.43648
4.12622
3.94111
4.36425
6.46525
3.97499
4.31472
5.30576
-2.09224
5.35578
3.65352
6.56028
5.00435
3.24474
5.66676
5.44728
1.16936
4.62322
4.31919
4.33802
6.39
4.02079
5.37325
3.65287
3.83116
7.26933
4.58779
5.30964
5.08758
3.47817
5.04095
5.39237
3.50699
4.65812
6.20907
0.317525
4.94692
5.31042
6.66362
4.48344
4.72069
2.89513
3.47732
3.98058
4.65328
6.1907
4.99801
2.53945
4.3351
3.72374
6.32777
5.47781
4.44273
3.6959
6.94558
4.5413
5.45643
5.82964
4.76994
3.40606
6.65379
5.35096
5.66045
4.24409
4.15004
5.04654
5.44984
3.57614
4.45363
3.27308
6.758
6.42639
2.45753
5.53694
-8.87049
6.13446
3.68476
4.42292
5.62785
5.89878
3.49393
3.52597
7.08104
6.39365
5.9811
5.42569
4.91731
3.09554
3.691
7.2352
4.14137
5.80832
6.27655
4.52751
5.56298
5.55752
4.29867
4.83997
5.47302
2.43278
3.84485
5.52037
4.78802
6.51329
2.90223
5.11913
2.66943
5.87499
2.19595
5.47806
3.32071
4.44929
4.09326
5.59512
3.71135
5.81964
3.71287
4.84873
4.59966
4.50881
3.80996
3.80323
4.89117
5.60179
3.24537
6.46215
5.99986
5.17048
5.00122
5.16354
4.58086
5.28542
5.48288
2.89592
5.00402
8.20929
6.05957
5.78695
4.46164
5.31653
5.80979
4.30804
6.53778
4.94456
6.02652
6.68648
5.48665
4.61395
3.40988
3.33544
1.97548
4.8361
5.41454
6.07549
4.39322
6.38342
4.20882
4.31412
4.89874
3.26784
5.57447
4.39456
4.53286
5.50293
5.20757
3.15323
5.04153
5.68782
5.0955
6.11277
5.22303
3.49763
1.02032
3.37712
4.07015
6.03337
4.58155
6.4638
4.62253
5.6135
4.51827
5.54053
2.15369
5.60125
6.20204
3.87498
3.07532
5.69222
3.98867
5.80105
4.31677
5.79378
5.43285
3.77528
4.4193
3.92168
2.7104
2.58623
6.25418
1.60604
6.1504
4.54545
5.7607
2.59533
3.7445
4.27497
2.89191
5.98132
5.88638
3.75707
5.87645
4.00707
4.76185
4.50429
4.40808
4.50062
4.48965
2.79036
2.91827
4.39154
5.368
4.651
5.85072
5.75435
3.96676
4.6312
5.1014
4.81619
5.42468
3.56259
5.57805
5.44121
4.562
4.97808
2.27677
3.27197
6.54825
5.80479
7.14782
6.47549
5.38871
2.98859
2.74765
6.32632
4.09119
5.69382
3.69195
4.85173
5.28436
2.60925
4.26117
4.76671
4.60596
7.06931
6.88574
4.15022
4.49529
1.95832
1.68656
1.33738
1.51593
5.30747
6.47789
5.81999
5.35517
4.74075
5.02909
3.90517
4.29226
2.96457
3.02502
4.51166
4.42267
5.43145
5.38194
5.48933
5.16505
5.89888
3.70574
7.14451
2.95672
-12.5263
5.33305
5.15047
4.36104
5.63727
3.41618
4.47257
3.24394
2.77399
5.99796
3.13241
5.36888
4.91218
4.38748
2.09212
5.78373
5.43119
4.90819
5.72319
6.64483
5.08652
6.48395
5.7425
5.22123
4.37904
2.8014
2.38909
3.66912
1.5682
5.96972
6.48948
3.71811
-6.1159
6.87849
4.23362
6.11982
5.5931
4.328
1.98342
2.44494
3.88487
4.66315
5.34815
5.16593
4.0839
4.33518
5.58382
4.7417
5.34877
6.29285
2.8369
3.98653
4.94201
4.93047
4.99053
2.09161
5.47742
4.53268
4.85756
5.35942
5.42377
4.37968
6.13421
3.60777
2.72988
3.74619
4.73335
4.61702
4.36052
4.62255
4.3591
4.07699
5.92486
3.43619
6.38041
2.5421
7.70542
5.58491
5.63073
4.94947
4.47839
2.77266
4.4133
4.58904
4.56729
6.36997
5.23378
3.18404
3.70497
1.04138
3.29994
3.72308
3.28965
7.57988
6.44905
1.31558
3.85691
3.82716
6.40864
3.83975
5.91763
4.87788
5.14576
5.51498
5.92183
6.85647
4.76628
3.53003
5.58698
4.55718
2.23452
4.36006
4.73531
2.35276
6.10845
4.9521
5.84661
4.95241
1.3798
4.32182
5.41293
4.95448
5.39323
5.91012
4.93433
7.09871
5.17502
5.79929
3.95651
4.47398
7.49089
6.30307
5.44298
3.24029
4.67317
3.8349
5.24451
3.66946
4.72575
3.95187
4.38019
4.02036
2.58743
5.64059
6.88462
3.84584
4.63956
3.98058
4.57399
5.21756
5.54066
3.86389
5.7713
7.60632
5.01464
3.85645
4.99002
5.0585
1.62943
4.85106
6.13708
5.16709
3.75252
4.24672
3.97976
1.01181
4.56186
6.17077
2.99435
2.95888
5.43403
4.63766
2.17183
7.86867
5.29236
5.16561
5.89644
3.59222
3.27445
5.42767
4.33687
7.01261
4.55214
6.29282
5.96616
3.85217
5.36686
5.9982
3.90127
6.36013
5.30067
4.21586
5.12474
3.45995
4.69539
6.20847
2.94524
4.89896
4.54586
3.87607
2.2015
5.31379
3.25747
4.26085
2.02514
7.34637
2.90281
4.70496
4.17867
4.79886
6.18435
3.62379
6.33805
4.74179
3.99841
7.23367
4.28914
6.26347
5.16648
6.25806
4.48655
5.47529
4.78718
6.46922
4.54267
6.01228
6.76709
5.9019
6.34783
3.0279
4.00605
5.40654
4.6269
6.06487
4.19015
5.31474
5.50116
3.80343
3.28467
6.12251
5.82331
5.75755
3.6272
4.71702
5.06871
3.94711
0.0211151
5.7856
5.07724
