1.05055
1.0518
1.052
1.05339
1.05403
1.05483
1.05727
1.0573
1.05884
1.05932
1.06205
1.06448
1.0681
1.07262
1.07307
1.08237
1.08311
1.08489
1.08637
1.0904
1.09112
1.09139
1.09406
1.09672
1.09697
1.10173
1.10213
1.10222
1.10307
1.10331
1.10505
1.1056
1.11139
1.11372
1.11454
1.11566
1.12053
1.12119
1.1241
1.1255
1.12646
1.12665
1.12955
1.13199
1.13338
1.13491
1.1387
1.13887
1.1407
1.14176
1.14268
1.14555
1.14616
1.14901
1.15157
1.15517
1.15576
1.1565
1.16024
1.16202
1.1626
1.16738
1.17245
1.17556
1.17896
1.17966
1.1811
1.18254
1.18308
1.18496
1.19
1.19067
1.19374
1.19546
1.19522
1.19783
1.2039
1.20529
1.20728
1.20761
1.21035
1.21099
1.21507
1.21585
1.21647
1.22099
1.22415
1.22656
1.22791
1.23106
1.23075
1.23179
1.23373
1.23461
1.2382
1.23818
1.2395
1.23962
1.2438
1.24527
1.24508
1.24504
1.24696
1.24826
1.25137
1.25418
1.25427
1.25541
1.25776
1.25919
1.26033
1.25981
1.26034
1.26508
1.27132
1.27228
1.27488
1.27749
1.27904
1.28104
1.28243
1.28502
1.28881
1.29304
1.29742
1.29758
1.29848
1.29969
1.29969
1.30075
1.30511
1.30646
1.30855
1.30854
1.31423
1.31421
1.31628
1.31746
1.31908
1.31949
1.3202
1.32137
1.32148
1.32144
1.32756
1.32766
1.32986
1.33056
1.33245
1.33419
1.33413
1.33737
1.33835
1.33798
1.33895
1.34263
1.34405
1.34427
1.34629
1.34755
1.34701
1.34887
1.34967
1.34973
1.35053
1.35103
1.35604
1.35654
1.35702
1.35857
1.3595
1.35984
1.35927
1.36531
1.36564
1.36581
1.36568
1.3681
1.36857
1.3734
1.37506
1.37567
1.37582
1.37702
1.38168
1.38243
1.38226
1.38225
1.38284
1.38433
1.38462
1.3858
1.38579
1.38877
1.38935
1.39383
1.395
1.39572
1.39808
1.39789
1.39724
1.3969
1.39972
1.40509
1.4094
1.40993
1.41107
1.411
1.41439
1.41461
1.41439
1.41507
1.41694
1.41987
1.42039
1.42075
1.42277
1.42297
1.42288
1.42339
1.42977
1.42966
1.43045
1.43245
1.43354
1.44156
1.44067
1.43994
1.44283
1.44314
1.44527
1.44753
1.448
1.44921
1.44982
1.45057
1.45389
1.45539
1.45598
1.45718
1.45838
1.45791
1.45714
1.45638
1.45637
1.45591
1.4556
1.45484
1.45439
1.45844
1.46069
1.46473
1.46576
1.46633
1.46706
1.46703
1.47076
1.47042
1.46978
1.4699
1.47332
1.47613
1.48136
1.48265
1.48244
1.48494
1.48728
1.48676
1.48593
1.48692
1.48836
1.48873
1.49709
1.49956
1.50127
1.50072
1.50093
1.50128
1.50118
1.50259
1.50248
1.50223
1.50138
1.50354
1.50404
1.50409
1.50564
1.50689
1.50768
1.50727
1.50761
1.50961
1.51115
1.51284
1.51287
1.5165
1.51683
1.5176
1.51807
1.5229
1.52411
1.52623
1.52683
1.52834
1.52864
1.52788
1.52818
1.5324
1.5345
1.53508
1.53401
1.5352
1.53609
1.53698
1.53726
1.53754
1.53872
1.5384
1.54154
1.54241
1.54373
1.5431
1.54352
1.54288
1.54285
1.54538
1.54489
1.54516
1.54588
1.54629
1.54535
1.54547
1.54543
1.54615
1.55228
1.55328
1.55248
1.55665
1.56036
1.56195
1.56324
1.56301
1.56354
1.56257
1.5631
1.56363
1.56416
1.56635
1.56883
1.56845
1.56897
1.56994
1.56971
1.56872
1.57014
1.57382
1.57343
1.57274
1.57204
1.5709
1.57036
1.57012
1.57079
1.57101
1.57317
1.57836
1.58006
1.57936
1.57865
1.5793
1.5813
1.5809
1.58049
1.57993
1.57937
1.57942
1.57962
1.58042
1.57986
1.57945
1.5792
1.58256
1.58275
1.58294
1.58313
1.58271
1.58652
1.5858
1.58794
1.59038
1.58995
1.58968
1.58926
1.58838
1.58841
1.58768
1.59208
1.5924
1.59288
1.59726
1.59803
1.60015
1.60076
1.60377
1.60437
1.60362
1.60618
1.60632
1.60646
1.60525
1.60751
1.6081
1.60854
1.60973
1.60897
1.60986
1.61014
1.60923
1.60997
1.61116
1.61431
1.61865
1.62088
1.62085
1.62021
1.61912
1.61818
1.61981
1.62641
1.62786
1.62736
1.62611
1.62621
1.62978
1.63018
1.63133
1.63037
1.62972
1.63373
1.63503
1.63722
1.63896
1.63784
1.63927
1.6401
1.63958
1.63905
1.63853
1.64178
1.64185
1.64298
1.6429
1.64312
1.6444
1.64341
1.64423
1.64505
1.64452
1.64414
1.64405
1.64578
1.64524
1.64606
1.64628
1.64665
1.64596
1.64723
1.64654
1.64555
1.64877
1.64747
1.64648
1.64534
1.64631
1.64773
1.64855
1.64936
1.64927
1.64902
1.64908
1.65019
1.6504
1.65091
1.65171
1.65102
1.65152
1.65203
1.6563
1.65574
1.65579
1.65508
1.65437
1.65713
1.66229
1.66157
1.66025
1.66074
1.66108
1.66156
1.66989
1.67006
1.66977
1.66949
1.67297
1.67223
1.67104
1.67256
1.67167
1.67213
1.67109
1.67171
1.67187
1.67264
1.67431
1.67416
1.67598
1.67508
1.67584
1.67585
1.67555
1.67707
1.67646
1.67557
1.67512
1.67422
1.67408
1.6756
1.68133
1.68178
1.68388
1.68719
1.68808
1.68836
1.6894
1.68877
1.6883
1.68798
1.68796
1.68703
1.68641
1.6864
1.68548
1.68441
1.68425
1.6853
1.68573
1.68873
1.68856
1.68839
1.68807
1.68881
1.69015
1.69238
1.69417
1.69323
1.6926
1.69303
1.6927
1.69252
1.69475
1.69457
1.69408
1.6933
1.69252
1.69113
1.69231
1.69243
1.6918
1.69193
1.69175
1.69384
1.69516
1.69377
1.6954
1.69597
1.69519
1.6947
1.69376
1.69328
1.69235
1.69413
1.70164
1.70219
1.70396
1.7039
1.70386
1.70697
1.70887
1.70761
1.70649
1.70614
1.70593
1.70542
1.70447
1.70411
1.70617
1.70612
1.70892
1.71097
1.70971
1.70995
1.71561
1.71719
1.71712
1.71689
1.71546
1.71523
1.7141
1.71433
1.71698
1.71931
1.71848
1.71719
1.71682
1.72413
1.72314
1.7241
1.72537
1.72407
1.72352
1.72404
1.7238
1.72355
1.72286
1.72353
1.72434
1.72606
1.72596
1.72572
1.72488
1.72448
1.72771
1.7267
1.7257
1.72591
1.72536
1.72572
1.72518
1.72478
1.72514
1.72445
1.7239
1.72261
1.72313
1.72213
1.72566
1.72723
1.72683
1.72583
1.72468
1.72745
1.7355
1.7381
1.73738
1.73787
1.7382
1.73703
1.73616
1.73544
1.73442
1.73326
1.73209
1.73425
1.73399
1.73478
1.73542
1.73426
1.73535
1.73479
1.73422
1.73442
1.73415
1.73269
1.73695
1.73608
1.73642
1.73555
1.73589
1.73487
1.73355
1.73314
1.73334
1.73444
1.73643
1.73647
1.73605
1.73775
1.73974
1.73947
1.74357
1.74329
1.74422
1.74424
1.74335
1.74352
1.74249
1.74206
1.74315
1.74181
1.74123
1.74669
1.7464
1.74612
1.749
1.7484
1.74886
1.74827
1.74753
1.75026
1.75283
1.75268
1.75238
1.75254
1.75118
1.7542
1.7539
1.7527
1.75225
1.75135
1.75196
1.75091
1.75212
1.75182
1.75364
1.75319
1.75304
1.75515
1.75725
1.75906
1.75754
1.75634
1.75482
1.75603
1.75466
1.75512
1.75602
1.75526
1.75647
1.75797
1.75781
1.75765
1.75704
1.75674
1.75522
1.75417
1.75281
1.75387
1.75312
1.75327
1.75327
1.75358
1.75298
1.75313
1.75404
1.75344
1.75646
1.7551
1.75464
1.7557
1.75871
1.75901
1.75794
1.75763
1.75869
1.76033
1.75882
1.7582
1.76136
1.76075
1.76103
1.76117
1.76161
1.76371
1.76249
1.76368
1.76336
1.76228
1.76106
1.76105
1.76058
1.75921
1.75996
1.75859
1.75783
1.75918
1.77063
1.77075
1.77041
1.76963
1.76839
1.76761
1.76683
1.76545
1.76437
1.76556
1.76599
1.76612
1.76624
1.76803
1.7671
1.76798
1.76825
1.77003
1.77498
1.77419
1.77581
1.77501
1.77632
1.77945
1.77819
1.77845
1.77749
1.77624
1.77514
1.77691
1.77657
1.77667
1.77738
1.77658
1.77834
1.78116
1.78126
1.78377
1.78507
1.78501
1.78555
1.78428
1.78498
1.78431
1.78319
1.78208
1.78595
1.78453
1.78447
1.7832
1.78179
1.78249
1.78228
1.78117
1.78127
1.78046
1.77905
1.7787
1.77805
1.7774
1.77645
1.77535
1.77395
1.77391
1.77418
1.77278
1.77289
1.77466
1.77628
1.77971
1.77935
1.7787
1.77775
1.7783
1.78143
1.78333
1.78221
1.78171
1.78256
1.78386
1.7841
1.78314
1.78218
1.78152
1.78071
1.77976
1.78001
1.78086
1.7879
1.78662
1.7852
1.78378
1.78282
1.78352
1.78392
1.7917
1.79223
1.7908
1.78937
1.789
1.78893
1.79234
1.79105
1.79023
1.79031
1.78948
1.79198
1.7919
1.79077
1.791
1.79259
1.79326
1.79379
1.79341
1.79227
1.79084
1.79047
1.79084
1.79409
1.7928
1.79242
1.79325
1.79197
1.79175
1.79152
1.79024
1.78972
1.79296
1.79364
1.79643
1.79589
1.79521
1.79528
1.79384
1.79301
1.79309
1.79195
1.79142
1.7927
1.79579
1.79541
1.79503
1.79721
1.79667
1.79538
1.79575
1.79431
1.79408
1.79355
1.79197
1.79099
1.79106
1.79069
1.79047
1.79447
1.79378
1.79431
1.79529
1.79475
1.79346
1.79399
1.79376
1.79414
1.79285
1.80273
1.80233
1.80434
1.80379
1.804
1.80315
1.80154
1.8031
1.80225
1.80141
1.80192
1.80092
1.79992
1.79907
1.79778
1.79814
1.797
1.79647
1.79638
1.796
1.79591
1.79628
1.7959
1.79521
1.79604
1.79761
1.79873
1.80016
1.80218
1.80284
1.80214
1.80159
1.80089
1.79974
1.7986
1.80424
1.80505
1.80932
1.80785
1.8079
1.80915
1.80799
1.80954
1.80883
1.80766
1.8068
1.8073
1.80735
1.80619
1.80668
1.80537
