2.39233
2.27169
-8.23448
1.20867
2.62807
-8.84462
1.42759
3.35536
3.06401
2.27962
3.5162
3.10167
2.38015
2.65782
1.9007
2.27258
1.43649
2.87366
3.69721
2.95644
2.34427
3.0485
1.71849
2.78872
2.26708
3.47188
2.4946
2.57786
1.45388
2.28912
2.45539
3.56235
2.33862
1.99943
2.53206
2.47574
2.55872
0.870285
1.92024
3.31321
2.77089
1.30129
2.90525
1.4041
1.25274
2.34392
2.46624
3.29524
2.3696
3.17764
3.71616
2.1834
1.3052
1.72619
3.17813
2.23614
1.86082
1.88379
2.38317
2.80487
2.84933
2.20217
3.62854
2.13065
4.23076
3.23005
2.15751
2.90461
4.82487
2.85861
2.21725
1.87213
3.23952
3.10036
2.24818
4.52005
0.475125
2.14879
2.05456
2.05474
2.15085
3.10194
2.54401
-0.405277
2.37184
3.04045
1.78826
2.39623
3.07127
2.27406
2.31383
3.54332
3.84659
2.87229
3.71763
3.04921
3.09526
-2.55696
-6.69081
2.07822
3.93993
3.3588
3.10715
3.16208
2.53812
3.24472
3.62043
2.75898
3.19194
2.33521
2.29987
2.09357
4.09119
4.09078
3.02547
3.67648
4.09606
3.58088
4.38211
3.23027
2.21228
2.03272
1.23566
1.70367
-12.8696
3.49486
3.5233
-0.657627
2.17442
2.254
2.33127
4.15275
1.9916
3.91881
2.89804
3.81801
1.3471
2.48673
-4.64037
1.64223
3.52726
2.37916
2.83003
3.14072
3.33694
-0.977465
2.6349
1.52872
1.87575
2.74777
1.92593
0.863685
3.38093
5.05587
1.43372
1.72453
3.74364
2.86671
2.3417
2.26873
1.73562
3.45864
4.12999
3.3197
1.8368
2.44818
2.07179
3.18654
2.67448
3.58764
3.62015
2.75056
3.63067
2.58995
2.74609
4.0622
3.53184
2.03964
4.08222
2.63034
2.3202
3.27378
1.62001
3.81931
2.72045
4.85371
4.17907
4.33452
1.45674
4.05281
1.89993
2.56746
-0.377115
2.95571
4.0012
1.50456
-6.84007
1.04732
0.524876
2.8676
3.58512
1.9866
3.03189
2.72847
1.92463
1.54932
3.55752
3.30513
2.41655
2.69841
2.18516
1.54629
0.352685
2.50177
3.60261
3.98466
2.26406
4.6143
3.48969
2.41345
3.3115
4.44837
1.33277
4.34476
2.87663
2.55981
1.9435
2.86236
3.12521
3.04772
2.71508
1.42906
3.0233
3.81468
2.81948
1.03202
1.44309
2.75545
2.34929
2.74177
3.41698
2.26247
2.21264
3.97292
3.32334
1.84788
3.95824
4.03562
1.92895
2.26802
3.39396
1.18224
3.5076
2.118
3.25316
3.29096
2.07611
2.80776
1.82801
3.28642
2.79709
2.64337
3.96287
3.29893
4.07985
3.20856
4.13171
2.20928
-2.78917
2.79237
0.292629
-5.14198
3.8325
3.53868
1.21226
2.54393
-8.29391
2.92014
2.62617
2.82802
3.4147
3.99325
2.40275
-0.283872
-8.07835
2.43103
2.34164
4.28444
2.90486
2.66517
2.34646
3.49296
2.71144
4.27065
2.75641
3.88119
0.438629
2.21331
-0.125152
2.77655
3.92628
2.59642
2.46102
2.98193
2.29083
2.07279
2.36442
2.38671
2.65931
3.47855
2.89777
2.5825
2.91202
4.45213
3.57762
3.13545
4.1726
3.49379
1.27569
4.19748
1.53947
3.78502
3.31713
3.15413
2.90699
1.45181
0.278427
1.92245
1.63919
5.11129
4.64611
1.7891
3.07213
2.89076
3.45752
2.80796
3.03097
2.53349
4.31499
2.89858
2.50654
3.65594
3.33073
4.06892
2.30876
-0.0432299
2.62495
2.58572
3.89924
3.1418
2.96426
3.34658
3.03113
2.68807
2.38882
2.79962
2.44974
2.58432
2.31696
3.58359
2.49865
2.49892
2.10674
3.76786
2.50739
4.11726
2.62247
2.9577
2.37227
2.03254
1.06293
2.08301
3.77095
3.33826
2.73589
1.90544
3.83551
3.71959
3.61914
1.95866
1.88804
0.940459
0.115901
3.31908
3.46049
-1.29661
1.91467
-0.0444822
2.13155
3.83998
3.55733
2.53291
1.30541
2.17047
1.10672
3.64736
2.6109
3.96052
2.22275
0.496404
2.53559
0.718215
3.2033
1.3515
2.98283
2.5183
3.08129
2.0661
3.97277
4.44559
2.33737
3.77157
1.88311
1.39064
2.68144
2.35038
2.59154
2.08555
2.65811
1.37456
3.47394
2.32351
3.2572
3.34573
-0.533739
3.31402
3.9379
2.70771
2.56493
1.51233
3.85475
3.5398
4.15286
2.25168
3.28997
5.00392
2.89454
2.25722
2.48447
2.82877
1.91167
3.94548
2.41478
3.08736
2.65878
2.98685
1.78394
3.32273
2.35352
1.92383
3.14202
3.01943
2.17639
1.95041
3.52544
3.81232
2.1388
2.43576
2.43989
2.2715
4.2686
0.953258
2.57142
2.80106
2.11141
0.495495
1.3523
2.715
3.84785
2.89644
3.30348
1.83784
4.3309
4.17972
3.06812
0.670065
3.65014
1.67876
-0.731798
4.1836
3.7484
3.29331
3.33211
3.16872
3.40726
-17.2638
3.47991
-6.72534
3.34439
5.07675
3.15657
1.26221
3.49798
2.96922
0.921636
3.22895
4.22263
2.69092
3.44349
3.31174
1.69388
3.22373
-5.00773
2.2713
3.2861
3.12572
1.88339
3.4782
1.91756
1.15769
3.34094
-0.0103807
1.83437
2.6167
0.664366
1.90992
0.746593
2.0333
2.93668
2.83057
2.56565
3.1147
2.7561
1.88894
3.8272
2.60517
3.69182
3.83432
1.28918
-2.07443
3.50532
3.12709
2.95012
4.31477
3.39905
1.22814
3.63255
0.503521
2.70487
3.55949
1.92723
3.51879
3.64943
2.61503
2.55009
3.61965
3.90469
3.66988
3.26495
2.88254
2.55996
1.88534
2.24343
3.54373
2.37496
2.94191
2.92908
3.86254
0.826192
2.099
3.73405
3.23416
2.58755
2.78988
2.52338
3.58455
0.230018
2.55657
1.10362
3.33904
3.97642
-3.5307
3.86997
4.13993
2.99615
1.78458
3.13426
-1.25692
1.21501
1.81382
3.74112
1.7066
2.56857
3.65756
2.82499
4.02554
2.49804
3.73298
2.53094
3.17624
0.768138
2.84079
1.78072
3.47065
4.20271
2.32624
3.08695
3.3605
3.05946
3.61756
1.7169
1.35146
2.3106
2.0456
3.0852
2.83006
2.238
3.07038
3.71386
3.99598
2.56646
1.28786
3.76543
2.54225
3.10356
2.78406
3.81181
2.3769
3.28939
3.34267
3.31914
3.4855
2.47956
2.65057
3.64776
2.78498
3.36253
2.88671
4.0305
2.7742
3.48337
3.9959
4.06218
2.68864
3.07567
3.05601
3.17448
3.33311
2.1139
3.65206
1.67576
2.07259
3.33799
2.89916
-1.34319
-2.87454
2.9263
2.92208
3.06716
2.79069
3.45714
2.72978
0.654478
3.25626
3.42669
2.90831
2.7801
3.53343
3.56617
1.22123
3.26791
3.86157
2.58179
3.16782
2.78945
3.34405
2.89899
3.18903
2.81561
-1.08391
1.93569
3.96214
3.23205
3.28435
-1.80308
3.01431
2.77876
3.52167
1.71537
1.41376
1.92306
2.81542
2.52444
3.78636
3.24517
-0.0143365
3.29029
3.87507
2.27145
2.94339
1.87452
2.88915
3.20109
2.45381
3.13886
2.01124
2.82852
3.13092
1.38011
3.56898
3.33507
3.69875
2.70287
3.67111
2.90419
4.22366
1.86574
3.9777
2.77224
2.49238
2.7566
3.15871
3.57166
2.91844
3.31132
3.28903
2.10603
3.81775
2.60337
3.82834
3.47006
2.5798
1.42501
2.24963
1.92662
2.89049
-3.06643
3.01765
0.69078
2.44664
4.00105
3.53421
2.98226
1.59133
3.35607
3.72446
2.31547
2.89968
-0.546614
4.48329
2.92447
3.42683
3.11032
2.44403
-0.498774
3.57526
4.26281
4.01772
3.23977
0.0472381
2.20083
2.93663
3.92788
2.74856
2.40935
3.12133
1.86592
1.96744
3.88588
2.36871
3.70138
0.371707
3.13339
3.65424
1.80358
3.07193
1.05505
2.61744
-1.65589
1.63037
2.82103
2.34308
1.78571
2.45685
4.54818
2.24673
3.30583
1.74146
-5.98967
3.30332
3.36165
2.23425
-12.2419
3.31386
3.16746
1.1498
1.43508
3.81453
1.75688
2.63764
1.52957
3.63637
2.5177
2.92236
2.85155
1.512
-0.922534
3.0031
0.0809088
2.82991
3.5917
1.60222
2.21331
2.20612
2.87149
3.41437
2.15422
2.11074
4.36455
1.22297
2.38424
0.940555
0.156324
3.08733
2.87068
2.78493
3.0633
4.00913
1.77873
1.41667
3.73717
3.32067
4.25108
2.6383
2.17562
2.2989
2.3499
1.69969
2.9616
0.588586
3.68209
3.41236
2.62041
3.01147
2.03625
3.93936
0.0451219
3.25722
3.15926
2.62519
3.47817
3.2673
3.60596
3.78019
3.17516
2.91099
3.74099
4.39505
2.12266
3.42356
0.191545
2.9073
2.06175
3.56131
3.69918
-12.159
2.06076
3.23578
2.40816
-16.0215
3.04409
3.63925
-0.973736
2.59471
2.03886
1.92881
3.37669
2.68458
2.1145
1.99172
1.2767
1.91818
3.94009
2.55964
1.35524
-19.2474
2.37557
2.11014
3.38166
2.04418
2.12249
1.7536
0.434504
1.45201
2.17843
3.94946
2.48413
3.56115
3.04696
2.83578
3.10753
2.8125
3.59469
2.20531
2.50086
2.48619
1.79884
3.50989
1.21315
3.02466
2.88883
3.78721
3.0352
0.783476
3.53985
1.83975
3.5802
2.09786
4.00007
2.46078
3.1944
1.90238
2.41595
1.97675
4.38914
1.28267
0.788066
-9.96529
2.8151
2.63436
3.98211
3.00029
2.43811
3.98241
2.65026
3.1438
0.0365933
1.44334
1.95567
1.33244
3.55952
3.39448
3.03662
2.18982
2.67344
3.01088
2.71746
3.54874
3.16481
2.49794
2.29038
0.886228
3.58388
2.41429
2.57575
1.69645
3.29378
2.65532
3.14365
4.60199
3.21603
2.65191
3.18935
2.77283
3.36636
2.82983
3.18152
2.81128
2.79198
3.3221
2.38791
2.57901
2.44351
2.9126
3.10957
1.59222
2.59358
0.167583
4.32534
2.66306
2.60207
1.15804
1.98041
3.33028
4.04983
2.53923
4.22021
3.18488
2.3958
1.06148
2.50564
1.91914
0.284944
2.08224
-0.0471819
2.6188
2.89635
3.14161
3.86705
1.19136
1.60677
2.89422
3.83697
3.32465
3.07176
2.61407
2.00545
3.26669
2.65093
3.78484
1.67663
2.32881
0.673571
3.80377
2.45704
2.61805
2.45871
2.32536
2.76806
1.13866
2.36978
2.08844
3.6867
1.82506
2.91531
2.63723
2.92672
1.18041
2.20139
4.39645
2.5803
1.88095
1.718
3.29285
2.72186
3.04925
1.99747
1.20048
2.26817
3.37939
1.75917
2.91367
2.64195
2.64388
1.43577
3.12
2.49413
1.64448
1.46894
2.01122
3.62595
1.81761
2.97521
0.00983417
2.19443
2.31928
1.04211
2.34708
2.34676
-4.48324
2.56876
0.0414001
1.65221
-2.36757
2.29703
2.47462
3.15528
2.55337
1.86659
-5.89962
2.13962
2.16744
1.91966
1.30314
2.81388
2.74382
1.85493
2.71534
1.40921
0.691917
3.17517
1.7629
3.64652
3.12824
3.92856
2.15877
3.25114
2.65362
4.17451
1.42215
2.13187
2.81875
2.99292
2.08991
3.67367
-7.51
3.0632
2.3612
2.63548
1.76295
1.17588
3.33783
1.54125
3.30344
2.91764
2.78135
1.91454
2.06901
1.17572
-7.75555
1.58619
3.47733
2.54633
2.18016
1.76705
3.23759
2.13813
2.86317
3.06209
2.90322
2.08262
2.26937
-18.7429
3.95645
1.74004
2.86568
-1.18944
3.1289
2.01254
2.26073
2.50212
1.78565
1.75639
2.62514
2.97404
3.28018
0.964505
0.190183
1.82266
3.48089
2.7502
1.65356
1.92955
2.21578
3.02277
1.11985
2.66452
2.90931
2.63712
2.12369
1.66598
3.60361
1.45729
2.37098
1.64165
2.21092
3.53126
2.06603
3.13072
3.24281
0.965944
1.67321
2.3169
2.58852
2.44133
2.97476
3.48176
2.2516
3.8296
3.53075
2.32523
2.52619
3.78653
2.22415
3.2983
1.5688
3.13764
3.67629
2.07324
2.60423
0.717491
2.03912
2.78797
2.74853
1.70592
2.56721
3.39639
-0.0489337
2.20219
3.19978
3.37251
3.8747
3.15276
2.05157
0.880215
2.63155
1.76199
3.42798
1.37384
3.22898
1.27738
3.02533
3.28485
3.27515
3.18475
3.72842
3.55686
1.8677
2.35768
3.66894
2.2812
1.77713
3.24112
2.46043
2.35358
3.5102
2.0372
2.31347
-0.149103
2.10874
2.92877
2.52923
2.3241
2.40892
1.40327
2.44608
1.48286
1.76079
-2.94606
2.4579
2.09312
2.31229
1.97159
2.17903
3.09534
3.81006
1.84796
3.50348
2.31402
3.15118
3.19744
2.73461
0.645768
1.82871
2.46665
2.53467
2.4081
3.08827
2.57694
2.06688
1.95751
2.07198
3.11182
2.24751
-0.914813
2.0552
1.70566
3.13814
2.98363
2.59473
1.29712
2.43326
2.38707
2.20327
2.05811
1.31951
1.32545
2.36369
2.18558
3.02565
0.400046
2.98487
0.430428
2.7327
1.48571
1.03249
1.41182
2.72072
3.43137
2.01598
3.52337
2.29399
2.29176
0.614545
-2.09152
1.30585
1.82345
2.34207
1.84583
-0.0869128
1.49692
3.08915
-0.147399
3.20963
4.17958
2.40585
1.91685
2.64394
2.10089
2.15606
2.76776
0.831629
3.50111
3.29681
3.15052
3.43895
0.428989
2.51396
1.73046
2.36234
2.14597
0.996648
2.84071
3.06163
2.82638
1.96678
2.7597
2.52061
1.95051
1.5372
0.740939
1.6365
2.02306
2.4257
1.90272
3.28819
2.99764
2.6758
1.09069
1.95231
2.81678
0.691471
1.88407
2.51725
3.55312
1.42218
2.75581
2.87563
2.44715
-6.61869
1.82605
3.14107
1.97346
2.12255
2.92295
1.71711
1.34881
1.96407
2.86342
2.19532
2.14023
1.31599
2.66373
3.02538
2.90972
2.67326
-0.145793
2.68979
3.23495
4.3087
3.01669
1.93393
1.98082
2.43762
2.44376
1.93623
2.87635
2.85481
2.23154
2.46213
3.5773
2.61071
0.835983
3.35841
0.894955
1.52874
1.8248
1.76333
1.75924
3.72052
0.991705
2.01183
2.1029
2.75219
2.35716
2.0571
3.1314
1.96974
2.76707
2.15443
3.27463
2.70021
2.54712
2.82665
2.84458
3.47647
3.02284
3.5095
2.60143
2.36213
2.09311
2.21068
3.32101
1.8717
1.95112
1.07998
1.6852
1.41423
2.24571
0.317691
3.04816
3.0236
1.62447
2.95855
1.51466
2.40484
2.63548
2.12755
0.192921
2.51618
2.22788
1.02993
3.24663
0.748618
2.30225
2.79698
3.07004
2.49655
2.66743
1.04966
3.29788
1.95721
-0.539144
2.93263
3.13047
3.36209
2.51044
2.00761
1.13417
2.51078
2.78599
1.48493
2.85563
2.63851
0.532478
0.898542
1.83703
3.60254
-0.383012
2.68255
3.2255
2.31045
3.59232
3.35625
2.87458
2.15411
3.76939
2.90854
2.49637
0.717841
-0.0870698
2.11127
2.48229
1.6225
2.4064
2.38508
2.65211
1.53646
2.51332
0.924459
2.00512
3.33642
2.02527
0.996969
3.39895
2.63459
3.06922
2.208
1.67505
3.26521
1.95462
2.20227
1.7859
2.28452
3.70009
1.79192
2.3496
2.9154
-10.179
2.90595
1.70428
3.85352
2.77571
1.14321
3.11231
3.02374
-1.71193
1.96013
2.24694
2.2354
3.6312
1.97739
2.98747
1.49073
1.87088
4.0006
2.59107
2.97415
2.84624
1.50116
2.84599
2.84323
1.65413
2.52502
3.30168
-7.41978
2.53193
2.81073
3.83492
2.3784
2.55144
0.243301
0.737575
1.98705
2.37145
3.51942
2.34738
0.864398
2.18943
1.493
3.25187
2.7448
2.41064
1.945
3.9698
1.99281
2.92989
3.33167
2.19206
1.50435
3.47386
2.80993
2.96092
2.31655
2.12194
2.71553
3.07958
1.78554
2.26202
1.57956
3.87538
3.42752
0.625124
2.95863
-14.3815
3.18655
1.91323
2.39834
2.88325
3.28966
1.97532
1.97581
3.97804
3.49414
3.38737
3.13069
2.8176
1.31748
1.69767
4.13953
2.1501
3.12836
3.42704
2.25201
3.08764
3.08858
2.12462
2.295
2.84301
0.714593
1.96658
2.79758
2.29732
3.58564
0.693917
2.60875
0.689703
3.07405
0.845272
2.715
1.31299
2.11128
2.19873
3.0485
1.47553
3.21058
1.62636
2.4416
2.51788
2.77882
1.74212
2.14648
2.36641
3.03151
1.33691
3.49955
3.29895
2.7976
2.66615
2.6057
2.37345
3.01518
2.88837
1.65698
2.37844
4.65102
3.49338
3.13656
2.00271
2.84398
2.91529
2.3285
3.75475
2.43861
3.27114
3.64348
2.73292
2.72971
1.80185
1.06708
0.866794
2.64167
2.8785
3.35605
2.26651
3.51164
2.05001
2.09856
2.70388
1.36266
2.99089
2.166
2.24538
2.99754
2.64526
1.32406
2.73621
2.8662
2.72696
3.18331
2.57397
1.4751
0.232807
1.66182
1.88569
3.07831
2.47178
3.63157
2.38473
2.98807
2.2676
2.89372
0.256659
3.14941
3.57925
1.27342
1.31201
2.92411
2.22832
3.21742
2.43786
2.99542
3.18339
1.6736
1.82864
1.97011
0.592696
1.18734
3.47614
-3.31864
3.15162
2.64237
2.9853
-0.164656
1.62879
2.06993
0.421019
3.43149
3.14057
2.00358
2.98216
1.95554
2.14396
2.20127
1.99099
2.43075
2.5225
1.34506
1.31851
2.51412
2.82889
2.40147
3.13455
3.32393
1.99308
1.98258
2.65414
2.30339
3.15503
1.67341
2.88666
3.03704
2.02949
2.50349
-0.0247826
1.15185
3.55839
3.18685
4.02278
3.66148
2.89453
1.05334
1.13458
3.4754
1.85902
3.12021
1.92847
2.4285
2.87391
1.25343
1.87176
2.33412
2.36255
4.03795
3.74993
1.88879
2.31392
0.020333
0.53846
-2.22966
-0.500759
2.93064
3.64629
3.01912
2.94297
2.61736
2.51562
2.11835
2.10758
0.845522
1.21666
2.59643
2.17247
3.05794
2.92382
2.90907
2.91188
3.20626
1.78615
3.88221
0.686815
-9.91005
2.92149
2.90558
1.94956
2.92753
1.63852
2.02715
1.34861
1.0295
3.19118
1.45287
2.76941
2.58898
2.2841
0.0793784
3.21712
2.96616
2.42211
3.25105
3.62959
2.73867
3.50416
3.08558
2.75592
2.32329
1.10919
-0.882101
1.31604
0.156924
3.14284
3.65761
1.35012
-6.97599
3.84367
1.64699
3.50393
2.95794
1.89378
-1.06436
0.820793
1.4655
2.50691
2.92082
2.64933
2.0009
2.20265
3.20155
2.4174
2.88882
3.35926
1.22037
1.66254
2.56472
2.90926
2.35056
0.480116
2.98463
1.95016
2.76564
2.97962
2.68964
2.1416
3.34667
1.4679
0.973862
1.0157
2.39666
2.34491
2.26145
2.42781
2.23463
1.72138
3.17272
1.58501
3.34741
1.07106
4.31093
2.8028
2.9432
2.65542
2.43373
1.1331
2.20757
2.30552
2.24284
3.63694
2.56616
0.814175
1.83028
-1.55288
1.55645
1.29954
1.73278
4.18159
3.36641
-4.03689
1.81573
1.90908
3.43212
1.97559
3.29835
2.54094
2.62558
3.0412
3.33355
3.78201
2.60929
1.78533
3.08356
2.21965
0.343944
2.1144
2.55086
0.911643
3.41051
2.35319
3.12225
2.68573
-0.0643794
2.01067
2.86488
2.56624
2.8174
3.1259
2.51222
3.99926
2.51076
2.88086
1.76513
2.35416
4.35736
3.38808
2.8238
1.37836
2.54873
1.78602
2.84453
1.79008
2.64701
1.8769
2.23827
1.92591
0.781882
2.98324
3.85031
1.94437
2.18622
2.16154
2.50556
2.83206
2.97114
1.37881
3.22724
4.1676
2.60739
1.97984
2.1472
2.59746
-0.101215
2.39212
3.41653
2.67462
1.58891
1.96691
1.78646
-2.26302
2.30558
3.20718
0.861617
0.972458
2.83388
2.57577
1.05672
4.5118
2.93988
2.87014
3.14181
1.6537
0.965727
2.74641
2.24767
3.98415
2.54836
3.34544
3.26558
1.94802
2.76053
3.15657
1.76974
3.52887
2.88503
1.94384
2.47919
1.5509
1.93472
3.19201
1.37919
2.63519
2.35324
2.03954
-0.447991
2.87878
0.847629
1.49549
-0.950265
4.0537
1.02027
2.19531
2.15039
2.25304
3.19598
2.07819
3.57688
2.67826
1.99786
3.94667
2.27903
3.45612
2.91531
3.30682
2.17626
2.90262
2.53372
3.57198
2.47519
3.06038
3.76087
3.3318
3.5906
1.42629
1.77659
3.00673
2.25691
3.35359
2.00589
2.85758
2.94088
1.76492
1.34264
3.41174
3.11561
3.27934
2.07169
2.43561
2.74088
1.99792
-5.27287
3.3368
2.81213
