16.1
15.2
8.93333
12.7667
17.3667
8.33333
14.9
20.9
17.9333
14.2333
21.0333
19.2667
15.7667
17.1667
14.6
15.7667
13.8333
20.6
24.9667
19.2333
15.7667
19.2
11.8667
17.7333
14.1667
20.1
17.6
17.1
15.2667
15
18.6667
20.6667
15.7333
15.4
16.3333
16.9
17.5667
9.03333
13.9333
20.8
17.7333
10.9667
18.9333
13.3
12.4333
18.2667
16.3
21.5333
16.4667
16.1667
21.1333
15.5
12.0667
15.4667
20.5333
15.9667
13.2
17.5
15.2667
17.7333
18.2333
15.2333
22.6667
15.3667
23.9333
19.3333
15.7333
17.5
26.3667
18.7
15.0333
13.9667
20.1333
19.4
14.6667
26.0333
12.8333
16.8667
15.4
13.2333
15.0333
19.5333
17.8333
11.1667
15.9667
19.2
12.3333
14.3
19.1667
17.1333
16.3667
20.6
21.7
18.3667
21.1667
18.6667
17.5333
7.46667
8.33333
17.3333
23.2333
18.4
19.0333
17.6
16.6
20.6333
20.8667
17.4
20.8
16.1333
17.5667
16.9667
20.9667
22.0333
17.6
20.7
25.1667
20.4
24.7667
19.9333
14.9
16.4667
12.4
14.1667
6.33333
19.8667
21.5
10.2667
14.2667
15.5333
14.2667
25.0667
13.3
21.3
19.7667
22.1333
10.0667
15.8
13.4
17.3333
20.9667
16.1667
19.6
20.9
19.8
10.1333
16.3
17.0333
13.3333
18.2
17.3
11.4333
21
27.8667
12.3333
14.7667
21.9
18.8
15.7
14.6
14.8667
20.9333
23.3
20.3
15.4333
17
17.1667
20.5333
16.6
20.9333
21.9333
20.6
21.4667
17.5
17.9333
22.6333
20.2333
14.9333
21.8667
18.6333
17.5333
19.3333
11.6667
22.0333
17.9
26.2333
23.7667
24.5333
12.9333
23.5667
15.4
17.4667
9.53333
18.7333
24.1
13.3333
8.26667
14
10.6
19.2333
21.1333
13.3333
19.4667
16.7333
11.7667
12.8667
20.5667
20.0667
16.8667
17.5667
16.6667
10.6667
11.9333
17.6333
21.8667
22.8333
15.7
26.1333
21.0333
17.8667
19.8333
25.2
9.6
25.5
18.9667
18.8333
15.2333
18.5333
20.0333
19.2667
18.8667
15.6
17.2
21.4667
15.6667
11.0667
10.0333
20.5
17.4667
18.3333
21
17.5667
15.4
24.1667
19.9
16.7
23.2333
22.6667
15.6
15.9
20.9
13.7667
20.5333
15.1667
18.2333
20.9333
16.7
17.8
13.5
18.4
17.3333
17.0333
23.1667
19.6667
22.8667
19.1667
22.8
14.9333
9.63333
19.4
8.1
4.26667
21.3333
20.1333
13.5
17.0667
3.36667
20.1333
18.6667
18.1
20.8333
24.7333
16.9
10.6333
6
17.3667
17.4333
23.9667
19
18.3667
15.7333
21.8333
16.4667
24.1333
19.6667
23.3333
12.2
17.5
9.76667
16.8667
23
18.1667
17.3
19.7333
16.9
18.1
17.3667
16.1
16.1667
20.8
17.7333
17.8
18.6667
25.5667
20.8
20.7333
25.4667
19.3333
13.2
24.2333
13.0667
22.8667
21.5
18.3333
19.4333
14
14.7
12.1333
14.3333
27.7667
25.6667
16.9
17.5333
18.7
20.8667
19.7667
17.8333
17.2
23.8667
17.3
17
20.9
20.3333
23.7333
16.3
16.2667
15.8
17.5667
21.9333
18.7333
20.6667
20.9
20.9
17.2
16.9667
17.3667
17.8
19.5
19.2
23.7
15.0667
19.8667
16.1333
21.4333
18.5
23.1667
20.4667
20.1333
17.4667
14.5
12.7667
14.6667
21.0667
20.2667
17.8333
16.2333
21.8667
20.9333
20.9333
16.1333
16.1333
12.5667
10.8667
19.4333
20.5667
7.66667
14
11.4667
14.4
20.9333
21.1667
17.3667
11.6667
16.0333
12.9
22
18.2333
22.5333
15
9.96667
18.0333
13.5
20.9667
12.8667
18.6667
17.6
19.9
17.4
22.2333
26.1667
15.3667
21.5667
14.1667
13.3667
17.8
16.4
16.6333
14.8333
18.5333
14.8667
20.2
16.4333
20.8333
19.8
12.8
20.8667
22.4
16.9333
20.2667
14.9
23.0333
19.3333
24.4
16.9667
20.9
26.3333
18.6667
17.3667
17.6
17.4667
12.5667
20.9333
15.1667
20.1
16.9333
17.7
12.8333
20.6
14.9333
14.8667
16.4667
18.3333
17.7333
12.6667
20.8
23.5
15.3
16.9667
17
17.3333
25.1333
8.83333
16.9333
17.6667
14.2667
7.03333
10.6667
17.4667
23.0667
19.7667
20.7333
13.4333
24.4333
25
19.0333
11.1667
21.2
13.2
11.1333
24.4
21
21.4333
21.1333
19.4
20.7
5.66667
20.8667
10.7
21.0667
27.2667
20.7667
11.6
20.9
18.2667
6.53333
19.6333
25.9333
17.4
20.8
20.2667
17.1333
18.3333
6.06667
16.8667
18.6333
20.9333
15.1667
20.8667
13.2333
12.0333
20.1333
13.8333
13.2
20.1
11.7667
15.1
11.5333
14.1333
17
18.7
17.3667
18.7667
18.3333
14.0333
22.5333
20.0333
21.1667
22.5
12.3
10.0333
22.0333
19.5667
17.6667
24.6667
18.0333
12.6667
21
11.7
18.4333
20.9667
14.9
20.9667
21.8667
18.3667
18.8
21.4333
23.5
21.0333
20.8
17.4333
17.4667
17.9667
17.1333
20.9667
14.9
18.1
17.8333
24.8667
14
16.5667
21.0333
19
17.9
18.2
17.3667
20.3333
7.7
17.4667
13.7667
20.8333
23.4333
9.46667
22.7333
23.9333
20.7333
14.8333
19.3
11.6
11.9333
15.6
22.2
12.6333
17.4
20.8667
19.9667
21.6
16.7333
21.0333
18.2667
20.5667
10.7667
19.0667
14.9667
21.0667
23.0667
14.4
20.4667
18.9333
18.4
21.4
14.9
14.3667
17.3
13.2667
17.7667
17.4
17.8667
19.7333
22.8333
22.5333
15.5333
14.7333
21.2
20.6333
19.4
20.2667
20.9333
16.8333
19.8333
20.9
21.1
20.8667
15.8667
18.8333
22.9333
17.4667
20.2333
17.5333
23.5667
17.5
20.9
21.9
22.7333
17.3333
19.5
17.9
18.1
21.1333
14.4667
21.4333
14.6333
14.7
20.7333
20.0333
10.8667
9.43333
20.0333
18.8
19.5333
15.6667
20.8
16.7667
13.5
18.0333
21.0333
17.4
18.8
21.2
21.4
10.8
20.9667
20.9333
17.0333
20.8667
19.2667
20.6333
18.9667
20.9
17.6667
7.63333
14.3
22.6
17.7667
19.6
11.9
18.4333
17.0333
20.6333
12.6333
11.4333
15.0333
18.1333
17.0667
23.1667
21.0667
7.96667
19.4
24.9333
15.8667
17.5333
12.4667
19.4333
20
17.9333
21
16.1333
19.5667
19.5667
12.4333
21.8
19.7667
22.1667
17.4333
20.8667
17.4
25.4
14.1667
23.8
17.2333
16.9333
20.3333
17.6
21.5333
19.2333
19.7667
18.9
15.9333
22.5
16.1333
20.9667
20.7667
17.1667
14.3667
16.0667
15.0667
20.2
10.1333
20.8667
5.43333
17.2667
21.3333
20.9667
19.9667
12.7667
20.3
22.4333
17.4333
17.1
11.1667
26.1
19.4667
20.4
18.9
17.5
11.1333
21.1667
23.8333
23.2667
20.9
14.2
15.7333
17.7333
21.2333
18.8333
17.2
19.4667
16.1667
16.0667
22.7333
18
20.9667
12.2667
18
20.9
17.3667
18.5333
12
17.5333
9.13333
12.4667
20.7333
17.1
14.9
16.7
24.4333
17.7667
20.5333
13.3
7.83333
19.3667
20.4667
14.9333
8.43333
20.2333
19.3667
14.2667
12.1667
21.4333
14.9333
17.5333
13.5667
20.8333
18.4333
17.4333
18.7333
14.9667
12.5667
20.0667
12.1
19.1667
21.8333
17.2
17.7
16.4
19.1
21.7667
16.0333
13.1
26
14.4667
16.1
11.8
8.8
18.1667
20.8333
17.1333
20.6667
21.4667
14.6
14.4
23.3
20.3667
24.9667
16.6667
15.3667
15.2
15
15
17.5333
10.5
20.9333
20.7333
17.2
18.5667
14.9
23.2
13.0333
18.6667
18.9
16.6
20.9
18.6
20.9333
20.9667
17.5333
20.7667
23.1333
26.0333
15
20.4333
10.4333
17.4667
15.1333
21.1333
22.8667
5.46667
17.2
20.8
17.3
0
17.9
21.3
6.1
17.3333
15.4667
12.7667
20.7667
19.3667
17.5667
12.6667
12.4667
16.7
24.5333
17.6667
12.8667
0
17.3667
13.3667
18.7333
15.1333
14.4667
14.8333
10.7667
14.9667
17.3333
22.7333
16.0667
20.4
17.5
18.8667
20.4
17.5
21.2
14.3333
19.2667
15.9
15.7667
21.2333
11.3
20.7667
17.0333
21.8
19.4333
15.6333
22.2
13.0667
19.7333
16.0667
23.1667
14.6333
17.8
13.4
17.1333
14.8
25.0667
13.9667
8.03333
8.5
20.9
17.3667
22.5
19.7667
16.4
22
18.6667
18.2667
15.0667
15
14.5
11.5333
20.9333
20.9333
19.7667
13.8333
17.4
18.9
19.0667
20.9333
20.9
14.6
18.3
14.3667
20.9
14.6
18.1333
15.7667
19.2
17.1667
19.7
26.0667
21.4
17.5
20.9
19.7333
19.2667
17.9
20.5667
17.6333
19.3
20.6
15.6667
18.3
17.9
19.7667
20.6
10.9667
18.2667
13.2
22.6
18
17.1
12.8667
15.1
21.9
23.6333
17.5
25.6667
20.6333
17.3
11.9
17.7667
16.3667
9.86667
15.0333
11.6667
17.4333
17.0667
19.7667
21.2333
11.9333
14.9667
20.5
22.1667
19.1
20.8667
17.4
16.3
19.8333
19.6
21.2
15.2667
17.4667
10.5667
20.9667
15.7
19.1667
18.3333
14.7333
18.2667
14.8
16.5
17.5
21.4333
13.8667
17.1
16.9333
17.4333
11.0667
13.2333
25.8
17.4667
13.2333
12.0667
19.4333
14.9667
17.7333
11.9
12.0333
13.5
20.3333
13.6
17.3
17.1667
16.9333
10.1667
17.4333
16.1333
11.9
14
14.3333
20.8667
15.2
16.6
10.2667
14.6333
15
11.5667
16.4
16.1667
8.96667
14.6333
7.6
13.8333
4.4
16.6333
15.7667
17.4667
16.0667
14.1333
6.36667
15.5
16.3333
14.4
12.1667
16.6333
17.9667
14.7
17.9
10.7667
10.8
19
15.2
20.9
18.4333
20.8667
15.2333
18.4333
16.0667
25
14.2
13.7
17.4333
17.7667
16.6333
20.9667
6.3
17.6
17.2
15.6667
12.9667
13.9
19.6667
10.9
19.7333
17.4333
17.4667
13.9
14.7667
12.4
9.23333
11.7333
19.2
15.3667
15.3667
13.4
20.7333
16.4333
17.3333
20.2333
17.3333
14.9333
14.8667
0
21.5
14.5333
18.4667
4.96667
19.2667
14.8
14.4667
15.1
15.3
14.4667
15.8667
18.8
20.7
10.6333
13.0667
15.3333
21.0667
18.1333
13.2
12.0667
14.9
17.9333
12.0333
17.4333
17.5333
17.9333
17.4
12.2667
20.9
14.6
15.5667
11.6333
15.9
20.9667
14.2333
17.6667
18.8667
9.5
17.2
15.7333
15.5333
16.3
18.5667
21.1
13.2333
22.5
20.2
15.2667
15.8333
20.9667
14.4667
17.9667
11.7
17.7333
21.1333
14.6333
17.4
9.83333
14.6333
17.4667
17.6
14.1667
17.6667
20.4
10.3333
14.0333
17.7333
20.9333
20.9333
19.5667
14.8667
7.6
15.3333
14.4333
19.4333
10.4
19.4333
13.1667
17.3333
20.5333
19.6
20.5667
20.9333
20.9
13.7333
17.8667
20.8333
15.7333
12.3667
18.7667
17.2
14.4333
20.3
14.2333
16.3
9.73333
15.6667
20.2333
17.4
16.4667
16.1
10.9
17.2
11.2333
13.2
7.46667
14.4
12.9
16.8667
17.4667
15.7667
18.9667
20.9
12.3
20.9
14.2
20.0667
18.7333
16.9
10.5667
17.6333
15.0333
15.9
16.5667
20.8333
16.7
13.8667
15.1667
13.0667
18.6
14.1667
9.63333
14.8333
13.2667
17.8
17.9333
14.8333
15.1
16.7
15.6
14.9
15.4
13.1667
14.8
15.1667
16.0667
18
6.96667
17.4333
8.56667
17.3667
12.5
10.4
11.9667
15.6333
20.8
13.7
20.9667
14.8667
18.9333
10.4
7.3
12.6
15.4333
16.8667
15.7333
9.16667
14.7667
20.9
11.5333
20.6333
23.1667
15.3
14.3
18.4
13.8667
14.9667
17.4667
8.26667
20.9333
19.7
17.6
19.9667
7.93333
14.9333
12.8667
15.1
14.7333
12.9333
16.1
17.4
17.2667
12.0333
17.4667
17.1667
13.1333
13.2667
10.2667
11.4667
16.7667
15
13.6
20.9333
18.1
14.7
14.9333
12.9
17.3667
11.6
13.1667
17.2333
21.2333
13.8667
17.3333
17.6
16.7
6.93333
13.2333
17.7333
12.0667
14.9333
18.5667
12.6333
13.2667
12.9667
19.1667
13.1
15.1667
10.1
15
19.7667
20.2
19
9.86667
17.2333
17.8333
24.7
19.2333
13.8333
12.9
16.9333
17.5
12.3
18.5
16.0667
15.5
16.0667
20.7667
15.5667
12.9
19.5667
12.0667
14
14.6
12.4667
12.0667
21.9
12.6
13.9667
14.8
18.6
14.9333
14.9
17.9667
15.4
17.6
15.1333
20.5667
15.2
14.9333
15.2
17.4
20.4333
18.4667
20.9333
17.4
16.4333
15.3
14.6333
18.1333
14.4667
15.6667
10.4333
12.6667
10.9667
17.0333
13.3
18.3
18.7667
12.1667
18.4
14.3
16.8333
16.1667
17.4333
11.6
15.0333
16.1
10.4
20.9333
11.8333
16.4333
18.8667
20.2333
15.4667
16.0667
7.8
20.5333
13.7667
9.03333
17.4333
18.4333
20.2
17.4
16.9333
10.9333
17.5
17.4667
13.7
16.7333
17.8333
9.13333
13.5333
14.3667
20.8667
6.5
16.2667
18.3
13.2667
21.6667
17.6667
17.9
13.1333
20.9667
17.4667
16.5333
11.9667
9.13333
14.9
17
10.9
16.1
16.5
17.8333
15
16.5333
10.4667
17.0667
19.6
13.1333
14.7667
20.6
16.2667
17.5667
17.2333
13.3333
20.9667
16.1667
13.9333
14.2667
14.9
20.8333
14.1
14.5
17.4
7.26667
17.6333
12.9667
20.6333
16.7333
12.8667
18
17.6333
8
16.9
14.7667
14.8
20.7333
14.7
17.4
13.6
13.3333
23.0333
14.6667
17.4333
16.3333
12.4
16.9667
17.6667
12.2
15.3667
20.8
8.4
17.4
17.4667
20.9
14.7667
15.4
13.1667
14.6333
13.6333
16.6
19.7333
17.5667
9.56667
14.9667
13.8
20.9333
18.7
14.6333
12.5667
21.0333
16.4
17.7
17.7333
17.3333
12.6
21.2333
17.7333
19.0667
13.5
14.2333
17.1667
17.4667
12.1667
15.0333
11.4333
20.9333
20.9
9.7
18.4667
6.3
20.8
12.6667
14.8333
18.9
18.5667
11.4333
11.5333
21.5333
20.8667
19.0667
17.4333
15.9
11.1333
13.5
21.6
14.4
18.6667
20.8333
15.2333
17.6667
17.8
14.9667
17.0667
18.5667
10.3667
13.1667
19.2333
17.3333
20.9
12.4
17.5333
10.6667
19.6333
8.3
19.5333
12.2667
15.8333
13.2
17.9333
13.9667
18.6
13.3
16.8
15
13.6
13.6333
12.3
17.4
17.7333
12.1333
20.9333
19.3
17.3
16.6333
17.5333
15.2
16.7333
17.8667
9.76667
17.4
25.6667
19.2
18.7
16.6333
17.4333
20.3667
14.5333
20.7
17.4
20.1
21.1333
18.7
14.5333
11.4333
12.8667
7.4
15.5333
17.5667
19.6333
15
20.7667
14.7667
15.0333
16.1
12.2667
17.9
15
15.8333
18.1333
17.4667
12.3667
17.1333
19.5667
17.4
20.7
17.8333
12.8667
4.43333
11.7
14.7667
20.8
15.0333
20.8667
15.9667
18.2667
15.2667
18.6
10.0333
17.7667
19.8667
15.2667
11.4333
19.3
13.5
18.6667
13.6333
19.4667
17.2333
13.5667
16.9
13.5333
11.6
9.8
19.9333
11.1667
20.8333
14.4
19.1333
12.3
13.2
14.8667
12.5667
18.7333
19.4333
12.9667
20.6333
13.9333
17.2667
15.0333
15.3667
15.1
14.5667
9.7
10.7
14.3667
17.6667
15.9667
19.5333
17.8
13.3667
17.2333
17.5667
16.7
17.4
12.1333
18.8333
17.4333
16.3667
17.3
10.1
12.8
20.9667
18.6333
21.8
20.7667
17.4667
11.4667
10.4333
20.7
14.7
18.2667
12.7333
17.2
17.3333
9.1
15.4333
17.0667
15.8
21.1
21.4333
14.9333
15.0667
8.9
7.43333
8.8
8.06667
17.4667
20.9
19.9
17.4333
15.5667
17.4667
12.8333
15
12.2667
11.3
14.5333
15.4
17.4667
17.4333
17.8667
16.7667
18.9
13.2
22.4667
11.9667
1.23333
17.4333
16.6
15.8333
19.0667
11.9667
16.0667
12.1333
11.1333
20.5
10.6667
17.7
16.2333
14.7333
10.4333
19.2667
17.8
16.7333
17.9667
21.1
17.3667
20.9667
18.6
17.5667
14.9667
10.6667
12.4
14.7667
7.36667
20.4
20.8333
14.2
3.2
21.2333
15.9333
19.8
18.7
15.3
11.1
10
14.8333
15.7
17.4333
17.4
14.4333
14.9667
17.7667
16.1333
17.4333
20.9
10.4
14.7667
16.8667
15.3
17.4
8.56667
17.9
16.4667
15.0667
17.4667
18.1333
15.0667
20.5
13
10.4
14.9667
15.6
15.1333
14.9667
15.9
14.9
14.9
19.6
12.3333
20.9333
9.23333
24.6333
18.8333
18.9333
16.5
14.4
10.4333
15.2
16.4667
15.7667
20.5
17.8667
13.2333
12.5333
7.43333
11.7333
14.2667
10.9333
24.8333
20.9333
10.1333
13.7
13.2333
20.8667
12.9333
18.7
16.5
17.4333
17.6333
19.4333
21.4
15.4333
11.9667
17.7333
16.5667
9.56667
15.1
15.4
9.5
19.8
17.5
19.4667
16.8667
6.53333
15.3
18.0667
17.2667
18.1
19.9667
17.0667
21.3667
17.8333
20.2
14.5333
15.1333
23.3667
20.8667
18.1333
11.8667
15.2
13.8667
17.4333
13.0333
15
13.9333
14.8333
13.9667
10.6667
18
21.1
13
16.9667
13.1
15
17.3333
18.0667
14.9333
18.5667
24.7333
17.2
12.9667
17.8
17.3667
8.16667
17.1333
19.8667
17.4667
13.7333
15.4333
14.6667
7.1
15.4333
20.8667
12.2667
11.5333
17.9667
15.2333
8.1
24.8333
17.4
16.8333
19.3333
12.8333
13.2667
18.4
14.8
21.4
14.8333
20.8667
19.3667
13.4333
17.8
19.9333
14.2667
20.7333
17.4333
14.9667
18.1667
12.1333
17.3333
20.9
10.4
16.7333
15.0333
13.3667
11.4333
17.4
13.4333
16.3333
10.3667
23.4333
11.1
16.9333
14.2333
17
20.9
11.7
20.7333
15.2
13.9333
23.3667
14.1333
20.4
16.9667
20.6
15.5667
17.8333
16.4
20.9333
14.9333
20.6333
21.1
18.9667
20.8
10.6
14.1667
17.4667
15.9
20.1667
14.9333
17.5667
18.1333
13.7333
12.5667
19.5667
19.2333
18.0667
11.9333
16.4667
16.6
13.2667
7
17.6333
17.1667
