4
3.73333
0.0333333
2.46667
4.36667
0.0666667
2.9
5.63333
5
3.7
5.83333
5.1
4
4.36667
3.26667
3.83333
2.63333
5
6.46667
5.1
3.93333
5.1
2.8
4.56667
3.56667
5.73333
4.3
4.26667
2.93333
3.76667
4.4
5.8
3.86667
3.43333
4.16667
4.1
4.33333
1.7
3.2
5.5
4.6
2.26667
4.96667
2.6
2.4
4.23333
4.06667
5.7
3.9
4.96667
6.13333
3.66667
2.43333
3.2
5.46667
3.76667
3.13333
3.63333
4.03333
4.7
4.76667
3.7
6.23333
3.63333
7.03333
5.26667
3.7
4.7
8.16667
4.93333
3.76667
3.36667
5.36667
5.16667
3.6
7.56667
1.86667
3.7
3.5
3.33333
3.56667
5.26667
4.33333
1.3
3.93333
5.03333
2.86667
3.8
5.06667
3.86667
3.83333
5.7
6.36667
4.8
6.16667
5
5.06667
0.133333
0.0333333
3.76667
6.56667
5.4
5.13333
5.1
4.2
5.43333
5.86667
4.53333
5.33333
4
4.1
3.76667
6.6
6.73333
4.93333
5.93333
6.93333
5.73333
7.23333
5.3
3.66667
3.56667
2.5
3
0.0333333
5.66667
6
1.03333
3.53333
3.86667
3.63333
6.96667
3.26667
6.46667
4.96667
6.33333
2.43333
4.03333
0.933333
3.53333
5.83333
3.93333
4.83333
5.4
5.4
1
4.2
3.33333
3.2
4.63333
3.7
2.03333
5.83333
8.53333
2.6
3.1
6.26667
4.76667
3.83333
3.63333
3.2
5.73333
6.8
5.53333
3.3
4.1
3.66667
5.4
4.36667
5.86667
6.13333
4.96667
6.1
4.33333
4.73333
6.7
5.76667
3.5
6.63333
4.56667
4.16667
5.33333
2.76667
6.33333
4.63333
8.06667
6.9
7.2
2.7
6.76667
3.46667
4.4
1.06667
4.93333
6.73333
2.66667
0.0333333
2.46667
1.63333
4.9
6.03333
3.26667
5.03333
4.4
3.03333
2.73333
5.73333
5.46667
4.06667
4.5
3.7
2.46667
1.83333
4.3
6.03333
6.6
3.83333
7.73333
5.93333
4.3
5.46667
7.43333
2.23333
7.26667
4.86667
4.5
3.43333
4.86667
5.23333
5.1
4.76667
3.03333
4.86667
6.26667
4.46667
2.16667
2.33333
4.93333
4.1
4.7
5.76667
4.06667
3.7
6.73333
5.43333
3.43333
6.6
6.7
3.4
3.83333
5.7
2.43333
5.7
3.56667
5.23333
5.56667
3.6
4.63333
3.1
5.3
4.56667
4.33333
6.56667
5.4
6.7
5.23333
6.8
3.73333
0.466667
4.7
1.06667
0.0333333
6.3
5.73333
2.53333
4.2
0
5.06667
4.6
4.7
5.56667
6.76667
4.03333
1.33333
0.0333333
4.1
4.03333
7.06667
4.86667
4.66667
3.93333
5.96667
4.46667
7.03333
4.86667
6.5
1.8
3.93333
1.1
4.43333
6.56667
4.5
4.16667
5.06667
3.9
3.96667
4.13333
3.96667
4.36667
5.73333
4.73333
4.46667
4.86667
7.4
5.83333
5.23333
7.03333
5.63333
2.5
6.96667
2.73333
6.4
5.66667
5.13333
5
2.73333
2.16667
3
2.93333
8.6
7.56667
3.36667
4.9
4.83333
5.73333
5
4.96667
4.3
7.1
4.63333
4.2
5.96667
5.56667
6.8
3.9
2.3
4.23333
4.46667
6.46667
5.13333
5.16667
5.56667
5.23333
4.36667
4.03333
4.6
4.4
4.53333
4.33333
6.2
4.03333
4.56667
3.73333
6.23333
4.4
6.8
4.7
5.03333
4.23333
3.4
2.3
3.36667
6.26667
5.56667
4.63333
3.46667
6.4
6.06667
6
3.46667
3.46667
2.26667
1.33333
5.4
5.7
0.466667
3.26667
1.56667
3.43333
6.3
6
4.26667
2.3
3.76667
2.4
6.13333
4.46667
6.56667
3.7
1.5
4.36667
2.23333
5.43333
2.5
4.96667
4.33333
5.23333
3.76667
6.53333
7.5
3.8
6.3
3.16667
2.66667
4.56667
3.93333
4.2
3.46667
4.63333
2.83333
5.63333
4
5.46667
5.5
1.53333
5.6
6.5
4.36667
4.63333
2.93333
6.46667
5.7
6.93333
3.96667
5.56667
8.33333
4.83333
4.06667
4.2
4.63333
3.06667
6.4
4
5.23333
4.36667
4.9
2.96667
5.46667
3.86667
3.36667
4.9
4.96667
3.93333
3.06667
5.73333
6.43333
3.63333
4.06667
4.16667
4
7.13333
1.83333
4.3
4.6
3.46667
1.23333
2.33333
4.53333
6.5
4.96667
5.43333
3.1
7.16667
7.03333
5.1
1.9
6.06667
2.93333
1.2
6.93333
6.16667
5.7
5.73333
5.2
5.63333
0
5.76667
0.0666667
5.7
8.56667
5.3
2.33333
5.83333
4.86667
1.53333
5.33333
7.16667
4.43333
5.73333
5.53333
3.36667
5.3
0
3.86667
5.33333
5.33333
3.36667
5.76667
3.1
2.2
5.46667
1.83333
3.1
4.76667
1.86667
3.3
1.93333
3.43333
4.7
4.86667
4.36667
5.1
4.6
3.23333
6.4
4.76667
6.1
6.53333
2.43333
0.633333
6
5.16667
4.8
7.16667
5.4
2.36667
6
1.7
4.53333
5.86667
3.3
5.9
6.13333
4.46667
4.5
6.1
6.6
6.06667
5.5
4.73333
4.3
3.76667
4
5.9
3.83333
4.8
4.8
6.6
2.33333
3.7
6.13333
5.3
4.46667
4.73333
4.23333
5.83333
1.06667
4.3
2.46667
5.5
6.63333
0.333333
6.5
6.9
5.23333
3.23333
5.23333
1.1
2.33333
3.3
6.26667
2.86667
4.3
6
4.9
6.53333
4.1
6.16667
4.4
5.33333
1.83333
4.86667
3.23333
5.83333
6.9
3.76667
5.26667
5.43333
5.03333
6.1
3.16667
2.76667
4.03333
3.3
5
4.56667
4
5.13333
6.23333
6.6
4.1
2.73333
6.26667
4.63333
5.16667
5.03333
6.2
4.13333
5.4
5.53333
5.7
5.76667
4.1
4.5
6.2
4.6
5.5
4.66667
6.76667
4.56667
5.73333
6.53333
6.66667
4.43333
5.1
5
5.16667
5.66667
3.53333
6.1
3.03333
3.43333
5.56667
4.96667
0.9
0.4
5.03333
4.9
5.06667
4.36667
5.66667
4.43333
2.26667
5.2
5.76667
4.73333
4.7
5.9
6
2.3
5.6
6.23333
4.33333
5.4
4.8
5.53333
4.9
5.43333
4.63333
0.4
3.23333
6.53333
5.2
5.4
1.06667
4.96667
4.5
5.73333
2.83333
2.43333
3.43333
4.7
4.23333
6.4
5.53333
0.833333
5.46667
6.6
3.86667
4.9
3
4.86667
5.36667
4.3
5.4
3.53333
4.86667
5.26667
2.43333
6.03333
5.5
6.23333
4.53333
5.93333
4.76667
7.1
3.13333
6.66667
4.46667
4.06667
4.9
5.03333
6.03333
4.93333
5.46667
5.4
3.7
6.4
4.23333
6.2
5.66667
4.36667
2.83333
3.8
3.4
4.96667
0.6
5.16667
1.3
4.16667
6.56667
5.83333
5.13333
2.73333
5.5
6.26667
4
4.56667
1.3
7.56667
5.03333
5.63333
5.13333
4.23333
1.13333
5.96667
7
6.66667
5.53333
1.93333
3.8
4.83333
6.4
4.63333
4.1
5.2
3.56667
3.5
6.5
4.3
6.06667
1.7
5.06667
6
3.5
5.2
2.2
4.43333
0.5
2.7
5
4.03333
3.1
4.1
7.46667
4.06667
5.46667
3
0
5.4
5.56667
3.73333
0.0333333
5.5
5.16667
2.6
2.56667
6.33333
3.13333
4.43333
2.83333
5.86667
4.43333
4.86667
4.83333
2.9
1.33333
5.13333
1.66667
4.8
6.1
3.36667
4.1
3.76667
4.86667
5.83333
3.63333
3.43333
7.36667
2.6
3.93333
2.06667
1.06667
5.03333
5.06667
4.46667
5.23333
6.53333
3.16667
2.86667
6.33333
5.5
7.06667
4.36667
3.66667
3.9
3.8
3.16667
4.9
1.53333
6.03333
5.63333
4.36667
4.96667
3.43333
6.6
1.8
5.26667
5.16667
4.23333
5.76667
5.33333
5.93333
6.23333
5.13333
5.2
6.33333
7.43333
3.63333
5.56667
1.4
4.76667
3.56667
5.93333
6.23333
0
3.66667
5.46667
4.1
0
4.96667
6.06667
0.266667
4.26667
3.56667
3.2
5.6
4.66667
3.93333
3.13333
2.4
3.56667
6.63333
4.3
2.5
0
4.13333
3.33333
5.46667
3.4
3.5
3.16667
1.7
2.86667
3.96667
6.56667
4
5.8
4.93333
4.83333
5.26667
4.6
6.06667
3.53333
4.43333
4.16667
3.33333
5.86667
2.23333
5.13333
4.6
6.33333
5.03333
2.5
6.03333
2.96667
5.83333
3.56667
6.66667
3.9
5.16667
3.2
4.03333
3.43333
7.26667
2.7
1.56667
0.0333333
5.03333
4.43333
6.53333
5.03333
4.03333
6.56667
4.6
5.03333
2.13333
2.86667
3.33333
2.3
5.86667
5.7
5.16667
3.5
4.46667
5
4.7
5.86667
5.4
3.96667
4.16667
2.5
5.9
3.83333
4.4
3.2
5.36667
4.4
5.2
7.7
5.6
4.4
5.4
4.8
5.5
4.7
5.43333
4.7
4.8
5.5
3.93333
4.46667
4.23333
5
5.23333
2.46667
4.5
1.86667
7.06667
4.6
4.3
2.46667
3.43333
5.66667
6.73333
4.26667
7.16667
5.36667
4.06667
2.2
4.43333
3.5
1.36667
3.46667
1.5
4.4
4.73333
5.26667
6.36667
2.2
3
4.93333
6.4
5.36667
5.36667
4.36667
3.53333
5.4
4.6
6.23333
3.03333
4
1.63333
6.2
4.03333
4.53333
4.2
3.76667
4.63333
2.66667
4.1
3.9
6.16667
3.13333
4.7
4.3
4.66667
2.16667
3.43333
7.33333
4.26667
3.03333
2.76667
5.36667
4.2
4.93333
3.2
2.33333
3.5
5.53333
3
4.66667
4.26667
4.33333
2.33333
5.03333
4.03333
2.63333
2.76667
3.33333
6
3.23333
4.7
1.2
3.53333
3.8
2.03333
3.93333
3.96667
0.0333333
4.03333
1
2.93333
0.0333333
3.83333
4
4.96667
4.2
3.16667
0.0333333
3.7
3.7
3.23333
2.43333
4.5
4.53333
3.16667
4.56667
2.3
1.76667
5.16667
3.2
6.03333
5.13333
6.36667
3.63333
5.26667
4.33333
7.03333
2.73333
3.5
4.56667
4.86667
3.7
6
0.0333333
4.96667
4.06667
4.26667
2.9
2.5
5.36667
2.53333
5.36667
4.7
4.53333
3.2
3.46667
2.3
0.0333333
2.6
5.53333
4.1
3.66667
3
5.4
3.66667
4.63333
5.2
4.6
3.46667
3.66667
0
6.43333
3.16667
4.73333
0.1
5.16667
3.3
3.66667
4
3.26667
3.13333
4.16667
4.86667
5.43333
1.9
1.9
3.3
5.96667
4.56667
2.73333
3
3.56667
4.96667
2.2
4.36667
4.7
4.43333
3.73333
2.73333
5.9
2.83333
3.96667
2.63333
3.76667
5.93333
3.43333
5.03333
5.3
1.83333
3.4
3.83333
4.1
3.96667
4.9
5.8
3.5
6.36667
5.76667
3.8
4.1
6.2
3.6
5.3
2.63333
5.16667
6.1
3.43333
4.36667
1.63333
3.36667
4.5
4.56667
3.03333
4.33333
5.53333
1.23333
3.56667
5.1
5.7
6.23333
5.23333
3.5
1.63333
4.2
3.06667
5.56667
2.2
5.33333
2.43333
4.8
5.43333
5.46667
5.3
6.06667
5.9
3.13333
4.16667
5.9
3.86667
2.93333
5.26667
4.16667
3.73333
5.7
3.43333
3.96667
1.1
3.63333
5
4.3
3.86667
3.96667
2.33333
4.1
2.56667
2.93333
0.1
3.83333
3.2
3.9
3.7
3.7
5.1
6.16667
2.93333
5.76667
3.73333
5.26667
5.2
4.43333
1.6
3.6
4
4.1
4.03333
5.26667
4.2
3.33333
3.36667
3.33333
5.03333
3.66667
0.866667
3.5
2.9
5.06667
4.96667
4.06667
2.7
4.06667
4
3.6
3.5
2.6
2.83333
3.86667
3.66667
4.96667
1.06667
4.86667
1.26667
4.5
2.43333
1.9
2.5
4.4
5.73333
3.3
5.83333
3.7
4.26667
1.6
0.266667
2.4
3.26667
3.9
3.36667
0.966667
2.8
5.33333
1.36667
5.36667
6.86667
3.96667
3.2
4.5
3.43333
3.63333
4.6
1.53333
5.86667
5.43333
5.06667
5.63333
1.16667
4.03333
2.9
3.9
3.56667
2.36667
4.53333
4.9
4.5
3.1
4.5
4.16667
3.2
2.76667
1.7
2.6
3.66667
3.93333
3.16667
5.5
4.93333
4.16667
2.66667
3.2
4.53333
1.9
3.1
4.23333
5.93333
2.8
4.5
4.76667
4.16667
0.0333333
3.1
5
3.2
3.5
4.86667
2.8
2.53333
3.16667
4.93333
3.33333
3.6
2.1
4.2
5.1
5.03333
4.6
1.13333
4.43333
5.2
7.13333
5.06667
3.2
3.16667
4.03333
4.16667
3.1
4.73333
4.46667
3.83333
3.96667
5.86667
4.2
2.13333
5.5
2.13333
2.7
3.1
2.83333
2.86667
6.2
2.1
3.33333
3.43333
4.7
3.76667
3.4
5.1
3.43333
4.56667
3.63333
5.46667
4.26667
4.1
4.46667
4.66667
5.6
4.93333
5.8
4.33333
3.86667
3.63333
3.6
5.33333
3.3
3.36667
1.96667
2.83333
2.4
3.9
1.86667
5
5.06667
2.76667
4.93333
2.76667
4.06667
4.33333
3.83333
1.7
4.06667
3.8
2.03333
5.53333
1.9
3.83333
4.73333
5.1
4.06667
4.33333
1.8
5.5
3.23333
0.8
4.73333
5.1
5.56667
4.2
3.6
2.03333
4.2
4.56667
2.73333
4.5
4.43333
1.33333
2.23333
3.16667
5.9
0.633333
4.3
5.23333
3.63333
6.03333
5.33333
4.83333
3.5
6.13333
4.76667
4.06667
1.96667
1.13333
3.56667
4.13333
2.63333
3.96667
4.03333
4.53333
2.9
4.13333
1.83333
3.56667
5.43333
3.26667
2.5
5.56667
4.23333
4.9
3.86667
2.83333
5.56667
3.56667
3.53333
3.03333
3.76667
6
3.16667
3.73333
4.7
0.0333333
4.8
2.86667
6.16667
4.46667
2.23333
5.13333
4.93333
0.433333
3.63333
3.63333
3.6
5.93333
3.23333
4.76667
2.7
3.06667
6.63333
4.06667
4.76667
4.53333
2.56667
4.53333
4.7
2.66667
4
5.5
0
4.16667
4.6
6.13333
3.83333
4.13333
1.73333
2.36667
3.23333
3.86667
5.66667
4.13333
1.8
3.63333
2.73333
5.5
4.66667
3.83333
3.03333
6.46667
3.53333
4.73333
5.36667
3.86667
2.56667
5.9
4.6
4.96667
3.66667
3.5
4.36667
4.9
2.86667
3.73333
2.66667
6.33333
5.73333
1.56667
4.83333
0
5.36667
3
3.83333
4.83333
5.33333
3.06667
3.13333
6.5
5.7
5.5
4.93333
4.5
2.26667
2.9
6.7
3.43333
5.1
5.6
3.76667
5.03333
5.06667
3.5
3.96667
4.76667
1.53333
3.16667
4.76667
3.93333
5.9
1.86667
4.36667
1.73333
5.16667
1.63333
4.66667
2.46667
3.6
3.5
4.9
2.8
5.23333
2.86667
4.1
3.93333
4.23333
2.93333
3.26667
4.13333
4.96667
2.5
5.76667
5.4
4.56667
4.3
4.33333
3.93333
4.8
4.8
2.5
4.1
7.66667
5.6
5.2
3.56667
4.6
5
3.73333
6.03333
4.13333
5.4
6.06667
4.66667
4.23333
2.9
2.33333
1.5
4.13333
4.76667
5.53333
3.73333
5.76667
3.4
3.6
4.36667
2.4
4.96667
3.66667
3.83333
4.83333
4.46667
2.43333
4.4
4.93333
4.43333
5.3
4.4
2.8
0.8
2.73333
3.23333
5.23333
4
5.9
3.96667
4.93333
3.76667
4.93333
1.2
5.03333
5.8
2.76667
2.33333
4.9
3.4
5.3
3.76667
5.13333
5
2.93333
3.36667
3.2
1.73333
1.93333
5.66667
0.7
5.33333
4.16667
5.06667
1.5
2.86667
3.46667
1.86667
5.5
5.23333
3.13333
5.13333
3.33333
3.86667
3.73333
3.46667
3.83333
3.93333
2.23333
2.26667
3.9
4.73333
3.93333
5.13333
5.33333
3.3
3.66667
4.46667
3.96667
4.96667
2.73333
4.86667
4.86667
3.63333
4.2
1.3
2.3
5.93333
5.2
6.56667
5.93333
4.73333
2.16667
2.03333
5.73333
3.23333
5.06667
3.03333
4.03333
4.7
2.13333
3.26667
3.96667
3.83333
6.6
6.23333
3.3
3.8
1.1
1.16667
0.466667
0.666667
4.7
5.96667
5.06667
4.73333
4.16667
4.33333
3.33333
3.56667
1.96667
2.26667
4.06667
3.6
4.9
4.76667
4.76667
4.63333
5.3
2.96667
6.46667
1.9
0
4.7
4.66667
3.43333
4.93333
2.76667
3.6
2.36667
1.96667
5.33333
2.33333
4.7
4.2
3.66667
1.26667
5.23333
4.83333
4.1
5.16667
6
4.4
5.8
5.13333
4.5
3.83333
2.06667
1.33333
2.63333
0.966667
5.26667
5.93333
2.73333
0
6.33333
3.23333
5.63333
4.9
3.36667
1.03333
1.83333
2.86667
4.06667
4.83333
4.43333
3.3
3.63333
5.1
4.03333
4.66667
5.6
2.13333
3.03333
4.16667
4.56667
4.13333
1.4
4.86667
3.53333
4.4
4.83333
4.53333
3.53333
5.43333
2.76667
1.83333
2.6
4.06667
3.83333
3.73333
3.93333
3.7
3.1
5.26667
2.66667
5.6
1.96667
7.13333
4.73333
4.93333
4.23333
3.93333
2.06667
3.66667
3.83333
3.76667
5.9
4.5
2.06667
3
0.4
2.56667
2.63333
2.7
7
5.73333
0.366667
3.06667
3.16667
5.73333
3.26667
5.4
4.1
4.33333
4.9
5.5
6.2
4.23333
2.86667
5
3.76667
1.4
3.56667
4.13333
1.76667
5.56667
4.1
5.2
4.33333
0.7
3.43333
4.66667
4.26667
4.66667
5.2
4.13333
6.53333
4.36667
4.93333
3.1
3.83333
7.1
5.66667
4.73333
2.43333
4.03333
3.03333
4.63333
3.03333
4.2
3.2
3.66667
3.26667
1.76667
5
6.3
3.16667
3.76667
3.43333
4.06667
4.66667
4.86667
2.83333
5.23333
7
4.3
3.3
3.93333
4.4
0.9
4.06667
5.53333
4.5
2.93333
3.43333
3.13333
0.133333
3.76667
5.36667
2.03333
2.03333
4.73333
4.06667
1.73333
7.4
4.76667
4.66667
5.2
2.9
2.23333
4.66667
3.6
6.46667
4.06667
5.6
5.36667
3.2
4.63333
5.33333
3
5.73333
4.7
3.36667
4.23333
2.7
3.73333
5.36667
2.33333
4.23333
3.9
3.26667
1.26667
4.7
2.16667
3.1
1.03333
6.7
2.03333
3.9
3.46667
3.86667
5.4
3.16667
5.8
4.16667
3.26667
6.6
3.6
5.63333
4.63333
5.53333
3.66667
4.76667
4.1
5.86667
3.96667
5.2
6.16667
5.36667
5.76667
2.3
3.1
4.8
3.8
5.43333
3.46667
4.7
4.8
3.03333
2.56667
5.56667
5.13333
5.23333
3.16667
4
4.43333
3.26667
0
5.3
4.5
