0.86
0.854667
0.854
0.856667
0.854
0.855667
0.8515
0.854417
0.855875
0.853604
0.850469
0.857901
0.853617
0.852475
0.853904
0.855619
0.852476
0.854905
0.851119
0.856226
0.85578
0.852557
0.849945
0.857639
0.855486
0.85241
0.852872
0.855102
0.852218
0.856776
0.852054
0.854694
0.855014
0.852174
0.851753
0.858543
0.853938
0.851636
0.852485
0.856909
0.853121
0.855227
0.85128
0.854307
0.85682
0.853077
0.850205
0.857769
0.853551
0.853442
0.853388
0.855361
0.852347
0.85484
0.852087
0.85571
0.855522
0.852428
0.84988
0.858607
0.85497
0.852152
0.852742
0.855038
0.853186
0.85626
0.851796
0.854565
0.854949
0.853141
0.851237
0.858285
0.853809
0.851571
0.853452
0.856393
0.852863
0.855098
0.851216
0.855275
0.856304
0.852819
0.850076
0.857705
0.854519
0.852926
0.85313
0.855232
0.852282
0.855808
0.852571
0.854952
0.855143
0.852238
0.850786
0.85906
0.854196
0.851765
0.852549
0.855941
0.853637
0.855485
0.851409
0.854371
0.855852
0.853593
0.850463
0.857898
0.853616
0.852475
0.853904
0.855619
0.852476
0.854905
0.852119
0.855726
0.85553
0.852432
0.849882
0.858608
0.854971
0.852152
0.852743
0.855038
0.853186
0.85626
0.851796
0.854565
0.854949
0.853141
0.851237
0.858285
0.853809
0.851571
0.853452
0.856393
0.852863
0.855098
0.851216
0.855275
0.856304
0.852819
0.850076
0.857705
0.854519
0.852926
0.85313
0.855232
0.852282
0.855808
0.852571
0.854952
0.855143
0.852238
0.850786
0.85906
0.854196
0.851765
0.852549
0.855941
0.853637
0.855485
0.851409
0.854371
0.855852
0.853593
0.850463
0.857898
0.853616
0.852475
0.853904
0.855619
0.852476
0.854905
0.852119
0.855726
0.85553
0.852432
0.849882
0.858608
0.854971
0.852152
0.852743
0.855038
0.853186
0.85626
0.851796
0.854565
0.854949
0.853141
0.851237
0.858285
0.853809
0.851571
0.853452
0.856393
0.852863
0.855098
0.851216
0.855275
0.856304
0.852819
0.850076
0.857705
0.854519
0.852926
0.85313
0.855232
0.852282
0.855808
0.852571
0.854952
0.855143
0.852238
0.850786
0.85906
0.854196
0.851765
0.852549
0.855941
0.853637
0.855485
0.851409
0.854371
0.855852
0.853593
0.850463
0.857898
0.853616
0.852475
0.853904
0.855619
0.852476
0.854905
0.852119
0.855726
0.85553
0.852432
0.849882
0.858608
0.854971
0.852152
0.852743
0.855038
0.853186
0.85626
0.851796
0.854565
0.854949
0.853141
0.851237
0.858285
0.853809
0.851571
0.853452
0.856393
0.852863
0.855098
0.851216
0.855275
0.856304
0.852819
0.850076
0.857705
0.854519
0.852926
0.85313
0.855232
0.852282
0.855808
0.852571
0.854952
0.855143
0.852238
0.850786
0.85906
0.854196
0.851765
0.852549
0.855941
0.853637
0.855485
0.851409
0.854371
0.855852
0.853593
0.850463
0.857898
0.853616
0.852475
0.853904
0.855619
0.852476
0.854905
0.852119
0.855726
0.85553
0.852432
0.849882
0.858608
0.854971
0.852152
0.852743
0.855038
0.853186
0.85626
0.851796
0.854565
0.854949
0.853141
0.851237
0.858285
0.853809
0.851571
0.853452
0.856393
0.852863
0.855098
0.851216
0.855275
0.856304
0.852819
0.850076
0.857705
0.854519
0.852926
0.85313
0.855232
0.852282
0.855808
0.852571
0.854952
0.855143
0.852238
0.850786
0.85906
0.854196
0.851765
0.852549
0.855941
0.853637
0.855485
0.851409
0.854371
0.855852
0.853593
0.850463
0.857898
0.853616
0.852475
0.853904
0.855619
0.852476
0.854905
0.852119
0.855726
0.85553
0.852432
0.849882
0.858608
0.854971
0.852152
0.852743
0.855038
0.853186
0.85626
0.851796
0.854565
0.854949
0.853141
0.851237
0.858285
0.853809
0.851571
0.853452
0.856393
0.852863
0.855098
0.851216
0.855275
0.856304
0.852819
0.850076
0.857705
0.854519
0.852926
0.85313
0.855232
0.852282
0.855808
0.852571
0.854952
0.855143
0.852238
0.850786
0.85906
0.854196
0.851765
0.852549
0.855941
0.853637
0.855485
0.851409
0.854371
0.855852
0.853593
0.850463
0.857898
0.853616
0.852475
0.853904
0.855619
0.852476
0.854905
0.852119
0.855726
0.85553
0.852432
0.849882
0.858608
0.854971
0.852152
0.852743
0.855038
0.853186
0.85626
0.851796
0.854565
0.854949
0.853141
0.851237
0.858285
0.853809
0.851571
0.853452
0.856393
0.852863
0.855098
0.851216
0.855275
0.856304
0.852819
0.850076
0.857705
0.854519
0.852926
0.85313
0.855232
0.852282
0.855808
0.852571
0.854952
0.855143
0.852238
0.850786
0.85906
0.854196
0.851765
0.852549
0.855941
0.853637
0.855485
0.851409
0.854371
0.855852
0.853593
0.850463
0.857898
0.853616
0.852475
0.853904
0.855619
0.852476
0.854905
0.852119
0.855726
0.85553
0.852432
0.849882
0.858608
0.854971
0.852152
0.852743
0.855038
0.853186
0.85626
0.851796
0.854565
0.854949
0.853141
0.851237
0.858285
0.853809
0.851571
0.853452
0.856393
0.852863
0.855098
0.851216
0.855275
0.856304
0.852819
0.850076
0.857705
0.854519
0.852926
0.85313
0.855232
0.852282
0.855808
0.852571
0.854952
0.855143
0.852238
0.850786
0.85906
0.854196
0.851765
0.852549
0.855941
0.853637
0.855485
0.851409
0.854371
0.855852
0.853593
0.850463
0.857898
0.853616
0.852475
0.853904
0.855619
0.852476
0.854905
0.852119
0.855726
0.85553
0.852432
0.849882
0.858608
0.854971
0.852152
0.852743
0.855038
0.853186
0.85626
0.851796
0.854565
0.854949
0.853141
0.851237
0.858285
0.853809
0.851571
0.853452
0.856393
0.852863
0.855098
0.851216
0.855275
0.856304
0.852819
0.850076
0.857705
0.854519
0.852926
0.85313
0.855232
0.852282
0.855808
0.852571
0.854952
0.855143
0.852238
0.850786
0.85906
0.854196
0.851765
0.852549
0.855941
0.853637
0.855485
0.851409
0.854371
0.855852
0.853593
0.850463
0.857898
0.853616
0.852475
0.853904
0.855619
0.852476
0.854905
0.852119
0.855726
0.85553
0.852432
0.849882
0.858608
0.854971
0.852152
0.852743
0.855038
0.853186
0.85626
0.851796
0.854565
0.854949
0.853141
0.851237
0.858285
0.853809
0.851571
0.853452
0.856393
0.852863
0.855098
0.851216
0.855275
0.856304
0.852819
0.850076
0.857705
0.854519
0.852926
0.85313
0.855232
0.852282
0.855808
0.852571
0.854952
0.855143
0.852238
0.850786
0.85906
0.854196
0.851765
0.852549
0.855941
0.853637
0.855485
0.851409
0.854371
0.855852
0.853593
0.850463
0.857898
0.853616
0.852475
0.853904
0.855619
0.852476
0.854905
0.852119
0.855726
0.85553
0.852432
0.849882
0.858608
0.854971
0.852152
0.852743
0.855038
0.853186
0.85626
0.851796
0.854565
0.854949
0.853141
0.851237
0.858285
0.853809
0.851571
0.853452
0.856393
0.852863
0.855098
0.851216
0.855275
0.856304
0.852819
0.850076
0.857705
0.854519
0.852926
0.85313
0.855232
0.852282
0.855808
0.852571
0.854952
0.855143
0.852238
0.850786
0.85906
0.854196
0.851765
0.852549
0.855941
0.853637
0.855485
0.851409
0.854371
0.855852
0.853593
0.850463
0.857898
0.853616
0.852475
0.853904
0.855619
0.852476
0.854905
0.852119
0.855726
0.85553
0.852432
0.849882
0.858608
0.854971
0.852152
0.852743
0.855038
0.853186
0.85626
0.851796
0.854565
0.854949
0.853141
0.851237
0.858285
0.853809
0.851571
0.853452
0.856393
0.852863
0.855098
0.851216
0.855275
0.856304
0.852819
0.850076
0.857705
0.854519
0.852926
0.85313
0.855232
0.852282
0.855808
0.852571
0.854952
0.855143
0.852238
0.850786
0.85906
0.854196
0.851765
0.852549
0.855941
0.853637
0.855485
0.851409
0.854371
0.855852
0.853593
0.850463
0.857898
0.853616
0.852475
0.853904
0.855619
0.852476
0.854905
0.852119
0.855726
0.85553
0.852432
0.849882
0.858608
0.854971
0.852152
0.852743
0.855038
0.853186
0.85626
0.851796
0.854565
0.854949
0.853141
0.851237
0.858285
0.853809
0.851571
0.853452
0.856393
0.852863
0.855098
0.851216
0.855275
0.856304
0.852819
0.850076
0.857705
0.854519
0.852926
0.85313
0.855232
0.852282
0.855808
0.852571
0.854952
0.855143
0.852238
0.850786
0.85906
0.854196
0.851765
0.852549
0.855941
0.853637
0.855485
0.851409
0.854371
0.855852
0.853593
0.850463
0.857898
0.853616
0.852475
0.853904
0.855619
0.852476
0.854905
0.852119
0.855726
0.85553
0.852432
0.849882
0.858608
0.854971
0.852152
0.852743
0.855038
0.853186
0.85626
0.851796
0.854565
0.854949
0.853141
0.851237
0.858285
0.853809
0.851571
0.853452
0.856393
0.852863
0.855098
0.851216
0.855275
0.856304
0.852819
0.850076
0.857705
0.854519
0.852926
0.85313
0.855232
0.852282
0.855808
0.852571
0.854952
0.855143
0.852238
0.850786
0.85906
0.854196
0.851765
0.852549
0.855941
0.853637
0.855485
0.851409
0.854371
0.855852
0.853593
0.850463
0.857898
0.853616
0.852475
0.853904
0.855619
0.852476
0.854905
0.852119
0.855726
0.85553
0.852432
0.849882
0.858608
0.854971
0.852152
0.852743
0.855038
0.853186
0.85626
0.851796
0.854565
0.854949
0.853141
0.851237
0.858285
0.853809
0.851571
0.853452
0.856393
0.852863
0.855098
0.851216
0.855275
0.856304
0.852819
0.850076
0.857705
0.854519
0.852926
0.85313
0.855232
0.852282
0.855808
0.852571
0.854952
0.855143
0.852238
0.850786
0.85906
0.854196
0.851765
0.852549
0.855941
0.853637
0.855485
0.851409
0.854371
0.855852
0.853593
0.850463
0.857898
0.853616
0.852475
0.853904
0.855619
0.852476
0.854905
0.852119
0.855726
0.85553
0.852432
0.849882
0.858608
0.854971
0.852152
0.852743
0.855038
0.853186
0.85626
0.851796
0.854565
0.854949
0.853141
0.851237
0.858285
0.853809
0.851571
0.853452
0.856393
0.852863
0.855098
0.851216
0.855275
0.856304
0.852819
0.850076
0.857705
0.854519
0.852926
0.85313
0.855232
0.852282
0.855808
0.852571
0.854952
0.855143
0.852238
0.850786
0.85906
0.854196
0.851765
0.852549
0.855941
