0.547
0.865842
0.868137
0.87043
0.872721
0.875009
0.877295
0.879579
0.881861
0.88414
0.886417
0.888692
0.574736
0.577323
0.579906
0.582487
0.585066
0.587642
0.590215
0.592786
0.595354
0.59792
0.600483
0.603043
0.605601
0.608157
0.610709
0.929487
0.931719
0.933949
0.936176
0.622173
0.624712
0.627248
0.629782
0.632313
0.634842
0.637368
0.639892
0.642413
0.644931
0.647447
0.649961
0.652472
0.654981
0.657487
0.65999
0.662491
0.66499
0.667486
0.669979
0.67247
0.674959
0.677445
0.679929
0.68241
0.684888
0.687364
0.689838
0.692309
0.694778
0.697244
0.699708
0.702169
0.704628
0.707085
0.709539
0.71199
0.714439
0.716886
0.71933
0.721772
0.724211
0.726648
0.729082
0.731514
0.733944
0.736371
0.738796
0.741218
0.743638
0.746055
0.74847
0.750883
0.753293
0.755701
0.91622
0.918465
0.920708
0.922948
0.925186
0.927422
0.929656
0.931888
0.934117
0.936344
0.938569
0.940791
0.943012
0.94523
0.947446
0.949659
0.951871
0.95408
0.956287
0.958492
0.960695
0.962895
0.965094
0.96729
0.969484
0.971675
0.973865
0.976052
0.978237
0.98042
0.982601
0.98478
0.986956
0.98913
0.991302
0.993472
0.99564
0.997805
0.999969
0
0.0031607
0.00631823
-0.306755
-0.303288
-0.299824
-0.296364
-0.292907
-0.289453
-0.286003
-0.598784
-0.595025
-0.59127
-0.587518
-0.58377
-0.580026
-0.576286
-0.572549
-0.568816
-0.565087
-0.0870195
-0.0837718
-0.0805274
-0.0772862
-0.0740483
-0.0708136
-0.0675821
-0.0643538
-0.0611288
-0.057907
-0.0546885
-0.0514731
-0.048261
-0.045052
-0.0418463
-0.0386438
-0.0354444
-0.0322483
-0.0290554
-0.0258657
-0.0226791
-0.0194957
-0.0163156
-0.0131386
-0.00996473
-0.00679407
-0.00362659
-0.000462264
0.0026989
0.00585689
0.00901174
0.0121634
0.015312
0.0184574
0.0215996
0.0247387
0.0278747
0.0310075
0.0341372
0.0372638
0.0403873
0.0435076
0.0466248
0.0497389
0.0528499
0.0559577
0.0590625
0.0621642
0.0652627
0.0683582
0.0714506
0.0745398
0.077626
0.0807092
0.0837892
0.0868661
0.08994
0.0930108
0.0960785
0.0991432
0.102205
0.105263
0.108319
0.111371
0.114421
0.117467
0.12051
0.123551
0.126588
0.129622
0.132653
0.135681
0.138706
0.141728
-0.17148
-0.168148
-0.16482
-0.161494
-0.158172
-0.154853
-0.151538
-0.148226
-0.144917
-0.141611
-0.138309
-0.13501
-0.131714
-0.128422
-0.125133
-0.121847
-0.118565
-0.115286
-0.11201
-0.108737
-0.105468
-0.102202
-0.0989387
-0.0956791
-0.0924227
-0.0891697
-0.0859198
-0.0826733
-0.0794299
-0.0761899
-0.072953
-0.0697194
-0.066489
-0.0632619
-0.0600379
-0.0568172
-0.0535998
-0.0503855
-0.0471744
-0.0439666
-0.0407619
-0.0375605
-0.0343623
-0.0311672
-0.0279754
-0.0247867
-0.0216012
-0.018419
-0.0152399
-0.0120639
-0.00889117
-0.00572159
-0.00255517
0.00060808
0.00376817
0.0069251
0.0100789
0.171343
0.174333
0.177319
0.180303
0.183283
0.186261
0.189235
0.192207
0.195175
0.198141
0.201104
0.204063
0.20702
0.209974
0.212925
0.215873
0.218818
0.22176
-0.0915292
-0.088277
-0.0850281
-0.0817824
-0.07854
-0.0753008
-0.0720648
-0.0688321
-0.0656026
-0.0623763
-0.0591533
-0.0559335
-0.0527169
-0.0495035
-0.0462933
-0.0430863
-0.0398826
-0.036682
-0.0334847
-0.0302905
-0.0270995
-0.0239117
-0.0207271
-0.0175457
-0.0143675
-0.0111924
-0.00802055
-0.00485184
-0.00168629
0.00147609
0.00463531
0.00779137
0.0109443
0.014094
0.0172406
0.0203841
0.0235244
0.0266616
0.0297957
0.0329266
0.0360544
-0.277049
-0.273611
-0.270177
-0.266746
-0.263319
-0.259895
-0.256475
-0.253058
-0.249644
-0.246234
-0.242827
-0.239423
-0.236023
-0.074513
-0.0712778
-0.0680459
-0.0648172
-0.0615917
-0.0583694
-0.0551504
-0.0519346
-0.048722
-0.0455126
-0.0423064
-0.0391034
-0.0359036
-0.032707
-0.0295137
-0.0263235
-0.0231365
-0.0199526
-0.016772
-0.0135945
-0.0104202
-0.00724914
-0.0040812
-0.00091642
0.00224519
-0.310824
-0.307353
-0.303885
-0.30042
-0.296959
-0.293502
-0.131934
-0.128641
-0.125352
-0.122066
-0.118783
-0.115504
-0.112228
-0.108955
-0.105685
-0.102419
-0.0991561
-0.0958963
0.0654742
0.0685694
0.0716616
0.0747506
0.0778366
0.239033
0.241955
0.244874
0.24779
0.250703
0.253613
0.25652
0.259425
0.262326
0.265225
0.26812
0.271013
0.273903
0.27679
0.279674
0.282555
0.285433
0.288309
0.291181
0.294051
0.296918
0.299781
0.302643
0.305501
0.308356
0.311209
0.314058
0.316905
0.319749
0.32259
0.325428
0.328264
0.331096
0.333926
0.336753
0.339577
0.342398
0.345217
0.348033
0.350845
0.353655
0.356463
0.359267
0.362069
0.364867
0.367663
0.370457
0.373247
0.376035
0.37882
0.381602
0.384381
0.387157
0.389931
0.392702
0.39547
0.398236
0.400998
0.403758
0.406515
0.0930421
0.0961098
0.0991744
0.102236
0.105294
0.10835
0.111402
0.114452
0.117498
0.120541
0.123581
0.126619
0.129653
0.132684
0.135712
0.138737
0.141759
0.144778
0.147794
0.150807
0.153817
0.156824
0.159828
0.162829
0.165827
0.168822
0.171814
0.174803
0.177789
0.180772
0.183752
0.186729
0.189703
0.192674
0.195642
0.198607
0.201569
0.204529
0.207485
0.210438
0.213389
0.216336
0.21928
0.222222
0.22516
0.228096
0.231029
0.233959
0.236885
0.239809
0.24273
0.245649
0.248564
0.251476
0.254385
0.257292
0.260195
0.263096
0.265994
0.268888
-0.0444474
-0.0412422
-0.0380403
-0.0348416
-0.0316461
-0.0284538
-0.0252646
-0.0220787
-0.0188959
-0.0157163
-0.0125399
-0.00936669
-0.00619663
-0.319257
-0.315778
-0.312301
-0.308829
-0.305359
-0.301893
-0.298431
-0.294972
-0.291516
-0.288064
-0.284616
-0.28117
-0.277729
-0.27429
-0.270856
-0.267424
-0.263996
-0.260572
-0.257151
-0.253733
-0.250319
-0.246908
-0.2435
-0.240096
-0.236695
-0.233298
-0.229904
-0.226514
-0.223127
-0.219743
-0.216363
-0.212986
-0.209612
-0.206242
-0.202875
-0.199512
-0.196151
-0.192795
-0.189441
-0.186091
-0.182745
-0.179401
-0.176061
-0.488952
-0.485303
-0.481657
-0.478015
-0.474377
-0.470742
-0.467111
-0.463483
-0.459859
-0.456239
-0.452622
-0.449009
-0.445399
-0.441794
-0.438191
-0.434593
-0.430998
-0.427406
-0.423818
-0.420234
-0.416653
-0.413076
-0.409502
-0.405932
-0.402366
-0.398803
-0.395244
-0.391688
-0.388136
-0.384587
-0.381042
-0.377501
-0.373963
-0.370428
-0.366897
-0.36337
-0.359846
-0.356326
-0.352809
-0.349295
-0.345785
-0.342279
-0.338776
-0.335277
-0.331781
-0.328289
-0.3248
-0.321315
-0.317833
-0.314355
-0.31088
-0.623636
-0.619852
-0.616072
-0.770409
-0.766478
-0.762552
-0.758629
-0.75471
-0.750795
-0.746884
-0.742976
-0.739073
-0.735174
-0.731278
-0.727387
-0.723499
-0.719615
-0.557621
-0.553903
-0.550189
-0.546478
-0.542771
-0.539068
-0.535369
-0.531673
-0.527981
-0.524292
-0.520608
-0.516927
-0.513249
-0.509576
-0.505906
-0.502239
-0.498577
-0.494918
-0.491262
-0.487611
-0.483962
-0.480318
-0.318563
-0.315084
-0.311609
-0.308137
-0.304668
-0.301203
-0.297741
-0.294283
-0.290828
-0.287376
-0.283928
-0.280484
-0.277043
-0.273605
-0.270171
-0.26674
-0.263313
-0.259889
-0.256469
-0.253052
-0.249638
-0.246228
-0.242821
-0.239418
-0.236018
-0.232621
-0.229228
-0.225838
-0.222452
-0.219069
-0.215689
-0.212313
-0.20894
-0.20557
-0.202204
-0.198841
-0.195482
-0.192126
-0.188773
-0.0273098
-0.0241219
-0.020937
-0.0177554
-0.014577
-0.0114017
-0.00822962
-0.0050607
-0.00189495
0.00126764
0.00442707
0.00758334
0.0107365
0.0138864
0.0170332
0.0201769
0.0233174
0.0264548
0.0295891
0.0327202
0.0358482
0.0389731
0.0420948
0.0452134
0.206443
0.209397
0.212349
0.215297
0.218243
0.221185
0.224125
0.227061
0.229995
0.232926
0.235854
0.238779
0.241701
0.24462
0.247536
0.25045
0.25336
0.256267
0.259172
0.262074
0.264972
0.267868
0.270761
0.273651
0.276538
0.279423
0.282304
0.285183
0.288058
0.290931
0.293801
0.296668
0.299532
0.302394
0.305252
0.308108
0.31096
0.31381
0.316657
0.319501
0.322343
0.325181
0.328017
0.33085
0.33368
0.336507
0.339331
0.342153
0.344972
0.347788
0.350601
0.353411
0.672446
0.674935
0.677421
0.679904
0.840499
0.84282
0.845138
0.847454
0.849768
0.852079
0.854388
0.856695
0.859
0.861302
0.863602
0.865899
0.868194
0.870487
0.872778
0.875066
0.877352
0.879636
0.881918
0.884197
0.886474
0.888749
0.891021
0.893291
0.895559
0.897824
0.900088
0.586121
0.588696
0.591268
0.593838
0.596405
0.59897
0.601532
0.604091
0.606648
0.609202
0.611754
0.614303
0.61685
0.619394
0.621936
0.624475
0.627012
0.629546
0.315849
0.318694
0.321536
0.324376
0.327212
0.330046
0.332877
0.335705
0.33853
0.341352
0.344172
0.346988
0.349802
0.352613
0.355422
0.358227
0.36103
0.36383
0.366627
0.369421
0.372212
0.375001
0.377787
0.38057
0.38335
0.386128
0.388903
0.0754468
0.0785321
0.0816143
0.0846934
0.0877695
0.0908424
0.0939123
0.0969792
0.100043
0.103104
0.106161
0.109216
0.112267
0.115316
0.118361
0.121404
0.124443
0.127479
0.130513
0.133543
0.13657
0.139594
0.142616
0.145634
0.148649
0.151661
0.15467
0.157676
0.160679
0.163679
0.166676
0.169671
0.172662
0.17565
0.178635
0.181617
0.184596
0.187572
0.190546
0.193516
0.196483
0.199447
0.202409
0.205367
0.208323
0.211275
0.214225
0.217171
0.220115
0.223056
0.225993
0.70327
0.705728
0.708183
0.710636
0.713086
0.715534
0.401752
0.404511
0.407267
0.410021
0.412772
0.41552
0.418265
0.421008
0.423748
0.426485
0.42922
0.431951
0.43468
0.437406
0.44013
0.442851
0.445569
0.448284
0.450997
0.453707
0.456414
0.459118
0.46182
0.464519
0.467216
0.469909
0.4726
0.475289
0.477974
0.480657
0.483338
0.486015
0.48869
0.491362
0.494032
0.496699
0.499363
0.502025
0.504684
0.50734
0.509993
0.512644
0.515293
0.517938
0.520581
0.206994
0.209948
0.212899
0.215847
0.218792
0.221734
0.224673
0.227609
0.230542
0.233472
0.2364
0.239324
0.242246
0.245164
0.24808
0.250992
0.253902
0.256809
0.259713
0.262614
0.265513
0.268408
0.2713
0.27419
0.277077
0.27996
0.282841
0.285719
0.288594
0.44958
0.452292
0.455
0.457706
0.46041
0.46311
0.465808
0.468503
0.471195
0.473885
0.476572
0.479257
0.481938
0.484617
0.487294
0.489967
0.492638
0.495306
0.497972
0.500635
0.503295
0.505953
0.508608
0.51126
0.672024
0.674513
0.677
0.679484
0.523851
0.526488
0.529123
0.531755
0.534384
0.53701
0.539634
0.542256
0.544874
0.547491
0.550104
0.552715
0.555323
0.557929
0.560532
0.563132
0.56573
0.568325
0.570918
0.573508
0.576096
0.578681
0.581263
0.583843
0.58642
0.588994
0.591566
0.594136
0.596703
0.599267
0.601829
0.604388
0.606945
0.609499
0.61205
0.614599
0.617145
0.619689
0.306003
0.308858
0.31171
0.314559
0.317405
0.320249
0.323089
0.325927
0.328762
0.331594
0.334423
0.33725
0.340073
0.342894
0.345712
0.348527
0.0351118
0.0382374
0.0413599
0.0444793
0.0475955
0.0507086
0.0538187
0.0569256
0.0600294
0.0631301
0.0662277
0.0693222
0.0724136
0.0755019
-0.237641
-0.234242
-0.230848
-0.227456
-0.224068
-0.220683
-0.217302
-0.213924
-0.21055
-0.207179
-0.203811
-0.200447
-0.197085
-0.193728
-0.0322596
-0.0290666
-0.0258769
-0.0226903
-0.019507
-0.0163268
-0.0131497
-0.00997591
-0.00680524
-0.00363774
-0.00047341
0.00268776
0.00584577
0.00900062
0.0121523
0.0153009
0.0184463
0.0215885
0.0247277
0.0278636
0.0309965
0.0341262
0.0372528
0.0403763
0.0434966
0.0466138
0.0497279
0.0528389
0.0559468
0.0590516
0.0621532
0.0652518
0.0683473
0.0714397
0.074529
0.0776152
0.0806983
0.0837783
0.0868553
0.0899292
0.093
0.0960677
0.0991324
0.102194
0.105253
0.108308
0.111361
0.11441
0.117456
0.1205
0.12354
0.126577
0.129611
0.132642
0.13567
0.138696
0.141718
0.144737
0.147753
-0.165462
-0.162136
-0.158813
-0.155494
-0.152178
-0.148865
-0.145555
-0.142249
-0.138946
-0.135647
-0.13235
-0.129057
-0.125768
-0.122481
-0.119198
-0.115918
-0.112642
-0.109369
-0.106099
-0.102832
-0.0995684
-0.0963081
-0.0930512
-0.0897975
-0.086547
-0.0832998
-0.0800559
-0.0768152
-0.0735777
-0.0703435
-0.0671125
-0.0638847
-0.0606601
-0.0574388
-0.0542207
-0.0510058
-0.0477941
-0.0445857
-0.0413804
-0.0381783
-0.0349795
-0.0317838
0.129523
0.132554
0.135582
0.138607
0.141629
0.144648
0.147665
-0.16555
-0.00411004
-0.000945234
0.00221641
0.00537489
0.00853021
0.0116824
0.0148314
0.0179773
0.02112
0.0242596
0.027396
0.0305294
0.0336595
0.0367866
0.0399105
0.0430313
0.046149
0.0492636
0.052375
0.0554834
0.0585886
0.0616908
0.0647898
0.0678857
-0.245249
-0.241843
-0.238441
-0.235042
-0.231646
-0.228254
-0.224865
-0.22148
-0.218098
-0.214719
-0.211344
-0.207972
-0.204603
-0.201238
-0.197876
-0.194518
-0.191163
-0.187811
-0.184462
-0.181117
-0.177776
-0.174437
-0.171102
-0.16777
-0.164442
-0.161117
-0.157795
-0.154477
-0.151162
-0.14785
-0.144542
-0.141236
-0.137935
-0.134636
-0.131341
-0.128049
-0.12476
-0.121475
-0.118193
-0.114914
-0.111638
-0.108366
-0.105097
-0.101831
-0.0985686
-0.0953094
-0.0920535
-0.0888008
-0.0855513
-0.0823051
-0.0790621
-0.39205
-0.388498
-0.384949
-0.381403
-0.377861
-0.374323
-0.370788
-0.367257
-0.0475012
-0.044293
-0.0410881
-0.0378863
-0.0346877
-0.0314924
-0.0283002
-0.0251112
-0.0219254
-0.0187428
-0.0155634
-0.0123871
-0.00921405
-0.00604414
-0.0028774
0.000286171
0.00344658
0.00660383
0.00975793
0.0129089
-0.300171
-0.29671
-0.293253
-0.289799
-0.286349
-0.282902
-0.279459
-0.276019
-0.272582
-0.269149
-0.265719
-0.262293
-0.25887
-0.255451
-0.252035
-0.248622
-0.245213
-0.241807
-0.238405
-0.235006
-0.23161
-0.228218
-0.224829
-0.221444
-0.218062
-0.214683
-0.211308
-0.207936
-0.204567
-0.201202
-0.19784
-0.194482
-0.191127
-0.187775
-0.184427
-0.181082
-0.17774
-0.174402
-0.171067
-0.167735
-0.164407
-0.161082
-0.15776
-0.154441
-0.151126
-0.147815
-0.144506
-0.141201
-0.137899
-0.134601
-0.131306
-0.128014
-0.124725
-0.12144
-0.118158
-0.114879
-0.111603
-0.108331
-0.105062
-0.101796
-0.0985338
-0.0952746
-0.0920187
-0.0887661
-0.0855166
-0.0822705
-0.0790275
-0.0757878
-0.0725514
-0.54366
-0.539956
-0.536255
-0.532559
-0.528866
-0.525176
-0.521491
-0.517809
-0.514131
-0.510456
-0.506785
-0.503118
-0.499454
-0.495795
-0.492138
-0.488486
-0.484837
-0.481191
-0.47755
-0.315798
-0.312322
-0.308849
-0.305379
-0.301913
-0.298451
-0.294992
-0.291536
-0.288084
-0.284636
-0.281191
-0.277749
-0.27431
-0.270876
-0.267444
-0.264016
-0.260592
-0.25717
-0.253753
-0.250338
-0.246927
-0.24352
-0.240116
-0.236715
-0.233318
-0.229924
-0.0684196
-0.0651905
-0.0619646
-0.058742
-0.37175
-0.368218
-0.364689
-0.361164
-0.357642
-0.354124
-0.35061
-0.347099
-0.659819
-0.655998
-0.652182
-0.64837
-0.644561
-0.640756
-0.636955
-0.633157
-0.629364
-0.625574
-0.621788
-0.618006
-0.614228
-0.610453
-0.606682
-0.602915
-0.599152
-0.595392
-0.591636
-0.587884
-0.584136
-0.580392
-0.576651
-0.572914
-0.56918
-0.565451
-0.561725
-0.558003
-0.238057
-0.234658
-0.231263
-0.227871
-0.224482
-0.221097
-0.217716
-0.214337
-0.210962
-0.207591
-0.204223
-0.200858
-0.197496
-0.194138
-0.190784
-0.187432
-0.184084
-0.180739
-0.177398
-0.17406
-0.170725
-0.167394
-0.164066
-0.160741
-0.15742
-0.154102
-0.150787
-0.147476
-0.144168
-0.140863
-0.137561
-0.134263
-0.130968
-0.127677
-0.124388
-0.121103
-0.117822
-0.114543
-0.111268
-0.107996
-0.104728
-0.101462
-0.0982
-0.0949412
-0.0916856
-0.0884333
-0.0851842
0.0761755
0.0792601
0.0823416
0.08542
0.0884953
0.0915675
0.0946367
0.0977028
0.100766
0.103826
-0.209345
-0.205975
-0.202608
-0.199245
-0.195885
-0.192529
-0.189176
-0.185826
-0.18248
-0.179137
-0.175797
-0.17246
-0.169127
-0.165798
-0.162471
-0.159148
-0.155828
-0.152512
-0.149199
-0.145889
-0.142582
-0.139279
-0.135979
-0.132683
-0.129389
-0.126099
-0.122813
-0.119529
-0.432477
-0.428884
-0.425294
-0.421709
-0.418126
-0.730776
-0.726884
-0.722997
-0.719114
-0.715234
-0.711359
-0.707487
-0.703619
-0.699755
-0.695895
-0.692039
-0.688187
-0.684338
-0.680493
-0.676653
-0.672816
-0.668982
-0.665153
-0.661328
-0.657506
-0.653688
-0.649874
-0.646064
-0.642257
-0.638455
-0.634656
-0.630861
-0.62707
-0.623282
-0.619498
-0.615719
-0.92817
-0.924082
-0.919998
-0.915917
-0.911841
-0.907769
-0.903701
-0.899637
-0.895577
-0.891521
-0.88747
-0.883422
-0.879378
-0.875338
-0.871303
-0.867271
-0.863244
-0.85922
-0.855201
-0.851185
-0.847174
-0.843166
-0.681049
-0.677208
-0.67337
-0.669536
-0.665707
-0.503767
-0.500102
-0.496442
-0.492785
-0.489132
-0.485482
-0.481836
-0.478194
-0.474555
-0.47092
-0.467289
-0.463661
-0.460037
-0.456416
-0.4528
-0.449186
-0.445577
-0.441971
-0.438368
-0.434769
-0.431174
-0.427582
-0.423994
-0.42041
-0.416829
-0.413252
-0.409678
-0.406108
-0.402541
-0.398978
-0.395419
-0.391863
-0.38831
-0.384761
-0.223102
-0.219719
-0.216338
-0.212961
-0.209588
-0.206218
-0.202851
-0.199487
-0.196127
-0.192771
-0.189417
-0.186067
-0.182721
-0.179377
-0.176037
-0.172701
-0.169367
-0.166037
-0.162711
-0.159387
-0.156067
-0.152751
-0.149437
-0.146127
-0.14282
-0.139517
-0.136217
-0.13292
-0.129626
-0.126336
-0.123049
-0.119766
-0.116485
-0.113208
-0.109934
-0.106664
-0.103396
-0.100132
-0.0968715
-0.093614
-0.0903597
-0.0871087
-0.0838609
-0.0806164
-0.0773751
-0.0741371
-0.0709023
0.0904431
0.0935134
0.0965807
0.0996448
0.102706
0.105764
0.108819
0.111871
0.11492
0.117966
0.121008
0.124048
0.127085
0.130119
0.133149
0.136177
0.139201
0.142223
0.145241
0.148257
0.15127
0.154279
0.157286
0.160289
0.163289
0.166287
0.169281
0.172273
0.175261
0.178247
0.18123
-0.132019
-0.128726
-0.125437
-0.122151
-0.118868
-0.115588
-0.112312
-0.109039
-0.105769
-0.102503
-0.0992399
-0.09598
0.0653905
0.0684859
0.0715781
0.0746673
0.0777533
0.0808363
0.0839162
0.086993
0.0900668
0.0931374
0.096205
0.0992696
0.102331
0.105389
0.108445
0.111497
0.114546
0.117593
0.120636
0.123676
0.126713
0.129747
0.132778
0.135806
-0.177397
-0.174059
-0.170724
-0.167393
-0.164065
-0.16074
-0.157419
-0.154101
-0.150786
-0.147475
-0.144166
-0.140862
-0.13756
-0.134262
-0.130967
-0.127676
0.0337267
0.0368537
0.0399775
-0.273129
-0.269696
-0.266266
-0.262839
-0.259415
-0.255995
-0.252579
-0.249166
-0.245756
-0.24235
-0.238947
-0.235547
-0.232151
-0.228758
-0.225369
-0.221983
-0.2186
-0.215221
-0.211845
-0.208473
-0.205104
-0.201738
-0.198376
-0.195017
-0.191661
-0.188309
-0.18496
-0.181615
-0.0201585
-0.0169776
-0.0137999
-0.0106255
-0.00745414
-0.00428599
-0.00112101
0.00204081
0.00519946
0.00835496
0.0115073
0.0146565
0.0178026
0.0209455
0.0240852
0.0272218
0.0303553
0.0334857
0.0366129
0.039737
0.042858
0.0459759
0.0490906
0.0522022
0.0553108
0.0584162
0.219632
0.222574
0.225512
0.228447
0.231379
0.234309
0.237235
0.240159
0.24308
0.245997
0.248912
0.251824
0.254733
0.257639
0.260542
0.263443
0.26634
0.269235
0.272126
0.275015
0.277901
0.280784
0.283664
0.286541
-0.0268127
-0.0236252
-0.0204409
-0.0172597
-0.0140818
-0.010907
-0.00773542
-0.00456699
-0.00140173
0.00176037
0.0049193
0.00807508
0.0112277
0.0143772
0.0175235
0.0206667
0.0238067
0.0269436
0.0300774
0.033208
0.0363355
0.0394599
0.0425812
0.0456993
0.0488143
0.0519262
0.055035
0.0581407
0.0612433
0.0643428
0.0674392
0.0705325
0.0736227
0.0767098
-0.552662
-0.548949
-0.545239
-0.541534
-0.537832
-0.534133
-0.530439
-0.526748
-0.523061
-0.519377
-0.515697
-0.512021
-0.508349
-0.50468
-0.501015
-0.497353
-0.809923
-0.805953
-0.801987
-0.798025
-0.794066
-0.790112
-0.786162
-0.782215
-0.778273
-0.774334
-0.770399
-0.766469
-0.762542
-0.758619
-0.7547
-0.750785
-0.746874
-0.742967
-0.739064
-0.735164
-0.731269
-0.727377
-0.723489
-0.719605
-0.715725
-0.711849
-0.707977
-0.704109
-0.700244
-0.696384
-0.692527
-0.688674
-0.684825
-0.68098
-0.677139
-0.673301
-0.669467
-0.665638
-0.661812
-0.657989
-0.654171
-0.650357
-0.646546
-0.642739
-0.638936
-0.635136
-0.631341
-0.627549
-0.623761
-0.619977
-0.616197
-0.928648
-0.924559
-0.920474
-0.916394
-0.912317
-0.908244
-0.904176
-0.741998
-1.05432
-1.05011
-1.0459
-1.04169
-1.03749
-1.03329
-1.0291
-1.02491
-1.02072
-1.01654
-1.01237
-1.00819
-1.00403
-0.999862
-0.995702
-0.991546
-0.987394
-0.983247
-0.979103
-0.974964
-0.970829
-0.966698
-0.962571
-0.958448
-0.954329
-0.950215
-0.946104
-0.941998
-0.937896
-0.933798
-0.929704
-0.925614
-1.23776
-1.23336
-1.22896
-1.22458
-1.22019
-1.21581
-1.21143
-1.20706
-1.2027
-1.19833
-1.19397
-1.18962
-1.18527
-1.18093
-1.17658
-1.17225
-1.16792
-1.16359
-1.15926
-1.15494
-1.15063
-1.14632
-1.14201
-1.13771
-1.13341
-1.12912
-1.12483
-1.12054
-1.11626
-1.11199
-1.10772
-1.10345
-1.09918
-1.09492
-1.09067
-1.08642
-1.08217
-1.07793
-1.07369
-1.06946
-1.06523
-1.061
-1.05678
-1.05256
-1.04835
-1.04414
-1.03994
-1.03574
-1.03154
-1.02735
-1.02316
-1.01898
-1.0148
-1.01063
-1.00646
-1.00229
-0.998126
-0.993968
-0.989814
-0.985664
-0.981518
-0.977376
-0.973239
-0.969105
-0.964976
-0.960851
-0.95673
-0.952613
-0.9485
-0.944391
-0.940286
-0.936186
-0.93209
-0.927997
-0.923909
-0.919825
-0.915745
-0.911669
-0.907597
-0.903529
-0.899465
-0.895405
-0.89135
-0.887298
-0.883251
-0.879207
-0.875168
-0.871132
-0.867101
-0.863073
-0.85905
-0.855031
-0.851015
-0.847004
-0.842997
-0.838994
-0.834994
-0.830999
-0.827008
-0.82302
-0.819037
-0.815058
-0.811082
-0.807111
-0.803144
-0.79918
-0.795221
-0.791265
-0.787314
-0.783366
-0.779422
-0.775483
-0.771547
-0.767615
-0.763687
-0.759763
-0.755843
-0.751927
-0.748014
-0.744106
-0.740202
-0.736301
-0.732405
-0.728512
-0.724623
-1.03697
-1.03277
-1.02858
-1.02439
-1.0202
-1.01602
-1.01185
-1.00767
-1.00351
-0.999342
-0.995182
-0.991027
-0.986876
-0.982729
-0.978586
-0.974447
-0.970312
-0.966182
-0.962055
-0.957933
-0.953815
-0.949701
-0.945591
-0.941485
-0.937384
-0.933286
-0.929192
-1.24133
-1.07882
-1.07458
-1.07034
-1.06611
-1.06188
-1.05766
-1.05344
-1.04923
-1.04502
-1.04082
-1.03662
-1.03242
-1.02823
-1.02404
-1.01985
-1.01567
-1.0115
-1.00733
-1.00316
-0.998995
-0.994836
-0.990681
-0.98653
-0.982383
-0.978241
-0.974102
-0.969968
-0.965838
-0.961712
-0.95759
-1.2697
-1.26527
-1.26084
-1.25642
-1.25201
-1.2476
-1.24319
-1.23878
-1.23439
-1.22999
-1.2256
-1.22122
-1.21683
-1.21246
-1.20808
-1.20372
-1.19935
-1.03688
-1.03268
-1.02849
-1.0243
-1.02012
-1.01594
-1.01176
-1.00759
-1.31965
-1.31517
-1.31069
-1.30622
-1.30176
-1.29729
-1.29284
-1.28838
-1.28394
-1.27949
-1.27505
-1.27062
-1.26619
-1.26176
-1.25734
-1.25292
-1.24851
-1.2441
-1.23969
-1.55152
-1.54681
-1.5421
-1.5374
-1.53271
-1.52801
-1.52332
-1.51864
-1.51396
-1.50929
-1.50462
-1.49996
-1.4953
-1.49064
-1.48599
-1.48134
-1.4767
-1.47207
-1.46743
-1.46281
-1.45818
-1.45357
-1.44895
-1.44434
-1.43974
-1.43514
-1.43054
-1.42595
-1.42137
-1.41679
-1.41221
-1.40764
-1.40307
-1.39851
-1.39395
-1.38939
-1.38484
-1.3803
-1.37576
-1.37122
-1.36669
-1.36217
-1.35764
-1.35313
-1.34861
-1.3441
-1.3396
-1.3351
-1.33061
-1.32611
-1.32163
-1.31715
-1.31267
-1.3082
-1.14561
-1.14131
-1.13701
-1.13271
-1.12842
-1.12413
-1.11984
-1.11556
-1.11129
-1.10702
-1.10275
-1.09849
-1.09423
-1.08997
-1.08572
-1.08148
-0.761009
-0.757088
-0.75317
-0.749257
-0.745347
-0.741442
-1.05377
-1.04955
-1.04534
-1.04114
-1.03694
-1.03274
-1.02855
-1.02436
-1.02017
-0.85788
-0.853862
-0.849847
-0.845837
-1.15806
-1.15374
-1.14943
-1.14512
-1.14081
-1.13651
-1.13221
-1.12792
-1.12363
-1.11935
-1.11507
-1.1108
-1.10652
-1.10226
-1.098
-1.09374
-1.08948
-1.08523
-1.08099
-1.07675
-1.07251
-1.06828
-1.06405
-1.05983
-1.05561
-1.05139
-1.04718
-1.04297
-1.03877
-1.03457
-1.03037
-0.868069
-0.864041
-0.860017
-0.855996
-0.85198
-0.847968
-0.84396
-0.839955
-0.835955
-0.831959
-0.827967
-0.823978
-1.13622
-1.13193
-1.12763
-1.12335
-1.11906
-1.11478
-1.11051
-1.10624
-1.10197
-1.09771
-1.09345
-1.0892
-1.08495
-1.0807
-1.07646
-1.07223
-1.06799
-1.06377
-1.05954
-1.05532
-1.05111
-1.04689
-1.04269
-1.03849
-0.876172
-0.872136
-0.868104
-0.864075
-0.860051
-0.856031
-0.852014
-0.848002
-0.843994
-0.83999
-0.835989
-0.831993
-0.828001
-0.824013
-0.820028
-0.816048
-0.812072
-0.808099
-0.804131
-0.800166
-0.796206
-0.792249
-0.788297
-0.784348
-0.780404
-0.776463
-0.772526
-0.768593
-0.764664
-0.760739
-0.598705
-0.594945
-0.59119
-0.587439
-0.583691
-0.579947
-0.576206
-0.57247
-0.568737
-0.565008
-0.561282
-0.557561
-0.553843
-0.550128
-0.546418
-0.542711
-0.539008
-0.535308
-0.531613
-0.527921
-0.524232
-0.520548
-0.516867
-0.513189
-0.509516
-0.505846
-0.502179
-0.498517
-0.494858
-0.491203
-0.487551
-0.483903
-0.480259
-0.476618
-0.472981
-0.469347
-0.465718
-0.462091
-0.458469
-0.45485
-0.451235
-0.447623
-0.444015
-0.44041
-0.436809
-0.433212
-0.429618
-0.426028
-0.422442
-0.418859
-0.415279
-0.411704
-0.408132
-0.404563
-0.242884
-0.239481
-0.23608
-0.232684
-0.229291
-0.225901
-0.222514
-0.219131
-0.215751
-0.212375
-0.209002
-0.205632
-0.202266
-0.198903
-0.195544
-0.192188
-0.505063
-0.501397
-0.497735
-0.494077
-0.490423
-0.486772
-0.483125
-0.479481
-0.475841
-0.472205
-0.468572
-0.464943
-0.461318
-0.457696
-0.454078
-0.450463
-0.446852
-0.443245
-0.439641
-0.436041
-0.432445
-0.428852
-0.425262
-0.421676
-0.418094
-0.730744
-0.726852
-0.722965
-0.719082
-0.715203
-0.711327
-0.707455
-0.703588
-0.699724
-0.695864
-0.692007
-0.688155
-0.684306
-0.680462
-0.676621
-0.672784
-0.668951
-0.665122
-0.661296
-0.657474
-0.653657
-0.649843
-0.646032
-0.642226
-0.638423
-0.634624
-0.630829
-0.627038
-0.623251
-0.619467
-0.615687
-0.611911
-0.608139
-0.60437
-0.600606
-0.596845
-0.593087
-0.589334
-0.585584
-0.581838
-0.578096
-0.574358
-0.570623
-0.566892
-0.563164
-0.559441
-0.555721
-0.552005
-0.548293
-0.544584
-0.540879
-0.537177
-0.53348
-0.529786
-0.526096
-0.522409
-0.518726
-0.515047
-0.511372
-0.5077
-0.504032
-0.500367
-0.496706
-0.493049
-0.489396
-0.485746
-0.4821
-0.478457
-0.474818
-0.471183
-0.467551
-0.463923
-0.460299
-0.456678
-0.453061
-0.449447
-0.445837
-0.442231
-0.438628
-0.435029
-0.431434
-0.427842
-0.424254
-0.420669
-0.417088
-0.41351
-0.409936
-0.406366
-0.402799
-0.399235
-0.395676
-0.39212
-0.388567
-0.385018
-0.381472
-0.37793
-0.374392
-0.370857
-0.367326
-0.363798
-0.360274
-0.356753
-0.353235
-0.349722
-0.662439
-0.658616
-0.654797
-0.650982
-0.647171
-0.643363
-0.63956
-0.63576
-0.631964
-0.628171
-0.624383
-0.620598
-0.616817
-0.454926
-0.45131
-0.447699
-0.44409
-0.440486
-0.436885
-0.433288
-0.429694
-0.426104
-0.422517
-0.418934
-0.415355
-0.411779
-0.408207
-0.404638
-0.401073
-0.397511
-0.393953
-0.390399
-0.386848
-0.3833
-0.379757
-0.218103
-0.214724
-0.211349
-0.207977
-0.204608
-0.201243
-0.197881
-0.194523
-0.191167
-0.187816
-0.184467
-0.181122
-0.17778
-0.174442
-0.171107
-0.167775
-0.164447
-0.161122
-0.1578
-0.154482
-0.151167
-0.147855
-0.144546
-0.141241
-0.137939
-0.134641
-0.131345
-0.128053
-0.124765
-0.121479
-0.118197
-0.114918
-0.111643
-0.108371
-0.105102
-0.101836
-0.0985733
-0.0953141
-0.0920581
-0.0888054
-0.0855559
-0.0823097
-0.0790668
-0.075827
-0.388818
-0.385269
-0.381723
-0.378181
-0.374642
-0.371107
-0.367576
-0.205934
-0.202567
-0.199204
-0.195844
-0.192488
-0.189135
-0.185785
-0.182438
-0.179095
-0.175756
-0.172419
-0.169086
-0.165757
-0.16243
-0.159107
-0.155787
-0.152471
-0.149158
-0.145848
-0.142542
-0.139239
-0.135939
-0.132642
-0.129349
-0.126059
-0.122772
-0.119489
-0.116209
-0.112932
-0.109658
-0.106388
-0.103121
-0.0998571
-0.0965966
-0.0933394
-0.0900854
-0.0868346
-0.0835872
-0.0803429
-0.0771019
-0.0738642
0.0874842
0.0905575
0.0936277
0.0966948
0.0997588
0.10282
0.105878
0.108933
0.111984
0.115033
0.118079
0.121122
0.282275
0.285154
0.288029
0.290902
0.293772
0.296639
0.299503
0.302365
0.305223
0.308079
0.310932
0.313782
0.316629
0.319473
0.322314
0.00892505
0.0120768
0.0152255
0.0183709
0.0215133
0.0246525
0.0277885
0.0309214
0.0340512
0.0371779
0.0403014
0.0434218
0.0465391
0.0496533
0.0527644
0.0558723
0.0589772
-0.570377
-0.566646
-0.562919
-0.559195
-0.555476
-0.55176
-0.548048
-0.544339
-0.540634
-0.536933
-0.533236
-0.529542
-0.525852
-0.522166
-0.518484
-0.514805
-0.511129
-0.507458
-0.50379
-0.500126
-0.496465
-0.492808
-0.489155
-0.485505
-0.481859
-0.478217
-0.474578
-0.470943
-0.467312
-0.463684
-0.46006
-0.456439
-0.452823
-0.449209
-0.4456
-0.441993
-0.438391
-0.434792
-0.431197
-0.427605
-0.424017
-0.420433
-0.416852
-0.413274
-0.725928
-0.722042
-0.71816
-0.714281
-0.710407
-0.706536
-0.702669
-0.698806
-0.694947
-0.691092
-0.68724
-0.683393
-0.679549
-0.675709
-0.988101
-0.983952
-0.979808
-0.975668
-0.971532
-0.9674
-0.963273
-0.959149
-0.95503
-0.792801
-0.788848
-0.784899
-0.780953
-0.777012
-0.773075
-0.769141
-0.765212
-0.761286
-0.757365
-0.753447
-0.749533
-0.745624
-0.741718
-0.737816
-0.733917
-0.730023
-0.726133
-0.722246
-0.718364
-0.714485
-0.71061
-0.706739
-0.702872
-0.699009
-0.69515
-0.691294
-0.687442
-0.683595
-0.679751
-0.675911
-0.672074
-0.668242
-0.664413
-0.660589
-0.656768
-0.65295
-0.649137
-0.645328
-0.641522
-0.63772
-0.633922
-0.630128
-0.626337
-0.62255
-0.618767
-0.614988
-0.611213
-0.607441
-0.603673
-0.599909
-0.596149
-0.592393
-0.430526
-0.426935
-0.423347
-0.419764
-0.416183
-0.412607
-0.409034
-0.24735
-0.243942
-0.240538
-0.237137
-0.233739
-0.230345
-0.226954
-0.223566
-0.220182
-0.216801
-0.213424
-0.21005
-0.206679
-0.51954
-0.51586
-0.512183
-0.508511
-0.504842
-0.501177
-0.497515
-0.493857
-0.490203
-0.486552
-0.482905
-0.479262
-0.475622
-0.471986
-0.468353
-0.464725
-0.461099
-0.457478
-0.45386
-0.766473
-0.762546
-0.758624
-0.754705
-0.75079
-0.746879
-0.742971
-0.739068
-0.735169
-0.731273
-0.727382
-0.723494
-0.71961
-0.71573
-0.711854
-0.707982
-0.704113
-0.700249
-0.696388
-0.692532
-0.688679
-0.68483
-0.680984
-0.835257
-0.831262
-0.82727
-0.823282
-0.819299
-0.815319
-0.811344
-0.807372
-0.803404
-1.11567
-1.11139
-1.10712
-1.10285
-1.09859
-1.09433
-1.09008
-1.08583
-1.08158
-1.07734
-1.0731
-1.06887
-1.06464
-1.06042
-1.05619
-1.05198
-1.04777
-1.04356
-1.03935
-1.03515
-1.03096
-1.02677
-1.02258
-1.0184
-1.01422
-1.01005
-1.00588
-1.00171
-0.997547
-0.99339
-0.989236
-0.985087
-0.822827
-0.818844
-0.814865
-0.81089
-0.806919
-0.802952
-0.798988
-0.795029
-0.791074
-0.787122
-0.783175
-0.779231
-0.775292
-0.771356
-0.767425
-0.763497
-0.759573
-0.755653
-0.751737
-0.747825
-0.743917
-0.740013
-0.736113
-0.732216
-0.728324
-0.724435
-0.72055
-0.716669
-0.712792
-0.708919
-0.70505
-0.701185
-0.697323
-0.693465
-0.689611
-0.685762
-0.681915
-0.678073
-0.674235
-0.6704
-0.666569
-0.662742
-0.658919
-0.6551
-0.651285
-0.647473
-0.643665
-0.639861
-0.636061
-0.632264
-0.628472
-0.624683
-0.620898
-0.617117
-0.613339
-0.609565
-0.605795
-0.602029
-0.598267
-0.594508
-0.590753
-0.587002
-0.583255
-0.579511
-0.575771
-0.572035
-0.568302
-0.564574
-0.560849
-0.557127
-0.55341
-0.549696
-0.545986
-0.54228
-0.538577
-0.534878
-0.531183
-0.527491
-0.523803
-0.520119
-0.516438
-0.512761
-0.509088
-0.505419
-0.343639
-0.340135
-0.336634
-0.333137
-0.329643
-0.326153
-0.322666
-0.319183
-0.315703
-0.312227
-0.624982
-0.621197
-0.617415
-0.613638
-0.609863
-0.606093
-0.602327
-0.914792
-0.910717
-0.906646
-0.902579
-0.898516
-0.894457
-0.890403
-0.886352
-0.882305
-0.878263
-0.874224
-0.87019
-0.866159
-0.862133
-0.85811
-0.854092
-0.850078
-0.846067
-0.842061
-0.838059
-0.83406
-0.830066
-0.826076
-0.822089
-0.818107
-0.814129
-0.810154
-0.806184
-0.802217
-0.798255
-0.794296
-0.790342
-0.786391
-0.782444
-0.778502
-0.774563
-0.770628
-0.766697
-0.76277
-0.758847
-0.754928
-0.751013
-0.747101
-0.743194
-0.73929
-0.735391
-0.731495
-0.727603
-0.723715
-0.719831
-0.715951
-0.712075
-0.708202
-0.704334
-0.700469
-0.696608
-0.692751
-0.688898
-0.685049
-0.681203
-0.677362
-0.673524
-0.66969
-0.507746
-0.504078
-0.500414
-0.496753
-0.493096
-0.489442
-0.485792
-0.482146
-0.478503
-0.474864
-0.471229
-0.467597
-0.463969
-0.460345
-0.456724
-0.453107
-0.449493
-0.445883
-0.442277
-0.438674
-0.435075
-0.43148
-0.427888
-0.424299
-0.420714
-0.417133
-0.413556
-0.409982
-0.406411
-0.402844
-0.399281
-0.395721
-0.392165
-0.388612
-0.385063
-0.381517
-0.377975
-0.374437
-0.370902
-0.367371
-0.363843
-0.360318
-0.356797
-0.35328
-0.349766
-0.346256
-0.342749
-0.339246
-0.335746
-0.33225
-0.328757
-0.325268
-0.321782
-0.3183
-0.314821
-0.627573
-0.623785
-0.620001
-0.616221
-0.612444
-0.608671
-0.604902
-0.601137
-0.597376
-0.593618
-0.589864
-0.586114
-0.582367
-0.578624
-0.416771
-0.413194
-0.40962
-0.40605
-0.402484
-0.398921
-0.395361
-0.391805
-0.388253
-0.384704
-0.381159
-0.377618
-0.374079
-0.370545
-0.367014
-0.363486
-0.359962
-0.356442
-0.352925
-0.349411
-0.345901
-0.342395
-0.338892
-0.335393
-0.331897
-0.328404
-0.324915
-0.32143
-0.317948
-0.314469
-0.310994
-0.307523
-0.304055
-0.30059
-0.297129
-0.293671
-0.290217
-0.286766
-0.283319
-0.279875
-0.276435
-0.272998
-0.269564
-0.266134
-0.262707
-0.259284
-0.255864
-0.252448
-0.249035
-0.245625
-0.242219
-0.238816
-0.235417
-0.232021
-0.228628
-0.225239
-0.221853
-0.218471
-0.215092
-0.211716
-0.208344
-0.204975
-0.201609
-0.514475
-0.5108
-0.507129
-0.503461
-0.499797
-0.496137
-0.49248
-0.488827
-0.485178
-0.481532
-0.47789
-0.474252
-0.470617
-0.783214
-0.779271
-0.775331
-0.771395
-0.767464
-0.763536
-0.759612
-0.755692
-0.751776
-0.747864
-0.743956
-0.740052
-0.736151
-0.732255
-0.728362
-0.724473
-0.720589
-0.716708
-0.712831
-0.708958
-0.705088
-0.701223
-0.697361
-0.693504
-0.68965
-0.6858
-0.681954
-0.678111
-0.674273
-0.670438
-0.666607
-0.66278
-0.658957
-0.655138
-0.651322
-0.647511
-0.643703
-0.639899
-0.636098
-0.632302
-0.628509
-0.62472
-0.620935
-0.617154
-0.613376
-0.609603
-0.605833
-0.602066
-0.598304
-0.594545
-0.59079
-0.587039
-0.583291
-0.579548
-0.575808
-0.572072
-0.568339
-0.56461
-0.560885
-0.557164
-0.553446
-0.549733
-0.546022
-0.542316
-0.538613
-0.534914
-0.531219
-0.527527
-0.523839
-0.520155
-0.516474
-0.512797
-0.509124
-0.505455
-0.501789
-0.498126
-0.494468
-0.490813
-0.487162
-0.483514
-0.47987
-0.47623
-0.472593
-0.46896
-0.465331
-0.461705
-0.458083
-0.454464
-0.450849
-0.447238
-0.44363
-0.440026
-0.436425
-0.432829
-0.429235
-0.425646
-0.422059
-0.418477
-0.414898
-0.411323
-0.407751
-0.404182
-0.400618
-0.397057
-0.393499
-0.389945
-0.386395
-0.382848
-0.379304
-0.217651
-0.214273
-0.210898
-0.207526
-0.204158
-0.200793
-0.197432
-0.194074
-0.190719
-0.187368
-0.18402
-0.180675
-0.177334
-0.173996
-0.170661
-0.16733
-0.164002
-0.160678
-0.157356
-0.154038
-0.150724
-0.147412
-0.144104
-0.1408
-0.137498
-0.1342
-0.130905
-0.127614
-0.124325
-0.12104
-0.117759
-0.11448
-0.427433
-0.423845
-0.420261
-0.41668
-0.413103
-0.409529
-0.405959
-0.402393
-0.39883
-0.395271
-0.391715
-0.388163
-0.384614
-0.381069
-0.377527
-0.373989
-0.370455
-0.366924
-0.363396
-0.359872
-0.356352
-0.352835
-0.349322
-0.345812
-0.342306
-0.338803
-0.335303
-0.331808
-0.328315
-0.324826
-0.321341
-0.317859
-0.314381
-0.310906
-0.307434
-0.303966
-0.300502
-0.297041
-0.293583
-0.290129
-0.286678
-0.283231
-0.279787
-0.276347
-0.27291
-0.269477
-0.266047
-0.26262
-0.259197
-0.255777
-0.252361
-0.248948
-0.245538
-0.242132
-0.23873
-0.23533
-0.231934
-0.228542
-0.225153
-0.221767
-0.534612
-0.530917
-0.527226
-0.523538
-0.519854
-0.516174
-0.512497
-0.508824
-0.505155
-0.501489
-0.497828
-0.494169
-0.490515
-0.486864
-0.483216
-0.479573
-0.475933
-0.472296
-0.468664
-0.465034
-0.461409
-0.299673
-0.296213
-0.292756
0.0269249
0.0300587
0.0331894
0.0363169
0.0394413
0.0425626
0.0456807
0.0487958
0.0519077
0.0550165
0.0581222
0.0612248
0.0643243
0.0674207
0.070514
0.0736042
0.0766914
0.0797754
0.0828564
0.0859343
0.0890091
0.0920808
0.0951495
0.0982151
0.101278
0.104337
0.107393
0.110447
0.113497
0.116544
0.119589
0.12263
0.125668
0.128703
0.131735
-0.181464
-0.494349
-0.490695
-0.487043
-0.483396
-0.479752
-0.476112
-0.472475
-0.468842
-0.465213
-0.461587
-0.616079
-0.612303
-0.60853
-0.604761
-0.600996
-0.597235
-0.593477
-0.589723
-0.585973
-0.582226
-0.578484
-0.574745
-0.57101
-0.567278
-0.563551
-0.559827
-0.556107
-0.55239
-0.548677
-0.544968
-0.541263
-0.537561
-0.533863
-0.530169
-0.526478
-0.522791
-0.519108
-0.515428
-0.511753
-0.50808
-0.504412
-0.500747
-0.497086
-0.493428
-0.489774
-0.486124
-0.482478
-0.478835
-0.475195
-0.47156
-0.467928
-0.464299
-0.460675
-0.457053
-0.453436
-0.449822
-0.446212
-0.442605
-0.439002
-0.435402
-0.431807
-0.428214
-0.424626
-0.42104
-0.417459
-0.413881
-0.410307
-0.406736
-0.403169
-0.399605
-0.396045
-0.392488
-0.388935
-0.385386
-0.38184
-0.378298
-0.374759
-0.371224
-0.367692
-0.364164
-0.360639
-0.357118
-0.3536
-0.350086
-0.346575
-0.343068
-0.339565
-0.336065
-0.332568
-0.329075
-0.325585
-0.322099
-0.318617
-0.315137
-0.311662
-0.30819
-0.304721
-0.301256
-0.297794
-0.294335
-0.290881
-0.287429
-0.283981
-0.280537
-0.277095
-0.273658
-0.270224
-0.266793
-0.263365
-0.259942
-0.256521
-0.253104
-0.24969
-0.24628
-0.242873
-0.23947
-0.23607
-0.232673
-0.22928
-0.22589
-0.222503
-0.21912
-0.215741
-0.212364
-0.208991
-0.205622
-0.202256
-0.198893
-0.195533
-0.192177
-0.188824
-0.185475
-0.182129
-0.178786
-0.175447
-0.172111
-0.168778
-0.165449
-0.162122
-0.1588
-0.15548
-0.152164
-0.148851
-0.145542
-0.142236
-0.138933
-0.135633
-0.132337
-0.445272
-0.441666
-0.438064
-0.434465
-0.430871
-0.427279
-0.423691
-0.420107
-0.416527
-0.41295
-0.409376
-0.405806
-0.40224
-0.398677
-0.395118
-0.391562
-0.38801
-0.384462
-0.380917
-0.377376
-0.373838
-0.370303
-0.366773
-0.363245
-0.359721
-0.198087
-0.194729
-0.191373
-0.188021
-0.184673
-0.181327
-0.177986
-0.174647
-0.171312
-0.16798
-0.164651
-0.161326
-0.158004
-0.154685
-0.15137
-0.148058
-0.144749
-0.141444
-0.138142
-0.134843
-0.131548
-0.128255
-0.124967
-0.121681
-0.118399
-0.11512
-0.111844
-0.108571
-0.105302
-0.102036
-0.0987735
-0.0955141
-0.092258
-0.0890051
-0.0857554
-0.082509
-0.0792658
-0.0760259
-0.0727892
-0.0695558
-0.0663255
-0.0630986
-0.0598748
-0.0566543
-0.0534369
-0.0502228
-0.0470119
-0.0438042
0.117514
0.120557
0.123598
0.126635
0.129669
0.1327
0.135728
0.138753
0.141775
0.144794
0.14781
0.150823
0.153833
0.15684
0.159844
0.162845
0.165843
0.168838
0.17183
0.174819
0.177804
0.180787
0.183767
0.186744
0.189718
0.19269
0.195658
0.198623
0.201585
0.204544
0.2075
0.210454
0.213404
0.216352
0.219296
0.222237
0.225176
0.228112
-0.0851834
-0.0819376
-0.078695
-0.0754556
-0.230333
-0.226942
-0.223555
-0.220171
-0.21679
-0.213413
-0.210039
-0.206668
-0.203301
-0.199937
-0.196576
-0.193219
-0.189865
-0.186515
-0.183168
-0.179824
-0.176484
-0.173146
-0.169813
-0.166482
-0.163155
-0.159831
-0.156511
-0.153194
-0.14988
-0.14657
-0.143262
-0.139958
-0.136658
-0.133361
-0.130067
-0.126776
-0.123488
-0.120204
-0.116923
-0.113646
-0.110372
-0.107101
-0.103833
-0.100568
-0.0973072
-0.0940492
-0.0907945
-0.0875431
-0.0842949
-0.0810499
-0.0778082
-0.0745698
-0.0713345
-0.0681026
-0.0648738
-0.0616482
-0.0584259
-0.0552068
-0.051991
-0.0487783
-0.0455689
-0.0423626
-0.0391596
-0.0359597
-0.0327631
-0.0295697
-0.0263794
0.134922
0.137947
0.14097
0.14399
0.147007
0.150021
0.153031
0.156039
0.159044
0.162045
0.165044
0.16804
0.171033
0.174022
0.177009
0.179993
0.182974
-0.130276
-0.126985
-0.123698
-0.120413
-0.117132
-0.113854
-0.11058
-0.107309
-0.104041
-0.100776
-0.0975147
-0.0942565
-0.0910016
-0.08775
-0.0845016
-0.0812564
-0.0780145
-0.0747758
-0.0715404
-0.0683082
-0.0650792
-0.0618535
-0.058631
-0.0554117
-0.0521956
-0.0489827
-0.0457731
-0.0425666
-0.0393634
-0.0361633
-0.0329665
-0.0297729
-0.0265824
-0.0233951
-0.0202111
-0.0170302
-0.0138524
-0.0106779
-0.00750653
-0.00433833
-0.0011733
0.00198857
0.00514728
-0.307925
-0.304456
-0.300991
-0.29753
-0.294072
-0.290617
-0.287166
-0.283718
-0.280274
-0.276833
-0.273396
-0.269962
-0.266531
-0.579332
-0.575592
-0.571856
-0.568124
-0.564396
-0.560671
-0.55695
-0.86946
-0.86543
-0.861405
-0.857383
-0.853365
-0.849352
-0.845342
-0.841336
-0.837335
-0.833337
-0.829344
-0.825354
-1.1376
-1.1333
-1.129
-1.12472
-1.12043
-1.11615
-1.11187
-1.1076
-1.10333
-1.09907
-1.09481
-1.09056
-1.08631
-1.08206
-1.07782
-1.07358
-1.06935
-1.06512
-1.06089
-1.05667
-1.05245
-1.04824
-1.04403
-1.03983
-1.03563
-1.03143
-1.02724
-1.02305
-1.01887
-1.01469
-1.01052
-1.00635
-1.00218
-0.998016
-0.993858
-0.83159
-0.827598
-0.82361
-0.819626
-0.815646
-0.81167
-0.807699
-0.803731
-0.799767
-0.795806
-0.79185
-0.787898
-0.78395
-0.780006
-0.776065
-0.772129
-0.768197
-0.764268
-0.60223
-0.598467
-0.594708
-0.590953
-0.587202
-0.583454
-0.57971
-0.57597
-0.572234
-0.568501
-0.564772
-0.561047
-0.557326
-0.553608
-0.549894
-0.546184
-0.542477
-0.538774
-0.535075
-0.531379
-0.527688
-0.524
-0.520315
-0.516634
-0.512957
-0.509284
-0.505614
-0.501948
-0.498286
-0.494627
-0.490972
-0.48732
-0.483673
-0.480029
-0.476388
-0.472751
-0.469118
-0.465488
-0.461862
-0.45824
-0.454621
-0.451006
-0.447395
-0.443787
-0.440183
-0.436582
-0.432985
-0.429392
-0.425802
-0.422215
-0.418633
-0.415054
-0.411478
-0.407906
-0.404338
-0.400773
-0.397212
-0.393654
-0.3901
-0.386549
-0.383002
-0.379459
-0.375919
-0.372382
-0.368849
-0.36532
-0.361794
-0.358272
-0.354753
-0.351238
-0.347726
-0.344218
-0.340713
-0.337212
-0.333714
-0.33022
-0.326729
-0.323242
-0.319758
-0.316278
-0.312801
-0.309328
-0.305858
-0.302391
-0.298928
-0.295469
-0.292013
-0.28856
-0.126997
-0.12371
-0.120425
-0.117144
-0.113866
-0.110592
-0.107321
-0.104053
-0.100788
-0.0975266
-0.0942684
-0.0910135
-0.0877618
-0.0845134
0.0768456
0.0799295
0.0830103
0.0860881
0.0891627
0.0922343
0.0953028
0.0983682
0.101431
0.10449
0.107546
0.110599
0.11365
0.116697
0.119741
0.122782
0.12582
0.128855
0.131887
0.134915
0.137941
0.140964
0.143984
0.147001
0.150014
0.153025
0.156033
0.159038
-0.154188
-0.150874
-0.147562
-0.144254
-0.140949
-0.137647
-0.134349
-0.131054
-0.127762
-0.440702
-0.437101
-0.433503
-0.429909
-0.426319
-0.422732
-0.419149
-0.415569
-0.411993
-0.40842
-0.404851
-0.401286
-0.397724
-0.394166
-0.390611
-0.38706
-0.383513
-0.379969
-0.376428
-0.372891
-0.369358
-0.365828
-0.362302
-0.358779
-0.35526
-0.351744
-0.348232
-0.344723
-0.341218
-0.337716
-0.334218
-0.330723
-0.327232
-0.323744
-0.32026
-0.316779
-0.313301
-0.309828
-0.306357
-0.144776
-0.141471
-0.138169
-0.13487
-0.131575
-0.128282
-0.124994
-0.121708
-0.118426
-0.115146
-0.111871
-0.108598
-0.105329
-0.102063
-0.0988003
-0.0955408
-0.0922846
-0.0890317
-0.085782
-0.0825356
-0.0792924
-0.0760524
-0.0728157
-0.0695823
-0.066352
-0.063125
-0.0599012
-0.0566806
-0.0534633
-0.0502491
-0.0470382
-0.0438305
-0.040626
-0.0374247
-0.0342266
-0.0310317
-0.02784
-0.0246515
-0.0214661
-0.018284
-0.015105
-0.0119292
-0.00875659
-0.00558714
-0.00242086
0.000742257
-0.312326
-0.308853
-0.305383
-0.301917
-0.298455
-0.294996
-0.133426
-0.130132
-0.126842
-0.123554
-0.12027
-0.116989
-0.113711
-0.110437
-0.107166
-0.420126
-0.416545
-0.412968
-0.409395
-0.405825
-0.402259
-0.398696
-0.395137
-0.391581
-0.388029
-0.38448
-0.380935
-0.377394
-0.373856
-0.370322
-0.683019
-0.679175
-0.675336
-0.6715
-0.667668
-0.66384
-0.501902
-0.49824
-0.810809
-0.806838
-0.802871
-0.798907
-0.794948
-0.790993
-0.787042
-0.783094
-0.779151
-0.775212
-0.771276
-0.767344
-0.763417
-0.759493
-0.755573
-0.751657
-0.747745
-0.743837
-0.739933
-0.736033
-0.732136
-0.57013
-0.5664
-0.562673
-0.55895
-0.55523
-0.551515
-0.547803
-0.544094
-0.54039
-0.536689
-0.532992
-0.529299
-0.525609
-0.521923
-0.51824
-0.514562
-0.510887
-0.507215
-0.503548
-0.499884
-0.496223
-0.492567
-0.488914
-0.485264
-0.481619
-0.477977
-0.474338
-0.470703
-0.467072
-0.463445
-0.459821
-0.4562
-0.452584
-0.448971
-0.445361
-0.441755
-0.438153
-0.434555
-0.43096
-0.427368
-0.42378
-0.420196
-0.416615
-0.413038
-0.409465
-0.405895
-0.402328
-0.398765
-0.395206
-0.39165
-0.388098
-0.38455
-0.381005
-0.377463
-0.373925
-0.370391
-0.36686
-0.363333
-0.359809
-0.356288
-0.194658
-0.191302
-0.187951
-0.184602
-0.181257
-0.177915
-0.174576
-0.171241
-0.167909
-0.164581
-0.161256
-0.157934
-0.154615
-0.1513
-0.147988
-0.144679
-0.141374
-0.138072
-0.134773
-0.131478
-0.128186
-0.124897
-0.121612
-0.118329
-0.11505
-0.111775
-0.108502
-0.105233
-0.101967
-0.0987046
-0.0954453
-0.0921892
-0.0889363
-0.0856867
-0.0824404
-0.0791973
-0.0759574
-0.0727208
-0.0694874
-0.0662573
-0.0630304
-0.0598067
-0.0565862
-0.053369
-0.0501549
-0.0469441
-0.0437365
-0.0405321
-0.0373309
0.123981
0.127018
0.130052
0.133082
0.13611
0.139135
0.142156
0.145175
0.14819
0.309317
0.312168
0.315017
0.317863
0.320706
0.323546
0.326383
0.329218
0.33205
0.334878
0.337704
0.340527
0.343348
0.346165
0.34898
0.351792
0.354601
0.357407
0.360211
0.363011
0.365809
0.368604
0.371397
0.374186
0.376973
0.379757
0.382538
0.385316
0.388092
0.390865
0.393635
0.396402
0.0829386
0.0860164
0.0890912
0.0921628
0.0952314
0.0982969
0.101359
0.104419
0.107475
0.110528
0.113579
0.116626
0.11967
0.122711
0.125749
0.128784
0.131816
0.134845
0.137871
0.140894
-0.80477
-0.800805
-0.796843
-0.792886
-0.788933
-1.10121
-1.09695
-1.09269
-1.08844
-1.08419
-1.07995
-1.07571
-1.07147
-1.06724
-1.06301
-1.05879
-1.05457
-1.05036
-1.04614
-1.04194
-1.03774
-1.03354
-1.02934
-1.02516
-1.02097
-1.01679
-1.01261
-1.00844
-0.846157
-0.84215
-0.680034
-0.676193
-0.672357
-0.668524
-0.664695
-0.66087
-0.657049
-0.653232
-0.649418
-0.645608
-0.641802
-0.638
-0.634202
-0.630407
-0.626616
-0.622829
-0.619046
-0.457153
-0.453535
-0.449921
-0.446311
-0.442704
-0.439101
-0.435501
-0.431905
-0.428313
-0.424724
-0.421139
-0.417557
-0.413979
-0.410405
-0.406834
-0.245152
-0.241747
-0.238344
-0.234946
-0.23155
-0.228158
-0.224769
-0.221384
-0.218002
-0.214623
-0.211248
-0.207876
-0.204508
-0.201143
-0.197781
-0.194422
-0.191067
-0.187716
-0.184367
-0.181022
-0.177681
-0.174343
-0.171008
-0.167676
-0.164348
-0.161023
-0.157701
-0.154383
-0.151068
-0.147756
-0.144448
-0.141143
-0.137841
-0.134542
-0.131247
-0.127955
-0.124667
-0.121381
-0.118099
-0.114821
-0.111545
-0.108273
-0.105004
-0.101739
-0.0984761
-0.095217
-0.0919611
-0.0887085
-0.0854592
-0.082213
-0.0789702
-0.0757306
-0.0724942
-0.069261
-0.0660311
-0.0628044
-0.0595809
-0.0563607
-0.0531436
-0.0499298
-0.0467192
-0.0435118
-0.0403076
-0.0371067
-0.0339089
-0.0307143
-0.0275229
-0.0243347
-0.0211497
-0.0179678
-0.0147892
-0.0116137
-0.00844138
-0.00527225
-0.00210628
0.00105652
0.16233
0.165328
0.168324
0.171316
0.174306
0.177292
0.180276
0.183256
0.186234
0.189208
0.19218
0.195149
0.198114
0.201077
0.204037
0.206993
0.209947
0.212898
0.215846
0.218791
0.221733
0.224672
0.227608
0.230541
0.233472
0.236399
0.239323
0.400359
0.403119
0.405877
0.408632
0.411384
0.414134
0.416881
0.419625
0.422366
0.425105
0.42784
0.430573
0.433304
0.436031
0.438756
0.441478
0.444198
0.446915
0.449629
0.45234
0.455048
0.457754
0.460457
0.463158
0.465856
0.468551
0.471243
0.473933
0.47662
0.479304
0.481986
0.484665
0.487341
0.490015
0.492686
0.495354
0.498019
0.500682
0.503343
0.506
0.508655
0.511307
0.513957
0.516604
0.519248
0.52189
0.524529
0.527166
0.5298
0.532431
0.535059
0.537685
0.540308
0.542929
0.545547
0.548162
0.708889
0.711341
0.713791
0.716238
0.718683
0.721125
0.723565
0.726003
0.728438
0.73087
0.733301
0.735728
0.738154
0.740577
0.901111
0.903371
0.905629
0.907884
0.910138
0.912389
0.914637
0.916884
0.919128
0.92137
0.92361
0.925848
0.928083
0.930316
0.932547
0.934775
0.937002
0.939226
0.941448
0.943668
0.945885
0.9481
0.950313
0.952524
0.954733
0.956939
0.959144
0.961346
0.963546
0.965743
0.967939
0.970132
0.972323
0.974512
0.976698
0.978883
0.981065
0.983245
0.985423
0.829485
0.831817
0.834146
0.836473
0.838798
0.84112
0.84344
0.845758
0.848073
0.850386
0.852697
0.855005
0.857311
0.859615
0.861917
0.864216
0.866513
0.868807
0
0.0031607
0.00631823
0.00947262
0.0126238
0.0157719
0.0189169
0.0220586
0.0251973
0.0283328
0.0314652
0.0345944
0.0377205
0.0408435
0.0439634
-0.269148
-0.265718
-0.262292
-0.258869
-0.255449
-0.252033
-0.248621
-0.245211
-0.241806
-0.238403
-0.235004
-0.231609
-0.228217
-0.224828
-0.221442
-0.21806
-0.214682
-0.211306
-0.207934
-0.204566
-0.201201
-0.197839
-0.194481
-0.191125
-0.504001
-0.816565
-0.812588
-0.808615
-0.804646
-0.800681
-0.79672
-0.792763
-0.78881
-0.784861
-0.780916
-0.776975
-0.773037
-0.769104
-0.765175
-0.761249
-0.757327
-0.75341
-0.749496
-0.745586
-0.74168
-0.737778
-0.73388
-0.729986
-0.726096
-0.722209
-0.718327
-0.714448
-0.710573
-0.706702
-0.702835
-0.698972
-0.695113
-0.691257
-0.687406
-0.683558
-0.679714
-0.675874
-0.672038
-0.668205
-0.664377
-0.660552
-0.656731
-0.652914
-0.649101
-0.645291
-0.641486
-0.637684
-0.633886
-0.630092
-0.626301
-0.622514
-0.460618
-0.456997
-0.453379
-0.449765
-0.446155
-0.442548
-0.438945
-0.435346
-0.43175
-0.428158
-0.424569
-0.420984
-0.417403
-0.413825
-1.35893
-1.35441
-1.3499
-1.34539
-1.34089
-1.33638
-1.33189
-1.3274
-1.32291
-1.16031
-1.15599
-1.15168
-1.14736
-1.14306
-1.13875
-1.13445
-1.13016
-1.12587
-1.12158
-1.1173
-1.11302
-1.10875
-1.10448
-1.10022
-1.09596
-1.0917
-1.08745
-1.0832
-1.07896
-1.07472
-1.07048
-1.06625
-1.06203
-1.0578
-1.05359
-1.04937
-1.04516
-1.35719
-1.35267
-1.34816
-1.34365
-1.33914
-1.33464
-1.33015
-1.32566
-1.32117
-1.31669
-1.31222
-1.30774
-1.30328
-1.29881
-1.29435
-1.2899
-1.28545
-1.281
-1.27656
-1.27213
-1.26769
-1.26327
-1.25884
-1.25442
-1.25001
-1.2456
-1.24119
-1.23679
-1.2324
-1.228
-1.22361
-1.21923
-1.21485
-1.21048
-1.20611
-1.20174
-1.19738
-1.19302
-1.18867
-1.18432
-1.17997
-1.17563
-1.1713
-1.16697
-1.16264
-1.15832
-1.154
-1.14968
-1.14538
-1.14107
-1.13677
-1.13247
-1.12818
-0.965777
-0.961651
-0.957529
-0.953411
-0.949298
-0.945188
-0.941083
-0.936981
-0.932884
-0.928791
-0.924702
-0.920617
-0.916536
-0.912459
-0.908387
-0.904318
-0.900254
-0.896193
-1.20836
-1.204
-1.19963
-1.19527
-1.19092
-1.02845
-1.02426
-1.02008
-1.0159
-1.01172
-1.00755
-1.00338
-0.999219
-0.99506
-0.990904
-0.986753
-0.982606
-0.978463
-0.974325
-0.97019
-0.96606
-0.961934
-0.957811
-0.953693
-0.94958
-0.94547
-0.941364
-0.937262
-0.933165
-0.929072
-1.24121
-1.23681
-1.23241
-1.22802
-1.22363
-1.21925
-1.21487
-1.21049
-1.20612
-1.20176
-1.19739
-1.19304
-1.18868
-1.18434
-1.17999
-1.17565
-1.17131
-1.16698
-1.16266
-1.15833
-1.15402
-1.1497
-1.14539
-1.14109
-1.13678
-1.13249
-1.1282
-1.12391
-1.11962
-1.43157
-1.42698
-1.42239
-1.41781
-1.41323
-1.40866
-1.40409
-1.39953
-1.07874
-1.0745
-1.07027
-1.06603
-1.06181
-1.05759
-1.05337
-1.04916
-1.04495
-1.04074
-0.878426
-0.874388
-0.870353
-0.866322
-0.862296
-0.858273
-0.854255
-0.85024
-0.84623
-0.842223
-0.838221
-0.834222
-0.830228
-0.826237
-0.82225
-0.660154
-0.656334
-0.652517
-0.648704
-0.644895
-0.641089
-0.637288
-0.63349
-0.629696
-0.625906
-0.62212
-0.618338
-0.614559
-0.610784
-0.607013
-0.603245
-0.599482
-0.595722
-0.591966
-0.588213
-0.584465
-0.58072
-0.576979
-0.573241
-0.569508
-0.565778
-0.562052
-0.558329
-0.55461
-0.867123
-0.863096
-0.859073
-0.855053
-0.851038
-0.847027
-0.843019
-0.839016
-0.835017
-0.831021
-0.82703
-0.823043
-0.819059
-0.81508
-0.811105
-0.807133
-0.803166
-0.799202
-0.795243
-0.791287
-0.787336
-0.783388
-0.779445
-0.775505
-0.771569
-0.767637
-0.763709
-0.759785
-0.755865
-0.751949
-0.748037
-0.744128
-0.740224
-0.736323
-0.732427
-0.728534
-0.882759
-0.878716
-0.874677
-0.870642
-0.866611
-0.862584
-0.858561
-0.854542
-0.850528
-0.846517
-0.84251
-0.838507
-0.834508
-0.830514
-0.826523
-0.822536
-0.818553
-0.814574
-0.8106
-0.806629
-0.802662
-0.798699
-0.79474
-0.790785
-0.786834
-0.782887
-0.778943
-0.775004
-0.771069
-0.767137
-0.76321
-0.759286
-0.755367
-0.751451
-0.747539
-0.743631
-0.739727
-0.735827
-0.731931
-0.728039
-0.724151
-0.720266
-0.716385
-0.712509
-0.708636
-0.704767
-0.700902
-0.69704
-0.693183
-0.68933
-0.68548
-0.681634
-0.677792
-0.673954
-0.67012
-0.666289
-0.662462
-0.65864
-0.654821
-0.651006
-0.647194
-0.643387
-0.639583
-0.635783
-0.631987
-0.628194
-0.624406
-0.620621
-0.61684
-0.613063
-0.609289
-0.60552
-0.601754
-0.597992
-0.594233
-0.590479
-0.586728
-0.582981
-0.579237
-0.575498
-0.571762
-0.568029
-0.564301
-0.560576
-0.556855
-0.553138
-0.549424
-0.861942
-0.85792
-0.853902
-0.849888
-0.845878
-0.841872
-0.837869
-0.833871
-0.829877
-0.825887
-0.821901
-0.817919
-0.81394
-0.809966
-0.805996
-0.80203
-0.798067
-0.794109
-0.790154
-0.786204
-0.782257
-0.778315
-0.774376
-0.770442
-0.766511
-0.762584
-0.758661
-0.754742
-0.750827
-0.746916
-0.743009
-0.739105
-0.735206
-0.73131
-0.727419
-0.723531
-0.719647
-0.715767
-0.711891
-0.708019
-0.704151
-0.700286
-0.696425
-0.692569
-0.688716
-0.684867
-0.681021
-0.67718
-0.673343
-0.669509
-0.665679
-0.661853
-0.658031
-0.654212
-0.650398
-0.646587
-0.64278
-0.638977
-0.635177
-0.631382
-0.62759
-0.623802
-0.620018
-0.616238
-0.612461
-0.608688
-0.604919
-0.601154
-0.597392
-0.593634
-0.58988
-0.58613
-0.582384
-0.578641
-0.574902
-0.571166
-0.567435
-0.563707
-0.559983
-0.556263
-0.552546
-0.548833
-0.545124
-0.541418
-0.537716
-0.534018
-0.530324
-0.526633
-0.522946
-0.519262
-0.515583
-0.511907
-0.508234
-0.504566
-0.500901
-0.497239
-0.493582
-0.489928
-0.486277
-0.48263
-0.478987
-0.475348
-0.471712
-0.46808
-0.464451
-0.460826
-0.457205
-0.453588
-0.449973
-0.446363
-0.442756
-0.439153
-0.435553
-0.431957
-0.428365
-0.424776
-0.263077
-0.259653
-0.256233
-0.252816
-0.249403
-0.245993
-0.242586
-0.239183
-0.235783
-0.232387
-0.228994
-0.225604
-0.222218
-0.218835
-0.215456
-0.21208
-0.208707
-0.205338
-0.201972
-0.198609
-0.19525
-0.191894
-0.662884
-0.65906
-0.655241
-0.651425
-0.647614
-0.643806
-0.640001
-0.636201
-0.632404
-0.628612
-0.624823
-0.621037
-0.459142
-0.455523
-0.451907
-0.448294
-0.444685
-0.44108
-0.437479
-0.433881
-0.5884
-0.584651
-0.580906
-0.577165
-0.573427
-0.569694
-0.565964
-0.562237
-0.558515
-0.554796
-0.55108
-0.547369
-0.543661
-0.539957
-0.536257
-0.53256
-0.528867
-0.525178
-0.521492
-0.51781
-0.514132
-0.510457
-0.506787
-0.503119
-0.499456
-0.495796
-0.808367
-0.804399
-0.800434
-0.796473
-0.792516
-0.788564
-0.784615
-0.78067
-0.776729
-0.772792
-0.768859
-1.08116
-1.07692
-1.07268
-1.06845
-1.06422
-1.05999
-1.05577
-1.05156
-1.04735
-1.04314
-1.03893
-1.03474
-1.03054
-1.02635
-1.02216
-1.01798
-0.855689
-0.851673
-0.847661
-0.843653
-0.839649
-0.835649
-0.831653
-0.827661
-0.823673
-0.819689
-0.815709
-0.811733
-0.807761
-0.803793
-0.799829
-0.795869
-0.791913
-0.78796
-0.784012
-0.780068
-0.776127
-0.772191
-0.768259
-0.76433
-0.760405
-0.756485
-0.752568
-0.748655
-0.744746
-0.740841
-0.73694
-0.733042
-0.729149
-0.72526
-0.721374
-0.717492
-0.555501
-0.551785
-0.548073
-0.544364
-0.540659
-0.536958
-0.533261
-0.529567
-0.525877
-0.522191
-0.518508
-0.514829
-0.511154
-0.507482
-0.503814
-0.50015
-0.49649
-0.492833
-0.489179
-0.48553
-0.481884
-0.478241
-0.474603
-0.470968
-0.467336
-0.463708
-0.460084
-0.456464
-0.452847
-0.449233
-0.445624
-0.442018
-0.438415
-0.434816
-0.431221
-0.427629
-0.424041
-0.420457
-0.416876
-0.413298
-0.409724
-0.406154
-0.402588
-0.399024
-0.395465
-0.391909
-0.388357
-0.384808
-0.381262
-0.377721
-0.374182
-0.370648
-0.367117
-0.363589
-0.360065
-0.356544
-0.353027
-0.349514
-0.346004
-0.342497
-0.18088
-0.177539
-0.174201
-0.170866
-0.167534
-0.164206
-0.160881
-0.15756
-0.154242
-0.150927
-0.147615
-0.144307
-0.141002
-0.1377
-0.134402
-0.131107
-0.127815
-0.124527
-0.121242
-0.11796
-0.114681
-0.111406
-0.108134
-0.104865
-0.1016
-0.0983373
-0.0950783
-0.0918226
-0.0885701
-0.0853209
-0.0820749
-0.0788322
-0.0755927
-0.0723565
-0.0691235
-0.0658937
-0.0626671
-0.0594438
-0.0562237
-0.0530068
-0.0497931
-0.0465826
-0.0433754
-0.0401713
-0.0369705
0.124341
0.127377
0.130411
0.133441
0.136469
0.139493
0.142514
0.145532
0.148548
0.15156
0.154569
0.157575
0.160578
0.163579
0.166576
0.16957
0.172561
0.175549
-0.453921
-0.450306
-0.446696
-0.443088
-0.439485
-0.435885
-0.432289
-0.428696
-0.425107
-0.421521
-0.417939
-0.414361
-0.410786
-0.407214
-0.403647
-0.400083
-0.396522
-0.392965
-0.705639
-0.701773
-0.697911
-0.694053
-0.690199
-0.686348
-0.682501
-0.678658
-0.674819
-0.670984
-0.667153
-0.505211
-0.501546
-0.497884
-0.494226
-0.490571
-0.48692
-0.483272
-0.479629
-0.475989
-0.472352
-0.468719
-0.46509
-0.461465
-0.457843
-0.454224
-0.45061
-0.446999
-0.443391
-0.439787
-0.436187
-0.43259
-0.428997
-0.425408
-0.421822
-0.41824
-0.414661
-0.411086
-0.407514
-0.403946
-0.400382
-0.396821
-0.393264
-0.38971
-0.38616
-0.382613
-0.37907
-0.37553
-0.371994
-0.368462
-0.364933
-0.361407
-0.357885
-0.354367
-0.350852
-0.347341
-0.343833
-0.340328
-0.336828
-0.33333
-0.329836
-0.326346
-0.322859
-0.319376
-0.315896
-0.312419
-0.308946
-0.305477
-0.302011
-0.298548
-0.295089
-0.291634
-0.604409
-0.600644
-0.438769
-0.43517
-0.431575
-0.427983
-0.424394
-0.420809
-0.259114
-0.571922
-0.56819
-0.564461
-0.560736
-0.557015
-0.553298
-0.549584
-0.545874
-0.542168
-0.538465
-0.534766
-0.531071
-0.527379
-0.523692
-0.520008
-0.516327
-0.51265
-0.508977
-0.505308
-0.501642
-0.49798
-0.494322
-0.490667
-0.487016
-0.483368
-0.479724
-0.476084
-0.472448
-0.468815
-0.465185
-0.46156
-0.457938
-0.454319
-0.450705
-0.447093
-0.443486
-0.439882
-0.436282
-0.432685
-0.429092
-0.425502
-0.421916
-0.418334
-0.414755
-0.41118
-0.407608
-0.40404
-0.400475
-0.396914
-0.393357
-0.389803
-0.386253
-0.382706
-0.379163
-0.375623
-0.372087
-0.368554
-0.365025
-0.3615
-0.357978
-0.354459
-0.350944
-0.347433
-0.343925
-0.34042
-0.33692
-0.333422
-0.329928
-0.326438
-0.322951
-0.161353
-0.158031
-0.154713
-0.151397
-0.148085
-0.144777
-0.141471
-0.138169
-0.13487
-0.131575
-0.128283
-0.124994
-0.121708
-0.118426
-0.115147
-0.111871
-0.424826
-0.421241
-0.417659
-0.414081
-0.410506
-0.406935
-0.403368
-0.399804
-0.396244
-0.392687
-0.389134
-0.385584
-0.382038
-0.378496
-0.374957
-0.371421
-0.367889
-0.364361
-0.360836
-0.357315
-0.353797
-0.350282
-0.346772
-0.343264
-0.339761
-0.33626
-0.332763
-0.32927
-0.32578
-0.322294
-0.318811
-0.315332
-0.311856
-0.308384
-0.304915
-0.301449
-0.297987
-0.294529
-0.291074
-0.287622
-0.284174
-0.280729
-0.277288
-0.27385
-0.270416
-0.266985
-0.263557
-0.260133
-0.256712
-0.253295
-0.249881
-0.246471
-0.243064
-0.0815461
-0.0783039
-0.0750649
-0.0718292
-0.384825
-0.381279
-0.377737
-0.374199
-0.370664
-0.367133
-0.363606
-0.360081
-0.356561
-0.353044
-0.34953
-0.34602
-0.342514
-0.339011
-0.335511
-0.332015
-0.328522
-0.325033
-0.321548
-0.318066
-0.314587
-0.311112
-0.30764
-0.304172
-0.300707
-0.297246
-0.293788
-0.290334
-0.286883
-0.283436
-0.279992
-0.276551
-0.273114
-0.26968
-0.26625
-0.262823
-0.575628
-0.571892
-0.568159
-0.564431
-0.560706
-0.556985
-0.553267
-0.549554
-0.545844
-0.542138
-0.538435
-0.534736
-0.531041
-0.527349
-0.523662
-0.519977
-0.516297
-0.51262
-0.508947
-0.505278
-0.501612
-0.49795
-0.494292
-0.490637
-0.486986
-0.483338
-0.479695
-0.476054
-0.472418
-0.468785
-0.465156
-0.46153
-0.457908
-0.45429
-0.292561
-0.289108
-0.285658
-0.282212
-0.278769
-0.117216
-0.113938
-0.110664
-0.107393
-0.104125
-0.10086
-0.0975982
-0.09434
-0.091085
-0.0878333
-0.0845848
-0.0813395
-0.0780975
-0.0748588
-0.387851
-0.384303
-0.380758
-0.377217
-0.373679
-0.370145
-0.366614
-0.363087
-0.359563
-0.356043
-0.352527
-0.1909
-0.187548
-0.1842
-0.180855
-0.177514
-0.174176
-0.170841
-0.167509
-0.164181
-0.160857
-0.157535
-0.154217
-0.150902
-0.147591
-0.144282
-0.140977
-0.137676
-0.134378
-0.131083
-0.127791
-0.124502
-0.121217
-0.117935
-0.114657
-0.111382
-0.10811
-0.104841
-0.101575
-0.0983131
-0.0950541
-0.0917984
-0.088546
-0.0852968
-0.0820508
-0.0788081
-0.0755686
-0.0723324
-0.0690994
-0.0658697
-0.0626431
-0.0594198
-0.0561997
-0.0529829
-0.0497692
0.111555
0.114604
0.11765
0.120694
0.123734
0.126771
0.129805
0.132836
0.135864
0.138888
0.14191
0.144929
0.147945
0.150958
0.153968
0.156974
0.159978
0.162979
0.165977
0.168972
0.171963
0.174952
0.177938
0.180921
0.183901
0.186878
0.189852
0.192823
0.195791
0.198756
0.201718
0.204677
0.207633
0.210586
0.213536
0.216483
0.219428
0.222369
0.225308
0.228243
0.231176
0.550333
0.552944
0.555552
0.558157
0.56076
0.56336
0.565958
0.568553
0.571145
0.573735
0.576322
0.578907
0.581489
0.584069
0.586645
0.58922
0.591792
0.594361
0.596927
0.599491
0.602053
0.604612
0.607168
0.609722
0.612273
0.614822
0.617368
0.619912
0.622453
0.624992
0.627528
0.630061
0.632592
0.63512
0.637646
0.64017
0.642691
0.645209
0.647725
0.650238
0.652749
0.655257
0.657763
0.660266
0.662767
0.665265
0.667761
0.670254
0.672745
0.675233
0.677719
0.680202
0.682683
0.685162
0.37141
0.374199
0.376986
0.37977
0.382551
0.385329
0.388105
0.390877
0.393647
0.396415
0.399179
0.401941
0.4047
0.407456
0.41021
0.0967325
0.0997965
0.102857
0.105915
0.10897
0.112022
0.115071
0.118116
0.121159
0.124199
0.127235
0.130269
0.133299
0.136327
0.139351
0.142373
0.145391
0.148406
0.151419
0.154428
0.157434
0.318552
0.321394
0.324233
0.32707
0.329904
0.332735
0.335563
0.338388
0.341211
0.34403
0.346847
0.349661
0.352472
0.355281
0.358086
0.360889
0.363689
0.366486
0.369281
0.372072
0.374861
0.377647
0.38043
0.383211
0.385988
0.388763
0.391535
0.394305
0.397071
0.399835
0.402596
0.405355
0.40811
0.410863
0.413613
0.41636
0.419105
0.421847
0.424586
0.427322
0.430056
0.432786
0.435515
0.43824
0.440963
0.443683
0.4464
0.449114
0.451826
0.454535
0.457242
0.459945
0.304532
0.307389
0.310242
0.313093
0.315941
0.318786
0.479741
0.482423
0.485101
0.487777
0.49045
0.493121
0.495788
0.498454
0.501116
0.503776
0.506433
0.509088
0.511739
0.514389
0.517035
0.519679
0.52232
0.524959
0.527595
0.530228
0.532859
0.535487
0.538113
0.540736
0.543356
0.545973
0.548588
0.551201
0.553811
0.556418
0.559022
0.561624
0.564224
0.56682
0.569415
0.572006
0.574595
0.577181
0.579765
0.582346
0.584925
0.745615
0.748031
0.750444
0.752854
0.755262
0.757668
0.760072
0.762473
0.764871
0.767267
0.769661
0.772053
0.774442
0.776828
0.779213
0.939708
0.94193
0.944149
0.946366
0.948581
0.950793
0.953004
0.955212
0.957418
0.959622
0.961823
0.964023
0.96622
0.968415
0.970608
0.972798
0.974986
0.977173
0.979357
0.981539
0.983718
0.985896
0.988071
0.990244
0.992415
0.994584
0.99675
0.998915
0
0.0031607
0.00631823
0.00947262
0.0126238
0.0157719
0.0189169
0.0220586
0.0251973
0.0283328
0.0314652
0.0345944
0.0377205
0.0408435
0.0439634
0.0470802
0.0501938
0.0533043
0.0564118
0.0595161
0.0626173
0.0657154
0.0688104
0.0719023
0.0749912
0.0780769
0.0811596
0.0842391
0.0873156
0.0903891
0.0934594
0.0965267
0.0995909
0.102652
-0.210518
-0.207146
-0.203779
-0.200414
-0.197053
-0.193696
-0.190341
-0.18699
-0.183643
-0.180299
-0.176958
-0.17362
-0.170286
-0.166955
-0.163627
-0.160303
-0.156982
-0.153665
-0.15035
-0.147039
-0.143732
-0.140427
-0.137126
-0.133829
-0.130534
-0.127243
-0.123955
-0.120671
-0.117389
-0.114111
-0.110836
-0.107565
-0.104297
-0.101032
0.0603437
0.0634441
0.0665414
0.0696356
0.0727267
0.0758147
0.0788996
0.0819814
0.0850602
0.0881359
0.0912085
0.094278
0.0973445
0.100408
0.103468
0.106525
0.10958
0.112631
0.115679
0.118724
-0.194462
-0.191107
-0.187755
-0.184407
-0.0229476
-0.019764
-0.0165836
-0.0134063
-0.0102322
-0.00706126
-0.00389351
-0.000728919
0.00243251
0.00559077
0.00874588
0.0118978
0.0150466
0.0181923
0.0213348
0.0244742
0.0276104
0.0307435
0.0338735
0.0370003
0.040124
0.0432446
0.0463621
0.0494765
0.0525877
0.0556958
0.0588009
0.0619028
0.0650016
0.0680974
0.07119
0.0742795
0.077366
0.0804494
0.0835296
-0.229621
-0.226231
-0.222844
-0.21946
-0.21608
-0.212704
-0.20933
-0.205961
-0.202594
-0.199231
-0.195871
-0.192514
-0.189161
-0.185812
-0.182465
-0.179122
-0.175782
-0.172446
-0.169113
-0.165783
-0.162457
-0.159134
-0.313928
-0.310453
-0.306982
-0.303515
-0.300051
-0.29659
-0.293133
-0.289679
-0.286229
-0.59901
-0.595251
-0.591495
-0.587743
-0.583995
-0.580251
-0.57651
-0.572773
-0.56904
-0.565311
-0.561585
-0.557863
-0.554145
-0.55043
-0.546719
-0.543012
-0.539309
-0.535609
-0.531913
-0.52822
-0.524532
-0.520847
-0.517166
-0.513488
-0.509814
-0.506144
-0.502477
-0.498814
-0.495155
-0.491499
-0.487848
-0.484199
-0.480555
-0.476914
-0.473276
-0.469642
-0.466012
-0.462386
-0.458763
-0.455144
-0.451528
-0.447916
-0.444308
-0.440703
-0.437102
-0.433504
-0.42991
-0.42632
-0.422733
-0.41915
-0.41557
-0.411994
-0.408422
-0.404853
-0.401287
-0.397726
-0.394167
-0.390613
-0.387062
-0.383514
-0.37997
-0.376429
-0.372892
-0.211245
-0.207873
-0.204505
-0.20114
-0.197778
-0.19442
-0.191065
-0.187713
-0.184365
-0.18102
-0.177678
-0.17434
-0.171005
-0.167673
-0.480573
-0.476932
-0.473294
-0.469661
-0.46603
-0.462404
-0.458781
-0.455162
-0.451546
-0.447934
-0.444326
-0.440721
-0.43712
-0.433522
-0.429928
-0.426338
-0.422751
-0.419168
-0.415588
-0.412012
-0.408439
-0.404871
-0.401305
-0.397743
-0.394185
-0.39063
-0.387079
-0.383532
-0.379988
-0.376447
-0.37291
-0.369377
-0.365847
-0.362321
-0.358798
-0.355278
-0.351763
-0.34825
-0.344742
-0.341236
-0.337735
-0.334236
-0.330742
-0.32725
-0.323762
-0.320278
-0.316797
-0.31332
-0.309846
-0.306376
-0.302909
-0.299445
-0.295985
-0.292529
-0.289076
-0.285626
-0.28218
-0.278737
-0.275298
-0.271862
-0.26843
-0.265001
-0.261575
-0.258153
-0.254734
-0.251319
-0.247907
-0.244499
-0.241093
-0.237692
-0.234294
-0.230899
-0.227507
-0.224119
-0.220734
-0.217353
-0.213975
-0.210601
-0.207229
-0.203862
-0.200497
-0.197136
-0.193778
-0.190424
-0.187073
-0.183725
-0.180381
-0.17704
-0.173702
-0.486596
-0.482949
-0.479305
-0.475665
-0.472029
-0.468397
-0.464768
-0.461143
-0.457521
-0.453903
-0.450289
-0.446678
-0.443071
-0.439467
-0.435867
-0.432271
-0.428678
-0.425089
-0.421504
-0.417922
-0.414343
-0.410768
-0.407197
-0.403629
-0.400065
-0.396505
-0.392948
-0.389394
-0.385844
-0.382298
-0.378755
-0.375216
-0.213566
-0.52642
-0.522733
-0.51905
-0.51537
-0.511695
-0.508022
-0.504354
-0.500689
-0.497028
-0.493371
-0.489717
-0.486067
-0.48242
-0.478777
-0.475138
-0.471502
-0.46787
-0.464242
-0.460617
-0.456996
-0.453379
-0.449765
-0.446155
-0.442548
-0.438945
-0.435346
-0.43175
-0.428158
-0.424569
-0.420984
-0.417402
-0.730052
-0.726162
-0.722275
-0.718393
-0.714514
-0.710639
-0.706768
-0.702901
-0.699038
-0.695179
-0.691323
-0.687471
-0.683624
-0.67978
-0.675939
-0.672103
-0.668271
-0.664442
-0.660617
-0.656796
-0.652979
-0.649166
-0.645356
-0.641551
-0.637749
-0.63395
-0.630156
-0.626366
-0.622579
-0.618796
-0.615017
-0.611241
-0.60747
-0.603702
-0.599938
-0.596177
-0.592421
-0.588668
-0.584919
-0.581174
-0.577432
-0.573694
-0.56996
-0.56623
-0.562503
-0.55878
-0.555061
-0.551345
-0.547634
-0.543926
-0.540221
-0.536521
-0.532824
-0.52913
-0.525441
-0.521755
-0.518073
-0.514394
-0.510719
-0.507048
-0.503381
-0.499717
-0.496057
-0.4924
-0.488747
-0.485098
-0.481453
-0.477811
-0.474172
-0.470538
-0.466907
-0.463279
-0.459656
-0.456036
-0.452419
-0.448806
-0.445197
-0.441591
-0.437989
-0.434391
-0.430796
-0.427205
-0.423617
-0.420033
-0.73268
-0.728787
-0.724898
-0.721013
-0.717131
-0.713254
-1.02561
-1.02142
-1.01724
-1.01306
-1.00889
-1.00472
-1.00056
-0.996395
-0.992239
-0.988086
-0.983938
-0.979794
-0.975654
-0.971518
-0.967386
-0.963258
-0.959135
-0.955016
-0.9509
-0.788675
-0.784726
-0.780781
-0.77684
-0.772903
-0.76897
-0.765041
-1.07734
-1.07311
-1.06887
-1.06464
-1.06042
-0.898084
-0.894026
-0.889971
-0.885921
-0.881875
-0.877833
-0.873795
-0.869761
-0.865731
-0.861705
-0.541455
-0.537753
-0.534055
-0.53036
-0.842897
-0.838894
-0.834895
-0.8309
-0.826909
-0.822922
-0.818938
-0.814959
-0.810984
-0.807013
-0.803045
-0.799082
-0.795123
-0.791167
-0.787216
-0.783268
-0.779325
-0.775385
-0.771449
-0.767518
-0.76359
-0.759666
-0.755746
-0.75183
-0.747918
-0.744009
-0.740105
-0.736205
-0.732308
-0.728415
-0.724527
-0.720642
-0.716761
-0.712884
-0.709011
-0.705141
-0.701276
-0.697414
-0.693556
-0.689702
-0.685852
-0.682006
-0.678164
-0.674325
-0.670491
-0.66666
-0.662833
-0.500896
-0.497234
-0.493577
-0.489923
-0.486272
-0.482625
-0.478982
-0.475343
-0.471707
-0.468075
-0.464446
-0.460821
-0.4572
-0.453583
-0.449968
-0.446358
-0.442751
-0.439148
-0.435548
-0.431952
-0.42836
-0.424771
-0.421186
-0.417604
-0.414026
-0.410452
-0.406881
-0.403313
-0.399749
-0.396189
-0.392632
-0.389079
-0.38553
-0.381984
-0.378441
-0.374902
-0.371367
-0.367835
-0.364307
-0.360782
-0.357261
-0.353743
-0.350229
-0.346718
-0.343211
-0.339707
-0.336207
-0.33271
-0.329217
-0.325727
-0.322241
-0.318758
-0.315279
-0.311803
-0.30833
-0.304861
-0.301396
-0.297934
-0.294476
-0.291021
-0.287569
-0.126007
-0.12272
-0.119437
-0.116157
-0.11288
-0.109607
-0.106336
-0.103069
-0.0998057
-0.0965453
-0.0932881
-0.0900341
-0.0867834
-0.399764
-0.396203
-0.392647
-0.389094
-0.385544
-0.381998
-0.378455
-0.374916
-0.371381
-0.367849
-0.364321
-0.360796
-0.357275
-0.353757
-0.350243
-0.346732
-0.343225
-0.339721
-0.336221
-0.332724
-0.329231
-0.325741
-0.322255
-0.318772
-0.315292
-0.311817
-0.308344
-0.304875
-0.30141
-0.297948
-0.294489
-0.291034
-0.287583
-0.284135
-0.28069
-0.277249
-0.273811
-0.270377
-0.266946
-0.263518
-0.260094
-0.256673
-0.253256
-0.249842
-0.246432
-0.243025
-0.239621
-0.236221
-0.232824
-0.229431
-0.226041
-0.222654
-0.219271
-0.215891
-0.212515
-0.209142
-0.205772
-0.202405
-0.199042
-0.195683
-0.192327
-0.188974
-0.185624
-0.182278
-0.178935
-0.175595
-0.172259
-0.168926
-0.165597
-0.162271
-0.158948
-0.155628
-0.152312
-0.148999
-0.145689
-0.142383
-0.13908
-0.13578
-0.132484
0.0289231
0.0320549
0.0351836
0.0383091
0.0414315
-0.271677
-0.268245
-0.264816
-0.261391
-0.257969
-0.25455
-0.251135
-0.247723
-0.244315
-0.24091
-0.237509
-0.23411
-0.230716
-0.227324
-0.223937
-0.220552
-0.059057
-0.0558373
-0.0526208
-0.0494075
-0.362425
-0.358902
-0.355383
-0.351867
-0.348355
-0.344846
-0.34134
-0.337838
-0.33434
-0.330845
-0.327354
-0.323866
-0.320382
-0.316901
-0.313423
-0.309949
-0.306479
-0.303012
-0.299548
-0.296088
-0.292631
-0.289178
-0.285729
-0.282282
-0.278839
-0.2754
-0.271964
-0.268532
-0.265102
-0.261677
-0.258255
-0.254836
-0.0933065
-0.0900525
-0.0868018
-0.0835543
-0.0803101
-0.0770692
-0.0738315
-0.070597
-0.0673657
-0.0641377
-0.0609129
-0.0576913
-0.0544729
-0.0512578
-0.0480459
-0.0448371
-0.0416316
-0.0384293
-0.0352302
-0.0320343
-0.0288416
-0.0256521
-0.0224657
-0.0192826
-0.0161026
-0.0129258
-0.00975221
-0.00658176
-0.00341449
-0.000250377
0.00291057
0.00606836
0.00922299
0.0123745
0.0155228
0.018668
0.02181
0.0249489
0.0280847
0.0312173
-0.281881
-0.278439
-0.275
-0.271564
-0.268132
-0.264703
-0.261278
-0.257856
-0.254438
-0.251023
-0.247611
-0.244203
-0.240798
-0.237397
-0.233999
-0.230604
-0.227213
-0.223825
-0.220441
-0.21706
-0.213682
-0.210308
-0.206937
-0.203569
-0.200205
-0.196844
-0.193487
-0.190133
-0.186782
-0.183435
-0.180091
-0.17675
-0.173413
-0.170079
-0.166748
-0.163421
-0.160097
-0.156776
-0.153458
-0.150144
-0.146834
-0.143526
-0.140222
-0.136921
-0.133624
-0.130329
-0.127038
-0.123751
-0.120466
-0.117185
-0.430135
-0.426545
-0.422958
-0.419374
-0.415794
-0.728446
-0.724557
-0.720672
-0.716791
-0.712914
-0.709041
-0.705171
-0.701306
-0.697444
-0.693586
-0.689732
-0.685882
-0.682036
-0.678194
-0.674355
-0.67052
-0.666689
-0.662862
-0.659039
-0.65522
-0.651404
-0.647592
-0.643784
-0.63998
-0.63618
-0.632383
-0.628591
-0.624802
-0.621017
-0.617235
-0.613458
-0.609684
-0.605914
-0.602147
-0.598385
-0.594626
-0.590871
-0.58712
-0.583372
-0.579628
-0.575888
-0.572152
-0.568419
-0.564691
-0.560966
-0.557244
-0.395413
-0.391857
-0.388304
-0.384756
-0.38121
-0.377669
-0.37413
-0.370596
-0.367065
-0.363537
-0.360013
-0.356493
-0.352976
-0.349462
-0.345952
-0.342446
-0.338943
-0.335443
-0.331947
-0.328455
-0.324966
-0.32148
-0.317998
-0.31452
-0.311045
-0.307573
-0.304105
-0.30064
-0.297179
-0.293721
-0.290267
-0.286816
-0.283369
-0.279925
-0.276484
-0.273047
-0.269614
-0.266184
-0.262757
-0.259334
-0.255914
-0.252497
-0.249084
-0.245674
-0.242268
-0.238865
-0.235466
-0.23207
-0.228677
-0.225288
-0.221902
-0.21852
-0.373254
-0.369721
-0.36619
-0.362664
-0.35914
-0.355621
-0.352105
-0.348592
-0.345083
-0.341577
-0.338075
-0.334577
-0.331082
-0.32759
-0.324102
-0.320617
-0.159022
-0.155703
-0.152386
-0.149073
0.0123504
0.0154988
0.018644
0.021786
0.024925
0.0280607
0.0311934
0.0343229
0.0374493
0.0405726
0.0436927
0.0468097
0.0499236
0.0530344
0.0561421
0.0592467
0.0623482
0.0654466
0.0685419
0.071634
0.0747231
0.0778092
0.0808921
0.0839719
0.0870487
0.0901224
0.093193
0.0962606
0.099325
0.102386
0.105445
0.1085
0.111552
0.114602
0.117648
0.120691
0.123731
0.126768
0.129802
0.132833
0.135861
0.138886
0.141908
0.144926
0.147942
0.150955
0.153965
0.156972
0.159976
0.162976
0.165974
0.168969
0.171961
0.17495
0.177935
0.180918
0.183898
0.186875
0.189849
0.19282
0.195788
0.198753
0.201715
0.204674
0.20763
0.210583
0.213534
0.216481
0.219425
0.222366
0.225305
0.22824
0.231173
0.234103
-0.0791984
-0.0759586
-0.072722
-0.0694886
-0.0662584
-0.0630315
-0.376036
-0.372499
-0.368966
-0.365437
-0.361911
-0.358388
-0.354869
-0.351354
-0.347842
-0.344334
-0.340829
-0.337327
-0.33383
-0.330335
-0.326844
-0.323357
-0.319873
-0.316393
-0.312916
-0.309442
-0.305972
-0.302506
-0.299043
-0.295583
-0.292127
-0.288674
-0.285225
-0.281779
-0.278337
-0.274898
-0.271463
-0.268031
-0.264602
-0.261177
-0.257755
-0.254337
-0.250922
-0.24751
-0.244102
-0.240698
-0.237296
-0.233898
-0.230504
-0.227113
-0.223725
-0.220341
-0.21696
-0.213582
-0.210208
-0.206837
-0.20347
-0.200106
-0.196745
-0.193388
-0.190034
-0.186683
-0.183336
-0.179992
-0.176651
-0.173314
-0.16998
-0.16665
-0.163322
-0.159998
-0.156678
-0.15336
-0.150046
-0.146736
-0.143428
-0.140124
-0.136824
-0.133526
-0.130232
-0.126941
-0.123654
-0.120369
-0.117088
-0.113811
-0.426764
-0.423177
-0.419593
-0.416013
-0.412436
-0.725091
-0.721206
-0.717324
-0.713447
-0.709573
-0.705703
-0.701837
-0.697975
-0.694116
-0.690262
-0.686411
-0.682565
-0.678722
-0.516769
-0.513092
-0.509418
-0.505748
-0.502082
-0.498419
-0.494761
-0.491105
-0.487454
-0.483806
-0.480162
-0.476521
-0.472884
-0.469251
-0.465621
-0.461995
-0.458372
-0.454754
-0.451138
-0.447527
-0.443919
-0.440314
-0.436714
-0.433116
-0.429523
-0.425933
-0.422346
-0.418764
-0.415184
-0.411609
-0.249923
-0.246512
-0.243105
-0.239701
-0.236301
-0.232904
-0.229511
-0.226121
-0.222734
-0.219351
-0.0578567
-0.0546382
-0.0514229
-0.0482108
-0.0450019
-0.0417963
-0.0385938
-0.0353945
-0.0321984
-0.0290056
-0.0258159
-0.0226294
-0.0194461
-0.0162659
-0.013089
-0.00991519
-0.00674458
-0.00357715
-0.000412873
-0.31348
-0.310005
-0.306535
-0.303068
-0.299604
-0.296144
-0.292687
-0.289234
-0.285784
-0.282338
-0.278895
-0.275456
-0.27202
-0.268587
-0.265158
-0.261732
-0.25831
-0.254891
-0.251476
-0.248064
-0.244655
-0.24125
-0.237848
-0.234449
-0.231054
-0.227663
-0.224275
-0.22089
-0.217508
-0.21413
-0.210755
-0.523612
-0.519928
-0.516247
-0.512571
-0.508898
-0.505228
-0.81779
-0.813812
-0.809838
-0.805868
-0.801902
-0.79794
-0.793981
-0.790027
-0.786077
-0.78213
-0.778188
-0.77425
-0.770315
-0.766384
-0.762458
-0.758535
-0.754616
-0.750701
-0.74679
-0.584769
-0.581024
-0.577282
-0.573545
-0.569811
-0.566081
-0.562354
-0.558631
-0.554912
-0.551197
-0.547485
-0.543777
-0.540073
-0.536373
-0.532676
-0.528983
-0.525293
-0.521608
-0.517926
-0.514247
-0.510573
-0.506902
-0.34512
-0.341615
-0.338113
-0.334614
-0.331119
-0.327627
-0.324139
-0.320654
-0.317173
-0.313695
-0.310221
-0.306751
-0.303283
-0.299819
-0.296359
-0.292902
-0.289449
-0.285999
-0.282552
-0.279109
-0.275669
-0.272233
-0.2688
-0.265371
-0.261945
-0.258522
-0.255103
-0.251688
-0.248275
-0.244867
-0.241461
-0.238059
-0.23466
-0.231265
-0.227873
-0.224485
-0.2211
-0.217718
-0.21434
-0.210965
-0.207593
-0.204225
-0.20086
-0.197499
-0.194141
-0.0326722
-0.0294789
-0.0262887
-0.0231017
-0.0199179
-0.0167373
-0.0135599
-0.0103857
-0.00721458
-0.00404667
-0.000881933
0.00227965
0.00543806
0.00859332
0.0117454
0.0148944
0.0180402
0.0211829
0.0243224
0.0274588
0.030592
0.0337221
0.0368491
0.039973
0.0430937
0.0462114
0.0493259
0.0524373
0.0555456
0.0586507
-0.254475
-0.25106
-0.247648
-0.24424
-0.557063
-0.553346
-0.549632
-0.545922
-0.542215
-0.538513
-0.534814
-0.531119
-0.527427
-0.523739
-0.520055
-0.516374
-0.512698
-0.509025
-0.505355
-0.501689
-0.498027
-0.494369
-0.490714
-0.487063
-0.483415
-0.479771
-0.476131
-0.472494
-0.468861
-0.465232
-0.303493
-0.300029
-0.296568
-0.293111
-0.289657
-0.286207
-0.28276
-0.279317
-0.275877
-0.272441
-0.269008
-0.265578
-0.262152
-0.258729
-0.25531
-0.251894
-0.248482
-0.245072
-0.241667
-0.238265
-0.234866
-0.23147
-0.228078
-0.22469
-0.221304
-0.217922
-0.214544
-0.211169
-0.207797
-0.204429
-0.201064
-0.197702
-0.194344
-0.190989
-0.187637
-0.184289
-0.180944
-0.177602
-0.174264
-0.170929
-0.167598
-0.16427
-0.160945
-0.157623
-0.154305
-0.15099
-0.147678
-0.14437
-0.141065
-0.137763
-0.134465
-0.13117
-0.127878
-0.12459
-0.121304
-0.118022
-0.114744
-0.111468
-0.108196
-0.104927
-0.101662
-0.0983996
-0.0951405
-0.0918847
-0.0886322
-0.0853829
-0.0821369
-0.0788941
-0.0756545
-0.0724182
-0.0691852
-0.0659553
-0.0627287
-0.0595053
-0.0562851
-0.0530682
-0.0498544
-0.679099
-0.67526
-0.671424
-0.667593
-0.663765
-0.659941
-0.65612
-0.652304
-0.648491
-0.644682
-0.640877
-0.637076
-0.633278
-0.629485
-0.625695
-0.621909
-0.618127
-0.614348
-0.610573
-0.606802
-0.603035
-0.599272
-0.595512
-0.591756
-0.588004
-0.900483
-0.896423
-0.892366
-0.888313
-0.884265
-0.88022
-0.87618
-0.872143
-0.868111
-0.864082
-0.860058
-0.856038
-0.852022
-0.848009
-0.844001
-0.839997
-0.835996
-0.832
-0.828008
-0.82402
-0.820035
-0.816055
-0.812079
-0.808106
-0.646024
-0.642218
-0.638415
-0.634616
-0.630821
-0.62703
-0.623243
-0.619459
-0.615679
-0.611903
-0.608131
-0.604362
-0.600597
-0.596836
-0.593079
-0.589326
-0.585576
-0.58183
-0.26186
-0.258438
-0.255019
-0.251603
-0.564419
-0.560694
-0.556973
-0.553255
-0.549542
-0.545832
-0.542125
-0.538423
-0.534724
-0.531029
-0.527337
-0.52365
-0.519966
-0.516285
-0.512608
-0.508935
-0.821494
-0.817512
-0.813534
-0.80956
-0.805591
-0.801625
-0.797663
-0.793705
-0.789751
-0.785801
-0.781855
-0.777912
-0.773974
-0.77004
-0.76611
-0.762183
-0.758261
-0.754342
-0.750427
-0.588403
-0.584654
-0.580909
-0.577168
-0.57343
-0.411582
-0.40801
-0.404442
-0.400877
-0.397315
-0.235644
-0.232248
-0.228855
-0.225465
-0.222079
-0.218697
-0.215317
-0.211941
-0.208569
-0.2052
-0.201834
-0.198471
-0.195112
-0.191757
-0.346518
-0.343011
-0.339508
-0.336008
-0.332511
-0.329018
-0.325528
-0.322042
-0.31856
-0.315081
-0.311605
-0.308133
-0.620892
-0.617111
-0.613333
-0.60956
-0.60579
-0.602023
-0.598261
-0.594502
-0.590747
-0.586996
-0.583249
-0.579505
-0.575765
-0.572029
-0.568297
-0.564568
-0.560843
-0.557122
-0.553404
-0.54969
-0.54598
-0.542274
-0.538571
-0.534872
-0.531177
-0.527485
-0.523797
-0.520113
-0.516433
-0.512756
-0.509082
-0.505413
-0.501747
-0.498085
-0.494426
-0.490772
-0.48712
-0.483473
-0.479829
-0.476189
-0.472552
-0.468919
-0.465289
-0.461664
-0.458042
-0.454423
-0.450808
-0.447197
-0.443589
-0.439985
-0.436385
-0.432788
-0.429195
-0.425605
-0.422019
-0.418436
-0.414857
-0.411282
-0.40771
-0.404142
-0.716805
-0.712928
-0.709055
-0.705185
-0.70132
-0.697458
-0.6936
-0.689746
-0.685896
-0.68205
-0.678208
-0.674369
-0.670534
-0.666703
-0.662876
-0.659053
-0.49712
-0.493462
-0.489808
-0.486158
-0.482511
-0.478868
-0.475229
-0.471593
-0.467961
-0.464333
-0.460708
-0.457087
-0.453469
-0.449855
-0.446245
-0.442638
-0.439035
-0.435436
-0.43184
-0.428248
-0.424659
-0.421074
-0.417492
-0.413914
-0.41034
-0.406769
-0.403202
-0.399638
-0.396078
-0.392521
-0.388968
-0.385419
-0.381873
-0.378331
-0.374792
-0.371256
-0.367725
-0.364196
-0.360672
-0.35715
-0.353633
-0.350119
-0.346608
-0.343101
-0.339597
-0.336097
-0.332601
-0.329107
-0.325618
-0.322132
-0.318649
-0.31517
-0.311694
-0.308222
-0.304753
-0.301288
-0.297826
-0.294368
-0.290913
-0.287461
-0.284013
-0.280569
-0.277127
-0.27369
-0.270256
-0.266825
-0.263397
-0.259973
-0.256553
-0.253136
-0.249722
-0.246312
-0.242905
-0.239501
-0.236101
-0.232705
-0.229311
-0.225921
-0.222535
-0.219152
-0.215772
-0.212396
-0.209023
-0.205653
-0.202287
-0.198924
-0.0374505
-0.0342524
-0.0310575
-0.0278657
-0.0246772
-0.0214918
-0.0183096
-0.0151307
-0.0119548
-0.00878219
-0.00561271
-0.00244641
0.000716736
0.00387672
0.00703354
0.0101872
0.0133377
0.0164851
0.0196293
0.0227704
0.0259083
0.0290431
0.0321748
0.0353033
0.0384287
0.041551
0.0446702
0.0477862
0.0508992
0.054009
0.0571157
0.0602193
0.0633198
0.0664172
0.0695116
0.0726028
0.0756909
0.078776
0.0818579
0.0849368
0.0880126
0.0910853
0.094155
0.0972216
0.100285
0.103346
0.106403
0.109457
0.112509
0.115557
0.118602
0.121644
0.124683
0.127719
0.130752
0.133782
0.136809
0.139833
0.142854
0.145872
0.148887
0.151899
0.154908
0.157914
0.160917
0.163916
0.166913
-0.146321
-0.143014
-0.13971
-0.13641
-0.133113
-0.129819
-0.126528
-0.123241
-0.119957
-0.116677
0.0447144
0.0478304
0.0509433
0.054053
0.0571597
0.0602633
0.0633637
0.0664611
0.0695554
0.0726466
0.0757346
0.0788196
0.0819016
0.0849804
0.0880562
0.249243
0.252154
0.255063
0.257969
0.260872
0.263772
0.266669
0.269563
0.272454
0.275342
0.278228
0.28111
-0.0322375
-0.0290446
-0.0258549
-0.0226683
-0.019485
-0.0163048
-0.0131278
-0.00995401
-0.00678336
-0.00361589
-0.000451577
0.00270957
0.00586756
0.00902239
0.0121741
0.0153226
0.018468
0.0216102
0.0247493
0.0278853
0.0310181
0.0341478
0.0372744
0.0403978
0.0435181
0.0466353
0.0497494
0.0528604
0.0559682
0.059073
0.0621747
0.0652732
0.0683687
0.071461
0.232664
0.235592
0.238518
0.24144
0.244359
0.247276
0.250189
0.2531
0.256008
0.258912
0.261814
0.264713
0.267609
0.428617
0.431349
0.434078
0.436805
0.439529
0.442251
0.444969
0.447685
0.450399
0.453109
0.455817
0.458522
0.461224
0.463924
0.466621
0.469315
0.472007
0.474696
0.477382
0.480066
0.482747
0.485425
0.4881
0.490773
0.493443
0.496111
0.498776
0.501438
0.504097
0.506754
0.509408
0.51206
0.514709
0.517355
0.519999
0.52264
0.525278
0.527914
0.530547
0.533177
0.535805
0.53843
0.541053
0.543673
0.54629
0.548904
0.551517
0.554126
0.556733
0.559337
0.561939
0.564538
0.567134
0.569728
0.572319
0.574908
0.577494
0.580078
0.582658
0.585237
0.587813
0.590386
0.592956
0.595524
0.59809
0.600653
0.603213
0.605771
0.608326
0.610879
0.613429
0.615977
-0.013934
-0.0107594
-0.00758794
-0.00441966
-0.00125455
0.0019074
0.16318
0.166178
0.169172
0.172164
0.175152
0.178138
0.181121
0.1841
0.187077
0.190051
0.193022
0.195989
0.198954
0.201916
0.204875
0.207831
0.210784
0.213734
0.216681
0.219625
0.222566
0.225504
0.22844
0.231372
0.234302
0.237228
0.240152
0.243072
0.24599
0.248905
0.251817
0.254726
0.257632
0.260535
0.263435
0.266333
0.269227
0.272119
0.275008
0.277893
0.280776
0.283656
0.286534
0.289408
0.292279
0.295148
0.298014
0.300876
0.303736
0.306593
0.309448
0.312299
0.315148
0.317993
0.320836
0.323676
0.326513
0.329348
0.332179
0.335008
0.337834
0.340657
0.343477
0.346295
0.349109
0.351921
0.35473
0.357536
0.360339
0.36314
0.365938
0.368733
0.371525
0.374314
0.377101
0.379884
0.382665
0.385444
0.388219
0.390992
0.393762
0.396529
0.399293
0.402055
0.404814
0.40757
0.410323
0.413074
0.415821
0.418566
0.421309
0.424048
0.426785
0.429519
0.432251
0.434979
0.437705
0.440429
0.443149
0.445867
0.448582
0.451294
0.454004
0.456711
0.459415
0.462117
0.464815
0.467511
0.470205
0.472896
0.475584
0.478269
0.480952
0.483632
0.486309
0.488984
0.649769
0.652281
0.654789
0.657296
0.659799
0.662301
0.664799
0.667296
0.669789
0.672281
0.674769
0.677256
0.679739
0.682221
0.6847
0.687176
0.68965
0.692121
0.69459
0.697057
0.699521
0.701982
0.704441
0.706898
0.709352
0.711804
0.714253
0.7167
0.719144
0.721586
0.724025
0.726463
0.728897
0.731329
0.733759
0.736186
0.738611
0.741034
0.743454
0.745871
0.748286
0.750699
0.75311
0.755518
0.757923
0.760326
0.762727
0.765125
0.767521
0.769915
0.772306
0.774695
0.777081
0.779465
0.781847
0.784226
0.786603
0.788977
0.79135
0.793719
0.796087
0.798452
0.800814
0.803175
0.805533
0.807888
0.494014
0.49668
0.499345
0.502006
0.504665
0.507322
0.509975
0.512626
0.515275
0.51792
0.520563
0.523204
0.209614
0.212565
0.215513
0.218458
0.221401
0.22434
0.227277
0.23021
0.233141
0.236068
0.238993
0.241915
0.244834
0.24775
0.250663
0.253573
0.414594
0.41734
0.420084
0.422825
0.425563
0.586412
0.588987
0.591559
0.594128
0.596695
0.599259
0.601821
0.60438
0.606937
0.609491
0.612042
0.614591
0.617138
0.619682
0.622223
0.624762
0.627298
0.629832
0.632363
0.634892
0.637418
0.639941
0.642462
0.644981
0.647497
0.65001
0.652521
0.65503
0.657536
0.66004
0.662541
0.665039
0.667535
0.828142
0.830475
0.832806
0.835134
0.83746
0.839784
0.842105
0.844424
0.846741
0.849055
0.851368
0.853677
0.855985
0.85829
0.860593
0.862893
0.865192
0.867487
0.869781
0.872072
0.874361
0.876648
0.878933
0.881215
0.883495
0.885773
0.888048
0.890321
0.892592
0.89486
0.897127
0.899391
0.901652
0.903912
0.906169
0.908424
0.910677
0.912927
0.915175
0.917421
0.919665
0.921907
0.924146
0.926383
0.928618
0.93085
0.933081
0.935309
0.937535
0.939758
0.94198
0.944199
0.946416
0.94863
0.950843
0.953053
0.955261
0.957467
0.959671
0.961873
0.964072
0.966269
0.968464
0.970657
0.972847
0.975035
0.977221
0.979405
0.981587
0.667539
0.670033
0.672524
0.358784
0.361586
0.364386
0.367182
0.369976
0.372767
0.375555
0.37834
0.381123
0.383903
0.38668
0.389454
0.392225
0.394994
0.39776
0.400523
0.403283
0.406041
0.408796
0.411548
0.414297
0.417044
0.419788
0.422529
0.425267
0.428003
0.430736
0.433466
0.436193
0.438918
0.44164
0.444359
0.447076
0.44979
0.452501
0.455209
0.457915
0.460618
0.463318
0.466016
0.468711
0.471403
0.474093
0.47678
0.479464
0.482145
0.484824
0.4875
0.490173
0.33473
0.337557
0.34038
0.3432
0.346018
0.348833
0.351645
0.354454
0.357261
0.360064
0.362865
0.365663
0.368458
0.371251
0.37404
0.376827
0.379611
0.382392
0.385171
0.387947
0.39072
0.39349
0.396257
0.399022
0.401784
0.404543
0.407299
0.410053
0.412804
0.415552
0.418297
0.42104
0.42378
0.426517
0.429251
0.431983
0.434712
0.437438
0.440161
0.442882
0.603714
0.606271
0.608826
0.29515
0.298016
0.300879
0.303739
0.306596
0.30945
0.312302
-0.00107741
0.00208436
0.00524297
0.00839843
0.0115507
0.0146999
0.0178459
0.0209887
0.0241285
0.027265
0.0303985
0.0335288
0.036656
0.0397801
0.042901
0.0460188
0.207247
0.210201
0.213152
-0.100129
-0.0968678
-0.0936103
-0.090356
-0.087105
-0.0838572
-0.0806127
-0.0773715
-0.0741334
-0.0708986
-0.0676671
-0.0644387
-0.0612136
-0.0579918
-0.0547731
-0.0515577
-0.0483454
-0.0451364
-0.0419306
-0.038728
-0.0355286
-0.0323324
-0.0291394
-0.0259496
-0.0227629
-0.0195795
-0.0163992
-0.0132221
-0.0100482
-0.00687747
-0.00370989
-0.00054549
0.00261575
0.00577383
0.00892876
0.0120805
0.0152292
0.0183746
0.021517
0.0246562
0.0277922
0.0309251
0.0340549
0.0371816
0.0403051
0.0434255
0.0465428
0.049657
0.052768
0.055876
0.0589809
0.0620826
0.0651812
0.0682768
0.0713692
-0.0836553
-0.080411
-0.0771699
-0.0739321
-0.0706975
-0.0674661
-0.064238
-0.0610131
-0.0577914
-0.0545729
-0.0513577
-0.0481457
-0.0449369
-0.0417312
-0.0385288
-0.0353296
-0.0321336
-0.0289408
-0.0257512
-0.0225648
-0.0193815
-0.0162014
-0.0130245
-0.00985083
-0.00668029
-0.00351291
-0.000348706
0.00281234
0.00597023
0.00912496
0.0122765
0.015425
0.0185702
0.0217124
0.0248514
0.0279872
0.0311199
0.0342495
0.037376
0.0404993
0.0436196
0.0467367
0.207965
0.210917
-0.102361
-0.0990975
-0.0958378
-0.0925813
-0.0893281
0.0720358
0.0751245
0.0782101
0.0812926
0.0843721
-0.228779
-0.22539
-0.222004
-0.218621
-0.215242
-0.211866
-0.208494
-0.205125
-0.201759
-0.198397
-0.195038
-0.191682
-0.18833
0.131247
0.29239
0.295259
0.298124
0.300987
0.303847
0.306704
0.309558
0.312409
0.157144
0.160148
0.163148
0.166146
0.16914
0.172132
0.175121
0.178106
0.181089
0.184069
0.187045
0.190019
0.19299
0.195958
0.198923
0.201885
0.204843
0.207799
0.210752
0.213702
0.21665
0.219594
0.222535
0.225473
0.228409
0.231341
0.23427
-0.0790309
-0.0757912
-0.0725547
-0.0693215
-0.0660915
-0.0628648
-0.0596412
-0.0564209
-0.0532038
-0.04999
-0.0467793
-0.0435718
-0.0403676
-0.0371666
-0.0339687
-0.0307741
-0.0275826
-0.0243943
-0.0212093
-0.0180274
-0.0148486
-0.0116731
-0.00850074
-0.00533155
-0.00216553
0.000997335
0.00415703
0.00731358
0.010467
0.0136172
0.0167643
0.0199082
0.023049
0.0261867
0.0293212
0.0324526
0.0355809
0.038706
0.041828
0.0449469
0.0480627
0.0511753
0.0542849
0.0573913
0.0604946
0.0635949
0.066692
0.069786
0.072877
0.0759649
0.0790496
0.0821313
0.0852099
0.0882855
0.0913579
0.0944273
0.0974936
0.100557
0.103617
0.106674
0.109728
0.112779
0.115827
0.118872
0.121914
0.124953
0.127989
0.131021
0.134051
0.137078
0.140102
0.143122
0.14614
-0.167073
-0.163746
-0.160421
-0.1571
-0.153782
-0.150468
-0.147157
-0.143849
-0.140545
-0.137244
-0.133946
-0.130651
-0.12736
-0.124072
-0.120787
-0.117506
-0.114228
-0.110953
0.0504328
0.0535431
0.0566503
0.0597544
0.0628553
0.0659532
0.069048
0.0721397
0.0752283
0.0783138
0.0813962
0.0844755
0.0875518
0.090625
0.0936951
0.254876
0.257782
0.418799
0.421541
0.42428
0.427017
0.429751
0.432482
0.43521
0.437936
0.440659
0.443379
0.446097
0.448812
0.451524
0.454233
0.45694
0.459644
0.462345
0.465044
0.46774
0.470433
0.473123
0.475811
0.478496
0.481179
-0.148597
-0.145288
-0.141982
-0.138679
-0.13538
-0.132084
-0.128791
-0.125502
-0.122216
-0.118933
-0.115653
-0.112377
-0.109104
-0.105834
-0.102568
-0.0993046
-0.0960446
-0.0927879
-0.0895345
-0.0862843
-0.0830374
-0.0797937
-0.0765532
-0.073316
-0.070082
-0.0668513
-0.0636238
-0.0603995
-0.0571784
-0.0539606
-0.0507459
-0.0475345
-0.0443263
-0.0411213
-0.0379195
-0.0347209
-0.0315255
-0.0283333
-0.0251443
-0.0219585
-0.0187758
-0.0155964
-0.0124201
-0.00924697
-0.00607703
-0.00291026
0.000253344
0.00341379
0.00657107
0.0097252
0.0128762
0.016024
0.0191687
0.0223102
0.0254486
0.0285839
0.031716
0.034845
0.0379709
0.0410936
0.0442132
0.0473297
0.0504431
0.0535534
0.0566606
0.0597646
0.0628656
0.0659635
0.0690582
0.0721499
0.0752385
0.078324
0.0814064
0.0844857
0.087562
0.0906352
0.0937053
0.0967723
0.0998363
0.102897
0.105955
0.10901
0.112062
0.11511
0.118156
0.121199
0.124238
0.127275
0.130308
0.133339
-0.179862
-0.176521
-0.173184
-0.16985
-0.16652
-0.163193
-0.159869
-0.156549
-0.153231
-0.149917
-0.146607
-0.1433
-0.139996
-0.136695
-0.133398
-0.130104
-0.126813
-0.123526
-0.120241
-0.116961
0.0444309
0.0475472
0.0506603
0.0537704
0.0568774
0.0599812
0.063082
0.0661796
0.0692742
0.0723656
0.075454
0.236653
0.239577
0.242499
0.245417
0.248332
0.251245
0.254154
0.257061
0.259965
0.262866
0.265764
0.268659
0.271551
0.27444
0.277326
0.28021
0.283091
0.285968
0.288843
0.291715
0.294584
0.297451
0.300314
0.303175
0.306032
0.308887
0.311739
0.314588
0.317434
0.478392
0.481074
0.483754
0.802659
0.805017
0.807374
0.809727
0.812079
0.814428
0.816774
0.819119
0.821461
0.8238
0.826138
0.828473
0.830805
0.516908
0.519552
0.522193
0.524832
0.527468
0.530102
0.532733
0.535361
0.537986
0.540609
0.54323
0.545847
0.548462
0.551075
0.553685
0.556292
0.558897
0.561499
0.564098
0.566695
0.56929
0.571881
0.57447
0.577057
0.579641
0.582222
0.584801
0.587377
0.589951
0.592522
0.59509
0.597656
0.60022
0.60278
0.605339
0.607894
0.610447
0.612998
0.615546
0.618091
0.778748
0.78113
0.78351
0.785888
0.788263
0.790636
0.793006
0.795375
0.79774
0.800104
0.802465
0.804823
0.80718
0.809533
0.811885
0.814234
0.816581
0.818926
0.821268
0.823608
0.825945
0.82828
0.830613
0.832944
0.835272
0.837598
0.839921
0.842242
0
0.0031607
0.00631823
0.00947262
0.0126238
0.0157719
0.0189169
0.0220586
0.0251973
0.0283328
0.0314652
0.0345944
-0.278507
-0.275068
-0.271632
-0.2682
-0.264772
-0.261346
-0.257924
-0.254506
-0.251091
-0.247679
-0.244271
-0.240866
-0.237465
-0.234066
-0.230672
-0.227281
-0.223893
-0.220508
-0.217127
-0.213749
-0.210375
-0.207004
-0.203637
-0.5165
-0.512823
-0.50915
-0.50548
-0.501814
-0.498152
-0.494493
-0.490838
-0.487187
-0.48354
-0.479896
-0.476255
-0.472619
-0.468985
-0.465356
-0.46173
-0.458108
-0.454489
-0.450874
-0.447263
-0.443655
-0.440051
-0.752678
-0.748765
-0.744856
-0.740951
-0.73705
-0.733152
-0.729259
-0.725369
-0.721484
-0.717602
-0.713724
-0.70985
-0.70598
-0.702113
-0.698251
-0.694392
-0.690538
-0.686687
-0.68284
-0.678996
-0.675157
-0.671322
-0.66749
-0.663662
-0.659838
-0.656018
-0.652201
-0.648389
-0.64458
-0.640775
-0.636974
-0.633177
-0.629383
-0.625593
-0.621807
-0.618025
-0.614247
-0.610472
-0.606701
-0.602934
-0.599171
-0.595411
-0.591655
-0.587903
-0.584155
-0.58041
-0.57667
-0.572933
-0.411085
-0.407514
-0.403946
-0.400381
-0.39682
-0.393263
-0.389709
-0.386159
-0.382613
-0.379069
-0.37553
-0.371994
-0.368461
-0.364932
-0.361407
-0.357885
-0.354367
-0.350852
-0.34734
-0.343832
-0.340328
-0.336827
-0.33333
-0.329836
-0.326346
-0.322859
-0.319375
-0.315896
-0.312419
-0.308946
-0.305477
-0.302011
-0.298548
-0.295089
-0.291633
-0.288181
-0.284732
-0.281287
-0.277845
-0.274407
-0.270972
-0.26754
-0.264112
-0.102574
-0.0993105
-0.0960506
-0.0927939
-0.0895404
-0.0862903
-0.0830433
-0.0797996
-0.0765592
-0.0733219
-0.070088
-0.0668572
-0.0636297
-0.0604054
-0.0571843
-0.0539665
-0.0507518
0.110573
0.113624
0.116671
0.119715
0.122756
0.125794
0.128829
0.131861
0.13489
0.137916
0.140938
0.143958
0.146975
0.149989
0.153
0.156007
0.159012
0.162014
0.165013
0.168008
0.171001
0.173991
0.176978
0.179962
0.182942
0.18592
0.188895
0.191867
0.194836
0.197802
0.200765
0.203725
0.206682
0.209636
0.212587
0.215536
0.218481
0.221423
0.224363
0.227299
0.230233
0.233163
0.236091
0.239015
0.241937
0.244856
0.247772
0.250685
0.253595
0.256503
0.259407
0.262308
0.265207
0.268102
0.270995
0.273885
0.276772
0.279656
0.282537
0.285415
0.288291
0.291163
0.294033
0.2969
0.299764
0.302625
0.305483
0.308338
0.469305
0.471996
0.474685
0.477372
0.480055
0.482736
0.485414
0.48809
0.648877
0.651389
0.653898
0.656406
0.65891
0.345185
0.348
0.350813
0.353623
0.35643
0.359235
0.362037
0.0486076
0.0517198
0.0548288
0.0579347
0.0610375
0.0641371
0.0672337
0.0703272
0.0734176
0.0765049
0.0795892
0.0826703
0.0857484
0.0888234
0.0918953
0.0949641
0.0980299
0.101093
0.104152
0.107209
0.110262
0.113313
0.11636
0.119405
0.122446
0.125484
-0.187708
-0.18436
-0.181015
-0.177673
-0.174335
-0.171
-0.167668
-0.16434
-0.161015
0.000420406
0.00358068
0.0067378
-0.306336
-0.302869
-0.299406
-0.295946
-0.292489
-0.289036
-0.285587
-0.28214
-0.278698
-0.275259
-0.271823
-0.26839
-0.264961
-0.261536
-0.258114
-0.254695
-0.25128
-0.247868
-0.244459
-0.241054
-0.237653
-0.234255
-0.23086
-0.227468
-0.22408
-0.220696
-0.217314
-0.213936
-0.210562
-0.207191
-0.203823
-0.200459
-0.197097
-0.19374
-0.190385
-0.187034
-0.183687
-0.180342
-0.177002
-0.173664
-0.17033
-0.166999
-0.163671
-0.160347
-0.157026
-0.153708
-0.150394
-0.147083
-0.143775
-0.140471
-0.13717
-0.133872
-0.130577
-0.127286
-0.440226
-0.436625
-0.433028
-0.429435
-0.425845
-0.422258
-0.418676
-0.415097
-0.411521
-0.407949
-0.404381
-0.400816
-0.397254
-0.393697
-0.390142
-0.386592
-0.383045
-0.379501
-0.375961
-0.214311
-0.210936
-0.207564
-0.204196
-0.200831
-0.19747
-0.194112
-0.0326433
-0.0294499
-0.0262598
-0.0230729
-0.0198891
-0.0167085
-0.0135311
-0.0103569
-0.00718586
-0.00401798
-0.000853268
0.00230828
0.00546667
0.0086219
0.011774
0.0149229
0.0180687
0.0212113
0.0243508
0.0274872
0.0306204
0.0337505
0.0368775
0.0400013
0.043122
0.0462396
0.0493541
0.0524655
0.0555737
0.0586789
0.0617809
0.0648799
0.0679757
0.0710685
0.0741581
0.0772447
0.0803282
0.0834086
0.0864859
0.0895602
0.0926314
0.0956995
0.0987645
0.101827
0.104885
0.107941
0.110994
0.114044
0.117091
0.120134
0.123175
0.126212
0.129247
0.132278
0.135307
0.138332
0.141355
0.144374
0.147391
0.150404
0.153414
0.156422
0.159426
0.162427
0.165426
0.168421
0.171414
0.174403
0.177389
0.180373
0.183353
0.186331
0.189305
0.192276
0.195245
0.198211
0.201173
0.204133
0.207089
0.210043
0.212994
0.215942
0.218887
0.221828
0.224767
0.227703
0.230637
0.233567
0.236494
0.239418
0.24234
0.245258
0.248174
0.251086
0.253996
0.256903
0.259807
0.262708
0.265606
0.268501
0.271394
0.274283
0.27717
0.280053
0.282934
0.285812
0.288687
0.291559
0.294428
0.297295
0.300158
0.303019
0.305877
0.308732
0.311584
0.314433
0.31728
0.320123
0.322964
0.325802
0.328637
0.331469
0.334299
0.337125
0.339949
0.34277
0.345588
0.348403
0.351216
0.512139
0.514788
0.517434
0.520078
0.522719
0.525357
0.527992
0.530625
0.533256
0.535884
0.538509
0.541131
0.543751
0.704482
0.706939
0.709393
0.711844
0.714294
0
0.0031607
0.00631823
0.00947262
0.0126238
0.0157719
0.0189169
0.0220586
0.0251973
0.0283328
0.0314652
0.0345944
0.0377205
0.0408435
0.0439634
0.0470802
0.0501938
0.0533043
0.0564118
0.0595161
0.0626173
0.0657154
0.0688104
0.0719023
0.0749912
0.0780769
0.0811596
0.0842391
0.0873156
0.0903891
0.0934594
0.0965267
0.0995909
0.102652
0.10571
0.108765
0.111817
0.114866
0.117912
0.120955
0.123995
0.127031
0.130065
0.133096
0.136124
0.139148
0.14217
0.145188
0.148204
0.151217
0.154226
0.157233
0.160236
0.163237
0.166234
0.169229
0.17222
0.175209
0.178195
0.181177
0.184157
0.187133
0.190107
0.193078
0.196045
0.19901
0.201972
0.204931
0.207887
0.21084
0.213789
0.216737
0.219681
0.222622
0.22556
0.228495
0.231427
0.234357
0.237283
0.240207
0.243127
0.246045
0.24896
0.251872
0.254781
0.257687
0.26059
0.26349
0.266387
0.269282
0.272173
0.275062
0.277948
0.280831
0.283711
0.286588
0.289462
0.292334
0.295202
0.298068
0.30093
0.30379
0.306647
0.309502
0.312353
0.315201
0.318047
0.32089
0.32373
0.326567
0.329401
0.332233
0.335061
0.337887
0.34071
0.34353
0.346348
0.349162
0.351974
0.354783
0.357589
0.360392
0.363193
0.36599
0.368785
0.371577
0.374367
0.377153
0.379937
0.382718
0.385496
0.388271
0.391044
0.393814
0.396581
0.399345
0.402107
0.404866
0.407622
0.410375
0.413126
0.415873
0.418618
0.421361
0.107872
0.110925
0.113975
0.117022
0.120066
0.123106
-0.190084
-0.186733
-0.183386
-0.180042
-0.176701
-0.173364
-0.17003
-0.166699
-0.163372
-0.476276
-0.472639
-0.469006
-0.465376
-0.461751
-0.458128
-0.45451
-0.450895
-0.447283
-0.443676
-0.440071
-0.436471
-0.432874
-0.429281
-0.425691
-0.422105
-0.418522
-0.414943
-0.411368
-0.407796
-0.404227
-0.400663
-0.397102
-0.393544
-0.38999
-0.386439
-0.382892
-0.695577
-0.691721
-0.687869
-0.525907
-0.52222
-0.518538
-0.514859
-0.511183
-0.507512
-0.503844
-0.50018
-0.496519
-0.492862
-0.489209
-0.485559
-0.481913
-0.478271
-0.474632
-0.470997
-0.467365
-0.463737
-0.460113
-0.456493
-0.452876
-0.449262
-0.445653
-0.442046
-0.754672
-0.750757
-0.746846
-0.742938
-0.739035
-0.735136
-0.73124
-0.727349
-0.723461
-0.719577
-0.715697
-0.711821
-0.707949
-0.704081
