-5.37587
-5.37587
-5.6921
-6.32455
-3.16228
-6.00833
-5.6921
-4.42719
-5.05964
-6.64078
-6.00833
-5.6921
-5.05964
-3.16228
-6.32456
-6.00833
-5.05964
-5.05964
-4.74342
-4.42719
-6.00833
-5.05964
-5.05964
-5.6921
-5.37587
-5.37587
-6.95701
-6.32456
-4.11096
-6.00833
-6.32455
-3.47851
-6.64078
-7.27324
-5.05964
-6.00833
-6.32456
-5.05964
-4.11096
-6.00833
-5.05964
-6.00833
-4.42719
-3.79473
-5.37587
-4.74342
-6.95701
-6.32456
-6.32456
-5.05964
-5.05964
-6.00833
-7.27324
-6.95701
-6.64078
-4.11096
-4.42719
-6.95701
-4.42719
-4.42719
-5.37587
-5.05964
-6.00833
-7.58947
-6.00833
-6.64078
-5.37587
-5.37587
-5.37587
-5.37587
