-12.9653
-8.22192
-10.1193
-10.4355
-8.85438
-9.48683
-11.3842
-9.80306
-10.7517
-8.85438
-9.17061
-9.48683
-9.48683
-7.90569
-8.85438
-10.7517
-6.95701
-6.95701
-10.4355
-8.85438
-11.068
-7.58947
-8.22192
-11.7004
-10.4355
-8.85438
-10.4355
-8.22192
-9.80306
-9.48683
-8.53815
-12.9653
-8.85438
-10.4355
-11.3842
-9.80306
-6.64078
-10.7517
-9.17061
-9.48683
-10.4355
-8.53815
-10.1193
-9.48683
-9.1706
-10.1193
-7.58947
-8.22192
-8.53815
-9.17061
-8.85438
-8.85438
-10.1193
-6.64078
-8.85438
-9.80306
-9.48683
-9.80306
-9.80306
-7.58947
-7.58947
-10.1193
-7.27324
-8.53815
-7.27324
-10.1193
-7.58947
-8.22192
-7.90569
-8.22192
-9.17061
-9.17061
-11.3842
-6.32456
-11.3842
-7.58947
-9.17061
-7.27324
-6.32456
-6.64078
