0.0690645
0.251663
0.274331
0.296773
0.318992
0.340989
0.362768
0.38433
0.405678
0.426813
0.605852
0.308768
0.330867
0.352747
0.374409
0.553969
0.573629
0.593093
0.612363
0.631442
0.650331
0.669032
0.687547
0.705878
0.724026
0.741993
0.759782
0.777394
0.636717
0.655553
0.674202
0.376438
0.0816365
0.26411
0.286654
0.308973
0.331071
0.0367205
0.0615268
0.0860864
0.110402
0.134475
0.158308
0.181905
0.205267
0.228396
0.251295
0.273967
0.296412
0.318635
0.340636
0.362419
0.383984
0.0891076
-0.202835
-0.175645
-0.148726
-0.438302
-0.408769
-0.37953
-0.192468
-0.165381
-0.138564
-0.112014
-0.0857274
0.0984112
0.122604
0.146556
-0.145959
-0.119335
-0.409203
-0.37996
-0.667235
-0.635425
-0.603931
-0.57275
-0.541879
-0.66943
-0.637597
-0.606081
-0.732993
-1.33298
-1.29455
-1.2565
-1.21882
-1.18152
-1.1446
-1.10803
-1.38807
-1.34908
-1.31049
-1.11416
-1.39413
-1.35509
-1.31643
-1.59439
-1.55336
-1.51273
-1.31439
-1.9086
-1.86443
-1.82071
-1.77742
-1.73457
-1.69214
-1.65013
-1.60854
-1.56736
-1.84282
-1.79931
-1.75624
-2.02982
-1.98445
-2.25576
-2.20815
-2.161
-2.11433
-2.06812
-2.02237
-1.97708
-2.40657
-2.35746
-2.62506
-2.57377
-2.52299
-2.47271
-2.42294
-2.37366
-2.64109
-2.58964
-2.5387
-2.48827
-2.43834
-2.23079
-2.18343
-2.13653
-2.0901
-2.67659
-2.62478
-2.57349
-2.52272
-2.78867
-2.73575
-2.99959
-3.2608
-3.20318
-3.14614
-3.08966
-3.03375
-2.97839
-2.92358
-2.86932
-2.8156
-3.39487
-3.33592
-3.27756
-3.21977
-3.16256
-3.10592
-3.04985
-2.99433
-2.78125
-3.04463
-2.98917
-2.77614
-2.72335
-2.67108
-2.61933
-2.56809
-2.51737
-2.46715
-2.41743
-2.21009
-2.16293
-2.11624
-2.07001
-2.02424
-1.97893
-2.25029
-2.20273
-2.15564
-2.10902
-2.06287
-2.01717
-1.97193
-1.92713
-1.88279
-1.83888
-1.79541
-1.75238
-1.70977
-1.66758
-1.62582
-1.9007
-1.85662
-1.81297
-1.76976
-1.72698
-1.68462
-1.64269
-1.60117
-1.56007
-1.51938
-1.79531
-1.75228
-1.70967
-1.66749
-1.62573
-1.90061
-2.48898
-2.75527
-2.70268
-2.65062
-2.59907
-2.54804
-3.12997
-3.07366
-3.0179
-2.9627
-2.74994
-2.6974
-2.64539
-2.5939
-2.54292
-2.49245
-2.44247
-2.70923
-2.6571
-2.60549
-2.55439
-2.82003
-2.7668
-3.03033
-2.975
-2.76212
-3.34192
-3.28349
-3.22565
-3.16838
-3.11169
-3.21367
-3.15652
-3.09994
-3.04393
-2.98847
-2.93356
-2.8792
-2.82538
-2.77209
-2.71934
-2.66711
-2.6154
-2.56421
-2.51352
-2.30523
-2.25712
-2.20949
-2.16233
-2.11564
-2.06942
-2.02366
-1.97835
-1.9335
-2.20531
-2.1582
-2.11155
-2.22349
-2.17619
-2.12937
-2.08301
-2.03711
-1.99167
-1.94668
-2.53459
-2.32609
-2.27777
-2.22994
-2.18258
-2.13569
-2.08927
-2.35953
-2.15277
-2.10618
-2.06005
-2.01438
-2.60162
-2.86679
-2.8131
-3.07616
-3.02038
-2.96516
-2.91048
-2.85635
-2.64465
-2.59316
-2.54219
-2.49172
-3.07421
-3.65091
-3.58941
-3.52852
-3.46824
-3.40856
-3.19136
-3.13443
-3.07807
-3.02228
-2.80892
-2.7558
-2.70321
-2.65114
-2.59959
-2.54855
-2.49802
-2.44799
-2.39846
-2.34943
-3.40768
-3.3486
-3.29011
-3.54843
-3.48795
-3.42807
-3.36879
-3.3101
-3.25199
-3.03635
-2.98096
-2.92613
-2.87185
-2.8181
-2.76489
-2.7122
-2.97627
-2.76337
-2.71071
-2.65856
-2.60694
-2.39771
-2.34869
-2.30014
-2.25209
-2.20451
-2.1574
-2.11076
-2.06459
-2.01887
-1.97361
-2.24503
-2.19752
-2.15049
-2.10392
-2.37404
-2.9577
-2.9031
-2.84904
-2.79552
-2.74254
-2.69008
-2.63814
-2.90294
-2.69077
-2.63883
-2.90363
-2.84957
-2.79604
-2.90116
-2.84712
-2.79362
-2.74066
-3.00444
-2.94938
-2.89486
-2.84088
-2.78744
-2.73454
-2.68216
-2.6303
-2.57895
-2.52812
-2.4778
-2.42797
-2.37864
-2.3298
-2.9139
-2.85974
-2.80611
-2.75302
-2.70046
-2.64841
-2.59689
-2.54588
-2.49538
-2.44538
-2.39587
-2.34686
-2.29834
-2.2503
-2.20274
-2.15565
-2.10903
-2.06287
-2.01717
-1.97193
-1.92714
-1.88279
-1.83889
-1.79542
-1.75238
-2.026
-2.2969
-2.24887
-2.51755
-2.62544
-2.89038
-2.83645
-2.78305
-2.73019
-2.67785
-2.62604
-2.57473
-2.36583
-2.63335
-2.58197
-3.16357
-3.10692
-3.05083
-2.9953
-3.25656
-3.19898
-3.14198
-3.40177
-3.34275
-3.28432
-3.22647
-3.1692
-3.11249
-3.05635
-3.00077
-3.26197
-3.20434
-3.14728
-3.0908
-3.03487
-2.9795
-2.92468
-2.87041
-2.65857
-2.60694
-2.55583
-2.34711
-2.29859
-2.25055
-2.20298
-2.314
-2.26581
-2.21809
-2.17085
-2.12408
-2.07777
-2.03193
-2.30276
-2.41279
-2.67984
-2.62801
-2.57669
-2.68399
-2.63211
-2.42264
-2.68959
-2.95388
-2.89932
-2.8453
-3.10804
-3.05195
-2.99641
-2.94142
-2.88698
-2.83309
-2.77973
-2.7269
-2.67459
-2.46469
-2.415
-2.3658
-2.31709
-2.26886
-2.22111
-2.49007
-2.44012
-2.39067
-2.65794
-3.23878
-3.49761
-3.27952
-3.85417
-3.79065
-3.72776
-3.6655
-3.60386
-3.54283
-3.79863
-3.73566
-3.67332
-3.6116
-3.55049
-3.48999
-3.4301
-3.37079
-3.31208
-3.57018
-3.98383
-3.91902
-3.85485
-3.4751
-3.09912
-3.04311
-2.98766
-2.93276
-3.19464
-3.13768
-3.08129
-3.02546
-3.28641
-3.22854
-3.8037
-3.74068
-3.67829
-3.61652
-3.55536
-3.49482
-3.43487
-3.37552
-3.31676
-3.25859
-3.201
-3.14397
-3.40375
-3.34471
-3.28626
-3.22839
-3.17109
-3.11437
-3.05821
-3.00261
-3.89624
-3.8323
-4.40146
-4.17438
-4.10767
-4.04163
-3.97624
-3.9115
-3.84741
-3.78396
-3.72114
-3.50083
-3.44082
-3.38141
-3.16448
-3.10783
-3.8423
-3.7789
-3.71613
-3.65398
-3.59245
-3.53153
-3.47122
-3.41151
-3.3524
-3.29387
-3.23592
-3.17855
-2.96364
-3.22521
-3.16795
-3.11125
-3.21324
-3.15609
-3.25763
-3.20005
-3.45926
-3.39967
-3.34067
-3.28226
-3.22443
-3.16718
-3.11049
-3.05437
-3.15692
-3.41657
-3.3574
-3.45694
-3.39737
-3.33839
-3.28
-3.2222
-3.16496
-3.1083
-3.0522
-2.99666
-2.94167
-2.88723
-3.14956
-3.09305
-3.0371
-2.98171
-2.92687
-2.87258
-2.81882
-2.7656
-2.71291
-3.45132
-3.23369
-3.01823
-2.96303
-2.90837
-2.85426
-2.80069
-2.74765
-2.69514
-2.64315
-2.90791
-2.8538
-3.43269
-3.37337
-3.63086
-3.56956
-3.50887
-3.44878
-3.70552
-3.64348
-3.89829
-3.83433
-4.08723
-4.33762
-4.26929
-4.20164
-4.13466
-4.06835
-4.0027
-3.9377
-4.03146
-3.96617
-3.90154
-3.83755
-3.61608
-3.55493
-3.49438
-3.75067
-3.68818
-3.62631
-3.56506
-3.50441
-3.44437
-3.22681
-3.16954
-3.11283
-3.05668
-3.0011
-2.94606
-2.89158
-3.78632
-3.72347
-3.66125
-4.23211
-4.16483
-4.09821
-4.03227
-3.96697
-3.90233
-3.83833
-3.77497
-3.71223
-3.65013
-3.58863
-3.52776
-3.46748
-3.40781
-3.34873
-3.13213
-3.07579
-3.17813
-3.12133
-3.0651
-2.85132
-2.79778
-2.74477
-2.69229
-2.64033
-2.58888
-2.53795
-2.80376
-2.75069
-2.69815
-2.64613
-2.59463
-2.54364
-2.49316
-2.44318
-2.3937
-2.66094
-2.60929
-2.87438
-2.82061
-2.76737
-2.55655
-2.50594
-3.08829
-3.03239
-2.97705
-2.92225
-2.70989
-2.65776
-2.60614
-2.55504
-2.82067
-2.76743
-2.71473
-2.97877
-2.76585
-2.71315
-2.66099
-3.24179
-3.18437
-2.9694
-2.91468
-3.17673
-3.11995
-3.06374
-3.00808
-2.95298
-2.89843
-2.84441
-2.79094
-2.738
-2.68558
-2.63369
-2.58231
-2.53145
-2.48109
-2.43123
-2.53998
-2.48954
-2.43959
-2.39015
-2.34119
-2.92518
-2.87091
-2.65906
-2.92365
-3.18562
-3.44498
-3.38553
-3.32667
-3.2684
-3.21071
-3.15359
-3.09704
-3.04105
-2.98562
-2.93074
-3.19264
-3.1357
-3.39555
-3.65282
-3.59131
-3.5304
-3.4701
-3.4104
-3.3513
-3.29278
-3.23485
-3.17749
-2.96259
-2.90794
-4.11874
-4.05259
-3.98709
-3.92225
-3.85805
-3.79449
-4.04779
-3.98235
-4.23378
-4.16648
-4.09985
-3.87577
-3.81204
-3.74894
-3.68646
-3.62461
-3.56337
-3.50275
-3.44272
-3.3833
-3.32446
-3.26621
-3.20854
-3.46767
-3.408
-3.34891
-3.13231
-3.07597
-3.02019
-2.96497
-2.9103
-2.85617
-3.27692
-3.21914
-3.16194
-3.10531
-3.04924
-2.99372
-2.78065
-2.72781
-2.6755
-2.6237
-2.57243
-2.52166
-2.4714
-2.42164
-2.37237
-3.11416
-3.058
-3.0024
-2.78924
-2.73632
-3.00015
-2.94513
-2.89065
-2.83672
-2.78332
-2.73045
-2.67811
-2.6263
-2.57499
-2.5242
-2.47391
-2.42412
-2.37483
-2.32603
-2.59394
-2.54296
-2.49249
-2.44252
-2.70927
-2.65714
-2.60553
-2.55443
-2.50384
-2.45376
-2.40417
-2.35508
-2.30647
-2.10024
-2.05417
-2.00856
-1.80529
-2.07838
-2.03253
-2.30336
-2.09716
-2.68358
-2.6317
-2.58035
-2.84573
-2.79224
-2.73929
-2.68686
-2.95118
-2.89664
-3.15888
-3.10228
-3.04624
-2.99076
-2.93583
-2.88144
-2.8276
-2.77429
-2.72152
-2.66927
-3.09188
-3.03594
-2.98056
-2.92573
-2.87145
-2.81771
-2.7645
-2.71182
-2.81778
-2.76457
-3.81869
-3.59741
-4.1689
-4.10225
-4.03626
-3.97093
-3.90624
-3.8422
-3.7788
-3.71603
-3.65389
-3.59236
-3.53144
-3.47113
-3.72765
-3.66539
-3.60375
-3.54272
-3.4823
-3.42247
-3.36325
-3.30461
-3.24656
-3.18909
-3.13218
-3.07585
-3.3363
-3.27793
-3.22014
-3.16293
-3.73874
-3.67637
-3.93085
-3.70845
-3.96261
-3.89801
-3.83405
-4.40318
-4.3342
-4.2659
-4.19829
-4.13134
-4.06506
-3.99944
-3.93448
-3.87016
-3.80648
-4.05966
-3.99409
-3.92918
-3.86491
-3.80129
-3.73829
-3.67592
-3.61418
-4.02739
-3.96214
-3.89755
-4.14982
-4.08336
-4.33379
-4.26549
-4.19788
-4.13094
-4.69712
-4.62521
-4.87025
-4.6385
-4.56718
-4.81279
-4.73973
-4.98363
-4.59264
-4.838
-4.76469
-4.69211
-4.62025
-4.54911
-4.47867
-4.40894
-4.3399
-4.11343
-4.04733
-3.98189
-3.9171
-4.32729
-4.57529
-4.50459
-4.4346
-4.36531
-4.2967
-4.07066
-4.00499
-3.93997
-3.87559
-3.81186
-3.74876
-3.68629
-3.62444
-3.5632
-3.50257
-3.44255
-3.38313
-3.32429
-3.26605
-3.20838
-3.15128
-3.09475
-3.03879
-3.29961
-3.24161
-3.34229
-3.28387
-3.22602
-3.16875
-3.11205
-3.84648
-3.78304
-3.72023
-3.65804
-3.59647
-3.53551
-3.47516
-3.41541
-3.35626
-3.29769
-3.23971
-3.1823
-3.12546
-3.06919
-3.01348
-2.95833
-3.53618
-3.47582
-3.41606
-3.3569
-3.29833
-3.24034
-3.18293
-3.12608
-3.06981
-3.01409
-2.95893
-2.90432
-3.16647
-3.1098
-3.05368
-2.99813
-2.78501
-3.04835
-2.99285
-2.9379
-2.8835
-2.82963
-2.77631
-2.72351
-2.67124
-2.61949
-2.56825
-2.51753
-2.62542
-2.57413
-2.52334
-2.78929
-2.73637
-2.68397
-2.63209
-2.58073
-2.52988
-2.79576
-2.74277
-2.69031
-2.48026
-2.43041
-2.38105
-2.33219
-2.28381
-2.23592
-2.50472
-2.45463
-2.40504
-2.35593
-2.14921
-2.10265
-2.05656
-2.01092
-1.96574
-2.55347
-2.50289
-2.76904
-2.71632
-2.66412
-2.61244
-2.56127
-2.51062
-3.40915
-3.35005
-3.29155
-3.23363
-3.17628
-3.1195
-3.06329
-3.00764
-2.95254
-2.898
-2.68587
-2.63398
-2.5826
-2.68984
-2.95414
-2.89957
-2.84555
-2.79206
-2.73911
-2.68668
-2.63478
-2.89962
-2.8456
-2.79211
-2.73916
-2.68673
-3.26728
-3.2096
-3.15249
-3.09596
-3.03998
-3.30079
-3.24277
-3.18534
-3.12847
-3.07217
-3.01643
-2.96124
-2.90661
-2.85252
-2.79896
-2.74594
-2.69345
-2.9577
-2.9031
-2.84904
-2.79552
-2.74254
-2.53196
-2.4816
-2.43174
-2.38237
-2.33349
-2.91756
-2.86336
-2.80969
-3.07279
-3.33327
-3.27494
-3.21718
-3.16
-2.94527
-2.89079
-3.15308
-3.41277
-3.35364
-3.2951
-3.23714
-3.17976
-3.12295
-3.38293
-3.3241
-3.26585
-3.20819
-3.15109
-3.09457
-3.35483
-3.29628
-3.23831
-3.18092
-3.1241
-2.90973
-2.8556
-2.80202
-2.74897
-2.69644
-2.80255
-2.7495
-2.69697
-2.64496
-2.59347
-2.5425
-2.49203
-2.44206
-2.39259
-2.1855
-2.13858
-2.25024
-3.46759
-3.40792
-3.34884
-3.29034
-3.23243
-3.1751
-3.11833
-3.06214
-3.0065
-2.95141
-2.89687
-2.84288
-2.78942
-2.73649
-2.68409
-2.63221
-2.58085
-2.53
-3.11211
-3.05597
-3.00039
-3.10348
-3.04743
-2.99194
-2.937
-2.8826
-2.82875
-2.77543
-2.72264
-2.67038
-2.46052
-2.41087
-2.36171
-2.31304
-2.42297
-2.37369
-2.3249
-2.59282
-2.54185
-2.49139
-2.44143
-2.39196
-2.65922
-2.60759
-2.55647
-2.82209
-2.76884
-2.71611
-2.66392
-2.61224
-2.71919
-2.82508
-2.7718
-2.71904
-2.66682
-2.61511
-2.56392
-2.51324
-2.46306
-2.41338
-2.52231
-2.63015
-2.57881
-2.84421
-2.79074
-2.7378
-2.68538
-2.94972
-2.8952
-2.84122
-2.78778
-2.73487
-2.99871
-2.9437
-3.20547
-3.1484
-3.09191
-3.3522
-3.29367
-3.23573
-3.49459
-3.43464
-3.69153
-3.62962
-3.56834
-3.82389
-4.0769
-4.01116
-3.94608
-3.88164
-3.81785
-3.75469
-3.69216
-3.47214
-3.57053
-3.50983
-3.44974
-3.39024
-3.33134
-3.27302
-3.21528
-3.15811
-3.10152
-3.36172
-3.30309
-3.24506
-3.1876
-3.44694
-3.38747
-3.32859
-3.2703
-3.21259
-3.15545
-3.41511
-3.35596
-3.29739
-3.0813
-3.02547
-2.97019
-2.91547
-2.86129
-2.80765
-2.75454
-2.70196
-2.6499
-2.75648
-2.70388
-2.65181
-2.60025
-2.5492
-2.81489
-2.76171
-3.34152
-3.44121
-3.3818
-3.32298
-3.26475
-3.20709
-3.15001
-3.09349
-3.03754
-2.98215
-2.9273
-2.873
-2.81925
-3.08225
-3.34264
-3.28421
-3.22636
-3.16908
-3.11238
-3.37247
-3.31374
-3.2556
-3.19803
-3.14104
-3.08461
-3.02875
-2.97344
-3.55114
-3.33252
-3.27419
-3.21644
-3.15926
-3.10266
-3.04662
-2.99113
-2.9362
-2.88181
-2.82796
-2.77465
-2.56376
-2.82931
-2.77598
-2.72319
-2.67092
-2.46106
-2.4114
-2.36224
-2.31356
-2.26537
-2.21766
-2.17042
-2.12365
-2.07735
-2.03151
-1.98612
-1.94119
-1.8967
-2.16889
-2.12214
-3.02453
-2.96927
-2.91455
-3.49283
-3.43291
-3.37358
-3.31484
-3.09857
-3.20068
-3.14367
-3.08721
-3.03132
-2.97599
-2.76309
-3.501
-3.44099
-3.38158
-3.32276
-3.58076
-3.51996
-3.45976
-3.24205
-3.02651
-2.97122
-2.91649
-2.8623
-2.80865
-2.75553
-2.70294
-2.65087
-2.59932
-2.54829
-2.49776
-2.44774
-2.71444
-2.66226
-2.6106
-2.87568
-3.13812
-3.39795
-3.33897
-3.28058
-3.22276
-3.16552
-3.10886
-3.05275
-3.15532
-3.09875
-3.04275
-3.46164
-3.71825
-3.49797
-3.438
-3.37862
-3.63605
-3.5747
-3.51396
-3.45383
-3.71052
-3.64843
-3.42884
-3.36955
-3.31085
-3.25274
-3.1952
-3.45446
-3.39492
-3.33597
-3.27761
-3.21982
-3.16261
-3.10597
-3.0499
-2.99438
-2.93941
-2.88499
-2.83112
-2.77778
-2.72496
-2.67268
-2.62091
-2.56966
-2.51892
-2.46869
-2.41895
-2.36971
-2.32096
-2.2727
-2.85737
-2.80377
-2.7507
-2.69816
-2.96237
-2.90772
-3.16984
-3.11313
-3.05698
-3.00139
-2.94636
-2.89187
-2.83793
-2.78452
-3.04787
-2.99237
-2.93742
-2.88302
-2.82917
-2.61773
-2.56651
-2.83203
-2.77868
-2.72586
-2.98979
-2.93487
-2.8805
-2.66855
-2.61683
-2.56562
-2.51492
-2.46473
-2.41503
-2.36583
-2.94957
-2.89505
-2.84108
-2.78764
-3.36718
-3.30851
-3.25042
-3.1929
-3.13596
-3.07959
-3.02377
-3.28474
-3.22689
-3.16961
-3.1129
-3.37298
-3.31425
-3.57233
-3.51161
-3.4515
-3.70821
-3.64614
-3.58469
-3.84008
-3.7767
-3.71395
-4.12617
-4.05994
-4.62683
-4.55562
-4.80135
-4.7284
-4.65618
-4.58468
-4.83012
-4.75689
-4.68439
-4.61261
-4.54154
-4.47118
-4.40152
-4.33255
-4.26427
-4.03856
-3.9732
-3.90849
-3.84443
-4.09724
-4.0313
-3.96602
-3.90138
-3.83739
-3.77404
-3.71131
-3.64921
-3.90396
-4.4724
-4.40273
-4.33375
-4.26546
-4.19784
-4.1309
-4.06463
-3.99901
-4.25028
-4.18282
-4.11603
-4.0499
-3.98443
-3.91962
-4.17167
-4.10499
-4.03898
-4.28984
-4.22199
-4.15481
-4.24641
-4.17899
-4.11223
-4.04615
-3.98071
-3.91593
-3.8518
-4.10453
-4.03852
-4.28939
-4.22154
-4.15436
-4.40408
-4.33509
-4.26679
-4.19916
-4.13221
-3.90781
-3.84375
-3.78033
-4.03378
-3.96847
-3.90381
-3.8398
-3.77642
-4.0299
-3.96463
-3.90001
-4.15226
-4.08577
-4.17806
-4.11132
-4.04524
-3.97982
-3.91505
-3.85092
-3.78743
-3.72458
-3.97857
-3.91381
-3.8497
-3.78622
-3.72338
-3.66116
-3.59956
-3.53857
-3.47819
-3.41841
-3.35923
-3.61686
-3.5557
-3.49515
-3.75143
-3.68893
-3.94328
-3.87887
-3.81511
-3.75197
-3.68947
-3.62759
-3.56632
-3.50567
-3.44561
-3.70238
-3.64037
-3.57898
-3.5182
-3.77425
-3.71152
-3.64942
-3.58794
-3.68518
-3.62334
-3.56212
-3.18527
-3.12841
-3.07211
-3.01637
-2.80307
-3.06624
-3.01056
-2.95543
-2.90085
-2.84682
-2.79332
-3.37281
-3.31408
-3.25593
-3.19836
-3.14137
-3.08494
-3.18719
-3.1303
-3.07398
-3.01823
-2.96302
-2.90837
-2.85426
-2.80069
-2.74765
-3.01137
-3.58869
-3.52781
-3.46753
-3.40786
-3.34878
-3.29029
-3.23238
-3.17504
-3.11828
-3.06208
-3.00644
-2.95136
-2.89682
-2.84282
-2.78937
-2.73644
-2.68404
-2.63216
-2.5808
-2.52995
-2.47961
-2.42976
-2.38041
-2.33156
-3.23187
-3.807
-3.74394
-3.68152
-3.61972
-3.55853
-3.49795
-3.43797
-3.37859
-3.31981
-3.2616
-3.04586
-3.30661
-3.24854
-3.19105
-3.13412
-3.07777
-3.02197
-2.96673
-3.22827
-3.17098
-3.43048
-3.37118
-3.31246
-3.57056
-3.50986
-3.44976
-3.39027
-3.33136
-3.27304
-3.2153
-3.47437
-3.41463
-3.35548
-3.29692
-3.39706
-3.33809
-3.2797
-3.2219
-3.16467
-3.10801
-3.05191
-3.15449
-3.09793
-3.04193
-2.98649
-3.24783
-3.19034
-3.13343
-3.07708
-3.02129
-2.96606
-2.91137
-3.17346
-3.11671
-2.7443
-2.69182
-2.63987
-2.58843
-2.5375
-2.48708
-2.43717
-2.38774
-2.33882
-2.29037
-2.24241
-2.19493
-2.14792
-2.4176
-2.6846
-2.63272
-2.58135
-2.53049
-2.79637
-2.74338
-2.69091
-2.63896
-2.58753
-2.53661
-3.75111
-3.68862
-3.62675
-3.56549
-3.50484
-3.44479
-3.38535
-3.16838
-3.11168
-3.05555
-2.99997
-2.94495
-2.89048
-2.67843
-2.78472
-2.73184
-2.67949
-2.46954
-3.05225
-3.31294
-3.57103
-3.51033
-3.45023
-3.39073
-3.33182
-2.95727
-2.90267
-2.84862
-2.7951
-2.74212
-2.68966
-2.63773
-2.58631
-2.53541
-2.48501
-2.75134
-2.69879
-2.48865
-2.43872
-2.38928
-2.34034
-2.92433
-3.18629
-3.12942
-3.07311
-3.01736
-3.27839
-3.53683
-3.47646
-3.4167
-3.35753
-3.29896
-3.24096
-3.18354
-3.75915
-3.69657
-3.63462
-3.41517
-3.35602
-3.13934
-3.08293
-3.1852
-3.12833
-3.07203
-2.85818
-2.80457
-2.75149
-2.69894
-3.12126
-3.06503
-2.85125
-2.79771
-2.7447
-2.69222
-2.64026
-2.90504
-2.85097
-2.79743
-2.74442
-2.69194
-2.95621
-3.21786
-3.16067
-3.10405
-3.04799
-2.99249
-2.93754
-2.88314
-3.30362
-3.24558
-3.18812
-3.13122
-3.0749
-3.01913
-2.96392
-2.90925
-2.85514
-3.11778
-2.90348
-2.84941
-2.79589
-2.7429
-2.69044
-2.48038
-2.43053
-2.38117
-2.33231
-2.60016
-2.54912
-2.49858
-2.44855
-2.39901
-2.19186
-2.4611
-2.41144
-2.36228
-2.3136
-2.58164
-2.53078
-2.48043
-2.43057
-2.38122
-2.33235
-2.28397
-2.86853
-2.81482
-2.76164
-2.55088
-2.81655
-2.76335
-3.34314
-3.28471
-3.22685
-3.16957
-3.11286
-3.05672
-3.00113
-3.10421
-3.04816
-2.99265
-3.25393
-3.19639
-3.13941
-3.083
-3.02715
-2.97186
-2.91712
-2.86292
-3.12549
-3.06922
-3.48785
-3.42798
-3.3687
-3.31001
-3.2519
-3.19437
-3.13742
-3.08103
-3.0252
-2.96993
-2.9152
-3.17725
-3.12047
-3.38048
-3.32167
-3.26345
-3.2058
-3.46496
-3.40531
-3.34626
-3.28779
-3.07179
-2.85794
-2.80433
-2.75126
-2.69871
-2.64669
-2.59518
-2.54419
-2.4937
-2.44372
-2.39423
-2.81958
-2.76635
-2.71366
-2.8196
-2.76637
-2.71367
-2.6615
-2.60985
-2.55871
-2.50808
-2.45795
-2.72455
-2.67227
-2.62051
-2.56926
-2.51853
-2.46829
-2.41856
-2.36933
-2.32058
-2.27232
-2.22454
-2.33535
-2.28694
-2.23901
-2.34967
-2.30112
-2.56928
-2.51855
-2.15209
-2.1055
-2.05938
-2.01372
-1.96851
-1.92375
-1.87944
-1.83557
-1.79213
-1.74913
-1.70655
-1.6644
-1.9389
-2.21066
-2.16349
-2.11679
-2.07056
-2.34101
-2.29255
-2.24457
-2.51329
-2.62122
-2.56997
-2.51923
-2.46899
-2.41925
-2.52812
-2.4778
-2.42797
-2.37864
-2.17169
-2.12491
-2.39482
-2.34582
-2.29731
-2.24928
-2.20172
-2.15465
-2.10804
-2.06189
-2.0162
-1.97097
-1.92619
-2.19808
-2.46726
-2.41754
-2.36831
-2.31958
-2.11321
-2.38324
-2.33436
-2.28596
-2.23804
-2.1906
-2.30175
-2.5699
-2.67727
-2.62546
-2.57417
-2.52338
-2.4731
-2.42332
-2.37404
-2.64147
-2.59002
-2.53908
-2.48864
-2.43871
-2.07304
-1.86913
-1.82536
-2.25637
-2.20875
-2.1616
-2.11492
-2.0687
-2.33918
-2.29073
-2.55899
-2.35024
-2.30169
-2.56984
-2.5191
-2.31075
-2.26259
-2.05679
-2.32738
-2.59528
-2.54428
-2.4938
-2.44381
-2.39432
-2.66156
-2.6099
-2.71687
-2.66467
-2.61298
-2.87804
-2.82423
-3.08719
-3.0313
-2.97597
-2.92118
-2.86695
-2.81325
-3.07631
-3.02053
-2.9653
-2.91063
-3.48895
-4.06152
-3.99594
-3.931
-3.86672
-3.80307
-3.74006
-3.67768
-3.61591
-3.55476
-3.49422
-3.43428
-3.37494
-3.31619
-3.25802
-3.20043
-3.14341
-3.08696
-3.66353
-3.60191
-3.5409
-3.48049
-3.42069
-3.36148
-3.30287
-3.24483
-3.18737
-3.44671
-3.38725
-3.32837
-3.27008
-3.21237
-3.15524
-3.09867
-3.04267
-2.98722
-2.93233
-2.87798
-2.82417
-2.7709
-2.71816
-2.66594
-2.61424
-2.87929
-2.82547
-2.77218
-2.71943
-2.98342
-2.92857
-2.87426
-2.9786
-2.92379
-2.86953
-2.65769
-2.60607
-2.55497
-2.50438
-2.45429
-2.72092
-2.98491
-2.93004
-2.87571
-2.82192
-2.76867
-2.71595
-2.66376
-2.92831
-2.874
-3.45269
-3.39316
-3.33423
-3.27588
-3.06
-3.00438
-2.94932
-3.52726
-3.46699
-3.40732
-3.34825
-3.28976
-3.23185
-3.17453
-2.95965
-2.90503
-2.85096
-2.79742
-2.74441
-2.69193
-2.63998
-2.90476
-2.85069
-2.79715
-3.53472
-3.79061
-3.72772
-3.66546
-3.60381
-3.54278
-3.48236
-3.42254
-3.36331
-3.30468
-3.24662
-3.50537
-3.44532
-3.38587
-3.32701
-3.26874
-3.21104
-3.47015
-3.72667
-3.66442
-3.60279
-3.858
-3.79444
-3.73151
-3.5111
-3.45099
-4.18205
-4.11527
-4.04915
-4.29992
-4.23196
-4.00657
-3.94153
-3.71903
-3.65685
-3.59529
-3.37623
-3.31747
-3.25929
-3.20169
-3.46089
-3.40128
-3.65849
-3.59692
-3.53596
-3.63372
-3.57239
-3.51167
-3.45156
-3.39204
-3.33312
-3.59101
-3.53011
-3.46981
-3.41012
-3.35102
-3.2925
-3.23457
-3.17721
-3.12043
-3.22232
-3.00697
-2.95188
-2.89734
-3.15957
-2.94484
-2.89037
-3.15267
-2.93801
-2.72549
-2.83132
-2.77797
-3.04139
-2.98596
-2.93107
-3.19297
-3.13602
-3.07965
-3.02383
-3.2848
-3.22695
-3.16967
-3.11296
-3.05681
-3.00123
-2.94619
-2.89171
-2.83776
-3.10058
-3.04456
-3.30532
-3.24726
-3.18978
-3.76533
-3.70269
-3.64068
-3.89551
-3.83157
-3.76828
-4.6543
-4.58281
-4.35393
-4.28544
-4.05951
-3.99395
-3.92903
-3.86477
-3.80114
-4.05438
-3.98886
-3.924
-3.85979
-3.79621
-3.73327
-3.67095
-3.60925
-3.54817
-3.48769
-3.42782
-3.36854
-3.30985
-3.25175
-3.19422
-3.13726
-3.08088
-3.02505
-2.96978
-2.91506
-3.17711
-3.12033
-3.06411
-3.32468
-3.58265
-3.83806
-3.7747
-3.71197
-3.96609
-3.74334
-3.68092
-3.61913
-3.55795
-3.49737
-3.27929
-3.22149
-3.16426
-2.94949
-2.89497
-2.841
-3.42001
-3.36081
-3.61843
-3.55725
-3.33857
-3.28018
-3.22237
-3.16514
-3.10847
-3.84294
-3.77953
-3.71675
-3.81271
-3.74961
-3.68712
-3.62527
-3.56402
-3.50339
-3.44336
-3.38393
-3.64131
-3.57991
-3.51912
-3.45893
-3.39934
-3.34035
-3.28194
-3.22411
-2.85063
-2.7971
-2.74409
-2.69162
-2.95589
-2.90131
-2.84727
-2.79377
-2.7408
-3.00458
-2.94952
-3.21122
-3.1541
-3.09755
-2.88344
-2.82958
-2.77625
-3.03968
-3.3005
-3.24248
-3.18505
-3.12819
-3.07189
-3.33238
-3.27405
-3.2163
-3.15913
-3.10252
-3.04648
-2.991
-3.25229
-3.19476
-3.1378
-3.08141
-3.02558
-2.9703
-2.91557
-3.17762
-3.12083
-3.38083
-3.32202
-3.2638
-3.20615
-3.14908
-3.09257
-3.03663
-2.98124
-2.92641
-2.87212
-2.66026
-3.24107
-3.18365
-3.1268
-3.07052
-3.01479
-3.27585
-3.21809
-3.1609
-3.10427
-3.04821
-2.99271
-2.93776
-3.51582
-3.45566
-3.23799
-3.1806
-3.12378
-3.06753
-3.01184
-3.27292
-3.05707
-3.00148
-2.94645
-2.89196
-3.15424
-3.09768
-3.35792
-3.29933
-3.24133
-3.81637
-3.75322
-4.00693
-4.10001
-4.03404
-3.96873
-3.90407
-3.68194
-3.62013
-3.55894
-3.49836
-3.43837
-3.37899
-3.3202
-3.26199
-3.04625
-2.99077
-2.93584
-2.88145
-3.14384
-3.08739
-3.03149
-2.97616
-2.92137
-2.86714
-2.81344
-2.76027
-2.70763
-2.65552
-2.60393
-2.39473
-2.34573
-2.29722
-2.24919
-2.8341
-3.09695
-3.04097
-2.82742
-2.616
-2.5648
-2.51411
-2.46393
-2.41424
-2.36504
-2.31634
-2.26812
-2.22038
-2.17312
-2.12632
-2.07999
-2.66658
-2.45676
-2.72337
-2.98733
-2.93244
-3.0362
-2.98082
-2.92599
-2.8717
-2.81796
-2.76475
-2.71207
-2.65991
-2.60827
-2.87338
-2.81961
-2.76639
-2.71369
-2.66152
-2.60986
-2.55872
-2.50809
-2.45797
-2.40834
-2.67543
-2.62364
-2.57236
-2.20537
-2.15825
-2.11161
-1.90731
-1.86316
-1.81945
-1.77617
-1.73333
-2.32337
-2.27508
-2.22727
-2.81239
-2.75924
-3.02284
-2.96759
-2.75478
-2.70219
-2.65014
-2.91482
-2.86065
-2.80701
-2.75391
-2.70134
-2.64929
-2.59776
-2.54674
-2.49623
-2.44622
-2.3967
-2.5058
-2.77192
-3.0354
-2.98002
-2.76709
-3.34684
-3.28837
-2.91425
-3.49253
-3.43261
-3.37329
-3.31455
-3.09828
-3.04228
-2.98684
-2.93195
-2.87761
-2.8238
-2.77053
-2.7178
-2.66558
-2.61389
-3.19516
-3.1382
-3.0818
-3.02597
-2.81257
-2.75942
-2.54867
-2.49814
-2.44811
-2.39858
-2.34955
-2.301
-2.25293
-2.52157
-2.47131
-2.42155
-2.37228
-2.3235
-2.27521
-2.2274
-2.18007
-2.29132
-2.55958
-2.50894
-2.4588
-2.72539
-2.6731
-2.62134
-2.57008
-2.51934
-2.78533
-2.73244
-2.99631
-2.94132
-2.88688
-2.83299
-2.77963
-2.7268
-2.6745
-2.62271
-2.57145
-2.52069
-2.47044
-2.26257
-2.53111
-2.79698
-3.06021
-3.00459
-2.94952
-2.895
-3.15725
-3.10067
-3.04464
-2.98918
-2.93426
-2.72178
-2.66953
-2.93402
-2.87966
-2.82583
-2.77254
-2.71979
-2.66755
-2.61584
-2.56464
-2.51395
-2.46376
-2.88842
-2.83451
-2.78113
-2.72829
-2.51786
-2.46763
-2.41791
-2.52679
-2.47648
-3.05912
-3.00351
-2.94845
-2.89395
-2.83998
-2.78655
-2.73365
-2.68128
-2.62943
-2.89432
-2.84035
-2.94503
-2.89056
-2.83663
-2.78323
-2.73036
-2.67803
-2.62621
-2.5749
-2.52411
-2.47383
-2.42404
-2.37475
-2.32595
-2.27763
-2.2298
-2.18244
-2.45178
-2.40222
-2.35314
-2.30456
-2.25645
-2.20883
-2.16168
-2.115
-2.54313
-2.49265
-2.44268
-2.23509
-2.18768
-2.14074
-2.09426
-1.89014
-1.84616
-1.80262
-1.75951
-1.71683
-1.67458
-1.63275
-2.22378
-2.49271
-2.44274
-2.39326
-2.34428
-2.29578
-2.24777
-2.20023
-2.15316
-2.10657
-2.37666
-2.64407
-2.90882
-2.85471
-2.80113
-2.74809
-2.69557
-2.64358
-2.5921
-2.54114
-2.49068
-2.75696
-2.70435
-2.65227
-2.60071
-3.18212
-2.96717
-2.91248
-2.85833
-2.80471
-3.06786
-2.85405
-2.80048
-2.74745
-2.69494
-2.64295
-2.59148
-2.54052
-2.49007
-2.44013
-2.39068
-2.34172
-2.29324
-2.24525
-2.51397
-2.46378
-2.4141
-2.36491
-2.3162
-2.26799
-2.06213
-2.33267
-2.28429
-2.23639
-2.03085
-1.98547
-1.78243
-1.73952
-2.01327
-2.60052
-2.54948
-2.49894
-2.4489
-2.39936
-2.35032
-2.61799
-2.56677
-2.51606
-2.46585
-2.41614
-2.36693
-2.31821
-2.42808
-2.22064
-2.17337
-2.12658
-2.08024
-2.03437
-1.98896
-1.944
-1.89948
-2.01353
-2.28455
-2.23664
-2.18922
-2.14226
-2.09578
-2.36598
-2.31727
-2.26904
-2.53752
-2.4871
-2.43718
-2.70398
-2.65191
-2.60035
-2.5493
-2.49877
-2.60685
-2.23951
-2.19205
-2.14507
-2.41478
-2.36559
-2.31688
-2.26865
-2.22091
-2.48986
-2.43992
-2.39047
-2.34151
-2.29304
-2.24506
-2.83
-2.77667
-3.0401
-2.98468
-2.92981
-2.87549
-2.8217
-2.76846
-2.71574
-2.66354
-2.61187
-2.87694
-3.13937
-3.08296
-3.02711
-2.97182
-2.91708
-3.49534
-3.43539
-3.37603
-3.15916
-3.10255
-3.04651
-3.30725
-3.24917
-3.19167
-3.13474
-3.07838
-3.02258
-2.96733
-2.91264
-2.85848
-2.64676
-2.43714
-2.38771
-2.33878
-2.60657
-2.87169
-3.13417
-3.07782
-3.02202
-2.96678
-2.91209
-2.85794
-2.80433
-2.75126
-3.01494
-2.95977
-2.90515
-2.85107
-3.42999
-3.37069
-3.31198
-3.25385
-3.1963
-3.77178
-3.70908
-3.48889
-3.429
-3.36971
-3.31101
-3.2529
-3.19536
-3.13839
-3.082
-4.29107
-4.2232
-3.99789
-3.93294
-3.86864
-3.80497
-3.58383
-3.523
-3.46277
-3.24503
-3.18757
-3.44691
-4.0199
-4.27096
-4.20329
-4.13629
-4.06997
-4.0043
-3.93928
-3.87492
-3.81119
-3.90621
-3.84217
-3.77877
-3.716
-3.65385
-3.90855
-4.00261
-4.25384
-4.18634
-4.11951
-4.05335
-3.98785
-4.55545
-4.48496
-4.41516
-4.34606
-4.27764
-4.20991
-4.14285
-4.07645
-4.01072
-3.94564
-4.19744
-4.1305
-4.06423
-3.99862
-3.93366
-4.02747
-3.96222
-3.89762
-3.83367
-3.77035
-4.0239
-4.27491
-4.04909
-3.98363
-3.76071
-3.69812
-3.63615
-3.5748
-3.51406
-3.45392
-3.39438
-3.33544
-3.59331
-3.53238
-3.47206
-3.41234
-3.35322
-3.29468
-3.23673
-3.17935
-3.12255
-3.0663
-3.01062
-2.79738
-2.74438
-2.53378
-2.32529
-3.22566
-3.1684
-3.1117
-3.05556
-3.31622
-3.25805
-3.20046
-3.14344
-3.40322
-3.34419
-3.28574
-3.22788
-3.17059
-3.11387
-3.05771
-3.63457
-3.88947
-3.82559
-4.39481
-4.64214
-4.57078
-4.34201
-4.27364
-3.88972
-3.82584
-3.7626
-3.69999
-3.63801
-3.57664
-3.51588
-3.45572
-3.39617
-3.65343
-3.59191
-3.531
-3.78692
-3.72407
-3.66184
-3.60023
-3.53924
-3.47885
-3.7353
-3.51484
-3.77093
-3.70823
-3.64617
-3.58471
-3.52387
-3.46364
-3.40401
-3.34496
-3.28651
-3.22864
-3.17134
-3.11461
-3.05845
-3.31908
-3.26088
-3.20326
-3.14622
-3.08974
-3.03383
-2.97847
-3.55612
-3.65368
-3.59215
-3.53124
-3.47093
-3.41122
-3.35211
-3.29358
-3.39375
-3.33481
-3.27646
-3.06057
-3.00495
-2.94988
-2.89536
-2.84138
-3.42039
-3.36118
-3.30257
-3.24454
-3.81954
-4.07259
-4.00689
-4.25808
-4.19054
-4.12367
-4.05747
-3.99193
-3.92704
-3.86279
-4.11541
-4.36552
-4.29691
-4.07087
-4.00519
-4.2564
-4.18888
-4.43825
-4.36892
-4.30028
-4.23232
-4.16504
-4.09842
-4.03247
-3.96718
-3.90253
-3.83853
-3.77516
-3.55432
-3.81001
-3.74693
-3.68447
-3.62264
-3.56142
-3.50081
-3.44081
-3.3814
-3.63881
-3.57743
-3.51667
-3.45651
-3.39694
-3.33797
-3.12147
-3.38147
-3.63888
-3.5775
-3.83296
-3.61154
-3.55043
-3.48993
-4.2206
-4.15344
-4.08694
-4.0211
-3.95592
-3.89139
-3.8275
-4.08047
-4.33092
-4.26266
-4.19508
-4.76062
-5.00431
-4.92934
-4.85512
-5.09787
-5.02198
-5.10495
-5.02898
-4.95377
-4.87931
-4.64748
-4.89229
-4.50221
-4.43224
-4.36297
-4.29439
-4.22649
-4.15926
-4.0927
-4.02681
-3.96157
-3.89698
-3.83304
-3.76973
-3.70705
-3.96122
-3.89663
-3.83269
-4.08561
-3.86167
-3.79808
-4.36757
-4.29894
-4.23099
-4.16372
-4.09712
-4.03118
-3.9659
-4.2175
-4.15036
-4.08389
-4.01809
-3.95294
-3.73032
-3.66803
-3.60636
-3.86153
-3.79794
-3.73498
-3.67264
-3.61093
-3.54983
-3.48934
-3.42945
-3.37015
-3.31145
-3.25333
-3.19578
-3.13881
-3.39864
-3.33965
-3.28125
-3.22343
-3.48241
-3.42259
-3.36336
-3.30473
-3.08856
-3.03266
-2.97731
-2.92251
-2.71015
-2.65801
-2.60639
-2.55529
-2.50469
-2.4546
-3.03746
-2.98206
-2.92722
-3.03104
-2.97571
-2.92093
-2.86669
-2.81299
-2.75983
-3.02343
-2.96817
-2.91347
-2.85931
-2.80569
-2.59448
-2.5435
-2.80925
-2.75612
-2.3873
-2.33837
-2.60616
-2.55506
-2.82069
-2.76746
-2.71475
-2.66256
-2.92713
-2.87283
-2.81907
-2.76585
-2.71316
-2.97722
-2.92243
-2.86818
-2.81447
-2.76129
-2.70864
-2.65652
-2.60492
-2.87005
-2.81632
-2.76313
-3.34292
-3.28449
-3.54286
-3.48244
-3.42262
-3.67962
-3.61783
-3.39855
-3.33956
-3.28116
-3.22334
-3.1661
-2.95131
-2.89677
-3.94958
-3.88511
-3.82128
-3.75809
-3.69552
-3.63358
-3.57225
-3.51154
-3.45143
-3.39191
-3.33299
-3.27466
-3.2169
-3.15972
-3.10311
-3.04706
-2.99157
-2.93663
-2.88224
-2.82839
-2.77508
-3.51287
-3.45274
-3.39321
-3.33428
-3.27593
-3.21816
-3.16097
-3.10435
-2.89017
-2.83625
-2.78285
-2.72999
-2.67766
-2.62584
-2.57454
-2.52376
-2.47347
-2.26558
-2.21786
-2.17062
-2.12385
-2.07755
-2.03171
-2.30255
-2.25446
-2.20686
-2.15973
-2.11307
-2.06687
-2.02114
-1.97585
-1.93102
-2.20286
-1.83955
-1.79607
-1.75303
-2.02664
-1.9813
-1.93642
-1.89198
-2.16421
-2.11751
-2.22938
-2.18202
-1.97703
-1.93218
-1.88779
-1.84383
-1.80031
-1.75723
-1.71457
-1.67234
-1.63053
-1.58913
-1.86438
-1.82066
-1.77737
-1.73451
-1.69208
-1.65007
-1.60848
-1.56731
-1.52654
-1.48618
-1.44622
-1.56477
-1.52403
-1.32558
-1.60345
-1.56232
-1.52161
-1.4813
-1.28327
-1.24533
-1.20777
-1.17058
-1.13376
-1.09731
-1.06122
-1.02549
-0.990111
-0.955088
-0.920413
-0.886083
-0.693981
-0.661904
-0.630146
-0.598705
-0.567576
-0.536757
-0.506244
-0.317922
-0.289587
-0.10342
-0.0772189
-0.367507
-0.338678
-0.310137
-0.281879
-0.253903
-0.226205
-0.356896
-0.328173
-0.615964
-0.584663
-0.39556
-0.366453
-0.337635
-0.625331
-0.593938
-0.879084
-0.845165
-0.811584
-1.09457
-0.900389
-1.18249
-1.14555
-1.10898
-1.07277
-1.03693
-1.00144
-0.966301
-0.931515
-0.897075
-1.1792
-1.1423
-1.10576
-1.2277
-0.874087
-0.840218
-0.806686
-0.773488
-0.74062
-0.708079
-0.675862
-0.643965
-0.454272
-0.266467
-0.238644
-0.369211
-0.340366
-0.311808
-0.283533
-0.571768
-0.540907
-0.510354
-0.480104
-0.292041
-0.580191
-0.549247
-0.51861
-0.488278
-0.458248
-0.428517
-0.399081
-0.211825
-1.13323
-1.09678
-1.0607
-1.02497
-1.30583
-1.10955
-1.07334
-1.03749
-1.00199
-0.966851
-0.932059
-0.897613
-0.705396
-0.673206
-0.641336
-0.609783
-0.578543
-0.547615
-0.516995
-0.486679
-0.456665
-0.426949
-0.397529
-0.368402
-0.655793
-1.41467
-1.69165
-1.64964
-1.60806
-1.56688
-1.36801
-1.32922
-1.29083
-1.25281
-1.21517
-1.17791
-1.14102
-0.946381
-0.911793
-0.719435
-0.687105
-0.655096
-0.623406
-0.592032
-0.560969
-0.530216
-0.499768
-0.469624
-0.43978
-0.252118
-0.224438
-0.197033
-0.169901
-0.143039
-0.116444
-0.0901132
-0.380273
-0.351317
-0.32265
-0.294268
-0.582396
-0.551429
-0.520771
-0.490417
-0.460366
-0.430614
-0.401157
-0.371994
-0.659349
-0.943844
-0.909281
-0.875062
-0.68307
-0.651101
-0.619451
-0.904344
-0.870174
-0.836344
-0.80285
-0.76969
-1.36932
-1.33052
-1.29211
-1.25408
-1.21643
-1.17916
-1.14225
-1.10571
-1.06954
-1.03373
-0.998269
-1.75373
-1.71111
-2.14326
-2.09676
-2.05073
-2.00515
-1.96003
-2.54781
-2.49729
-2.44727
-2.55586
-2.82148
-2.76824
-2.71552
-2.66333
-2.61166
-2.5605
-2.50985
-2.45971
-2.41006
-2.67714
-3.25778
-3.51642
-3.45626
-3.3967
-3.33773
-3.27935
-3.06344
-3.00778
-2.79457
-2.74159
-2.84726
-2.79375
-2.74078
-2.68834
-2.63642
-2.58502
-2.53412
-2.48374
-2.43385
-3.17503
-3.27638
-3.21861
-3.16142
-3.10479
-3.04872
-2.99322
-2.93826
-2.88386
-2.82999
-3.56723
-3.50656
-3.4465
-3.70326
-3.64124
-3.57984
-3.51905
-3.45887
-3.39928
-3.34028
-3.28188
-3.22405
-3.48303
-3.4232
-3.36397
-3.30532
-3.24726
-3.18978
-2.97476
-2.91999
-2.86576
-2.81207
-2.75892
-2.86441
-2.81074
-2.7576
-2.70499
-3.28536
-3.2275
-3.0121
-2.95696
-2.90237
-2.84832
-3.11103
-3.21302
-3.15588
-2.78308
-2.73021
-2.67788
-2.46795
-2.41822
-2.21087
-2.1637
-1.95889
-1.91422
-2.50246
-2.45239
-2.40282
-2.35374
-2.62137
-2.57012
-2.51937
-2.46913
-2.4194
-2.37015
-2.3214
-2.27313
-2.54156
-2.80733
-2.75423
-2.70165
-2.6496
-2.59806
-2.86327
-3.12583
-3.22767
-3.17039
-3.11367
-2.8994
-2.84538
-2.7919
-2.73895
-2.68652
-2.63462
-2.58324
-2.53236
-2.48199
-2.43212
-2.22464
-2.17733
-2.1305
-2.08413
-2.35444
-2.62207
-2.57081
-2.52006
-2.46981
-2.42007
-2.37082
-2.32206
-2.27378
-2.3841
-2.3352
-2.2868
-2.23887
-2.19142
-2.14445
-2.09794
-2.36812
-2.31939
-2.58736
-2.22022
-2.17296
-1.96805
-1.9233
-1.72087
-1.67858
-1.95293
-1.90833
-1.86417
-1.82045
-1.77716
-1.73431
-1.69188
-1.64988
-1.60829
-1.88334
-1.83943
-1.79596
-1.75292
-1.7103
-1.66811
-1.62634
-1.58499
-1.54405
-1.50351
-2.09584
-2.04981
-2.00424
-1.95913
-1.91446
-1.87024
-2.14269
-2.25431
-2.20671
-2.15958
-2.11292
-2.06673
-2.02099
-1.97571
-2.24711
-2.19958
-1.99441
-1.94939
-1.90482
-1.8607
-1.81701
-1.77376
-1.73094
-1.53043
-1.49003
-1.45004
-1.41044
-1.37123
-1.49053
-1.45053
-1.09469
-1.05863
-1.02293
-0.987576
-0.952577
-0.917928
-0.883622
-0.849659
-1.13226
-1.41205
-1.37283
-1.65023
-1.60863
-1.88368
-1.83977
-1.79629
-1.75325
-1.71063
-1.66844
-1.62667
-1.58531
-1.54436
-1.50383
-1.77992
-1.73704
-1.69458
-1.65255
-1.61093
-1.88596
-1.84202
-1.64041
-1.59892
-1.55784
-1.51716
-1.4769
-1.43703
-1.39756
-1.35848
-1.16168
-1.12495
-1.08858
-1.05258
-1.33316
-1.29473
-1.5729
-1.84831
-1.80474
-1.76161
-1.71891
-1.67664
-1.31856
-1.28027
-1.24236
-1.20482
-1.16766
-1.13087
-1.09445
-1.05839
-1.02268
-0.987337
-0.952342
-1.23392
-1.19647
-1.1594
-1.12269
-1.08635
-1.52471
-1.48436
-1.44442
-1.40488
-1.99818
-1.79502
-1.75198
-1.70938
-1.6672
-1.62544
-1.5841
-1.54316
-1.50264
-1.3044
-1.8987
-1.85464
-1.81101
-1.76782
-1.72506
-1.68273
-1.95704
-1.91239
-1.86819
-1.82443
-1.78111
-1.73822
-2.01198
-1.96679
-1.92204
-2.5102
-2.46006
-2.41041
-2.67748
-2.62567
-2.57437
-2.52358
-2.4733
-2.42352
-2.37423
-2.32544
-2.27713
-2.70364
-2.9678
-2.91309
-2.85894
-2.80532
-2.43601
-2.70282
-2.96699
-2.91229
-2.85815
-2.80453
-2.90957
-2.85545
-2.80187
-2.74882
-2.69629
-2.96052
-2.90589
-3.16804
-3.11134
-3.05521
-2.99964
-3.26085
-3.20323
-3.14619
-3.08971
-3.0338
-2.97844
-2.92363
-2.86937
-2.81565
-2.76246
-2.86792
-3.13044
-3.07412
-3.01836
-2.96316
-2.9085
-2.85439
-3.11704
-2.90274
-2.84869
-2.79517
-2.74219
-3.00596
-2.95088
-2.89635
-2.84236
-2.7889
-2.57787
-2.84327
-2.78981
-2.73688
-2.68448
-2.6326
-2.265
-2.21729
-2.17006
-2.1233
-2.077
-2.03116
-1.98578
-1.94085
-1.89636
-1.85232
-1.80872
-1.76555
-2.03904
-2.62604
-2.57474
-2.52395
-2.78989
-2.73696
-2.68455
-2.63267
-2.5813
-2.53045
-2.4801
-2.27213
-2.22435
-2.49328
-2.4433
-2.39382
-2.34483
-2.29632
-2.2483
-2.20076
-2.15369
-2.10709
-2.69341
-2.64144
-2.58998
-2.38093
-2.33207
-2.28369
-2.07768
-2.34806
-2.29953
-2.25148
-2.2039
-2.1568
-2.11017
-2.064
-2.01829
-1.97304
-1.92824
-1.88388
-1.83996
-1.79648
-1.75344
-2.02705
-1.98171
-1.93682
-1.89237
-1.84837
-2.43726
-2.70407
-2.65199
-2.60043
-2.54939
-2.49885
-2.44881
-2.39928
-2.35023
-2.30168
-2.2536
-2.20601
-2.15889
-2.11223
-2.06604
-2.02032
-1.97504
-2.24645
-2.19892
-2.4681
-2.41837
-2.36913
-2.32039
-2.90459
-2.6924
-2.64044
-2.90522
-2.85114
-2.7976
-2.7446
-2.69211
-2.64016
-2.58872
-2.53779
-2.48736
-2.43744
-2.70425
-2.65217
-2.91683
-2.86264
-2.80898
-2.75586
-2.70327
-2.49309
-2.44311
-2.39363
-2.81898
-2.76576
-2.71307
-2.97713
-2.92234
-2.86809
-2.81438
-2.7612
-2.70856
-2.65644
-2.60483
-2.55374
-2.50316
-2.6112
-2.56005
-2.35129
-2.30272
-2.25464
-2.20703
-2.1599
-2.11324
-2.06704
-2.0213
-1.8179
-1.77464
