1.39992
1.2165
1.02498
1.05345
1.05875
1.13697
1.05896
1.05315
1.03719
1.02498
1.024
1.15929
1.02679
1.03625
1.09468
1.53498
1.11837
1.2635
1.1756
1.03408
1.19655
1.024
1.17935
1.02498
1.02816
1.26616
1.03666
1.18259
1.20321
1.02498
1.02939
1.024
1.17225
1.024
1.26416
1.2667
1.45084
1.024
1.024
1.03034
1.03649
1.10525
1.024
1.024
1.03837
1.0534
1.02498
1.02499
1.07632
1.12679
1.18793
1.024
1.17688
1.06594
1.16109
1.024
1.22322
1.17988
1.0725
1.04544
1.54252
1.0813
1.16455
1.06837
1.11084
1.11157
1.02498
1.0272
1.02498
1.29864
1.05135
1.09552
1.1927
1.06926
1.024
1.02937
1.34742
1.02498
1.02498
1.02831
1.02984
1.02498
1.06694
1.26029
1.05736
1.09151
1.024
1.13174
1.02653
1.03611
1.1585
1.08314
1.02916
1.024
1.02498
1.04257
1.02623
1.02699
1.024
1.11786
1.16527
1.02498
1.21721
1.29114
1.024
1.12955
1.20037
1.02498
1.54262
1.02498
1.024
1.23755
1.024
1.05734
1.024
1.12183
1.20498
1.34683
1.02498
1.02498
1.05848
1.024
1.024
1.45347
1.1949
1.25525
1.20105
1.024
1.12796
1.024
1.02498
1.02557
1.024
1.07236
1.02498
1.024
1.0361
1.024
1.16779
1.024
1.02498
1.024
1.02804
1.06304
1.02887
1.15571
1.26173
1.024
1.024
1.05021
1.35385
1.02498
1.12162
1.23263
1.05027
1.02624
1.14459
1.02498
1.10931
1.024
1.05721
1.02972
1.08527
1.03222
1.06505
1.0268
1.11666
1.06633
1.06262
1.2693
1.024
1.0814
1.024
1.07371
1.05044
1.02835
1.08993
1.18037
1.28561
1.21908
1.024
1.03578
1.07102
1.07558
1.02498
1.06969
1.024
1.024
1.09383
1.12824
1.0593
1.04006
1.02654
1.14696
1.02498
1.27171
1.024
1.03009
1.29278
1.30987
1.024
1.06371
1.03862
1.03378
1.03453
1.11125
1.024
1.10733
1.024
1.024
1.05359
1.07141
1.25053
1.07649
1.10518
1.06388
1.02498
1.05279
1.07922
1.23582
1.02498
1.05135
1.17562
1.03701
1.19346
1.03876
1.0998
1.024
1.14744
1.19257
1.02618
1.03919
1.06219
1.02498
1.03443
1.0641
1.11524
1.14924
1.10375
1.16198
1.024
1.30613
1.024
1.09747
1.04978
1.19269
1.03205
1.13681
1.024
1.05126
1.24538
1.34102
1.03556
1.05627
1.04876
1.03903
1.09947
1.024
1.04466
1.02956
1.024
1.02498
1.03476
1.04911
1.1045
1.05869
1.024
1.03318
1.21692
1.024
1.02498
1.17224
1.07176
1.04818
1.04432
1.03056
1.03957
1.024
1.08609
1.08409
1.02742
1.12521
1.024
1.04381
1.024
1.28946
1.22871
1.08612
1.024
1.0646
1.02679
1.024
1.02911
1.25172
1.04897
1.03061
1.024
1.14745
1.0591
1.06044
1.03836
1.03453
1.04591
1.11142
1.02498
1.03037
1.22769
1.05064
1.33196
1.3661
1.11326
1.024
1.05542
1.05377
1.02498
1.11744
1.024
1.08323
1.06873
1.05713
1.02498
1.024
1.03142
1.06216
1.02498
1.08383
1.024
1.02659
1.05833
1.02498
1.06876
1.03902
1.05095
1.0508
1.02498
1.30469
1.03702
1.04174
1.29723
1.03429
1.09203
1.11812
1.09222
1.05312
1.06463
1.03774
1.23566
1.024
1.15454
1.11201
1.024
1.08803
1.024
1.08092
1.03364
1.024
1.02498
1.06561
1.09192
1.18999
1.024
1.0408
1.06699
1.02625
1.0265
1.26282
1.19594
1.0474
1.02628
1.16231
1.07229
1.02774
1.02498
1.0291
1.09903
1.024
1.05377
1.13805
1.08438
1.02833
1.03264
1.16159
1.03105
1.26806
1.04098
1.20597
1.02498
1.024
1.04488
1.02498
1.05353
1.28582
1.12824
1.14913
1.18135
1.02803
1.04904
1.02498
1.20693
1.40402
1.09096
1.07875
1.04456
1.05709
1.07019
1.02654
1.11755
1.024
1.21888
1.02498
1.04844
1.64805
1.02498
1.30348
1.44089
1.144
1.02498
1.02639
1.07659
1.21275
1.024
1.03496
1.50881
1.04929
1.02498
1.024
1.02498
1.024
1.05172
1.33445
1.02634
1.02968
1.23355
1.02498
1.04335
1.02498
1.024
1.14254
1.02756
1.17404
1.02729
1.096
1.04291
1.04367
1.14503
1.1226
1.024
1.12653
1.14059
1.31262
1.024
1.03107
1.63786
1.10835
1.02502
1.04698
1.025
1.024
1.11037
1.02498
1.02609
1.13948
1.04812
1.55226
1.27512
1.06831
1.18062
1.06777
1.02498
1.024
1.19544
1.29728
1.0272
1.02708
1.08835
1.7028
1.24862
1.02498
1.03848
1.30152
1.03521
1.02498
1.02498
1.03107
1.09806
1.21717
1.024
1.32923
1.02498
1.04026
1.46411
1.2195
1.05441
1.12578
1.024
1.02498
1.26435
1.20811
1.024
1.02698
1.04985
1.23217
1.06223
1.03225
1.024
1.02498
1.03502
1.37183
1.024
1.05789
1.03935
1.10533
1.02498
1.09081
1.07179
1.02657
1.30737
1.02498
1.02498
1.07226
1.23944
1.05532
1.024
1.02669
1.1687
1.024
1.19743
1.02498
1.024
1.10019
1.18092
1.024
1.09372
1.024
1.28401
1.30349
1.02687
1.024
1.31112
1.02498
1.10099
1.02569
1.024
1.28886
1.024
1.12035
1.024
1.02498
1.3382
1.02498
1.05517
1.024
1.024
1.58798
1.3801
1.02498
1.05564
1.10606
1.03371
1.024
1.04311
1.10353
1.07961
1.02498
1.024
1.02498
1.29384
1.23765
1.54005
1.09065
1.02498
1.51217
1.29934
1.36197
1.02498
1.0489
1.14586
1.21235
1.10517
1.024
1.04277
1.25471
1.024
1.03247
1.024
1.02498
1.05837
1.02498
1.27207
1.03444
1.024
1.08991
1.04844
1.03674
1.14774
1.21451
1.03402
1.02615
1.05978
1.23467
1.1351
1.02498
1.04082
1.024
1.07586
1.024
1.1834
1.08083
1.22434
1.0442
1.08781
1.024
1.22485
1.22792
1.03479
1.024
1.024
1.32759
1.02986
1.03212
1.10322
1.02498
1.04741
1.05731
1.13708
1.12141
1.15772
1.02498
1.024
1.03005
1.10534
1.07396
1.02498
1.21362
1.04194
1.47963
1.05586
1.05386
1.024
1.02897
1.18962
1.024
1.05398
1.22152
1.07658
1.19372
1.05077
1.02498
1.02498
1.10646
1.04655
1.024
1.02718
1.24798
1.024
1.31271
1.16852
1.024
1.23766
1.02847
1.05065
1.06713
1.19633
1.05533
1.0385
1.18763
1.47102
1.02498
1.06507
1.06285
1.0743
1.02506
1.16963
1.02498
1.02498
1.08812
1.15371
1.02498
1.024
1.20347
1.06114
1.0267
1.0607
1.07019
1.16908
1.19719
1.02583
1.02502
1.02886
1.10029
1.33431
1.024
1.44657
1.0266
1.0392
1.15134
1.05957
1.024
1.09126
1.12303
1.13699
1.02759
1.17341
1.0428
1.025
1.03184
1.02498
1.03093
1.11226
1.21029
1.024
1.31373
1.18985
1.04236
1.05583
1.03515
1.04333
1.02498
1.08285
1.02498
1.23592
1.02742
1.27378
1.03355
1.04297
1.02954
1.04815
1.02656
1.04532
1.05733
1.15418
1.09696
1.33329
1.024
1.024
1.0799
1.16328
1.3183
1.07217
1.074
1.07227
1.19465
1.18649
1.02788
1.03099
1.26503
1.22941
1.22398
1.0842
1.024
1.4465
1.07064
1.06346
1.22968
1.09576
1.03045
1.02498
1.02809
1.09884
1.10956
1.02498
1.024
1.22809
1.09084
1.21311
1.08186
1.18563
1.11965
1.024
1.46057
1.09981
1.19805
1.50824
1.35895
1.024
1.09142
1.02629
1.024
1.02653
1.04765
1.19054
1.03785
1.10935
1.024
1.08256
1.024
1.0679
1.12708
1.06196
1.03783
1.024
1.03129
1.024
1.02498
1.14539
1.08509
1.15564
1.16457
1.15121
1.02498
1.024
1.02683
1.02693
1.0307
1.32361
1.02498
1.17719
1.024
1.07124
1.09712
1.02498
1.12255
1.04431
1.14382
1.024
1.02498
1.25519
1.024
1.02498
1.024
1.22161
1.19847
1.07447
1.04651
1.02625
1.02498
1.024
1.08695
1.43617
1.03866
1.27341
1.024
1.0286
1.20053
1.21983
1.024
1.13
1.02638
1.04895
1.42906
1.32524
1.04491
1.02498
1.024
1.0319
1.07562
1.03586
1.1147
1.02498
1.06741
1.024
1.03316
1.32645
1.03572
1.024
1.05904
1.032
1.04552
1.04395
1.28993
1.15628
1.02498
1.35749
1.02498
1.02713
1.13698
1.02672
1.36241
1.4419
1.02854
1.02572
1.13438
1.04215
1.04762
1.03556
1.02907
1.024
1.024
1.07536
1.02961
1.024
1.23645
1.06102
1.08118
1.03579
1.16701
1.35361
1.05424
1.04888
1.28696
1.15577
1.02498
1.26951
1.02899
1.024
1.06108
1.2745
1.20008
1.02607
1.024
1.04842
1.14202
1.38852
1.06585
1.024
1.02498
1.05113
1.024
1.61844
1.44078
1.02512
1.024
1.024
1.024
1.15253
1.23666
1.03138
1.024
1.15491
1.20824
1.08133
1.25433
1.19258
1.37956
1.03489
1.05277
1.024
1.02498
1.11686
1.09281
1.28714
1.03623
1.07244
1.10839
1.03692
1.03134
1.024
1.03105
1.024
1.03359
1.14657
1.02887
1.024
1.02671
1.16578
1.04409
1.02629
1.13428
1.22867
1.16069
1.03968
1.024
1.18373
1.05128
1.33094
1.22859
1.29457
1.024
1.0291
1.03894
1.09367
1.06322
1.07992
1.05257
1.1329
1.03906
1.04687
1.02498
1.024
1.024
1.024
1.02498
1.024
1.12399
1.02498
1.024
1.06634
1.06538
1.02676
1.03277
1.28078
1.16741
1.09719
1.04125
1.024
1.2349
1.02498
1.3802
1.024
1.02498
1.05408
1.02627
1.18134
1.02498
1.08516
1.03082
1.05693
1.06217
1.03084
1.024
0.899719
1.19976
0.921861
0.967812
1.18556
0.873668
1.00962
1.11744
0.823921
1.14212
1.11046
0.865323
1.07116
0.831483
1.25524
1.17559
0.851471
1.06047
0.854643
0.8579
1.03349
0.889745
1.31003
0.8192
0.879057
0.819689
0.820704
0.941549
0.874746
0.823206
1.23452
1.17849
0.936671
0.819689
1.01105
0.919279
0.859729
0.887557
1.01084
0.843437
1.36237
0.843674
0.82357
1.18105
0.819689
0.910464
1.13162
0.887684
0.862749
0.858808
0.876251
0.826758
1.04521
0.958663
1.67088
1.05356
1.20861
0.877169
1.299
0.841643
0.991711
0.875139
0.979109
0.903777
0.82595
1.59519
0.91462
1.17736
0.851245
0.829112
0.822975
0.983345
0.835736
0.827458
1.04067
1.0211
1.04729
1.30062
0.877206
0.857051
0.837567
0.827293
1.22996
0.825175
0.854225
0.94559
1.19227
0.94157
0.954812
0.846265
0.834202
1.48053
1.09493
1.24197
1.03223
1.21127
0.823398
0.911404
0.915171
0.906454
0.830986
0.900951
0.8406
0.819689
1.15956
0.876972
0.884453
0.8192
0.884839
0.997948
0.858483
0.826362
1.14178
0.836137
0.86157
1.06095
0.99261
1.1234
1.03738
0.8192
1.05599
1.01751
0.996875
0.897913
0.978994
1.33741
1.5169
0.840793
0.959462
1.15659
1.03871
1.37164
1.13537
0.953689
0.83096
1.01418
0.869209
1.08721
0.946417
1.15819
0.849127
0.836063
0.819736
0.893153
1.05135
0.833064
1.20187
0.833323
0.964831
0.920303
0.831753
0.843974
1.09573
0.824062
0.879276
1.08006
0.933288
0.823446
0.937387
1.22306
0.879057
1.20466
1.20664
0.909001
1.02066
1.1388
0.819689
1.03484
0.819689
0.841387
0.829848
0.879886
0.837437
0.91006
0.823879
1.15459
0.989051
0.82112
0.940016
1.02353
1.02949
0.870645
0.819689
0.886301
0.823963
1.0019
0.821236
0.834927
1.19427
0.897859
0.866009
0.819689
0.941762
0.919383
0.907749
0.825416
0.85378
1.28166
1.01548
0.95049
1.02849
1.0614
0.831319
1.01005
0.819689
1.23975
0.839589
0.850635
0.891645
0.893264
0.851365
0.819689
1.28389
0.908101
0.963715
1.20201
0.959273
1.21614
1.13135
1.18096
1.06002
1.12651
0.935623
0.899008
0.825051
1.14661
1.40188
0.854177
1.08135
1.25584
0.866609
1.02359
0.839582
0.890328
1.02875
1.01007
1.01568
0.894804
1.44859
0.838131
1.25357
0.819689
1.12392
1.13625
0.915868
0.881793
0.823043
0.846882
1.1782
0.915009
0.994498
0.862949
1.09363
1.33248
0.878103
0.973341
1.35874
0.865099
0.969005
0.846776
1.05924
0.859353
0.959667
0.819689
0.881904
0.898702
1.02004
0.954778
0.923465
1.06103
0.877074
1.00326
1.03219
0.831551
0.83563
1.08147
0.848344
1.30889
0.863216
0.969753
1.01779
0.850066
0.825234
0.831074
1.08389
0.879544
0.854781
0.852709
1.01509
1.08139
1.03385
0.819689
1.19148
0.888017
1.02428
0.924933
0.829559
1.49939
0.950408
1.11183
0.916355
0.945354
0.878847
1.05514
0.926744
0.8192
1.2234
0.855714
0.846683
0.900744
0.860792
0.8192
1.18766
0.989601
1.11149
1.17837
0.914142
0.845585
1.08963
0.893997
1.14586
1.03052
0.914593
1.04061
0.898092
0.852482
0.93365
0.820178
0.917437
1.03871
0.905283
0.880228
1.09042
0.878926
0.953183
1.58348
1.24145
0.820299
0.823389
0.836897
0.819689
0.835557
0.829058
0.865793
0.863841
0.819689
1.10395
0.834251
0.946282
0.8192
1.07306
0.851756
0.822323
1.16564
0.917609
1.17508
0.899795
0.930835
1.09995
0.829311
0.827858
0.909055
0.853979
0.918355
1.28013
1.22703
1.09464
0.909636
0.981225
1.25326
0.908613
1.36696
1.08031
0.883625
0.923579
1.03229
1.20869
1.16574
1.17076
1.06116
0.878097
1.0362
1.03666
1.02839
0.914629
0.83861
0.820971
0.952932
1.15936
0.961582
0.908088
0.824218
1.22679
1.25011
0.819689
0.856479
0.863912
0.892038
0.819689
1.0269
0.819689
1.03214
0.82069
0.920751
1.03963
0.835171
1.34146
0.900834
1.12504
0.842448
1.02327
0.8192
0.853034
1.08414
0.855512
0.841433
1.04824
0.939308
1.13713
1.16779
1.03469
0.994182
0.819689
0.820675
0.937537
0.902548
1.22769
1.48045
1.31731
1.09933
1.00373
0.939651
0.920385
1.05195
1.13084
0.936902
0.95998
0.935589
0.859028
1.09819
1.11888
0.82845
1.04276
1.2607
0.884708
1.2386
0.921131
0.825513
1.43726
0.927807
1.0384
0.826285
1.04627
1.03265
0.967518
1.00914
0.831504
0.819689
1.12973
1.03697
1.04882
1.01013
0.894326
1.26892
0.881248
0.866555
1.05243
0.840345
0.923832
0.83914
0.819689
0.857572
0.8192
0.820652
1.04752
0.86498
1.08849
0.824659
1.04403
0.918918
0.860866
0.832252
0.874938
1.03257
0.830122
1.1438
0.819689
0.819689
1.08841
1.02871
0.985499
1.27173
1.13589
0.819689
0.94858
0.902132
0.943463
1.01689
1.00955
0.847911
1.07301
1.01384
0.966203
0.956095
1.03127
0.855477
1.30347
0.97046
0.923679
0.819689
1.17506
0.822232
0.958648
1.0654
0.919442
0.842248
0.849317
0.990295
1.16744
1.12522
0.978498
0.944053
0.908592
0.833591
0.891353
1.11389
0.95137
0.961794
1.00759
1.02975
1.0369
1.01329
1.31152
1.27709
0.847135
1.22388
1.17487
1.2967
1.35171
0.943275
0.937628
0.822156
0.88592
0.885123
1.18795
1.22342
1.05718
0.844964
0.902922
1.2699
1.16186
0.824379
1.04044
1.05964
1.13496
0.899889
1.39321
1.01549
1.14914
0.928795
1.2362
0.834863
0.855738
1.24986
0.819689
0.914937
1.25025
0.819689
1.51896
1.4573
1.16514
0.916216
0.926321
0.884636
0.832839
0.925491
0.954864
0.879599
0.830928
0.83186
1.19148
0.850926
0.820446
1.24191
1.12479
1.32259
1.0233
0.832829
1.20591
1.12527
0.930976
0.915581
0.886804
1.00333
0.848716
1.11201
1.16935
1.13573
0.856711
0.84988
1.03477
0.971015
0.85032
0.968603
1.01728
1.04929
0.9566
0.819689
1.02297
1.09189
0.889819
1.29336
0.96876
0.820855
1.12169
0.899914
1.25576
1.06265
1.23054
0.907038
1.35141
0.928659
1.2689
0.850363
1.25381
0.994031
1.0461
1.11319
0.819689
0.860623
0.998873
0.873167
0.911243
0.966157
1.1696
0.8192
0.837802
0.960791
1.36779
1.17167
1.20904
0.905216
0.910918
0.950061
0.880679
0.961147
0.852191
1.42485
0.819689
1.12305
1.09375
0.859573
0.819689
0.831208
0.989368
1.46381
0.958666
0.921388
1.02167
0.83002
0.841014
0.953011
1.06001
1.42782
1.2232
0.86381
1.01516
1.01056
1.06193
0.947235
0.819689
1.00036
0.97152
0.831037
0.864018
0.84666
0.935226
1.14279
1.09536
1.44635
0.906805
0.848206
0.841515
1.25131
1.17409
0.829844
1.20364
0.953254
0.819689
1.08007
0.861379
0.841626
0.842141
0.986852
0.823555
1.05963
0.936849
1.14925
0.850566
0.985495
1.06615
0.836349
0.860968
1.07638
0.877927
0.819689
0.826448
0.819689
0.834974
1.15684
1.25392
0.869953
1.06172
0.8192
1.14661
0.82247
0.988543
1.17277
0.851927
1.06189
1.11275
1.12229
1.016
1.06141
0.82804
0.819689
0.983063
0.84487
0.876765
1.45923
0.819717
1.01559
0.974917
0.85504
1.12586
1.15941
0.963455
0.933937
0.892937
0.958884
0.98556
1.13909
0.842886
1.12069
1.0886
1.56247
0.822519
1.07155
0.819709
0.844604
0.862958
0.831631
0.819689
1.34486
1.25319
0.873735
0.82671
1.25881
0.991752
0.895327
0.977872
0.83588
0.819693
1.00705
0.881643
1.05559
0.89151
1.20553
1.42002
0.846307
0.889206
1.15189
1.08227
0.882714
0.878668
0.819689
0.993852
1.52554
0.850873
0.819689
0.835739
0.848195
0.855556
0.8727
0.888662
0.862751
1.39067
0.819689
1.09983
1.02565
0.82185
0.826692
0.970756
0.861685
0.836935
0.832703
1.00299
0.972669
0.931012
1.03957
1.04349
0.904064
1.30341
1.31288
0.882558
1.20178
0.931602
0.819689
0.819689
0.819689
0.98662
0.935482
1.01269
1.44646
0.94658
0.985567
1.20859
0.8192
1.03821
0.888712
1.04157
0.893341
0.8192
0.819689
1.2022
1.12949
0.920938
0.875673
0.953489
0.991465
1.04383
0.956502
0.865992
0.823925
0.975946
0.819689
0.946737
1.19382
0.8485
1.31874
1.22945
0.822034
1.14803
1.03074
0.836623
1.1967
1.01683
0.8192
0.821352
1.21096
1.11277
0.904563
1.27699
1.17516
0.915693
1.11837
1.0049
0.825618
0.822925
1.28061
0.932355
0.851055
1.08935
1.29702
0.866726
0.854331
1.15747
1.32917
1.01296
0.8888
0.939474
0.820586
0.837494
1.16184
0.832896
1.23267
0.860674
0.896883
1.07134
0.823931
0.998067
0.83668
1.30402
0.890841
1.19321
1.24057
0.907601
0.834009
0.920177
1.11663
0.819689
1.13958
0.826043
0.819689
1.09906
0.868182
0.863365
1.01655
0.842948
0.8192
1.42785
0.875337
1.30142
0.876278
1.03802
0.949465
0.853621
0.896885
0.837155
1.05107
1.1242
1.00104
0.823914
0.984038
0.982818
1.01841
0.821904
1.17892
0.835842
0.863962
0.876934
0.87363
1.31123
1.2588
0.890364
0.892755
1.01099
0.865099
0.840901
0.823862
1.06788
0.845415
0.819689
0.9254
0.875459
1.13738
0.829841
1.0231
0.839482
0.845506
1.07717
0.877788
0.8746
0.905413
0.902893
1.25835
1.54296
0.903939
0.99464
1.29425
0.884252
0.984026
0.841521
0.986229
1.16156
1.0719
0.912188
0.941645
0.920492
0.932087
1.01462
1.06589
1.30398
0.819689
0.870984
1.08101
0.874883
0.951313
0.855893
1.02069
0.957127
1.27507
0.819689
0.844085
1.40114
0.825661
0.866282
0.953506
0.89526
0.830838
0.887774
1.20229
1.09545
0.819689
1.11035
0.819883
1.37027
0.991131
0.884168
0.8192
0.831133
1.14369
1.09491
0.823152
0.85672
0.839581
0.864397
0.926222
0.854883
0.882063
0
0
0
0
0
0
0
0
0
0
0
0
0
0
0
0
0
0
0
0
0
0
0
0
0
0
0
0
0
0
0
0
0
0
0
0
0
0
0
0
0
0
0
0
0
0
0
0
0
0
0
0
0
0
0
0
0
0
0
0
0
0
0
0
0
0
0
0
0
0
0
0
0
0
0
0
0
0
0
0
0
0
0
0
0
0
0
0
0
0
0
0
0
0
0
0
0
0
0
0
0
0
0
0
0
0
0
0
0
0
0
0
0
0
0
0
0
0
0
0
0
0
0
0
0
0
0
0
0
0
0
0
0
0
0
0
0
0
0
0
0
0
0
0
0
0
0
0
0
0
0
0
0
0
0
0
0
0
0
0
0
0
0
0
0
0
0
0
0
0
0
0
0
0
0
0
0
0
0
0
0
0
0
0
0
0
0
0
0
0
0
0
0
0
0
0
0
0
0
0
0
0
0
0
0
0
0
0
0
0
0
0
0
0
0
0
0
0
0
0
0
0
0
0
0
0
0
0
0
0
0
0
0
0
0
0
0
0
0
0
0
0
0
0
0
0
0
0
0
0
0
0
0
0
0
0
0
0
0
0
0
0
0
0
0
0
0
0
0
0
0
0
0
0
0
0
0
0
0
0
0
0
0
0
0
0
0
0
0
0
0
0
0
0
0
0
0
0
0
0
0
0
0
0
0
0
0
0
0
0
0
0
0
0
0
0
0
0
0
0
0
0
0
0
0
0
0
0
0
0
0
0
0
0
0
0
0
0
0
0
0
0
0
0
0
0
0
0
0
0
0
0
0
0
0
0
0
0
0
0
0
0
0
0
0
0
0
0
0
0
0
0
0
0
0
0
0
0
0
0
0
0
0
0
0
0
0
0
0
0
0
0
0
0
0
0
0
0
0
0
0
0
0
0
0
0
0
0
0
0
0
0
0
0
0
0
0
0
0
0
0
0
0
0
0
0
0
0
0
0
0
0
0
0
0
0
0
0
0
0
0
0
0
0
0
0
0
0
0
0
0
0
0
0
0
0
0
0
0
0
0
0
0
0
0
0
0
0
0
0
0
0
0
0
0
0
0
0
0
0
0
0
0
0
0
0
0
0
0
0
0
0
0
0
0
0
0
0
0
0
0
0
0
0
0
0
0
0
0
0
0
0
0
0
0
0
0
0
0
0
0
0
0
0
0
0
0
0
0
0
0
0
0
0
0
0
0
0
0
0
0
0
0
0
0
0
0
0
0
0
0
0
0
0
0
0
0
0
0
0
0
0
0
0
0
0
0
0
0
0
0
0
0
0
0
0
0
0
0
0
0
0
0
0
0
0
0
0
0
0
0
0
0
0
0
0
0
0
0
0
0
0
0
0
0
0
0
0
0
0
0
0
0
0
0
0
0
0
0
0
0
0
0
0
0
0
0
0
0
0
0
0
0
0
0
0
0
0
0
0
0
0
0
0
0
0
0
0
0
0
0
0
0
0
0
0
0
0
0
0
0
0
0
0
0
0
0
0
0
0
0
0
0
0
0
0
0
0
0
0
0
0
0
0
0
0
0
0
0
0
0
0
0
0
0
0
0
0
0
0
0
0
0
0
0
0
0
0
0
0
0
0
0
0
0
0
0
0
0
0
0
0
0
0
0
0
0
0
0
0
0
0
0
0
0
0
0
0
0
0
0
0
0
0
0
0
0
0
0
0
0
0
0
0
0
0
0
0
0
0
0
0
0
0
0
0
0
0
0
0
0
0
0
0
0
0
0
0
0
0
0
0
0
0
0
0
0
0
0
0
0
0
0
0
0
0
0
0
0
0
0
0
0
0
0
0
0
0
0
0
0
0
0
0
0
0
0
0
0
0
0
0
0
0
0
0
0
0
0
0
0
0
0
0
0
0
0
0
0
0
0
0
0
0
0
0
0
0
0
0
0
0
0
0
0
0
0
0
0
0
0
0
0
0
0
0
0
0
0
0
0
0
0
0
0
0
0
0
0
0
0
0
0
0
0
0
0
0
0
0
0
0
0
0
0
0
0
0
0
0
0
0
0
0
0
0
0
0
0
0
0
0
0
0
0
0
0
0
0
0
0
0
0
0
0
0
0
0
0
0
0
0
0
0
0
0
0
0
0
0
0
0
0
0
0
0
0
0
0
0
0
0
0
0
0
0
0
0
0
0
0
0
0
0
0
0
0
0
0
0
0
0
0
0
0
0
0
0
0
0
0
0
0
0
0
0
0
0
0
0
0
0
0
0
0
0
0
0
0
0
0
0
0
0
0
0
0
0
0
0
0
0
0
0
0
0
0
0
0
0
0
0
0
0
0
0
0
0
0
0
0
0
0
0
0
0
0
0
0
0
0
0
0
0
0
0
0
0
0
0
0
0
0
0
0
0
0
0
0
0
0
0
0
0
0
0
0
0
0
0
0
0
0
0
0
0
0
0
0
0
0
0
0
0
0
0
0
0
0
0
0
0
0
0
0
0
0
0
0
0
0
0
0
0
0
0
0
0
0
0
0
0
0
0
0
0
0
0
0
0
0
0
0
0
0
0
0
0
0
0
0
0
0
0
0
0
0
0
0
0
0
0
0
0
0
0
0
0
0
0
0
0
0
0
0
0
0
0
0
0
0
0
0
0
0
0
0
0
0
0
0
0
0
0
0
0
0
0
0
0
0
0
0
0
0
0
0
0
0
0
0
0
0
0
0
0
0
0
0
0
0
0
0
0
0
0
0
0
0
0
0
0
0
0
0
0
0
0
0
0
0
0
0
0
0
0
0
0
0
0
0
0
0
0
0
0
0
0
0
0
0
0
0
0
0
0
0
0
0
0
0
0
0
0
0
0
0
0
0
0
0
0
0
0
0
0
0
0
0
0
0
0
0
0
0
0
0
0
0
0
0
0
0
0
0
0
0
0
0
0
0
0
0
0
0
0
0
0
0
0
0
0
0
0
0
0
0
0
0
0
0
0
0
0
0
0
0
0
0
0
0
0
0
0
0
0
0
0
0
0
0
0
0
0
0
0
0
0
0
0
0
0
0
0
0
0
0
0
0
0
0
0
0
0
0
0
0
0
0
0
0
0
0
0
0
0
0
0
0
0
0
0
0
0
0
0
0
0
0
0
0
0
0
0
0
0
0
0
0
0
0
0
0
0
0
0
0
0
0
0
0
0
0
0
0
0
0
0
0
0
0
0
0
0
0
0
0
0
0
0
0
0
0
0
0
0
0
0
0
0
0
0
0
0
0
0
0
0
0
0
0
0
0
0
0
0
0
0
0
0
0
0
0
0
0
0
0
0
0
0
0
0
0
0
0
0
0
0
0
0
0
0
0
0
0
0
0
0
0
0
0
0
0
0
0
0
0
0
0
0
0
0
0
0
0
0
0
0
0
0
0
0
0
0
0
0
0
0
0
0
0
0
0
0
0
0
0
0
0
0
0
0
0
0
0
0
0
0
0
0
0
0
0
0
0
0
0
0
0
0
0
0
0
0
0
0
0
0
0
0
0
0
0
0
0
0
0
0
0
0
0
0
0
0
0
0
0
0
0
0
0
0
0
0
0
0
0
0
0
0
0
0
0
0
0
0
0
0
0
0
0
0
0
0
0
0
0
0
0
0
0
0
0
0
0
0
0
0
0
0
0
0
0
0
0
0
0
0
0
0
0
0
0
0
0
0
0
0
0
0
0
0
0
0
0
0
0
0
0
0
0
0
0
0
0
0
0
0
0
0
0
0
0
0
0
0
0
0
0
0
0
0
0
0
0
0
0
0
0
0
0
0
0
0
0
0
0
0
0
0
0
0
0
0
0
0
0
0
0
0
0
0
0
0
0
0
0
0
0
0
0
0
0
0
0
0
0
0
0
0
0
0
0
0
0
0
0
0
0
0
0
0
0
0
0
0
0
0
0
0
0
0
0
0
0
0
0
0
0
0
0
0
0
0
0
0
0
0
0
0
0
0
0
0
0
0
0
0
0
0
0
0
0
0
0
0
0
0
0
0
0
0
0
0
0
0
0
0
0
0
0
0
0
0
0
0
0
0
0
0
0
0
0
0
0
0
0
0
0
0
0
0
0
0
0
0
0
0
0
0
0
0
0
0
0
0
0
0
0
0
0
0
0
0
0
0
0
0
0
0
0
0
0
0
0
0
0
0
0
0
0
0
0
0
0
0
0
0
0
0
0
0
0
0
0
0
0
0
0
0
0
0
0
0
0
0
0
0
0
0
0
0
0
0
0
0
0
0
0
0
0
0
0
0
0
0
0
0
0
0
0
0
0
0
0
0
0
0
0
0
0
0
0
0
0
0
0
0
0
0
0
0
0
0
0
0
0
0
0
0
0
0
0
0
0
0
0
0
0
0
0
0
0
0
0
0
0
0
0
0
0
0
0
0
0
0
0
0
0
0
0
0
0
0
0
0
0
0
0
0
0
0
0
0
0
0
0
0
0
0
0
0
0
0
0
0
0
0
0
0
0
0
0
0
0
0
0
0
0
0
0
0
0
0
0
0
0
0
0
0
