0
0
0
0
0
0
0
0
0
0
0
0
0
0
0
0
0
0
0
0
0
0
0
0
0
0
0
0
0
0
0
0
0
0
0
0
0
0
0
0
0
0
0
0
0
0
0
0
0
0
0
0
0
0
0
0
0
0
0
0
0
0
0
0
0
0
0
0
0
0
0
0
0
0
0
0
0
0
0
0
0
0
0
0
0
0
0
0
0
0
0
0
0
0
0
0
0
0
0
0
0
0
0
0
0
0
0
0
0
0
0
0
0
0
0
0
0
0
0
0
0
0
0
0
0
0
0
0
0
0
0
0
0
0
0
0
0
0
0
0
0
0
0
0
0
0
0
0
0
0
0
0
0
0
0
0
0
0
0
0
0
0
0
0
0
0
0
0
0
0
0
0
0
0
0
0
0
0
0
0
0
0
0
0
0
0
0
0
0
0
0
0
0
0
0
0
0
0
0
0
0
0
0
0
0
0
0
0
0
0
0
0
0
0
0
0
0
0
0
0
0
0
0
0
0
0
0
0
0
0
0
0
0
0
0
0
0
0
0
0
0
0
0
0
0
0
0
0
0
0
0
0
0
0
0
0
0
0
0
0
0
0
0
0
0
0
0
0
0
0
0
0
0
0
0
0
0
0
0
0
0
0
0
0
0
0
0
0
0
0
0
0
0
0
0
0
0
0
0
0
0
0
0
0
0
0
0
0
0
0
0
0
0
0
0
0
0
0
0
0
0
0
0
0
0
0
0
0
0
0
0
0
0
0
0
0
0
0
0
0
0
0
0
0
0
0
0
0
0
0
0
0
0
0
0
0
0
0
0
0
0
0
0
0
0
0
0
0
0
0
0
0
0
0
0
0
0
0
0
0
0
0
0
0
0
0
0
0
0
0
0
0
0
0
0
0
0
0
0
0
0
0
0
0
0
0
0
0
0
0
0
0
0
0
0
0
0
0
0
0
0
0
0
0
0
0
0
0
0
0
0
0
0
0
0
0
0
0
0
0
0
0
0
0
0
0
0
0
0
0
0
0
0
0
0
0
0
0
0
0
0
0
0
0
0
0
0
0
0
0
0
0
0
0
0
0
0
0
0
0
0
0
0
0
0
0
0
0
0
0
0
0
0
0
0
0
0
0
0
0
0
0
0
0
0
0
0
0
0
0
0
0
0
0
0
0
0
0
0
0
0
0
0
0
0
0
0
0
0
0
0
0
0
0
0
0
0
0
0
0
0
0
0
0
0
0
0
0
0
0
0
0
0
0
0
0
0
0
0
0
0
0
0
0
0
0
0
0
0
0
0
0
0
0
0
0
0
0
0
0
0
0
0
0
0
0
0
0
0
0
0
0
0
0
0
0
0
0
0
0
0
0
0
0
0
0
0
0
0
0
0
0
0
0
0
0
0
0
0
0
0
0
0
0
0
0
0
0
0
0
0
0
0
0
0
0
0
0
0
0
0
0
0
0
0
0
0
0
0
0
0
0
0
0
0
0
0
0
0
0
0
0
0
0
0
0
0
0
0
0
0
0
0
0
0
0
0
0
0
0
0
0
0
0
0
0
0
0
0
0
0
0
0
0
0
0
0
0
0
0
0
0
0
0
0
0
0
0
0
0
0
0
0
0
0
0
0
0
0
0
0
0
0
0
0
0
0
0
0
0
0
0
0
0
0
0
0
0
0
0
0
0
0
0
0
0
0
0
0
0
0
0
0
0
0
0
0
0
0
0
0
0
0
0
0
0
0
0
0
0
0
0
0
0
0
0
0
0
0
0
0
0
0
0
0
0
0
0
0
0
0
0
0
0
0
0
0
0
0
0
0
0
0
0
0
0
0
0
0
0
0
0
0
0
0
0
0
0
0
0
0
0
0
0
0
0
0
0
0
0
0
0
0
0
0
0
0
0
0
0
0
0
0
0
0
0
0
0
0
0
0
0
0
0
0
0
0
0
0
0
0
0
0
0
0
0
0
0
0
0
0
0
0
0
0
0
0
0
0
0
0
0
0
0
0
0
0
0
0
0
0
0
0
0
0
0
0
0
0
0
0
0
0
0
0
0
0
0
0
0
0
0
0
0
0
0
0
0
0
0
0
0
0
0
0
0
0
0
0
0
0
0
0
0
0
0
0
0
0
0
0
0
0
0
0
0
0
0
0
0
0
0
0
0
0
0
0
0
0
0
0
0
0
0
0
0
0
0
0
0
0
0
0
0
0
0
0
0
0
0
0
0
0
0
0
0
0
0
0
0
0
0
0
0
0
0
0
0
0
0
0
0
0
0
0
0
0
0
0
0
0
0
0
0
0
0
0
0
0
0
0
0
0
0
0
0
0
0
0
0
0
0
0
0
0
0
0
0
0
0
0
0
0
0
0
0
0
0
0
0
0
0
0
0
0
0
0
0
0
0
0
0
0
0
0
0
0
0
0
0
0
0
0
0
0
0
0
0
0
0
0
0
0
0
0
0
0
0
0
0
0
0
0
0
0
0
0
0
0
0
0
0
0
0
0
0
0
0
0
0
0
0
0
0
0
0
0
0
0
0
0
0
0
0
0
0
0
0
0
0
0
0
0
0
0
0
0
0
0
0
0
0
0
0
0
0
0
0
0
0
0
0
0
0
0
0
0
0
0
0
0
0
0
0
0
0
0
0
0
0
0
0
0
0
0
0
0
0
0
0
0
0
0
0
0
0
0
0
0
0
0
0
0
0
0
0
0
0
0
0
0
0
0
0
0
0
0
0
0
0
0
0
0
0
0
0
0
0
0
0
0
0
0
0
0
0
0
0
0
0
0
0
0
0
0
0
0
0
0
0
0
0
0
0
0
0
0
0
0
0
0
0
0
0
0
0
0
0
0
0
0
0
0
0
0
0
0
0
0
0
0
0
0
0
0
0
0
0
0
0
0
0
0
0
0
0
0
0
0
0
0
0
0
0
0
0
0
0
0
0
0
0
0
0
0
0
0
0
0
0
0
0
0
0
0
0
0
0
0
0
0
0
0
0
0
0
0
0
0
0
0
0
0
0
0
0
0
0
0
0
0
0
0
0
0
0
0
0
0
0
0
0
0
0
0
0
0
0
0
0
0
0
0
0
0
0
0
0
0
0
0
0
0
0
0
0
0
0
0
0
0
0
0
0
0
0
0
0
0
0
0
0
0
0
0
0
0
0
0
0
0
0
0
0
0
0
0
0
0
0
0
0
0
0
0
0
0
0
0
0
0
0
0
0
0
0
0
0
0
0
0
0
0
0
0
0
0
0
0
0
0
0
0
0
0
0
0
0
0
0
0
0
0
0
0
0
0
0
0
0
0
0
0
0
0
0
0
0
0
0
0
0
0
0
0
0
0
0
0
0
0
0
0
0
0
0
0
0
0
0
0
0
0
0
0
0
0
0
0
0
0
0
0
0
0
0
0
0
0
0
0
0
0
0
0
0
0
0
0
0
0
0
0
0
0
0
0
0
0
0
0
0
0
0
0
0
0
0
0
0
0
0
0
0
0
0
0
0
0
0
0
0
0
0
0
0
0
0
0
0
0
0
0
0
0
0
0
0
0
0
0
0
0
0
0
0
0
0
0
0
0
0
0
0
0
0
0
0
0
0
0
0
0
0
0
0
0
0
0
0
0
0
0
0
0
0
0
0
0
0
0
0
0
0
0
0
0
0
0
0
0
0
0
0
0
0
0
0
0
0
0
0
0
0
0
0
0
0
0
0
0
0
0
0
0
0
0
0
0
0
0
0
0
0
0
0
0
0
0
0
0
0
0
0
0
0
0
0
0
0
0
0
0
0
0
0
0
0
0
0
0
0
0
0
0
0
0
0
0
0
0
0
0
0
0
0
0
0
0
0
0
0
0
0
0
0
0
0
0
0
0
0
0
0
0
0
0
0
0
0
0
0
0
0
0
0
0
0
0
0
0
0
0
0
0
0
0
0
0
0
0
0
0
0
0
0
0
0
0
0
0
0
0
0
0
0
0
0
0
0
0
0
0
0
0
0
0
0
0
0
0
0
0
0
0
0
0
0
0
0
0
0
0
0
0
0
0
0
0
0
0
0
0
0
0
0
0
0
0
0
0
0
0
0
0
0
0
0
0
0
0
0
0
0
0
0
0
0
0
0
0
0
0
0
0
0
0
0
0
0
0
0
0
0
0
0
0
0
0
0
0
0
0
0
0
0
0
0
0
0
0
0
0
0
0
0
0
0
0
0
0
0
0
0
0
0
0
0
0
0
0
0
0
0
0
0
0
0
0
0
0
0
0
0
0
0
0
0
0
0
0
0
0
0
0
0
0
0
0
0
0
0
0
0
0
0
0
0
0
0
0
0
0
0
0
0
0
0
0
0
0
0
0
0
0
0
0
0
0
0
0
0
0
0
0
0
0
0
0
0
0
0
0
0
0
0
0
0
0
0
0
0
0
0
0
0
0
0
0
0
0
0
0
0
0
0
0
0
0
0
0
0
0
0
0
0
0
0
0
0
0
0
0
0
0
0
0
0
0
0
0
0
0
0
0
0
0
0
0
0
0.49888
-1.09934
-0.0237283
0.485413
-0.710595
0.328508
-0.916868
-1.49256
-0.0848468
0.329222
-1.01457
-0.871457
-0.0751358
0.191925
-0.0101498
-0.733402
-0.87438
-0.399288
0.0819982
-1.72634
-0.467652
-0.470768
-1.59424
-1.16185
-0.781865
0.280378
0.246269
0.354322
-1.21379
0.329784
-1.29231
-0.838544
-0.183924
0.28468
-0.160507
-1.11325
-0.272353
-0.558201
0.0471761
0.61042
-0.099503
0.196304
-0.153391
-0.227543
0.105039
-0.139012
0.0905037
0.0995607
-0.39518
0.384847
-0.651638
-0.749645
-1.25989
0.258282
-0.910257
0.473075
0.212688
0.233044
-0.458179
-0.65313
-0.244404
-0.171213
0.200701
-0.59567
0.0961222
-0.316334
0.607693
-0.712307
-0.0254186
-0.499273
-0.372609
0.174459
-1.07621
0.453298
-0.149999
0.172563
0.141167
-1.6881
-0.0496463
-0.267808
-1.06309
-0.105057
-0.272471
0.394914
-0.142839
-1.74414
-0.46065
-0.301418
-1.76837
-1.69979
0.467515
-0.211351
-1.08677
-0.519
0.00694536
0.119052
-1.33575
-1.55222
-0.86824
-0.30454
-1.51712
-0.819799
-0.577012
0.163207
0.27931
-0.818174
0.271763
0.222755
0.567631
0.5044
-0.275012
0.503389
-1.14747
0.103897
0.305199
0.431238
-0.214924
0.0268811
-0.370659
-0.377909
-0.35546
0.601336
-0.729256
0.12882
0.633344
-0.88226
-0.010093
-1.3575
-0.862734
0.133617
0.338352
0.385602
0.302045
0.341264
-1.71527
-0.436021
-1.98681
-0.663433
0.0210541
0.555479
-0.229143
0.337341
-0.661786
0.218416
-1.15388
0.376386
-1.09397
0.479971
0.208553
0.310379
-1.55028
0.563894
0.136244
-0.112958
-0.98552
-0.448528
-1.60166
-1.30997
-1.22401
-1.78318
-0.528621
0.0391795
-0.0355089
-0.0134091
-0.339388
-1.33215
-0.950638
0.195492
-1.05202
-0.0142833
-0.164693
-0.417438
-0.60994
-0.693045
-2.04431
0.407789
0.0194534
0.120702
-0.710834
0.164768
-0.0243967
-1.09334
0.0544321
-0.053522
-0.294547
-1.75486
0.0655938
-1.58741
0.441071
0.371896
-0.336675
-0.110774
-0.470544
-0.940863
0.0402748
-1.44527
0.226253
-0.650751
-0.127615
-0.388515
-0.993738
-1.17827
-2.78484
-0.819002
0.0837572
0.0404472
0.513356
-0.378417
-1.94937
0.319524
0.793808
-1.31318
-0.220243
-0.240647
0.67827
-2.11219
-0.254564
0.41933
-0.858031
0.386425
-1.55037
-0.755415
-0.322299
0.193331
0.82851
-0.277096
-0.780886
0.631782
-0.321325
-0.690906
-0.389348
-1.03348
-0.379876
0.00410518
0.42046
0.116313
-0.272228
-0.595459
-0.463862
-1.11167
-0.758967
-0.630805
0.677689
-0.00615769
0.016569
-0.727688
-1.099
0.0667742
0.143672
-0.0820033
-0.033518
-0.721703
0.130257
-1.41426
0.0804873
-0.0305866
0.272947
-0.395024
0.393514
-1.1849
0.245077
-1.60462
-1.66723
-0.693801
0.321549
0.534284
-0.119033
-1.74407
0.380573
0.650755
0.456648
-0.0482139
0.631774
0.338924
-0.667961
0.424491
-1.50573
-0.532514
-1.12805
-0.168882
-0.671247
0.460708
-0.464999
-0.548386
0.165646
0.38595
-0.845005
0.557379
-0.450036
-0.598644
0.276613
0.454349
-0.918372
0.533606
-1.01368
0.0541522
-1.71723
0.761409
0.420574
0.739895
-1.02949
-0.692929
0.174025
-1.06642
-0.37674
0.0522529
0.311528
-0.448812
0.583303
-1.22474
0.240752
-0.618179
-0.830186
0.111014
-0.159539
-0.191628
-1.01824
-0.9152
-0.606508
-1.04603
0.190331
-0.18795
-0.654953
-0.970851
-0.797488
-1.15416
-0.531799
0.184432
0.375625
-0.656505
0.101971
0.251689
0.36905
-0.751067
-0.124701
-0.293392
0.00245028
-0.341105
-1.58987
-1.71536
0.117571
0.114424
-0.680009
0.507762
0.599919
-1.52811
0.216826
-0.199808
-0.47887
0.731199
0.0891714
-1.03009
0.40664
0.167863
0.107486
0.607454
-1.47419
0.167865
0.352917
-0.0339756
-1.4259
0.287491
0.734427
-2.24074
-0.92124
0.296094
0.399817
0.245704
0.516674
0.263532
-1.38976
-0.829231
0.185748
0.122718
0.134756
0.210344
0.54964
-0.961366
0.193112
0.285275
0.0129717
-1.35756
-0.258234
0.605952
0.249844
-0.603539
0.0151564
-0.658531
0.267861
0.172465
0.0320772
-0.603939
-0.0841559
0.770595
0.111883
-0.972276
0.441031
0.76266
-1.07427
0.768201
-0.137909
0.268006
-0.269604
-1.82687
-0.363997
-2.08907
0.184021
-0.080267
-1.46666
0.125042
-0.0580002
-1.81291
-0.178895
-0.855288
-0.162851
-0.0357647
-0.406851
0.105
0.528159
0.282725
-1.25514
0.613286
0.706858
0.726416
-0.648723
0.601924
-0.0795848
-0.70242
0.601975
-1.15026
-1.19574
-0.550029
-0.344851
-1.25304
-1.99223
0.238332
-0.765242
0.452656
-0.915483
-0.0465725
-0.529378
0.1879
-0.373721
-0.593677
-1.05471
-0.929428
-0.87702
0.279692
0.464581
-1.19591
-1.62276
-0.212514
-0.152038
0.00814275
-0.65689
0.0923812
-0.623277
-0.00374622
-0.439896
-0.770837
-0.263417
-0.39504
-0.139541
-1.67997
-0.292041
-0.426671
-0.229618
-1.53832
-0.796058
-0.436
-0.757424
0.819792
-0.0104094
-0.748137
-0.0396163
-0.461077
-0.300992
-0.284801
0.312755
0.174345
0.0191527
0.616817
0.457678
-0.356216
-0.916599
-0.1764
0.872092
-1.71199
-0.200667
-0.984579
0.031148
-0.572173
-0.456474
-0.541078
-0.365714
0.265512
-0.285545
-0.282361
-1.2852
0.576482
-1.39771
-0.739274
-0.0401223
-0.500246
0.566704
-0.186052
0.241636
0.120817
0.2448
-0.130812
-0.776636
-1.30768
-1.14412
-0.0244678
-0.678678
0.02267
-1.03261
-0.238076
-0.516054
0.0927925
-0.749262
-0.874733
0.230315
-0.252729
-0.424725
0.0150769
-0.995728
0.30192
-0.657715
-0.25639
-0.267034
0.362406
-1.01261
-0.612704
0.161478
-0.393528
-1.84448
-0.101704
0.109152
-0.224657
-0.309407
-1.76226
0.465726
-0.818344
0.0968132
0.35528
0.067753
0.46969
0.319631
-0.572466
0.338181
-1.00837
-1.30444
0.601412
-1.52859
0.272953
-1.13898
-0.552147
-0.579844
-0.893345
-0.22102
0.211805
0.303292
0.315606
-1.14446
0.286774
-1.13805
-1.0584
0.226254
0.0849617
-0.76739
-0.395469
-0.759372
-0.402188
0.200066
0.314879
-0.128467
0.284891
0.0761852
-0.853887
-0.994019
0.17502
0.604985
-0.525665
-1.04804
0.290606
0.145517
-0.708786
-0.382056
0.229352
0.209616
-1.52237
-1.0903
-0.399359
0.0137078
-0.213236
0.679288
-0.731618
-0.971094
-1.09624
-0.50284
-0.861578
-1.04576
0.603488
-1.46559
-1.09616
0.66553
-1.20752
-0.299683
0.367856
0.14514
0.227936
-0.308911
-0.460204
0.108184
-0.324418
-1.17099
-0.299032
-0.191336
0.00345075
0.582474
-1.01213
-1.1583
0.425776
-0.290602
-0.72603
-1.31587
-1.04896
0.2844
0.511644
-0.729759
0.732502
0.268062
0.292928
-0.114965
-1.17225
-0.113636
-0.769324
-1.68353
-0.0930228
-0.156326
0.390342
-0.949034
-1.033
-1.51924
-0.296266
-0.192389
0.11138
-2.28765
-1.50921
-0.589265
-0.118466
-1.14092
0.149043
-0.383937
0.118542
0.46036
-1.25095
-0.509031
0.637407
-0.221728
-0.2213
-2.20527
-0.35612
0.207024
0.0811513
-1.19165
0.124434
-0.663523
0.803932
0.0791333
-0.021145
-0.894191
-0.180176
-1.508
-0.174704
-1.54993
-1.44534
0.313542
-0.305515
-0.557542
0.28628
-0.129018
-0.82488
-1.0565
-1.45829
0.152509
-1.11941
-0.692264
-0.302542
0.281954
-1.29465
-0.106943
0.539852
-0.373614
0.439033
-0.607653
-0.984485
0.186671
0.13533
-0.857477
0.0451653
-0.919251
0.210534
-0.784081
-0.86175
-0.498045
-0.404136
0.315054
-0.213983
-1.37239
0.569833
0.100824
-0.141566
0.144771
-0.445564
0.301196
0.0902392
0.331988
-0.874404
0.307443
-0.967718
-0.124513
-0.294934
-0.651347
-0.492959
0.51993
-1.32131
0.527187
-0.294008
-0.836693
-0.893784
-0.56074
0.184728
0.46243
-0.109876
-0.211187
0.473375
-1.08839
0.0995328
-1.26435
0.217271
-0.591279
-0.0878429
0.117806
-1.04783
0.394574
-0.144539
-0.257151
-1.24951
-0.803121
-0.931151
0.606992
0.123466
0.154807
0.441605
0.235294
-1.15107
-0.516696
-0.0938547
-1.012
-0.00204041
0.235752
0.18289
-0.19188
-2.56934
0.194638
-0.338901
-0.764431
0.367802
-0.0713645
0.344099
0.773107
-0.31919
-1.3369
-1.51556
0.455046
0.337329
-0.0664812
0.551215
-0.446175
-0.987423
-0.196604
-1.04494
-0.0420093
-0.995662
0.579097
-0.131618
-0.780983
-1.63122
-0.116003
0.38139
0.113004
-0.489395
0.524275
0.729297
0.241132
-0.317179
-0.261039
-1.06603
-1.01497
-0.771321
-0.0369806
0.255597
-0.586263
-1.76551
0.0495561
-1.13808
-0.339799
0.323607
-1.75629
0.383156
-1.52846
-1.84038
-1.19849
-0.950136
-1.3059
0.541981
-1.41504
-0.912231
-0.656468
0.689374
-0.0444411
-0.854867
-1.24436
-1.20806
-0.17051
-0.376744
0.127307
-0.489452
-0.0233212
-0.985143
0.217945
-1.15633
-0.141126
-0.211338
-2.17032
-0.983551
-0.675493
-0.42025
-1.0742
0.320909
-0.607009
-0.592463
0.152017
0.588012
0.409117
-0.136659
0.184346
-0.572423
0.435837
-0.0279052
0.0326744
-0.569903
0.0891974
0.614142
-0.32112
0.145003
-1.11294
-1.49597
-0.309118
0.182958
-1.57901
0.664843
0.519116
-1.38366
0.0957455
-0.486666
0.463915
-0.0194975
-1.27881
-1.6291
0.155298
-0.855233
-1.40771
-0.385495
-0.158828
-0.600848
0.0561698
-0.389895
-0.716755
0.0120958
-0.14797
0.403883
-0.00101957
-0.102292
-0.921332
-0.0472279
-0.109669
-0.524811
-0.0111058
-0.478917
-0.605463
-0.544545
-2.07455
-1.09637
-1.09081
-0.642564
-0.905084
0.0767696
0.438846
0.0841202
-0.813255
-0.438503
-0.149318
-1.31078
-0.657238
-1.00087
-0.250829
-0.11251
0.282225
-1.52393
-1.11077
0.347349
0.275024
-1.96024
-0.845354
-0.081574
-1.3116
-1.05047
-1.16654
-0.123584
0.123286
-0.613148
-0.446665
-0.645399
-0.351819
-0.321398
-0.848507
-0.965824
0.367615
0.431436
-0.883421
0.239623
-0.0816408
-0.43528
0.680294
-0.539822
-0.0538479
0.0915786
-0.257283
-0.711026
0.50998
0.330076
-0.46657
-0.455459
-1.28986
-1.59862
-0.0586694
0.536214
0.238893
-1.08859
-0.654513
0.286778
-1.65389
0.405046
-0.174711
-0.356539
0.555215
0.169707
-0.957232
-0.546917
0.400842
0.0119516
0.145407
-0.527365
0.0509934
0.494073
-1.70288
-1.19792
-0.305178
-1.16858
-0.618454
-1.23453
-0.32977
-1.04466
-0.944395
-0.00773243
-0.0911734
-1.90636
-1.11099
-0.847556
0.0832108
0.322344
0.532269
0.361972
0.320795
-0.0443834
-0.351558
-1.41511
-0.755568
0.0993464
-0.107293
-0.787
-0.238211
0.0210134
0.434548
-0.496541
0.0895471
0.544111
-0.0300143
-1.37866
0.0529049
-1.11651
-1.08797
-0.120563
0.110538
-0.448588
0.133672
-0.237135
-1.04929
0.160263
-0.930394
-0.967222
0.0271478
0.269545
-0.591525
0.568897
0.100904
0.296949
0.0670326
-1.30461
-0.325539
-1.12386
-0.904198
-0.0657016
0.0261008
-0.924076
0.751899
-0.866542
-0.122826
-0.782534
-0.877184
-0.152239
0.212535
-0.346906
0.22879
-0.440843
0.446753
0.288498
0.551319
-0.0155032
-0.183482
-0.0280301
0.189035
0.497694
-0.540731
0.2029
0.192173
0.0418871
0.248069
0.406363
-0.404117
0.314938
0.502283
0.29318
0.475458
-0.503307
0.173359
-0.784719
-0.435245
0.432432
-0.189226
0.134954
-1.65497
0.122065
-0.850424
-0.0678594
0.151623
0.589963
-0.0413603
0.524826
-0.610781
-1.30408
-2.15873
0.373776
0.0594713
-0.915787
0.318416
-0.419564
0.4439
0.0718611
0.540863
0.445572
-0.112517
-0.220029
-0.447148
0.492838
0.765418
0.386861
0.0993822
-0.450606
-0.122305
0.0115657
0.0591978
0.632764
-1.52981
-0.121192
0.0559985
0.305764
0.0538312
-0.0457474
0.0268055
0.119034
0.210207
0.352551
0.244979
0.367908
0.440825
0.0150936
-0.445742
-0.469295
0.298113
-0.189858
-0.429975
-0.814559
0.174115
0.167473
0.230593
-0.786457
-0.134065
-0.0352079
-1.3176
-0.390877
0.147567
-1.62522
0.0512627
-1.75035
0.349667
-0.541021
0.275334
0.0233254
0.15266
-0.139239
0.225039
-0.22722
0.346708
0.244487
-0.672277
-0.236219
0.0506371
-0.126101
0.429202
-1.30912
-0.808559
-0.357287
-0.194682
0.333056
0.0182617
0.449207
0.0325704
-1.06928
0.277306
-0.680699
-0.510145
-1.38738
0.0739577
0.101484
-1.35593
-0.98556
0.205931
-0.341783
-0.669789
0.359747
0.353255
-0.541766
-1.42656
-0.255711
-0.224146
0.285597
0.00796086
0.117897
0.169009
0.0268544
-0.968139
-0.0219398
-0.233674
-0.560282
-1.18531
-0.820739
-0.79944
0.188911
-0.0556203
0.386802
0.191373
0.272786
0.375738
-0.240789
-1.22244
0.414182
-0.0391737
-0.249267
0.158054
-0.0451276
-1.44382
-0.768839
0.422759
-0.335556
-0.323146
-0.680747
-0.537875
-1.08319
-0.65312
0.350373
0.491918
-1.05489
-0.684626
0.540182
-0.199595
-1.23998
0.229169
0.0235064
-0.533619
-0.995907
0.250906
-1.92801
-1.23663
0.0741359
-0.305216
-1.66676
-0.698698
-0.719671
-0.800535
-0.321957
-0.388153
-0.499088
-0.300058
0.156231
0.55935
0.0395566
0.000398279
-0.583057
0.442684
0.0719446
0.136279
-0.232566
-0.142176
-0.0345967
0.342727
0.108321
-0.102604
-0.576961
-0.178916
-0.706747
0.114774
-0.403435
-0.0569913
-0.0834536
-0.407698
-0.109316
0.308792
-0.344414
-1.59563
-0.531777
-0.487937
0.452356
-0.140529
0.48163
0.239916
-0.0545354
0.0543773
-1.84144
0.0970942
0.211632
0.046216
0.0631355
-1.277
-1.13058
0.0534582
0.484362
-1.37013
-1.28039
-0.344738
0.0399658
-1.36286
-0.37949
0.527294
-0.36107
-0.306124
0.163924
0.00721344
-0.19188
-0.064714
-0.573157
0.204041
0.640516
-0.547158
-0.219948
-1.09427
-0.327151
0.0260129
-0.662816
-1.01279
-0.738056
0.472439
0.111548
-0.34309
0.258037
-1.38375
-0.569879
-0.322753
-0.0944334
0.109018
-0.859062
0.202677
-0.114486
0.264136
0.438173
-0.116684
-0.202009
0.350204
0.370799
-1.61769
0.0326289
-1.619
-0.752826
-0.67721
-0.751592
-0.108409
0.47036
-0.429737
-0.489004
-0.0250061
-0.961969
-0.71215
-1.27816
-0.344263
-0.124314
0.255686
0.390424
-1.00962
0.0773678
-0.171305
-0.0039795
0.42743
0.0758846
-0.123477
0.401445
-0.316902
0.0110332
-0.592788
-0.0146506
-0.653199
-0.333015
0.00569415
0.157203
-0.711273
-0.470367
-0.116381
-1.00264
0.0869206
0.481277
-0.386431
0.0983035
0.348542
0.211533
0.246415
0.205077
0.171357
-0.474255
-0.522921
-0.986846
-0.277088
0.0444777
-0.617085
0.436845
0.0953076
-0.0453151
-0.258607
-0.78154
-0.907867
-0.0618194
0.608662
-0.264407
-0.377405
-0.566933
-0.237576
-0.851894
0.174768
-1.03631
0.255302
0.159845
-1.12774
0.167633
0.26852
-1.13643
-0.326809
0.320217
-1.23594
-0.924489
-0.634526
-0.0739602
-0.0941985
-0.340409
-0.608123
-1.49174
-0.976811
-0.131937
0.0358912
-0.526236
0.306111
0.580517
-1.32487
0.405387
0.374301
-2.20527
-0.0275442
-2.07669
0.309112
0.567725
0.335002
-0.0679631
-0.46288
0.32496
-0.232468
-0.674617
-0.552245
0.684202
0.442398
0.132533
-0.120461
-0.0146542
0.00469673
-1.69465
-0.773997
0.560902
-0.817493
-0.845203
0.373786
-1.43719
0.355567
-0.21772
-1.18062
-1.6292
-0.529134
0.370119
0.271591
0.314775
0.239882
0.260477
0.301564
0.204766
-1.47139
0.055775
-0.442848
-0.266874
0.106785
-0.482439
-0.850157
-0.184304
0.0774305
-0.813371
0.422503
-0.0034005
0.184393
-0.0630948
0.488893
-0.633357
-1.78835
-0.185422
0.0397308
-0.863973
0.609021
-0.131587
0.442861
-0.836076
0.0940171
-0.287625
-0.445117
-0.16326
-0.88268
0.202036
-0.285072
0.115799
-0.0641279
-0.855316
-0.220335
-0.882425
0.368414
-3.01638
0.0644322
-0.521361
0.165083
0.426578
0.0937579
-0.664148
0.144405
0.228207
0.325742
0.206839
-1.46032
0.305003
-0.656731
0.369897
0.69293
-0.303138
-0.773777
-0.96576
-1.00543
-1.27271
0.286029
-1.29356
0.203954
-0.501452
-0.305625
-0.179838
-0.513498
0.28485
0.687555
-1.78306
-0.425983
0.0926867
0.151437
0.295921
0.178271
0.523575
-0.429267
-0.032761
0.437651
-0.549367
-0.723183
-0.045103
0.311905
-0.0516682
-0.308385
-0.0794047
-0.569589
-0.136724
-0.751753
-0.647302
-0.494094
-0.54932
-1.36452
0.0790609
-0.0258546
0.458773
-0.325307
-0.550307
-0.55397
-0.86452
0.0627416
0.516254
-0.321296
-0.747104
0.293661
-1.43281
-0.174282
-0.130104
-0.496438
-1.61308
0.403295
0.483269
-1.03722
-0.402912
0.164543
-0.290001
-1.04259
-1.29708
0.110754
0.4908
0.580079
-0.712592
-0.00412519
-1.23792
0.384777
0.410354
-0.630124
-0.030762
-0.62419
-0.484652
0.397764
0.552773
0.0431129
0.126553
0.282009
0.0886553
-2.40071
-0.329703
-0.919354
0.0378088
-1.40088
-0.855757
0.304014
0.416618
-0.700845
-0.71697
0.110456
0.157985
0.304415
-0.991524
-0.923022
-1.19841
-0.658615
-0.407105
-0.262976
0.251509
0.494604
-0.321136
-0.233742
0.190639
0.763506
0.32887
-0.778456
0.135848
0.101953
0.116051
-0.496495
-0.0894842
0.45295
0.529797
-0.116267
0.799312
-1.39582
0.414915
0.211436
-0.283597
0.293231
-0.373121
-0.790183
-1.26524
-0.635343
-0.561513
-0.376167
-0.288113
-1.12581
-0.416889
-0.904038
0.592955
-0.429571
-0.189716
-0.0274483
0.383376
0.0596081
0.0116035
0.489315
0.355842
0.0908381
-1.15983
-0.118487
-0.0196893
-0.408843
0.624101
-0.216719
-0.913019
0.231586
0.39908
-0.670024
0.144604
-0.196451
-0.3983
-0.0519634
0.231802
-0.147054
0.317948
-0.550322
-0.271131
-0.074171
-0.728408
-0.472596
-1.01638
-0.862089
-1.34797
-0.286518
-0.555834
0.0959569
0.457644
0.254048
0.208131
-0.29905
-1.65838
0.620403
0.215724
-1.0046
0.304963
0.053774
-0.779808
0.362057
0.223159
-1.11109
-0.145653
0.299827
-0.325655
0.0567986
-0.936476
0.456485
-1.88324
-0.25315
0.239332
0.115208
0.34285
0.401641
-0.102192
0.142695
-0.208606
0.710367
0.242995
-0.750737
-0.954874
0.252609
-0.340928
-0.357317
-0.968299
0.158203
-0.250324
-0.296977
-0.28875
0.574857
0.151402
-0.859667
0.0946027
-0.236133
-0.573894
-0.0283875
0.438909
-0.151575
-0.797357
-0.311521
-0.152836
0.260335
0.0742315
0.300093
-0.662048
-0.144761
-1.01187
-0.570592
0.0655146
-0.158675
0.166634
-0.173864
-0.116219
-0.12466
-0.614535
0.730754
-0.539719
0.343794
-0.239741
-2.271
0.0170307
-0.685693
-0.314324
-0.189972
-0.401397
-0.382681
-1.06303
0.427897
0.035257
-1.31818
-1.03094
-1.9517
0.0830024
0.0155904
-0.574401
-0.197408
-0.630009
0.441864
-1.01926
0.188682
-0.0250414
0.0920805
-0.548293
-0.475078
0.379405
-0.00645796
-0.532153
0.321975
0.0543947
-0.759146
0.542483
0.0317402
-1.58133
-0.575695
-0.080765
-1.03916
0.807516
0.173209
-1.00627
0.528
-0.243263
0.476204
0.508344
0.588186
0.526353
0.810207
-0.296779
-0.600277
-0.0684047
0.381771
0.515097
-1.20766
-0.76522
0.448128
-0.983706
0.329277
-0.0880899
-0.0692262
0.230347
0.0322465
0.258399
-0.327834
-1.16826
0.274787
0.106573
-0.848364
-0.626884
0.136509
0.359576
-0.0285798
-0.616798
-0.219831
0.199884
-0.456679
0.324466
0.19358
-1.29691
-0.409397
-0.0106903
0.043343
0.223893
-0.843996
-0.187603
0.471703
0.512683
-0.548926
-0.56749
0.338231
-1.06707
0.057807
0.267672
-1.54395
0.101399
-1.12915
-0.370286
0.219965
0.294332
0.221349
0.262402
0.443485
-0.364633
0.237345
-0.365519
-0.478439
0.0241747
0.616293
-1.15215
0.33395
-1.06393
-0.054934
0.151907
-0.0151611
0.0806085
-0.484087
-1.04865
0.266427
0.3225
-1.14526
-0.443689
-0.10162
-2.21654
0.420542
-0.709069
-0.374836
0.414348
0.00409248
0.513633
-0.416586
-0.135531
-0.318954
-0.606812
0.014783
-0.836828
0.395453
-0.494411
0.145818
0.0316086
0.165583
-1.17436
-0.175496
-0.230942
0.353043
-0.0360526
-0.835964
-0.223922
-0.128046
-0.448608
0.0917821
0.173709
0.356306
0.00788594
-0.754165
0.642205
-0.870469
0.37135
-0.44712
-0.353825
-0.0683739
0.0917732
0.0529065
0.230565
-1.43973
0.65029
0.0425019
-0.65292
-1.52798
-0.081998
-0.113505
-0.903857
-0.574336
0.00763143
-0.222059
-0.25968
-0.0607688
-1.35626
0.837994
-0.538947
0.239962
0.681362
0.0957647
-1.60859
-0.244264
0.439259
-0.091887
0.368702
-0.0414572
0.383733
0.29415
-0.997426
-1.89329
0.59567
-0.096183
-0.99722
-0.839624
-0.931688
0.708579
-9.90028e-05
-1.40602
-0.234137
-0.307823
-0.309853
0.290644
0.509179
0.47635
-0.442157
0.0586942
-0.662968
0.37703
-0.278296
-0.526119
-0.0230539
0.199831
0.517842
0.428656
-0.112425
0.501749
-0.0868521
-0.997982
-1.62928
0.382754
-0.330853
0.624124
-0.0763515
0.400049
-0.0493522
0.446325
0.0980873
0.373593
-0.163815
-0.426522
0.408317
-0.13735
-0.62576
-0.0760483
-1.02132
-0.209995
-0.0341981
0.458614
0.202285
0.530192
-0.681338
0.221505
0.223513
0.326494
-0.443569
-0.39077
0.137707
-0.0113688
-0.235716
-1.40848
0.296214
0.2607
-0.320512
-0.361531
0.00984325
0.25279
0.191118
0.245776
-0.222033
-0.402276
-0.0183114
-1.68339
-0.98876
