0
0
0
0
0
0
0
0
0
0
0
0
0
0
0
0
0
0
0
0
0
0
0
0
0
0
0
0
0
0
0
0
0
0
0
0
0
0
0
0
0
0
0
0
0
0
0
0
0
0
0
0
0
0
0
0
0
0
0
0
0
0
0
0
0
0
0
0
0
0
0
0
0
0
0
0
0
0
0
0
0
0
0
0
0
0
0
0
0
0
0
0
0
0
0
0
0
0
0
0
0
0
0
0
0
0
0
0
0
0
0
0
0
0
0
0
0
0
0
0
0
0
0
0
0
0
0
0
0
0
0
0
0
0
0
0
0
0
0
0
0
0
0
0
0
0
0
0
0
0
0
0
0
0
0
0
0
0
0
0
0
0
0
0
0
0
0
0
0
0
0
0
0
0
0
0
0
0
0
0
0
0
0
0
0
0
0
0
0
0
0
0
0
0
0
0
0
0
0
0
0
0
0
0
0
0
0
0
0
0
0
0
0
0
0
0
0
0
0
0
0
0
0
0
0
0
0
0
0
0
0
0
0
0
0
0
0
0
0
0
0
0
0
0
0
0
0
0
0
0
0
0
0
0
0
0
0
0
0
0
0
0
0
0
0
0
0
0
0
0
0
0
0
0
0
0
0
0
0
0
0
0
0
0
0
0
0
0
0
0
0
0
0
0
0
0
0
0
0
0
0
0
0
0
0
0
0
0
0
0
0
0
0
0
0
0
0
0
0
0
0
0
0
0
0
0
0
0
0
0
0
0
0
0
0
0
0
0
0
0
0
0
0
0
0
0
0
0
0
0
0
0
0
0
0
0
0
0
0
0
0
0
0
0
0
0
0
0
0
0
0
0
0
0
0
0
0
0
0
0
0
0
0
0
0
0
0
0
0
0
0
0
0
0
0
0
0
0
0
0
0
0
0
0
0
0
0
0
0
0
0
0
0
0
0
0
0
0
0
0
0
0
0
0
0
0
0
0
0
0
0
0
0
0
0
0
0
0
0
0
0
0
0
0
0
0
0
0
0
0
0
0
0
0
0
0
0
0
0
0
0
0
0
0
0
0
0
0
0
0
0
0
0
0
0
0
0
0
0
0
0
0
0
0
0
0
0
0
0
0
0
0
0
0
0
0
0
0
0
0
0
0
0
0
0
0
0
0
0
0
0
0
0
0
0
0
0
0
0
0
0
0
0
0
0
0
0
0
0
0
0
0
0
0
0
0
0
0
0
0
0
0
0
0
0
0
0
0
0
0
0
0
0
0
0
0
0
0
0
0
0
0
0
0
0
0
0
0
0
0
0
0
0
0
0
0
0
0
0
0
0
0
0
0
0
0
0
0
0
0
0
0
0
0
0
0
0
0
0
0
0
0
0
0
0
0
0
0
0
0
0
0
0
0
0
0
0
0
0
0
0
0
0
0
0
0
0
0
0
0
0
0
0
0
0
0
0
0
0
0
0
0
0
0
0
0
0
0
0
0
0
0
0
0
0
0
0
0
0
0
0
0
0
0
0
0
0
0
0
0
0
0
0
0
0
0
0
0
0
0
0
0
0
0
0
0
0
0
0
0
0
0
0
0
0
0
0
0
0
0
0
0
0
0
0
0
0
0
0
0
0
0
0
0
0
0
0
0
0
0
0
0
0
0
0
0
0
0
0
0
0
0
0
0
0
0
0
0
0
0
0
0
0
0
0
0
0
0
0
0
0
0
0
0
0
0
0
0
0
0
0
0
0
0
0
0
0
0
0
0
0
0
0
0
0
0
0
0
0
0
0
0
0
0
0
0
0
0
0
0
0
0
0
0
0
0
0
0
0
0
0
0
0
0
0
0
0
0
0
0
0
0
0
0
0
0
0
0
0
0
0
0
0
0
0
0
0
0
0
0
0
0
0
0
0
0
0
0
0
0
0
0
0
0
0
0
0
0
0
0
0
0
0
0
0
0
0
0
0
0
0
0
0
0
0
0
0
0
0
0
0
0
0
0
0
0
0
0
0
0
0
0
0
0
0
0
0
0
0
0
0
0
0
0
0
0
0
0
0
0
0
0
0
0
0
0
0
0
0
0
0
0
0
0
0
0
0
0
0
0
0
0
0
0
0
0
0
0
0
0
0
0
0
0
0
0
0
0
0
0
0
0
0
0
0
0
0
0
0
0
0
0
0
0
0
0
0
0
0
0
0
0
0
0
0
0
0
0
0
0
0
0
0
0
0
0
0
0
0
0
0
0
0
0
0
0
0
0
0
0
0
0
0
0
0
0
0
0
0
0
0
0
0
0
0
0
0
0
0
0
0
0
0
0
0
0
0
0
0
0
0
0
0
0
0
0
0
0
0
0
0
0
0
0
0
0
0
0
0
0
0
0
0
0
0
0
0
0
0
0
0
0
0
0
0
0
0
0
0
0
0
0
0
0
0
0
0
0
0
0
0
0
0
0
0
0
0
0
0
0
0
0
0
0
0
0
0
0
0
0
0
0
0
0
0
0
0
0
0
0
0
0
0
0
0
0
0
0
0
0
0
0
0
0
0
0
0
0
0
0
0
0
0
0
0
0
0
0
0
0
0
0
0
0
0
0
0
0
0
0
0
0
0
0
0
0
0
0
0
0
0
0
0
0
0
0
0
0
0
0
0
0
0
0
0
0
0
0
0
0
0
0
0
0
0
0
0
0
0
0
0
0
0
0
0
0
0
0
0
0
0
0
0
0
0
0
0
0
0
0
0
0
0
0
0
0
0
0
0
0
0
0
0
0
0
0
0
0
0
0
0
0
0
0
0
0
0
0
0
0
0
0
0
0
0
0
0
0
0
0
0
0
0
0
0
0
0
0
0
0
0
0
0
0
0
0
0
0
0
0
0
0
0
0
0
0
0
0
0
0
0
0
0
0
0
0
0
0
0
0
0
0
0
0
0
0
0
0
0
0
0
0
0
0
0
0
0
0
0
0
0
0
0
0
0
0
0
0
0
0
0
0
0
0
0
0
0
0
0
0
0
0
0
0
0
0
0
0
0
0
0
0
0
0
0
0
0
0
0
0
0
0
0
0
0
0
0
0
0
0
0
0
0
0
0
0
0
0
0
0
0
0
0
0
0
0
0
0
0
0
0
0
0
0
0
0
0
0
0
0
0
0
0
0
0
0
0
0
0
0
0
0
0
0
0
0
0
0
0
0
0
0
0
0
0
0
0
0
0
0
0
0
0
0
0
0
0
0
0
0
0
0
0
0
0
0
0
0
0
0
0
0
0
0
0
0
0
0
0
0
0
0
0
0
0
0
0
0
0
0
0
0
0
0
0
0
0
0
0
0
0
0
0
0
0
0
0
0
0
0
0
0
0
0
0
0
0
0
0
0
0
0
0
0
0
0
0
0
0
0
0
0
0
0
0
0
0
0
0
0
0
0
0
0
0
0
0
0
0
0
0
0
0
0
0
0
0
0
0
0
0
0
0
0
0
0
0
0
0
0
0
0
0
0
0
0
0
0
0
0
0
0
0
0
0
0
0
0
0
0
0
0
0
0
0
0
0
0
0
0
0
0
0
0
0
0
0
0
0
0
0
0
0
0
0
0
0
0
0
0
0
0
0
0
0
0
0
0
0
0
0
0
0
0
0
0
0
0
0
0
0
0
0
0
0
0
0
0
0
0
0
0
0
0
0
0
0
0
0
0
0
0
0
0
0
0
0
0
0
0
0
0
0
0
0
0
0
0
0
0
0
0
0
0
0
0
0
0
0
0
0
0
0
0
0
0
0
0
0
0
0
0
0
0
0
0
0
0
0
0
0
0
0
0
0
0
0
0
0
0
0
0
0
0
0
0
0
0
0
0
0
0
0
0
0
0
0
0
0
0
0
0
0
0
0
0
0
0
0
0
0
0
0
0
0
0
0
0
0
0
0
0
0
0
0
0
0
0
0
0
0
0
0
0
0
0
0
0
0
0
0
0
0
0
0
0
0
0
0
0
0
0
0
0
0
0
0
0
0
0
0
0
0
0
0
0
0
0
0
0
0
0
0
0
0
0
0
0
0
0
0
0
0
0
0
0
0
0
0
0
0
0
0
0
0
0
0
0
0
0
0
0
0
0
0
0
0
0
0
0
0
0
0
0
0
0
0
0
0
0
0
0
0
0
0
0
0
0
0
0
0
0
0
0
0
0
0
0
0
0
0
0
0
0
0
0
0
0
0
0
0
0
0
0
0
0
0
0
0
0
0
0
0
0
0
0
0
0
0
0
0
0
0
0
0
0
0
0
0
0
0
0
0
0
0
0
0
0
0
0
0
0
0
0
0
0
0
0
0
0
0
0
0
0
0
0
0
0
0
0
0
0
0
0
0
0
0
0
0
0
0
0
0
0
0
0
0
0
0
0
0
0
0
0
0
0
0
0
0
0
0
0
0
0
0
0
0
0
0
0
0
0
0
0
0
0
0
0
0
0
0
0
0
0
0
0
0
0
0
0
0
0
0
0
0
0
0
0
0
0
0
0
0
0
0
0
0
0
0
0
0
0
0
0
0
0
0
0
0
0
1.31937
1.024
1.10137
1.32326
1.03053
1.20993
1.02498
1.024
1.04456
1.17833
1.024
1.02498
1.02796
1.14155
1.07944
1.02498
1.024
1.03669
1.10852
1.024
1.02957
1.02498
1.024
1.024
1.02765
1.28198
1.10062
1.20951
1.024
1.3032
1.024
1.024
1.04193
1.15842
1.03326
1.024
1.04694
1.02498
1.06176
1.30095
1.05389
1.12211
1.05952
1.0607
1.15243
1.07602
1.09817
1.10723
1.02955
1.15835
1.02976
1.02655
1.024
1.21163
1.024
1.41043
1.21889
1.13852
1.02718
1.02552
1.03044
1.05221
1.10938
1.02498
1.12758
1.02954
1.41316
1.0284
1.06001
1.02498
1.03142
1.14033
1.02498
1.22649
1.04306
1.17653
1.14127
1.024
1.06302
1.05256
1.024
1.04172
1.05985
1.26008
1.04043
1.024
1.06094
1.03184
1.024
1.024
1.25648
1.04085
1.024
1.02498
1.06531
1.13269
1.024
1.024
1.024
1.05016
1.024
1.024
1.02919
1.08751
1.17778
1.02498
1.19516
1.2062
1.42384
1.38942
1.04116
1.31589
1.02498
1.05487
1.19808
1.34619
1.04026
1.08851
1.02603
1.03845
1.02982
1.42296
1.02669
1.13037
1.47562
1.02498
1.05707
1.024
1.024
1.1057
1.26646
1.33031
1.20985
1.17247
1.024
1.02876
1.024
1.02498
1.13936
1.44625
1.05176
1.31691
1.02498
1.0884
1.024
1.17772
1.02498
1.29932
1.15821
1.21057
1.024
1.43632
1.13894
1.04774
1.024
1.03474
1.024
1.024
1.02498
1.024
1.03016
1.16016
1.04611
1.03037
1.02519
1.024
1.024
1.13639
1.02498
1.02951
1.0289
1.02625
1.02635
1.02812
1.024
1.32988
1.07443
1.13101
1.02572
1.10283
1.03487
1.024
1.11117
1.08512
1.05355
1.024
1.09042
1.024
1.2297
1.31262
1.03647
1.05957
1.0388
1.02498
1.05762
1.024
1.15547
1.02617
1.03167
1.05324
1.02498
1.02498
1.024
1.02498
1.09767
1.06117
1.29911
1.03498
1.024
1.26565
1.63999
1.024
1.05808
1.04973
1.41767
1.024
1.04364
1.30139
1.02778
1.18752
1.024
1.02498
1.04876
1.11509
1.58539
1.02818
1.0277
1.43615
1.04418
1.03073
1.03191
1.02498
1.02498
1.11091
1.17591
1.06606
1.05196
1.02797
1.03325
1.02498
1.02498
1.02498
1.41353
1.08712
1.12725
1.02599
1.024
1.05625
1.12024
1.07061
1.04279
1.02799
1.16293
1.02498
1.08635
1.10536
1.20517
1.03466
1.29334
1.024
1.20424
1.024
1.024
1.02498
1.15061
1.29764
1.03312
1.024
1.28837
1.44404
1.25831
1.04702
1.47245
1.23923
1.02498
1.35151
1.024
1.03206
1.024
1.05179
1.02498
1.32193
1.04184
1.03008
1.11162
1.25556
1.024
1.38453
1.02498
1.03431
1.22303
1.23268
1.02498
1.3787
1.02498
1.09885
1.024
1.56051
1.2408
1.67974
1.024
1.02804
1.15643
1.02498
1.03413
1.11228
1.16351
1.03559
1.27456
1.024
1.10548
1.02913
1.02498
1.10443
1.05497
1.05716
1.02498
1.03167
1.02498
1.02679
1.13792
1.04718
1.02698
1.024
1.02498
1.024
1.0282
1.07203
1.29166
1.02657
1.15697
1.18063
1.2297
1.02498
1.06611
1.06035
1.10845
1.04019
1.024
1.024
1.06802
1.12913
1.02972
1.33099
1.49013
1.024
1.2138
1.03901
1.02981
1.64098
1.16299
1.024
1.21415
1.11067
1.09441
1.45607
1.024
1.12652
1.25172
1.12206
1.02498
1.24438
1.53125
1.024
1.024
1.14494
1.259
1.1826
1.33427
1.13873
1.024
1.02498
1.23737
1.15283
1.05473
1.13134
1.42275
1.024
1.09097
1.20702
1.06965
1.024
1.03262
1.3972
1.14972
1.02498
1.1015
1.02498
1.21184
1.16114
1.09653
1.02762
1.04211
1.54263
1.06707
1.02498
1.27374
1.519
1.024
1.6289
1.05632
1.1723
1.03148
1.024
1.03894
1.024
1.11365
1.10747
1.024
1.12165
1.08435
1.024
1.03099
1.02498
1.04112
1.06791
1.07327
1.09093
1.26643
1.234
1.024
1.33242
1.56065
1.50489
1.02498
1.40147
1.08035
1.02498
1.33814
1.024
1.024
1.02574
1.04926
1.024
1.024
1.20141
1.02498
1.30031
1.03493
1.0822
1.0277
1.09098
1.03308
1.02498
1.02498
1.02546
1.02498
1.23931
1.24751
1.024
1.024
1.06104
1.05473
1.07083
1.02498
1.11547
1.02498
1.09859
1.0314
1.02519
1.07891
1.02791
1.03092
1.024
1.04291
1.02501
1.05075
1.024
1.03181
1.03623
1.02588
1.69197
1.0648
1.02556
1.0381
1.02754
1.0272
1.02912
1.12374
1.19301
1.08211
1.39276
1.27016
1.04316
1.02498
1.0307
1.83168
1.024
1.03682
1.024
1.10206
1.02881
1.02798
1.02498
1.02889
1.13874
1.05137
1.03588
1.024
1.42608
1.024
1.02498
1.06182
1.0411
1.37245
1.04285
1.14916
1.15856
1.16916
1.04653
1.03026
1.024
1.024
1.09792
1.04138
1.06453
1.02498
1.03626
1.02578
1.12605
1.0287
1.024
1.14637
1.03148
1.02498
1.06132
1.024
1.15834
1.02498
1.04527
1.03478
1.17467
1.024
1.02652
1.10016
1.0307
1.024
1.06324
1.09787
1.06278
1.05595
1.024
1.2895
1.02528
1.1399
1.15496
1.09365
1.25649
1.24542
1.02498
1.16883
1.024
1.024
1.51947
1.024
1.10824
1.024
1.02787
1.03097
1.02498
1.03603
1.17196
1.26331
1.20856
1.024
1.19275
1.024
1.024
1.16568
1.08889
1.024
1.02954
1.02498
1.04042
1.10158
1.15995
1.04797
1.21658
1.13168
1.02498
1.02498
1.12379
1.37856
1.03873
1.02498
1.16763
1.18498
1.03062
1.0387
1.14785
1.16459
1.024
1.02498
1.04448
1.18051
1.04067
1.47607
1.02498
1.02498
1.024
1.03002
1.02792
1.024
1.37669
1.024
1.02498
1.44986
1.024
1.07142
1.21798
1.07906
1.10236
1.03432
1.02748
1.17376
1.09041
1.024
1.02498
1.06499
1.14604
1.39061
1.02498
1.024
1.29835
1.03354
1.02813
1.024
1.02498
1.12
1.18765
1.02656
1.55075
1.21721
1.18737
1.04795
1.024
1.10518
1.02498
1.024
1.09815
1.04097
1.169
1.02498
1.02498
1.024
1.03835
1.03089
1.10285
1.024
1.024
1.03759
1.03487
1.02498
1.17366
1.02744
1.13255
1.24712
1.024
1.02894
1.46512
1.03564
1.03748
1.024
1.02498
1.124
1.10303
1.024
1.14333
1.02498
1.58171
1.10008
1.09193
1.02498
1.08168
1.024
1.04669
1.024
1.024
1.19611
1.0338
1.03544
1.18513
1.03223
1.02498
1.02548
1.024
1.06363
1.024
1.03351
1.04503
1.19193
1.024
1.05444
1.3429
1.03953
1.21163
1.02498
1.02498
1.15597
1.07311
1.02498
1.13598
1.024
1.14984
1.03371
1.02498
1.03356
1.04633
1.15677
1.04584
1.024
1.31366
1.15826
1.05847
1.13134
1.03908
1.1764
1.04742
1.23728
1.024
1.13449
1.02498
1.04648
1.04567
1.02498
1.02563
1.31196
1.024
1.36684
1.05139
1.02498
1.02498
1.02746
1.18583
1.29742
1.1135
1.05913
1.20718
1.024
1.11795
1.02498
1.10023
1.02793
1.0728
1.14116
1.024
1.16167
1.05259
1.04393
1.024
1.02498
1.02656
1.39656
1.10693
1.18769
1.3228
1.0944
1.024
1.0352
1.08988
1.024
1.055
1.14308
1.20338
1.07297
1.024
1.1675
1.05025
1.02498
1.22312
1.06261
1.21736
1.57017
1.06078
1.024
1.024
1.18035
1.28303
1.07836
1.42298
1.02735
1.024
1.02839
1.024
1.12779
1.02498
1.40921
1.04879
1.024
1.024
1.07278
1.21731
1.14152
1.03505
1.32777
1.61447
1.22183
1.02659
1.05009
1.02498
1.02498
1.024
1.05717
1.15105
1.02498
1.024
1.04692
1.02498
1.03484
1.17069
1.024
1.2322
1.024
1.024
1.024
1.0269
1.024
1.26903
1.024
1.02498
1.02498
1.599
1.07734
1.02518
1.024
1.02498
1.05576
1.03023
1.13555
1.02626
1.05376
1.02498
1.3072
1.02498
1.05787
1.02498
1.024
1.02498
1.03046
1.03298
1.024
1.2744
1.02498
1.02502
1.06695
1.44248
1.16148
1.05829
1.13299
1.02754
1.32691
1.08291
1.073
1.02498
1.07439
1.44565
1.0289
1.12672
1.024
1.024
1.05628
1.15589
1.024
1.53207
1.3828
1.024
1.13862
1.03716
1.29792
1.06344
1.024
1.024
1.14025
1.02498
1.024
1.03477
1.06265
1.03219
1.1095
1.03463
1.02896
1.09732
1.07869
1.30572
1.1506
1.07316
1.024
1.10236
1.03677
1.0327
1.0945
1.03723
1.02517
1.02793
1.024
1.024
1.02498
1.02963
1.02498
1.12587
1.26835
1.11331
1.02498
1.03186
1.07099
1.024
1.02498
1.02498
1.04382
1.07789
1.16499
1.024
1.02498
1.26586
1.18072
1.024
1.02498
1.08283
1.024
1.024
1.024
1.04039
1.1496
1.02815
1.02705
1.03015
1.03218
1.03917
1.02675
1.0266
1.17552
1.26798
1.02498
1.19401
1.08098
1.02978
1.64165
1.031
1.06643
1.08011
1.05101
1.02498
1.24536
1.14839
1.02498
1.02999
1.02498
1.024
1.06648
1.40416
1.14268
1.024
1.02801
1.22447
1.024
1.2802
1.05344
1.04015
1.35758
1.23985
1.02498
1.02956
1.16983
1.09968
1.15166
1.02683
1.11742
1.35918
1.024
1.02662
1.03462
1.024
1.029
1.024
1.06051
1.03115
1.02498
1.049
1.07484
1.024
1.02498
1.02498
1.10575
1.17157
1.32901
1.22985
1.22221
1.04999
1.03527
1.024
1.024
1.07562
1.0661
1.02679
1.05009
1.08728
1.23733
1.0317
1.13385
1.41466
0.975387
0.819689
1.08457
0.828287
0.8192
0.99462
0.914236
0.86269
0.949774
0.891799
0.822181
0.989534
0.824199
0.84681
0.956319
1.11134
0.827692
1.23886
0.997708
1.08714
0.980316
0.8192
0.929561
0.837054
0.82301
0.967509
0.948868
0.819689
1.42544
0.864297
0.972364
0.821776
0.819689
0.858057
0.964673
0.930492
1.0705
0.832686
1.17913
1.12387
1.35047
0.922863
0.87073
0.936969
1.05743
1.19993
0.831312
1.07937
1.001
1.00517
1.0995
1.23628
0.842295
1.00696
1.27637
1.15435
1.22905
0.832408
1.10635
0.830993
0.850448
1.21241
0.838234
1.05257
0.819689
1.10732
0.821066
0.898868
1.00165
1.419
0.94162
1.28176
0.828116
0.837174
0.8192
1.13653
1.03624
0.889053
1.09202
0.857495
1.21261
1.00914
1.35881
1.25569
0.959824
0.876371
0.843661
1.29552
1.61393
1.21981
0.995176
0.860342
0.870519
0.907573
0.897721
1.4073
0.8192
0.895358
1.13195
1.10291
1.01059
1.01454
0.872395
0.9529
0.966692
1.1542
1.07529
1.10071
1.13532
0.923034
0.831833
0.886222
1.05783
0.882847
0.843155
0.831408
1.02035
0.930747
1.10995
0.825678
0.889656
0.941538
0.819689
0.905176
1.00557
0.8192
0.917781
0.819689
1.15343
0.839082
1.02122
0.968107
1.03738
1.03607
1.04796
0.851489
1.0981
1.05509
0.838167
0.849515
0.981184
0.977061
1.16764
0.8192
0.845037
0.884515
0.934434
1.18741
0.979439
1.19857
0.945474
0.819689
1.11814
0.861248
0.857359
0.8192
1.0065
0.96319
0.8192
0.829532
0.975994
0.833425
0.83391
1.19682
1.09856
0.843799
0.8192
0.859625
0.883306
1.22598
0.960647
0.971168
0.958393
0.981076
0.824699
0.892424
0.879282
0.832968
0.83758
0.828268
0.821232
1.05521
0.877527
1.1085
1.0407
1.04638
1.11025
0.905695
0.8192
1.17609
0.966338
0.864246
1.01666
0.944863
0.819689
0.824527
1.21584
0.859095
0.867101
0.825299
0.820794
0.820621
0.823185
1.19278
1.25922
0.82548
0.850832
1.27707
0.859612
0.821661
1.07102
0.968114
0.883409
0.820305
1.10473
0.819689
0.8192
0.932365
0.886825
0.8192
0.828777
0.82211
0.873977
0.835369
0.838728
0.831187
0.855631
1.07673
1.40436
0.919249
0.973603
0.828283
1.23103
0.983608
1.01297
0.866533
0.918621
0.943476
1.12626
0.989129
0.885081
0.841285
0.897691
0.819689
1.07879
0.843422
0.905139
0.98235
0.859274
0.939356
1.0648
0.860086
0.8192
0.834062
0.850098
1.29459
0.873907
1.12866
1.01494
0.94664
0.945148
0.820399
0.915097
1.04503
0.953353
0.986046
0.819689
0.821621
1.00253
1.27795
0.8192
0.819689
0.832341
1.04122
0.8192
0.824233
1.18311
0.824954
0.857603
0.99905
0.938572
0.855534
0.930815
0.868769
1.03438
1.59804
0.829866
0.843554
0.821735
0.840921
0.953174
0.827537
0.819689
0.828822
1.23058
0.97346
0.836467
1.0442
0.8236
0.823259
0.831596
0.921143
1.0057
0.820912
1.09438
0.866643
0.994115
1.18085
0.885699
0.864908
1.16712
1.21973
0.819689
1.07463
0.819689
0.819689
0.826087
0.822769
1.01361
1.17286
0.841272
0.842894
0.948643
0.819689
0.823341
0.819689
0.878704
0.891937
1.08113
1.10932
0.819689
0.936195
0.886212
0.92205
1.17554
0.958842
0.929463
1.14995
0.843542
1.02165
0.825584
0.888406
0.852406
0.85597
0.938194
0.99841
0.822989
0.830149
0.883374
0.823951
0.935013
1.27273
0.8328
0.984304
1.16717
1.00866
1.0221
1.10793
1.06376
0.837253
0.843709
0.819689
0.867456
0.90337
0.820887
1.23927
0.97028
0.886095
0.845595
0.845361
0.819689
0.989079
1.46923
0.853215
0.871705
0.848975
0.871816
0.822616
1.0447
0.820119
1.15086
0.985457
0.824495
0.952498
1.20189
0.8192
0.923961
1.09388
0.820011
0.822381
0.821746
0.918951
0.914814
0.85775
0.840786
0.819689
0.819689
0.881315
0.950488
0.857193
1.10988
1.37996
0.819689
1.18614
1.11092
0.8192
0.863848
0.819689
1.25362
1.28365
1.19885
0.916042
0.850475
1.09953
0.944621
0.823536
0.841665
1.56965
1.14258
0.97649
0.909775
0.982529
0.978466
0.819689
0.882818
1.24026
0.821602
0.869672
1.08593
0.819689
1.27106
0.865038
0.819689
0.8192
0.833719
1.10084
1.24288
1.13461
1.0386
1.06121
1.17219
1.04748
0.832749
1.06082
0.863168
0.866598
1.07177
0.848563
0.826959
0.923249
0.904904
0.819689
1.29513
1.13045
0.971153
0.942706
1.27467
0.829236
0.8192
0.8738
0.97709
0.819689
1.36907
0.861475
1.14157
0.825249
0.985836
0.859655
0.845333
0.86543
0.832125
1.01891
0.893066
0.98707
0.969745
0.851838
0.900243
0.819977
1.13298
0.8192
0.942792
0.831692
1.07032
1.16001
0.988889
0.859912
0.999738
1.04833
1.18055
1.06788
0.819689
1.12818
0.864952
1.21221
1.47236
0.907326
0.819689
0.822385
0.819689
0.819689
1.0356
0.819689
0.965218
0.826645
0.84676
0.900488
0.830075
1.11103
1.54727
0.820877
0.842701
1.00199
1.08556
1.13526
0.994029
1.27674
0.844614
0.935757
1.28463
0.824805
0.819689
0.886066
1.07881
0.884115
0.927954
0.962473
0.836984
0.94413
0.82915
0.909923
0.832514
0.831504
0.826017
1.01511
0.948533
1.20535
0.845032
0.841634
0.827098
0.873788
0.949621
1.29916
0.877809
0.827023
1.03139
0.823129
0.954842
0.885134
0.824802
0.819689
1.13912
1.32011
0.821356
0.831842
1.00835
0.915841
0.82219
0.821512
1.05334
1.32117
1.30292
0.819689
0.932665
0.8192
1.12955
1.09939
0.822415
0.980751
0.839771
0.837722
1.19602
1.41275
0.939913
1.00186
1.03659
1.0737
0.8192
0.838775
0.849612
1.00708
0.81973
0.819689
1.0862
1.17153
0.89888
0.822214
0.938873
1.1226
1.10522
0.831131
0.819689
0.819689
0.831983
0.850483
0.880039
1.16241
1.23695
0.840444
0.892278
0.976636
1.56599
1.15308
0.856898
0.922798
1.02209
0.994428
0.853586
0.939083
1.27897
1.34433
0.947986
1.72765
0.8192
1.21019
0.964911
0.845043
1.08885
0.9113
0.821063
0.819689
0.845018
0.826906
0.842229
0.919517
0.819689
0.847946
0.819689
1.29736
0.938303
0.877174
0.925628
1.19885
0.951365
0.971403
1.22947
1.14471
1.0686
0.819689
0.924111
0.929582
0.842769
1.26623
0.850924
0.841795
1.08454
1.19671
0.880253
1.01973
0.903696
0.850597
0.993536
1.0417
0.874487
1.1446
0.855597
0.989114
0.977797
0.951532
0.819689
0.819689
0.819689
0.819689
0.871844
0.896771
0.914761
1.27981
0.958473
1.01099
0.866921
0.82026
1.37874
1.04697
0.820459
1.07809
0.974448
0.833204
1.08613
1.03512
0.819689
0.921735
1.17469
0.894484
0.894703
0.822783
1.24435
0.8192
0.904174
1.04899
0.966319
1.23301
1.15796
0.911549
0.989936
0.901635
1.52628
0.994266
0.923894
0.819689
1.07901
0.881027
0.909449
0.8192
1.05144
0.91427
0.845545
0.837272
1.41562
1.05436
0.846214
0.965011
0.8774
0.902839
1.02602
1.24128
0.891991
0.82659
0.884481
0.893052
1.06122
0.923643
1.06864
0.904215
0.872066
0.84225
0.824458
0.910446
0.875934
0.97839
0.90768
0.885748
0.922217
0.84676
1.52617
0.877317
1.00841
0.889768
0.8192
0.941112
0.830109
0.834499
0.870014
0.870147
0.93551
0.819689
1.26478
0.990539
0.819689
0.887498
0.8192
0.92347
1.01154
0.827947
0.851525
0.852265
1.18873
0.847986
1.04414
0.96272
1.06686
0.833904
0.832507
1.14288
0.909354
0.835825
1.10932
1.00716
0.821958
1.31181
0.9425
0.8192
0.83338
0.917356
0.824583
1.64472
1.00696
0.823277
1.35481
0.903695
1.2794
1.29705
1.38364
1.23623
1.6002
0.826281
0.95866
0.893852
1.18644
1.24352
0.819689
0.825492
1.22415
0.82118
1.20108
0.984515
0.896099
1.01199
0.898181
1.10537
0.853817
0.819689
1.04893
1.06105
0.825965
0.835711
1.01
1.13326
1.00486
0.82688
0.864417
1.07639
0.86234
1.12925
1.01269
0.8192
0.850689
0.926568
1.03713
1.03923
0.865692
0.885464
1.24383
1.20362
0.834715
0.831708
1.18318
0.837576
0.951331
1.07351
0.819689
0.959935
0.82324
0.837945
1.06179
1.16091
1.06841
1.22878
1.22609
0.86627
1.10503
0.858872
0.850258
0.989758
1.34001
0.823353
1.03985
0.819689
0.92789
0.997899
0.919565
1.02855
0.862232
0.864837
1.07745
1.07307
0.819689
0.845514
0.93312
0.8192
1.13809
0.829664
0.884474
1.19546
1.00711
1.31011
0.846839
0.885821
0.868596
0.829532
0.993593
0.819689
1.19893
0.830469
0.999495
1.08054
1.02611
0.819689
0.877116
0.886844
1.17705
0.856573
0.822778
0.844771
0.9003
0.832087
0.951019
1.12995
1.16323
0.944391
0.827643
1.39139
0.836755
1.1837
0.864973
0.867405
0.947258
1.03975
1.06236
1.03767
0.8192
1.51274
0.917371
0.820857
0.8192
0.880794
1.0281
0.822445
0.820374
0.99443
0.85641
0.93988
0.92777
0.821293
1.77337
0.840877
1.00103
1.48429
0.901632
0.8192
0.964309
1.35387
0.912242
1.12869
0.85057
1.134
1.1452
0.824676
0.819689
1.36207
0.922492
0.822604
0.825663
0.819689
1.65186
1.01382
0.819689
0.940104
0.850266
0.863588
1.05585
1.23385
1.24026
0.844957
0.941668
0.821344
1.11976
0.856112
0.840803
1.0383
1.07276
1.25862
1.20492
0.927085
1.27522
0.921708
0.870514
0.819689
1.19791
0.912898
1.43778
0.893845
1.11837
0.866958
1.22498
0.934615
1.15166
0.878167
0.844066
1.23367
0.991357
0.819689
0.957265
0.819689
0.946998
0.959627
1.16726
1.04478
1.30839
0.823127
1.12595
1.02429
1.20684
0.846207
0.865294
0.962043
0.917284
0.93104
0.819689
1.07539
1.06263
0.865897
0.878161
0.927121
1.1606
1.04874
1.06501
0.856533
0.847286
1.04127
0.8192
0.85139
