0
0
0
0
0
0
0
0
0
0
0
0
0
0
0
0
0
0
0
0
0
0
0
0
0
0
0
0
0
0
0
0
0
0
0
0
0
0
0
0
0
0
0
0
0
0
0
0
0
0
0
0
0
0
0
0
0
0
0
0
0
0
0
0
0
0
0
0
0
0
0
0
0
0
0
0
0
0
0
0
0
0
0
0
0
0
0
0
0
0
0
0
0
0
0
0
0
0
0
0
0
0
0
0
0
0
0
0
0
0
0
0
0
0
0
0
0
0
0
0
0
0
0
0
0
0
0
0
0
0
0
0
0
0
0
0
0
0
0
0
0
0
0
0
0
0
0
0
0
0
0
0
0
0
0
0
0
0
0
0
0
0
0
0
0
0
0
0
0
0
0
0
0
0
0
0
0
0
0
0
0
0
0
0
0
0
0
0
0
0
0
0
0
0
0
0
0
0
0
0
0
0
0
0
0
0
0
0
0
0
0
0
0
0
0
0
0
0
0
0
0
0
0
0
0
0
0
0
0
0
0
0
0
0
0
0
0
0
0
0
0
0
0
0
0
0
0
0
0
0
0
0
0
0
0
0
0
0
0
0
0
0
0
0
0
0
0
0
0
0
0
0
0
0
0
0
0
0
0
0
0
0
0
0
0
0
0
0
0
0
0
0
0
0
0
0
0
0
0
0
0
0
0
0
0
0
0
0
0
0
0
0
0
0
0
0
0
0
0
0
0
0
0
0
0
0
0
0
0
0
0
0
0
0
0
0
0
0
0
0
0
0
0
0
0
0
0
0
0
0
0
0
0
0
0
0
0
0
0
0
0
0
0
0
0
0
0
0
0
0
0
0
0
0
0
0
0
0
0
0
0
0
0
0
0
0
0
0
0
0
0
0
0
0
0
0
0
0
0
0
0
0
0
0
0
0
0
0
0
0
0
0
0
0
0
0
0
0
0
0
0
0
0
0
0
0
0
0
0
0
0
0
0
0
0
0
0
0
0
0
0
0
0
0
0
0
0
0
0
0
0
0
0
0
0
0
0
0
0
0
0
0
0
0
0
0
0
0
0
0
0
0
0
0
0
0
0
0
0
0
0
0
0
0
0
0
0
0
0
0
0
0
0
0
0
0
0
0
0
0
0
0
0
0
0
0
0
0
0
0
0
0
0
0
0
0
0
0
0
0
0
0
0
0
0
0
0
0
0
0
0
0
0
0
0
0
0
0
0
0
0
0
0
0
0
0
0
0
0
0
0
0
0
0
0
0
0
0
0
0
0
0
0
0
0
0
0
0
0
0
0
0
0
0
0
0
0
0
0
0
0
0
0
0
0
0
0
0
0
0
0
0
0
0
0
0
0
0
0
0
0
0
0
0
0
0
0
0
0
0
0
0
0
0
0
0
0
0
0
0
0
0
0
0
0
0
0
0
0
0
0
0
0
0
0
0
0
0
0
0
0
0
0
0
0
0
0
0
0
0
0
0
0
0
0
0
0
0
0
0
0
0
0
0
0
0
0
0
0
0
0
0
0
0
0
0
0
0
0
0
0
0
0
0
0
0
0
0
0
0
0
0
0
0
0
0
0
0
0
0
0
0
0
0
0
0
0
0
0
0
0
0
0
0
0
0
0
0
0
0
0
0
0
0
0
0
0
0
0
0
0
0
0
0
0
0
0
0
0
0
0
0
0
0
0
0
0
0
0
0
0
0
0
0
0
0
0
0
0
0
0
0
0
0
0
0
0
0
0
0
0
0
0
0
0
0
0
0
0
0
0
0
0
0
0
0
0
0
0
0
0
0
0
0
0
0
0
0
0
0
0
0
0
0
0
0
0
0
0
0
0
0
0
0
0
0
0
0
0
0
0
0
0
0
0
0
0
0
0
0
0
0
0
0
0
0
0
0
0
0
0
0
0
0
0
0
0
0
0
0
0
0
0
0
0
0
0
0
0
0
0
0
0
0
0
0
0
0
0
0
0
0
0
0
0
0
0
0
0
0
0
0
0
0
0
0
0
0
0
0
0
0
0
0
0
0
0
0
0
0
0
0
0
0
0
0
0
0
0
0
0
0
0
0
0
0
0
0
0
0
0
0
0
0
0
0
0
0
0
0
0
0
0
0
0
0
0
0
0
0
0
0
0
0
0
0
0
0
0
0
0
0
0
0
0
0
0
0
0
0
0
0
0
0
0
0
0
0
0
0
0
0
0
0
0
0
0
0
0
0
0
0
0
0
0
0
0
0
0
0
0
0
0
0
0
0
0
0
0
0
0
0
0
0
0
0
0
0
0
0
0
0
0
0
0
0
0
0
0
0
0
0
0
0
0
0
0
0
0
0
0
0
0
0
0
0
0
0
0
0
0
0
0
0
0
0
0
0
0
0
0
0
0
0
0
0
0
0
0
0
0
0
0
0
0
0
0
0
0
0
0
0
0
0
0
0
0
0
0
0
0
0
0
0
0
0
0
0
0
0
0
0
0
0
0
0
0
0
0
0
0
0
0
0
0
0
0
0
0
0
0
0
0
0
0
0
0
0
0
0
0
0
0
0
0
0
0
0
0
0
0
0
0
0
0
0
0
0
0
0
0
0
0
0
0
0
0
0
0
0
0
0
0
0
0
0
0
0
0
0
0
0
0
0
0
0
0
0
0
0
0
0
0
0
0
0
0
0
0
0
0
0
0
0
0
0
0
0
0
0
0
0
0
0
0
0
0
0
0
0
0
0
0
0
0
0
0
0
0
0
0
0
0
0
0
0
0
0
0
0
0
0
0
0
0
0
0
0
0
0
0
0
0
0
0
0
0
0
0
0
0
0
0
0
0
0
0
0
0
0
0
0
0
0
0
0
0
0
0
0
0
0
0
0
0
0
0
0
0
0
0
0
0
0
0
0
0
0
0
0
0
0
0
0
0
0
0
0
0
0
0
0
0
0
0
0
0
0
0
0
0
0
0
0
0
0
0
0
0
0
0
0
0
0
0
0
0
0
0
0
0
0
0
0
0
0
0
0
0
0
0
0
0
0
0
0
0
0
0
0
0
0
0
0
0
0
0
0
0
0
0
0
0
0
0
0
0
0
0
0
0
0
0
0
0
0
0
0
0
0
0
0
0
0
0
0
0
0
0
0
0
0
0
0
0
0
0
0
0
0
0
0
0
0
0
0
0
0
0
0
0
0
0
0
0
0
0
0
0
0
0
0
0
0
0
0
0
0
0
0
0
0
0
0
0
0
0
0
0
0
0
0
0
0
0
0
0
0
0
0
0
0
0
0
0
0
0
0
0
0
0
0
0
0
0
0
0
0
0
0
0
0
0
0
0
0
0
0
0
0
0
0
0
0
0
0
0
0
0
0
0
0
0
0
0
0
0
0
0
0
0
0
0
0
0
0
0
0
0
0
0
0
0
0
0
0
0
0
0
0
0
0
0
0
0
0
0
0
0
0
0
0
0
0
0
0
0
0
0
0
0
0
0
0
0
0
0
0
0
0
0
0
0
0
0
0
0
0
0
0
0
0
0
0
0
0
0
0
0
0
0
0
0
0
0
0
0
0
0
0
0
0
0
0
0
0
0
0
0
0
0
0
0
0
0
0
0
0
0
0
0
0
0
0
0
0
0
0
0
0
0
0
0
0
0
0
0
0
0
0
0
0
0
0
0
0
0
0
0
0
0
0
0
0
0
0
0
0
0
0
0
0
0
0
0
0
0
0
0
0
0
0
0
0
0
0
0
0
0
0
0
0
0
0
0
0
0
0
0
0
0
0
0
0
0
0
0
0
0
0
0
0
0
0
0
0
0
0
0
0
0
0
0
0
0
0
0
0
0
0
0
0
0
0
0
0
0
0
0
0
0
0
0
0
0
0
0
0
0
0
0
0
0
0
0
0
0
0
0
0
0
0
0
0
0
0
0
0
0
0
0
0
0
0
0
0
0
0
0
0
0
0
0
0
0
0
0
0
0
0
0
0
0
0
0
0
0
0
0
0
0
0
0
0
0
0
0
0
0
0
0
0
0
0
0
0
0
0
0
0
0
0
0
0
0
0
0
0
0
0
0
0
0
0
0
0
0
0
0
0
0
0
0
0
0
0
0
0
0
0
0
0
0
0
0
0
0
0
0
0
0
0
0
0
0
0
0
0
0
0
0
0
0
0
0
0
0
0
0
0
0
0
0
0
0
0
0
0
0
0
0
0
0
0
0
0
0
0
0
0
0
0
0
0
0
0
0
0
0
0
0
0
0
0
0
0
0
0
0
0
0
0
0
0
0
0
0
0
0
0
0
0
0
0
0
0
0
0
0
0
0
0
0
0
0
0
0
0
0
0
0
0
0
0
0
0
0
0
0
0
0
0
0
0
0
0
0
0
0
0
0
0
0
0
0
0
0
0
0
0
0
0
0
0
0
0
0
0
0
0
0
0
0
0
0
0
0
0
0
0
0
0
0
0
0
0
0
0
0
0
0
0
0
0
0
0
0
0
0
0
0
0
0
0
0
0
0
0
0
0
0
0
0
0
0
0
0
0
0
0
1.1625
1.15629
1.58353
1.03541
1.01507
1.01103
0.999024
1.00618
0.999979
1.09171
1.05044
1.00476
0.999024
1.00132
1.21279
1.00096
1.19471
0.999979
1.01282
1.01228
1.0085
1.0687
1.01743
1.28544
1.33499
1.5728
1.12872
1.15937
1.46979
1.13447
1.00776
0.999024
1.10721
1.10943
1.19077
1.02634
1.04096
1.00298
1.30552
1.00081
0.999979
1.0646
1.05147
0.999979
0.999024
1.00345
1.00132
1.35734
1.01593
0.999024
1.55946
1.01305
1.08578
0.999024
1.06299
1.28446
1.21912
1.01834
1.00345
1.00255
1.06664
1.04199
1.37168
1.00749
1.25774
1.22415
1.0021
0.999024
1.11149
1.04644
0.999024
1.00866
1.00421
1.10967
1.0721
1.00732
1.31465
1.00141
1.00332
0.999979
1.64662
1.20563
1.01232
1.09746
1.25959
1.45589
1.01991
1.15137
1.28181
1.01578
1.09506
1.02364
1.38136
0.999024
1.28101
1.32518
1.29105
1.21409
1.06085
1.12033
0.999024
1.03145
1.03197
1.31598
1.18307
0.999024
0.999024
1.19123
0.999979
1.00338
1.00015
1.14546
1.02655
1.16561
0.999979
1.29401
1.0297
1.04586
1.11017
1.04977
0.999024
0.999024
1.1418
1.10785
0.999979
0.999024
1.17989
1.13341
0.999979
1.23652
0.999979
0.999024
1.06974
1.20782
1.01621
1.03459
1.2282
1.26523
1.03525
1.19167
0.999979
1.00367
1.34519
1.17173
1.00299
1.22336
1.01758
1.01742
1.2082
1.18505
1.00674
1.05154
1.00487
1.19426
1.03146
1.0774
1.27817
0.999024
0.999979
1.05804
1.00399
0.999024
0.999024
0.999024
1.10093
0.999024
0.999024
1.02846
1.00008
1.00495
1.14443
1.13797
1.08378
0.999024
1.19413
1.28421
1.04662
1.00933
1.06882
1.43697
0.999979
1.18988
0.999024
1.19271
1.07955
1.13359
1.32812
1.06535
1.61534
1.22941
1.00211
1.0847
1.11542
1.12491
1.66991
0.999024
1.05684
1.14779
1.24127
1.01153
0.999024
1.09931
1.00033
1.13707
0.999024
1.23125
1.02463
1.34563
1.14549
1.08341
1.32146
1.24235
1.02025
1.05075
0.999024
1.13408
1.01278
0.999979
1.1296
1.0373
1.00912
1.00829
1.0496
1.09538
1.00163
1.32452
1.30816
1.16982
1.30834
1.2047
0.999979
1.02553
0.999979
1.00139
1.384
0.999024
1.19619
1.06044
1.0255
0.999024
1.31608
0.999979
1.00579
0.999979
0.999024
1.23542
1.48241
0.999024
1.19686
1.00346
0.999024
1.02076
0.999979
1.05042
1.24472
1.21815
0.999024
1.05105
1.13219
1.02082
1.12887
0.999024
1.20625
1.23825
1.11444
1.41744
0.999024
1.10944
1.06935
1.03276
1.11419
1.00611
1.48419
1.01316
0.999024
1.24008
1.16886
0.999024
1.00618
0.999024
1.04051
1.28016
1.00159
1.12053
0.999979
0.999979
1.09651
1.01733
1.14106
1.03297
1.18035
1.04286
1.02312
0.999024
1.13889
1.02747
1.27763
0.999979
1.00462
1.1085
1.001
1.11677
1.0279
1.17523
0.999024
1.39616
1.58067
1.09765
1.06977
0.999979
1.05279
1.40521
0.999024
1.16985
1.00915
1.00717
0.999024
1.06045
1.00047
1.20984
1.501
1.44861
0.999979
1.07983
1.00258
0.999979
0.999024
0.999024
1.37999
1.49336
1.13442
1.00199
1.10138
1.02572
0.999024
1.15893
1.10531
1.25352
0.999024
0.999024
1.00382
1.11301
1.21339
1.00631
1.24657
1.06607
1.19658
1.1112
1.04812
1.00396
1.00128
1.05626
1.05692
1.30869
1.08213
0.999979
1.07374
1.02546
1.14435
1.00156
1.00434
1.03242
1.09715
1.01349
1.01053
1.11115
1.00397
1.06216
1.03787
0.999024
1.0683
1.24105
1.26858
1.01816
1.2242
1.0377
1.01193
1.00212
1.07713
1.15
1.14595
1.00245
0.999979
1.00107
0.999024
1.00162
1.26084
1.15761
0.999024
1.1729
0.999024
0.999024
1.11992
1.06435
1.01381
0.999024
0.999024
1.29168
1.00002
1.42684
0.999979
1.39004
1.37908
0.999024
1.05684
1.01028
0.999024
0.999024
0.999983
1.02025
0.999024
1.00278
1.0082
1.03374
1.27043
1.24693
1.00572
1.00518
1.04082
1.21282
1.05515
0.999024
1.01817
1.22135
1.0072
1.18185
1.48246
1.36049
1.03592
1.03435
1.20509
1.18671
1.00204
1.01366
1.06621
0.999024
1.1338
0.999979
1.19983
1.10663
1.41151
1.04379
1.08148
1.0001
1.28393
1.49157
1.5873
0.999024
1.08579
1.07049
1.01393
0.999024
0.999024
1.00599
1.25818
0.999024
1.13212
0.999979
1.29689
1.00094
1.05316
1.25983
1.07021
1.01354
1.12046
1.00885
1.00271
1.11545
1.21047
1.27928
1.12185
1.21839
0.999979
0.999979
0.999979
0.999024
1.04821
1.16667
1.01917
1.20258
1.00546
0.999024
1.05365
1.42289
1.04133
1.22016
1.39783
1.02761
1.00001
0.999979
1.04833
1.29614
1.01966
1.11092
1.03756
1.05138
0.999979
1.02017
1.08852
0.999024
1.01288
1.00963
1.0244
1.02184
0.999024
0.999979
1.0459
1.05197
1.07399
1.23121
0.999024
1.02799
1.01083
1.08587
0.999979
1.23645
1.0141
1.03276
0.999024
1.27168
0.999024
1.08965
0.999024
0.999979
1.00457
1.22993
1.03935
1.04822
1.03412
1.29531
1.08215
1.02277
1.15971
0.999024
1.07213
1.45336
1.07874
1.1845
1.13262
1.13416
1.02921
1.16851
1.00826
1.08495
1.06969
1.0319
1.02834
1.13979
1.10814
1.01173
1.31559
1.41254
1.07943
1.00306
1.01275
1.02974
1.15995
0.999979
1.02752
1.06275
1.2819
1.00053
1.20915
1.00869
0.999986
1.1843
1.20221
1.06866
1.00191
1.07197
1.45037
1.2832
1.2249
1.0971
1.07296
1.01867
1.16911
1.11727
1.00894
1.00602
0.999024
1.0566
0.999024
0.999024
1.19678
1.03658
1.0088
1.05226
1.1073
1.02505
1.29009
1.02196
1.00175
0.999979
1.00143
1.2358
1.00282
1.01239
1.0001
1.01878
1.19341
1.04982
1.00215
1.07846
1.00433
1.02967
0.999024
1.0261
1.08165
0.999024
1.13188
1.04202
1.06925
1.00337
1.32009
0.999024
1.276
1.09012
1.11485
0.999979
1.05873
1.17607
0.999024
1.10584
0.999024
0.999979
1.11086
0.999024
0.999024
1.03988
1.16065
1.03505
1.03017
0.999024
0.999024
1.02132
1.02999
0.999024
1.09218
1.39662
0.999979
1.00109
0.999024
1.03182
0.999979
1.00168
1.05729
0.999024
1.10333
1.06064
1.01547
0.999979
1.01081
1.37005
1.0737
0.999024
0.999979
1.08638
1.06546
1.1398
1.02438
1.00041
1.18141
1.0028
1.08599
1.09178
1.09321
0.999979
1.01696
0.999979
1.00018
1.04208
0.999979
0.999979
0.999024
0.999979
0.999024
1.34655
1.00487
1.26713
1.42244
1.04525
1.0736
1.0569
1.23175
1.12227
1.00117
1.24504
1.00335
1.02833
1.26432
1.11756
1.00161
1.00337
1.09511
1.0067
1.17758
1.00749
1.0142
1.13957
1.0258
1.01724
1.10633
0.999979
1.00356
0.999024
1.07231
1.24662
1.00346
0.999024
1.02511
1.13269
0.999979
1.11954
1.01976
0.999024
1.19398
1.24123
0.999024
0.999979
1.02785
0.999024
1.01165
0.999024
1.00836
1.09294
1.0994
1.01094
1.10649
1.04199
1.37861
1.03748
1.00528
1.00222
1.06601
1.25468
1.15309
1.05473
1.00401
1.1893
1.01299
1.00707
0.999979
1.10362
1.00333
0.999024
1.03374
1.59704
1.00075
1.02264
1.06127
1.0128
0.999024
1.6278
1.36647
0.999024
1.1338
1.12877
1.11057
1.20914
1.04398
0.999024
1.13988
1.00386
1.0005
1.27565
1.01951
1.00488
1.43621
1.43847
0.999024
1.14883
1.027
1.33831
0.999024
1.13606
1.15974
1.15019
1.20674
0.999979
1.02008
0.999024
1.02599
0.999024
1.0286
0.999024
0.999024
1.43133
0.999024
1.16734
1.06029
1.0027
0.999024
1.00496
0.999024
0.999024
1.01502
1.26266
0.999024
0.999979
1.00021
1.33336
1.01547
1.05154
1.48385
1.07191
1.37654
1.00374
0.999989
1.24561
1.10208
1.19552
1.00166
1.00047
1.03516
1.39117
1.07604
1.15038
1.07965
1.16824
1.07422
1.07177
1.25452
1.05034
1.056
0.999024
1.07885
1.06243
1.00387
1.20161
1.00215
1.07447
1.44617
1.13902
1.06439
1.0092
1.00154
1.03675
1.02843
1.25748
1.23282
0.999024
1.16522
1.0002
1.43369
1.02209
1.08262
0.999024
0.999979
1.27107
1.30413
1.06668
0.999024
1.27615
1.01015
1.07728
1.14812
1.00712
1.03211
1.32999
1.15223
1.41237
0.999979
1.04784
0.999024
1.02616
1.16215
0.999979
1.30528
1.01398
0.999024
1.04249
1.00253
1.0614
1.00131
0.999979
1.22205
0.999024
1.00328
1.07373
1.0321
1.20787
0.999024
1.01851
1.08912
1.46428
1.21902
1.11928
0.999024
0.999024
1.0013
0.999979
1.13634
1.04261
1.49318
1.05257
1.33112
1.10379
0.999979
0.999024
1.02642
1.08633
1.54252
1.01839
1.00135
0.999024
1.01998
1.17332
0.999979
0.999024
1.1543
1.00334
1.01454
1.05621
1.22035
0.999024
1.00575
1.19033
1.00025
1.00218
1.11988
1.03199
1.48842
1.43095
1.01512
1.00308
1.00628
0.999979
1.18157
1.39895
0.999024
1.16011
1.15748
1.00803
1.30156
1.05263
1.00817
1.34146
1.06102
1.00032
1.00957
1.01309
1.18496
1.10461
1.19757
1.0765
0.999024
1.26313
1.08684
1.06001
1.11173
1.00841
1.02507
1.0022
1.23952
1.02117
0.999024
1.0278
1.00749
1.05569
1.01816
1.00661
1.12826
1.00225
1.00169
0.999024
1.02656
1.00243
1.07154
1.04091
1.02873
1.05677
1.0206
1.23999
1.06073
1.24286
1.00003
1.22554
0.999024
1.10232
1.00284
1.47194
1.12651
0.999979
1.0153
0.999024
1.08736
1.04859
1.09189
1.00313
0.999024
1.00892
1.02355
1.07028
1.46005
1.03019
1.10905
0.999979
1.20652
0.999979
0.970764
0.947187
0.800439
0.807199
1.09717
1.2319
0.88069
1.46551
0.803258
0.803915
0.999282
0.849338
0.802807
0.799697
0.803849
0.920952
1.07037
0.836886
1.24707
0.808591
0.804545
1.05489
0.799219
1.14202
0.862911
1.25835
1.3399
1.39994
0.859269
0.805063
1.03176
1.10182
0.819465
1.32534
0.990341
1.13137
0.986212
0.80891
0.888763
0.810051
0.94873
0.898608
0.937579
0.881542
0.823468
0.832746
1.1596
0.835477
0.831179
0.984395
0.883225
0.799219
0.843133
1.11508
0.811465
0.951301
1.40483
0.835844
0.8452
0.867692
0.800247
1.08703
0.961463
0.977339
1.29723
0.799697
0.996528
0.995748
0.801646
0.929238
1.28931
1.37195
0.842885
0.877442
0.992238
0.950726
1.24422
1.09441
0.860926
1.05335
0.799697
1.07103
0.889096
0.956864
0.813708
0.853779
0.940027
1.19592
0.808576
0.850957
0.837086
0.814106
1.14842
1.4533
0.822585
1.02357
1.16104
0.996664
1.04301
0.923961
0.834243
0.894724
0.802358
0.865086
0.800288
0.827748
0.904775
0.801378
0.884001
0.802506
0.799697
1.3817
0.828271
1.14222
1.0396
0.8313
0.817758
1.24864
1.11114
0.799697
0.889785
0.974609
0.818528
1.03622
1.145
1.03076
0.865211
0.803635
0.874192
0.814111
1.1666
0.981802
0.799697
0.853967
1.01864
0.893673
1.29342
0.840926
1.09173
1.29661
0.897621
0.985429
1.17026
0.826995
1.25657
0.93711
0.799219
0.828215
0.8087
0.817726
0.865591
0.822786
0.978537
1.29358
0.885342
0.866158
0.799219
0.811673
1.26827
0.95193
0.809486
0.991599
0.814516
1.24135
0.840774
1.03417
1.01889
0.833811
0.804494
1.00823
0.821295
0.830555
1.23625
0.827997
0.92682
1.20187
1.2663
0.855129
1.61127
1.17739
0.996014
1.40271
0.818019
0.934075
0.936498
1.07849
0.889752
1.23314
1.09681
0.966525
0.808387
1.0533
1.3936
1.23662
0.907662
0.799697
0.949058
0.799219
1.01309
0.885186
0.830177
0.806916
0.921246
0.859644
0.801906
0.831377
1.08286
0.88131
1.03624
1.24977
0.800914
0.94498
0.799219
1.15852
1.03074
0.822418
1.1016
0.883273
0.89243
0.968673
0.935524
1.21463
0.822254
0.813366
0.799697
0.903547
0.828619
0.849171
0.82853
1.35042
1.50629
1.03312
1.07833
1.00158
0.831656
0.871879
1.06931
1.02916
1.19673
1.09891
0.887226
0.885664
0.822428
0.824273
0.841372
0.858168
0.908278
0.85637
0.814265
0.948213
1.05344
1.23394
0.992476
1.15598
0.954183
1.03976
0.863171
0.818259
0.966873
0.978199
1.04501
0.8934
0.799697
1.2723
0.810199
1.27104
0.799219
0.799219
1.34107
0.799697
0.833596
0.978584
0.884566
0.806808
0.929915
0.896644
1.17822
0.799697
1.21392
0.854926
1.45457
1.11678
0.807398
0.85693
0.840964
1.35986
0.833267
1.16823
1.00744
0.831461
0.923555
1.2124
0.89175
0.810374
0.809725
0.889016
1.09052
1.24985
0.832477
0.990087
1.22418
0.910709
0.855327
0.826611
0.806867
1.23905
0.799697
1.27162
0.799219
0.805046
0.844937
0.908271
0.831276
1.19746
0.823022
0.954383
0.976855
1.10967
1.40724
1.00447
1.36447
0.802599
0.964285
0.805232
0.876699
0.996111
0.824401
0.806106
0.837938
1.07341
0.993628
1.44078
0.827264
0.810935
1.07502
0.803914
0.824206
0.84996
0.893637
1.01615
1.00975
0.849586
0.909628
1.33066
0.900899
1.04544
1.01402
0.852486
1.06956
1.11483
0.816179
0.799219
1.29077
1.19613
0.83934
0.799697
0.890763
0.828647
0.810569
0.843157
0.799697
0.893915
0.899371
1.12072
0.822898
0.964886
0.897423
0.950718
0.866323
0.83425
1.11985
0.903546
0.849515
1.19199
1.03687
0.969767
0.812067
0.799219
1.0215
1.07996
1.3294
0.80081
0.871348
0.86286
0.916492
0.960676
0.814347
0.799697
1.14725
1.36372
0.915699
1.17441
1.40432
0.799697
0.885523
1.01745
0.825378
1.02486
1.03516
0.799219
0.898958
0.8185
0.808295
0.849295
0.958019
0.81874
1.37029
0.852221
0.814614
0.827288
0.952684
0.988131
0.865638
0.800382
0.857018
0.809918
1.053
0.837836
0.959935
0.801615
0.82185
0.922157
1.00641
0.815938
0.873534
1.0723
0.8211
1.08273
0.91388
0.8547
1.2361
0.836289
1.37769
1.0988
0.976864
0.978312
0.931092
0.801763
0.934615
0.856817
0.799219
1.46234
0.844469
0.82515
0.807416
0.912965
0.8009
0.810966
0.889481
0.8232
0.934639
1.4082
0.802439
1.04627
1.16623
0.799697
0.801099
0.875688
1.32298
0.799697
1.13819
1.10831
0.906064
1.24497
0.893909
0.810598
0.839528
0.799697
0.882511
0.826816
0.799219
0.801134
0.957648
1.0055
0.918389
1.26596
1.07784
0.902844
0.799219
0.830012
1.1506
1.11286
0.835933
0.81368
0.820852
0.936348
0.986766
1.21336
0.870067
0.80476
0.799219
0.906147
1.43073
0.799697
0.881617
0.882846
0.821631
1.08027
1.02725
1.10132
0.799697
0.799219
0.816553
0.800145
0.811101
0.850058
1.05756
0.911199
1.2962
1.32027
0.957842
0.863388
1.03
0.959377
0.799219
0.823133
1.18696
0.824568
0.940661
0.825473
0.916924
1.11206
0.799697
1.03252
1.04712
1.18678
0.894218
0.947475
0.888116
0.940191
1.51314
0.954058
0.806659
1.33987
1.1342
0.895831
0.908912
0.864318
0.99062
0.799697
0.918195
0.981625
0.832665
0.828787
1.1904
1.23609
0.883705
0.80407
0.815447
0.839667
0.949599
0.97831
1.08592
0.995395
0.813401
0.80539
1.1095
0.838769
1.33122
0.909278
1.1537
1.20226
0.852264
1.02223
1.05726
0.826607
1.25969
1.0149
1.05116
1.19802
1.01901
1.01767
0.810654
0.87264
1.07642
1.13341
1.0372
1.09831
0.869545
0.968759
0.810613
0.810415
1.1049
0.799697
1.29367
1.14778
1.0515
0.974248
1.11629
0.876271
1.31657
1.05979
0.799219
0.814003
1.13189
0.865249
1.26618
0.884666
0.799219
0.799697
1.25084
0.822561
0.801195
0.808695
0.962122
1.12987
0.957195
1.30579
0.809881
0.895051
1.10772
0.817078
0.945231
0.857505
1.00282
0.915036
0.823626
0.799697
1.10422
0.824586
0.871387
0.80163
0.825164
0.927489
1.04994
1.25253
1.22731
1.44789
0.803746
0.849524
0.853764
0.913263
0.799697
0.854293
0.852172
0.802591
0.799219
0.867002
0.868771
1.2712
1.22027
0.799219
0.881622
0.803833
0.807807
0.802068
0.875235
0.975929
0.854846
0.821023
1.09806
1.24741
0.850441
1.00289
0.948878
1.14309
1.01058
0.932254
0.867143
1.14386
0.811035
0.821932
0.813076
0.87488
1.22198
0.923097
0.828217
0.867158
0.979892
0.802669
0.805888
1.08996
1.20856
0.929143
1.01702
0.856453
1.1971
1.01443
0.811393
1.14758
1.15873
0.963282
0.858647
0.84893
0.799697
0.799219
0.813427
0.984092
0.871323
0.966481
0.799219
1.12031
0.799697
0.919275
0.849724
0.871418
1.21045
0.819609
0.799697
1.11698
0.815092
0.799697
0.871205
1.07927
0.844765
0.92323
0.839493
1.0536
0.799697
0.947975
0.882098
0.909178
1.23999
0.879355
0.802373
0.93923
0.875166
1.06314
1.27992
1.20217
0.817808
1.12608
0.803731
1.29467
0.802442
0.83807
0.812022
0.834135
0.836672
0.996397
0.881994
0.80319
1.03219
0.815715
0.862699
0.836074
0.805884
0.979226
0.80399
0.821647
0.799741
1.04764
0.853472
0.95147
0.799697
0.803202
0.855974
0.799219
0.847717
0.799219
0.963885
0.906932
0.855223
1.17489
0.822911
1.29169
0.974278
0.847136
0.869214
0.814645
1.00432
0.800403
0.799697
0.884739
1.04088
0.893735
0.805355
0.839284
0.900255
0.933989
0.803189
0.799697
1.17302
0.886781
1.12105
1.10922
0.914181
0.829197
0.966804
1.63534
0.994179
0.799697
1.11513
0.917321
0.885678
0.799697
0.984209
0.799219
0.868161
0.86189
1.13517
0.829543
0.850331
0.888641
0.868237
0.857261
0.932084
0.888859
1.01269
0.810059
1.11688
0.799219
1.2665
1.10909
0.877208
0.916371
0.799697
0.832517
0.977704
0.956684
1.20977
0.811716
1.09905
0.86284
0.819822
0.801724
1.05646
0.809533
1.14124
0.913369
0.927604
0.884357
0.855987
1.07906
0.805654
1.18286
1.02705
0.830054
0.878812
0.799219
0.912492
0.801766
0.822787
0.813707
0.817732
0.811028
0.80648
0.799219
1.12293
1.02464
0.975701
1.05983
0.949196
1.33452
0.990799
0.922886
1.26676
0.812178
0.802541
1.01293
1.23312
0.811513
0.959348
1.01694
0.88856
1.14534
0.828085
0.836052
0.888306
0.961985
0.802589
0.977209
1.09333
1.27562
1.21275
0.850626
0.883957
0.833367
0.828877
0.831408
0.818889
0.828677
1.32592
0.963195
0.812536
1.04048
1.13903
1.0062
0.804242
0.811849
0.822553
1.09054
0.805237
1.20906
0.799697
0.874226
0.964848
0.898872
0.925672
0.880129
0.805724
0.965385
1.00157
0.834343
1.13819
0.801222
0.946491
0.985058
1.01405
1.03874
0.977527
0.842775
0.97826
1.16782
0.989962
1.19654
0.884352
0.862137
0.865987
0.802532
0.821132
0.809647
1.00528
0.811782
0.815933
0.825219
0.821912
1.05696
0.962722
0.842689
0.931189
0.981397
1.13818
1.16362
0.895952
0.812084
0.922417
1.12556
0.982568
0.973801
0.886482
0.928686
1.41876
1.14945
0.920717
0.805475
0.827431
0.952764
0.82354
0.873842
1.08587
1.31713
0.813108
0.920439
1.0296
1.01571
0.901123
1.19112
0.896372
0.933736
0.807399
1.23411
1.22596
1.05725
0.982734
1.23403
1.65746
1.24182
1.13611
0.844228
0.799219
1.42881
1.20056
1.03339
1.08181
0.810382
0.907422
0.911013
0.871616
1.25331
0.855816
1.41063
0.980526
0.828883
0.83888
0.836329
0.92136
0.916532
1.0667
0.853312
0.973467
0.949425
1.06961
0.886066
0.942142
0.923668
0.955746
0.804831
1.25877
1.08262
0.818541
0.866425
0.805203
0.883999
0.985033
1.14706
0.852833
0.934047
1.33786
0.813951
