1.3674
1.19588
0.999978
1.03208
1.03846
1.1117
1.03191
1.02439
1.01667
1.00162
0.999024
1.12777
1.00081
1.01315
1.05211
1.48927
1.1148
1.23816
1.15129
1.01455
1.18175
0.999024
1.12944
0.999978
1.00745
1.24102
1.01567
1.17642
1.16696
0.999978
1.00308
0.999024
1.14636
0.999024
1.26409
1.2684
1.42219
0.999024
0.999024
1.00551
1.01164
1.0727
0.999024
0.999024
1.01784
1.029
1.00117
0.999978
1.04513
1.09112
1.18851
0.999024
1.15763
1.02864
1.11817
0.999024
1.18711
1.13
1.0462
1.01849
1.51391
1.0442
1.1369
1.04669
1.06581
1.07775
0.999978
0.999978
0.999978
1.25057
1.01876
1.08819
1.16747
1.05147
0.999024
1.0061
1.35151
0.999024
0.999978
0.999978
0.999978
0.999978
1.04327
1.20135
1.05215
1.05578
0.999024
1.12281
1.00079
1.01405
1.14153
1.05849
0.999978
0.999024
0.999978
1.02031
1.00441
0.999978
0.999024
1.09481
1.13083
0.999024
1.19932
1.25412
0.999024
1.09102
1.17612
0.999978
1.49894
0.999978
0.999024
1.21433
0.999024
1.01806
0.999024
1.079
1.17987
1.33637
0.999978
0.999978
1.02378
0.999024
0.999024
1.42381
1.21219
1.23866
1.18653
0.999024
1.10432
0.999024
0.999978
1.00111
0.999024
1.05291
0.999978
0.999024
1.01191
0.999024
1.16633
0.999024
1.00266
0.999024
1.00981
1.0509
1.00516
1.11588
1.23138
0.999024
0.999024
1.01939
1.34066
0.999024
1.08616
1.23358
1.02342
0.999024
1.12717
0.999978
1.08601
0.999024
1.02919
1.00398
1.07676
1.01763
1.03296
0.999978
1.10833
1.05262
1.03753
1.26325
0.999024
1.06195
0.999024
1.03559
1.03262
1.00004
1.07033
1.16309
1.24831
1.19606
0.999024
1.00866
1.0364
1.03526
0.999024
1.03629
0.999024
0.999024
1.06447
1.13483
1.04342
1.02748
0.999978
1.12177
0.999978
1.25985
0.999024
1.00663
1.24453
1.28228
0.999024
1.03203
1.01199
1.01473
1.0144
1.08491
0.999024
1.07211
0.999024
0.999024
1.02812
1.04881
1.24354
1.07754
1.08803
1.05795
0.999978
1.02861
1.04611
1.2088
0.999978
1.03687
1.13142
1.01955
1.17289
1.01262
1.07469
0.999024
1.12847
1.17272
1.00827
1.00981
1.04177
1.00439
1.01508
1.05675
1.09803
1.13034
1.07234
1.14112
0.999024
1.28827
0.999024
1.05379
1.01604
1.15469
1.00588
1.10605
0.999024
1.03443
1.21692
1.31171
1.00752
1.04325
1.0175
1.01054
1.06839
0.999024
1.01755
1.0059
0.999024
1.00079
1.00424
1.02858
1.0908
1.04058
0.999024
1.01109
1.20161
0.999024
0.999978
1.14828
1.04961
1.04028
1.01523
1.00879
1.01183
0.999024
1.06312
1.05913
1.00007
1.10277
0.999024
1.02042
0.999024
1.26272
1.20262
1.08037
0.999024
1.02957
1.00418
0.999024
0.999978
1.22812
1.01291
1.00415
0.999024
1.11942
1.02585
1.04801
1.00985
1.00953
1.01723
1.08793
0.999978
1.00118
1.20917
1.01415
1.31763
1.34657
1.09227
0.999024
1.02134
1.04071
1.00107
1.08206
0.999024
1.06532
1.04741
1.03726
0.999978
0.999024
1.00911
1.03878
1.00099
1.06029
0.999024
0.999978
1.02775
1.00149
1.05567
1.01565
1.03715
1.02704
0.999978
1.26302
1.04103
1.0198
1.27633
1.0102
1.06645
1.09498
1.08901
1.02499
1.03874
1.01493
1.21192
0.999024
1.13385
1.09891
0.999024
1.06676
0.999024
1.03995
1.00592
0.999024
0.999978
1.04062
1.08348
1.15986
0.999024
1.0425
1.0426
0.999978
1.00541
1.25594
1.15615
1.02512
0.999978
1.12323
1.07993
0.999978
0.999978
1.00362
1.0826
0.999024
1.04738
1.09697
1.03049
1.00086
1.00225
1.13889
1.00789
1.22426
1.01555
1.18369
0.999024
0.999024
1.01261
1.00087
1.03144
1.28265
1.0998
1.11852
1.16868
1.00984
1.02706
1.00102
1.22233
1.36906
1.04934
1.03896
1.01874
1.04769
1.03506
0.999978
1.10003
0.999024
1.19583
0.999024
1.03436
1.61873
1.0018
1.26613
1.41631
1.12804
0.999978
0.999978
1.03316
1.18675
0.999024
1.00834
1.47469
1.04678
1.00118
0.999024
1.00463
0.999024
1.03272
1.28431
0.999978
1.00104
1.22307
0.999978
1.01661
0.999024
0.999024
1.10761
1.00539
1.14944
1.00352
1.07042
1.01341
1.01489
1.12003
1.12008
0.999024
1.07881
1.13608
1.29503
0.999024
1.00273
1.61471
1.08692
1.00629
1.01739
0.999978
0.999024
1.08028
0.999978
0.999978
1.11084
1.02836
1.52331
1.22957
1.03893
1.15638
1.0459
0.999978
0.999024
1.16741
1.27911
1.00001
1.00533
1.06503
1.66402
1.22757
1.00511
1.01018
1.26867
1.00486
1.00069
0.999978
1.01546
1.06727
1.17474
0.999024
1.31351
1.00647
1.00439
1.41169
1.1698
1.03451
1.09482
0.999024
0.999024
1.24416
1.17777
0.999024
1.00189
1.02441
1.22514
1.03223
1.01949
0.999024
0.999024
1.00189
1.32489
0.999024
1.02287
1.02062
1.08863
0.999978
1.07306
1.04795
1.00282
1.28856
1.00086
1.00313
1.07467
1.20742
1.03135
0.999024
1.00169
1.13389
0.999024
1.18577
0.999978
0.999024
1.08715
1.13857
0.999024
1.05611
0.999024
1.22562
1.25499
1.00188
0.999024
1.28819
1.00196
1.07527
0.999978
0.999024
1.25567
0.999024
1.11407
0.999024
0.999978
1.30903
0.999978
1.02312
0.999024
0.999024
1.55856
1.34614
0.999978
1.01865
1.08591
1.01299
0.999024
1.00679
1.07976
1.04224
0.999978
0.999024
1.00286
1.28356
1.21668
1.5076
1.09028
0.999978
1.48142
1.28169
1.34093
0.999978
1.02208
1.15414
1.18106
1.07081
0.999024
1.0244
1.2484
0.999024
1.00427
0.999024
0.999978
1.02192
0.999978
1.24774
1.0101
0.999024
1.07292
1.0124
1.00834
1.1212
1.1901
1.00648
1.00297
1.04887
1.21551
1.10244
1.01586
1.0277
0.999024
1.04368
0.999024
1.17048
1.04097
1.19393
1.01283
1.06289
0.999024
1.19534
1.20754
1.01009
0.999024
0.999024
1.30919
1.00132
1.00985
1.0496
0.999978
1.02563
1.04615
1.12207
1.09734
1.12553
1.0008
0.999024
1.01005
1.10552
1.06435
1.00335
1.20523
1.00569
1.45828
1.02296
1.04558
0.999024
1.00288
1.16942
0.999024
1.02679
1.18599
1.05715
1.16706
1.0263
0.999978
0.999978
1.08205
1.01846
0.999024
1.00535
1.19676
0.999024
1.29841
1.16862
0.999024
1.20964
1.00505
1.04966
1.03283
1.18594
1.02756
1.01219
1.17825
1.43614
0.999024
1.04554
1.05579
1.04835
1.00106
1.13014
0.999978
1.00095
1.06501
1.13814
0.999978
0.999024
1.18078
1.04352
1.00126
1.04439
1.04811
1.13277
1.17828
0.999988
0.999978
1.00445
1.07013
1.29627
0.999024
1.41905
1.00521
1.01636
1.14208
1.04494
0.999024
1.05557
1.08103
1.10223
1.00118
1.15036
1.01597
1.00553
1.00187
1.00054
1.00659
1.08295
1.19773
0.999024
1.29913
1.16489
1.00778
1.02769
1.02852
1.03
0.999978
1.06316
1.00266
1.19352
1.00528
1.23104
1.01945
1.01492
1.0132
1.00755
1.00351
1.0222
1.04615
1.12514
1.08977
1.32593
0.999024
0.999024
1.04496
1.17043
1.315
1.02084
1.05906
1.05409
1.16507
1.16651
1.00769
1.00691
1.2557
1.20622
1.21138
1.06003
0.999024
1.41824
1.05542
1.03248
1.18415
1.06543
1.00143
1.00279
1.00128
1.06867
1.09859
0.999978
0.999024
1.19091
1.04038
1.16772
1.06082
1.16107
1.09789
0.999024
1.43132
1.07164
1.16844
1.50413
1.3265
0.999024
1.06525
1.00677
0.999024
0.999024
1.02055
1.1673
1.01763
1.08261
0.999024
1.06032
0.999024
1.05165
1.11031
1.05079
1.01261
0.999024
1.0013
0.999024
1.00404
1.15099
1.04559
1.14436
1.15011
1.13251
0.999978
0.999024
0.999978
1.00053
1.00709
1.28362
0.999978
1.14995
0.999024
1.026
1.07689
0.999978
1.10749
1.01508
1.12162
0.999024
0.999978
1.22074
0.999024
1.0029
0.999024
1.20418
1.16664
1.04801
1.01707
0.999978
1.00453
0.999024
1.07378
1.38369
1.02157
1.23585
0.999024
0.999978
1.18388
1.19321
0.999024
1.12893
0.999978
1.01728
1.41984
1.29422
1.01901
1.00094
0.999024
1.0059
1.06333
1.01403
1.10284
1.00275
1.05631
0.999024
1.0071
1.28819
1.00693
0.999024
1.02959
1.00764
1.0132
1.01056
1.27262
1.14221
0.999978
1.33939
1.00112
1.00013
1.10502
1.00097
1.31929
1.41584
1.02217
1.00374
1.11714
1.02107
1.01564
1.01122
1.00523
0.999024
0.999024
1.06285
1.00424
0.999024
1.19218
1.02994
1.05405
1.01713
1.14158
1.33152
1.04353
1.02646
1.24575
1.1332
1.00052
1.23741
1.01208
0.999024
1.04428
1.23788
1.18957
0.999978
0.999024
1.00688
1.10342
1.36328
1.04414
0.999024
0.999024
1.04144
0.999024
1.5993
1.4287
0.999978
0.999024
0.999024
0.999024
1.11367
1.19657
1.00357
0.999024
1.14865
1.18404
1.05567
1.23202
1.19487
1.36606
1.01354
1.02476
0.999024
0.999024
1.08282
1.06716
1.23467
1.01434
1.07259
1.08442
1.01245
1.00023
0.999024
0.999978
0.999024
1.00569
1.13137
0.999978
0.999024
1.00915
1.14833
1.02993
1.00211
1.1209
1.17725
1.15157
1.01876
0.999024
1.14498
1.03487
1.3128
1.19624
1.27668
0.999024
0.999978
1.0081
1.06037
1.03856
1.04225
1.03668
1.12207
1.01301
1.02182
0.999978
0.999024
0.999024
0.999024
0.999978
0.999024
1.11187
1.00452
0.999024
1.05658
1.04351
0.999978
1.01138
1.24663
1.15581
1.08346
1.01783
0.999024
1.19892
0.999978
1.35532
0.999024
1.00158
1.04327
0.999978
1.16327
0.999978
1.05273
1.0046
1.00777
1.03331
1.00032
0.999024
0.892137
1.13806
0.881991
0.940692
1.1339
0.855573
1.00496
1.07581
0.80996
1.09464
1.06416
0.87059
1.06385
0.811499
1.23608
1.14871
0.829115
1.01596
0.848736
0.827509
1.01359
0.866508
1.27141
0.799219
0.857586
0.799219
0.80142
0.915123
0.883705
0.799697
1.20161
1.13646
0.926036
0.799219
0.980886
0.916161
0.847468
0.854495
0.994141
0.813772
1.32406
0.814845
0.80422
1.14601
0.799737
0.890734
1.09798
0.876419
0.838748
0.821663
0.842417
0.805817
1.01948
0.916488
1.64401
1.01044
1.17226
0.842656
1.28806
0.814526
0.966134
0.858873
0.962453
0.877242
0.805743
1.53162
0.906279
1.17091
0.858164
0.802916
0.815098
0.968769
0.810861
0.820275
1.00372
0.993183
1.02593
1.29835
0.857373
0.841014
0.814941
0.807843
1.21101
0.807403
0.846685
0.923699
1.157
0.909065
0.903809
0.82722
0.810552
1.43597
1.07744
1.20291
0.984001
1.17269
0.803311
0.884788
0.922188
0.88305
0.830043
0.866952
0.82247
0.799697
1.12364
0.840198
0.858632
0.799219
0.887151
0.98721
0.846691
0.799993
1.15032
0.811204
0.860132
1.04352
0.998734
1.08298
1.01559
0.799219
1.05446
0.980403
0.954009
0.878299
0.954216
1.31632
1.46407
0.841186
0.943727
1.1288
0.988246
1.35688
1.09731
0.925258
0.81304
0.982516
0.853356
1.06891
0.932372
1.13395
0.820736
0.827895
0.802514
0.871495
1.00922
0.805368
1.17907
0.829564
0.95839
0.896933
0.805856
0.83526
1.06224
0.804788
0.854267
1.03452
0.899605
0.801163
0.920612
1.21246
0.83233
1.1726
1.14755
0.895798
1.00861
1.10363
0.803663
1.03426
0.799697
0.817596
0.830709
0.858381
0.821185
0.871053
0.80602
1.11651
0.966576
0.802619
0.905948
0.989257
1.00938
0.83251
0.800376
0.871605
0.802528
0.981498
0.799697
0.812838
1.1414
0.867075
0.834813
0.800193
0.929405
0.888328
0.907001
0.800563
0.816099
1.22096
0.993851
0.911628
1.01026
1.05414
0.822907
0.987153
0.799697
1.20466
0.827825
0.845737
0.866996
0.870038
0.835175
0.801971
1.24569
0.900194
0.904551
1.18275
0.933418
1.19001
1.09768
1.12667
1.04347
1.11126
0.929168
0.876449
0.802124
1.10273
1.36907
0.838684
1.03429
1.24176
0.839509
0.995826
0.820203
0.876278
0.995295
0.967726
1.01572
0.870796
1.40241
0.826788
1.23733
0.799697
1.10197
1.12871
0.920571
0.866227
0.815845
0.838804
1.14519
0.889715
0.988666
0.851909
1.05855
1.30635
0.857661
0.959444
1.33211
0.844514
0.936575
0.829108
1.04367
0.827095
0.963739
0.799697
0.851296
0.881504
0.976897
0.917044
0.87122
1.03728
0.853808
0.968752
1.02554
0.809909
0.819342
1.06645
0.828433
1.29686
0.861755
0.947846
1.00181
0.82463
0.812153
0.811328
1.03541
0.862951
0.82219
0.837057
0.975817
1.08536
1.01665
0.802992
1.16678
0.875022
0.990497
0.875807
0.804321
1.45395
0.922609
1.07875
0.916414
0.909001
0.849808
1.0051
0.92461
0.799219
1.18501
0.843282
0.820509
0.889447
0.831695
0.799219
1.14325
0.966723
1.08726
1.13144
0.889795
0.818373
1.0301
0.858903
1.1262
0.992985
0.887823
1.01751
0.881043
0.826434
0.912816
0.799219
0.87903
1.00016
0.89025
0.859198
1.06127
0.839796
0.915023
1.52631
1.20885
0.802168
0.800176
0.819942
0.799697
0.815279
0.810129
0.848801
0.842231
0.799697
1.06218
0.813575
0.940293
0.799219
1.04266
0.860194
0.801338
1.14039
0.896195
1.12581
0.880661
0.911167
1.06914
0.799798
0.799801
0.859011
0.829777
0.898221
1.26311
1.18692
1.08513
0.882742
0.962417
1.21734
0.906087
1.35203
1.07511
0.845112
0.881115
1.00836
1.19824
1.14756
1.13978
1.02925
0.860489
0.998258
0.990811
0.963044
0.886584
0.831321
0.799697
0.952446
1.12097
0.914814
0.912547
0.809304
1.17317
1.21693
0.799697
0.829725
0.851386
0.851483
0.802675
0.990566
0.800442
1.01851
0.799697
0.886555
1.01932
0.806284
1.30621
0.879435
1.11488
0.826017
1.00389
0.799219
0.832076
1.08374
0.839823
0.818468
1.00801
0.930063
1.10593
1.15099
1.00548
0.957613
0.799697
0.816436
0.916005
0.909124
1.21055
1.47436
1.3061
1.06428
0.990843
0.937385
0.893999
1.01169
1.11419
0.911849
0.930782
0.895167
0.853424
1.05333
1.04929
0.803172
1.0496
1.23313
0.856358
1.18862
0.888356
0.803863
1.3865
0.915448
1.02229
0.799697
1.00592
1.022
0.947875
0.956404
0.812161
0.799697
1.11082
1.03401
1.02438
0.99546
0.848901
1.24588
0.877915
0.842422
1.01782
0.809135
0.879375
0.825415
0.799697
0.841994
0.799219
0.803431
1.02068
0.847424
1.05154
0.800326
0.985985
0.899841
0.834375
0.808607
0.851244
0.980753
0.801379
1.12453
0.799697
0.805353
1.06616
1.02867
0.974843
1.25102
1.10169
0.799697
0.92754
0.897557
0.931432
1.00025
0.945145
0.822879
1.0682
0.97852
0.969647
0.952937
1.02457
0.822601
1.27589
0.933837
0.88775
0.799219
1.15179
0.805415
0.93714
1.05637
0.894833
0.816543
0.839562
0.970838
1.13884
1.11652
0.946676
0.913762
0.904557
0.815268
0.875252
1.0665
0.928267
0.902066
0.987993
0.991306
1.0183
0.985698
1.28437
1.23459
0.808464
1.19193
1.11342
1.2686
1.32506
0.909771
0.93414
0.808264
0.889262
0.85025
1.16561
1.18835
1.019
0.825242
0.880127
1.22323
1.14056
0.806505
1.03519
1.02227
1.11046
0.908843
1.35893
0.980617
1.11985
0.902989
1.21059
0.81995
0.837354
1.23522
0.799697
0.897357
1.20731
0.799697
1.46516
1.43337
1.14078
0.882702
0.894294
0.860512
0.818479
0.905515
0.91272
0.863116
0.809679
0.812549
1.17671
0.838904
0.803131
1.22385
1.0773
1.2902
1.01402
0.824091
1.13869
1.09707
0.913345
0.893516
0.871998
0.94957
0.832427
1.08591
1.13953
1.08892
0.834442
0.829454
0.998679
0.923774
0.851014
0.949299
1.00716
1.01389
0.929525
0.799697
1.00478
1.0768
0.871473
1.27611
0.943574
0.799697
1.12539
0.877077
1.249
1.035
1.21017
0.909669
1.31234
0.907986
1.22242
0.834866
1.23408
0.940589
1.02288
1.09336
0.799697
0.84024
0.974661
0.87133
0.910864
0.930839
1.16702
0.799219
0.830393
0.947498
1.35837
1.13056
1.19152
0.901953
0.869694
0.924099
0.853105
0.925203
0.819357
1.3712
0.799697
1.08579
1.06226
0.833367
0.800251
0.811745
0.971893
1.42508
0.940603
0.918813
1.00587
0.811999
0.815224
0.939598
1.05213
1.37056
1.1857
0.836958
0.997674
1.03011
1.04389
0.926636
0.806307
0.962618
0.955005
0.812574
0.835056
0.821264
0.931353
1.11086
1.07255
1.3995
0.880124
0.828496
0.811878
1.20446
1.14068
0.812597
1.1935
0.900469
0.799219
1.06974
0.83962
0.819437
0.821482
0.954615
0.802036
1.02104
0.907658
1.13645
0.827198
0.944265
1.05325
0.815821
0.834352
1.05727
0.875863
0.799697
0.806201
0.799219
0.805779
1.11311
1.207
0.829338
1.04485
0.799219
1.15276
0.807597
0.959375
1.14361
0.821578
1.03429
1.0929
1.09278
0.991851
1.03124
0.811358
0.801128
0.971498
0.826837
0.82789
1.42841
0.802741
0.990299
0.932427
0.827647
1.09234
1.12804
0.950438
0.91741
0.860207
0.911715
0.961084
1.1171
0.831567
1.08064
1.06639
1.51106
0.806348
1.0664
0.799704
0.822892
0.860471
0.809476
0.799697
1.33159
1.24161
0.857753
0.80367
1.2245
0.970282
0.863298
0.937853
0.817548
0.800307
0.967966
0.860304
1.06384
0.85802
1.15094
1.40586
0.843668
0.873647
1.12624
1.06679
0.849558
0.855631
0.801166
0.982994
1.48661
0.825039
0.799697
0.800129
0.825782
0.838273
0.863202
0.849908
0.828948
1.35097
0.800858
1.08398
1.01119
0.799219
0.814374
0.962276
0.840002
0.816643
0.824725
0.969984
0.96332
0.891679
1.05042
1.02812
0.884242
1.26829
1.25676
0.8558
1.16888
0.926515
0.804285
0.799697
0.800977
0.940721
0.928613
0.96433
1.37956
0.902925
0.977632
1.16443
0.799219
1.02055
0.87244
1.01441
0.879187
0.799219
0.799697
1.1584
1.07052
0.904323
0.852336
0.905284
0.955225
1.01774
0.947707
0.842644
0.804987
0.944247
0.79998
0.919681
1.17337
0.826064
1.27811
1.20588
0.804604
1.13876
1.01273
0.814768
1.17371
0.995037
0.799219
0.805001
1.17202
1.11165
0.88257
1.23632
1.15389
0.891886
1.06332
0.960714
0.799723
0.804974
1.2661
0.916259
0.824347
1.03225
1.27388
0.846987
0.816678
1.13008
1.29959
1.00219
0.886945
0.888819
0.800808
0.821423
1.11698
0.809759
1.19946
0.841983
0.861276
1.06633
0.801596
0.97528
0.81805
1.28179
0.857233
1.13567
1.19191
0.888749
0.818496
0.894276
1.08609
0.799697
1.11065
0.800399
0.799697
1.09879
0.859163
0.858007
0.980012
0.822939
0.799219
1.40442
0.836168
1.28675
0.85448
1.00849
0.923339
0.827444
0.877837
0.817331
1.03558
1.07128
0.984798
0.802024
0.961899
0.95825
1.00075
0.799697
1.13604
0.837175
0.833622
0.863205
0.858396
1.29993
1.23482
0.864722
0.86106
0.984023
0.846766
0.824674
0.801854
1.0609
0.83713
0.799697
0.901356
0.847229
1.09472
0.813597
1.00688
0.822398
0.823626
1.06131
0.865404
0.845553
0.863747
0.888788
1.25378
1.50081
0.87086
0.984454
1.24852
0.873901
0.933775
0.812801
0.942163
1.13356
1.02182
0.881883
0.914452
0.911166
0.910701
1.00839
1.04547
1.2832
0.799697
0.856971
1.07669
0.856031
0.927706
0.825724
0.991453
0.913176
1.25266
0.799697
0.838859
1.33002
0.805855
0.842056
0.915512
0.87531
0.807679
0.837778
1.18641
1.05426
0.799697
1.06442
0.803097
1.33012
0.99099
0.859894
0.799219
0.802197
1.11352
1.08954
0.810087
0.828726
0.809976
0.83578
0.890057
0.850504
0.856626
0
0
0
0
0
0
0
0
0
0
0
0
0
0
0
0
0
0
0
0
0
0
0
0
0
0
0
0
0
0
0
0
0
0
0
0
0
0
0
0
0
0
0
0
0
0
0
0
0
0
0
0
0
0
0
0
0
0
0
0
0
0
0
0
0
0
0
0
0
0
0
0
0
0
0
0
0
0
0
0
0
0
0
0
0
0
0
0
0
0
0
0
0
0
0
0
0
0
0
0
0
0
0
0
0
0
0
0
0
0
0
0
0
0
0
0
0
0
0
0
0
0
0
0
0
0
0
0
0
0
0
0
0
0
0
0
0
0
0
0
0
0
0
0
0
0
0
0
0
0
0
0
0
0
0
0
0
0
0
0
0
0
0
0
0
0
0
0
0
0
0
0
0
0
0
0
0
0
0
0
0
0
0
0
0
0
0
0
0
0
0
0
0
0
0
0
0
0
0
0
0
0
0
0
0
0
0
0
0
0
0
0
0
0
0
0
0
0
0
0
0
0
0
0
0
0
0
0
0
0
0
0
0
0
0
0
0
0
0
0
0
0
0
0
0
0
0
0
0
0
0
0
0
0
0
0
0
0
0
0
0
0
0
0
0
0
0
0
0
0
0
0
0
0
0
0
0
0
0
0
0
0
0
0
0
0
0
0
0
0
0
0
0
0
0
0
0
0
0
0
0
0
0
0
0
0
0
0
0
0
0
0
0
0
0
0
0
0
0
0
0
0
0
0
0
0
0
0
0
0
0
0
0
0
0
0
0
0
0
0
0
0
0
0
0
0
0
0
0
0
0
0
0
0
0
0
0
0
0
0
0
0
0
0
0
0
0
0
0
0
0
0
0
0
0
0
0
0
0
0
0
0
0
0
0
0
0
0
0
0
0
0
0
0
0
0
0
0
0
0
0
0
0
0
0
0
0
0
0
0
0
0
0
0
0
0
0
0
0
0
0
0
0
0
0
0
0
0
0
0
0
0
0
0
0
0
0
0
0
0
0
0
0
0
0
0
0
0
0
0
0
0
0
0
0
0
0
0
0
0
0
0
0
0
0
0
0
0
0
0
0
0
0
0
0
0
0
0
0
0
0
0
0
0
0
0
0
0
0
0
0
0
0
0
0
0
0
0
0
0
0
0
0
0
0
0
0
0
0
0
0
0
0
0
0
0
0
0
0
0
0
0
0
0
0
0
0
0
0
0
0
0
0
0
0
0
0
0
0
0
0
0
0
0
0
0
0
0
0
0
0
0
0
0
0
0
0
0
0
0
0
0
0
0
0
0
0
0
0
0
0
0
0
0
0
0
0
0
0
0
0
0
0
0
0
0
0
0
0
0
0
0
0
0
0
0
0
0
0
0
0
0
0
0
0
0
0
0
0
0
0
0
0
0
0
0
0
0
0
0
0
0
0
0
0
0
0
0
0
0
0
0
0
0
0
0
0
0
0
0
0
0
0
0
0
0
0
0
0
0
0
0
0
0
0
0
0
0
0
0
0
0
0
0
0
0
0
0
0
0
0
0
0
0
0
0
0
0
0
0
0
0
0
0
0
0
0
0
0
0
0
0
0
0
0
0
0
0
0
0
0
0
0
0
0
0
0
0
0
0
0
0
0
0
0
0
0
0
0
0
0
0
0
0
0
0
0
0
0
0
0
0
0
0
0
0
0
0
0
0
0
0
0
0
0
0
0
0
0
0
0
0
0
0
0
0
0
0
0
0
0
0
0
0
0
0
0
0
0
0
0
0
0
0
0
0
0
0
0
0
0
0
0
0
0
0
0
0
0
0
0
0
0
0
0
0
0
0
0
0
0
0
0
0
0
0
0
0
0
0
0
0
0
0
0
0
0
0
0
0
0
0
0
0
0
0
0
0
0
0
0
0
0
0
0
0
0
0
0
0
0
0
0
0
0
0
0
0
0
0
0
0
0
0
0
0
0
0
0
0
0
0
0
0
0
0
0
0
0
0
0
0
0
0
0
0
0
0
0
0
0
0
0
0
0
0
0
0
0
0
0
0
0
0
0
0
0
0
0
0
0
0
0
0
0
0
0
0
0
0
0
0
0
0
0
0
0
0
0
0
0
0
0
0
0
0
0
0
0
0
0
0
0
0
0
0
0
0
0
0
0
0
0
0
0
0
0
0
0
0
0
0
0
0
0
0
0
0
0
0
0
0
0
0
0
0
0
0
0
0
0
0
0
0
0
0
0
0
0
0
0
0
0
0
0
0
0
0
0
0
0
0
0
0
0
0
0
0
0
0
0
0
0
0
0
0
0
0
0
0
0
0
0
0
0
0
0
0
0
0
0
0
0
0
0
0
0
0
0
0
0
0
0
0
0
0
0
0
0
0
0
0
0
0
0
0
0
0
0
0
0
0
0
0
0
0
0
0
0
0
0
0
0
0
0
0
0
0
0
0
0
0
0
0
0
0
0
0
0
0
0
0
0
0
0
0
0
0
0
0
0
0
0
0
0
0
0
0
0
0
0
0
0
0
0
0
0
0
0
0
0
0
0
0
0
0
0
0
0
0
0
0
0
0
0
0
0
0
0
0
0
0
0
0
0
0
0
0
0
0
0
0
0
0
0
0
0
0
0
0
0
0
0
0
0
0
0
0
0
0
0
0
0
0
0
0
0
0
0
0
0
0
0
0
0
0
0
0
0
0
0
0
0
0
0
0
0
0
0
0
0
0
0
0
0
0
0
0
0
0
0
0
0
0
0
0
0
0
0
0
0
0
0
0
0
0
0
0
0
0
0
0
0
0
0
0
0
0
0
0
0
0
0
0
0
0
0
0
0
0
0
0
0
0
0
0
0
0
0
0
0
0
0
0
0
0
0
0
0
0
0
0
0
0
0
0
0
0
0
0
0
0
0
0
0
0
0
0
0
0
0
0
0
0
0
0
0
0
0
0
0
0
0
0
0
0
0
0
0
0
0
0
0
0
0
0
0
0
0
0
0
0
0
0
0
0
0
0
0
0
0
0
0
0
0
0
0
0
0
0
0
0
0
0
0
0
0
0
0
0
0
0
0
0
0
0
0
0
0
0
0
0
0
0
0
0
0
0
0
0
0
0
0
0
0
0
0
0
0
0
0
0
0
0
0
0
0
0
0
0
0
0
0
0
0
0
0
0
0
0
0
0
0
0
0
0
0
0
0
0
0
0
0
0
0
0
0
0
0
0
0
0
0
0
0
0
0
0
0
0
0
0
0
0
0
0
0
0
0
0
0
0
0
0
0
0
0
0
0
0
0
0
0
0
0
0
0
0
0
0
0
0
0
0
0
0
0
0
0
0
0
0
0
0
0
0
0
0
0
0
0
0
0
0
0
0
0
0
0
0
0
0
0
0
0
0
0
0
0
0
0
0
0
0
0
0
0
0
0
0
0
0
0
0
0
0
0
0
0
0
0
0
0
0
0
0
0
0
0
0
0
0
0
0
0
0
0
0
0
0
0
0
0
0
0
0
0
0
0
0
0
0
0
0
0
0
0
0
0
0
0
0
0
0
0
0
0
0
0
0
0
0
0
0
0
0
0
0
0
0
0
0
0
0
0
0
0
0
0
0
0
0
0
0
0
0
0
0
0
0
0
0
0
0
0
0
0
0
0
0
0
0
0
0
0
0
0
0
0
0
0
0
0
0
0
0
0
0
0
0
0
0
0
0
0
0
0
0
0
0
0
0
0
0
0
0
0
0
0
0
0
0
0
0
0
0
0
0
0
0
0
0
0
0
0
0
0
0
0
0
0
0
0
0
0
0
0
0
0
0
0
0
0
0
0
0
0
0
0
0
0
0
0
0
0
0
0
0
0
0
0
0
0
0
0
0
0
0
0
0
0
0
0
0
0
0
0
0
0
0
0
0
0
0
0
0
0
0
0
0
0
0
0
0
0
0
0
0
0
0
0
0
0
0
0
0
0
0
0
0
0
0
0
0
0
0
0
0
0
0
0
0
0
0
0
0
0
0
0
0
0
0
0
0
0
0
0
0
0
0
0
0
0
0
0
0
0
0
0
0
0
0
0
0
0
0
0
0
0
0
0
0
0
0
0
0
0
0
0
0
0
0
0
0
0
0
0
0
0
0
0
0
0
0
0
0
0
0
0
0
0
0
0
0
0
0
0
0
0
0
0
0
0
0
0
0
0
0
0
0
0
0
0
0
0
0
0
0
0
0
0
0
0
0
0
0
0
0
0
0
0
0
0
0
0
0
0
0
0
0
0
0
0
0
0
0
0
0
0
0
0
0
0
0
0
0
0
0
0
0
0
0
0
0
0
0
0
0
0
0
0
0
0
0
0
0
0
0
0
0
0
0
0
0
0
0
0
0
0
0
0
0
0
0
0
0
0
0
0
0
0
0
0
0
0
0
0
0
0
0
0
0
0
0
0
0
0
0
0
0
0
0
0
0
0
0
0
0
0
0
0
0
0
0
0
0
0
0
0
0
0
0
0
0
0
0
0
0
0
0
0
0
0
0
0
0
0
0
0
0
0
0
0
0
0
0
0
0
0
0
