1.02736
1.024
1.03588
1.12101
1.09804
1.38194
1.024
1.02498
1.02498
1.20047
1.03737
1.11083
1.04539
1.11245
1.0339
1.03908
1.02656
1.02498
1.3617
1.024
1.06403
1.02498
1.024
1.06037
1.02498
1.024
1.02699
1.03816
1.13398
1.03876
1.02945
1.02502
1.09403
1.024
1.07054
1.08542
1.04189
1.024
1.02571
1.11712
1.27724
1.024
1.02498
1.05088
1.44407
1.024
1.03601
1.13191
1.06016
1.0444
1.02498
1.024
1.02518
1.02498
1.024
1.15159
1.11191
1.03613
1.10823
1.03467
1.024
1.4316
1.50772
1.02498
1.03585
1.20787
1.19498
1.05862
1.02498
1.02498
1.02758
1.17009
1.09833
1.024
1.3804
1.06369
1.11386
1.02498
1.23072
1.04166
1.024
1.02761
1.03675
1.03386
1.03997
1.02498
1.21924
1.024
1.21885
1.024
1.024
1.12657
1.07622
1.1665
1.18027
1.06094
1.024
1.024
1.05142
1.02498
1.024
1.0369
1.28238
1.03668
1.02498
1.024
1.02573
1.02498
1.02998
1.024
1.05771
1.02498
1.03597
1.02529
1.07461
1.04114
1.05244
1.02498
1.02498
1.04514
1.06726
1.024
1.02498
1.02931
1.02498
1.02498
1.02608
1.02766
1.02917
1.024
1.02498
1.03676
1.20239
1.024
1.30665
1.16766
1.02498
1.024
1.024
1.0258
1.024
1.024
1.02498
1.19097
1.23273
1.22796
1.02498
1.05433
1.04367
1.10029
1.02927
1.0257
1.11639
1.0518
1.12368
1.07344
1.02579
1.11455
1.02498
1.20453
1.1776
1.38102
1.13639
1.024
1.02498
1.024
1.024
1.11696
1.02498
1.25118
1.13248
1.024
1.04771
1.024
1.02498
1.08997
1.024
1.0283
1.30036
1.03389
1.27193
1.024
1.1352
1.06487
1.02572
1.22691
1.03128
1.49299
1.02498
1.1817
1.02715
1.09892
1.11296
1.39038
1.14298
1.024
1.02498
1.07329
1.024
1.39717
1.06267
1.02498
1.03198
1.05792
1.06822
1.1558
1.09525
1.02513
1.07627
1.09849
1.02498
1.24947
1.02498
1.16538
1.02498
1.06951
1.024
1.05264
1.15137
1.02733
1.024
1.0356
1.024
1.22996
1.06089
1.03233
1.03015
1.20548
1.02498
1.02765
1.36897
1.02498
1.1077
1.024
1.74364
1.18995
1.60894
1.024
1.024
1.17754
1.02498
1.02498
1.024
1.02498
1.02498
1.16539
1.0315
1.02498
1.06448
1.024
1.024
1.03932
1.15315
1.02498
1.19031
1.03488
1.02772
1.02971
1.03314
1.02498
1.03195
1.024
1.024
1.06366
1.06481
1.10566
1.02498
1.07325
1.23253
1.024
1.15932
1.02498
1.16377
1.15333
1.03001
1.024
1.1603
1.04215
1.05753
1.024
1.09326
1.024
1.024
1.0276
1.34825
1.19918
1.29761
1.02804
1.55355
1.03781
1.0321
1.024
1.024
1.02498
1.024
1.13062
1.03468
1.18979
1.28542
1.33415
1.07352
1.18182
1.11565
1.024
1.02657
1.02498
1.024
1.05284
1.13502
1.05842
1.15756
1.02498
1.14277
1.02498
1.02885
1.03005
1.024
1.15919
1.024
2.0548
1.05467
1.02501
1.09707
1.02856
1.024
1.20486
1.0416
1.02498
1.02498
1.0712
1.0697
1.06137
1.02785
1.02498
1.024
1.04958
1.02498
1.024
1.12772
1.03444
1.40376
1.06175
1.06713
1.16109
1.024
1.02498
1.02498
1.02498
1.02498
1.024
1.62211
1.02506
1.05601
1.02767
1.02498
1.1549
1.02772
1.024
1.02498
1.024
1.17825
1.13127
1.02649
1.024
1.08732
1.024
1.024
1.09568
1.06445
1.024
1.15006
1.08275
1.09035
1.02575
1.024
1.03337
1.0329
1.47822
1.02498
1.04404
1.06283
1.04173
1.024
1.03427
1.17976
1.13824
1.09544
1.024
1.1708
1.16955
1.024
1.024
1.02498
1.024
1.024
1.024
1.10091
1.03139
1.03979
1.06006
1.04663
1.33679
1.10496
1.20558
1.02574
1.02498
1.04826
1.03055
1.1527
1.024
1.024
1.06797
1.37249
1.02612
1.07613
1.02498
1.08455
1.16646
1.02939
1.03594
1.02498
1.024
1.17775
1.02498
1.024
1.05873
1.05121
1.02498
1.02828
1.13381
1.12762
1.08298
1.11798
1.024
1.09823
1.12037
1.024
1.03478
1.02498
1.024
1.24323
1.09673
1.03692
1.08537
1.20341
1.13781
1.07679
1.0286
1.024
1.02498
1.72956
1.02498
1.02714
1.03323
1.0891
1.28157
1.2775
1.16179
1.41728
1.024
1.02498
1.09208
1.03124
1.42471
1.23723
1.07765
1.0653
1.09636
1.08076
1.15925
1.06766
1.06259
1.04046
1.02778
1.08199
1.02498
1.05693
1.02498
1.02881
1.27982
1.37889
1.04203
1.20043
1.024
1.024
1.024
1.02498
1.03438
1.05392
1.024
1.024
1.02498
1.024
1.024
1.11502
1.06397
1.02847
1.35565
1.33541
1.10363
1.02754
1.07212
1.0311
1.02852
1.02626
1.02498
1.36418
1.20747
1.83203
1.06969
1.04059
1.19914
1.02801
1.06927
1.02565
1.21541
1.0847
1.024
1.03272
1.20989
1.13534
1.03652
1.02498
1.11612
1.18244
1.024
1.02498
1.024
1.02755
1.024
1.04027
1.14128
1.02498
1.17674
1.06842
1.07399
1.06236
1.04196
1.27478
1.024
1.0657
1.02498
1.02498
1.04491
1.02855
1.04034
1.18111
1.024
1.024
1.28431
1.41489
1.02501
1.02498
1.08511
1.02498
1.02498
1.024
1.09524
1.06084
1.024
1.024
1.02593
1.024
1.06336
1.07722
1.024
1.02498
1.02498
1.29486
1.024
1.02498
1.18945
1.26775
1.13335
1.024
1.03265
1.15028
1.024
1.024
1.02507
1.02498
1.3214
1.09197
1.02498
1.024
1.02498
1.024
1.13962
1.05595
1.06326
1.04071
1.02498
1.024
1.08294
1.02498
1.024
1.09352
1.024
1.02755
1.12457
1.07058
1.02803
1.024
1.04893
1.03665
1.02577
1.024
1.024
1.024
1.024
1.03696
1.16959
1.34287
1.04344
1.02985
1.02498
1.07266
1.06388
1.024
1.0894
1.06218
1.07186
1.03478
1.03349
1.17911
1.11846
1.0286
1.32768
1.19453
1.02498
1.12378
1.024
1.07872
1.024
1.18035
1.02498
1.02498
1.02498
1.26854
1.03898
1.024
1.16077
1.06613
1.19811
1.04194
1.024
1.04798
1.03554
1.03795
1.07262
1.024
1.073
1.03942
1.18229
1.04159
1.04014
1.18781
1.02498
1.02498
1.02498
1.15723
1.03629
1.13457
1.02836
1.024
1.024
1.07166
1.12616
1.30465
1.024
1.024
1.07226
1.024
1.024
1.07035
1.19498
1.02498
1.024
1.02498
1.078
1.02878
1.024
1.11093
1.1317
1.03653
1.02759
1.04126
1.08053
1.024
1.02498
1.02498
1.024
1.02498
1.04014
1.024
1.14558
1.30934
1.024
1.22348
1.02609
1.11264
1.04454
1.02934
1.10052
1.31604
1.14227
1.15689
1.03989
1.02498
1.04012
1.10452
1.49509
1.27329
1.024
1.024
1.024
1.06308
1.02498
1.1057
1.24399
1.02528
1.20118
1.04575
1.024
1.24115
1.024
1.024
1.15518
1.02498
1.08302
1.14022
1.02498
1.18589
1.024
1.16425
1.15921
1.024
1.21936
1.024
1.024
1.16159
1.02498
1.02753
1.13964
1.02498
1.024
1.09591
1.04114
1.0288
1.03254
1.02498
1.04139
1.22752
1.02498
1.02498
1.10776
1.03146
1.02498
1.02498
1.18001
1.25464
1.18712
1.024
1.06807
1.30003
1.03121
1.02498
1.19719
1.024
1.03403
1.07079
1.35254
1.20807
1.024
1.03173
1.03835
1.12183
1.02498
1.024
1.18868
1.39579
1.02498
1.02699
1.02561
1.03542
1.024
1.03058
1.024
1.58714
1.0285
1.32389
1.024
1.10865
1.10173
1.06267
1.024
1.26823
1.024
1.02708
1.198
1.024
1.02816
1.02498
1.10693
1.2721
1.024
1.024
1.02498
1.1505
1.02498
1.12335
1.024
1.27042
1.14605
1.03328
1.024
1.15065
1.17372
1.09356
1.02498
1.02995
1.024
1.024
1.024
1.024
1.024
1.024
1.5327
1.02498
1.03099
1.33222
1.024
1.024
1.024
1.024
1.06999
1.02753
1.10626
1.11597
1.024
1.08022
1.024
1.15501
1.21607
1.07149
1.02498
1.0289
1.02498
1.06692
1.02498
1.11248
1.024
1.02498
1.02512
1.03376
1.024
1.024
1.07379
1.02498
1.24781
1.02699
1.05525
1.12476
1.31019
1.06964
1.02498
1.03989
1.02981
1.07522
1.1129
1.02498
1.10594
1.02498
1.07801
1.13369
1.02498
1.21255
1.02498
1.02972
1.19158
1.03512
1.19781
1.024
1.06335
1.0489
1.03653
1.0847
1.024
1.04671
1.02993
1.024
1.04569
1.02498
1.03155
1.02498
1.06563
1.02498
1.79875
1.07903
1.05641
1.024
1.03178
1.17788
1.03735
1.024
1.02498
1.117
1.10403
1.06058
1.02498
1.3466
1.04031
1.02804
1.13301
1.0297
1.02719
1.07225
1.024
1.0352
1.37427
1.02498
1.02498
1.11343
1.05522
1.02498
1.03136
1.02498
1.092
1.024
1.0375
1.04024
1.024
1.21494
1.02618
1.04973
1.02498
1.04912
1.02914
1.18077
1.08573
1.03203
1.024
1.02498
1.02714
1.02498
1.02498
1.024
1.0561
1.02498
1.024
1.03065
1.02498
1.02498
1.02498
1.03425
1.14378
1.02915
1.09406
1.04965
1.02498
1.06749
1.07246
1.07642
1.05111
1.23212
1.03052
1.0287
1.15388
1.024
1.03453
1.02564
1.024
1.10419
1.024
1.024
1.33845
1.0282
1.02812
1.08464
1.20634
1.02631
1.02824
1.16278
1.02498
1.03104
1.02498
1.024
1.26952
1.024
1.024
1.09011
1.024
1.02498
1.03696
1.23401
1.02625
1.024
1.20688
1.03511
1.04143
0.868275
1.13144
1.00763
1.05567
0.873356
0.8192
0.822189
0.909597
1.12867
0.8192
1.00116
0.951677
0.844893
0.819688
0.819688
0.826987
0.819688
0.837173
0.862292
0.819688
0.819688
1.35992
1.23123
0.932996
1.04687
1.12894
0.986399
0.918296
0.819688
0.819688
0.888496
0.821525
0.958101
1.10673
0.822289
0.839354
0.8192
0.877994
0.874511
0.859854
1.11886
1.41289
0.861731
0.867945
1.12636
0.998939
0.819688
0.883591
0.929408
1.14829
0.868167
0.822931
0.919627
0.920303
0.889918
0.819688
1.10586
0.824919
0.819688
1.12422
0.889966
1.002
0.858738
0.829251
0.907343
0.819688
0.936363
0.846168
0.819688
0.831185
0.935893
0.896165
1.01906
0.928631
1.24731
1.26709
1.0333
0.843601
1.05887
1.11111
0.830761
0.819688
0.835618
0.855787
0.819688
1.07355
0.836107
0.84325
0.929054
0.8192
1.06747
1.42778
0.839985
0.912001
0.855415
0.867122
1.11236
0.889134
0.90321
1.1577
0.84587
0.858483
0.821429
0.851996
0.966647
0.973478
0.865514
0.879187
1.04714
1.07038
1.07249
0.82463
0.883586
0.824158
0.837658
1.0429
0.819688
0.871533
0.89652
0.856863
0.8192
0.943801
1.12316
0.819688
1.18182
0.882977
1.33298
0.924872
1.05506
1.10123
1.31426
1.15944
0.819688
1.2244
0.875299
1.01677
1.06703
1.22732
0.949062
0.838243
1.14793
0.948281
0.824688
0.92995
1.03746
0.878675
1.05981
0.909826
0.85404
0.915578
0.847851
0.976932
0.820897
1.10251
1.10378
0.8192
1.13596
0.83071
0.937411
1.42819
0.821279
0.828622
1.23014
0.989629
1.12954
0.821821
0.84981
0.836568
0.940117
0.842396
0.825092
0.8192
0.889716
1.4347
0.920137
1.02227
1.00613
0.820079
0.819688
1.25201
1.0243
1.05351
0.984955
0.961317
0.881509
0.940524
0.893701
0.892631
0.852252
1.11331
1.03381
0.821282
0.911643
0.821155
1.13235
0.823675
0.919158
1.08207
0.836718
1.44993
1.06905
0.859127
1.0336
1.10094
0.950126
0.900213
1.67764
1.02618
0.819688
0.875639
0.832148
1.0967
0.836426
0.8192
0.819688
0.819688
0.83064
0.968793
0.862409
0.907462
0.825202
0.873966
0.898292
0.84207
0.916102
0.888738
1.34124
0.903795
0.844967
0.844466
0.821274
1.19522
0.819688
0.990013
1.02365
0.869179
1.07242
0.908289
1.09967
1.05079
0.831563
1.18576
0.827599
1.13722
1.47361
0.822293
1.1248
0.969936
1.42283
0.8192
0.821172
0.819688
1.07617
1.18059
1.13468
1.16891
0.84648
0.879952
0.8192
1.02106
0.823319
1.00871
0.861798
1.03501
0.866882
1.38788
0.885117
0.907939
1.1424
0.829322
0.819715
1.01662
0.819688
1.16253
0.863838
1.19552
1.0355
1.36007
0.958235
0.882286
1.40069
1.26094
0.819688
0.847464
1.08092
1.08275
0.833582
0.8982
1.48877
0.8192
0.819688
0.991769
0.819688
0.941829
1.02745
0.948094
0.827847
0.861293
0.874716
0.819714
1.01032
0.8192
0.865546
1.2453
1.189
1.24637
0.823144
0.834935
1.14169
0.820392
1.00776
0.819688
0.893588
0.850024
0.911079
1.13174
0.872607
0.968919
0.852433
0.835226
0.835188
0.853686
1.05257
0.834885
0.958525
1.20619
1.6368
0.857632
0.819688
0.954121
0.877811
0.847541
1.17929
1.20597
0.870895
0.868135
0.852441
0.863944
1.06305
1.44351
0.837498
1.21655
1.35762
0.857485
1.04161
0.90075
0.833269
0.965999
0.837368
0.958126
0.847702
0.97396
1.02655
0.864811
0.819688
0.965602
1.40452
1.1189
1.31796
0.96416
1.04442
0.82157
0.871562
0.991557
0.833731
0.886314
0.987658
1.10963
1.20668
0.819737
0.955268
0.987536
0.979264
0.820421
0.860902
1.08721
0.819688
1.036
1.02214
0.835984
0.904196
0.824985
0.963483
1.03309
1.45219
0.915077
0.822638
0.843605
0.832267
1.17455
0.819688
0.819688
1.0684
1.18348
0.995824
0.844271
1.07276
1.57164
1.01964
1.44348
0.956187
0.927834
0.819688
1.0078
0.984631
0.872931
0.868803
0.819688
0.888071
1.01073
1.25531
0.850476
0.860764
0.833597
0.942666
0.819808
0.893348
1.00017
1.06176
1.07719
0.843653
1.05262
1.24061
0.821362
0.826962
1.47713
1.33043
0.889933
0.826894
0.937838
1.25636
1.06862
0.967236
1.195
0.914378
1.14214
0.822936
0.820304
1.14836
1.25803
0.83182
1.16882
0.819688
0.835298
0.819688
0.889847
0.849146
0.978563
0.846663
0.900966
0.833259
0.92083
0.819688
0.832228
0.831749
1.13277
0.868932
0.830391
1.23522
0.824272
0.834352
0.834861
0.847874
0.830688
1.07114
1.28991
0.829313
1.00609
0.974236
1.18751
0.827579
0.871056
0.826563
1.18544
1.25008
1.30057
0.948883
0.910859
1.0531
0.904712
0.8192
1.17834
0.897221
0.979567
0.929256
1.02555
0.898589
1.05079
0.8192
0.911853
1.03426
0.826538
0.8778
0.830042
1.00399
0.974903
0.838208
0.819688
1.2574
0.885476
1.00955
1.0415
0.824017
0.821431
0.841756
0.940888
0.825327
0.969119
0.82633
0.872099
1.21471
0.859491
0.821942
0.833041
0.929096
0.936234
1.0703
1.0816
0.819688
1.19955
0.927711
0.902705
0.870203
0.841174
1.28238
0.819688
0.956822
0.893451
0.982877
1.27912
0.819688
0.882475
0.830621
0.83959
1.05248
0.855223
1.03582
0.822891
0.855265
0.921576
0.8192
0.990892
1.03655
0.95452
0.907987
0.824274
1.55551
0.967975
0.851006
0.910311
0.867106
1.17126
0.852565
0.887115
1.02246
0.8322
1.23279
0.888393
0.8192
1.10827
0.8192
0.952392
0.836061
1.26271
0.857918
1.28983
1.59341
0.828692
0.81989
0.819688
0.921444
1.27518
1.12109
1.14672
1.09935
1.02347
1.23385
0.87023
0.819688
0.920308
0.876242
0.896373
0.842412
1.54124
0.915519
1.01548
1.20019
0.83052
0.819688
0.954927
0.843803
0.821531
0.984012
0.8192
1.03706
0.828047
0.835689
0.90056
0.840331
1.28189
1.42618
0.906
1.16107
0.887719
0.835119
0.83983
0.997124
0.86268
0.834143
1.00091
1.50089
0.851369
1.13394
0.821272
1.00552
1.27906
1.02184
1.1358
1.18571
1.3609
1.1078
0.819688
0.819688
0.846259
1.1222
1.10936
0.862488
0.88848
1.23139
0.893561
0.837249
1.11612
0.843783
0.8192
0.961281
0.842674
0.96534
1.12231
0.872829
0.870596
0.843116
0.847766
1.03054
0.820127
1.36356
1.07347
0.831739
0.8192
1.12693
0.819688
0.823176
0.967444
1.49869
0.848677
0.848929
0.845431
0.851078
0.821299
1.06749
0.820366
0.830282
0.823462
0.859271
0.820475
1.07299
0.95544
1.16538
1.69701
1.12251
1.21413
0.8192
0.8192
0.838505
1.18213
0.83014
0.823779
1.34814
0.819688
1.2802
0.869046
0.819688
0.925722
1.33711
1.20324
0.845337
1.16047
0.882352
1.18871
1.0808
0.947431
0.926882
0.821329
0.924045
1.14258
0.845119
1.11705
0.996254
0.984745
0.898524
0.8192
0.827288
0.90814
0.824352
1.16181
0.983497
1.104
0.840339
0.906133
1.0144
1.41099
0.88827
0.821825
1.10195
0.821164
1.1002
0.952008
0.910644
0.820291
0.819688
0.998207
0.855902
1.11188
1.19947
0.834785
0.886073
1.3424
0.889447
0.889163
1.25949
0.822209
1.16557
0.854078
0.897128
1.03803
1.15317
0.821091
0.893497
0.852313
0.873067
0.819688
0.894279
0.861977
1.09472
0.821852
0.825287
0.844158
0.819688
1.10384
0.941667
0.820494
1.13123
0.880424
0.988977
0.953322
1.19907
0.883674
0.966757
0.834977
0.975547
0.821124
0.823149
0.976682
0.819688
0.846418
1.16749
0.986212
0.819688
0.945413
1.11777
0.825886
0.870122
0.860137
0.978363
1.33919
0.819688
0.8998
1.16199
1.02915
0.887005
0.848461
0.839228
1.1201
1.17574
0.82883
0.836236
0.987531
0.888451
1.10414
1.35928
0.973703
1.23328
0.819688
0.879038
1.12985
1.06924
0.981855
1.17622
0.840914
0.851593
1.12364
0.819688
0.819783
0.990361
0.819688
0.841636
0.82201
0.899783
0.973226
0.848812
0.841212
0.999162
0.913276
1.25974
1.02509
0.823608
0.831178
0.920914
1.09407
1.47354
0.819688
0.951842
0.989894
1.0048
0.820387
1.01057
0.820871
0.909486
0.83317
0.852832
1.36779
0.822026
0.889798
0.8192
1.10685
1.03984
0.882591
0.997108
0.841846
0.849907
1.3905
1.08009
1.24426
0.8192
1.34805
0.981058
1.01421
0.848396
0.832433
1.05011
1.17174
0.867543
0.83819
1.31661
0.831158
0.820469
0.930309
0.829229
0.863718
0.828257
0.95994
0.878195
1.17063
0.921291
0.955823
1.24737
1.09214
1.04409
1.12774
0.825409
0.824222
0.863211
0.883828
0.837725
0.843958
0.829656
1.11441
0.831955
1.02858
0.819688
0.842763
0.823178
0.94426
0.860618
0.8192
1.13548
0.82286
1.2953
1.10782
0.977957
1.10465
0.889629
0.8192
1.08349
1.13865
0.958127
1.15968
0.890247
1.03457
1.03217
1.1784
0.8215
0.823108
0.984786
1.11824
1.02126
0.827181
1.29268
1.10196
0.990837
0.8192
1.42014
0.840835
1.10397
1.06881
0.824688
0.855527
0.874416
0.996597
0.967144
1.0301
0.909449
0.909867
1.14905
0.842626
0.819688
0.825558
0.886916
1.25894
0.926116
1.17807
1.17756
1.04193
0.831994
0.852155
1.12716
1.04197
1.12327
1.34864
1.04202
0.999674
0.848804
0.8192
1.3819
1.14491
0.819688
0.835281
0.881423
1.07352
0.912704
1.04035
0.917081
1.01635
1.18189
0.829171
0.984293
0.8192
0.824387
0.9479
0.941263
0.976721
0.929306
1.0766
1.11916
0.984053
0.927442
1.12116
0.832342
0.916758
0.858352
0.819688
0.961142
0.836233
1.06323
1.14327
1.11663
1.13728
0.83721
0.819688
1.18721
0.842759
0.914704
0.841408
1.03797
0.819688
0.832598
1.2813
0.823566
0.935228
1.16954
0.8192
1.22213
1.12589
0.820428
0.845428
0.823159
0.908476
1.2661
1.08482
0.909112
0.942715
0
0
0
0
0
0
0
0
0
0
0
0
0
0
0
0
0
0
0
0
0
0
0
0
0
0
0
0
0
0
0
0
0
0
0
0
0
0
0
0
0
0
0
0
0
0
0
0
0
0
0
0
0
0
0
0
0
0
0
0
0
0
0
0
0
0
0
0
0
0
0
0
0
0
0
0
0
0
0
0
0
0
0
0
0
0
0
0
0
0
0
0
0
0
0
0
0
0
0
0
0
0
0
0
0
0
0
0
0
0
0
0
0
0
0
0
0
0
0
0
0
0
0
0
0
0
0
0
0
0
0
0
0
0
0
0
0
0
0
0
0
0
0
0
0
0
0
0
0
0
0
0
0
0
0
0
0
0
0
0
0
0
0
0
0
0
0
0
0
0
0
0
0
0
0
0
0
0
0
0
0
0
0
0
0
0
0
0
0
0
0
0
0
0
0
0
0
0
0
0
0
0
0
0
0
0
0
0
0
0
0
0
0
0
0
0
0
0
0
0
0
0
0
0
0
0
0
0
0
0
0
0
0
0
0
0
0
0
0
0
0
0
0
0
0
0
0
0
0
0
0
0
0
0
0
0
0
0
0
0
0
0
0
0
0
0
0
0
0
0
0
0
0
0
0
0
0
0
0
0
0
0
0
0
0
0
0
0
0
0
0
0
0
0
0
0
0
0
0
0
0
0
0
0
0
0
0
0
0
0
0
0
0
0
0
0
0
0
0
0
0
0
0
0
0
0
0
0
0
0
0
0
0
0
0
0
0
0
0
0
0
0
0
0
0
0
0
0
0
0
0
0
0
0
0
0
0
0
0
0
0
0
0
0
0
0
0
0
0
0
0
0
0
0
0
0
0
0
0
0
0
0
0
0
0
0
0
0
0
0
0
0
0
0
0
0
0
0
0
0
0
0
0
0
0
0
0
0
0
0
0
0
0
0
0
0
0
0
0
0
0
0
0
0
0
0
0
0
0
0
0
0
0
0
0
0
0
0
0
0
0
0
0
0
0
0
0
0
0
0
0
0
0
0
0
0
0
0
0
0
0
0
0
0
0
0
0
0
0
0
0
0
0
0
0
0
0
0
0
0
0
0
0
0
0
0
0
0
0
0
0
0
0
0
0
0
0
0
0
0
0
0
0
0
0
0
0
0
0
0
0
0
0
0
0
0
0
0
0
0
0
0
0
0
0
0
0
0
0
0
0
0
0
0
0
0
0
0
0
0
0
0
0
0
0
0
0
0
0
0
0
0
0
0
0
0
0
0
0
0
0
0
0
0
0
0
0
0
0
0
0
0
0
0
0
0
0
0
0
0
0
0
0
0
0
0
0
0
0
0
0
0
0
0
0
0
0
0
0
0
0
0
0
0
0
0
0
0
0
0
0
0
0
0
0
0
0
0
0
0
0
0
0
0
0
0
0
0
0
0
0
0
0
0
0
0
0
0
0
0
0
0
0
0
0
0
0
0
0
0
0
0
0
0
0
0
0
0
0
0
0
0
0
0
0
0
0
0
0
0
0
0
0
0
0
0
0
0
0
0
0
0
0
0
0
0
0
0
0
0
0
0
0
0
0
0
0
0
0
0
0
0
0
0
0
0
0
0
0
0
0
0
0
0
0
0
0
0
0
0
0
0
0
0
0
0
0
0
0
0
0
0
0
0
0
0
0
0
0
0
0
0
0
0
0
0
0
0
0
0
0
0
0
0
0
0
0
0
0
0
0
0
0
0
0
0
0
0
0
0
0
0
0
0
0
0
0
0
0
0
0
0
0
0
0
0
0
0
0
0
0
0
0
0
0
0
0
0
0
0
0
0
0
0
0
0
0
0
0
0
0
0
0
0
0
0
0
0
0
0
0
0
0
0
0
0
0
0
0
0
0
0
0
0
0
0
0
0
0
0
0
0
0
0
0
0
0
0
0
0
0
0
0
0
0
0
0
0
0
0
0
0
0
0
0
0
0
0
0
0
0
0
0
0
0
0
0
0
0
0
0
0
0
0
0
0
0
0
0
0
0
0
0
0
0
0
0
0
0
0
0
0
0
0
0
0
0
0
0
0
0
0
0
0
0
0
0
0
0
0
0
0
0
0
0
0
0
0
0
0
0
0
0
0
0
0
0
0
0
0
0
0
0
0
0
0
0
0
0
0
0
0
0
0
0
0
0
0
0
0
0
0
0
0
0
0
0
0
0
0
0
0
0
0
0
0
0
0
0
0
0
0
0
0
0
0
0
0
0
0
0
0
0
0
0
0
0
0
0
0
0
0
0
0
0
0
0
0
0
0
0
0
0
0
0
0
0
0
0
0
0
0
0
0
0
0
0
0
0
0
0
0
0
0
0
0
0
0
0
0
0
0
0
0
0
0
0
0
0
0
0
0
0
0
0
0
0
0
0
0
0
0
0
0
0
0
0
0
0
0
0
0
0
0
0
0
0
0
0
0
0
0
0
0
0
0
0
0
0
0
0
0
0
0
0
0
0
0
0
0
0
0
0
0
0
0
0
0
0
0
0
0
0
0
0
0
0
0
0
0
0
0
0
0
0
0
0
0
0
0
0
0
0
0
0
0
0
0
0
0
0
0
0
0
0
0
0
0
0
0
0
0
0
0
0
0
0
0
0
0
0
0
0
0
0
0
0
0
0
0
0
0
0
0
0
0
0
0
0
0
0
0
0
0
0
0
0
0
0
0
0
0
0
0
0
0
0
0
0
0
0
0
0
0
0
0
0
0
0
0
0
0
0
0
0
0
0
0
0
0
0
0
0
0
0
0
0
0
0
0
0
0
0
0
0
0
0
0
0
0
0
0
0
0
0
0
0
0
0
0
0
0
0
0
0
0
0
0
0
0
0
0
0
0
0
0
0
0
0
0
0
0
0
0
0
0
0
0
0
0
0
0
0
0
0
0
0
0
0
0
0
0
0
0
0
0
0
0
0
0
0
0
0
0
0
0
0
0
0
0
0
0
0
0
0
0
0
0
0
0
0
0
0
0
0
0
0
0
0
0
0
0
0
0
0
0
0
0
0
0
0
0
0
0
0
0
0
0
0
0
0
0
0
0
0
0
0
0
0
0
0
0
0
0
0
0
0
0
0
0
0
0
0
0
0
0
0
0
0
0
0
0
0
0
0
0
0
0
0
0
0
0
0
0
0
0
0
0
0
0
0
0
0
0
0
0
0
0
0
0
0
0
0
0
0
0
0
0
0
0
0
0
0
0
0
0
0
0
0
0
0
0
0
0
0
0
0
0
0
0
0
0
0
0
0
0
0
0
0
0
0
0
0
0
0
0
0
0
0
0
0
0
0
0
0
0
0
0
0
0
0
0
0
0
0
0
0
0
0
0
0
0
0
0
0
0
0
0
0
0
0
0
0
0
0
0
0
0
0
0
0
0
0
0
0
0
0
0
0
0
0
0
0
0
0
0
0
0
0
0
0
0
0
0
0
0
0
0
0
0
0
0
0
0
0
0
0
0
0
0
0
0
0
0
0
0
0
0
0
0
0
0
0
0
0
0
0
0
0
0
0
0
0
0
0
0
0
0
0
0
0
0
0
0
0
0
0
0
0
0
0
0
0
0
0
0
0
0
0
0
0
0
0
0
0
0
0
0
0
0
0
0
0
0
0
0
0
0
0
0
0
0
0
0
0
0
0
0
0
0
0
0
0
0
0
0
0
0
0
0
0
0
0
0
0
0
0
0
0
0
0
0
0
0
0
0
0
0
0
0
0
0
0
0
0
0
0
0
0
0
0
0
0
0
0
0
0
0
0
0
0
0
0
0
0
0
0
0
0
0
0
0
0
0
0
0
0
0
0
0
0
0
0
0
0
0
0
0
0
0
0
0
0
0
0
0
0
0
0
0
0
0
0
0
0
0
0
0
0
0
0
0
0
0
0
0
0
0
0
0
0
0
0
0
0
0
0
0
0
0
0
0
0
0
0
0
0
0
0
0
0
0
0
0
0
0
0
0
0
0
0
0
0
0
0
0
0
0
0
0
0
0
0
0
0
0
0
0
0
0
0
0
0
0
0
0
0
0
0
0
0
0
0
0
0
0
0
0
0
0
0
0
0
0
0
0
0
0
0
0
0
0
0
0
0
0
0
0
0
0
0
0
0
0
0
0
0
0
0
0
0
0
0
0
0
0
0
0
0
0
0
0
0
0
0
0
0
0
0
0
0
0
0
0
0
0
0
0
0
0
0
0
0
0
0
0
0
0
0
0
0
0
0
0
0
0
0
0
0
0
0
0
0
0
0
0
0
0
0
0
0
0
0
0
0
0
0
0
0
0
0
0
0
0
0
0
0
0
0
0
0
0
0
0
0
0
0
0
0
0
0
0
0
0
0
0
0
0
0
0
0
0
0
0
0
0
0
0
0
0
0
0
0
0
0
0
0
0
0
0
0
0
0
0
0
0
0
0
0
0
0
0
0
0
0
0
0
0
0
0
0
0
0
0
0
0
0
0
0
0
0
0
0
0
0
0
0
0
0
0
0
0
0
0
0
0
0
0
0
0
