1.02584
1.024
1.03278
1.13446
1.11457
1.43316
1.024
1.02498
1.02917
1.20641
1.04031
1.10411
1.04625
1.08013
1.04468
1.02903
1.03189
1.02498
1.36302
1.024
1.05285
1.02498
1.024
1.05998
1.02498
1.024
1.02498
1.02709
1.1414
1.03151
1.02529
1.02548
1.0844
1.024
1.07938
1.09153
1.05209
1.024
1.0289
1.11483
1.28096
1.024
1.02498
1.04669
1.45938
1.024
1.03268
1.14469
1.07734
1.0379
1.02534
1.024
1.02803
1.02498
1.024
1.15978
1.12647
1.02847
1.10618
1.02995
1.024
1.43391
1.53135
1.02498
1.04025
1.23107
1.20288
1.04812
1.0273
1.02814
1.02864
1.17821
1.12415
1.024
1.37564
1.06521
1.10941
1.02703
1.2317
1.03703
1.024
1.03041
1.03345
1.03235
1.0363
1.02542
1.21031
1.024
1.23235
1.024
1.024
1.10535
1.07218
1.16331
1.18513
1.05157
1.024
1.024
1.04455
1.02498
1.024
1.0395
1.27345
1.04557
1.02498
1.024
1.02498
1.02498
1.03823
1.024
1.05525
1.02498
1.03964
1.02712
1.08384
1.05373
1.06021
1.02498
1.02564
1.0511
1.0692
1.024
1.0268
1.03045
1.02498
1.02498
1.02827
1.03045
1.03759
1.024
1.02498
1.04746
1.20893
1.024
1.31564
1.18665
1.02498
1.024
1.024
1.02534
1.024
1.024
1.02498
1.18151
1.23431
1.23037
1.02498
1.06992
1.04171
1.09865
1.02498
1.02532
1.10876
1.0399
1.12833
1.07035
1.02498
1.12045
1.02498
1.20294
1.1847
1.37312
1.14359
1.024
1.02498
1.024
1.024
1.13791
1.0267
1.24565
1.1326
1.024
1.05178
1.024
1.02498
1.09047
1.024
1.02625
1.31248
1.0424
1.29032
1.024
1.14962
1.07429
1.02498
1.23499
1.03021
1.49009
1.02498
1.18866
1.0304
1.11721
1.13615
1.41216
1.13826
1.024
1.02498
1.06816
1.024
1.40531
1.05922
1.02498
1.02498
1.08005
1.07622
1.17834
1.0969
1.02661
1.10177
1.11456
1.02543
1.23843
1.02498
1.16585
1.02498
1.09966
1.024
1.06311
1.14397
1.02666
1.024
1.03488
1.024
1.2503
1.06704
1.0329
1.02673
1.23125
1.02498
1.03
1.35866
1.02498
1.10454
1.024
1.7549
1.18835
1.61948
1.024
1.024
1.18403
1.02628
1.02683
1.024
1.02657
1.02498
1.16715
1.03589
1.02498
1.08107
1.024
1.024
1.04224
1.1766
1.02498
1.19368
1.03443
1.02498
1.03353
1.02754
1.02498
1.02884
1.024
1.024
1.05739
1.0564
1.10085
1.02616
1.07583
1.21363
1.024
1.15758
1.03016
1.18612
1.14765
1.02767
1.024
1.15917
1.03548
1.04436
1.024
1.10451
1.024
1.024
1.02498
1.33544
1.2233
1.30587
1.02498
1.55439
1.03284
1.04095
1.024
1.024
1.02855
1.024
1.13943
1.03018
1.18437
1.30479
1.34185
1.06067
1.19315
1.11817
1.024
1.03183
1.02568
1.024
1.06709
1.13544
1.0558
1.17632
1.02498
1.15383
1.02498
1.03331
1.02956
1.024
1.15165
1.024
2.06236
1.0432
1.02788
1.09813
1.02828
1.024
1.20809
1.04484
1.03205
1.02498
1.06163
1.06881
1.05897
1.02853
1.03007
1.024
1.05573
1.02498
1.024
1.12918
1.02651
1.40956
1.06007
1.06589
1.14371
1.024
1.02657
1.02498
1.02498
1.02498
1.024
1.61977
1.02498
1.05206
1.02498
1.02498
1.14583
1.02498
1.024
1.02498
1.024
1.19934
1.12287
1.0369
1.024
1.08105
1.024
1.024
1.093
1.0662
1.024
1.12884
1.10387
1.0928
1.02874
1.024
1.04611
1.03097
1.49255
1.02498
1.04335
1.06564
1.04733
1.024
1.04218
1.16626
1.14716
1.12328
1.024
1.1782
1.16424
1.024
1.024
1.02919
1.024
1.024
1.024
1.09513
1.03535
1.02792
1.06063
1.06668
1.34007
1.09725
1.20075
1.02498
1.024
1.03996
1.03537
1.16097
1.024
1.024
1.07345
1.38698
1.02572
1.07014
1.02498
1.10253
1.14852
1.03352
1.04066
1.02498
1.024
1.16644
1.02498
1.024
1.05798
1.04705
1.02498
1.02498
1.14219
1.1229
1.086
1.12648
1.024
1.11966
1.12731
1.024
1.03852
1.024
1.024
1.25418
1.10738
1.03615
1.07244
1.19395
1.15846
1.08651
1.02734
1.024
1.02498
1.73662
1.02498
1.02901
1.03849
1.09946
1.28549
1.27566
1.15896
1.42326
1.024
1.02498
1.09797
1.02794
1.41157
1.24814
1.08329
1.0572
1.11057
1.08523
1.15211
1.06375
1.05869
1.04023
1.0277
1.08368
1.02574
1.0482
1.02498
1.03129
1.27258
1.36959
1.03695
1.20297
1.024
1.024
1.024
1.02498
1.03495
1.05527
1.024
1.024
1.02498
1.024
1.024
1.11878
1.06792
1.02567
1.34584
1.34266
1.12731
1.02606
1.0741
1.02805
1.03265
1.02802
1.024
1.40457
1.23098
1.83247
1.07641
1.03933
1.2077
1.03764
1.0877
1.02498
1.21704
1.0829
1.024
1.03066
1.22572
1.15318
1.04284
1.02768
1.09634
1.18416
1.024
1.02498
1.024
1.02902
1.024
1.04611
1.13259
1.02498
1.18917
1.06152
1.05996
1.05957
1.03927
1.29329
1.024
1.06812
1.02498
1.02498
1.05269
1.02939
1.04266
1.16363
1.024
1.024
1.27858
1.43508
1.02498
1.02498
1.07021
1.02498
1.02498
1.024
1.08498
1.06439
1.024
1.024
1.02498
1.024
1.05345
1.07228
1.024
1.02694
1.02498
1.27462
1.024
1.024
1.16838
1.25765
1.14261
1.024
1.03339
1.16737
1.024
1.024
1.02498
1.02498
1.32416
1.10169
1.02498
1.024
1.02994
1.024
1.14195
1.05804
1.06445
1.04525
1.02791
1.024
1.08934
1.02498
1.024
1.08045
1.024
1.02576
1.14843
1.06454
1.02538
1.024
1.04262
1.04198
1.02823
1.024
1.024
1.024
1.024
1.03821
1.17874
1.35281
1.05467
1.02572
1.02937
1.04818
1.06324
1.024
1.10602
1.05832
1.07765
1.04837
1.04248
1.17355
1.11325
1.02816
1.34687
1.21208
1.02498
1.11745
1.024
1.085
1.024
1.18615
1.02714
1.02498
1.02498
1.27788
1.04705
1.024
1.18726
1.05626
1.19968
1.03401
1.024
1.05916
1.03796
1.02853
1.06064
1.024
1.08149
1.05076
1.19666
1.03647
1.02778
1.17888
1.02498
1.02498
1.02498
1.16174
1.03317
1.14852
1.02498
1.024
1.024
1.07836
1.14036
1.32476
1.024
1.024
1.09114
1.024
1.024
1.08324
1.2101
1.02498
1.024
1.02695
1.07791
1.02498
1.024
1.0988
1.14238
1.04041
1.02865
1.04996
1.0845
1.024
1.02498
1.02498
1.024
1.02726
1.02938
1.024
1.14194
1.32965
1.024
1.24561
1.02498
1.11607
1.04344
1.02498
1.10971
1.32768
1.13176
1.15179
1.04494
1.02498
1.0303
1.10849
1.49445
1.25606
1.024
1.024
1.024
1.07249
1.02498
1.0898
1.23061
1.02498
1.16871
1.03289
1.024
1.22835
1.024
1.024
1.17451
1.024
1.07439
1.12023
1.02498
1.18985
1.024
1.1592
1.14752
1.024
1.25641
1.024
1.024
1.15861
1.02498
1.02498
1.1677
1.02498
1.024
1.10321
1.04456
1.0315
1.03698
1.02498
1.03858
1.23172
1.02498
1.02498
1.09582
1.03513
1.02498
1.02498
1.19477
1.25665
1.18875
1.024
1.05878
1.30302
1.02956
1.02498
1.19002
1.024
1.03338
1.07327
1.37996
1.20497
1.024
1.02552
1.03212
1.11889
1.02498
1.024
1.1755
1.38343
1.02498
1.02498
1.02498
1.03473
1.024
1.02726
1.024
1.60527
1.02498
1.32661
1.024
1.12848
1.10603
1.07653
1.024
1.28313
1.024
1.02498
1.20566
1.024
1.02817
1.02498
1.11628
1.27765
1.024
1.024
1.02498
1.15957
1.02498
1.13947
1.024
1.29633
1.16054
1.02833
1.024
1.16085
1.17007
1.09379
1.02498
1.02929
1.024
1.024
1.024
1.024
1.024
1.024
1.53486
1.02498
1.03418
1.32472
1.024
1.024
1.024
1.024
1.08666
1.02498
1.1209
1.10704
1.024
1.09952
1.024
1.14092
1.20906
1.05217
1.02498
1.03137
1.02498
1.07631
1.02498
1.09963
1.024
1.02498
1.02924
1.02727
1.024
1.024
1.08084
1.02803
1.26012
1.02498
1.06217
1.13822
1.33125
1.08707
1.02498
1.03828
1.03339
1.07478
1.12255
1.02498
1.11639
1.02533
1.06906
1.12398
1.02498
1.20896
1.02498
1.0271
1.19281
1.0264
1.20785
1.024
1.08162
1.03687
1.02521
1.10573
1.024
1.04896
1.03188
1.024
1.05355
1.02498
1.02926
1.02824
1.06701
1.024
1.81003
1.08981
1.06032
1.024
1.03313
1.19055
1.03379
1.024
1.02855
1.10125
1.10843
1.05742
1.0272
1.35512
1.05627
1.02498
1.14545
1.03801
1.02498
1.09403
1.024
1.04163
1.39201
1.02498
1.02498
1.11574
1.05953
1.02498
1.03905
1.02498
1.10787
1.024
1.04174
1.04338
1.024
1.21557
1.02754
1.0679
1.02498
1.04861
1.03091
1.17095
1.07055
1.02578
1.024
1.02498
1.02655
1.02498
1.02498
1.024
1.0469
1.02498
1.024
1.02786
1.02498
1.02498
1.02498
1.03025
1.14882
1.02627
1.11073
1.04197
1.02666
1.06002
1.07754
1.08369
1.03095
1.23029
1.0463
1.02525
1.16259
1.024
1.03773
1.03328
1.024
1.11256
1.024
1.024
1.33545
1.02498
1.0261
1.07802
1.22564
1.02856
1.03593
1.17357
1.02498
1.02913
1.02498
1.024
1.27388
1.024
1.024
1.09978
1.024
1.02498
1.0333
1.22537
1.03129
1.024
1.20872
1.03568
1.04073
0.861202
1.12018
1.00384
1.06281
0.873625
0.8192
0.820874
0.879709
1.12782
0.8192
0.989683
0.983817
0.873484
0.820305
0.819689
0.82613
0.823891
0.840835
0.865373
0.822937
0.823971
1.35541
1.22185
0.939359
1.04275
1.14765
0.973016
0.922727
0.822772
0.819689
0.882778
0.822067
0.968623
1.09286
0.819689
0.840555
0.8192
0.89262
0.876474
0.85587
1.12263
1.43408
0.871685
0.883131
1.15016
0.999375
0.819689
0.866317
0.92417
1.1586
0.871806
0.822682
0.932537
0.918563
0.890145
0.819689
1.1078
0.81969
0.819689
1.10299
0.894178
0.988924
0.859543
0.829821
0.898956
0.821753
0.948988
0.848984
0.8232
0.849191
0.921953
0.884273
1.02354
0.939625
1.22725
1.23789
1.0425
0.852809
1.0774
1.09452
0.820157
0.819689
0.835869
0.857361
0.819689
1.03965
0.836224
0.831303
0.939334
0.8192
1.05318
1.42849
0.839481
0.923385
0.885902
0.884088
1.08856
0.876194
0.899053
1.16447
0.842751
0.864073
0.819689
0.83841
0.96594
0.958333
0.857107
0.87566
1.06199
1.04749
1.05021
0.822233
0.88069
0.827116
0.82715
1.0256
0.822581
0.854444
0.902234
0.845367
0.8192
0.934949
1.14602
0.819704
1.18345
0.877493
1.30755
0.947619
1.06507
1.08267
1.30536
1.192
0.819689
1.22093
0.875884
1.01036
1.04572
1.25344
0.953942
0.829382
1.18289
0.934969
0.821403
0.939097
1.02748
0.877331
1.07654
0.897454
0.880048
0.910904
0.863966
0.953059
0.820235
1.11047
1.12656
0.8192
1.13566
0.824484
0.956093
1.42644
0.819689
0.825354
1.22807
0.982072
1.14026
0.824894
0.848724
0.828723
0.947021
0.861436
0.825008
0.8192
0.88943
1.44959
0.934792
1.00173
1.00256
0.821696
0.819689
1.21851
0.9965
1.06552
0.986682
0.976411
0.887312
0.929184
0.910666
0.887407
0.857746
1.13328
1.02368
0.826121
0.909464
0.819689
1.12556
0.823557
0.906332
1.07774
0.834149
1.48928
1.084
0.849873
1.02464
1.08298
0.938549
0.924427
1.66632
1.02273
0.819689
0.883511
0.830636
1.10351
0.836166
0.8192
0.819689
0.819689
0.8232
1.00213
0.874277
0.929771
0.823053
0.876388
0.885146
0.850269
0.918904
0.889585
1.35213
0.908483
0.83266
0.833486
0.819944
1.20587
0.819689
0.987357
1.04114
0.853913
1.05876
0.927583
1.06903
1.0576
0.834082
1.17482
0.829723
1.15078
1.45751
0.819689
1.1064
0.969587
1.45179
0.8192
0.821564
0.820534
1.07074
1.18372
1.11432
1.15537
0.844461
0.87346
0.8192
1.02468
0.824998
1.01477
0.853257
1.03074
0.874093
1.35817
0.888552
0.903622
1.17051
0.832803
0.819689
1.0278
0.819689
1.14387
0.863788
1.18142
1.05387
1.3472
0.979331
0.871034
1.40932
1.23197
0.826229
0.853883
1.07948
1.08841
0.833999
0.892956
1.48108
0.8192
0.82134
0.989011
0.819689
0.957585
1.03402
0.945724
0.839818
0.853357
0.870737
0.819689
1.01531
0.8192
0.859154
1.25989
1.19875
1.25742
0.830098
0.837553
1.1429
0.819689
1.00446
0.819689
0.892982
0.850392
0.880079
1.1485
0.871337
0.969676
0.843261
0.826895
0.83456
0.86901
1.03246
0.830352
0.952483
1.19057
1.62735
0.863613
0.82425
0.960956
0.864392
0.846815
1.21678
1.16502
0.887735
0.886369
0.843443
0.852048
1.07353
1.42194
0.82911
1.21815
1.35554
0.843693
1.05989
0.892261
0.83323
0.977008
0.832763
0.933936
0.850253
0.960813
1.0348
0.884423
0.820134
0.986354
1.40151
1.11583
1.29707
0.957725
1.06466
0.823882
0.863048
0.986487
0.830474
0.895705
1.01275
1.09642
1.22522
0.821218
0.960139
0.988116
0.987094
0.822668
0.861545
1.0896
0.819689
1.04089
1.05618
0.822446
0.911106
0.824188
0.945931
1.03868
1.44956
0.90974
0.822891
0.848867
0.83581
1.14748
0.819689
0.819689
1.07784
1.18275
1.01508
0.842102
1.07417
1.57197
1.03262
1.45822
0.941565
0.939928
0.821242
1.01296
1.00241
0.888694
0.869749
0.820367
0.86597
1.00664
1.26632
0.853301
0.855516
0.834482
0.922444
0.819689
0.878331
1.02777
1.07709
1.09401
0.843001
1.04708
1.21746
0.820283
0.8312
1.46481
1.33297
0.886923
0.820311
0.945424
1.22829
1.05369
0.958018
1.19339
0.907055
1.13357
0.819689
0.819689
1.14558
1.24031
0.823225
1.17924
0.819689
0.829322
0.819689
0.909018
0.851037
0.971745
0.845238
0.893323
0.83254
0.917811
0.820055
0.830648
0.822847
1.13315
0.858429
0.820634
1.24452
0.820887
0.833901
0.835937
0.832366
0.828895
1.06263
1.27031
0.823211
1.04386
0.959454
1.18714
0.821081
0.862574
0.824799
1.1635
1.2367
1.3065
0.947235
0.895275
1.05549
0.900726
0.8192
1.18182
0.922389
1.00308
0.940496
1.02547
0.902928
1.02073
0.8192
0.919781
1.05265
0.830787
0.882981
0.828028
1.03537
0.964872
0.836123
0.819689
1.24406
0.883259
1.01781
1.0468
0.823428
0.822227
0.848043
0.926955
0.821148
0.980367
0.831353
0.89229
1.20665
0.856632
0.824176
0.834704
0.940268
0.942098
1.04314
1.08471
0.819689
1.2131
0.94433
0.881302
0.871656
0.837815
1.28267
0.819689
0.977365
0.898637
0.973818
1.28346
0.819689
0.875997
0.83181
0.833021
1.04178
0.844036
1.0278
0.826156
0.844305
0.931308
0.8192
0.982817
1.03181
0.972145
0.904817
0.821949
1.58013
0.970695
0.855553
0.895386
0.871793
1.16648
0.851716
0.906039
1.01727
0.827484
1.23529
0.887238
0.8192
1.1207
0.8192
0.974189
0.838904
1.26964
0.864363
1.25037
1.59626
0.835963
0.823976
0.829968
0.930483
1.26182
1.12816
1.18024
1.08413
1.02163
1.22346
0.8738
0.819689
0.900279
0.87132
0.898247
0.836232
1.54543
0.935538
1.02674
1.19993
0.832786
0.82301
0.93868
0.837363
0.831999
1.00244
0.8192
1.02854
0.822432
0.839272
0.890076
0.844651
1.28177
1.40775
0.903705
1.16339
0.865218
0.839205
0.848284
1.00207
0.881681
0.823479
0.990628
1.49883
0.856822
1.12125
0.82051
1.00885
1.28847
1.0291
1.1238
1.19336
1.38704
1.12191
0.820456
0.819689
0.8624
1.11104
1.15207
0.850521
0.886604
1.23942
0.891086
0.830887
1.11756
0.841944
0.8192
0.975643
0.858194
0.963972
1.1231
0.863481
0.86419
0.844133
0.852316
1.03157
0.822159
1.3694
1.08311
0.837991
0.8192
1.1363
0.819689
0.826165
0.989441
1.48698
0.844931
0.861208
0.856451
0.843088
0.826036
1.05486
0.823576
0.826605
0.827681
0.867339
0.819689
1.06939
0.984022
1.18312
1.70928
1.12555
1.24954
0.8192
0.8192
0.838642
1.1739
0.831551
0.838821
1.32927
0.821459
1.27028
0.880358
0.82488
0.930052
1.33753
1.19886
0.847788
1.15748
0.892898
1.15643
1.08291
0.905981
0.942486
0.826105
0.907052
1.16152
0.834264
1.13388
0.986785
0.974548
0.921219
0.8192
0.83101
0.918487
0.832844
1.17508
0.96631
1.12214
0.838365
0.882957
0.984947
1.40605
0.898571
0.820932
1.08699
0.823919
1.09571
0.965307
0.905903
0.823371
0.823423
1.00216
0.861978
1.10684
1.22701
0.840192
0.894159
1.33228
0.905353
0.888356
1.26919
0.819689
1.17103
0.869357
0.899018
1.04791
1.16209
0.823017
0.872821
0.834453
0.869501
0.819689
0.889535
0.856935
1.1091
0.832316
0.82052
0.844283
0.819689
1.09036
0.964454
0.823593
1.09563
0.895736
1.01905
0.954336
1.18163
0.896012
0.950781
0.843948
0.956025
0.821152
0.822075
0.993724
0.819689
0.849118
1.18027
0.99756
0.819689
0.930117
1.12372
0.825422
0.880383
0.87709
0.955203
1.34194
0.819689
0.900887
1.15254
1.06821
0.884583
0.850958
0.834548
1.10085
1.16663
0.837035
0.831194
1.01599
0.881486
1.10768
1.35673
0.95884
1.23384
0.831913
0.882404
1.12727
1.05682
0.975491
1.16542
0.839284
0.850107
1.11763
0.819689
0.81978
0.985281
0.819689
0.835361
0.820074
0.9052
0.982073
0.831395
0.84801
0.988402
0.896599
1.27725
1.02797
0.819694
0.835636
0.952857
1.10837
1.4666
0.819689
0.93994
1.00309
1.02282
0.820579
1.00858
0.82327
0.916951
0.836269
0.885905
1.35974
0.819689
0.891804
0.8192
1.13032
1.05605
0.873852
1.0277
0.843172
0.850138
1.40613
1.09976
1.27207
0.8192
1.33756
0.98518
1.03291
0.851612
0.829048
1.05335
1.14211
0.861281
0.851407
1.31635
0.836755
0.827249
0.943114
0.823687
0.861194
0.829418
0.948857
0.868658
1.17476
0.911344
0.975008
1.258
1.10118
1.04567
1.14108
0.820619
0.831497
0.857431
0.865942
0.83242
0.844007
0.838075
1.09789
0.819784
1.0372
0.821044
0.83725
0.823426
0.910232
0.84788
0.8192
1.1046
0.826096
1.28429
1.09539
0.977921
1.11517
0.897388
0.8192
1.08527
1.15881
0.920336
1.15401
0.89777
1.01572
1.03268
1.18821
0.819689
0.828185
0.96615
1.11179
1.02799
0.828352
1.32313
1.10988
1.00083
0.8192
1.42829
0.832207
1.09168
1.07196
0.824832
0.830144
0.863477
0.999005
0.977122
1.02328
0.921353
0.882201
1.13421
0.845075
0.824188
0.833332
0.874777
1.24323
0.929522
1.17194
1.16003
1.06252
0.82392
0.848995
1.11793
1.04967
1.12794
1.34969
1.04205
1.00308
0.85147
0.8192
1.39914
1.1654
0.819689
0.834792
0.890759
1.08916
0.894549
1.03977
0.924046
1.00621
1.15362
0.840699
0.957556
0.8192
0.823576
0.975682
0.920056
0.977089
0.920445
1.06983
1.15754
0.97263
0.927759
1.12663
0.832164
0.9275
0.853194
0.819689
0.93343
0.846159
1.06965
1.15714
1.0991
1.13136
0.833967
0.819689
1.19778
0.837729
0.937397
0.84917
1.05388
0.819876
0.822942
1.28827
0.819689
0.940802
1.17336
0.8192
1.23246
1.12459
0.819689
0.852216
0.819964
0.893023
1.29493
1.09003
0.915258
0.920646
0
0
0
0
0
0
0
0
0
0
0
0
0
0
0
0
0
0
0
0
0
0
0
0
0
0
0
0
0
0
0
0
0
0
0
0
0
0
0
0
0
0
0
0
0
0
0
0
0
0
0
0
0
0
0
0
0
0
0
0
0
0
0
0
0
0
0
0
0
0
0
0
0
0
0
0
0
0
0
0
0
0
0
0
0
0
0
0
0
0
0
0
0
0
0
0
0
0
0
0
0
0
0
0
0
0
0
0
0
0
0
0
0
0
0
0
0
0
0
0
0
0
0
0
0
0
0
0
0
0
0
0
0
0
0
0
0
0
0
0
0
0
0
0
0
0
0
0
0
0
0
0
0
0
0
0
0
0
0
0
0
0
0
0
0
0
0
0
0
0
0
0
0
0
0
0
0
0
0
0
0
0
0
0
0
0
0
0
0
0
0
0
0
0
0
0
0
0
0
0
0
0
0
0
0
0
0
0
0
0
0
0
0
0
0
0
0
0
0
0
0
0
0
0
0
0
0
0
0
0
0
0
0
0
0
0
0
0
0
0
0
0
0
0
0
0
0
0
0
0
0
0
0
0
0
0
0
0
0
0
0
0
0
0
0
0
0
0
0
0
0
0
0
0
0
0
0
0
0
0
0
0
0
0
0
0
0
0
0
0
0
0
0
0
0
0
0
0
0
0
0
0
0
0
0
0
0
0
0
0
0
0
0
0
0
0
0
0
0
0
0
0
0
0
0
0
0
0
0
0
0
0
0
0
0
0
0
0
0
0
0
0
0
0
0
0
0
0
0
0
0
0
0
0
0
0
0
0
0
0
0
0
0
0
0
0
0
0
0
0
0
0
0
0
0
0
0
0
0
0
0
0
0
0
0
0
0
0
0
0
0
0
0
0
0
0
0
0
0
0
0
0
0
0
0
0
0
0
0
0
0
0
0
0
0
0
0
0
0
0
0
0
0
0
0
0
0
0
0
0
0
0
0
0
0
0
0
0
0
0
0
0
0
0
0
0
0
0
0
0
0
0
0
0
0
0
0
0
0
0
0
0
0
0
0
0
0
0
0
0
0
0
0
0
0
0
0
0
0
0
0
0
0
0
0
0
0
0
0
0
0
0
0
0
0
0
0
0
0
0
0
0
0
0
0
0
0
0
0
0
0
0
0
0
0
0
0
0
0
0
0
0
0
0
0
0
0
0
0
0
0
0
0
0
0
0
0
0
0
0
0
0
0
0
0
0
0
0
0
0
0
0
0
0
0
0
0
0
0
0
0
0
0
0
0
0
0
0
0
0
0
0
0
0
0
0
0
0
0
0
0
0
0
0
0
0
0
0
0
0
0
0
0
0
0
0
0
0
0
0
0
0
0
0
0
0
0
0
0
0
0
0
0
0
0
0
0
0
0
0
0
0
0
0
0
0
0
0
0
0
0
0
0
0
0
0
0
0
0
0
0
0
0
0
0
0
0
0
0
0
0
0
0
0
0
0
0
0
0
0
0
0
0
0
0
0
0
0
0
0
0
0
0
0
0
0
0
0
0
0
0
0
0
0
0
0
0
0
0
0
0
0
0
0
0
0
0
0
0
0
0
0
0
0
0
0
0
0
0
0
0
0
0
0
0
0
0
0
0
0
0
0
0
0
0
0
0
0
0
0
0
0
0
0
0
0
0
0
0
0
0
0
0
0
0
0
0
0
0
0
0
0
0
0
0
0
0
0
0
0
0
0
0
0
0
0
0
0
0
0
0
0
0
0
0
0
0
0
0
0
0
0
0
0
0
0
0
0
0
0
0
0
0
0
0
0
0
0
0
0
0
0
0
0
0
0
0
0
0
0
0
0
0
0
0
0
0
0
0
0
0
0
0
0
0
0
0
0
0
0
0
0
0
0
0
0
0
0
0
0
0
0
0
0
0
0
0
0
0
0
0
0
0
0
0
0
0
0
0
0
0
0
0
0
0
0
0
0
0
0
0
0
0
0
0
0
0
0
0
0
0
0
0
0
0
0
0
0
0
0
0
0
0
0
0
0
0
0
0
0
0
0
0
0
0
0
0
0
0
0
0
0
0
0
0
0
0
0
0
0
0
0
0
0
0
0
0
0
0
0
0
0
0
0
0
0
0
0
0
0
0
0
0
0
0
0
0
0
0
0
0
0
0
0
0
0
0
0
0
0
0
0
0
0
0
0
0
0
0
0
0
0
0
0
0
0
0
0
0
0
0
0
0
0
0
0
0
0
0
0
0
0
0
0
0
0
0
0
0
0
0
0
0
0
0
0
0
0
0
0
0
0
0
0
0
0
0
0
0
0
0
0
0
0
0
0
0
0
0
0
0
0
0
0
0
0
0
0
0
0
0
0
0
0
0
0
0
0
0
0
0
0
0
0
0
0
0
0
0
0
0
0
0
0
0
0
0
0
0
0
0
0
0
0
0
0
0
0
0
0
0
0
0
0
0
0
0
0
0
0
0
0
0
0
0
0
0
0
0
0
0
0
0
0
0
0
0
0
0
0
0
0
0
0
0
0
0
0
0
0
0
0
0
0
0
0
0
0
0
0
0
0
0
0
0
0
0
0
0
0
0
0
0
0
0
0
0
0
0
0
0
0
0
0
0
0
0
0
0
0
0
0
0
0
0
0
0
0
0
0
0
0
0
0
0
0
0
0
0
0
0
0
0
0
0
0
0
0
0
0
0
0
0
0
0
0
0
0
0
0
0
0
0
0
0
0
0
0
0
0
0
0
0
0
0
0
0
0
0
0
0
0
0
0
0
0
0
0
0
0
0
0
0
0
0
0
0
0
0
0
0
0
0
0
0
0
0
0
0
0
0
0
0
0
0
0
0
0
0
0
0
0
0
0
0
0
0
0
0
0
0
0
0
0
0
0
0
0
0
0
0
0
0
0
0
0
0
0
0
0
0
0
0
0
0
0
0
0
0
0
0
0
0
0
0
0
0
0
0
0
0
0
0
0
0
0
0
0
0
0
0
0
0
0
0
0
0
0
0
0
0
0
0
0
0
0
0
0
0
0
0
0
0
0
0
0
0
0
0
0
0
0
0
0
0
0
0
0
0
0
0
0
0
0
0
0
0
0
0
0
0
0
0
0
0
0
0
0
0
0
0
0
0
0
0
0
0
0
0
0
0
0
0
0
0
0
0
0
0
0
0
0
0
0
0
0
0
0
0
0
0
0
0
0
0
0
0
0
0
0
0
0
0
0
0
0
0
0
0
0
0
0
0
0
0
0
0
0
0
0
0
0
0
0
0
0
0
0
0
0
0
0
0
0
0
0
0
0
0
0
0
0
0
0
0
0
0
0
0
0
0
0
0
0
0
0
0
0
0
0
0
0
0
0
0
0
0
0
0
0
0
0
0
0
0
0
0
0
0
0
0
0
0
0
0
0
0
0
0
0
0
0
0
0
0
0
0
0
0
0
0
0
0
0
0
0
0
0
0
0
0
0
0
0
0
0
0
0
0
0
0
0
0
0
0
0
0
0
0
0
0
0
0
0
0
0
0
0
0
0
0
0
0
0
0
0
0
0
0
0
0
0
0
0
0
0
0
0
0
0
0
0
0
0
0
0
0
0
0
0
0
0
0
0
0
0
0
0
0
0
0
0
0
0
0
0
0
0
0
0
0
0
0
0
0
0
0
0
0
0
0
0
0
0
0
0
0
0
0
0
0
0
0
0
0
0
0
0
0
0
0
0
0
0
0
0
0
0
0
0
0
0
0
0
0
0
0
0
0
0
0
0
0
0
0
0
0
0
0
0
0
0
0
0
0
0
0
0
0
0
0
0
0
0
0
0
0
0
0
0
0
0
0
0
0
0
0
0
0
0
0
0
0
0
0
0
0
0
0
0
0
0
0
0
0
0
0
0
0
0
0
0
0
0
0
0
0
0
0
0
0
0
0
0
0
0
0
0
0
0
0
0
0
0
0
0
0
0
0
0
0
0
0
0
0
0
0
0
0
0
0
0
0
0
0
0
0
0
0
0
0
0
0
0
0
0
0
0
0
0
0
0
0
0
0
0
0
0
0
0
0
0
0
0
0
0
0
0
0
0
0
0
0
0
0
0
0
0
0
0
0
0
0
0
0
0
0
0
0
0
0
0
0
0
0
0
0
0
0
0
0
0
0
0
0
0
0
0
0
0
0
0
0
0
0
0
0
0
0
0
0
0
0
0
0
0
0
0
0
0
0
0
0
0
0
0
0
0
0
0
0
0
0
0
0
0
0
0
0
0
0
0
0
0
0
0
0
0
0
0
0
0
0
0
0
0
0
0
0
0
0
0
0
0
0
0
0
0
0
0
0
0
0
0
0
0
0
0
0
0
0
0
0
0
0
0
0
0
0
0
0
0
0
0
0
0
0
0
0
0
0
0
0
0
0
0
0
0
0
0
0
0
0
0
0
0
0
0
0
0
0
0
0
0
0
0
0
0
0
0
0
0
0
0
0
0
0
0
0
0
0
0
0
0
0
0
0
0
0
0
0
0
0
0
0
0
0
0
0
0
