0
0
0
0
0
0
0
0
0
0
0
0
0
0
0
0
0
0
0
0
0
0
0
0
0
0
0
0
0
0
0
0
0
0
0
0
0
0
0
0
0
0
0
0
0
0
0
0
0
0
0
0
0
0
0
0
0
0
0
0
0
0
0
0
0
0
0
0
0
0
0
0
0
0
0
0
0
0
0
0
0
0
0
0
0
0
0
0
0
0
0
0
0
0
0
0
0
0
0
0
0
0
0
0
0
0
0
0
0
0
0
0
0
0
0
0
0
0
0
0
0
0
0
0
0
0
0
0
0
0
0
0
0
0
0
0
0
0
0
0
0
0
0
0
0
0
0
0
0
0
0
0
0
0
0
0
0
0
0
0
0
0
0
0
0
0
0
0
0
0
0
0
0
0
0
0
0
0
0
0
0
0
0
0
0
0
0
0
0
0
0
0
0
0
0
0
0
0
0
0
0
0
0
0
0
0
0
0
0
0
0
0
0
0
0
0
0
0
0
0
0
0
0
0
0
0
0
0
0
0
0
0
0
0
0
0
0
0
0
0
0
0
0
0
0
0
0
0
0
0
0
0
0
0
0
0
0
0
0
0
0
0
0
0
0
0
0
0
0
0
0
0
0
0
0
0
0
0
0
0
0
0
0
0
0
0
0
0
0
0
0
0
0
0
0
0
0
0
0
0
0
0
0
0
0
0
0
0
0
0
0
0
0
0
0
0
0
0
0
0
0
0
0
0
0
0
0
0
0
0
0
0
0
0
0
0
0
0
0
0
0
0
0
0
0
0
0
0
0
0
0
0
0
0
0
0
0
0
0
0
0
0
0
0
0
0
0
0
0
0
0
0
0
0
0
0
0
0
0
0
0
0
0
0
0
0
0
0
0
0
0
0
0
0
0
0
0
0
0
0
0
0
0
0
0
0
0
0
0
0
0
0
0
0
0
0
0
0
0
0
0
0
0
0
0
0
0
0
0
0
0
0
0
0
0
0
0
0
0
0
0
0
0
0
0
0
0
0
0
0
0
0
0
0
0
0
0
0
0
0
0
0
0
0
0
0
0
0
0
0
0
0
0
0
0
0
0
0
0
0
0
0
0
0
0
0
0
0
0
0
0
0
0
0
0
0
0
0
0
0
0
0
0
0
0
0
0
0
0
0
0
0
0
0
0
0
0
0
0
0
0
0
0
0
0
0
0
0
0
0
0
0
0
0
0
0
0
0
0
0
0
0
0
0
0
0
0
0
0
0
0
0
0
0
0
0
0
0
0
0
0
0
0
0
0
0
0
0
0
0
0
0
0
0
0
0
0
0
0
0
0
0
0
0
0
0
0
0
0
0
0
0
0
0
0
0
0
0
0
0
0
0
0
0
0
0
0
0
0
0
0
0
0
0
0
0
0
0
0
0
0
0
0
0
0
0
0
0
0
0
0
0
0
0
0
0
0
0
0
0
0
0
0
0
0
0
0
0
0
0
0
0
0
0
0
0
0
0
0
0
0
0
0
0
0
0
0
0
0
0
0
0
0
0
0
0
0
0
0
0
0
0
0
0
0
0
0
0
0
0
0
0
0
0
0
0
0
0
0
0
0
0
0
0
0
0
0
0
0
0
0
0
0
0
0
0
0
0
0
0
0
0
0
0
0
0
0
0
0
0
0
0
0
0
0
0
0
0
0
0
0
0
0
0
0
0
0
0
0
0
0
0
0
0
0
0
0
0
0
0
0
0
0
0
0
0
0
0
0
0
0
0
0
0
0
0
0
0
0
0
0
0
0
0
0
0
0
0
0
0
0
0
0
0
0
0
0
0
0
0
0
0
0
0
0
0
0
0
0
0
0
0
0
0
0
0
0
0
0
0
0
0
0
0
0
0
0
0
0
0
0
0
0
0
0
0
0
0
0
0
0
0
0
0
0
0
0
0
0
0
0
0
0
0
0
0
0
0
0
0
0
0
0
0
0
0
0
0
0
0
0
0
0
0
0
0
0
0
0
0
0
0
0
0
0
0
0
0
0
0
0
0
0
0
0
0
0
0
0
0
0
0
0
0
0
0
0
0
0
0
0
0
0
0
0
0
0
0
0
0
0
0
0
0
0
0
0
0
0
0
0
0
0
0
0
0
0
0
0
0
0
0
0
0
0
0
0
0
0
0
0
0
0
0
0
0
0
0
0
0
0
0
0
0
0
0
0
0
0
0
0
0
0
0
0
0
0
0
0
0
0
0
0
0
0
0
0
0
0
0
0
0
0
0
0
0
0
0
0
0
0
0
0
0
0
0
0
0
0
0
0
0
0
0
0
0
0
0
0
0
0
0
0
0
0
0
0
0
0
0
0
0
0
0
0
0
0
0
0
0
0
0
0
0
0
0
0
0
0
0
0
0
0
0
0
0
0
0
0
0
0
0
0
0
0
0
0
0
0
0
0
0
0
0
0
0
0
0
0
0
0
0
0
0
0
0
0
0
0
0
0
0
0
0
0
0
0
0
0
0
0
0
0
0
0
0
0
0
0
0
0
0
0
0
0
0
0
0
0
0
0
0
0
0
0
0
0
0
0
0
0
0
0
0
0
0
0
0
0
0
0
0
0
0
0
0
0
0
0
0
0
0
0
0
0
0
0
0
0
0
0
0
0
0
0
0
0
0
0
0
0
0
0
0
0
0
0
0
0
0
0
0
0
0
0
0
0
0
0
0
0
0
0
0
0
0
0
0
0
0
0
0
0
0
0
0
0
0
0
0
0
0
0
0
0
0
0
0
0
0
0
0
0
0
0
0
0
0
0
0
0
0
0
0
0
0
0
0
0
0
0
0
0
0
0
0
0
0
0
0
0
0
0
0
0
0
0
0
0
0
0
0
0
0
0
0
0
0
0
0
0
0
0
0
0
0
0
0
0
0
0
0
0
0
0
0
0
0
0
0
0
0
0
0
0
0
0
0
0
0
0
0
0
0
0
0
0
0
0
0
0
0
0
0
0
0
0
0
0
0
0
0
0
0
0
0
0
0
0
0
0
0
0
0
0
0
0
0
0
0
0
0
0
0
0
0
0
0
0
0
0
0
0
0
0
0
0
0
0
0
0
0
0
0
0
0
0
0
0
0
0
0
0
0
0
0
0
0
0
0
0
0
0
0
0
0
0
0
0
0
0
0
0
0
0
0
0
0
0
0
0
0
0
0
0
0
0
0
0
0
0
0
0
0
0
0
0
0
0
0
0
0
0
0
0
0
0
0
0
0
0
0
0
0
0
0
0
0
0
0
0
0
0
0
0
0
0
0
0
0
0
0
0
0
0
0
0
0
0
0
0
0
0
0
0
0
0
0
0
0
0
0
0
0
0
0
0
0
0
0
0
0
0
0
0
0
0
0
0
0
0
0
0
0
0
0
0
0
0
0
0
0
0
0
0
0
0
0
0
0
0
0
0
0
0
0
0
0
0
0
0
0
0
0
0
0
0
0
0
0
0
0
0
0
0
0
0
0
0
0
0
0
0
0
0
0
0
0
0
0
0
0
0
0
0
0
0
0
0
0
0
0
0
0
0
0
0
0
0
0
0
0
0
0
0
0
0
0
0
0
0
0
0
0
0
0
0
0
0
0
0
0
0
0
0
0
0
0
0
0
0
0
0
0
0
0
0
0
0
0
0
0
0
0
0
0
0
0
0
0
0
0
0
0
0
0
0
0
0
0
0
0
0
0
0
0
0
0
0
0
0
0
0
0
0
0
0
0
0
0
0
0
0
0
0
0
0
0
0
0
0
0
0
0
0
0
0
0
0
0
0
0
0
0
0
0
0
0
0
0
0
0
0
0
0
0
0
0
0
0
0
0
0
0
0
0
0
0
0
0
0
0
0
0
0
0
0
0
0
0
0
0
0
0
0
0
0
0
0
0
0
0
0
0
0
0
0
0
0
0
0
0
0
0
0
0
0
0
0
0
0
0
0
0
0
0
0
0
0
0
0
0
0
0
0
0
0
0
0
0
0
0
0
0
0
0
0
0
0
0
0
0
0
0
0
0
0
0
0
0
0
0
0
0
0
0
0
0
0
0
0
0
0
0
0
0
0
0
0
0
0
0
0
0
0
0
0
0
0
0
0
0
0
0
0
0
0
0
0
0
0
0
0
0
0
0
0
0
0
0
0
0
0
0
0
0
0
0
0
0
0
0
0
0
0
0
0
0
0
0
0
0
0
0
0
0
0
0
0
0
0
0
0
0
0
0
0
0
0
0
0
0
0
0
0
0
0
0
0
0
0
0
0
0
0
0
0
0
0
0
0
0
0
0
0
0
0
0
0
0
0
0
0
0
0
0
0
0
0
0
0
0
0
0
0
0
0
0
0
0
0
0
0
0
0
0
0
0
0
0
0
0
0
0
0
0
0
0
0
0
0
0
0
0
0
0
0
0
0
0
0
0
0
0
0
0
0
0
0
0
0
0
0
0
0
0
0
0
0
0
0
0
0
0
0
0
0
0
0
0
0
0
0
0
0
0
0
0
0
0
0
0
0
0
0
0
0
0
0
0
0.52774
-1.11017
-0.0877272
0.452556
-0.683974
0.287105
-0.79981
-1.56809
-0.103862
0.245098
-1.12066
-0.955752
-0.0191991
0.173757
0.108633
-0.660328
-0.8353
-0.533489
0.0591298
-1.86696
-0.589345
-0.514765
-1.71483
-1.16487
-0.678192
0.322036
0.265093
0.336494
-1.19207
0.271278
-1.28014
-0.680386
-0.115306
0.280792
-0.178152
-1.20472
-0.334821
-0.534654
-0.0984474
0.576363
-0.145459
0.170756
-0.214713
-0.270849
0.0717213
-0.0639862
0.0959245
0.0536732
-0.355581
0.342045
-0.596149
-0.938293
-1.36761
0.292588
-0.816501
0.402096
0.221139
0.253624
-0.362024
-0.796906
-0.251898
-0.235747
0.125712
-0.516549
0.12722
-0.356768
0.630147
-0.734789
-0.0160129
-0.468489
-0.41884
0.136772
-1.03895
0.369611
-0.107781
0.168646
0.049797
-1.54931
-0.160841
-0.241784
-1.0674
-0.171722
-0.289818
0.394085
-0.239723
-1.70036
-0.311421
-0.319816
-1.91395
-1.66867
0.446227
-0.235403
-1.29259
-0.614149
-0.0518872
0.137531
-1.21911
-1.6897
-0.876612
-0.333496
-1.40894
-0.887608
-0.406188
0.0690008
0.309168
-0.826328
0.226084
0.21927
0.606963
0.470061
-0.302247
0.448102
-1.28453
0.0816756
0.29244
0.392734
-0.480367
0.037866
-0.441002
-0.318632
-0.394227
0.605904
-0.56965
0.0650977
0.607916
-0.917111
-0.0151956
-1.57759
-0.824017
0.0985877
0.391075
0.299609
0.209148
0.308988
-1.84379
-0.217197
-2.16698
-0.627256
-0.0148747
0.601918
-0.150892
0.379317
-0.703447
0.189478
-1.17678
0.332343
-1.15249
0.365885
0.189793
0.229938
-1.51864
0.661454
0.103675
-0.0858832
-1.16625
-0.475889
-1.53569
-1.1461
-1.10845
-1.79635
-0.475475
0.05088
-0.0312249
-0.0279434
-0.595741
-1.0946
-1.10129
0.210895
-1.11852
-0.0879802
-0.161518
-0.460812
-0.514861
-0.652411
-1.87756
0.325961
-0.0440584
0.189786
-0.676726
0.182473
0.0400464
-1.11921
0.014547
0.029455
-0.238522
-1.75596
0.142557
-1.53901
0.376321
0.337748
-0.320271
-0.164286
-0.508398
-0.953704
0.0983188
-1.49372
0.23308
-0.559663
-0.124989
-0.399226
-1.04541
-1.26587
-2.83349
-1.00663
0.072901
0.078735
0.501706
-0.237935
-2.30135
0.21242
0.733271
-1.36779
-0.155606
-0.388035
0.673812
-2.09081
-0.332658
0.403541
-0.770999
0.439494
-1.45349
-0.746873
-0.353895
0.182513
0.776998
-0.361086
-0.707628
0.609908
-0.443845
-0.851281
-0.410711
-1.09785
-0.390009
-0.106326
0.269535
-0.0985481
-0.35292
-0.619835
-0.454667
-1.21988
-0.798681
-0.595955
0.663431
0.215324
-0.0140913
-0.717545
-0.882577
0.0817057
0.222858
-0.0903172
-0.0521626
-0.750702
0.104904
-1.30466
-0.0444296
-0.100035
0.234124
-0.531596
0.340804
-1.20282
0.277365
-1.62164
-1.68426
-0.7113
0.188058
0.524227
-0.278826
-1.46995
0.303156
0.583052
0.410101
0.0477574
0.602923
0.316272
-0.607555
0.408722
-1.5686
-0.424811
-0.95048
-0.344757
-0.729498
0.412919
-0.387804
-0.468253
0.20573
0.364616
-0.916854
0.55762
-0.370178
-0.469223
0.244767
0.413531
-1.01016
0.544839
-1.03544
0.0540031
-1.78299
0.679289
0.453499
0.742745
-0.990586
-0.588962
0.247124
-1.20806
-0.389593
0.061169
0.252945
-0.469404
0.579443
-1.06598
0.103327
-0.537965
-0.653189
0.0952724
-0.247224
-0.167601
-0.868443
-0.801768
-0.565436
-1.20228
0.221639
-0.113775
-0.695788
-0.994677
-0.869543
-1.05546
-0.731846
0.176282
0.360198
-0.633688
0.024539
0.263359
0.324713
-0.71708
-0.113914
-0.239307
0.0202491
-0.319866
-1.73735
-1.53879
0.0910602
0.0536703
-0.597232
0.466875
0.636381
-1.67173
0.0604343
-0.273903
-0.326345
0.76229
0.0308225
-1.17606
0.342575
0.110881
0.110225
0.527718
-1.39674
0.192474
0.263905
0.130735
-1.50891
0.380428
0.704011
-2.39702
-0.896223
0.24771
0.346639
0.229916
0.531848
0.242268
-1.40133
-0.883997
0.284869
0.188537
0.0839326
0.28211
0.57779
-0.955793
0.142714
0.327015
0.0452425
-1.19256
-0.403065
0.537632
0.235712
-0.504465
-0.00564351
-0.741823
0.259585
0.177
0.0282839
-0.641071
-0.127717
0.716545
0.153465
-1.04651
0.379165
0.711688
-1.13594
0.762127
-0.146616
0.283092
-0.17523
-1.95696
-0.324198
-2.09749
0.140511
-0.0896804
-1.50092
0.175156
-0.0504127
-1.50045
-0.295435
-0.875376
-0.233837
-0.159206
-0.444477
0.158373
0.53331
0.331161
-1.23448
0.572288
0.712197
0.727899
-0.715384
0.620542
-0.167838
-0.733739
0.627213
-1.229
-1.20317
-0.48698
-0.223091
-1.16453
-2.00512
0.3057
-0.766663
0.463177
-0.917315
-0.0245725
-0.535749
0.134812
-0.318633
-0.67143
-1.11792
-0.827442
-0.905042
0.269341
0.464947
-1.1346
-1.61342
-0.122982
-0.0329554
-0.0045503
-0.858946
0.125319
-0.649576
0.0852318
-0.631546
-0.782244
-0.236882
-0.481351
-0.230583
-1.64923
-0.350157
-0.54613
-0.221531
-1.59143
-0.913331
-0.387803
-0.754845
0.797747
0.00130204
-0.931158
-0.00493315
-0.461562
-0.333323
-0.420528
0.216573
0.223153
0.0451912
0.610167
0.414808
-0.213296
-0.659495
-0.14109
0.899453
-1.78058
-0.0835196
-1.0717
0.00176417
-0.437267
-0.381956
-0.488959
-0.464899
0.249812
-0.259036
-0.262534
-1.49396
0.521449
-1.43835
-0.752364
-0.0679554
-0.493209
0.625302
-0.263214
0.200931
0.142849
0.269659
-0.0861782
-0.822486
-1.49591
-1.16211
0.0101294
-0.746895
-0.0463048
-1.10355
-0.305947
-0.646146
-0.0304355
-0.677448
-0.918662
0.168827
-0.241791
-0.608186
-0.0233067
-0.93932
0.366291
-0.772761
-0.294204
-0.34089
0.416273
-0.969988
-0.741851
0.186149
-0.511664
-1.91643
-0.140757
0.104418
-0.253567
-0.390044
-1.96718
0.518769
-0.954694
0.0914484
0.29228
0.0856433
0.460754
0.345249
-0.673346
0.393297
-0.957419
-1.33272
0.597588
-1.57332
0.23039
-1.01592
-0.547041
-0.636966
-0.934603
-0.317584
0.223652
0.345163
0.240477
-1.16289
0.325727
-1.02231
-1.13355
0.293738
0.0913528
-0.736825
-0.410589
-0.821626
-0.530746
0.0497615
0.273629
-0.228833
0.308639
0.0548928
-0.763769
-0.960774
0.173315
0.552974
-0.460328
-1.02481
0.248545
0.255394
-0.7592
-0.31938
0.133119
0.220818
-1.5118
-1.07168
-0.27149
0.0578694
-0.275908
0.642688
-0.818603
-1.06016
-1.02208
-0.471394
-0.958512
-0.96536
0.590545
-1.47441
-1.12856
0.637838
-1.28041
-0.131696
0.377682
0.127206
0.214376
-0.279675
-0.517113
0.110694
-0.225262
-1.26904
-0.34955
-0.371448
0.00250727
0.589646
-0.79119
-1.45688
0.396389
-0.217403
-0.864541
-1.43089
-0.944012
0.277691
0.453007
-0.822233
0.74576
0.33858
0.276522
-0.112985
-0.98843
-0.12382
-0.889696
-1.54545
-0.113737
-0.188013
0.31009
-1.12539
-1.07581
-1.55005
-0.18486
-0.195043
0.0371308
-2.30034
-1.57365
-0.664089
-0.305722
-1.20287
0.15812
-0.457858
0.255058
0.460819
-1.13878
-0.624745
0.563366
-0.264473
-0.0729316
-2.07114
-0.544254
0.175622
0.0586048
-1.21929
0.138582
-0.697483
0.766662
0.270007
-0.0232658
-0.833649
-0.184393
-1.58344
-0.0960151
-1.46745
-1.61336
0.328581
-0.140008
-0.585155
0.36085
-0.179985
-0.987499
-1.17212
-1.4787
0.0908802
-1.19727
-0.673043
-0.365949
0.282317
-1.26264
-0.0280298
0.494586
-0.397487
0.40078
-0.481836
-0.928428
0.10681
0.103632
-0.908587
-0.00309762
-1.0998
0.173952
-0.610949
-0.968912
-0.667134
-0.498866
0.291222
-0.326645
-1.44099
0.543597
0.0125277
-0.132782
0.140675
-0.479158
0.353067
-0.0161452
0.286163
-0.895018
0.2399
-0.905284
-0.101489
-0.267759
-0.642504
-0.420162
0.480805
-1.34129
0.579734
-0.280289
-0.75447
-0.883503
-0.615644
0.152298
0.503506
-0.0792333
-0.416428
0.41453
-1.21337
0.0357451
-1.26959
0.175785
-0.651091
-0.192035
0.16963
-1.17827
0.366986
-0.0925371
-0.220513
-1.39756
-0.834656
-0.742928
0.565788
0.264332
0.10843
0.410534
0.204959
-1.14604
-0.517892
-0.151867
-1.01442
-0.0532363
0.179415
0.115139
-0.0480611
-2.74948
0.199849
-0.532116
-0.738707
0.33752
-0.124538
0.182157
0.773347
-0.246814
-1.14063
-1.53385
0.4318
0.3079
-0.0137024
0.506402
-0.51315
-0.935812
-0.29784
-1.11289
0.109198
-0.942949
0.568659
-0.0591285
-0.900024
-1.82951
-0.292286
0.284824
0.194951
-0.544846
0.465735
0.753846
0.320855
-0.332986
-0.304387
-0.999061
-1.09529
-0.776192
-0.00798975
0.309258
-0.605783
-1.78444
0.109202
-0.983261
-0.28059
0.293465
-1.58413
0.398092
-1.47933
-1.94672
-1.28959
-1.07984
-1.28287
0.605177
-1.53697
-0.750721
-0.579488
0.682536
-0.116584
-0.895606
-1.23591
-1.2098
-0.160636
-0.360828
0.00849328
-0.656741
-0.123014
-1.03092
0.18538
-1.17328
-0.0559762
-0.262919
-2.37733
-0.876713
-0.766433
-0.351495
-1.17778
0.228284
-0.843905
-0.625511
0.0956873
0.641115
0.319192
-0.0738624
0.113425
-0.63831
0.408222
-0.011315
0.170336
-0.620399
0.0999851
0.592721
-0.184477
0.154737
-1.20403
-1.52112
-0.406927
0.111157
-1.64799
0.671155
0.520902
-1.29575
-0.00339893
-0.440661
0.522103
-0.113036
-1.441
-1.59197
0.0939984
-0.661739
-1.12987
-0.310915
-0.153298
-0.659264
0.06722
-0.391348
-0.625804
-0.0585025
-0.111164
0.372977
0.0291114
0.0178437
-0.983517
-0.028715
-0.180594
-0.533556
-0.0108017
-0.561463
-0.609301
-0.665791
-2.19277
-1.13712
-1.07824
-0.649443
-1.28214
0.220687
0.372622
0.0115175
-0.893063
-0.436324
-0.0302029
-1.30381
-0.943432
-1.09149
-0.172254
-0.16859
0.242927
-1.54513
-0.962182
0.341493
0.326634
-1.97012
-1.00336
-0.0272869
-1.51279
-0.88768
-1.30052
-0.211566
0.19524
-0.785614
-0.454951
-0.65769
-0.366271
-0.22149
-0.682111
-0.991728
0.320644
0.421381
-0.865017
0.230449
-0.153066
-0.489652
0.631669
-0.595151
0.126457
0.0178993
-0.125214
-0.672141
0.501966
0.356965
-0.511549
-0.497204
-1.35504
-1.73621
0.0338423
0.524843
0.197665
-1.29152
-0.699006
0.298623
-1.75136
0.424789
-0.0800216
-0.491834
0.468092
0.118908
-1.0467
-0.401286
0.321063
0.055951
0.161991
-0.397147
0.13452
0.490497
-1.46285
-1.15216
-0.262407
-1.09453
-0.77975
-1.28507
-0.347522
-0.709366
-0.882445
-0.00307279
-0.179365
-2.00767
-1.06432
-0.823188
0.0758528
0.293274
0.530748
0.301383
0.331916
-0.187007
-0.318809
-1.45118
-0.968907
0.0444586
-0.192812
-0.906868
-0.227696
-0.0786034
0.423265
-0.476341
0.0647213
0.545017
-0.159051
-1.39179
0.202426
-1.21978
-1.23589
-0.28987
0.104872
-0.523055
0.0660866
-0.189192
-1.16513
0.235498
-0.930367
-0.861569
0.0519002
0.266837
-0.576661
0.521407
0.12697
0.166372
0.0965183
-1.31453
-0.252218
-1.28448
-0.842006
0.0484112
-0.0408626
-0.731948
0.715927
-0.75473
-0.103005
-0.892119
-0.766984
-0.00743667
0.180749
-0.471789
0.261884
-0.394622
0.471525
0.191382
0.518795
-0.0819999
-0.190236
0.0529349
0.0471173
0.454302
-0.396065
0.266931
0.155674
0.0135374
0.127116
0.413204
-0.289952
0.289709
0.447417
0.375254
0.486632
-0.493382
0.205942
-0.757968
-0.509334
0.445133
-0.20493
0.118292
-1.63723
0.163514
-0.853788
0.0439143
0.110658
0.542918
-0.131166
0.547699
-0.695002
-1.22318
-2.38879
0.33666
0.117217
-0.914307
0.32841
-0.26436
0.425562
0.177848
0.552614
0.428534
-0.309041
-0.21992
-0.458529
0.549327
0.740079
0.328812
0.137119
-0.548628
-0.105489
-0.0523756
0.102528
0.646205
-1.56861
-0.0955106
-0.11599
0.319803
0.0242749
-0.0285484
0.0289368
0.0935897
0.194431
0.338775
0.174226
0.363344
0.395399
-0.0172215
-0.429238
-0.535575
0.320014
-0.30965
-0.374523
-0.82618
0.176789
0.0559925
0.216733
-0.860005
-0.12827
-0.0696471
-1.33968
-0.338616
0.112808
-1.72332
0.0955227
-1.73574
0.247001
-0.550761
0.300005
0.0631574
0.156608
-0.125475
0.245393
-0.350371
0.303056
0.234378
-0.607006
-0.271151
-0.0277727
-0.153919
0.39681
-1.34001
-0.784279
-0.3457
-0.0149693
0.269461
-0.159907
0.392112
0.0190704
-0.987532
0.285241
-0.449698
-0.516425
-1.53288
0.119724
0.149293
-1.32834
-0.968376
0.292108
-0.400447
-0.876496
0.369121
0.255271
-0.471567
-1.42694
-0.26274
-0.200701
0.292266
-0.0187527
0.18124
0.166092
0.0427547
-0.852961
-0.00454136
-0.258994
-0.646251
-1.30184
-0.935701
-0.894649
0.139242
0.0357603
0.446729
0.17817
0.159544
0.356499
-0.430581
-1.15154
0.462269
-0.0215113
-0.191037
0.217917
-0.048171
-1.33101
-0.875755
0.435926
-0.393618
-0.418859
-0.856738
-0.472265
-1.27749
-0.726093
0.428899
0.572588
-0.968717
-0.816822
0.567469
-0.290078
-1.08912
0.229762
0.050723
-0.517046
-1.00565
0.238881
-1.91417
-1.35524
0.0880991
-0.378994
-1.85393
-0.739865
-0.890579
-0.802373
-0.271191
-0.291015
-0.331108
-0.357767
0.142525
0.553395
0.0421332
-0.0112454
-0.562607
0.498598
0.0633823
0.224806
-0.206726
-0.218065
0.0607128
0.327563
0.124145
-0.274948
-0.479211
-0.113444
-0.661478
0.0751885
-0.371663
-0.114876
-0.112879
-0.368027
-0.085047
0.219565
-0.332319
-1.67777
-0.494846
-0.726898
0.510643
-0.170486
0.481207
0.115138
0.0584037
-0.0142508
-1.86511
0.105044
0.174102
0.00376447
0.0142076
-1.20715
-0.921922
0.0432556
0.454518
-1.49412
-1.33292
-0.426648
-0.00595609
-1.3984
-0.400388
0.469181
-0.498826
-0.341844
0.124987
0.0530706
-0.24891
-0.0879657
-0.542476
0.180781
0.614288
-0.502814
-0.288373
-1.14737
-0.323832
-0.0434222
-0.65386
-1.19709
-0.639055
0.446045
-0.0223005
-0.319203
0.217265
-1.53776
-0.613736
-0.376604
-0.0921375
0.154443
-0.909059
0.14881
-0.108048
0.244859
0.474803
-0.147758
-0.311958
0.347581
0.413639
-1.56156
0.10843
-1.49611
-0.723892
-0.685074
-0.68236
-0.0943338
0.476311
-0.440424
-0.595894
-0.00586606
-0.951481
-0.663663
-1.26852
-0.297574
-0.145019
0.349276
0.311687
-0.87291
0.0607744
-0.25076
-0.0943133
0.387332
0.162523
-0.0779044
0.473878
-0.408798
0.155853
-0.670574
-0.0696345
-0.712685
-0.278711
0.0818791
0.226873
-0.744568
-0.562867
-0.230103
-0.954276
0.099975
0.533773
-0.387782
0.105457
0.362869
0.0926423
0.235907
0.185787
0.226745
-0.474525
-0.49631
-0.899811
-0.205933
0.0494906
-0.650852
0.42305
0.0957331
-0.106553
-0.256584
-0.766271
-0.96107
-0.188604
0.649058
-0.321365
-0.44634
-0.53556
-0.234781
-0.827272
0.214191
-1.05366
0.297092
0.1252
-1.09485
0.185609
0.350406
-1.03141
-0.285415
0.311274
-1.23609
-0.77571
-0.547041
-0.040949
-0.110696
-0.361219
-0.730397
-1.46471
-0.860465
-0.119791
-0.0401515
-0.50915
0.289614
0.586185
-1.29241
0.488052
0.390777
-2.25079
-0.107641
-2.20631
0.283773
0.55294
0.356193
-0.0435696
-0.51115
0.269739
-0.300593
-0.628319
-0.532514
0.686474
0.382421
0.0954267
-0.127236
-0.0311714
0.0154934
-1.5954
-0.701991
0.588623
-1.04458
-0.796296
0.381284
-1.43082
0.381048
-0.0884837
-1.12675
-1.70159
-0.505523
0.292166
0.359373
0.265399
0.213152
0.263629
0.29248
0.19068
-1.58123
0.0934165
-0.388676
-0.303805
0.128306
-0.434471
-0.797897
-0.318473
0.038641
-0.752618
0.520618
-0.0464725
0.114007
-0.0480895
0.440862
-0.815626
-1.67579
-0.167905
-0.013744
-0.863111
0.589768
-0.00673947
0.38194
-0.78595
0.10518
-0.249903
-0.345734
-0.183521
-0.792128
0.204591
-0.345112
0.120886
-0.0247946
-0.870962
-0.46699
-0.842924
0.326561
-2.89424
0.0359482
-0.497459
0.152363
0.504577
0.0466683
-0.780529
0.168725
0.287932
0.310053
0.226005
-1.33791
0.270751
-0.764437
0.328146
0.642366
-0.315982
-1.04146
-1.04922
-0.919548
-1.27891
0.259592
-1.49113
0.234484
-0.405592
-0.374144
-0.122783
-0.523639
0.284425
0.69566
-1.77965
-0.396062
0.20263
0.173545
0.256177
0.192996
0.534679
-0.24662
0.000727944
0.439463
-0.539807
-0.815326
0.00830017
0.302716
-0.103595
-0.239473
-0.0622331
-0.736164
-0.145029
-0.708099
-0.622214
-0.58571
-0.607812
-1.28313
0.0904396
0.0247331
0.48589
-0.374907
-0.627639
-0.586327
-0.978828
0.0421559
0.575468
-0.386895
-0.80422
0.318042
-1.33557
-0.154165
-0.180576
-0.477453
-1.5752
0.423597
0.493539
-1.11753
-0.462843
0.245054
-0.289362
-0.923578
-1.29191
-0.001755
0.372417
0.565551
-0.673686
0.107219
-1.33846
0.410696
0.399653
-0.666092
-0.0467412
-0.588066
-0.527259
0.355157
0.571582
0.0489556
0.143708
0.324888
0.0752991
-2.22501
-0.44207
-0.886297
0.0572213
-1.4529
-0.864603
0.265036
0.466533
-0.68751
-0.784604
0.0357698
0.253294
0.292646
-0.853963
-0.929402
-1.27988
-0.766921
-0.331107
-0.143235
0.24406
0.48931
-0.376895
-0.192706
0.156339
0.77253
0.372674
-0.721562
0.0861956
0.218435
0.0773013
-0.483198
-0.0518275
0.496624
0.545964
-0.112537
0.800321
-1.42427
0.409689
0.290509
-0.195587
0.249116
-0.476079
-0.957293
-1.30094
-0.492526
-0.810057
-0.532795
-0.220291
-1.03992
-0.371061
-0.834123
0.596497
-0.321983
-0.223362
0.0325232
0.365995
0.0881567
0.0623173
0.453974
0.374098
0.112134
-1.28792
-0.101643
-0.0604951
-0.411021
0.633243
-0.390582
-1.06094
0.215501
0.34395
-0.564432
0.204012
-0.191175
-0.580354
-0.0959278
0.230357
-0.112607
0.421757
-0.468184
-0.326723
-0.101912
-0.74432
-0.631681
-0.961058
-0.900195
-1.30453
-0.181978
-0.556569
0.016472
0.458669
0.156341
0.197898
-0.294746
-1.61809
0.643242
0.299686
-0.928281
0.324934
-0.0086529
-0.780634
0.334991
0.130668
-0.993097
-0.0773644
0.371117
-0.421131
0.12582
-0.980512
0.477671
-1.83407
-0.169894
0.240614
0.0636117
0.192882
0.367567
-0.0214397
0.0626055
-0.174569
0.720513
0.118628
-0.75413
-0.851265
0.220367
-0.238064
-0.470167
-0.847035
0.0631991
-0.248829
-0.410992
-0.424508
0.624384
0.0528004
-0.942109
0.0876234
-0.317499
-0.541861
0.139478
0.449379
-0.0964547
-0.759967
-0.357233
-0.228675
0.204561
-0.099434
0.237019
-0.690299
-0.337354
-0.92342
-0.533474
0.136285
-0.269252
0.184395
-0.172713
-0.181683
-0.268996
-0.520023
0.719164
-0.506953
0.22462
-0.189502
-2.22435
-0.119823
-0.590739
-0.27614
-0.203643
-0.482236
-0.383858
-0.923219
0.38517
0.092788
-1.15343
-0.857448
-1.84382
0.151274
-0.0712155
-0.515009
-0.234149
-0.794306
0.447147
-0.962568
0.216405
0.0290009
0.10268
-0.572957
-0.404515
0.322944
-0.0624027
-0.559492
0.187567
-0.0223562
-0.779099
0.543765
-0.053235
-1.66721
-0.541657
-0.0996116
-1.01586
0.790849
0.115254
-0.848313
0.451871
-0.374245
0.471894
0.529874
0.527927
0.498349
0.801529
-0.39199
-0.717188
0.0111056
0.286656
0.498173
-0.993243
-0.780453
0.368712
-1.04982
0.380769
-0.0102237
-0.203759
0.112193
-0.0909823
0.246649
-0.272425
-1.07564
0.269715
-0.0360992
-0.858136
-0.6497
0.118846
0.414955
0.075509
-0.584127
-0.260574
0.15996
-0.643053
0.388275
0.179201
-1.36453
-0.456925
-0.0998373
0.0809197
0.156664
-0.900093
-0.350406
0.486047
0.458009
-0.869686
-0.597774
0.273243
-1.08791
0.053907
0.231058
-1.6352
0.121919
-1.31298
-0.361925
0.213011
0.160284
0.253426
0.257295
0.443302
-0.436621
0.319679
-0.39086
-0.579201
0.112799
0.620396
-1.13188
0.315056
-0.957453
-0.100366
0.227581
0.0372234
0.23809
-0.456001
-1.05226
0.198278
0.286316
-1.30362
-0.603815
-0.0894555
-2.15344
0.464511
-0.580061
-0.298598
0.401903
-0.0475093
0.564365
-0.381378
-0.149671
-0.337619
-0.562294
0.0972046
-0.840662
0.340144
-0.294145
0.119731
0.0951421
0.255222
-1.2932
-0.173531
-0.1707
0.327719
0.0413953
-0.8275
-0.232672
-0.249007
-0.49717
0.124085
0.138766
0.310101
-0.126825
-0.870973
0.6226
-0.879474
0.371055
-0.469646
-0.350043
-0.151527
-0.00158989
0.0340438
0.184281
-1.51246
0.689673
-0.0335849
-0.814107
-1.5031
3.42012e-05
-0.230009
-0.925601
-0.624371
0.0964796
-0.137583
-0.365874
-0.132762
-1.42611
0.842358
-0.521509
0.227476
0.696766
0.11817
-1.77739
-0.336541
0.535367
-0.0752395
0.359093
-0.0374901
0.258108
0.334912
-1.073
-2.03618
0.52473
-0.182926
-0.954474
-0.872607
-0.802658
0.773407
-0.0441415
-1.25759
-0.269461
-0.331802
-0.24432
0.279089
0.491536
0.419328
-0.295914
0.0602522
-0.754591
0.365094
-0.24005
-0.521709
-0.128801
0.236717
0.504598
0.350295
-0.103102
0.473897
-0.0376383
-1.12361
-1.67106
0.396089
-0.261611
0.647711
0.0396773
0.416947
-0.0846594
0.482691
0.131388
0.480647
-0.135745
-0.414458
0.3662
0.0215921
-0.756164
-0.0551118
-0.987294
-0.205958
0.0666281
0.439598
0.149514
0.515077
-0.622207
0.158201
0.238042
0.385147
-0.454161
-0.294672
0.120805
0.00523237
-0.224339
-1.57454
0.321179
0.279958
-0.38546
-0.417064
-0.11255
0.262906
0.192612
0.245487
-0.173211
-0.521193
-0.0115776
-1.62488
-0.926476
