0
0
0
0
0
0
0
0
0
0
0
0
0
0
0
0
0
0
0
0
0
0
0
0
0
0
0
0
0
0
0
0
0
0
0
0
0
0
0
0
0
0
0
0
0
0
0
0
0
0
0
0
0
0
0
0
0
0
0
0
0
0
0
0
0
0
0
0
0
0
0
0
0
0
0
0
0
0
0
0
0
0
0
0
0
0
0
0
0
0
0
0
0
0
0
0
0
0
0
0
0
0
0
0
0
0
0
0
0
0
0
0
0
0
0
0
0
0
0
0
0
0
0
0
0
0
0
0
0
0
0
0
0
0
0
0
0
0
0
0
0
0
0
0
0
0
0
0
0
0
0
0
0
0
0
0
0
0
0
0
0
0
0
0
0
0
0
0
0
0
0
0
0
0
0
0
0
0
0
0
0
0
0
0
0
0
0
0
0
0
0
0
0
0
0
0
0
0
0
0
0
0
0
0
0
0
0
0
0
0
0
0
0
0
0
0
0
0
0
0
0
0
0
0
0
0
0
0
0
0
0
0
0
0
0
0
0
0
0
0
0
0
0
0
0
0
0
0
0
0
0
0
0
0
0
0
0
0
0
0
0
0
0
0
0
0
0
0
0
0
0
0
0
0
0
0
0
0
0
0
0
0
0
0
0
0
0
0
0
0
0
0
0
0
0
0
0
0
0
0
0
0
0
0
0
0
0
0
0
0
0
0
0
0
0
0
0
0
0
0
0
0
0
0
0
0
0
0
0
0
0
0
0
0
0
0
0
0
0
0
0
0
0
0
0
0
0
0
0
0
0
0
0
0
0
0
0
0
0
0
0
0
0
0
0
0
0
0
0
0
0
0
0
0
0
0
0
0
0
0
0
0
0
0
0
0
0
0
0
0
0
0
0
0
0
0
0
0
0
0
0
0
0
0
0
0
0
0
0
0
0
0
0
0
0
0
0
0
0
0
0
0
0
0
0
0
0
0
0
0
0
0
0
0
0
0
0
0
0
0
0
0
0
0
0
0
0
0
0
0
0
0
0
0
0
0
0
0
0
0
0
0
0
0
0
0
0
0
0
0
0
0
0
0
0
0
0
0
0
0
0
0
0
0
0
0
0
0
0
0
0
0
0
0
0
0
0
0
0
0
0
0
0
0
0
0
0
0
0
0
0
0
0
0
0
0
0
0
0
0
0
0
0
0
0
0
0
0
0
0
0
0
0
0
0
0
0
0
0
0
0
0
0
0
0
0
0
0
0
0
0
0
0
0
0
0
0
0
0
0
0
0
0
0
0
0
0
0
0
0
0
0
0
0
0
0
0
0
0
0
0
0
0
0
0
0
0
0
0
0
0
0
0
0
0
0
0
0
0
0
0
0
0
0
0
0
0
0
0
0
0
0
0
0
0
0
0
0
0
0
0
0
0
0
0
0
0
0
0
0
0
0
0
0
0
0
0
0
0
0
0
0
0
0
0
0
0
0
0
0
0
0
0
0
0
0
0
0
0
0
0
0
0
0
0
0
0
0
0
0
0
0
0
0
0
0
0
0
0
0
0
0
0
0
0
0
0
0
0
0
0
0
0
0
0
0
0
0
0
0
0
0
0
0
0
0
0
0
0
0
0
0
0
0
0
0
0
0
0
0
0
0
0
0
0
0
0
0
0
0
0
0
0
0
0
0
0
0
0
0
0
0
0
0
0
0
0
0
0
0
0
0
0
0
0
0
0
0
0
0
0
0
0
0
0
0
0
0
0
0
0
0
0
0
0
0
0
0
0
0
0
0
0
0
0
0
0
0
0
0
0
0
0
0
0
0
0
0
0
0
0
0
0
0
0
0
0
0
0
0
0
0
0
0
0
0
0
0
0
0
0
0
0
0
0
0
0
0
0
0
0
0
0
0
0
0
0
0
0
0
0
0
0
0
0
0
0
0
0
0
0
0
0
0
0
0
0
0
0
0
0
0
0
0
0
0
0
0
0
0
0
0
0
0
0
0
0
0
0
0
0
0
0
0
0
0
0
0
0
0
0
0
0
0
0
0
0
0
0
0
0
0
0
0
0
0
0
0
0
0
0
0
0
0
0
0
0
0
0
0
0
0
0
0
0
0
0
0
0
0
0
0
0
0
0
0
0
0
0
0
0
0
0
0
0
0
0
0
0
0
0
0
0
0
0
0
0
0
0
0
0
0
0
0
0
0
0
0
0
0
0
0
0
0
0
0
0
0
0
0
0
0
0
0
0
0
0
0
0
0
0
0
0
0
0
0
0
0
0
0
0
0
0
0
0
0
0
0
0
0
0
0
0
0
0
0
0
0
0
0
0
0
0
0
0
0
0
0
0
0
0
0
0
0
0
0
0
0
0
0
0
0
0
0
0
0
0
0
0
0
0
0
0
0
0
0
0
0
0
0
0
0
0
0
0
0
0
0
0
0
0
0
0
0
0
0
0
0
0
0
0
0
0
0
0
0
0
0
0
0
0
0
0
0
0
0
0
0
0
0
0
0
0
0
0
0
0
0
0
0
0
0
0
0
0
0
0
0
0
0
0
0
0
0
0
0
0
0
0
0
0
0
0
0
0
0
0
0
0
0
0
0
0
0
0
0
0
0
0
0
0
0
0
0
0
0
0
0
0
0
0
0
0
0
0
0
0
0
0
0
0
0
0
0
0
0
0
0
0
0
0
0
0
0
0
0
0
0
0
0
0
0
0
0
0
0
0
0
0
0
0
0
0
0
0
0
0
0
0
0
0
0
0
0
0
0
0
0
0
0
0
0
0
0
0
0
0
0
0
0
0
0
0
0
0
0
0
0
0
0
0
0
0
0
0
0
0
0
0
0
0
0
0
0
0
0
0
0
0
0
0
0
0
0
0
0
0
0
0
0
0
0
0
0
0
0
0
0
0
0
0
0
0
0
0
0
0
0
0
0
0
0
0
0
0
0
0
0
0
0
0
0
0
0
0
0
0
0
0
0
0
0
0
0
0
0
0
0
0
0
0
0
0
0
0
0
0
0
0
0
0
0
0
0
0
0
0
0
0
0
0
0
0
0
0
0
0
0
0
0
0
0
0
0
0
0
0
0
0
0
0
0
0
0
0
0
0
0
0
0
0
0
0
0
0
0
0
0
0
0
0
0
0
0
0
0
0
0
0
0
0
0
0
0
0
0
0
0
0
0
0
0
0
0
0
0
0
0
0
0
0
0
0
0
0
0
0
0
0
0
0
0
0
0
0
0
0
0
0
0
0
0
0
0
0
0
0
0
0
0
0
0
0
0
0
0
0
0
0
0
0
0
0
0
0
0
0
0
0
0
0
0
0
0
0
0
0
0
0
0
0
0
0
0
0
0
0
0
0
0
0
0
0
0
0
0
0
0
0
0
0
0
0
0
0
0
0
0
0
0
0
0
0
0
0
0
0
0
0
0
0
0
0
0
0
0
0
0
0
0
0
0
0
0
0
0
0
0
0
0
0
0
0
0
0
0
0
0
0
0
0
0
0
0
0
0
0
0
0
0
0
0
0
0
0
0
0
0
0
0
0
0
0
0
0
0
0
0
0
0
0
0
0
0
0
0
0
0
0
0
0
0
0
0
0
0
0
0
0
0
0
0
0
0
0
0
0
0
0
0
0
0
0
0
0
0
0
0
0
0
0
0
0
0
0
0
0
0
0
0
0
0
0
0
0
0
0
0
0
0
0
0
0
0
0
0
0
0
0
0
0
0
0
0
0
0
0
0
0
0
0
0
0
0
0
0
0
0
0
0
0
0
0
0
0
0
0
0
0
0
0
0
0
0
0
0
0
0
0
0
0
0
0
0
0
0
0
0
0
0
0
0
0
0
0
0
0
0
0
0
0
0
0
0
0
0
0
0
0
0
0
0
0
0
0
0
0
0
0
0
0
0
0
0
0
0
0
0
0
0
0
0
0
0
0
0
0
0
0
0
0
0
0
0
0
0
0
0
0
0
0
0
0
0
0
0
0
0
0
0
0
0
0
0
0
0
0
0
0
0
0
0
0
0
0
0
0
0
0
0
0
0
0
0
0
0
0
0
0
0
0
0
0
0
0
0
0
0
0
0
0
0
0
0
0
0
0
0
0
0
0
0
0
0
0
0
0
0
0
0
0
0
0
0
0
0
0
0
0
0
0
0
0
0
0
0
0
0
0
0
0
0
0
0
0
0
0
0
0
0
0
0
0
0
0
0
0
0
0
0
0
0
0
0
0
0
0
0
0
0
0
0
0
0
0
0
0
0
0
0
0
0
0
0
0
0
0
0
0
0
0
0
0
0
0
0
0
0
0
0
0
0
0
0
0
0
0
0
0
0
0
0
0
0
0
0
0
0
0
0
0
0
0
0
0
0
0
0
0
0
0
0
0
0
0
0
0
0
0
0
0
0
0
0
0
0
0
0
0
0
0
0
0
0
0
0
0
0
0
0
0
0
0
0
0
0
0
0
0
0
0
0
0
0
0
0
0
0
0
0
0
0
0
0
0
0
0
0
0
0
0
0
0
0
0
0
0
0
0
0
0.36158
0.207115
0.768085
-0.059087
-0.0851347
-0.560847
-1.15566
-0.913614
-1.23739
0.119845
-0.0837304
-0.584618
-1.12484
-1.0773
0.402965
-0.624202
0.250268
-0.821662
-0.253441
-0.232261
-0.434858
-0.0259618
-0.547115
0.43352
0.335006
0.711733
0.107556
0.337122
0.684966
0.228289
-0.666071
-1.52175
0.129999
0.190892
0.387432
-0.41762
-0.255144
-0.71297
0.467146
-0.93564
-0.568461
-0.000263996
0.1711
-0.81479
-1.91071
-0.88077
-1.01859
0.594376
-0.406111
-1.95782
0.648645
-0.211503
-0.000512139
-1.70071
-0.0172284
0.440339
0.387056
-0.450902
-1.0067
-0.414695
-0.155042
-0.44515
0.576308
-0.7316
0.388847
0.376298
-0.770718
-1.12604
0.0341795
-0.144179
-1.26715
-0.344949
-0.290921
-0.0320435
-0.0454694
-0.786338
0.411187
-0.467512
-0.585588
-0.786252
0.75988
0.358623
-0.504287
0.327813
0.430219
0.559921
-0.212908
0.253387
0.54021
-0.38967
-0.103466
-0.169817
0.494373
-1.06072
0.475826
0.511417
0.474944
0.324249
0.142337
0.206781
-1.01781
-0.171575
-0.0698251
0.528525
0.313466
-1.71849
-1.38923
0.241215
-0.535498
-0.234475
-0.829662
0.119338
-0.608021
0.0228541
-1.31049
0.379166
-0.0643819
-0.219831
0.162036
0.0266883
-1.31758
-1.70788
0.202977
0.0403624
-0.827854
-1.49131
0.349681
0.130935
-0.856042
0.449942
-0.651153
-1.46304
-0.0376603
0.348541
-0.52427
-0.317878
0.390547
0.491141
-0.191942
0.22696
-0.709995
-0.839972
0.433041
0.304943
-0.706095
0.392412
-0.551614
-0.618614
0.418311
0.313729
-0.855525
-0.209886
-0.377542
0.402691
-0.385932
0.141156
0.362667
-1.075
-0.641302
-0.215365
-0.57834
-0.916693
-1.26112
-1.39283
0.11067
-1.53601
-1.05871
-0.220616
-0.700902
-0.726376
0.189619
0.0749718
0.00315126
-2.03565
0.186847
0.422902
-0.0118546
-0.587473
-0.0648426
0.476463
-0.713726
0.385378
-1.61524
0.289768
0.263837
0.0191014
0.431813
0.00570765
0.72083
0.341868
-0.219027
0.00055441
-0.0547175
0.11895
0.810223
-1.50347
-0.0934191
0.167416
0.443344
-0.173202
-1.36868
0.105775
-1.17756
0.179411
-1.53275
0.37495
-0.45201
0.499955
0.225176
-0.0588946
0.494946
0.389579
0.0518298
-0.195539
-2.01797
-0.0353007
-0.248262
-0.988076
0.13056
-0.321696
-0.471526
-0.432314
-0.0288338
0.138121
-1.32037
0.609824
0.416881
0.241665
0.353668
0.169012
-0.763403
-0.310165
-0.683716
-0.80174
0.479764
-2.58208
0.342582
-0.00150846
-0.27477
-1.06719
0.437295
-1.40406
-0.527777
-1.03142
-1.38854
0.356519
0.603439
-1.53152
0.215147
-0.695547
-1.45116
-0.394839
-0.829169
-0.151149
0.480916
0.31604
-1.69818
-0.0478474
0.246622
-0.239596
0.222499
-2.32122
0.352703
0.314025
0.119717
0.608392
-0.914405
0.125593
0.00180385
-0.380568
0.11846
-0.663531
0.670304
-0.503877
-0.649864
0.260499
0.430726
-1.73483
-0.448566
-1.63954
-0.0508278
0.567718
-0.807842
0.12033
-1.09072
-0.707254
-0.0555022
-0.379154
0.299323
-0.135947
0.205693
-0.184
-0.219462
-1.28443
0.180311
-0.141909
0.506365
-0.981991
-0.320227
-0.0132399
-0.451737
0.182962
-0.279094
0.159734
-1.83381
0.578427
0.7329
0.0381451
-0.035387
-1.1122
-0.00417013
0.608128
-0.885344
0.423272
-0.618695
-0.275241
-1.62639
-0.275232
-0.38545
0.398389
0.617264
0.65552
-0.861711
-0.0513734
-0.497167
-0.937433
-1.37727
-2.17605
0.512097
0.637421
0.158249
-0.237261
0.160411
-0.2103
-0.613978
0.247553
0.0886341
0.346643
-1.60065
-0.879946
-0.435434
0.289321
0.208281
-0.542288
0.513041
-0.10916
0.370113
0.144137
-0.187866
-0.478195
-0.730793
-0.0755664
-0.109425
0.481939
0.0732942
-0.962638
0.128983
-0.0682814
0.213077
-0.836648
-0.959215
-0.231913
0.129604
-0.365165
-0.747094
0.0824827
-0.499165
0.0426151
-0.132308
-1.66332
0.0258119
0.371113
0.423985
-0.22936
0.416676
-0.220646
-0.488448
-0.855943
0.14675
0.181976
0.227406
-0.69292
-0.603308
-1.05716
-1.18344
-0.753668
0.340981
0.301121
-2.32968
0.268955
-1.46009
-0.991861
0.0602011
-0.0508103
-0.432489
-1.75752
-2.55097
0.34084
-0.6431
0.590495
-1.03793
0.574861
0.519618
-1.79964
-0.384724
-0.351147
-2.05947
-1.27527
-0.808446
-0.369443
-1.27203
-0.443283
-0.555109
-0.200334
0.286639
0.362479
-0.38165
-0.420265
-0.305614
0.311601
0.0391553
-1.54948
-0.423447
0.336826
-0.546354
0.243286
0.664014
0.509825
-0.0117971
-0.246466
0.208398
0.262254
-0.367526
-0.239331
0.058718
-1.26753
0.329489
-1.05829
0.415599
0.000119743
0.553272
-0.0730365
0.163025
-0.857094
0.444604
0.653944
0.642004
-1.11058
0.0730063
-0.0822736
-0.221423
-1.3761
-1.19227
-0.636055
0.313493
-1.60178
0.306081
-0.904363
0.476298
-0.875566
-0.119896
0.393156
-0.0391958
-0.434094
0.120362
-0.587596
-0.73307
0.154793
0.521399
0.462266
0.0252098
0.351979
-0.920013
-0.940655
-1.09835
-1.15382
-0.136516
0.325115
-0.527781
0.309404
-0.290965
-1.65038
-0.361367
0.531152
-0.142417
0.313546
0.60552
-0.450154
-0.385118
-0.698716
-0.205401
0.33718
-0.299892
0.0520737
-0.319853
-0.0904225
-1.09624
-0.26855
0.0166127
-1.29654
-0.173769
-0.604813
-0.385568
-0.296156
-1.11022
-0.842478
-0.129493
-0.0366339
0.0329307
0.438705
-1.48832
-0.25791
-0.236352
0.010871
-0.757939
0.427755
-0.207476
-0.244903
-1.31381
0.448654
-2.05428
0.095306
-1.50668
-0.930843
-0.101343
0.511502
-0.149308
-0.0440776
0.0337081
0.370437
0.0303549
-0.241928
0.0706172
-1.51294
-0.0153237
0.58631
-0.0355882
0.374024
0.0946033
0.0938538
-0.407342
0.372108
-0.284888
0.142847
0.011547
-0.268094
-0.284553
0.191671
0.125319
-0.581516
0.45389
0.632323
0.102428
-0.802856
-0.370104
-0.0157504
0.362164
-1.027
-0.654346
-0.126885
0.459965
-0.882869
0.35435
-0.343911
-0.826153
0.292072
0.21314
0.0520758
-0.584835
0.199481
0.652824
0.442296
0.496371
0.205453
-0.0546364
-0.298924
-0.050297
0.240764
-0.601373
-0.491267
-1.24216
-0.121051
-1.37024
-0.92811
0.396506
-0.401839
-0.422263
-0.110613
0.173629
-0.153036
0.459088
-0.296221
-1.28859
-0.636122
-0.983951
0.37252
-0.366423
-0.48005
-0.901367
-0.616202
0.0541521
-0.468371
-0.47273
0.00372868
-0.503178
-0.316947
-1.19131
-0.411405
-0.020694
-1.3696
0.264002
0.0893147
-0.118188
-0.845635
0.497917
-0.86225
0.448714
0.170991
0.159835
-0.781199
-0.289883
0.201955
-1.14365
0.187116
-1.74941
-0.945008
0.0677205
-2.04684
-1.02737
-0.199936
0.192149
-0.248754
-0.121939
-1.61004
-1.20077
-0.434716
0.0847456
-1.91388
0.0658615
0.419117
-1.01524
-0.625319
-1.54185
-0.221113
-0.723343
-0.84006
-0.0429447
-0.965299
0.035492
-0.151524
-0.419519
-0.903811
-0.533233
0.487732
0.0361413
-2.15698
-0.675055
-0.0127393
-0.0756095
0.0965849
-0.34319
-0.531427
0.274475
-0.569804
0.0782974
-0.0656367
0.140905
-0.727169
-0.513279
-0.442244
-0.760368
-0.137762
-1.07317
-1.04454
-1.62881
-0.705123
-1.36204
0.528057
-0.874591
0.464398
0.614263
-0.251355
-0.0955108
0.104933
0.319233
0.230963
-0.435516
0.144869
-0.418677
-0.165071
0.544694
0.110826
-0.696853
-1.07231
-0.000366146
-0.462503
0.407792
-0.297154
-0.183506
0.253606
-0.133428
-0.299805
-0.0225676
-0.802175
-0.368141
-1.05165
-0.00990805
0.558751
-1.26071
-1.60534
-0.129344
0.0453329
-1.03129
-0.0246844
-0.546285
-2.00139
0.26365
0.368664
-1.38284
-1.0976
-0.143098
-2.41496
-0.371777
-1.03739
-0.488482
0.112454
0.0427845
-0.132616
0.150277
-0.140869
0.668324
-0.135854
-0.581643
-0.636012
-0.0345294
0.397838
0.281678
-0.257225
-0.412772
0.309474
-0.524195
-0.415745
-1.2703
0.106499
-0.633556
-1.08064
-0.099343
0.705934
-0.996884
-0.136216
-0.182854
-0.0400725
-2.32742
0.738563
0.599262
-1.3399
0.129559
-0.0142842
0.167628
0.271124
-0.197911
-1.29032
0.201264
-0.612942
-0.702807
0.435339
-0.38703
-0.537907
0.535267
0.641736
-1.1122
0.226458
-0.142519
0.582954
-0.973601
0.239767
0.300778
0.19267
0.371375
-0.673329
-0.305255
-1.43974
-0.296883
-1.05245
-0.443958
-0.737112
-1.37032
0.615697
-1.90624
0.170961
0.0582351
-0.381357
-1.75291
-0.334017
-2.06897
-0.997041
-0.265319
0.37774
-1.06179
-0.933773
-0.910158
0.520151
-0.256688
0.140878
0.665162
0.0352686
0.573265
-0.616849
-0.7644
0.429619
-0.00386066
0.155056
-0.500021
-1.01456
-0.206894
0.586038
-0.103439
0.222778
0.121897
0.219532
0.0760724
-0.130053
0.392339
0.00282593
-0.0424644
-2.41637
0.147489
-0.0361384
-0.782091
0.349861
-0.910752
-0.0841063
0.56391
0.231074
0.0890534
-0.374096
-0.609102
-0.502526
-0.361141
0.420589
0.374701
-2.2946
0.233925
-1.2301
0.513542
-0.314844
0.0972854
-1.25229
-1.22697
0.532552
0.41016
0.00762534
-1.65007
0.469776
-0.462268
0.0384415
0.217762
-0.585098
-0.0276165
0.505109
0.121184
0.527124
-1.06866
0.0626294
-1.87461
-0.337224
0.35964
-1.44839
0.525426
-0.153023
-2.97939
-0.17544
-0.842026
0.111291
-0.799351
-0.621187
0.369104
-1.48062
-0.512224
0.0269246
-0.120308
0.335577
-1.51818
-0.438553
0.00689572
0.577556
0.237114
0.070175
-0.916571
-1.03855
-0.708557
-1.03376
0.189866
-0.291049
0.653241
0.102443
0.503318
0.0668449
-0.917352
-1.16119
-0.218443
0.0565943
0.757438
-0.450756
-0.644562
-1.33912
-0.181392
0.262753
-0.760162
-2.43346
0.263783
-0.368051
-0.246614
-0.152323
0.440489
-1.19874
-0.353309
0.0877408
-0.676807
-0.621136
0.143764
-0.130394
0.610753
0.553477
-0.287846
-0.60517
-0.623727
-0.712829
0.314345
0.522615
-1.52918
0.267192
0.211943
-0.330706
0.414644
-0.0460437
-0.506089
0.462069
-0.0572912
-0.649161
-0.439715
-0.415488
0.362892
0.0676742
0.254836
-0.179616
-1.66793
0.501362
-0.0793087
-0.196422
0.216271
-0.726707
-0.0872087
-1.1257
0.353882
-0.3731
-0.706593
-0.256367
-0.958295
-0.120698
-0.23361
-0.457463
0.176265
-0.814179
-0.849168
-1.07822
-0.31488
-0.568556
0.161151
-0.178391
-0.179921
-0.170082
-0.243665
0.368261
-0.132022
0.442791
-1.16826
0.30203
-1.21333
0.123863
-0.362679
0.513789
0.0392067
-0.9372
-0.129869
-1.33771
0.0236851
-0.375336
0.150925
-0.229959
-1.13457
-0.368762
-0.23604
0.121942
0.666086
-0.340118
0.0669718
-0.740599
0.257353
-0.813569
-0.111452
0.081255
-0.588154
-0.904867
0.325082
0.377366
-0.22765
0.692499
-0.875823
-0.534555
-0.111169
-0.740797
-0.820174
-1.20909
-0.966236
-0.00600424
0.259607
-0.230887
0.38958
-1.06351
-0.720812
0.0333525
-1.82773
0.42237
-0.233501
0.554617
0.532937
0.58652
-0.09745
-1.72087
0.227851
0.0608674
-0.847346
0.48941
0.166512
0.47942
0.124698
-0.72905
0.0803284
-0.760657
0.255441
-0.478813
0.1799
0.0349345
-0.831871
-0.237969
0.277869
-0.713397
-0.244395
-0.0388438
-0.320571
-1.44508
-0.112328
0.404879
-0.947547
-0.0330954
0.596146
-0.545502
-0.204482
-0.717564
-0.837917
0.406388
-0.0314201
-0.128806
0.57504
-1.59127
0.10973
0.057552
-0.862988
0.155524
0.480301
0.570264
-0.370605
-0.164338
0.0742449
0.0480836
0.350156
0.301632
-0.547285
0.272906
-1.40508
0.224987
0.0254383
0.057073
-0.881446
-0.65048
-0.103219
0.360478
-0.526041
-0.360804
-0.302815
-0.356919
0.435822
0.649658
-0.587237
0.255843
0.445548
-0.396979
0.120369
-0.229597
-0.348748
-0.32539
-0.371404
-0.101173
-1.0709
-0.418041
-0.624836
-0.914018
-0.401903
-0.87514
-0.939125
0.568735
-0.57285
0.482101
0.189998
-0.210345
-0.614346
0.423207
0.416885
-1.15694
-0.130479
0.0864474
-0.527935
0.158572
0.465181
-0.341768
-0.726255
-0.622881
-0.168469
-0.566928
0.428599
0.0746437
-1.46619
-0.284198
-0.1573
-0.0450615
0.528601
-0.451876
0.344994
0.559793
-0.182365
0.211066
0.3355
-0.446246
0.430073
-0.0141072
-1.77003
-0.511238
-0.661593
-0.42116
-0.269435
-0.384355
0.0902324
0.562226
-0.259232
-0.276434
-1.96713
-0.595753
0.56152
-0.0493716
-0.731775
0.112509
-0.624977
0.445149
-0.606283
0.129407
0.184819
-0.564177
-1.24858
0.108004
-0.271581
-0.435947
0.506223
-0.353679
-0.355941
0.482186
0.57622
-0.219907
0.78246
0.458417
-0.392879
0.563398
-0.666952
0.111292
-0.0991254
0.217979
-0.017829
0.448811
0.284051
-0.0707511
-0.603273
0.155432
0.648142
0.3373
-0.0250691
-1.66269
0.168737
-1.75191
-0.199555
-0.322802
-0.419097
-0.974401
-0.0881375
-0.464952
-0.889633
-0.284473
0.24566
-0.586762
0.344507
0.499589
-1.02525
0.0102336
-1.28932
0.223334
-0.017732
-0.513658
0.193506
-0.485327
-0.588223
-0.0915638
0.0540573
0.501673
-0.451797
-0.628259
-1.04695
-0.727095
-1.10912
-0.507377
-0.485124
0.506449
0.732997
0.0569816
0.318355
0.180129
-0.485922
-0.228176
0.318803
-0.241216
0.324155
0.144417
-0.111467
-0.21884
-0.593062
-1.17904
-0.248984
-0.476548
-0.115761
-0.605639
-0.850021
0.188679
0.313868
0.46159
-0.455134
0.441169
0.185673
0.184515
-0.318617
-0.5059
0.026202
0.174241
0.333733
-0.102169
-1.32117
0.510246
-0.305101
0.549504
-1.18648
-1.60126
0.561847
-1.53049
-0.541849
0.0489924
-0.23745
-1.11418
-0.199505
0.016988
0.390493
-0.981251
0.374982
-0.521407
0.675759
0.338667
-0.798098
-0.392499
-0.643483
0.51487
-0.276
0.348287
-0.0786506
-0.496071
-0.160018
0.297774
-0.0239555
-0.932518
-0.61107
-0.144023
0.336894
0.471713
-0.322299
-0.0203331
0.34768
0.0759946
-1.1312
-0.369346
-0.590504
0.409003
-0.655686
0.515693
-1.35931
-0.643343
-0.114321
-0.107089
-0.725346
0.416902
-0.55812
0.0851719
-0.0712121
0.293786
0.617216
0.2491
0.569963
-0.978806
-0.138285
-0.680897
-0.136825
-0.148849
-0.440316
-0.749005
-0.310198
0.303809
0.183059
0.64877
-0.83635
-0.452918
0.226797
-1.30782
-0.482736
-0.754748
-0.0989035
0.175916
0.151629
-0.140115
-0.202379
0.471195
-0.298226
0.237425
0.154191
-0.238436
0.487299
0.204957
-2.15056
-1.11813
0.488412
0.0596685
-0.201532
-1.42212
-0.198159
-0.420735
-0.719732
-0.134034
-1.42995
-0.0817626
-0.0244449
0.20665
-0.729105
0.0985512
-0.100551
0.0612243
-0.334566
-0.238336
0.297729
-0.0289181
-0.732109
0.304191
0.22763
-0.798672
-0.978895
-1.58822
0.188892
0.235563
0.626556
-0.993046
-0.233985
-0.616104
-0.107637
-0.304633
-0.259826
-1.26141
0.26929
0.594584
-0.354257
0.266251
0.582129
-1.38646
-0.437638
-0.0528491
-0.878501
0.209945
0.214668
-1.44807
-0.142497
-0.810435
-0.809756
-0.344125
0.0746784
-0.467628
0.472423
-0.402451
-0.495683
-0.63939
0.014514
-0.215415
-0.227639
-1.08205
-0.512325
-0.904352
0.240451
-0.21568
0.135151
-0.468812
-0.291623
0.116265
0.0899952
-0.367653
-0.743153
0.229848
-0.495202
0.311902
-0.202673
-0.204978
0.534945
-0.373435
0.528647
0.313652
-0.225611
0.0810279
-0.0544643
-1.22042
0.135226
-0.249198
-1.60348
0.649614
-1.09692
-0.585517
-0.684985
-0.338178
-1.00728
-1.05139
-0.653882
-0.576683
-0.214335
0.630451
-0.670577
0.173068
0.433015
-0.866014
-0.762121
-0.304297
0.501557
-1.29925
0.386738
0.0725574
-0.165225
0.438776
-0.215818
-0.715251
-0.44889
-1.31436
-0.47618
-0.867656
-1.75326
-1.08636
-0.0459116
-0.200367
0.0946303
0.534689
0.334881
-0.100769
-1.48356
-0.350106
0.508686
0.162532
-0.476568
-1.19357
-0.650116
0.0321841
0.0368579
0.45222
-0.507226
-1.14092
-2.09262
0.0209363
0.627947
-0.955486
-0.072774
-0.190576
-0.538623
0.192125
0.212208
0.283222
-1.68938
-1.95639
-0.700781
-1.14236
-0.54238
-0.413161
0.0527482
-0.0528797
0.420995
0.57619
-0.0146392
-0.412288
0.0298003
0.053247
-0.829059
-0.205485
0.391698
-0.572622
-0.302885
-0.957381
-0.0998514
0.232561
-0.773799
0.197974
0.251137
0.43432
0.0164259
0.0507787
-0.189054
0.0266289
0.653185
0.0220591
-0.538198
0.533693
0.421233
-0.362838
0.00466767
-0.208811
-0.00160274
-0.96154
-0.0123767
-0.106957
-0.405066
-1.48431
0.368682
0.455776
-0.181642
-0.898949
-0.271474
-0.486902
-0.08852
0.0581926
0.28111
0.159867
-0.469886
-1.36916
0.112848
-0.50642
0.589355
-0.1207
0.51566
0.49307
-0.757214
0.0361999
-0.00670296
-0.398977
0.46061
0.135188
0.251537
0.426629
0.166183
0.184245
-0.590066
-1.07651
0.259106
0.232043
0.365652
0.101668
-0.0803719
-0.10653
-0.452589
-1.42629
0.280701
-1.13885
0.517083
0.254546
0.300764
0.120787
0.214627
-0.0820438
0.489632
0.338232
-1.52343
-0.524313
-0.212123
-0.505939
0.395687
-0.0903116
-1.8362
-1.71242
0.466978
-0.782936
-0.819187
-0.623742
-0.0604056
0.339091
-0.253236
0.548628
-0.758181
-0.170648
0.173632
-0.570878
-0.265477
-0.39066
0.350936
-0.0487016
-0.662438
-1.1897
0.272317
-0.443673
-0.292934
-1.23581
-0.509601
-0.00905936
0.228671
0.472209
0.505686
0.643299
-0.894938
-0.352075
-0.403735
-0.104543
-1.01342
-1.54926
-0.0635479
-1.78314
-0.902841
0.0182571
-0.287411
0.475746
0.460482
-1.33984
-0.18338
-1.49868
-0.811112
-1.27395
-0.0457817
0.0101945
-0.276909
-0.237545
0.358637
0.37682
-0.159479
0.0794518
0.0185379
0.196996
0.126732
-0.241139
-0.119847
0.286923
-0.490395
-0.581288
-1.1402
-0.129107
0.391572
0.134767
-0.454867
-0.294968
0.063034
-1.01282
-0.647849
0.286542
0.443679
0.101636
0.0740774
-0.107552
0.488993
-0.22902
-0.797697
0.325603
0.347253
0.113234
-0.134894
-0.347724
-0.95875
-1.63787
-0.490146
0.0950175
-0.253579
0.109367
-0.951928
0.353883
-1.2219
0.241467
-0.981183
-0.293927
0.418941
-0.413512
-1.89005
0.257517
-0.820313
-1.2959
-0.42198
0.196051
-0.360405
-0.116597
-0.268761
0.218214
-1.02029
-0.279227
-0.0475487
-0.0936177
0.495
-0.0520992
-0.953963
0.154689
-0.463811
0.244895
0.494625
0.467857
-0.214872
0.445269
-1.63196
0.599963
-0.639565
-0.323243
-0.804168
-0.398296
-0.2064
0.07877
-0.064102
-0.67679
0.246487
-1.01425
-0.111657
-1.04208
-0.517236
0.0815168
-0.607547
-0.281959
-0.787093
0.194585
-0.306971
-0.00732546
-0.783669
-1.34359
-0.706469
-1.7416
-0.602049
-2.53536
-0.0801512
-0.226336
-0.24347
0.342892
-0.632693
0.561796
-0.415624
-0.464962
-0.264904
-0.756821
0.0892737
-0.91817
-1.57587
-0.175693
0.110946
-0.115345
-0.582527
-0.465688
-0.1088
0.0212753
-0.755654
-1.1573
0.443496
-0.314018
0.299647
0.31818
-0.151836
-0.541012
-0.0152296
0.801689
0.128824
-2.44901
0.17026
-0.0193311
0.00272432
-1.07151
0.16061
-1.13841
-0.237005
-0.0995529
0.254171
-0.494285
-0.509006
-0.333914
-0.773484
-0.132934
-0.0500222
-0.0653559
0.0915786
-0.640242
0.303665
-1.63845
0.484887
0.311746
-0.274898
0.0625877
-1.03037
-1.31757
0.139741
0.00455975
0.404649
-0.480063
0.313149
-0.223353
-0.827031
-0.69502
0.299926
-0.852684
0.50814
-0.0847483
-0.24872
-0.193247
-0.288861
0.207214
-0.951831
0.403493
0.0231522
-0.733271
-0.0634478
-1.20794
-0.22438
-0.870391
-0.72659
-1.02607
-1.21398
-1.03664
-1.00166
-1.55842
0.324418
-0.295302
-0.398295
0.24442
-0.261877
0.653511
0.237552
0.131185
0.518404
-1.30154
-0.904099
0.107146
0.372632
-0.511053
0.0795129
0.0711461
-0.315645
0.407749
-0.297865
-0.354217
-0.207449
0.0762431
-0.91008
0.151501
0.195492
0.516359
0.260763
-0.0873539
0.0457325
-0.527331
-0.317318
-0.424164
-0.511406
-0.64683
0.551788
-0.0538215
-0.597151
0.227766
0.350918
0.0213734
-0.916836
-0.512682
-0.803892
0.280604
-0.623261
0.387945
-1.19585
-0.207039
-0.227915
-0.154478
0.0357061
-0.182736
-1.68377
0.0580513
-0.209063
-0.389616
0.404886
-0.763781
-0.520263
-0.0144104
-0.0402754
0.130266
-0.268543
-0.586343
-0.00884202
0.431289
0.229596
0.355972
-0.0372219
-0.521133
-0.177781
-0.633487
-1.1419
-0.702074
0.16624
-0.762577
-0.58848
-0.666846
-0.575551
-0.196595
0.163787
-0.388872
-0.308897
0.0992267
0.433469
0.410683
0.00614177
-0.80713
-0.153481
0.262174
-0.414834
0.0557924
0.0576493
-0.0878005
0.5784
0.348419
-0.213564
-0.723484
-0.391538
0.118945
-1.54069
-0.235707
0.271375
0.601303
-0.500179
0.00783187
0.140098
0.206973
0.0826937
0.384974
-0.407824
0.0872559
-0.756304
0.472451
0.422382
0.222998
0.129172
0.422496
0.739118
0.457586
0.331348
-0.26173
-1.23102
0.609856
0.231851
0.247528
0.125106
-0.380803
-0.0133397
-0.600664
-0.129228
0.465302
-0.108373
0.589508
0.22993
-0.12122
-0.443699
-0.741127
-0.00401876
-0.107058
0.212761
-0.0323766
0.122048
-0.37238
0.0920358
-0.184436
0.0163232
-0.125315
0.105415
-0.923311
0.495475
0.261053
-0.361188
-0.423628
-0.886746
-0.135444
0.155392
0.421772
-0.37939
-0.28393
0.569832
-0.570742
