0
0
0
0
0
0
0
0
0
0
0
0
0
0
0
0
0
0
0
0
0
0
0
0
0
0
0
0
0
0
0
0
0
0
0
0
0
0
0
0
0
0
0
0
0
0
0
0
0
0
0
0
0
0
0
0
0
0
0
0
0
0
0
0
0
0
0
0
0
0
0
0
0
0
0
0
0
0
0
0
0
0
0
0
0
0
0
0
0
0
0
0
0
0
0
0
0
0
0
0
0
0
0
0
0
0
0
0
0
0
0
0
0
0
0
0
0
0
0
0
0
0
0
0
0
0
0
0
0
0
0
0
0
0
0
0
0
0
0
0
0
0
0
0
0
0
0
0
0
0
0
0
0
0
0
0
0
0
0
0
0
0
0
0
0
0
0
0
0
0
0
0
0
0
0
0
0
0
0
0
0
0
0
0
0
0
0
0
0
0
0
0
0
0
0
0
0
0
0
0
0
0
0
0
0
0
0
0
0
0
0
0
0
0
0
0
0
0
0
0
0
0
0
0
0
0
0
0
0
0
0
0
0
0
0
0
0
0
0
0
0
0
0
0
0
0
0
0
0
0
0
0
0
0
0
0
0
0
0
0
0
0
0
0
0
0
0
0
0
0
0
0
0
0
0
0
0
0
0
0
0
0
0
0
0
0
0
0
0
0
0
0
0
0
0
0
0
0
0
0
0
0
0
0
0
0
0
0
0
0
0
0
0
0
0
0
0
0
0
0
0
0
0
0
0
0
0
0
0
0
0
0
0
0
0
0
0
0
0
0
0
0
0
0
0
0
0
0
0
0
0
0
0
0
0
0
0
0
0
0
0
0
0
0
0
0
0
0
0
0
0
0
0
0
0
0
0
0
0
0
0
0
0
0
0
0
0
0
0
0
0
0
0
0
0
0
0
0
0
0
0
0
0
0
0
0
0
0
0
0
0
0
0
0
0
0
0
0
0
0
0
0
0
0
0
0
0
0
0
0
0
0
0
0
0
0
0
0
0
0
0
0
0
0
0
0
0
0
0
0
0
0
0
0
0
0
0
0
0
0
0
0
0
0
0
0
0
0
0
0
0
0
0
0
0
0
0
0
0
0
0
0
0
0
0
0
0
0
0
0
0
0
0
0
0
0
0
0
0
0
0
0
0
0
0
0
0
0
0
0
0
0
0
0
0
0
0
0
0
0
0
0
0
0
0
0
0
0
0
0
0
0
0
0
0
0
0
0
0
0
0
0
0
0
0
0
0
0
0
0
0
0
0
0
0
0
0
0
0
0
0
0
0
0
0
0
0
0
0
0
0
0
0
0
0
0
0
0
0
0
0
0
0
0
0
0
0
0
0
0
0
0
0
0
0
0
0
0
0
0
0
0
0
0
0
0
0
0
0
0
0
0
0
0
0
0
0
0
0
0
0
0
0
0
0
0
0
0
0
0
0
0
0
0
0
0
0
0
0
0
0
0
0
0
0
0
0
0
0
0
0
0
0
0
0
0
0
0
0
0
0
0
0
0
0
0
0
0
0
0
0
0
0
0
0
0
0
0
0
0
0
0
0
0
0
0
0
0
0
0
0
0
0
0
0
0
0
0
0
0
0
0
0
0
0
0
0
0
0
0
0
0
0
0
0
0
0
0
0
0
0
0
0
0
0
0
0
0
0
0
0
0
0
0
0
0
0
0
0
0
0
0
0
0
0
0
0
0
0
0
0
0
0
0
0
0
0
0
0
0
0
0
0
0
0
0
0
0
0
0
0
0
0
0
0
0
0
0
0
0
0
0
0
0
0
0
0
0
0
0
0
0
0
0
0
0
0
0
0
0
0
0
0
0
0
0
0
0
0
0
0
0
0
0
0
0
0
0
0
0
0
0
0
0
0
0
0
0
0
0
0
0
0
0
0
0
0
0
0
0
0
0
0
0
0
0
0
0
0
0
0
0
0
0
0
0
0
0
0
0
0
0
0
0
0
0
0
0
0
0
0
0
0
0
0
0
0
0
0
0
0
0
0
0
0
0
0
0
0
0
0
0
0
0
0
0
0
0
0
0
0
0
0
0
0
0
0
0
0
0
0
0
0
0
0
0
0
0
0
0
0
0
0
0
0
0
0
0
0
0
0
0
0
0
0
0
0
0
0
0
0
0
0
0
0
0
0
0
0
0
0
0
0
0
0
0
0
0
0
0
0
0
0
0
0
0
0
0
0
0
0
0
0
0
0
0
0
0
0
0
0
0
0
0
0
0
0
0
0
0
0
0
0
0
0
0
0
0
0
0
0
0
0
0
0
0
0
0
0
0
0
0
0
0
0
0
0
0
0
0
0
0
0
0
0
0
0
0
0
0
0
0
0
0
0
0
0
0
0
0
0
0
0
0
0
0
0
0
0
0
0
0
0
0
0
0
0
0
0
0
0
0
0
0
0
0
0
0
0
0
0
0
0
0
0
0
0
0
0
0
0
0
0
0
0
0
0
0
0
0
0
0
0
0
0
0
0
0
0
0
0
0
0
0
0
0
0
0
0
0
0
0
0
0
0
0
0
0
0
0
0
0
0
0
0
0
0
0
0
0
0
0
0
0
0
0
0
0
0
0
0
0
0
0
0
0
0
0
0
0
0
0
0
0
0
0
0
0
0
0
0
0
0
0
0
0
0
0
0
0
0
0
0
0
0
0
0
0
0
0
0
0
0
0
0
0
0
0
0
0
0
0
0
0
0
0
0
0
0
0
0
0
0
0
0
0
0
0
0
0
0
0
0
0
0
0
0
0
0
0
0
0
0
0
0
0
0
0
0
0
0
0
0
0
0
0
0
0
0
0
0
0
0
0
0
0
0
0
0
0
0
0
0
0
0
0
0
0
0
0
0
0
0
0
0
0
0
0
0
0
0
0
0
0
0
0
0
0
0
0
0
0
0
0
0
0
0
0
0
0
0
0
0
0
0
0
0
0
0
0
0
0
0
0
0
0
0
0
0
0
0
0
0
0
0
0
0
0
0
0
0
0
0
0
0
0
0
0
0
0
0
0
0
0
0
0
0
0
0
0
0
0
0
0
0
0
0
0
0
0
0
0
0
0
0
0
0
0
0
0
0
0
0
0
0
0
0
0
0
0
0
0
0
0
0
0
0
0
0
0
0
0
0
0
0
0
0
0
0
0
0
0
0
0
0
0
0
0
0
0
0
0
0
0
0
0
0
0
0
0
0
0
0
0
0
0
0
0
0
0
0
0
0
0
0
0
0
0
0
0
0
0
0
0
0
0
0
0
0
0
0
0
0
0
0
0
0
0
0
0
0
0
0
0
0
0
0
0
0
0
0
0
0
0
0
0
0
0
0
0
0
0
0
0
0
0
0
0
0
0
0
0
0
0
0
0
0
0
0
0
0
0
0
0
0
0
0
0
0
0
0
0
0
0
0
0
0
0
0
0
0
0
0
0
0
0
0
0
0
0
0
0
0
0
0
0
0
0
0
0
0
0
0
0
0
0
0
0
0
0
0
0
0
0
0
0
0
0
0
0
0
0
0
0
0
0
0
0
0
0
0
0
0
0
0
0
0
0
0
0
0
0
0
0
0
0
0
0
0
0
0
0
0
0
0
0
0
0
0
0
0
0
0
0
0
0
0
0
0
0
0
0
0
0
0
0
0
0
0
0
0
0
0
0
0
0
0
0
0
0
0
0
0
0
0
0
0
0
0
0
0
0
0
0
0
0
0
0
0
0
0
0
0
0
0
0
0
0
0
0
0
0
0
0
0
0
0
0
0
0
0
0
0
0
0
0
0
0
0
0
0
0
0
0
0
0
0
0
0
0
0
0
0
0
0
0
0
0
0
0
0
0
0
0
0
0
0
0
0
0
0
0
0
0
0
0
0
0
0
0
0
0
0
0
0
0
0
0
0
0
0
0
0
0
0
0
0
0
0
0
0
0
0
0
0
0
0
0
0
0
0
0
0
0
0
0
0
0
0
0
0
0
0
0
0
0
0
0
0
0
0
0
0
0
0
0
0
0
0
0
0
0
0
0
0
0
0
0
0
0
0
0
0
0
0
0
0
0
0
0
0
0
0
0
0
0
0
0
0
0
0
0
0
0
0
0
0
0
0
0
0
0
0
0
0
0
0
0
0
0
0
0
0
0
0
0
0
0
0
0
0
0
0
0
0
0
0
0
0
0
0
0
0
0
0
0
0
0
0
0
0
0
0
0
0
0
0
0
0
0
0
0
0
0
0
0
0
0
0
0
0
0
0
0
0
0
0
0
0
0
0
0
0
0
0
0
0
0
0
0
0
0
0
0
0
0
0
0
0
0
0
0
0
0
0
0
0
0
0
0
0
0
0
0
0
0
0
0
0
0
0
0
0
0
0
0
0
0
0
0
0
0
0
0
0
0
0
0
0
0
0
0
0
0
0
0
0
0
0
0
0
0
0
0
0
0
0
0
0
0
0
0
0
0
0
0
0
0
0
0
0
0
0
0
0
0
0
0
0
0
0
0
0
0
0
0
0
0
0
0
0
0
0
0
0
0
0
0
0
0
0.51118
-1.08599
-0.0578566
0.453623
-0.662777
0.191142
-0.889212
-1.46285
-0.170729
0.280598
-0.953368
-0.924955
-0.113915
0.261225
-0.0117884
-0.65192
-0.840043
-0.359382
-0.0248404
-1.72904
-0.807716
-0.536334
-1.69487
-1.33496
-0.61359
0.294023
0.21629
0.327123
-1.16496
0.342409
-1.29187
-0.840731
-0.194253
0.228932
-0.225244
-1.07479
-0.520851
-0.611286
-0.0312809
0.517497
-0.202664
0.0920442
-0.157045
-0.40939
-0.00303596
-0.158882
0.0688186
0.173221
-0.36897
0.334141
-0.70053
-0.901867
-1.21003
0.156285
-0.770469
0.396367
0.209932
0.146477
-0.549115
-0.605016
-0.197407
-0.241512
0.090832
-0.599265
-0.0203213
-0.218717
0.580894
-0.839141
0.0365364
-0.490981
-0.486285
0.145902
-1.13857
0.422245
-0.238043
0.154907
0.127753
-1.66151
-0.0715233
-0.312088
-1.05299
-0.0930316
-0.25346
0.348495
-0.158948
-1.60688
-0.416123
-0.512251
-1.84762
-1.56332
0.410581
-0.379365
-1.04467
-0.765391
0.138334
0.200256
-1.25535
-1.42982
-1.08425
-0.336116
-1.45995
-0.941527
-0.595576
0.0298809
0.20424
-0.794316
0.212858
0.229337
0.565087
0.52891
-0.275793
0.517674
-1.10872
0.0832531
0.254507
0.466801
-0.384119
-0.0723421
-0.473479
-0.408027
-0.394472
0.621287
-0.636121
0.113232
0.625778
-0.808182
-0.147404
-1.42513
-0.948366
0.174608
0.274535
0.310195
0.221025
0.321717
-1.88669
-0.361265
-2.02087
-0.757759
0.0459372
0.564287
-0.19799
0.426471
-0.673961
0.186504
-1.28056
0.327605
-1.13292
0.49556
0.163317
0.270715
-1.51888
0.650629
0.193717
-0.10032
-1.07534
-0.453232
-1.45828
-1.17627
-1.06951
-1.67752
-0.503078
0.0793286
-0.0967495
-0.0840361
-0.604742
-1.15043
-1.23514
0.118081
-0.98802
-0.121709
-0.184742
-0.46301
-0.604722
-0.794072
-1.89705
0.4339
-0.0744703
0.115718
-0.718415
0.0970416
0.107119
-1.20651
0.0450616
-0.0353749
-0.285288
-1.70686
0.0737525
-1.45137
0.462104
0.41751
-0.512657
-0.203447
-0.374521
-1.07641
-0.0915538
-1.41196
0.064851
-0.584121
-0.151933
-0.513848
-1.17748
-1.16524
-2.75375
-0.977139
0.0242023
0.0208071
0.548088
-0.350232
-2.08164
0.206985
0.77748
-1.40227
-0.203279
-0.368514
0.651341
-2.00647
-0.262062
0.440175
-0.871031
0.436286
-1.46981
-0.842165
-0.300248
0.160107
0.853745
-0.198921
-0.96742
0.593966
-0.529333
-0.79572
-0.430072
-1.17729
-0.411624
-0.085959
0.35396
-0.0574815
-0.0999394
-0.653583
-0.352507
-1.19572
-0.689719
-0.778466
0.654582
0.0539797
0.0798358
-0.849247
-1.07686
0.0149071
0.228576
0.0470816
-0.0380181
-0.807748
0.0936061
-1.42494
0.0328772
-0.117934
0.19702
-0.457611
0.418136
-1.22076
0.257831
-1.54694
-1.57825
-0.541833
0.262803
0.516766
-0.270561
-1.87961
0.488859
0.603223
0.409462
-0.0211346
0.63148
0.340062
-0.711308
0.348699
-1.59985
-0.443078
-1.19052
-0.241187
-0.611363
0.4864
-0.369486
-0.471245
0.186621
0.364433
-1.06682
0.55894
-0.316417
-0.387908
0.236136
0.452118
-0.934594
0.586738
-1.08765
0.00641437
-1.79441
0.664616
0.43624
0.755171
-1.03885
-0.661947
0.187777
-1.19197
-0.308222
0.0282075
0.282197
-0.743335
0.543076
-1.2356
0.239352
-0.737901
-0.611976
-0.0143844
-0.112939
-0.157377
-1.01218
-0.814213
-0.680944
-1.05971
0.208343
-0.0365795
-0.599709
-0.964516
-0.810474
-1.13925
-0.550788
0.174926
0.397196
-0.551482
0.0722093
0.344931
0.398159
-0.748772
-0.263084
-0.302926
-0.125371
-0.319195
-1.63738
-1.86487
0.132422
0.0361341
-0.653089
0.445617
0.610709
-1.71996
0.302378
-0.350196
-0.555868
0.820086
0.107118
-1.00121
0.457696
0.249816
0.138475
0.589846
-1.35663
0.200496
0.404475
0.017933
-1.46679
0.311642
0.720236
-2.46156
-0.919409
0.429997
0.385721
0.324645
0.502644
0.218607
-1.30556
-0.980837
0.294583
0.0869191
0.0698664
0.210957
0.60874
-1.02625
0.161471
0.299333
0.0252208
-1.46734
-0.314965
0.561398
0.302854
-0.524602
0.0179825
-0.830965
0.238056
0.107442
0.0818229
-0.559028
-0.134312
0.665365
0.0263337
-0.951353
0.373349
0.7404
-1.03226
0.763903
-0.208227
0.272977
-0.23866
-1.8687
-0.496097
-1.98604
0.0928566
-0.0398334
-1.41554
0.179535
-0.0288946
-1.59306
-0.300635
-0.866931
-0.322065
0.0272547
-0.45386
0.0398435
0.573695
0.347853
-1.3685
0.561318
0.762307
0.742011
-0.727388
0.658333
-0.0198013
-0.842621
0.580854
-1.08547
-1.29136
-0.589853
-0.362062
-1.15154
-1.89713
0.339272
-0.705869
0.453273
-0.804975
-0.0911052
-0.375581
0.125882
-0.441741
-0.741919
-1.23355
-0.855867
-0.9188
0.318988
0.46499
-1.21067
-1.67695
-0.405452
-0.124073
0.0427543
-0.719941
0.0215325
-0.790035
-0.0311187
-0.492331
-0.812528
-0.156269
-0.496582
-0.330541
-1.65849
-0.433633
-0.591532
-0.337291
-1.53177
-0.826051
-0.412324
-0.763409
0.808012
-0.163723
-0.848135
-0.0165981
-0.450493
-0.229536
-0.382458
0.237091
0.214661
0.0589266
0.554779
0.361759
-0.422859
-0.916152
-0.254785
0.905415
-1.60961
-0.180261
-1.0384
-0.0719456
-0.639195
-0.317689
-0.493331
-0.521806
0.186585
-0.344583
-0.278556
-1.26545
0.602364
-1.48762
-0.713542
-0.235483
-0.628859
0.616285
-0.369068
0.258723
0.0173057
0.21548
-0.192496
-0.890864
-1.41974
-1.2369
0.032316
-0.807039
-0.0710884
-1.14617
-0.219993
-0.53888
0.0418922
-0.684493
-1.05141
0.0832447
-0.358924
-0.58805
-0.029882
-0.979955
0.344122
-0.716303
-0.426745
-0.316347
0.448045
-1.00786
-0.748075
0.156065
-0.508345
-2.07173
-0.116989
0.0605391
-0.249522
-0.418282
-1.70756
0.489768
-0.90383
0.172417
0.291725
0.124465
0.439338
0.295692
-0.454401
0.364601
-1.07453
-1.23013
0.667315
-1.66517
0.177078
-1.1225
-0.56546
-0.666427
-0.877289
-0.267808
0.160652
0.416887
0.341425
-1.36113
0.325634
-1.28432
-1.18259
0.141322
0.0390833
-0.754261
-0.490893
-0.784903
-0.360569
0.155199
0.235903
-0.210743
0.308141
0.078745
-0.812118
-1.15788
0.206666
0.534934
-0.809197
-0.856876
0.259148
0.252505
-0.917318
-0.258113
0.0945366
0.08109
-1.43646
-1.08198
-0.373212
0.100038
-0.223038
0.62953
-0.820982
-1.11875
-0.967363
-0.652265
-0.849002
-1.03721
0.614372
-1.45042
-1.20971
0.660098
-1.17848
-0.0890006
0.410371
0.0906049
0.278643
-0.334653
-0.56617
0.0741356
-0.206356
-1.17148
-0.274967
-0.163131
0.0122988
0.599701
-0.838942
-1.31274
0.451182
-0.361175
-0.718067
-1.22153
-0.930515
0.315765
0.539609
-0.755336
0.707667
0.292314
0.3026
-0.053578
-1.06826
-0.0943709
-0.792015
-1.60605
-0.125379
-0.144284
0.347111
-0.9268
-1.11028
-1.62436
-0.426459
-0.222775
0.0492414
-2.2683
-1.64533
-0.675979
-0.126165
-1.12212
0.0610231
-0.419493
0.128252
0.368345
-1.34065
-0.613558
0.52826
-0.270186
-0.252629
-2.04291
-0.507639
0.158195
-0.00913559
-1.16052
0.0893513
-0.60708
0.770908
0.274576
0.00248534
-0.953642
-0.255231
-1.49834
-0.134898
-1.53725
-1.54667
0.400378
-0.290531
-0.604127
0.343049
-0.216785
-1.05432
-1.05483
-1.50055
0.111208
-1.24446
-0.737506
-0.289777
0.354088
-1.21669
-0.207018
0.514178
-0.409543
0.46914
-0.578504
-1.1832
0.191488
0.0455219
-0.833835
0.0173081
-0.931141
0.173282
-0.697842
-1.12059
-0.566315
-0.427791
0.365307
-0.486603
-1.39959
0.585906
0.0211133
-0.127632
0.140167
-0.498458
0.377546
0.131203
0.305846
-0.97737
0.289461
-1.13366
-0.170181
-0.208045
-0.63752
-0.410971
0.540378
-1.32042
0.578248
-0.271488
-0.791671
-1.02453
-0.700253
0.163777
0.358322
-0.0347936
-0.285409
0.477986
-1.01181
0.0169023
-1.179
0.141751
-0.593275
-0.210828
0.0890651
-0.980161
0.3562
-0.101979
-0.242809
-1.2348
-0.667625
-0.86841
0.594331
0.121509
0.0512476
0.451526
0.193513
-1.2987
-0.507767
-0.0851766
-1.12566
-0.133409
0.231136
0.193963
-0.178993
-2.73335
0.191923
-0.327512
-0.640703
0.306978
-0.236003
0.215471
0.78943
-0.411335
-1.26153
-1.54417
0.323249
0.372005
-0.0111362
0.513642
-0.56745
-0.945644
-0.304611
-1.16202
0.0520662
-1.00052
0.618771
-0.242538
-0.91984
-1.72061
-0.246366
0.278273
0.0731081
-0.619118
0.544961
0.740102
0.319435
-0.288066
-0.131258
-0.982053
-1.12623
-0.928835
-0.192388
0.282504
-0.81588
-1.82423
0.0629064
-1.07035
-0.325048
0.26014
-1.74901
0.412015
-1.51429
-1.88591
-1.1538
-0.963182
-1.28739
0.504471
-1.58145
-0.995191
-0.826537
0.721692
-0.0771355
-0.980127
-1.2744
-1.294
-0.162926
-0.578956
0.0271699
-0.558273
-0.0696144
-0.963734
0.182454
-1.17359
-0.0516156
-0.237785
-2.41348
-0.988131
-0.699063
-0.132667
-1.06282
0.30659
-0.833582
-0.670065
0.0602828
0.626738
0.319179
-0.151514
0.126769
-0.757355
0.392103
-0.0437921
0.0423575
-0.559991
0.218051
0.666675
-0.232033
0.130221
-1.20816
-1.47432
-0.291899
0.187196
-1.60926
0.645694
0.552922
-1.46908
0.0325815
-0.515437
0.402996
-0.0441043
-1.52401
-1.55028
0.129984
-0.72128
-1.32677
-0.210613
-0.10143
-0.6115
0.04137
-0.477753
-0.868134
0.0145919
-0.0969463
0.431161
0.0344002
-0.0854011
-1.08558
0.0285356
-0.26789
-0.430458
-0.022968
-0.41533
-0.525398
-0.584919
-2.12472
-1.18391
-1.07615
-0.67643
-0.990331
0.162823
0.42097
0.0294262
-0.837478
-0.517634
-0.247034
-1.5613
-0.840494
-1.156
-0.409011
-0.28877
0.274921
-1.51165
-0.863303
0.311756
0.308462
-1.81946
-0.910295
-0.0554486
-1.41028
-0.923837
-1.27477
-0.0708517
0.220965
-0.782887
-0.462453
-0.657983
-0.3867
-0.348962
-0.944709
-1.04139
0.32364
0.394345
-0.912073
0.32504
-0.0582757
-0.541693
0.647552
-0.680682
0.202712
0.0490065
-0.267287
-0.834104
0.476148
0.326827
-0.635658
-0.413049
-1.11263
-1.53953
0.0509377
0.558264
0.21867
-1.25532
-0.677659
0.220841
-1.67035
0.523751
-0.189546
-0.295343
0.516908
0.195614
-0.974954
-0.414668
0.341394
0.0741962
0.0293816
-0.551458
0.00615562
0.461311
-1.62457
-1.14821
-0.228788
-1.24864
-0.747788
-1.39932
-0.294462
-1.00195
-0.969078
-0.0609808
-0.11665
-1.9873
-1.12413
-0.828604
-0.0656061
0.274434
0.530932
0.342605
0.283873
-0.0450712
-0.458297
-1.43716
-0.885365
0.113212
-0.109945
-0.882098
-0.138161
0.0441883
0.408224
-0.465978
0.0796858
0.51173
-0.0604732
-1.28183
-0.0239663
-1.06077
-1.09678
-0.211467
0.0962271
-0.443843
0.119417
-0.264347
-1.08503
0.226078
-0.947143
-0.773708
0.0860949
0.349489
-0.710059
0.576193
0.150649
0.299011
0.166788
-1.24185
-0.304554
-1.08159
-0.905451
-0.0305554
-0.0295879
-0.798573
0.774042
-0.653754
-0.202147
-0.912305
-0.897492
-0.0991049
0.153386
-0.44494
0.262781
-0.485586
0.493271
0.228366
0.548773
-0.00812923
-0.0437984
0.0442646
0.0950911
0.563418
-0.564286
0.261509
0.180865
0.0925055
0.224156
0.395766
-0.319093
0.164817
0.414632
0.351169
0.39798
-0.5163
0.276078
-0.898742
-0.444951
0.48655
-0.240896
0.211169
-1.53742
0.171942
-0.865785
-0.0452919
0.161298
0.600485
-0.116694
0.491734
-0.641115
-1.18611
-2.21933
0.27342
0.160155
-0.777688
0.331159
-0.427947
0.414587
0.140634
0.51762
0.426657
-0.180851
-0.217907
-0.511681
0.504735
0.744049
0.419604
0.0832643
-0.622501
-0.112517
0.0510375
-0.133528
0.62987
-1.51916
-0.131401
0.0143901
0.340131
0.00295323
0.0606418
-0.0368225
-0.0136998
0.229441
0.421881
0.24274
0.30647
0.452174
-0.0458442
-0.426683
-0.388578
0.338082
-0.303602
-0.370988
-0.76022
0.213835
0.117339
0.269837
-0.967636
-0.121168
-0.0208512
-1.30973
-0.448379
0.080346
-1.6632
0.149374
-1.72486
0.346422
-0.443492
0.232048
-0.0069927
0.151046
-0.0211622
0.175874
-0.18608
0.369027
0.223563
-0.544826
-0.312615
0.144157
-0.17154
0.414328
-1.5023
-0.680681
-0.349761
-0.0695088
0.325357
-0.0257784
0.392854
0.0365728
-1.0217
0.209945
-0.572622
-0.522781
-1.26235
0.195642
0.0713332
-1.36873
-0.81627
0.229799
-0.501458
-0.649529
0.404606
0.334429
-0.558113
-1.27022
-0.276112
-0.402461
0.293602
0.0624334
0.109172
0.194044
-0.0383116
-0.770619
0.0201225
-0.247715
-0.616267
-1.02064
-0.828773
-0.962905
0.187325
-0.122617
0.388395
0.192825
0.231596
0.384218
-0.347448
-1.16822
0.372667
-0.00357917
-0.294279
0.249787
-0.0760842
-1.20907
-0.689057
0.40709
-0.335308
-0.394493
-0.617343
-0.470512
-1.26377
-0.470192
0.363093
0.58685
-0.924721
-0.789541
0.527463
-0.172013
-1.0234
0.249381
-0.0403093
-0.65745
-0.87097
0.259372
-1.82603
-1.17064
0.0475353
-0.208611
-1.76167
-0.690897
-0.792158
-0.814513
-0.356804
-0.377599
-0.51057
-0.409616
0.218176
0.503467
0.039445
-0.0729291
-0.621017
0.415153
0.00159975
0.179538
-0.303325
-0.0945468
-0.112718
0.380698
0.0589359
-0.203269
-0.526161
-0.127452
-0.74477
0.0926168
-0.422278
-0.128127
-0.198388
-0.487872
-0.132677
0.227534
-0.38845
-1.57051
-0.544853
-0.603592
0.400147
-0.106829
0.437199
0.0865318
0.0625198
0.0238163
-1.63865
0.141737
0.224351
0.0880541
0.0503278
-1.28906
-1.14793
0.101864
0.443499
-1.42945
-1.19842
-0.331572
0.0763431
-1.43532
-0.408541
0.467943
-0.575157
-0.349816
0.129666
-0.0402156
-0.21881
0.0452116
-0.476014
0.263905
0.601678
-0.706343
-0.270028
-0.971897
-0.328404
0.111905
-0.763801
-0.992773
-0.698837
0.484596
0.0617081
-0.338115
0.275343
-1.29008
-0.434618
-0.359783
-0.107604
0.0782966
-1.03084
0.167062
-0.116816
0.264686
0.417466
-0.273491
-0.0869268
0.326955
0.412813
-1.64126
0.157445
-1.46984
-0.848594
-0.7357
-0.605656
-0.123621
0.512205
-0.458449
-0.359301
-0.0196598
-0.951524
-0.64255
-1.31684
-0.309361
-0.178512
0.213273
0.330941
-0.949106
-0.0433292
-0.152971
-0.127943
0.414074
0.144331
-0.205193
0.426835
-0.291266
0.0769259
-0.532907
-0.044098
-0.469659
-0.350471
0.129611
0.170719
-0.906051
-0.419925
-0.233737
-1.07735
0.0892604
0.478447
-0.315986
0.220185
0.3825
0.092358
0.227239
0.204086
0.178631
-0.560246
-0.311478
-0.924436
-0.304261
0.0844693
-0.5753
0.464638
0.171432
-0.0353468
-0.235945
-0.684966
-1.01505
-0.0356874
0.589382
-0.213933
-0.351944
-0.501075
-0.211542
-1.07388
0.175483
-1.04293
0.223137
0.142928
-1.19594
0.156322
0.287608
-1.0858
-0.248147
0.255309
-1.0393
-0.904227
-0.675041
-0.094366
-0.123881
-0.390354
-0.663131
-1.59649
-0.924949
-0.101383
-0.00508036
-0.528866
0.28149
0.583431
-1.29259
0.462821
0.36529
-2.00473
-0.0156857
-2.09355
0.377355
0.509088
0.360248
-0.0433711
-0.533036
0.381125
-0.250804
-0.533039
-0.594752
0.65304
0.393951
0.101791
-0.22162
0.0418155
0.106155
-1.69659
-0.692884
0.490969
-0.848155
-0.871907
0.350293
-1.28819
0.389134
-0.367347
-1.2204
-1.56481
-0.329182
0.312209
0.28384
0.242197
0.232848
0.241759
0.274919
0.256509
-1.44889
0.211928
-0.388075
-0.23058
0.0263209
-0.579071
-0.835863
-0.205477
0.0200663
-0.784149
0.454405
0.0259342
0.170667
-0.0240628
0.526929
-0.744459
-1.64288
-0.178619
-0.0662447
-0.96779
0.578261
-0.13931
0.425813
-0.756467
0.112638
-0.191913
-0.453929
-0.227572
-0.728186
0.21129
-0.301514
0.124497
0.0226588
-0.653112
-0.286809
-0.788813
0.294137
-3.08218
0.164595
-0.446372
-0.0412878
0.434199
0.114528
-0.665148
0.18899
0.121008
0.237086
0.285896
-1.28373
0.14622
-0.481106
0.326955
0.678584
-0.194247
-0.843408
-1.01384
-0.849291
-1.2363
0.252295
-1.35603
0.232588
-0.514128
-0.269122
-0.0460716
-0.493549
0.230293
0.632169
-1.7322
-0.448954
0.243663
0.15045
0.270139
0.181702
0.520436
-0.417239
-0.0661317
0.497924
-0.507116
-0.625333
-0.090476
0.256336
-0.0690459
-0.150387
-0.0225132
-0.557484
-0.100742
-0.699442
-0.602666
-0.523344
-0.563658
-1.16104
0.114669
-0.0557578
0.480941
-0.401487
-0.591781
-0.480531
-0.86655
0.0860739
0.49989
-0.331053
-0.758574
0.280438
-1.36022
-0.0806608
-0.131059
-0.531162
-1.41652
0.331168
0.528994
-1.14396
-0.529232
0.157155
-0.291228
-0.875031
-1.24916
0.138887
0.438328
0.593157
-0.751133
0.0205797
-1.36765
0.425384
0.417433
-0.686026
-0.0407628
-0.666383
-0.392603
0.386701
0.55095
0.103747
0.132509
0.25527
0.0765771
-2.12764
-0.589606
-0.929632
0.0786861
-1.37983
-0.740997
0.303192
0.458087
-0.598362
-0.848158
0.125769
0.253034
0.383936
-0.928705
-0.897579
-1.12032
-0.773263
-0.447249
-0.172931
0.293399
0.483345
-0.302321
-0.234198
0.10805
0.760485
0.312776
-0.709618
0.161062
0.207511
0.0598868
-0.414264
-0.0424127
0.508287
0.576714
-0.105178
0.816025
-1.45046
0.352265
0.184621
-0.223573
0.280068
-0.33667
-0.852943
-1.19556
-0.629993
-0.547371
-0.373447
-0.166725
-0.994775
-0.376931
-1.01588
0.618989
-0.282315
-0.132445
-0.0418867
0.372154
0.0833288
0.0370299
0.516805
0.365793
0.151336
-1.25409
-0.129859
0.0191354
-0.571751
0.596653
-0.271207
-0.994011
0.280221
0.35354
-0.472735
0.233424
-0.149236
-0.392203
0.0717446
0.191611
-0.0697951
0.323781
-0.32257
-0.225913
-0.224166
-0.609667
-0.592489
-0.932795
-0.841973
-1.38546
-0.192329
-0.474397
0.124928
0.458059
0.203437
0.198198
-0.300674
-1.48998
0.59498
0.243003
-1.12775
0.333768
-0.0020414
-0.599901
0.341011
0.173855
-1.28881
-0.158048
0.332222
-0.4409
0.0435302
-0.947357
0.475808
-1.79252
-0.208174
0.303217
0.028684
0.223668
0.332515
-0.0306675
0.12335
-0.23489
0.698457
0.158311
-0.798184
-0.987061
0.288456
-0.17362
-0.321473
-0.921256
0.143715
-0.234229
-0.262892
-0.664467
0.653493
0.117911
-0.88549
0.0876651
-0.248202
-0.571428
0.140006
0.465994
-0.184422
-0.765482
-0.293513
-0.163418
0.173201
0.0590045
0.214287
-0.466705
-0.345891
-0.821929
-0.506999
0.14041
-0.108573
0.166533
-0.135361
-0.170174
-0.12288
-0.448536
0.730474
-0.535121
0.227839
-0.202112
-2.07849
-0.0602903
-0.605766
-0.372415
-0.185558
-0.401362
-0.315953
-1.098
0.416174
0.0668721
-1.04752
-0.825925
-1.96555
0.0948908
0.00204224
-0.526485
-0.239532
-0.734027
0.466137
-1.02045
0.202107
0.10529
0.186477
-0.598977
-0.531107
0.389583
-0.0553828
-0.465806
0.350328
0.0601361
-0.717203
0.571566
-0.0814976
-1.67148
-0.413808
-0.161069
-1.03224
0.828677
0.116395
-0.909347
0.529835
-0.094661
0.477519
0.483918
0.572311
0.530165
0.840631
-0.476624
-0.441795
-0.180959
0.347963
0.509525
-1.09285
-0.698363
0.391245
-1.09831
0.402105
0.0238668
-0.0534835
0.217172
-0.0149356
0.276092
-0.289227
-0.943509
0.304551
0.0892144
-0.752132
-0.522724
0.216333
0.443888
-0.00540293
-0.489822
-0.189596
0.157973
-0.47398
0.433616
0.180934
-1.36022
-0.268548
-0.0250681
0.123475
0.200184
-0.848
-0.206817
0.455032
0.512905
-0.561266
-0.565378
0.316655
-1.01437
0.0723009
0.217952
-1.54388
0.108747
-1.10751
-0.393138
0.27173
0.261379
0.285778
0.37919
0.408717
-0.407357
0.320244
-0.354619
-0.473126
0.0573925
0.636566
-1.10983
0.302567
-0.950307
-0.0924284
0.129375
-0.0374765
0.225145
-0.50917
-0.963463
0.238675
0.22064
-1.03803
-0.426577
-0.172861
-2.05854
0.454732
-0.601945
-0.486475
0.456806
-0.0348803
0.558863
-0.532925
-0.174616
-0.345005
-0.557639
0.0748449
-0.784423
0.330358
-0.436413
0.164797
0.103304
0.240105
-1.27669
-0.209457
-0.174027
0.353391
-0.0411671
-0.869038
-0.275007
-0.118385
-0.441956
0.135297
0.193749
0.377578
-0.0388916
-0.727791
0.657526
-0.807992
0.390445
-0.471896
-0.445133
-0.0398793
0.0576671
0.132899
0.178472
-1.388
0.713556
0.0615436
-0.695511
-1.55038
-0.0604823
-0.21375
-0.777522
-0.792674
0.070748
-0.109128
-0.264528
-0.1061
-1.37347
0.839979
-0.437115
0.160529
0.676993
0.0544176
-1.57418
-0.194515
0.448303
-0.127179
0.249876
-0.0400026
0.305501
0.31308
-1.11795
-1.8401
0.627265
-0.139668
-0.90252
-0.864915
-0.865769
0.713109
-0.00284871
-1.22136
-0.172619
-0.474183
-0.205684
0.195575
0.470665
0.550391
-0.24365
0.0346834
-0.696236
0.30234
-0.297798
-0.584349
-0.0179493
0.23266
0.454375
0.453921
-0.0739873
0.548533
-0.15504
-0.991267
-1.52969
0.416027
-0.406181
0.619777
-0.148362
0.35918
-0.0673882
0.431451
0.174383
0.425215
-0.244141
-0.439673
0.397001
0.0454191
-0.823566
-0.0484801
-0.86715
-0.209839
0.0633411
0.435336
0.286967
0.496492
-0.619697
0.164974
0.242628
0.400837
-0.399072
-0.382748
0.184389
-0.0315231
-0.208238
-1.58526
0.336632
0.244345
-0.386814
-0.340788
-0.0355684
0.294784
0.166812
0.25731
-0.128755
-0.325911
0.0432007
-1.63547
-0.760068
