0
0
0
0
0
0
0
0
0
0
0
0
0
0
0
0
0
0
0
0
0
0
0
0
0
0
0
0
0
0
0
0
0
0
0
0
0
0
0
0
0
0
0
0
0
0
0
0
0
0
0
0
0
0
0
0
0
0
0
0
0
0
0
0
0
0
0
0
0
0
0
0
0
0
0
0
0
0
0
0
0
0
0
0
0
0
0
0
0
0
0
0
0
0
0
0
0
0
0
0
0
0
0
0
0
0
0
0
0
0
0
0
0
0
0
0
0
0
0
0
0
0
0
0
0
0
0
0
0
0
0
0
0
0
0
0
0
0
0
0
0
0
0
0
0
0
0
0
0
0
0
0
0
0
0
0
0
0
0
0
0
0
0
0
0
0
0
0
0
0
0
0
0
0
0
0
0
0
0
0
0
0
0
0
0
0
0
0
0
0
0
0
0
0
0
0
0
0
0
0
0
0
0
0
0
0
0
0
0
0
0
0
0
0
0
0
0
0
0
0
0
0
0
0
0
0
0
0
0
0
0
0
0
0
0
0
0
0
0
0
0
0
0
0
0
0
0
0
0
0
0
0
0
0
0
0
0
0
0
0
0
0
0
0
0
0
0
0
0
0
0
0
0
0
0
0
0
0
0
0
0
0
0
0
0
0
0
0
0
0
0
0
0
0
0
0
0
0
0
0
0
0
0
0
0
0
0
0
0
0
0
0
0
0
0
0
0
0
0
0
0
0
0
0
0
0
0
0
0
0
0
0
0
0
0
0
0
0
0
0
0
0
0
0
0
0
0
0
0
0
0
0
0
0
0
0
0
0
0
0
0
0
0
0
0
0
0
0
0
0
0
0
0
0
0
0
0
0
0
0
0
0
0
0
0
0
0
0
0
0
0
0
0
0
0
0
0
0
0
0
0
0
0
0
0
0
0
0
0
0
0
0
0
0
0
0
0
0
0
0
0
0
0
0
0
0
0
0
0
0
0
0
0
0
0
0
0
0
0
0
0
0
0
0
0
0
0
0
0
0
0
0
0
0
0
0
0
0
0
0
0
0
0
0
0
0
0
0
0
0
0
0
0
0
0
0
0
0
0
0
0
0
0
0
0
0
0
0
0
0
0
0
0
0
0
0
0
0
0
0
0
0
0
0
0
0
0
0
0
0
0
0
0
0
0
0
0
0
0
0
0
0
0
0
0
0
0
0
0
0
0
0
0
0
0
0
0
0
0
0
0
0
0
0
0
0
0
0
0
0
0
0
0
0
0
0
0
0
0
0
0
0
0
0
0
0
0
0
0
0
0
0
0
0
0
0
0
0
0
0
0
0
0
0
0
0
0
0
0
0
0
0
0
0
0
0
0
0
0
0
0
0
0
0
0
0
0
0
0
0
0
0
0
0
0
0
0
0
0
0
0
0
0
0
0
0
0
0
0
0
0
0
0
0
0
0
0
0
0
0
0
0
0
0
0
0
0
0
0
0
0
0
0
0
0
0
0
0
0
0
0
0
0
0
0
0
0
0
0
0
0
0
0
0
0
0
0
0
0
0
0
0
0
0
0
0
0
0
0
0
0
0
0
0
0
0
0
0
0
0
0
0
0
0
0
0
0
0
0
0
0
0
0
0
0
0
0
0
0
0
0
0
0
0
0
0
0
0
0
0
0
0
0
0
0
0
0
0
0
0
0
0
0
0
0
0
0
0
0
0
0
0
0
0
0
0
0
0
0
0
0
0
0
0
0
0
0
0
0
0
0
0
0
0
0
0
0
0
0
0
0
0
0
0
0
0
0
0
0
0
0
0
0
0
0
0
0
0
0
0
0
0
0
0
0
0
0
0
0
0
0
0
0
0
0
0
0
0
0
0
0
0
0
0
0
0
0
0
0
0
0
0
0
0
0
0
0
0
0
0
0
0
0
0
0
0
0
0
0
0
0
0
0
0
0
0
0
0
0
0
0
0
0
0
0
0
0
0
0
0
0
0
0
0
0
0
0
0
0
0
0
0
0
0
0
0
0
0
0
0
0
0
0
0
0
0
0
0
0
0
0
0
0
0
0
0
0
0
0
0
0
0
0
0
0
0
0
0
0
0
0
0
0
0
0
0
0
0
0
0
0
0
0
0
0
0
0
0
0
0
0
0
0
0
0
0
0
0
0
0
0
0
0
0
0
0
0
0
0
0
0
0
0
0
0
0
0
0
0
0
0
0
0
0
0
0
0
0
0
0
0
0
0
0
0
0
0
0
0
0
0
0
0
0
0
0
0
0
0
0
0
0
0
0
0
0
0
0
0
0
0
0
0
0
0
0
0
0
0
0
0
0
0
0
0
0
0
0
0
0
0
0
0
0
0
0
0
0
0
0
0
0
0
0
0
0
0
0
0
0
0
0
0
0
0
0
0
0
0
0
0
0
0
0
0
0
0
0
0
0
0
0
0
0
0
0
0
0
0
0
0
0
0
0
0
0
0
0
0
0
0
0
0
0
0
0
0
0
0
0
0
0
0
0
0
0
0
0
0
0
0
0
0
0
0
0
0
0
0
0
0
0
0
0
0
0
0
0
0
0
0
0
0
0
0
0
0
0
0
0
0
0
0
0
0
0
0
0
0
0
0
0
0
0
0
0
0
0
0
0
0
0
0
0
0
0
0
0
0
0
0
0
0
0
0
0
0
0
0
0
0
0
0
0
0
0
0
0
0
0
0
0
0
0
0
0
0
0
0
0
0
0
0
0
0
0
0
0
0
0
0
0
0
0
0
0
0
0
0
0
0
0
0
0
0
0
0
0
0
0
0
0
0
0
0
0
0
0
0
0
0
0
0
0
0
0
0
0
0
0
0
0
0
0
0
0
0
0
0
0
0
0
0
0
0
0
0
0
0
0
0
0
0
0
0
0
0
0
0
0
0
0
0
0
0
0
0
0
0
0
0
0
0
0
0
0
0
0
0
0
0
0
0
0
0
0
0
0
0
0
0
0
0
0
0
0
0
0
0
0
0
0
0
0
0
0
0
0
0
0
0
0
0
0
0
0
0
0
0
0
0
0
0
0
0
0
0
0
0
0
0
0
0
0
0
0
0
0
0
0
0
0
0
0
0
0
0
0
0
0
0
0
0
0
0
0
0
0
0
0
0
0
0
0
0
0
0
0
0
0
0
0
0
0
0
0
0
0
0
0
0
0
0
0
0
0
0
0
0
0
0
0
0
0
0
0
0
0
0
0
0
0
0
0
0
0
0
0
0
0
0
0
0
0
0
0
0
0
0
0
0
0
0
0
0
0
0
0
0
0
0
0
0
0
0
0
0
0
0
0
0
0
0
0
0
0
0
0
0
0
0
0
0
0
0
0
0
0
0
0
0
0
0
0
0
0
0
0
0
0
0
0
0
0
0
0
0
0
0
0
0
0
0
0
0
0
0
0
0
0
0
0
0
0
0
0
0
0
0
0
0
0
0
0
0
0
0
0
0
0
0
0
0
0
0
0
0
0
0
0
0
0
0
0
0
0
0
0
0
0
0
0
0
0
0
0
0
0
0
0
0
0
0
0
0
0
0
0
0
0
0
0
0
0
0
0
0
0
0
0
0
0
0
0
0
0
0
0
0
0
0
0
0
0
0
0
0
0
0
0
0
0
0
0
0
0
0
0
0
0
0
0
0
0
0
0
0
0
0
0
0
0
0
0
0
0
0
0
0
0
0
0
0
0
0
0
0
0
0
0
0
0
0
0
0
0
0
0
0
0
0
0
0
0
0
0
0
0
0
0
0
0
0
0
0
0
0
0
0
0
0
0
0
0
0
0
0
0
0
0
0
0
0
0
0
0
0
0
0
0
0
0
0
0
0
0
0
0
0
0
0
0
0
0
0
0
0
0
0
0
0
0
0
0
0
0
0
0
0
0
0
0
0
0
0
0
0
0
0
0
0
0
0
0
0
0
0
0
0
0
0
0
0
0
0
0
0
0
0
0
0
0
0
0
0
0
0
0
0
0
0
0
0
0
0
0
0
0
0
0
0
0
0
0
0
0
0
0
0
0
0
0
0
0
0
0
0
0
0
0
0
0
0
0
0
0
0
0
0
0
0
0
0
0
0
0
0
0
0
0
0
0
0
0
0
0
0
0
0
0
0
0
0
0
0
0
0
0
0
0
0
0
0
0
0
0
0
0
0
0
0
0
0
0
0
0
0
0
0
0
0
0
0
0
0
0
0
0
0
0
0
0
0
0
0
0
0
0
0
0
0
0
0
0
0
0
0
0
0
0
0
0
0
0
0
0
0
0
0
0
0
0
0
0
0
0
0
0
0
0
0
0
0
0
0
0
0
0
0
0
0
0
0
0
0
0
0
0
0
0
0
0
0
0
0
0
0
0
0
0
0
0
0
0
0
0
0
0
0
0
0
0
0
0
0
0
0
0
0
0
0
0
0
0
0
0
0
0
0
0
0
0
0
0
0
0
0
0
0
0
0
0
0
0
0
0
0
0
0
0
0
0
0
0
0
0
0
0
0
0
0
0
0
0
0
0
0
0
0
0
0.539237
-1.08259
-0.0678549
0.507113
-0.604555
0.197393
-0.852961
-1.55681
-0.133601
0.262525
-1.02103
-0.79376
-0.115038
0.172534
-0.0302797
-0.584976
-0.781238
-0.337005
0.0890812
-1.91981
-0.639353
-0.512714
-1.76082
-1.13461
-0.796881
0.264251
0.283508
0.349629
-1.13965
0.264893
-1.22854
-0.801927
-0.181115
0.224285
-0.213966
-1.11272
-0.396623
-0.520632
-0.0812698
0.555763
-0.109684
0.256717
-0.234936
-0.362136
0.00496094
-0.151914
0.0780011
0.238587
-0.336825
0.427763
-0.657723
-0.651246
-1.32299
0.291106
-0.92622
0.479704
0.193426
0.232606
-0.423539
-0.681444
-0.184478
-0.233402
0.126813
-0.485949
0.131068
-0.500879
0.598548
-0.823426
-0.0659422
-0.549146
-0.554274
0.0747987
-0.990048
0.395857
-0.181539
0.207108
0.130896
-1.7668
-0.0698567
-0.288795
-1.08457
-0.137708
-0.173558
0.373925
-0.210895
-1.63296
-0.41474
-0.309718
-1.84031
-1.75671
0.396319
-0.356472
-1.21925
-0.566139
0.103256
0.120218
-1.3228
-1.65665
-0.943886
-0.208028
-1.4687
-0.834287
-0.544258
0.00345975
0.323768
-0.843872
0.262369
0.307208
0.602736
0.501503
-0.286863
0.447389
-1.2608
0.0372074
0.365207
0.327095
-0.400513
0.0142022
-0.426748
-0.464423
-0.40315
0.575931
-0.67129
0.16191
0.620838
-0.919042
-0.0821222
-1.49992
-0.900172
0.15329
0.372709
0.312001
0.237476
0.388005
-1.80282
-0.399422
-1.93036
-0.753106
0.0575997
0.571136
-0.1993
0.309879
-0.787204
0.114509
-1.26235
0.306487
-1.01236
0.360354
0.141944
0.268255
-1.55405
0.553433
0.147897
-0.0370964
-1.00565
-0.447399
-1.58768
-1.17903
-1.23066
-1.77263
-0.563608
0.0481896
-0.178795
-0.0537415
-0.54527
-1.15976
-0.906568
0.177208
-0.974737
-0.0603292
-0.178981
-0.514128
-0.642517
-0.867762
-2.01759
0.358815
-0.0487326
-0.0258847
-0.68892
0.117618
0.0422054
-1.16247
0.0301318
-0.114067
-0.287883
-1.63076
0.0502732
-1.44173
0.42418
0.35332
-0.34128
-0.265602
-0.400635
-0.910137
-0.0416817
-1.3525
0.165838
-0.561651
-0.11067
-0.384958
-0.982925
-1.13555
-2.7983
-0.95979
0.0686013
-0.0167351
0.565112
-0.247218
-1.96444
0.230002
0.766192
-1.36829
-0.292527
-0.370003
0.597633
-2.0571
-0.224879
0.408854
-0.74101
0.464511
-1.58625
-0.825012
-0.334701
0.0631457
0.826634
-0.349166
-0.77229
0.532556
-0.332387
-0.682405
-0.36945
-1.08907
-0.498749
-0.0990657
0.340421
0.0403702
-0.374638
-0.685323
-0.537713
-1.10327
-0.721666
-0.640703
0.578766
0.0734345
-0.0305944
-0.618543
-0.968536
0.0502024
0.138211
0.0363455
-0.0215816
-0.692408
0.0430869
-1.39469
0.047886
-0.0880263
0.295141
-0.462592
0.35474
-1.03426
0.225247
-1.60914
-1.50469
-0.789607
0.169639
0.533439
-0.321326
-1.60884
0.345198
0.634538
0.396424
0.00749435
0.627477
0.335612
-0.591454
0.427819
-1.61557
-0.557245
-1.14313
-0.136149
-0.612474
0.539303
-0.416811
-0.375823
0.0224899
0.402945
-0.81554
0.5086
-0.354157
-0.501766
0.286743
0.375777
-1.13448
0.600507
-1.13283
-0.0256595
-1.75313
0.717381
0.410137
0.730044
-1.05314
-0.526973
0.184694
-1.27579
-0.417262
-0.068825
0.292558
-0.584266
0.612064
-1.28769
0.250885
-0.446955
-0.747675
0.0533836
-0.145058
-0.316564
-0.9122
-0.879323
-0.603365
-0.9185
0.178918
-0.180033
-0.776124
-1.03193
-0.676569
-1.18221
-0.620414
0.156163
0.323658
-0.675336
0.0323425
0.240716
0.287767
-0.928389
-0.0654145
-0.284658
-0.0952305
-0.248755
-1.4752
-1.63857
0.150396
0.118634
-0.727695
0.495544
0.620738
-1.66328
0.207221
-0.30775
-0.462713
0.810731
0.105142
-0.998212
0.394286
0.163652
0.154719
0.585014
-1.47936
0.209269
0.371395
0.0590525
-1.2358
0.328748
0.674961
-2.48195
-0.914815
0.333472
0.379416
0.234384
0.580101
0.136521
-1.3414
-0.886165
0.144422
0.0903618
0.154427
0.247042
0.577397
-1.09613
0.113833
0.249093
0.0919817
-1.49796
-0.154052
0.590418
0.177759
-0.667559
0.0113884
-0.739498
0.287324
0.121507
-0.0010529
-0.701354
-0.106957
0.762173
0.108044
-1.12153
0.342991
0.681852
-1.07663
0.756291
-0.191982
0.304258
-0.336953
-1.88331
-0.426867
-2.28491
0.166147
-0.00283399
-1.56533
0.182114
-0.0243367
-1.7099
-0.270792
-0.944053
-0.342036
-0.0553268
-0.4171
-0.0397776
0.480517
0.288663
-1.21816
0.521123
0.72295
0.719126
-0.826738
0.63213
-0.0461852
-0.869114
0.550562
-1.15756
-1.23678
-0.62292
-0.261369
-1.15286
-1.97552
0.338419
-0.860306
0.495865
-0.853689
-0.100156
-0.417192
0.171043
-0.437715
-0.589539
-1.04152
-0.975976
-0.902553
0.383327
0.46292
-1.22159
-1.58498
-0.260129
-0.122796
0.0176908
-0.857622
-0.0346063
-0.795298
-0.030941
-0.360864
-0.846873
-0.281486
-0.424162
-0.310104
-1.63308
-0.376431
-0.654146
-0.394454
-1.76055
-0.723804
-0.327263
-0.72766
0.806951
-0.112206
-0.919468
-0.0310486
-0.595701
-0.260882
-0.345322
0.19842
0.212898
0.0551513
0.528535
0.414859
-0.359522
-0.716528
-0.2226
0.884179
-1.73128
-0.226274
-0.923693
0.014499
-0.391903
-0.315635
-0.498769
-0.497915
0.28141
-0.183537
-0.396572
-1.44863
0.539407
-1.39082
-0.886511
-0.0837094
-0.522647
0.549189
-0.17549
0.264751
0.0413486
0.210967
-0.315317
-0.856452
-1.47401
-1.15719
0.0191185
-0.501052
-0.123976
-1.23482
-0.283992
-0.443102
0.113788
-0.795627
-0.966822
0.18284
-0.25426
-0.545867
-0.0211847
-1.09353
0.195882
-0.776949
-0.169093
-0.413839
0.411798
-0.853765
-0.590621
0.17285
-0.466331
-2.06332
-0.127452
0.0454324
-0.163828
-0.317797
-1.93737
0.467752
-0.88058
0.0145783
0.326846
0.115737
0.417778
0.264247
-0.598015
0.359487
-1.22181
-1.34049
0.61841
-1.50169
0.132754
-1.11075
-0.590049
-0.589028
-0.812182
-0.195387
0.227811
0.383999
0.300497
-1.26885
0.23039
-1.10482
-1.17869
0.200316
0.0401613
-0.754608
-0.489032
-0.926051
-0.461581
0.167641
0.223035
-0.211775
0.307456
0.101506
-0.756745
-1.04336
0.128974
0.527473
-0.431102
-0.885865
0.207551
0.27235
-0.723968
-0.194245
0.214495
0.126124
-1.62037
-0.996496
-0.356922
0.133125
-0.220958
0.611558
-0.732602
-0.966535
-1.12172
-0.488052
-0.868033
-1.08525
0.60546
-1.5361
-1.10995
0.694669
-1.29244
-0.310925
0.301889
0.0552468
0.170324
-0.397402
-0.458981
0.119004
-0.242468
-1.08849
-0.221638
-0.277279
0.0405417
0.575167
-0.789892
-1.38252
0.421624
-0.319555
-0.724586
-1.11684
-1.02068
0.340727
0.518111
-0.681744
0.768962
0.270979
0.184675
-0.00382637
-1.08889
-0.23029
-0.879138
-1.77713
-0.146134
-0.233858
0.305702
-0.985462
-1.08418
-1.54729
-0.31992
-0.121111
0.112657
-2.32303
-1.50855
-0.569812
-0.293935
-1.18561
0.203247
-0.432353
0.098261
0.370792
-1.28418
-0.585905
0.62217
-0.295755
-0.276554
-2.04391
-0.566671
0.174867
0.00387909
-1.25312
0.106586
-0.631115
0.772964
0.139441
0.0512221
-0.794526
-0.16652
-1.62576
-0.178072
-1.55774
-1.58821
0.317072
-0.448873
-0.462955
0.296531
-0.313142
-0.896495
-1.11054
-1.48859
0.113946
-1.26598
-0.670853
-0.323095
0.294427
-1.26677
-0.166366
0.482023
-0.345095
0.399346
-0.595283
-0.974117
0.252564
0.0809396
-0.779214
-0.0291145
-1.08321
0.219645
-0.568628
-0.874585
-0.663745
-0.392227
0.237064
-0.17714
-1.39187
0.559383
0.0350594
-0.12083
0.222019
-0.504931
0.384384
0.00453144
0.323071
-0.87759
0.299226
-0.805543
-0.12623
-0.214013
-0.566004
-0.503258
0.499403
-1.28928
0.533485
-0.281783
-0.778408
-0.894295
-0.513468
0.176499
0.41473
-0.11258
-0.24555
0.449332
-1.1019
0.056976
-1.11629
0.0944658
-0.535681
-0.0578079
0.172777
-1.26343
0.382012
-0.126534
-0.284701
-1.23956
-0.742455
-0.821895
0.607184
0.139998
0.0450334
0.438516
0.269288
-1.27707
-0.322698
-0.147067
-1.06334
-0.0860746
0.205293
0.203011
-0.150336
-2.64483
0.26837
-0.268641
-0.680055
0.379279
-0.20076
0.243231
0.818314
-0.297641
-1.28044
-1.5228
0.379306
0.342488
-0.0570969
0.515839
-0.494316
-1.1196
-0.371289
-1.09429
0.111628
-1.06863
0.588222
-0.115462
-0.759156
-1.73128
-0.183764
0.332845
0.0562156
-0.590455
0.458065
0.75728
0.326967
-0.272066
-0.3299
-0.924709
-1.05835
-0.715824
-0.104855
0.259788
-0.628747
-1.81387
0.0365593
-1.08844
-0.377119
0.264103
-1.80172
0.405227
-1.59133
-1.90862
-1.4324
-0.966088
-1.26172
0.534602
-1.40601
-0.932227
-0.635537
0.724956
-0.119572
-0.831372
-1.47497
-1.3198
-0.287772
-0.5347
0.0242629
-0.731667
-0.0874239
-1.08836
0.204524
-1.03298
-0.102087
-0.31426
-2.20719
-1.05733
-0.794674
-0.275735
-1.16951
0.260798
-0.723389
-0.511427
0.0640482
0.563363
0.261804
-0.159125
0.100059
-0.652196
0.471063
-0.147316
0.047399
-0.717769
0.123196
0.680758
-0.274401
0.129012
-1.22224
-1.45491
-0.187891
0.230693
-1.7383
0.639894
0.521999
-1.52052
0.183901
-0.365531
0.468495
-0.096992
-1.34847
-1.5777
0.133162
-0.721722
-1.07006
-0.355461
-0.227992
-0.582715
0.149563
-0.42053
-0.743415
0.0336829
-0.152917
0.390742
0.142089
-0.138375
-1.08216
-0.0825384
-0.139586
-0.539428
0.0533451
-0.616211
-0.590181
-0.743847
-2.05933
-1.19363
-1.05509
-0.691722
-1.08275
0.117047
0.396788
0.0260101
-0.774524
-0.630978
-0.142192
-1.25624
-0.782577
-1.11255
-0.445096
-0.0779171
0.110335
-1.38171
-0.883902
0.318797
0.217889
-1.98291
-0.992381
-0.0178969
-1.44508
-1.09723
-1.25628
-0.207507
0.230829
-0.739295
-0.439985
-0.575194
-0.449584
-0.418414
-0.839134
-0.90787
0.345496
0.455197
-0.969653
0.306287
-0.133428
-0.488692
0.624399
-0.565366
0.0259339
0.0605109
-0.357256
-0.620569
0.455605
0.283194
-0.622
-0.359412
-1.20822
-1.70921
0.0404791
0.415377
0.157069
-1.21148
-0.638779
0.262121
-1.72026
0.46559
-0.212614
-0.641995
0.528097
0.154377
-1.02803
-0.60733
0.295127
-0.0341672
0.165458
-0.526499
0.0421984
0.45207
-1.57391
-1.18724
-0.229492
-1.11594
-0.793981
-1.23978
-0.476375
-0.933938
-0.943008
-0.0320164
-0.124744
-2.0077
-1.19539
-0.759032
0.0159714
0.268397
0.532849
0.334307
0.278616
-0.0284847
-0.481804
-1.33764
-0.903983
0.0500409
-0.128986
-0.746991
-0.32518
0.113796
0.427199
-0.485484
0.115619
0.57218
-0.0560473
-1.3773
0.106286
-1.16764
-1.02887
-0.119994
0.170565
-0.542304
0.198141
-0.249287
-1.00325
0.142012
-0.934807
-0.919808
0.00619452
0.279792
-0.444696
0.562916
0.164162
0.256938
0.0650371
-1.38329
-0.271375
-1.08208
-0.908258
0.0179639
0.0044319
-0.881677
0.703086
-0.871021
-0.141535
-0.705663
-0.83367
-0.0952928
0.133474
-0.416628
0.126999
-0.475243
0.435896
0.249958
0.541955
-0.0423582
-0.254755
0.0149064
0.132183
0.528194
-0.46797
0.243913
0.146293
0.0161799
0.257446
0.447372
-0.427646
0.197235
0.508126
0.304985
0.363224
-0.601454
0.128509
-0.721792
-0.513632
0.46206
-0.26009
0.164949
-1.77682
0.160357
-0.872326
-0.0762224
0.112468
0.642469
-0.0951586
0.519861
-0.726674
-1.1409
-2.32807
0.374808
0.134916
-1.02089
0.325847
-0.39674
0.430193
0.205943
0.572171
0.428302
-0.286511
-0.224392
-0.43883
0.506478
0.730737
0.447663
0.0398384
-0.448627
-0.160447
0.0401989
0.00651823
0.62464
-1.40113
-0.142579
-0.106776
0.334107
-0.0830877
-0.0548327
-0.0326374
0.10284
0.1721
0.268009
0.178041
0.369489
0.428753
-0.135249
-0.474955
-0.522427
0.2606
-0.312697
-0.407959
-0.842582
0.147068
0.142702
0.290262
-0.81376
-0.173202
-0.127755
-1.51693
-0.364033
0.119503
-1.91108
0.102593
-1.76485
0.24605
-0.594983
0.235087
0.0710665
0.205235
-0.184949
0.227325
-0.339706
0.378731
0.313646
-0.647179
-0.247871
0.053319
-0.0287201
0.412589
-1.33841
-0.847601
-0.544631
-0.155575
0.315185
-0.04909
0.417073
0.0603066
-1.04027
0.233406
-0.453947
-0.489624
-1.3054
0.126507
0.0917562
-1.27155
-1.0751
0.265394
-0.34881
-0.6032
0.340909
0.289832
-0.513205
-1.39374
-0.424093
-0.215531
0.321037
-0.0042701
0.169632
0.136704
0.0581349
-0.867563
-0.0369135
-0.2325
-0.567042
-1.17743
-0.694064
-0.976527
0.237357
0.00526094
0.431312
0.203763
0.222716
0.346358
-0.304705
-1.21496
0.394901
-0.0252471
-0.187234
0.229837
-0.0688771
-1.32304
-0.763102
0.410639
-0.408367
-0.423126
-0.624969
-0.539173
-1.34364
-0.813608
0.41046
0.486432
-1.0872
-0.843366
0.597238
-0.182539
-1.14985
0.150392
0.0826742
-0.569028
-0.957091
0.317055
-1.91019
-1.24844
0.105113
-0.277777
-1.86228
-0.779429
-0.802777
-0.861198
-0.330067
-0.366985
-0.527674
-0.249431
0.12488
0.571253
0.0163354
-0.0367662
-0.568554
0.427679
-0.0107106
0.181313
-0.258224
-0.147446
-0.041622
0.33039
0.0665031
-0.112097
-0.611923
-0.12466
-0.676576
0.164346
-0.313507
-0.153334
-0.104916
-0.378548
-0.0194028
0.319301
-0.275531
-1.57781
-0.496917
-0.614134
0.423227
-0.0588661
0.461884
0.273438
-0.0288508
0.0645441
-1.89633
0.138821
0.260847
0.0264136
0.00959722
-1.37432
-1.1407
0.0834463
0.481226
-1.37197
-1.32173
-0.395766
0.0645447
-1.26431
-0.340925
0.444861
-0.423612
-0.387624
0.154056
0.00901869
-0.302537
-0.0151874
-0.634063
0.174431
0.671869
-0.584674
-0.250801
-1.12342
-0.406754
-0.0219428
-0.774339
-1.15168
-0.706029
0.426003
0.138644
-0.328544
0.274308
-1.39287
-0.667597
-0.408067
0.0122524
0.157695
-0.836105
0.149088
-0.0930563
0.283956
0.401364
-0.0671071
-0.177991
0.391557
0.352511
-1.52879
0.0766837
-1.42758
-0.802885
-0.64027
-0.730676
-0.13953
0.523354
-0.40538
-0.434303
-0.00974971
-0.997928
-0.642523
-1.25092
-0.36532
-0.152391
0.279083
0.307422
-0.996233
0.0503969
-0.122303
0.00346901
0.368185
0.0979104
-0.190615
0.506946
-0.357601
0.128376
-0.545378
-0.0267453
-0.768438
-0.435976
-0.0484268
0.237347
-0.768127
-0.58029
-0.100067
-0.908872
0.0847306
0.517178
-0.412145
0.156281
0.340323
0.129482
0.208218
0.157383
0.165629
-0.550072
-0.52276
-0.899291
-0.172513
0.0265182
-0.669455
0.426325
0.19073
0.011967
-0.316741
-0.80237
-0.982525
-0.227362
0.589756
-0.338417
-0.472513
-0.550928
-0.16728
-0.912026
0.193614
-1.05568
0.257194
0.194829
-1.08807
0.191006
0.328971
-1.02272
-0.280723
0.332935
-1.0904
-0.935925
-0.70923
-0.0140805
-0.0432198
-0.266673
-0.807003
-1.4829
-1.08273
-0.0844544
0.00281111
-0.473814
0.328076
0.526351
-1.34599
0.431646
0.384379
-2.09354
-0.0323819
-2.05848
0.251111
0.554942
0.373928
-0.0204748
-0.622052
0.273088
-0.297546
-0.51858
-0.584964
0.686579
0.369418
0.0685531
-0.107733
0.0507282
0.0160771
-1.62921
-0.683235
0.550552
-0.88672
-0.898504
0.319379
-1.57454
0.364651
-0.326466
-1.11077
-1.63953
-0.49972
0.334794
0.315029
0.270862
0.229776
0.305802
0.259275
0.193871
-1.47216
0.144098
-0.428751
-0.3732
0.128561
-0.516647
-0.913297
-0.197143
0.03445
-0.702314
0.484422
-0.0723338
0.073672
-0.052088
0.48144
-0.742542
-1.68695
-0.162995
-0.0227096
-0.794998
0.581808
-0.145804
0.439094
-0.771724
0.164258
-0.337458
-0.465763
-0.260878
-0.864842
0.172261
-0.210552
0.0477899
-0.0232807
-0.967308
-0.375517
-0.797032
0.360643
-2.94572
0.177542
-0.527588
0.0898658
0.457318
0.0937391
-0.705481
0.197074
0.289506
0.180406
0.239855
-1.39205
0.217911
-0.606196
0.401137
0.696668
-0.312127
-0.786155
-0.969686
-0.942989
-1.39857
0.283105
-1.29412
0.278993
-0.567282
-0.269668
-0.0937423
-0.578674
0.354847
0.626563
-1.69611
-0.278368
0.149261
0.160702
0.291782
0.136893
0.505366
-0.293207
0.0178488
0.518859
-0.463257
-0.714945
-0.0772715
0.318638
-0.0565556
-0.348531
-0.0607068
-0.694423
-0.161607
-0.796575
-0.620605
-0.452927
-0.556254
-1.14569
0.141777
0.0614284
0.512095
-0.404033
-0.595842
-0.653182
-0.895924
0.0979216
0.579636
-0.36735
-0.853753
0.325299
-1.26895
-0.225053
-0.0961182
-0.384595
-1.60015
0.390921
0.503189
-1.06365
-0.426269
0.209189
-0.231934
-1.12122
-1.24303
0.109389
0.487783
0.556816
-0.690478
0.125181
-1.28358
0.411995
0.385605
-0.676549
-0.0720403
-0.547982
-0.532927
0.359199
0.539518
0.0490872
0.135559
0.38217
0.0907397
-2.25005
-0.466456
-0.82581
0.050332
-1.34448
-0.705558
0.367723
0.457052
-0.616203
-0.80938
0.164992
0.19396
0.374341
-0.807467
-0.972861
-1.21895
-0.653749
-0.341525
-0.268091
0.217261
0.413508
-0.283438
-0.179939
0.120025
0.77642
0.354219
-0.733514
0.0914086
0.194683
0.124385
-0.459377
-0.00763985
0.466006
0.574714
-0.231006
0.867852
-1.46078
0.402754
0.147863
-0.212447
0.266711
-0.279708
-0.835053
-1.27453
-0.512386
-0.609244
-0.495639
-0.221719
-1.07811
-0.489156
-0.73007
0.555786
-0.408346
-0.151227
-0.0214749
0.364478
0.153246
-0.0036658
0.50352
0.421849
0.13829
-1.21414
-0.198965
-0.0320096
-0.453988
0.603572
-0.164856
-1.01967
0.196287
0.444907
-0.615623
0.149339
-0.0359075
-0.484896
-0.0353702
0.215741
-0.122988
0.314335
-0.353793
-0.165401
-0.160553
-0.676889
-0.576821
-1.00101
-0.879166
-1.45511
-0.312661
-0.59098
0.0440631
0.471739
0.186187
0.102893
-0.409209
-1.55244
0.642735
0.240317
-1.0647
0.236146
0.0341651
-0.664321
0.327933
0.216075
-1.10503
0.0359255
0.365471
-0.483949
0.0678197
-0.85931
0.4345
-1.7745
-0.116133
0.287014
0.00845855
0.371257
0.367935
0.0429687
0.173388
-0.238952
0.703165
0.158053
-0.720051
-0.993631
0.230862
-0.33672
-0.341266
-0.848509
0.0838722
-0.302497
-0.342511
-0.460384
0.578499
0.163178
-0.994566
0.0756032
-0.298781
-0.75363
0.0140518
0.436574
-0.18152
-0.88421
-0.294094
-0.323029
0.175303
-0.188031
0.296784
-0.794563
-0.213667
-0.846896
-0.453882
0.133027
-0.198975
0.135258
-0.18349
-0.267545
-0.129655
-0.55397
0.666169
-0.643015
0.243665
-0.208777
-2.27038
-0.0528233
-0.577025
-0.366057
-0.172593
-0.460123
-0.429637
-1.22093
0.493251
0.152348
-1.26971
-0.914145
-1.88378
0.0473971
0.0246676
-0.60345
-0.375526
-0.685608
0.456287
-1.1287
0.162904
0.0171412
0.0339737
-0.662185
-0.337772
0.278154
-0.11346
-0.40644
0.298726
0.0103647
-0.704122
0.575672
-0.075413
-1.72664
-0.649239
-0.0367612
-0.958221
0.773646
0.121661
-0.925755
0.559339
-0.231025
0.522311
0.484924
0.586068
0.423365
0.804579
-0.387486
-0.621699
-0.147776
0.348108
0.541451
-1.12529
-0.784656
0.461152
-1.12476
0.435941
-0.0170004
-0.0914385
0.194609
-0.0491105
0.311735
-0.341724
-1.27104
0.257649
0.104284
-0.761923
-0.774169
0.0930675
0.445068
-0.0143778
-0.664258
-0.268491
0.150806
-0.405978
0.296952
0.189127
-1.33505
-0.558845
-0.0310463
0.111025
0.261363
-0.88659
-0.184572
0.417529
0.448961
-0.612583
-0.441288
0.344589
-1.11172
0.0455809
0.210697
-1.49756
0.0776867
-1.08802
-0.375457
0.265561
0.175346
0.3475
0.212155
0.377308
-0.465306
0.397332
-0.29819
-0.543189
0.00783987
0.622573
-1.10508
0.321933
-1.03796
-0.0409926
0.106761
0.098232
0.19672
-0.356468
-1.08373
0.247774
0.247904
-1.11409
-0.407798
-0.105108
-2.14524
0.424737
-0.747985
-0.43491
0.342731
-0.0130225
0.557451
-0.579437
-0.134626
-0.325901
-0.696759
0.0185663
-0.862966
0.376189
-0.408805
0.130851
0.0442166
0.197955
-1.08132
-0.118122
-0.26273
0.2692
-0.0220238
-0.890865
-0.435618
-0.233068
-0.432764
0.118469
0.268545
0.326372
-0.0483186
-0.873547
0.66162
-0.741454
0.322367
-0.491795
-0.348244
-0.137393
0.105794
0.109854
0.212692
-1.43565
0.701362
-0.0377819
-0.730141
-1.51149
-0.00640057
-0.130971
-0.823484
-0.747929
0.0573408
-0.211926
-0.344388
-0.0916066
-1.37827
0.855932
-0.538783
0.138779
0.715593
0.190877
-1.65499
-0.386689
0.463316
-0.0898309
0.344574
0.010347
0.37284
0.357759
-1.21324
-2.00378
0.628028
-0.227673
-1.06392
-0.804832
-0.888711
0.789206
0.0503098
-1.40363
-0.337949
-0.368548
-0.424892
0.279953
0.497764
0.547932
-0.472097
0.0853469
-0.57316
0.302895
-0.190324
-0.601392
-0.176244
0.182537
0.487489
0.376263
-0.0490373
0.550472
-0.0535603
-1.12308
-1.54282
0.324652
-0.379902
0.646921
-0.125894
0.396696
-0.101164
0.445359
0.0819638
0.457122
-0.241003
-0.473442
0.383461
-0.0487159
-0.61273
-0.11697
-0.914498
-0.274542
0.0529288
0.434729
0.161734
0.523296
-0.621816
0.213317
0.277178
0.418187
-0.516249
-0.337566
0.0608495
0.032995
-0.20628
-1.55126
0.278381
0.209941
-0.437905
-0.470482
0.020398
0.306007
0.252581
0.297892
-0.0784966
-0.365821
0.00759505
-1.42756
-0.897983
