1.40019
1.22854
1.01174
1.04368
1.03807
1.13335
1.03245
1.04416
1.02392
1.01589
1.01077
1.14641
1.01174
1.03164
1.07305
1.51026
1.11125
1.24295
1.14903
1.02988
1.16936
1.01077
1.14137
1.01174
1.02234
1.255
1.02055
1.19451
1.19793
1.01174
1.01677
1.01077
1.14928
1.01077
1.27359
1.25605
1.42337
1.01077
1.01077
1.02342
1.01719
1.09688
1.01077
1.01077
1.02276
1.0505
1.01174
1.01174
1.06046
1.11661
1.19504
1.01077
1.16794
1.06779
1.13423
1.01077
1.19689
1.15735
1.05875
1.02815
1.5328
1.05602
1.15195
1.06587
1.09983
1.07589
1.01174
1.01521
1.01174
1.26654
1.02768
1.09853
1.15658
1.04993
1.01077
1.02128
1.34995
1.01174
1.01174
1.01174
1.01346
1.01174
1.05654
1.22074
1.03885
1.06607
1.01077
1.13442
1.01174
1.02404
1.14639
1.07535
1.01304
1.01077
1.01174
1.03888
1.01249
1.01174
1.01077
1.11678
1.13905
1.01174
1.21238
1.25965
1.01077
1.10762
1.20042
1.01174
1.52101
1.01174
1.01077
1.24291
1.01077
1.02797
1.01077
1.09993
1.19622
1.33482
1.01468
1.01489
1.04766
1.01077
1.01077
1.43305
1.22182
1.24122
1.20649
1.01077
1.12346
1.01077
1.01174
1.01593
1.01077
1.06757
1.01174
1.01077
1.02384
1.01077
1.17769
1.01077
1.01758
1.01077
1.02082
1.06919
1.01848
1.13271
1.23441
1.01077
1.01077
1.03491
1.34774
1.01237
1.09131
1.23268
1.028
1.01077
1.11677
1.01174
1.0892
1.01077
1.029
1.01174
1.1053
1.01622
1.05483
1.01187
1.1218
1.0422
1.03859
1.26038
1.01077
1.06749
1.01077
1.04945
1.03549
1.01284
1.08132
1.17753
1.29336
1.20477
1.01077
1.01959
1.05863
1.05622
1.01343
1.04261
1.01077
1.01077
1.08087
1.14516
1.05147
1.03997
1.01174
1.11582
1.01174
1.25865
1.01077
1.01174
1.27602
1.30259
1.01077
1.05549
1.02458
1.02493
1.02439
1.10205
1.01077
1.08897
1.01077
1.01077
1.04423
1.05318
1.25904
1.08483
1.09168
1.07482
1.01174
1.04635
1.0614
1.22711
1.01174
1.054
1.15301
1.02599
1.19906
1.02491
1.08781
1.01077
1.1272
1.16566
1.01275
1.01515
1.04744
1.01174
1.01846
1.07593
1.11188
1.15297
1.09918
1.15616
1.01077
1.31426
1.01077
1.07892
1.03092
1.1778
1.01174
1.11219
1.01077
1.02746
1.2166
1.33401
1.0181
1.04366
1.02324
1.02367
1.09011
1.01077
1.04515
1.01703
1.01077
1.01174
1.02021
1.04379
1.10488
1.05703
1.01077
1.01507
1.20351
1.01077
1.01174
1.15672
1.05042
1.04736
1.03412
1.01174
1.02518
1.01077
1.06109
1.05649
1.01174
1.10276
1.01077
1.02817
1.01077
1.28165
1.22105
1.08855
1.01077
1.0278
1.01481
1.01077
1.01174
1.23688
1.0305
1.01272
1.01077
1.1516
1.0314
1.04523
1.03448
1.02637
1.0346
1.11022
1.01174
1.01245
1.23213
1.02415
1.31398
1.34275
1.09762
1.01077
1.03419
1.03848
1.01614
1.08995
1.01077
1.07994
1.06248
1.0464
1.01174
1.01077
1.01961
1.04632
1.0127
1.07118
1.01077
1.01477
1.04369
1.01174
1.06612
1.02766
1.04208
1.0314
1.01174
1.27269
1.03302
1.03438
1.29973
1.02283
1.08348
1.11339
1.09188
1.0255
1.04496
1.01766
1.21961
1.01077
1.15316
1.1126
1.01077
1.07149
1.01077
1.05462
1.01702
1.01077
1.01496
1.04191
1.08838
1.16721
1.01077
1.03875
1.0529
1.01174
1.01439
1.25297
1.19539
1.05318
1.01174
1.13645
1.0721
1.01174
1.01261
1.01174
1.0962
1.01077
1.05744
1.1297
1.05742
1.01174
1.01831
1.13814
1.02215
1.24903
1.03089
1.18868
1.01077
1.01077
1.01899
1.02337
1.02778
1.28966
1.12309
1.12949
1.20125
1.02922
1.01726
1.01174
1.19973
1.40597
1.06229
1.04673
1.02734
1.0523
1.04557
1.01174
1.09503
1.01077
1.21551
1.01282
1.03924
1.65401
1.01174
1.28636
1.43202
1.12705
1.01174
1.01518
1.04354
1.2016
1.01077
1.01954
1.49397
1.06519
1.0131
1.01077
1.01174
1.01077
1.05119
1.31412
1.01174
1.02098
1.24439
1.01174
1.03369
1.01217
1.01077
1.12009
1.0195
1.16095
1.01482
1.08856
1.02997
1.02905
1.12882
1.10191
1.01077
1.08843
1.13957
1.2999
1.01077
1.01734
1.6317
1.09503
1.01174
1.03009
1.01259
1.01077
1.1015
1.01174
1.01174
1.13445
1.04942
1.54332
1.26842
1.05192
1.16012
1.05201
1.01233
1.01077
1.17757
1.26719
1.01174
1.01417
1.07461
1.69592
1.23859
1.01174
1.02095
1.28405
1.02825
1.01174
1.01174
1.01748
1.0809
1.1998
1.01077
1.33159
1.01174
1.01787
1.4381
1.20896
1.04937
1.10467
1.01077
1.01174
1.2532
1.20405
1.01077
1.01331
1.02998
1.22221
1.03907
1.03094
1.01077
1.01077
1.01174
1.33809
1.01077
1.05624
1.02114
1.08961
1.01174
1.06943
1.04465
1.01174
1.28891
1.01174
1.01406
1.06211
1.21373
1.034
1.01077
1.01174
1.15021
1.01077
1.19908
1.01174
1.01077
1.09684
1.17341
1.01077
1.07067
1.01077
1.25866
1.27836
1.01704
1.01077
1.28715
1.01174
1.081
1.01174
1.01077
1.28192
1.01077
1.11247
1.01077
1.01174
1.3336
1.01174
1.03736
1.01077
1.01077
1.56819
1.35754
1.01174
1.03516
1.09813
1.02008
1.01077
1.02265
1.09081
1.07312
1.01174
1.01077
1.01452
1.30134
1.2223
1.52064
1.09963
1.01174
1.48624
1.29218
1.35787
1.01174
1.03762
1.17221
1.20208
1.07116
1.01077
1.0421
1.26135
1.01077
1.01354
1.01077
1.01174
1.04289
1.01174
1.24862
1.02072
1.01077
1.08798
1.03205
1.031
1.14968
1.19706
1.02625
1.01174
1.04013
1.22439
1.12357
1.02249
1.03364
1.01077
1.05486
1.01077
1.19021
1.0518
1.23344
1.0364
1.06415
1.01077
1.20277
1.20978
1.02729
1.01077
1.01077
1.30965
1.01733
1.02052
1.06706
1.01427
1.0294
1.04267
1.12881
1.10059
1.14198
1.01174
1.01077
1.02083
1.10842
1.07485
1.01174
1.22414
1.01817
1.48388
1.03678
1.06146
1.01077
1.01174
1.18425
1.01077
1.03839
1.20116
1.05662
1.16608
1.03705
1.01174
1.01174
1.10512
1.0374
1.01077
1.01519
1.2203
1.01077
1.31938
1.17946
1.01077
1.2322
1.01326
1.04427
1.05698
1.18886
1.03459
1.02433
1.2057
1.44739
1.01174
1.06291
1.06255
1.06774
1.01735
1.13646
1.01174
1.01174
1.0687
1.15133
1.01174
1.01077
1.19705
1.05618
1.01174
1.04892
1.06682
1.13247
1.19466
1.01174
1.01494
1.01876
1.0826
1.30683
1.01077
1.45663
1.01398
1.02279
1.15491
1.05826
1.01077
1.05638
1.08865
1.12531
1.01319
1.16085
1.02144
1.01174
1.01248
1.01174
1.02031
1.11085
1.20084
1.01077
1.31149
1.17155
1.02154
1.02851
1.0337
1.02792
1.01174
1.06961
1.01174
1.21561
1.01922
1.24396
1.02017
1.02826
1.02071
1.03373
1.01988
1.03369
1.05013
1.15536
1.08697
1.34386
1.01077
1.01077
1.07183
1.16344
1.32467
1.05809
1.05529
1.06426
1.18457
1.17451
1.0127
1.01831
1.27571
1.20299
1.20572
1.0756
1.01077
1.44305
1.07172
1.03595
1.21161
1.06829
1.01556
1.01174
1.01271
1.08445
1.11007
1.01174
1.01077
1.203
1.06246
1.18307
1.05136
1.17479
1.10766
1.01077
1.46027
1.08539
1.19879
1.52231
1.35203
1.01077
1.07158
1.01174
1.01077
1.01077
1.02495
1.1783
1.02465
1.09929
1.01077
1.06602
1.01077
1.05776
1.14133
1.06675
1.03146
1.01077
1.01174
1.01077
1.01174
1.1585
1.06434
1.1588
1.14999
1.14387
1.019
1.01077
1.01174
1.01635
1.01716
1.31233
1.01174
1.17885
1.01077
1.04768
1.07526
1.01174
1.11807
1.02401
1.13273
1.01077
1.01174
1.22259
1.01077
1.01321
1.01077
1.20615
1.1861
1.06841
1.03657
1.01408
1.01307
1.01077
1.07968
1.42344
1.03064
1.24449
1.01077
1.01241
1.19066
1.20436
1.01077
1.13978
1.01174
1.03543
1.4197
1.33454
1.04182
1.01272
1.01077
1.01479
1.06209
1.02733
1.11077
1.01174
1.06165
1.01077
1.01575
1.30464
1.02972
1.01077
1.04327
1.01496
1.02888
1.02256
1.27663
1.15536
1.01174
1.34923
1.01385
1.01226
1.1207
1.01548
1.35125
1.4092
1.01768
1.01321
1.12263
1.04301
1.03023
1.01951
1.02254
1.01077
1.01077
1.06607
1.01755
1.01077
1.19528
1.05663
1.07217
1.02668
1.14874
1.3408
1.03852
1.03957
1.26938
1.13386
1.01174
1.2623
1.01292
1.01077
1.04725
1.24706
1.18956
1.01359
1.01077
1.01866
1.12027
1.37245
1.06977
1.01077
1.01077
1.03453
1.01077
1.60205
1.4356
1.01439
1.01077
1.01077
1.01077
1.13662
1.21374
1.02455
1.01077
1.14405
1.19957
1.06919
1.25049
1.19206
1.35505
1.01194
1.03588
1.01077
1.01441
1.08922
1.07947
1.25996
1.02123
1.0616
1.11529
1.03111
1.01737
1.01077
1.01174
1.01077
1.01626
1.13653
1.01174
1.01077
1.01607
1.1725
1.03563
1.02069
1.12887
1.19661
1.13148
1.02513
1.01077
1.18316
1.03074
1.32696
1.20797
1.28285
1.01077
1.01396
1.02085
1.07984
1.04345
1.05353
1.04601
1.12014
1.03573
1.03696
1.01405
1.01077
1.01077
1.01077
1.01174
1.01077
1.11626
1.01684
1.01077
1.06443
1.06055
1.01528
1.03053
1.26222
1.16555
1.07982
1.03427
1.01077
1.21615
1.01174
1.371
1.01077
1.01174
1.05789
1.01523
1.18134
1.01174
1.08291
1.01665
1.02792
1.03943
1.0133
1.01077
0.911442
1.17404
0.897148
0.962029
1.17098
0.850986
1.00839
1.09447
0.817773
1.11025
1.08928
0.864406
1.06519
0.821047
1.24332
1.13885
0.82486
1.03876
0.859985
0.841654
1.00858
0.874514
1.27978
0.808618
0.844251
0.808618
0.811741
0.917823
0.869701
0.809101
1.21046
1.17118
0.934186
0.808618
0.997856
0.894243
0.861453
0.870875
1.02121
0.819669
1.33496
0.839692
0.814586
1.18145
0.809101
0.906117
1.1007
0.876637
0.84004
0.827983
0.845875
0.81276
1.00882
0.941525
1.66479
1.00594
1.18884
0.854235
1.31398
0.821783
0.965896
0.876296
0.973522
0.886734
0.809147
1.56307
0.922481
1.19146
0.853072
0.814568
0.816601
0.984346
0.820202
0.814628
1.01415
0.992195
1.0261
1.30938
0.880284
0.848125
0.82784
0.815096
1.21411
0.810947
0.852656
0.94478
1.1795
0.910078
0.891834
0.826326
0.818259
1.44116
1.10085
1.21587
1.00998
1.18286
0.810242
0.9109
0.914228
0.894176
0.842584
0.871037
0.827436
0.810281
1.12233
0.863368
0.890138
0.808618
0.894051
1.01329
0.837489
0.809101
1.12127
0.817205
0.882941
1.05412
1.01534
1.09681
1.01631
0.808618
1.05046
0.979652
0.997691
0.907348
0.973217
1.33309
1.48115
0.835514
0.973799
1.15896
0.991782
1.36626
1.13006
0.933634
0.82412
1.01485
0.860505
1.05864
0.94954
1.13323
0.827709
0.826919
0.809101
0.885545
1.02606
0.820595
1.21518
0.827626
0.970862
0.914859
0.815464
0.854512
1.07875
0.818809
0.868679
1.03846
0.918452
0.809101
0.917328
1.22663
0.850279
1.17984
1.1819
0.9119
1.01362
1.11603
0.809101
1.0451
0.809101
0.825322
0.840458
0.882006
0.831179
0.885318
0.810697
1.12993
0.964226
0.813055
0.913808
1.00504
1.01935
0.833068
0.809101
0.871605
0.814798
0.990745
0.812895
0.813595
1.17075
0.880201
0.850709
0.809101
0.913844
0.909971
0.909704
0.817259
0.838406
1.25297
1.00593
0.949452
1.01372
1.06964
0.82735
1.01136
0.809113
1.20959
0.841302
0.847105
0.870608
0.897043
0.854806
0.809101
1.27179
0.921263
0.928048
1.20019
0.932609
1.19687
1.12484
1.13332
1.03533
1.12552
0.945443
0.897106
0.814805
1.11386
1.38492
0.835628
1.05291
1.23504
0.852339
1.01046
0.823708
0.900719
1.01862
0.983108
1.02445
0.872797
1.39479
0.840195
1.24011
0.809101
1.1234
1.15007
0.907098
0.864735
0.825889
0.839863
1.1347
0.908178
0.984077
0.849485
1.04417
1.32714
0.886897
0.951505
1.32696
0.849009
0.962595
0.833624
1.05808
0.845516
0.968249
0.810557
0.867255
0.882462
0.995644
0.930091
0.877095
1.03153
0.849939
0.980792
1.02076
0.826253
0.823037
1.06979
0.853459
1.32987
0.868384
0.966778
1.03188
0.829946
0.816902
0.822588
1.04982
0.870088
0.838394
0.832354
0.976246
1.09272
1.00637
0.810349
1.17258
0.877708
0.955919
0.881907
0.811192
1.47535
0.952266
1.10679
0.90602
0.944711
0.863585
1.02479
0.893565
0.808618
1.21278
0.867193
0.827905
0.914677
0.846713
0.808618
1.18021
0.963941
1.09005
1.15462
0.904277
0.828588
1.05245
0.89595
1.11113
1.01394
0.883698
1.02881
0.889697
0.846255
0.909478
0.808618
0.898733
1.01614
0.891228
0.869725
1.07475
0.857859
0.9475
1.57574
1.22993
0.816579
0.812846
0.827553
0.809101
0.822354
0.810938
0.866506
0.858256
0.809101
1.07237
0.825442
0.916206
0.808618
1.07597
0.860233
0.809878
1.14964
0.926007
1.13735
0.897752
0.923629
1.06434
0.811682
0.81958
0.884101
0.845412
0.927523
1.27194
1.23262
1.07893
0.885496
0.97017
1.23929
0.88472
1.38443
1.0839
0.880165
0.912819
1.0198
1.22125
1.15996
1.14174
1.03361
0.88851
1.02321
1.02057
0.983817
0.910177
0.838399
0.809101
0.946044
1.1353
0.945198
0.895087
0.81876
1.19892
1.23201
0.809101
0.835023
0.847183
0.862996
0.809101
1.02535
0.809101
1.03841
0.809101
0.900596
1.02404
0.827123
1.34584
0.880645
1.11
0.831065
0.999091
0.808618
0.855187
1.09286
0.848042
0.836908
1.02732
0.93292
1.12944
1.17457
0.998852
0.98251
0.809734
0.811586
0.917555
0.893409
1.22223
1.46523
1.32118
1.06856
1.01322
0.931918
0.906959
1.01994
1.12252
0.923668
0.964411
0.92654
0.844185
1.09413
1.06354
0.823554
1.04282
1.24846
0.860868
1.19356
0.893036
0.811671
1.39201
0.926698
1.02152
0.809101
1.05096
1.04924
0.93726
0.958712
0.824118
0.809101
1.14345
1.04635
1.0625
0.987736
0.874112
1.25843
0.870524
0.849285
1.04445
0.82903
0.900738
0.832629
0.809101
0.862074
0.808618
0.81112
1.05915
0.855413
1.07203
0.825055
0.998721
0.912843
0.860851
0.813223
0.883183
0.988007
0.810209
1.13195
0.809101
0.809101
1.08644
1.02434
0.968991
1.26387
1.12087
0.809101
0.957768
0.896834
0.934293
1.00294
0.992651
0.831741
1.06163
1.00021
0.976403
0.954592
1.01731
0.829775
1.28282
0.967638
0.901068
0.808618
1.16232
0.809101
0.946716
1.08372
0.931332
0.820869
0.835099
0.97139
1.17444
1.12017
0.952747
0.943045
0.927112
0.824629
0.859586
1.08619
0.946325
0.926134
1.00613
0.995067
1.03671
1.00528
1.29406
1.26705
0.82234
1.18248
1.16469
1.30811
1.33259
0.923019
0.95023
0.814322
0.881324
0.869045
1.17421
1.22136
1.03562
0.824366
0.890764
1.23898
1.17547
0.825073
1.056
1.03559
1.13324
0.915927
1.35829
0.994083
1.12088
0.907157
1.2089
0.840516
0.842708
1.24073
0.809101
0.912452
1.21727
0.809101
1.46576
1.44722
1.1604
0.882371
0.900822
0.873447
0.81444
0.892353
0.920623
0.875935
0.821236
0.81838
1.18167
0.852366
0.827613
1.26463
1.08731
1.28866
1.02484
0.829506
1.15306
1.098
0.926372
0.894678
0.892767
0.949181
0.8525
1.09297
1.14287
1.09326
0.84243
0.843377
1.02981
0.950353
0.845466
0.970317
1.00107
1.00291
0.915371
0.809101
0.987045
1.09274
0.890035
1.30308
0.951452
0.810991
1.12169
0.875229
1.2502
1.0323
1.2227
0.913135
1.34437
0.913215
1.23388
0.852847
1.23431
0.956543
1.02693
1.09395
0.809101
0.843634
0.98829
0.85651
0.914509
0.943983
1.16781
0.808618
0.830157
0.954736
1.35958
1.14406
1.21379
0.919952
0.88907
0.92767
0.88397
0.935275
0.83913
1.38532
0.809101
1.09571
1.05831
0.847173
0.810187
0.813876
0.986813
1.42559
0.967013
0.932289
1.02079
0.814097
0.829489
0.960821
1.06126
1.39846
1.18715
0.856915
0.994187
1.04717
1.02562
0.923562
0.814117
0.981561
0.984256
0.825398
0.851681
0.839038
0.91932
1.12506
1.08411
1.44131
0.911631
0.841313
0.823364
1.21296
1.17092
0.819889
1.20119
0.900811
0.808618
1.07044
0.850117
0.830846
0.821384
0.956247
0.810015
1.03117
0.921858
1.13432
0.826874
0.960176
1.04217
0.825691
0.857299
1.05571
0.890688
0.809101
0.814102
0.809151
0.833813
1.11657
1.2392
0.852481
1.07054
0.808618
1.13641
0.816283
0.94943
1.15902
0.83444
1.05514
1.11002
1.11345
0.995593
1.06728
0.81585
0.810331
0.972208
0.84174
0.83812
1.43135
0.809101
1.01019
0.939616
0.838119
1.10668
1.14472
0.985083
0.92264
0.859359
0.932542
0.955996
1.11286
0.849764
1.08915
1.07464
1.52624
0.811324
1.06836
0.809101
0.843136
0.87408
0.812891
0.809101
1.33934
1.23555
0.865096
0.811106
1.24552
1.00515
0.875908
0.954752
0.819305
0.809101
0.979727
0.868997
1.04158
0.895476
1.16145
1.41873
0.856874
0.880645
1.13414
1.07524
0.861314
0.860938
0.809101
0.992837
1.50056
0.854403
0.809101
0.818955
0.831904
0.846754
0.862033
0.856097
0.831763
1.35826
0.81298
1.09587
0.996293
0.808618
0.814979
0.958391
0.843566
0.833856
0.830176
0.996242
0.971351
0.887307
1.03903
1.02693
0.887334
1.29738
1.29867
0.87255
1.20147
0.926623
0.815655
0.809101
0.809101
0.950584
0.925462
0.997057
1.39928
0.928258
0.982845
1.19364
0.808618
1.02449
0.87033
1.02331
0.889511
0.808618
0.809101
1.1595
1.07172
0.902929
0.872701
0.90359
0.971933
1.01258
0.964052
0.860615
0.813325
0.966459
0.814436
0.920712
1.17514
0.821298
1.30238
1.22624
0.810591
1.14191
1.03894
0.824576
1.18587
1.01379
0.808618
0.815088
1.19364
1.10903
0.877852
1.25537
1.14206
0.887409
1.09187
0.990101
0.811557
0.813383
1.24909
0.916404
0.838936
1.06199
1.30403
0.85112
0.834655
1.15899
1.33755
1.01249
0.885798
0.896761
0.809438
0.829106
1.10988
0.825929
1.21098
0.841978
0.875079
1.07345
0.814575
0.97584
0.837757
1.31462
0.865397
1.17135
1.2156
0.897984
0.821351
0.902458
1.09908
0.809101
1.12042
0.809303
0.809101
1.10195
0.860544
0.867152
0.969157
0.844463
0.808618
1.44169
0.834382
1.28496
0.876184
1.0149
0.961898
0.834633
0.873537
0.825004
1.04547
1.08819
0.998198
0.814198
0.978271
0.959693
1.02676
0.809101
1.14023
0.834869
0.839052
0.883436
0.871459
1.31008
1.24816
0.86989
0.887932
0.995045
0.863725
0.831456
0.813715
1.0801
0.822687
0.809101
0.903537
0.858862
1.1058
0.819124
1.00746
0.826349
0.837843
1.07929
0.88814
0.851559
0.877535
0.903827
1.27005
1.51702
0.882555
0.992325
1.23828
0.891378
0.948625
0.828691
0.951539
1.14892
1.05409
0.906272
0.943528
0.92352
0.90751
1.01114
1.04542
1.2878
0.809847
0.861755
1.09833
0.864424
0.933785
0.84284
0.998109
0.929668
1.26356
0.811412
0.835979
1.35911
0.815701
0.862769
0.924762
0.920914
0.815687
0.870692
1.20185
1.06504
0.809101
1.0871
0.809101
1.35208
0.99988
0.875197
0.808618
0.809101
1.11123
1.09691
0.827837
0.823992
0.820771
0.846522
0.903162
0.881322
0.876705
0
0
0
0
0
0
0
0
0
0
0
0
0
0
0
0
0
0
0
0
0
0
0
0
0
0
0
0
0
0
0
0
0
0
0
0
0
0
0
0
0
0
0
0
0
0
0
0
0
0
0
0
0
0
0
0
0
0
0
0
0
0
0
0
0
0
0
0
0
0
0
0
0
0
0
0
0
0
0
0
0
0
0
0
0
0
0
0
0
0
0
0
0
0
0
0
0
0
0
0
0
0
0
0
0
0
0
0
0
0
0
0
0
0
0
0
0
0
0
0
0
0
0
0
0
0
0
0
0
0
0
0
0
0
0
0
0
0
0
0
0
0
0
0
0
0
0
0
0
0
0
0
0
0
0
0
0
0
0
0
0
0
0
0
0
0
0
0
0
0
0
0
0
0
0
0
0
0
0
0
0
0
0
0
0
0
0
0
0
0
0
0
0
0
0
0
0
0
0
0
0
0
0
0
0
0
0
0
0
0
0
0
0
0
0
0
0
0
0
0
0
0
0
0
0
0
0
0
0
0
0
0
0
0
0
0
0
0
0
0
0
0
0
0
0
0
0
0
0
0
0
0
0
0
0
0
0
0
0
0
0
0
0
0
0
0
0
0
0
0
0
0
0
0
0
0
0
0
0
0
0
0
0
0
0
0
0
0
0
0
0
0
0
0
0
0
0
0
0
0
0
0
0
0
0
0
0
0
0
0
0
0
0
0
0
0
0
0
0
0
0
0
0
0
0
0
0
0
0
0
0
0
0
0
0
0
0
0
0
0
0
0
0
0
0
0
0
0
0
0
0
0
0
0
0
0
0
0
0
0
0
0
0
0
0
0
0
0
0
0
0
0
0
0
0
0
0
0
0
0
0
0
0
0
0
0
0
0
0
0
0
0
0
0
0
0
0
0
0
0
0
0
0
0
0
0
0
0
0
0
0
0
0
0
0
0
0
0
0
0
0
0
0
0
0
0
0
0
0
0
0
0
0
0
0
0
0
0
0
0
0
0
0
0
0
0
0
0
0
0
0
0
0
0
0
0
0
0
0
0
0
0
0
0
0
0
0
0
0
0
0
0
0
0
0
0
0
0
0
0
0
0
0
0
0
0
0
0
0
0
0
0
0
0
0
0
0
0
0
0
0
0
0
0
0
0
0
0
0
0
0
0
0
0
0
0
0
0
0
0
0
0
0
0
0
0
0
0
0
0
0
0
0
0
0
0
0
0
0
0
0
0
0
0
0
0
0
0
0
0
0
0
0
0
0
0
0
0
0
0
0
0
0
0
0
0
0
0
0
0
0
0
0
0
0
0
0
0
0
0
0
0
0
0
0
0
0
0
0
0
0
0
0
0
0
0
0
0
0
0
0
0
0
0
0
0
0
0
0
0
0
0
0
0
0
0
0
0
0
0
0
0
0
0
0
0
0
0
0
0
0
0
0
0
0
0
0
0
0
0
0
0
0
0
0
0
0
0
0
0
0
0
0
0
0
0
0
0
0
0
0
0
0
0
0
0
0
0
0
0
0
0
0
0
0
0
0
0
0
0
0
0
0
0
0
0
0
0
0
0
0
0
0
0
0
0
0
0
0
0
0
0
0
0
0
0
0
0
0
0
0
0
0
0
0
0
0
0
0
0
0
0
0
0
0
0
0
0
0
0
0
0
0
0
0
0
0
0
0
0
0
0
0
0
0
0
0
0
0
0
0
0
0
0
0
0
0
0
0
0
0
0
0
0
0
0
0
0
0
0
0
0
0
0
0
0
0
0
0
0
0
0
0
0
0
0
0
0
0
0
0
0
0
0
0
0
0
0
0
0
0
0
0
0
0
0
0
0
0
0
0
0
0
0
0
0
0
0
0
0
0
0
0
0
0
0
0
0
0
0
0
0
0
0
0
0
0
0
0
0
0
0
0
0
0
0
0
0
0
0
0
0
0
0
0
0
0
0
0
0
0
0
0
0
0
0
0
0
0
0
0
0
0
0
0
0
0
0
0
0
0
0
0
0
0
0
0
0
0
0
0
0
0
0
0
0
0
0
0
0
0
0
0
0
0
0
0
0
0
0
0
0
0
0
0
0
0
0
0
0
0
0
0
0
0
0
0
0
0
0
0
0
0
0
0
0
0
0
0
0
0
0
0
0
0
0
0
0
0
0
0
0
0
0
0
0
0
0
0
0
0
0
0
0
0
0
0
0
0
0
0
0
0
0
0
0
0
0
0
0
0
0
0
0
0
0
0
0
0
0
0
0
0
0
0
0
0
0
0
0
0
0
0
0
0
0
0
0
0
0
0
0
0
0
0
0
0
0
0
0
0
0
0
0
0
0
0
0
0
0
0
0
0
0
0
0
0
0
0
0
0
0
0
0
0
0
0
0
0
0
0
0
0
0
0
0
0
0
0
0
0
0
0
0
0
0
0
0
0
0
0
0
0
0
0
0
0
0
0
0
0
0
0
0
0
0
0
0
0
0
0
0
0
0
0
0
0
0
0
0
0
0
0
0
0
0
0
0
0
0
0
0
0
0
0
0
0
0
0
0
0
0
0
0
0
0
0
0
0
0
0
0
0
0
0
0
0
0
0
0
0
0
0
0
0
0
0
0
0
0
0
0
0
0
0
0
0
0
0
0
0
0
0
0
0
0
0
0
0
0
0
0
0
0
0
0
0
0
0
0
0
0
0
0
0
0
0
0
0
0
0
0
0
0
0
0
0
0
0
0
0
0
0
0
0
0
0
0
0
0
0
0
0
0
0
0
0
0
0
0
0
0
0
0
0
0
0
0
0
0
0
0
0
0
0
0
0
0
0
0
0
0
0
0
0
0
0
0
0
0
0
0
0
0
0
0
0
0
0
0
0
0
0
0
0
0
0
0
0
0
0
0
0
0
0
0
0
0
0
0
0
0
0
0
0
0
0
0
0
0
0
0
0
0
0
0
0
0
0
0
0
0
0
0
0
0
0
0
0
0
0
0
0
0
0
0
0
0
0
0
0
0
0
0
0
0
0
0
0
0
0
0
0
0
0
0
0
0
0
0
0
0
0
0
0
0
0
0
0
0
0
0
0
0
0
0
0
0
0
0
0
0
0
0
0
0
0
0
0
0
0
0
0
0
0
0
0
0
0
0
0
0
0
0
0
0
0
0
0
0
0
0
0
0
0
0
0
0
0
0
0
0
0
0
0
0
0
0
0
0
0
0
0
0
0
0
0
0
0
0
0
0
0
0
0
0
0
0
0
0
0
0
0
0
0
0
0
0
0
0
0
0
0
0
0
0
0
0
0
0
0
0
0
0
0
0
0
0
0
0
0
0
0
0
0
0
0
0
0
0
0
0
0
0
0
0
0
0
0
0
0
0
0
0
0
0
0
0
0
0
0
0
0
0
0
0
0
0
0
0
0
0
0
0
0
0
0
0
0
0
0
0
0
0
0
0
0
0
0
0
0
0
0
0
0
0
0
0
0
0
0
0
0
0
0
0
0
0
0
0
0
0
0
0
0
0
0
0
0
0
0
0
0
0
0
0
0
0
0
0
0
0
0
0
0
0
0
0
0
0
0
0
0
0
0
0
0
0
0
0
0
0
0
0
0
0
0
0
0
0
0
0
0
0
0
0
0
0
0
0
0
0
0
0
0
0
0
0
0
0
0
0
0
0
0
0
0
0
0
0
0
0
0
0
0
0
0
0
0
0
0
0
0
0
0
0
0
0
0
0
0
0
0
0
0
0
0
0
0
0
0
0
0
0
0
0
0
0
0
0
0
0
0
0
0
0
0
0
0
0
0
0
0
0
0
0
0
0
0
0
0
0
0
0
0
0
0
0
0
0
0
0
0
0
0
0
0
0
0
0
0
0
0
0
0
0
0
0
0
0
0
0
0
0
0
0
0
0
0
0
0
0
0
0
0
0
0
0
0
0
0
0
0
0
0
0
0
0
0
0
0
0
0
0
0
0
0
0
0
0
0
0
0
0
0
0
0
0
0
0
0
0
0
0
0
0
0
0
0
0
0
0
0
0
0
0
0
0
0
0
0
0
0
0
0
0
0
0
0
0
0
0
0
0
0
0
0
0
0
0
0
0
0
0
0
0
0
0
0
0
0
0
0
0
0
0
0
0
0
0
0
0
0
0
0
0
0
0
0
0
0
0
0
0
0
0
0
0
0
0
0
0
0
0
0
0
0
0
0
0
0
0
0
0
0
0
0
0
0
0
0
0
0
0
0
0
0
0
0
0
0
0
0
0
0
0
0
0
0
0
0
0
0
0
0
0
0
0
0
0
0
0
0
0
0
0
0
0
0
0
0
0
0
0
0
0
0
0
0
0
0
0
0
0
0
0
0
0
0
0
0
0
0
0
0
0
0
0
0
0
0
0
0
0
0
0
0
0
0
0
0
0
0
0
0
0
0
0
0
0
0
0
0
0
0
0
0
0
0
0
0
0
0
0
0
0
0
0
0
0
0
0
0
0
0
0
0
0
0
0
0
0
0
0
0
0
0
0
0
0
0
0
0
0
0
0
0
0
0
0
