0
0
0
0
0
0
0
0
0
0
0
0
0
0
0
0
0
0
0
0
0
0
0
0
0
0
0
0
0
0
0
0
0
0
0
0
0
0
0
0
0
0
0
0
0
0
0
0
0
0
0
0
0
0
0
0
0
0
0
0
0
0
0
0
0
0
0
0
0
0
0
0
0
0
0
0
0
0
0
0
0
0
0
0
0
0
0
0
0
0
0
0
0
0
0
0
0
0
0
0
0
0
0
0
0
0
0
0
0
0
0
0
0
0
0
0
0
0
0
0
0
0
0
0
0
0
0
0
0
0
0
0
0
0
0
0
0
0
0
0
0
0
0
0
0
0
0
0
0
0
0
0
0
0
0
0
0
0
0
0
0
0
0
0
0
0
0
0
0
0
0
0
0
0
0
0
0
0
0
0
0
0
0
0
0
0
0
0
0
0
0
0
0
0
0
0
0
0
0
0
0
0
0
0
0
0
0
0
0
0
0
0
0
0
0
0
0
0
0
0
0
0
0
0
0
0
0
0
0
0
0
0
0
0
0
0
0
0
0
0
0
0
0
0
0
0
0
0
0
0
0
0
0
0
0
0
0
0
0
0
0
0
0
0
0
0
0
0
0
0
0
0
0
0
0
0
0
0
0
0
0
0
0
0
0
0
0
0
0
0
0
0
0
0
0
0
0
0
0
0
0
0
0
0
0
0
0
0
0
0
0
0
0
0
0
0
0
0
0
0
0
0
0
0
0
0
0
0
0
0
0
0
0
0
0
0
0
0
0
0
0
0
0
0
0
0
0
0
0
0
0
0
0
0
0
0
0
0
0
0
0
0
0
0
0
0
0
0
0
0
0
0
0
0
0
0
0
0
0
0
0
0
0
0
0
0
0
0
0
0
0
0
0
0
0
0
0
0
0
0
0
0
0
0
0
0
0
0
0
0
0
0
0
0
0
0
0
0
0
0
0
0
0
0
0
0
0
0
0
0
0
0
0
0
0
0
0
0
0
0
0
0
0
0
0
0
0
0
0
0
0
0
0
0
0
0
0
0
0
0
0
0
0
0
0
0
0
0
0
0
0
0
0
0
0
0
0
0
0
0
0
0
0
0
0
0
0
0
0
0
0
0
0
0
0
0
0
0
0
0
0
0
0
0
0
0
0
0
0
0
0
0
0
0
0
0
0
0
0
0
0
0
0
0
0
0
0
0
0
0
0
0
0
0
0
0
0
0
0
0
0
0
0
0
0
0
0
0
0
0
0
0
0
0
0
0
0
0
0
0
0
0
0
0
0
0
0
0
0
0
0
0
0
0
0
0
0
0
0
0
0
0
0
0
0
0
0
0
0
0
0
0
0
0
0
0
0
0
0
0
0
0
0
0
0
0
0
0
0
0
0
0
0
0
0
0
0
0
0
0
0
0
0
0
0
0
0
0
0
0
0
0
0
0
0
0
0
0
0
0
0
0
0
0
0
0
0
0
0
0
0
0
0
0
0
0
0
0
0
0
0
0
0
0
0
0
0
0
0
0
0
0
0
0
0
0
0
0
0
0
0
0
0
0
0
0
0
0
0
0
0
0
0
0
0
0
0
0
0
0
0
0
0
0
0
0
0
0
0
0
0
0
0
0
0
0
0
0
0
0
0
0
0
0
0
0
0
0
0
0
0
0
0
0
0
0
0
0
0
0
0
0
0
0
0
0
0
0
0
0
0
0
0
0
0
0
0
0
0
0
0
0
0
0
0
0
0
0
0
0
0
0
0
0
0
0
0
0
0
0
0
0
0
0
0
0
0
0
0
0
0
0
0
0
0
0
0
0
0
0
0
0
0
0
0
0
0
0
0
0
0
0
0
0
0
0
0
0
0
0
0
0
0
0
0
0
0
0
0
0
0
0
0
0
0
0
0
0
0
0
0
0
0
0
0
0
0
0
0
0
0
0
0
0
0
0
0
0
0
0
0
0
0
0
0
0
0
0
0
0
0
0
0
0
0
0
0
0
0
0
0
0
0
0
0
0
0
0
0
0
0
0
0
0
0
0
0
0
0
0
0
0
0
0
0
0
0
0
0
0
0
0
0
0
0
0
0
0
0
0
0
0
0
0
0
0
0
0
0
0
0
0
0
0
0
0
0
0
0
0
0
0
0
0
0
0
0
0
0
0
0
0
0
0
0
0
0
0
0
0
0
0
0
0
0
0
0
0
0
0
0
0
0
0
0
0
0
0
0
0
0
0
0
0
0
0
0
0
0
0
0
0
0
0
0
0
0
0
0
0
0
0
0
0
0
0
0
0
0
0
0
0
0
0
0
0
0
0
0
0
0
0
0
0
0
0
0
0
0
0
0
0
0
0
0
0
0
0
0
0
0
0
0
0
0
0
0
0
0
0
0
0
0
0
0
0
0
0
0
0
0
0
0
0
0
0
0
0
0
0
0
0
0
0
0
0
0
0
0
0
0
0
0
0
0
0
0
0
0
0
0
0
0
0
0
0
0
0
0
0
0
0
0
0
0
0
0
0
0
0
0
0
0
0
0
0
0
0
0
0
0
0
0
0
0
0
0
0
0
0
0
0
0
0
0
0
0
0
0
0
0
0
0
0
0
0
0
0
0
0
0
0
0
0
0
0
0
0
0
0
0
0
0
0
0
0
0
0
0
0
0
0
0
0
0
0
0
0
0
0
0
0
0
0
0
0
0
0
0
0
0
0
0
0
0
0
0
0
0
0
0
0
0
0
0
0
0
0
0
0
0
0
0
0
0
0
0
0
0
0
0
0
0
0
0
0
0
0
0
0
0
0
0
0
0
0
0
0
0
0
0
0
0
0
0
0
0
0
0
0
0
0
0
0
0
0
0
0
0
0
0
0
0
0
0
0
0
0
0
0
0
0
0
0
0
0
0
0
0
0
0
0
0
0
0
0
0
0
0
0
0
0
0
0
0
0
0
0
0
0
0
0
0
0
0
0
0
0
0
0
0
0
0
0
0
0
0
0
0
0
0
0
0
0
0
0
0
0
0
0
0
0
0
0
0
0
0
0
0
0
0
0
0
0
0
0
0
0
0
0
0
0
0
0
0
0
0
0
0
0
0
0
0
0
0
0
0
0
0
0
0
0
0
0
0
0
0
0
0
0
0
0
0
0
0
0
0
0
0
0
0
0
0
0
0
0
0
0
0
0
0
0
0
0
0
0
0
0
0
0
0
0
0
0
0
0
0
0
0
0
0
0
0
0
0
0
0
0
0
0
0
0
0
0
0
0
0
0
0
0
0
0
0
0
0
0
0
0
0
0
0
0
0
0
0
0
0
0
0
0
0
0
0
0
0
0
0
0
0
0
0
0
0
0
0
0
0
0
0
0
0
0
0
0
0
0
0
0
0
0
0
0
0
0
0
0
0
0
0
0
0
0
0
0
0
0
0
0
0
0
0
0
0
0
0
0
0
0
0
0
0
0
0
0
0
0
0
0
0
0
0
0
0
0
0
0
0
0
0
0
0
0
0
0
0
0
0
0
0
0
0
0
0
0
0
0
0
0
0
0
0
0
0
0
0
0
0
0
0
0
0
0
0
0
0
0
0
0
0
0
0
0
0
0
0
0
0
0
0
0
0
0
0
0
0
0
0
0
0
0
0
0
0
0
0
0
0
0
0
0
0
0
0
0
0
0
0
0
0
0
0
0
0
0
0
0
0
0
0
0
0
0
0
0
0
0
0
0
0
0
0
0
0
0
0
0
0
0
0
0
0
0
0
0
0
0
0
0
0
0
0
0
0
0
0
0
0
0
0
0
0
0
0
0
0
0
0
0
0
0
0
0
0
0
0
0
0
0
0
0
0
0
0
0
0
0
0
0
0
0
0
0
0
0
0
0
0
0
0
0
0
0
0
0
0
0
0
0
0
0
0
0
0
0
0
0
0
0
0
0
0
0
0
0
0
0
0
0
0
0
0
0
0
0
0
0
0
0
0
0
0
0
0
0
0
0
0
0
0
0
0
0
0
0
0
0
0
0
0
0
0
0
0
0
0
0
0
0
0
0
0
0
0
0
0
0
0
0
0
0
0
0
0
0
0
0
0
0
0
0
0
0
0
0
0
0
0
0
0
0
0
0
0
0
0
0
0
0
0
0
0
0
0
0
0
0
0
0
0
0
0
0
0
0
0
0
0
0
0
0
0
0
0
0
0
0
0
0
0
0
0
0
0
0
0
0
0
0
0
0
0
0
0
0
0
0
0
0
0
0
0
0
0
0
0
0
0
0
0
0
0
0
0
0
0
0
0
0
0
0
0
0
0
0
0
0
0
0
0
0
0
0
0
0
0
0
0
0
0
0
0
0
0
0
0
0
0
0
0
0
0
0
0
0
0
0
0
0
0
0
0
0
0
0
0
0
0
0
0
0
0
0
0
0
0
0
0
0
0
0
0
0
0
0
0
0
0
0
0
0
0
0
0
0
0
0
0
0
0
0
0
0
0
0
0
0
0
0
0
0
0
0
0
0
0
0
0
0
0
0
0
0
0
0
0
0
0
0
0
0
1.30295
1.024
1.08928
1.29611
1.02774
1.18377
1.02498
1.024
1.0602
1.18155
1.024
1.02498
1.03033
1.13832
1.09337
1.02498
1.024
1.03803
1.0895
1.024
1.02757
1.02729
1.024
1.024
1.02498
1.27446
1.1096
1.20395
1.024
1.30326
1.024
1.02594
1.03586
1.14907
1.04904
1.024
1.05291
1.02786
1.06825
1.28521
1.04595
1.15676
1.04895
1.05279
1.15875
1.07396
1.08499
1.09746
1.03544
1.15622
1.02578
1.02852
1.024
1.18017
1.024
1.39215
1.21889
1.14158
1.02935
1.02963
1.03829
1.04896
1.08926
1.02766
1.1149
1.02509
1.39182
1.02498
1.03982
1.02498
1.03038
1.15578
1.02498
1.21684
1.0351
1.1671
1.16209
1.024
1.06933
1.05258
1.024
1.0363
1.05507
1.24622
1.05473
1.024
1.06304
1.03547
1.024
1.024
1.24956
1.04333
1.024
1.02582
1.04812
1.1319
1.024
1.024
1.024
1.05373
1.024
1.024
1.03663
1.07874
1.16516
1.02498
1.18068
1.17846
1.40677
1.37875
1.045
1.3177
1.02498
1.05795
1.18248
1.35186
1.04389
1.08736
1.02692
1.04317
1.02498
1.43795
1.02498
1.12059
1.47312
1.02498
1.06174
1.024
1.024
1.09601
1.2542
1.33963
1.21415
1.17539
1.024
1.02498
1.024
1.02498
1.13275
1.40499
1.0572
1.32745
1.02594
1.08586
1.024
1.17706
1.0259
1.3108
1.16064
1.21214
1.024
1.43142
1.12171
1.05258
1.024
1.03281
1.024
1.024
1.02498
1.024
1.03307
1.17213
1.05566
1.03562
1.02857
1.024
1.024
1.14757
1.02498
1.03665
1.03237
1.0299
1.03386
1.02665
1.024
1.32717
1.06669
1.12824
1.02498
1.10582
1.03732
1.024
1.12323
1.06482
1.03684
1.024
1.10409
1.024
1.20871
1.30713
1.02907
1.05847
1.03153
1.02498
1.05943
1.024
1.1634
1.02679
1.0309
1.04498
1.02498
1.02498
1.024
1.02498
1.12836
1.06421
1.28056
1.03812
1.024
1.26333
1.60961
1.024
1.05728
1.04887
1.40163
1.024
1.03822
1.3048
1.02501
1.20219
1.024
1.02498
1.04438
1.09093
1.60321
1.03684
1.0262
1.44379
1.03997
1.02644
1.0295
1.02827
1.02904
1.11367
1.158
1.06207
1.06324
1.02498
1.03505
1.02498
1.02647
1.02498
1.3945
1.07164
1.12048
1.02912
1.024
1.08392
1.09872
1.06785
1.05363
1.03346
1.15136
1.02498
1.09002
1.09428
1.21765
1.04169
1.29311
1.024
1.20533
1.024
1.024
1.02832
1.14817
1.29719
1.03122
1.024
1.28448
1.43956
1.23591
1.0582
1.47359
1.25508
1.02835
1.35616
1.024
1.03111
1.024
1.0379
1.02498
1.30775
1.04233
1.03492
1.11873
1.24376
1.024
1.38695
1.02739
1.03545
1.21947
1.2218
1.02498
1.37551
1.02498
1.10861
1.024
1.58173
1.22447
1.6626
1.024
1.03885
1.14745
1.02498
1.03872
1.1094
1.15521
1.03093
1.29564
1.024
1.11069
1.02609
1.02498
1.1035
1.05417
1.05704
1.02498
1.02676
1.02627
1.02498
1.13973
1.04423
1.02609
1.024
1.02498
1.024
1.02498
1.07864
1.27093
1.02862
1.16392
1.15734
1.22398
1.02498
1.0646
1.04954
1.11462
1.03667
1.024
1.024
1.08628
1.12915
1.03218
1.32661
1.46727
1.024
1.20589
1.036
1.03046
1.62998
1.16601
1.024
1.2153
1.10728
1.09985
1.44814
1.024
1.13244
1.26142
1.13662
1.02498
1.24092
1.51806
1.024
1.024
1.15726
1.27449
1.18399
1.314
1.12217
1.024
1.02498
1.23081
1.15119
1.06964
1.14395
1.40248
1.024
1.09241
1.18359
1.07536
1.024
1.03896
1.38558
1.14761
1.02498
1.10156
1.02498
1.2134
1.1671
1.10404
1.02794
1.04698
1.51459
1.05611
1.02498
1.26015
1.5022
1.024
1.62293
1.05072
1.16038
1.03326
1.024
1.04311
1.024
1.11799
1.09862
1.024
1.09209
1.0687
1.024
1.04049
1.02754
1.03672
1.05949
1.07252
1.09953
1.27294
1.25078
1.024
1.32835
1.57022
1.49983
1.02826
1.39141
1.06235
1.03074
1.3244
1.024
1.024
1.02498
1.03795
1.024
1.024
1.21814
1.0255
1.27235
1.02611
1.09364
1.02739
1.08983
1.0284
1.02498
1.02498
1.02498
1.02498
1.23789
1.24628
1.024
1.024
1.05808
1.05241
1.06669
1.02502
1.11805
1.02804
1.09629
1.04231
1.02832
1.0679
1.02621
1.03469
1.024
1.03222
1.02519
1.07473
1.024
1.02818
1.03807
1.0289
1.68437
1.07109
1.02498
1.03383
1.0318
1.03502
1.0286
1.11692
1.18118
1.08725
1.38635
1.26725
1.03513
1.02498
1.02994
1.83845
1.024
1.04173
1.024
1.1125
1.02659
1.02645
1.02576
1.02937
1.11563
1.05676
1.04839
1.024
1.44255
1.024
1.02498
1.05333
1.03898
1.36911
1.04022
1.14911
1.14933
1.15494
1.0472
1.02498
1.024
1.024
1.07816
1.03857
1.06869
1.02498
1.03855
1.02968
1.1153
1.02875
1.02591
1.13484
1.03043
1.02498
1.0565
1.024
1.16052
1.02498
1.04506
1.03318
1.18854
1.024
1.02498
1.0921
1.03042
1.024
1.07188
1.10918
1.05709
1.05359
1.024
1.27
1.02498
1.15339
1.17856
1.09176
1.24777
1.2401
1.03139
1.17394
1.024
1.024
1.49964
1.024
1.10334
1.024
1.02991
1.03006
1.02498
1.04159
1.16782
1.24523
1.20741
1.024
1.15207
1.024
1.024
1.15528
1.0983
1.02498
1.03522
1.02498
1.03738
1.09406
1.1545
1.05084
1.19159
1.13308
1.02498
1.02498
1.11632
1.38263
1.02632
1.02498
1.14344
1.16687
1.02498
1.04166
1.13353
1.14109
1.024
1.02498
1.03858
1.16648
1.04268
1.46986
1.02498
1.02498
1.024
1.02995
1.02743
1.024
1.38273
1.024
1.02498
1.45507
1.024
1.0729
1.20695
1.07595
1.09708
1.02902
1.03083
1.16785
1.07775
1.024
1.02498
1.07933
1.12795
1.39069
1.02498
1.024
1.31254
1.03001
1.03169
1.024
1.02743
1.13346
1.18227
1.02498
1.55418
1.20524
1.19468
1.04391
1.024
1.07395
1.02498
1.024
1.06729
1.03642
1.16898
1.02498
1.02498
1.024
1.03783
1.03848
1.1066
1.024
1.024
1.03059
1.0406
1.02498
1.15003
1.03233
1.13623
1.25955
1.024
1.03182
1.464
1.04407
1.03223
1.024
1.02601
1.12435
1.09306
1.024
1.123
1.02498
1.58479
1.11106
1.08485
1.02498
1.0721
1.024
1.0443
1.024
1.024
1.17838
1.03357
1.02945
1.20259
1.0331
1.02498
1.02498
1.024
1.0613
1.024
1.03365
1.04551
1.19201
1.024
1.05992
1.32168
1.03969
1.22962
1.02498
1.02498
1.15934
1.08219
1.02798
1.12303
1.024
1.1556
1.03548
1.02498
1.02543
1.04693
1.16106
1.05315
1.024
1.31532
1.1606
1.05714
1.14308
1.03214
1.18164
1.06106
1.2144
1.024
1.13566
1.02858
1.04525
1.04669
1.02498
1.02498
1.32049
1.024
1.35092
1.05431
1.02607
1.02836
1.03337
1.16858
1.28574
1.10556
1.06564
1.19192
1.024
1.10669
1.02498
1.11006
1.02982
1.06744
1.13881
1.024
1.16009
1.05505
1.06052
1.024
1.02728
1.02498
1.37001
1.10396
1.16555
1.31451
1.09981
1.024
1.02498
1.09863
1.024
1.05844
1.13955
1.21484
1.0625
1.024
1.16718
1.03833
1.02684
1.22406
1.05638
1.22136
1.56514
1.0683
1.024
1.024
1.20078
1.26533
1.08168
1.42003
1.02574
1.02498
1.03976
1.024
1.12132
1.02498
1.38605
1.04365
1.024
1.024
1.06293
1.2154
1.13598
1.03399
1.32342
1.5783
1.20191
1.02761
1.04609
1.02498
1.02498
1.024
1.05942
1.16276
1.02616
1.024
1.06178
1.02498
1.02702
1.15809
1.024
1.2155
1.024
1.024
1.024
1.02629
1.024
1.25156
1.024
1.02934
1.02641
1.57603
1.06271
1.02751
1.024
1.02498
1.0473
1.03357
1.1286
1.02826
1.04967
1.02498
1.27784
1.02498
1.04916
1.02854
1.024
1.02498
1.03535
1.03058
1.024
1.25475
1.02498
1.03761
1.06506
1.45001
1.17667
1.05531
1.13465
1.03375
1.32052
1.07994
1.0672
1.02622
1.09842
1.44061
1.02573
1.10874
1.024
1.024
1.04944
1.15112
1.024
1.50789
1.36713
1.024
1.13132
1.0332
1.27136
1.05869
1.024
1.024
1.13681
1.0278
1.024
1.03056
1.05219
1.03783
1.11393
1.02812
1.02917
1.1027
1.06754
1.32187
1.14845
1.06558
1.024
1.09305
1.03815
1.03307
1.10861
1.03735
1.02581
1.0299
1.024
1.024
1.02498
1.02498
1.02498
1.10698
1.26023
1.08791
1.02498
1.0399
1.06761
1.024
1.02498
1.02498
1.03673
1.07686
1.18214
1.024
1.02498
1.23786
1.18258
1.024
1.02498
1.08114
1.024
1.024
1.024
1.04995
1.14445
1.02721
1.02498
1.02498
1.03457
1.0418
1.02498
1.02498
1.15994
1.29159
1.02498
1.19427
1.07434
1.02701
1.61788
1.02677
1.0706
1.08287
1.03595
1.02498
1.25103
1.15218
1.02498
1.02874
1.02498
1.024
1.06251
1.41447
1.14575
1.024
1.02498
1.23578
1.024
1.2926
1.07157
1.03162
1.34675
1.23092
1.02498
1.03097
1.16378
1.08657
1.16544
1.02651
1.10477
1.33962
1.024
1.02519
1.0365
1.024
1.02989
1.024
1.05511
1.0303
1.02498
1.04288
1.06332
1.024
1.02498
1.02498
1.10647
1.16599
1.30231
1.23047
1.22888
1.04777
1.03096
1.024
1.024
1.09144
1.06477
1.02498
1.06302
1.06929
1.2268
1.0311
1.1356
1.38681
0.974319
0.819688
1.04866
0.834172
0.8192
0.980869
0.913933
0.856306
0.940926
0.896737
0.825907
0.988931
0.819688
0.835818
0.958742
1.09902
0.839836
1.21674
1.00434
1.11522
0.983007
0.8192
0.941945
0.83602
0.819688
0.965983
0.952379
0.82227
1.41856
0.842948
0.951467
0.8245
0.819688
0.851666
0.952993
0.928802
1.07954
0.826968
1.16796
1.11122
1.35351
0.948848
0.881842
0.937595
1.06585
1.1735
0.831919
1.08764
1.01855
1.01105
1.13687
1.25697
0.839694
0.983
1.27613
1.15766
1.23825
0.83428
1.08551
0.825472
0.861071
1.20081
0.835018
1.08466
0.820454
1.06023
0.828468
0.921152
1.00929
1.42571
0.95558
1.26405
0.823184
0.845748
0.8192
1.12078
1.04152
0.881738
1.0958
0.85092
1.23219
1.01513
1.35684
1.23114
0.967029
0.874176
0.846203
1.2972
1.60831
1.21344
0.999407
0.852711
0.864931
0.90248
0.891072
1.41658
0.8192
0.891309
1.1376
1.10648
1.03697
1.04452
0.885463
0.954546
0.993327
1.13291
1.071
1.09638
1.14199
0.902406
0.847125
0.87241
1.03723
0.88028
0.846862
0.822706
1.01429
0.920387
1.10518
0.82168
0.894339
0.933571
0.819688
0.909786
0.984952
0.8192
0.903326
0.819688
1.15476
0.847146
1.01784
0.957735
1.04731
1.04443
1.05904
0.869741
1.086
1.04852
0.822334
0.842075
0.963299
0.951277
1.15646
0.8192
0.850665
0.882402
0.923549
1.17984
0.973892
1.19159
0.934841
0.819688
1.09892
0.862805
0.870959
0.8192
1.02848
0.94085
0.8192
0.832624
0.985753
0.838943
0.837833
1.19728
1.10005
0.846335
0.8192
0.856024
0.871356
1.20598
0.971481
0.968191
0.955381
0.973416
0.823967
0.890545
0.874702
0.839622
0.831827
0.819893
0.819688
1.07245
0.881023
1.12123
1.05104
1.05654
1.09721
0.903106
0.8192
1.16461
0.968101
0.87522
1.01496
0.947333
0.819688
0.819688
1.19316
0.865337
0.855307
0.820875
0.830057
0.819688
0.822751
1.1872
1.2879
0.833833
0.859304
1.26311
0.859385
0.82027
1.05825
0.951
0.879818
0.822007
1.14457
0.819688
0.8192
0.935815
0.890284
0.8192
0.835043
0.825524
0.862574
0.835748
0.838634
0.841171
0.849122
1.08917
1.42662
0.907734
0.987098
0.824609
1.23406
1.01903
1.02974
0.856693
0.911266
0.956887
1.10188
0.991505
0.885866
0.829103
0.881697
0.819688
1.08125
0.849367
0.899496
0.983118
0.859425
0.94214
1.06509
0.860548
0.8192
0.822137
0.848433
1.27708
0.875454
1.12707
1.02648
0.944169
0.952981
0.819688
0.919974
1.05517
0.962536
1.0061
0.819688
0.819688
0.999636
1.29557
0.8192
0.819688
0.843237
1.05604
0.8192
0.819976
1.18046
0.820533
0.869797
0.999802
0.934382
0.853124
0.957098
0.867727
1.02256
1.61054
0.825532
0.854256
0.822116
0.855168
0.947833
0.820312
0.820303
0.837531
1.2009
0.981343
0.838481
1.07007
0.824574
0.8267
0.833138
0.928893
1.00769
0.820807
1.08774
0.872309
1.00209
1.13246
0.89134
0.873135
1.20105
1.24128
0.819688
1.07797
0.821595
0.819688
0.8269
0.825869
0.993853
1.16533
0.838496
0.842618
0.94654
0.820296
0.833527
0.819688
0.892472
0.905131
1.08137
1.10179
0.819688
0.940142
0.875485
0.928391
1.18108
0.982749
0.938161
1.14966
0.856682
1.02903
0.820989
0.900796
0.843947
0.856674
0.936555
0.973683
0.828442
0.825538
0.873956
0.823936
0.9444
1.28208
0.831651
0.999042
1.16246
1.02021
1.03025
1.11541
1.07951
0.836142
0.848537
0.819688
0.87305
0.899678
0.822432
1.23083
0.967627
0.889988
0.843629
0.844895
0.819688
1.01264
1.46756
0.86667
0.874226
0.84411
0.865015
0.822551
1.05862
0.819688
1.19843
1.00595
0.821863
0.935379
1.2255
0.8192
0.902231
1.09594
0.819688
0.820298
0.823372
0.92191
0.91724
0.853707
0.832172
0.819688
0.819688
0.866648
0.938275
0.847906
1.11458
1.38995
0.819688
1.19249
1.12059
0.8192
0.867047
0.819688
1.25687
1.302
1.18536
0.935479
0.838666
1.09403
0.96766
0.822827
0.832903
1.55047
1.12749
0.964712
0.906303
0.978611
0.990535
0.819688
0.892275
1.25033
0.819688
0.881197
1.08597
0.819688
1.27502
0.867976
0.819688
0.8192
0.838361
1.09159
1.24701
1.12161
1.02553
1.08684
1.17507
1.05881
0.829135
1.04522
0.845463
0.863732
1.08346
0.856267
0.823725
0.936858
0.91809
0.819688
1.28682
1.13735
0.971667
0.933722
1.24972
0.822182
0.8192
0.881068
0.983967
0.820776
1.38547
0.851299
1.13485
0.828693
0.976948
0.864146
0.851274
0.866186
0.838281
1.02025
0.884403
0.988904
0.999573
0.856382
0.885902
0.822337
1.13769
0.8192
0.932537
0.842478
1.069
1.17112
1.00108
0.851764
0.974524
1.04195
1.17732
1.09467
0.819688
1.09321
0.852229
1.22916
1.46559
0.906461
0.821431
0.827399
0.819688
0.819788
1.04241
0.819688
0.952404
0.824367
0.851907
0.901291
0.839051
1.1014
1.52441
0.819688
0.836113
1.007
1.10486
1.16474
0.996557
1.26175
0.853077
0.942656
1.28601
0.820682
0.819688
0.886116
1.06281
0.891127
0.956176
0.982899
0.831519
0.948932
0.827209
0.89624
0.826073
0.823588
0.822303
1.03537
0.944074
1.18365
0.845203
0.85305
0.837898
0.881695
0.944818
1.29826
0.879459
0.825644
1.02427
0.822842
0.96642
0.878195
0.822955
0.819688
1.15323
1.30904
0.830631
0.826976
0.98081
0.900673
0.826105
0.820393
1.04882
1.32647
1.30791
0.819688
0.937644
0.8192
1.12387
1.07795
0.825932
0.958811
0.84266
0.84265
1.16543
1.40352
0.925792
1.00484
1.02626
1.10378
0.8192
0.857227
0.856553
1.02004
0.821578
0.819688
1.08745
1.16779
0.894861
0.819688
0.933276
1.13632
1.10869
0.819688
0.819688
0.819688
0.82033
0.841628
0.870488
1.16204
1.22587
0.841494
0.903823
0.955414
1.55944
1.17137
0.849042
0.935003
1.03333
1.01158
0.847528
0.928232
1.30472
1.34129
0.942287
1.74258
0.8192
1.19557
0.973164
0.85347
1.09679
0.905151
0.821452
0.819688
0.84054
0.829631
0.839125
0.908538
0.821334
0.85639
0.819688
1.29591
0.94886
0.873535
0.940363
1.20677
0.953511
0.949241
1.21755
1.11908
1.09503
0.819688
0.943933
0.957219
0.843789
1.27974
0.853771
0.842905
1.07294
1.20466
0.881698
1.03179
0.891851
0.845626
1.00651
1.0276
0.873263
1.15695
0.839888
0.979262
0.971433
0.97171
0.823381
0.819688
0.819688
0.819688
0.865015
0.897438
0.89559
1.25748
0.951942
1.01652
0.862692
0.819688
1.38824
1.04323
0.819688
1.07473
0.958331
0.837833
1.08543
0.995459
0.820703
0.920227
1.14351
0.900102
0.874294
0.820774
1.23735
0.8192
0.89628
1.02627
0.967228
1.20975
1.1405
0.898451
0.97741
0.897797
1.53945
0.99856
0.941115
0.822143
1.07518
0.895702
0.900638
0.8192
1.02999
0.894889
0.850711
0.837755
1.4244
1.05458
0.836803
0.973148
0.856437
0.897731
1.03196
1.2474
0.881367
0.819688
0.900602
0.888771
1.03484
0.930521
1.0523
0.91556
0.873379
0.84591
0.822466
0.921109
0.864901
0.97151
0.878893
0.850065
0.942804
0.848793
1.52967
0.882926
0.993902
0.897108
0.8192
0.91957
0.822896
0.859559
0.864823
0.869483
0.925911
0.820551
1.26366
1.01295
0.819688
0.889664
0.8192
0.930456
1.01804
0.827813
0.836959
0.850653
1.16897
0.833363
1.06082
0.989068
1.08393
0.830496
0.827337
1.10052
0.895922
0.834642
1.11902
1.02538
0.819851
1.31914
0.938904
0.8192
0.830068
0.918364
0.824147
1.6336
0.976788
0.819697
1.36212
0.896143
1.27683
1.2959
1.38287
1.23698
1.63115
0.829571
0.976916
0.91082
1.18405
1.25378
0.819688
0.821235
1.22499
0.819747
1.23016
0.964205
0.895213
1.00998
0.892333
1.09083
0.871893
0.819688
1.06027
1.04107
0.839228
0.832738
0.996915
1.15016
0.991973
0.820442
0.889919
1.06728
0.861133
1.12208
1.01029
0.8192
0.850867
0.922218
1.03604
1.05027
0.855046
0.876743
1.23707
1.20109
0.829439
0.822191
1.1601
0.838868
0.935011
1.08837
0.819688
0.948708
0.819688
0.833095
1.04253
1.15991
1.0594
1.26866
1.23128
0.856917
1.10571
0.851109
0.83825
0.963062
1.35473
0.82033
1.02651
0.819688
0.904933
1.00781
0.923811
1.01174
0.855853
0.884687
1.07028
1.08833
0.823699
0.837676
0.903503
0.8192
1.11887
0.824016
0.875451
1.19116
0.991602
1.28111
0.858418
0.869769
0.86724
0.826469
0.9919
0.819688
1.20613
0.841176
0.971697
1.09723
1.04776
0.820305
0.852531
0.875659
1.1762
0.847464
0.825909
0.842706
0.915567
0.833602
0.921031
1.1354
1.16186
0.945814
0.820211
1.35715
0.840686
1.17217
0.840603
0.863126
0.958187
1.03114
1.02496
1.04155
0.8192
1.51811
0.906614
0.82033
0.8192
0.878574
1.0468
0.821923
0.827956
0.986328
0.869065
0.941976
0.922202
0.828256
1.77333
0.827244
1.01012
1.48821
0.926365
0.8192
0.969152
1.34062
0.909207
1.11893
0.845138
1.15916
1.15725
0.823007
0.819688
1.37286
0.918933
0.819696
0.824067
0.819688
1.6345
0.998243
0.820371
0.960686
0.844345
0.845229
1.06427
1.22701
1.23831
0.830364
0.942827
0.822586
1.1243
0.856783
0.828914
1.05152
1.05155
1.26888
1.18229
0.943254
1.29282
0.920119
0.87085
0.821752
1.1938
0.894871
1.43576
0.900044
1.09235
0.85915
1.22365
0.935503
1.12479
0.860665
0.840558
1.21506
0.982711
0.819688
0.971535
0.819688
0.926883
0.970425
1.20399
1.03124
1.30012
0.821183
1.1124
0.99907
1.19567
0.838444
0.867042
0.970971
0.927521
0.960176
0.819688
1.05633
1.04011
0.841385
0.8713
0.951423
1.16591
1.0588
1.0805
0.85224
0.836111
1.05355
0.8192
0.853963
