0
0
0
0
0
0
0
0
0
0
0
0
0
0
0
0
0
0
0
0
0
0
0
0
0
0
0
0
0
0
0
0
0
0
0
0
0
0
0
0
0
0
0
0
0
0
0
0
0
0
0
0
0
0
0
0
0
0
0
0
0
0
0
0
0
0
0
0
0
0
0
0
0
0
0
0
0
0
0
0
0
0
0
0
0
0
0
0
0
0
0
0
0
0
0
0
0
0
0
0
0
0
0
0
0
0
0
0
0
0
0
0
0
0
0
0
0
0
0
0
0
0
0
0
0
0
0
0
0
0
0
0
0
0
0
0
0
0
0
0
0
0
0
0
0
0
0
0
0
0
0
0
0
0
0
0
0
0
0
0
0
0
0
0
0
0
0
0
0
0
0
0
0
0
0
0
0
0
0
0
0
0
0
0
0
0
0
0
0
0
0
0
0
0
0
0
0
0
0
0
0
0
0
0
0
0
0
0
0
0
0
0
0
0
0
0
0
0
0
0
0
0
0
0
0
0
0
0
0
0
0
0
0
0
0
0
0
0
0
0
0
0
0
0
0
0
0
0
0
0
0
0
0
0
0
0
0
0
0
0
0
0
0
0
0
0
0
0
0
0
0
0
0
0
0
0
0
0
0
0
0
0
0
0
0
0
0
0
0
0
0
0
0
0
0
0
0
0
0
0
0
0
0
0
0
0
0
0
0
0
0
0
0
0
0
0
0
0
0
0
0
0
0
0
0
0
0
0
0
0
0
0
0
0
0
0
0
0
0
0
0
0
0
0
0
0
0
0
0
0
0
0
0
0
0
0
0
0
0
0
0
0
0
0
0
0
0
0
0
0
0
0
0
0
0
0
0
0
0
0
0
0
0
0
0
0
0
0
0
0
0
0
0
0
0
0
0
0
0
0
0
0
0
0
0
0
0
0
0
0
0
0
0
0
0
0
0
0
0
0
0
0
0
0
0
0
0
0
0
0
0
0
0
0
0
0
0
0
0
0
0
0
0
0
0
0
0
0
0
0
0
0
0
0
0
0
0
0
0
0
0
0
0
0
0
0
0
0
0
0
0
0
0
0
0
0
0
0
0
0
0
0
0
0
0
0
0
0
0
0
0
0
0
0
0
0
0
0
0
0
0
0
0
0
0
0
0
0
0
0
0
0
0
0
0
0
0
0
0
0
0
0
0
0
0
0
0
0
0
0
0
0
0
0
0
0
0
0
0
0
0
0
0
0
0
0
0
0
0
0
0
0
0
0
0
0
0
0
0
0
0
0
0
0
0
0
0
0
0
0
0
0
0
0
0
0
0
0
0
0
0
0
0
0
0
0
0
0
0
0
0
0
0
0
0
0
0
0
0
0
0
0
0
0
0
0
0
0
0
0
0
0
0
0
0
0
0
0
0
0
0
0
0
0
0
0
0
0
0
0
0
0
0
0
0
0
0
0
0
0
0
0
0
0
0
0
0
0
0
0
0
0
0
0
0
0
0
0
0
0
0
0
0
0
0
0
0
0
0
0
0
0
0
0
0
0
0
0
0
0
0
0
0
0
0
0
0
0
0
0
0
0
0
0
0
0
0
0
0
0
0
0
0
0
0
0
0
0
0
0
0
0
0
0
0
0
0
0
0
0
0
0
0
0
0
0
0
0
0
0
0
0
0
0
0
0
0
0
0
0
0
0
0
0
0
0
0
0
0
0
0
0
0
0
0
0
0
0
0
0
0
0
0
0
0
0
0
0
0
0
0
0
0
0
0
0
0
0
0
0
0
0
0
0
0
0
0
0
0
0
0
0
0
0
0
0
0
0
0
0
0
0
0
0
0
0
0
0
0
0
0
0
0
0
0
0
0
0
0
0
0
0
0
0
0
0
0
0
0
0
0
0
0
0
0
0
0
0
0
0
0
0
0
0
0
0
0
0
0
0
0
0
0
0
0
0
0
0
0
0
0
0
0
0
0
0
0
0
0
0
0
0
0
0
0
0
0
0
0
0
0
0
0
0
0
0
0
0
0
0
0
0
0
0
0
0
0
0
0
0
0
0
0
0
0
0
0
0
0
0
0
0
0
0
0
0
0
0
0
0
0
0
0
0
0
0
0
0
0
0
0
0
0
0
0
0
0
0
0
0
0
0
0
0
0
0
0
0
0
0
0
0
0
0
0
0
0
0
0
0
0
0
0
0
0
0
0
0
0
0
0
0
0
0
0
0
0
0
0
0
0
0
0
0
0
0
0
0
0
0
0
0
0
0
0
0
0
0
0
0
0
0
0
0
0
0
0
0
0
0
0
0
0
0
0
0
0
0
0
0
0
0
0
0
0
0
0
0
0
0
0
0
0
0
0
0
0
0
0
0
0
0
0
0
0
0
0
0
0
0
0
0
0
0
0
0
0
0
0
0
0
0
0
0
0
0
0
0
0
0
0
0
0
0
0
0
0
0
0
0
0
0
0
0
0
0
0
0
0
0
0
0
0
0
0
0
0
0
0
0
0
0
0
0
0
0
0
0
0
0
0
0
0
0
0
0
0
0
0
0
0
0
0
0
0
0
0
0
0
0
0
0
0
0
0
0
0
0
0
0
0
0
0
0
0
0
0
0
0
0
0
0
0
0
0
0
0
0
0
0
0
0
0
0
0
0
0
0
0
0
0
0
0
0
0
0
0
0
0
0
0
0
0
0
0
0
0
0
0
0
0
0
0
0
0
0
0
0
0
0
0
0
0
0
0
0
0
0
0
0
0
0
0
0
0
0
0
0
0
0
0
0
0
0
0
0
0
0
0
0
0
0
0
0
0
0
0
0
0
0
0
0
0
0
0
0
0
0
0
0
0
0
0
0
0
0
0
0
0
0
0
0
0
0
0
0
0
0
0
0
0
0
0
0
0
0
0
0
0
0
0
0
0
0
0
0
0
0
0
0
0
0
0
0
0
0
0
0
0
0
0
0
0
0
0
0
0
0
0
0
0
0
0
0
0
0
0
0
0
0
0
0
0
0
0
0
0
0
0
0
0
0
0
0
0
0
0
0
0
0
0
0
0
0
0
0
0
0
0
0
0
0
0
0
0
0
0
0
0
0
0
0
0
0
0
0
0
0
0
0
0
0
0
0
0
0
0
0
0
0
0
0
0
0
0
0
0
0
0
0
0
0
0
0
0
0
0
0
0
0
0
0
0
0
0
0
0
0
0
0
0
0
0
0
0
0
0
0
0
0
0
0
0
0
0
0
0
0
0
0
0
0
0
0
0
0
0
0
0
0
0
0
0
0
0
0
0
0
0
0
0
0
0
0
0
0
0
0
0
0
0
0
0
0
0
0
0
0
0
0
0
0
0
0
0
0
0
0
0
0
0
0
0
0
0
0
0
0
0
0
0
0
0
0
0
0
0
0
0
0
0
0
0
0
0
0
0
0
0
0
0
0
0
0
0
0
0
0
0
0
0
0
0
0
0
0
0
0
0
0
0
0
0
0
0
0
0
0
0
0
0
0
0
0
0
0
0
0
0
0
0
0
0
0
0
0
0
0
0
0
0
0
0
0
0
0
0
0
0
0
0
0
0
0
0
0
0
0
0
0
0
0
0
0
0
0
0
0
0
0
0
0
0
0
0
0
0
0
0
0
0
0
0
0
0
0
0
0
0
0
0
0
0
0
0
0
0
0
0
0
0
0
0
0
0
0
0
0
0
0
0
0
0
0
0
0
0
0
0
0
0
0
0
0
0
0
0
0
0
0
0
0
0
0
0
0
0
0
0
0
0
0
0
0
0
0
0
0
0
0
0
0
0
0
0
0
0
0
0
0
0
0
0
0
0
0
0
0
0
0
0
0
0
0
0
0
0
0
0
0
0
0
0
0
0
0
0
0
0
0
0
0
0
0
0
0
0
0
0
0
0
0
0
0
0
0
0
0
0
0
0
0
0
0
0
0
0
0
0
0
0
0
0
0
0
0
0
0
0
0
0
0
0
0
0
0
0
0
0
0
0
0
0
0
0
0
0
0
0
0
0
0
0
0
0
0
0
0
0
0
0
0
0
0
0
0
0
0
0
0
0
0
0
0
0
0
0
0
0
0
0
0
0
0
0
0
0
0
0
0
0
0
0
0
0
0
0
0
0
0
0
0
0
0
0
0
0
0
0
0
0
0
0
0
0
0
0
0
0
0
0
0
0
0
0
0
0
0
0
0
0
0
0
0
0
0
0
0
0
0
0
0
0
0
0
0
0
0
0
0
0
0
0
0
0
0
0
0
0
0
0
0
0
0
0
0
0
0
0
0
0
0
0
0
0
0
0
0
0
0
0
0
0
0
0
0
0
0
0
0
0
0
0
0
0
0
0
0
0
0
0
0
0
0
0
0
0
0
0
0
0
0
0
0
0
0
0
0
0
0
0
0
0
0
0
0
0
0
0
0
0
0
0
0
0
0
0
0
0
0
0
0
0
0
0
0
0
0
0
0
0
0
0
0
0
0
0
0
0
0
0
0
0
0
0
0
0
0
0
0
0
0
0
0
0
0
0
0
0
0
1.29904
1.024
1.0801
1.31415
1.03324
1.20801
1.02498
1.024
1.06321
1.17753
1.024
1.02498
1.02498
1.14214
1.0823
1.02498
1.024
1.03503
1.10214
1.024
1.02769
1.0267
1.024
1.024
1.02498
1.25572
1.10037
1.20698
1.024
1.28807
1.024
1.024
1.05168
1.13607
1.03419
1.024
1.05479
1.02703
1.06577
1.30755
1.05768
1.14038
1.06657
1.06162
1.15143
1.06211
1.08067
1.10757
1.02731
1.14861
1.02551
1.02498
1.024
1.18867
1.024
1.39926
1.22799
1.1334
1.0322
1.02756
1.03458
1.04404
1.11303
1.02706
1.11688
1.02902
1.38509
1.02848
1.05876
1.02498
1.03093
1.14632
1.02498
1.22253
1.03974
1.17298
1.15436
1.024
1.06484
1.06273
1.024
1.03597
1.05799
1.24185
1.05393
1.024
1.05552
1.0425
1.024
1.024
1.24321
1.04047
1.024
1.02498
1.05042
1.13202
1.024
1.024
1.024
1.05508
1.024
1.024
1.02961
1.06637
1.18745
1.02498
1.19124
1.18862
1.3943
1.38907
1.05713
1.29844
1.02498
1.05854
1.17883
1.33175
1.04399
1.08534
1.02788
1.03442
1.02549
1.43747
1.02498
1.11604
1.49192
1.02498
1.05088
1.024
1.024
1.09522
1.24041
1.32134
1.18476
1.16581
1.024
1.02792
1.024
1.02498
1.13788
1.41581
1.05382
1.30895
1.02498
1.08284
1.024
1.18143
1.02498
1.29671
1.16172
1.20064
1.024
1.42938
1.12827
1.05712
1.024
1.03146
1.024
1.024
1.02498
1.024
1.03253
1.16298
1.05967
1.03508
1.02498
1.024
1.024
1.12648
1.02498
1.03308
1.02718
1.02684
1.02684
1.02762
1.024
1.31856
1.07772
1.13703
1.02498
1.11331
1.03586
1.024
1.10756
1.06528
1.04047
1.024
1.07374
1.024
1.20494
1.27086
1.03249
1.07389
1.03667
1.02498
1.05845
1.024
1.16604
1.0268
1.03841
1.05027
1.02498
1.02498
1.024
1.02498
1.1242
1.05782
1.27871
1.03218
1.024
1.24926
1.62901
1.024
1.05341
1.05254
1.39647
1.024
1.03698
1.3023
1.0281
1.18526
1.024
1.02498
1.04906
1.10595
1.5852
1.02881
1.02998
1.42845
1.04518
1.02918
1.02677
1.02892
1.02679
1.10893
1.1867
1.06163
1.05509
1.02541
1.02639
1.02498
1.02498
1.02498
1.38787
1.08278
1.13523
1.03532
1.024
1.06592
1.10441
1.0651
1.04017
1.02778
1.14599
1.02498
1.08353
1.10552
1.20123
1.03647
1.32067
1.024
1.21122
1.024
1.024
1.02951
1.12147
1.27589
1.03377
1.024
1.26805
1.424
1.2494
1.0563
1.45703
1.2318
1.02669
1.33555
1.024
1.02875
1.024
1.04334
1.02498
1.32359
1.03827
1.03419
1.11416
1.2481
1.024
1.3709
1.02498
1.03759
1.22624
1.21666
1.02498
1.3624
1.02498
1.1083
1.024
1.55637
1.23298
1.66256
1.024
1.0301
1.15006
1.02498
1.03579
1.1048
1.15911
1.03642
1.27281
1.024
1.0929
1.03174
1.02498
1.10364
1.04626
1.04987
1.02498
1.02736
1.02498
1.02498
1.15604
1.04412
1.02707
1.024
1.02498
1.024
1.025
1.07854
1.28099
1.02693
1.15086
1.15212
1.22665
1.02498
1.06106
1.06075
1.10602
1.04643
1.024
1.024
1.0837
1.11681
1.03689
1.32141
1.46343
1.024
1.224
1.0351
1.02839
1.61421
1.16141
1.024
1.2063
1.11112
1.10207
1.45967
1.024
1.11184
1.24436
1.14105
1.02498
1.22643
1.52701
1.024
1.024
1.16013
1.27304
1.16403
1.34943
1.12606
1.024
1.02498
1.23058
1.14722
1.07142
1.13745
1.42378
1.024
1.09702
1.1881
1.08254
1.024
1.04564
1.37654
1.13668
1.02498
1.10473
1.02498
1.20165
1.14786
1.10147
1.02498
1.0354
1.53633
1.05524
1.02498
1.25487
1.51237
1.024
1.61447
1.04457
1.16802
1.03211
1.024
1.04335
1.024
1.11432
1.10674
1.024
1.10722
1.09178
1.024
1.03539
1.02498
1.04594
1.06384
1.07681
1.09572
1.26727
1.2384
1.024
1.32115
1.55653
1.48989
1.02498
1.39762
1.06751
1.02498
1.33242
1.024
1.024
1.02674
1.04893
1.024
1.024
1.1982
1.02876
1.27461
1.02677
1.09152
1.02548
1.09721
1.03372
1.02751
1.02498
1.02498
1.02498
1.21303
1.24433
1.024
1.024
1.05848
1.05263
1.06836
1.02607
1.09957
1.02498
1.09947
1.03564
1.02498
1.06632
1.03287
1.02935
1.024
1.03794
1.03113
1.05636
1.024
1.03129
1.03388
1.02701
1.68073
1.05954
1.0259
1.04194
1.03528
1.02728
1.03002
1.13422
1.18648
1.08212
1.38956
1.27706
1.03846
1.02498
1.02925
1.83706
1.024
1.0341
1.024
1.13394
1.02696
1.0336
1.03347
1.0283
1.12077
1.04936
1.04071
1.024
1.40604
1.024
1.02498
1.05868
1.03956
1.36082
1.04782
1.15233
1.15558
1.17054
1.04266
1.02706
1.024
1.024
1.0844
1.04255
1.05779
1.02498
1.04447
1.03038
1.12559
1.02524
1.024
1.13721
1.03251
1.02498
1.05181
1.024
1.15179
1.02498
1.04941
1.02784
1.1781
1.024
1.02498
1.11254
1.03227
1.024
1.06195
1.09836
1.05587
1.05185
1.024
1.27042
1.02733
1.14727
1.15613
1.08829
1.2584
1.24114
1.03206
1.18662
1.024
1.024
1.48376
1.024
1.10378
1.024
1.02794
1.04011
1.02498
1.03669
1.15656
1.25484
1.18854
1.024
1.18529
1.024
1.024
1.15684
1.07534
1.02639
1.0271
1.02498
1.03566
1.09653
1.15803
1.04267
1.21881
1.12174
1.02498
1.02498
1.11593
1.37248
1.03606
1.02498
1.16302
1.16908
1.02627
1.03885
1.12262
1.16489
1.024
1.02498
1.03992
1.16994
1.0406
1.45783
1.02498
1.02498
1.024
1.03012
1.02543
1.024
1.38318
1.024
1.02498
1.45053
1.024
1.08056
1.21085
1.06945
1.09114
1.03325
1.0272
1.16716
1.06963
1.024
1.02755
1.06133
1.13644
1.37644
1.02837
1.024
1.28496
1.03016
1.03043
1.024
1.02879
1.1385
1.18526
1.02498
1.55197
1.20516
1.17756
1.04183
1.024
1.09511
1.02498
1.024
1.07805
1.04391
1.15545
1.02498
1.02498
1.024
1.04227
1.03093
1.08913
1.024
1.024
1.03121
1.0421
1.02498
1.14951
1.02498
1.13372
1.26181
1.024
1.02554
1.46142
1.03487
1.03229
1.024
1.02675
1.11422
1.12404
1.024
1.14921
1.02707
1.58652
1.1001
1.08264
1.02674
1.08547
1.024
1.04732
1.024
1.024
1.19307
1.03388
1.0459
1.18236
1.04776
1.02498
1.02541
1.024
1.0539
1.024
1.02938
1.04194
1.17557
1.024
1.05253
1.33243
1.04524
1.22167
1.02498
1.02498
1.16194
1.08614
1.02498
1.11876
1.024
1.13614
1.04228
1.02498
1.03232
1.037
1.15495
1.04095
1.024
1.3035
1.14995
1.04601
1.13242
1.03657
1.17851
1.05497
1.21011
1.024
1.13613
1.03143
1.05129
1.04462
1.02691
1.02768
1.29399
1.024
1.34
1.05817
1.02498
1.02763
1.03299
1.17548
1.2711
1.10883
1.0607
1.19189
1.024
1.0958
1.02498
1.10113
1.02542
1.06229
1.13115
1.024
1.15941
1.05723
1.0482
1.024
1.02498
1.02498
1.37641
1.10321
1.1621
1.31286
1.08393
1.024
1.02914
1.0713
1.024
1.05127
1.13319
1.19285
1.06164
1.024
1.1464
1.04081
1.02906
1.23714
1.05704
1.20525
1.56539
1.06022
1.024
1.024
1.18954
1.26838
1.0843
1.39998
1.02498
1.027
1.03649
1.024
1.13502
1.02498
1.38958
1.04272
1.024
1.024
1.08551
1.20382
1.15488
1.03092
1.31981
1.5973
1.21801
1.03353
1.04045
1.02498
1.02498
1.024
1.05535
1.16004
1.02751
1.024
1.05576
1.02498
1.03494
1.16018
1.024
1.24003
1.024
1.024
1.024
1.02774
1.024
1.25813
1.024
1.02498
1.02901
1.57233
1.06043
1.02755
1.024
1.02498
1.04845
1.02797
1.12422
1.02498
1.05396
1.02498
1.27896
1.02498
1.05795
1.02857
1.024
1.02498
1.04031
1.03776
1.024
1.23832
1.02498
1.03617
1.08712
1.43866
1.15786
1.04795
1.13066
1.02498
1.33671
1.08729
1.0772
1.02498
1.0806
1.42988
1.02519
1.11136
1.024
1.024
1.05263
1.15419
1.024
1.52293
1.35654
1.024
1.13567
1.03206
1.28046
1.04985
1.024
1.024
1.12946
1.02891
1.024
1.02959
1.06261
1.03438
1.10496
1.03816
1.02518
1.0945
1.06428
1.28514
1.14266
1.08087
1.024
1.09523
1.03778
1.0278
1.10025
1.03049
1.02498
1.02718
1.024
1.024
1.02498
1.02547
1.02498
1.11712
1.26354
1.09269
1.02498
1.04299
1.06793
1.024
1.02498
1.02498
1.05121
1.06496
1.16341
1.024
1.02498
1.24241
1.16887
1.024
1.02498
1.07832
1.024
1.024
1.024
1.03899
1.14714
1.02499
1.02498
1.0294
1.03049
1.04412
1.02753
1.02571
1.18253
1.25562
1.02711
1.18938
1.05899
1.03136
1.63521
1.02831
1.05314
1.08401
1.04933
1.02498
1.22763
1.12839
1.02498
1.03145
1.02498
1.024
1.07
1.38975
1.12602
1.024
1.02787
1.21315
1.024
1.29831
1.05706
1.03362
1.35005
1.21977
1.02498
1.02889
1.15302
1.09385
1.17029
1.0273
1.09536
1.33341
1.024
1.02665
1.03445
1.024
1.02894
1.024
1.05197
1.02596
1.02498
1.04395
1.06493
1.024
1.02498
1.0273
1.0822
1.17699
1.3072
1.22107
1.20897
1.03984
1.03953
1.024
1.024
1.09228
1.06178
1.02567
1.05863
1.08689
1.20879
1.03405
1.14412
1.39086
0.975154
0.819689
1.06651
0.839443
0.8192
0.997836
0.910904
0.849891
0.925716
0.898519
0.825546
0.987597
0.820472
0.84825
0.956536
1.11544
0.827261
1.23879
1.00602
1.109
0.974182
0.8192
0.94511
0.830413
0.820206
0.958978
0.95119
0.819689
1.43504
0.846107
0.946072
0.8208
0.819689
0.860132
0.957425
0.937446
1.10318
0.83196
1.20272
1.09726
1.3541
0.934204
0.861165
0.936562
1.06026
1.20698
0.829093
1.08573
0.994995
1.00693
1.11583
1.24992
0.840853
1.00069
1.29216
1.16005
1.25835
0.82958
1.11416
0.824903
0.867775
1.20896
0.843985
1.07909
0.819689
1.09575
0.819689
0.906052
1.00973
1.42055
0.954105
1.26935
0.824631
0.848712
0.8192
1.14315
1.0323
0.908042
1.07185
0.866151
1.2176
1.01761
1.35294
1.24146
0.973982
0.868256
0.849711
1.28439
1.61412
1.18487
0.988589
0.85633
0.887199
0.922736
0.8964
1.41708
0.8192
0.877827
1.14433
1.12686
1.04594
1.0267
0.880004
0.969184
0.988934
1.14022
1.07935
1.10519
1.14349
0.91539
0.851776
0.884919
1.06286
0.889526
0.848693
0.824174
1.02198
0.919728
1.12647
0.825911
0.897674
0.936322
0.819689
0.900105
1.00216
0.8192
0.914731
0.819689
1.15241
0.841841
1.01683
0.963477
1.03914
1.03124
1.05446
0.863667
1.08077
1.05077
0.831177
0.846781
0.987079
0.974058
1.1552
0.8192
0.854299
0.880834
0.926004
1.16608
0.971345
1.20873
0.946974
0.819689
1.10756
0.852569
0.852512
0.8192
1.00824
0.945686
0.8192
0.830768
0.966473
0.829633
0.845923
1.17366
1.10961
0.836041
0.8192
0.853077
0.873372
1.20631
0.952576
0.967687
0.944
0.958488
0.82057
0.890309
0.886425
0.833966
0.827245
0.823263
0.819692
1.0411
0.868729
1.12989
1.04375
1.05681
1.10557
0.908966
0.8192
1.17865
0.959069
0.851308
1.01709
0.941044
0.819689
0.820535
1.20248
0.857316
0.870193
0.829157
0.820068
0.819689
0.83266
1.1774
1.26096
0.835022
0.854237
1.28572
0.844198
0.82137
1.07762
0.958885
0.884668
0.822982
1.12081
0.819689
0.8192
0.941272
0.888116
0.8192
0.834594
0.821578
0.882785
0.833223
0.831494
0.828807
0.85696
1.08732
1.41427
0.926498
0.989347
0.823963
1.23381
1.00921
1.00459
0.862564
0.8999
0.946564
1.128
1.00286
0.881181
0.835277
0.901228
0.819689
1.08835
0.851819
0.913854
0.990355
0.847239
0.944669
1.07157
0.85287
0.8192
0.828411
0.83992
1.30363
0.869756
1.13677
0.991246
0.963314
0.937546
0.819689
0.932806
1.04711
0.958457
0.980798
0.819689
0.819769
0.99313
1.28945
0.8192
0.819689
0.841414
1.05557
0.8192
0.823625
1.17125
0.824001
0.870762
1.01862
0.940244
0.859592
0.931831
0.883434
1.01049
1.60277
0.834504
0.842241
0.828838
0.856735
0.95366
0.825434
0.825381
0.829857
1.22446
1.00713
0.841392
1.06435
0.827076
0.830844
0.827245
0.89863
1.01067
0.819689
1.09554
0.874913
1.00654
1.16776
0.872199
0.869473
1.18778
1.22654
0.819689
1.08278
0.819689
0.819689
0.830371
0.823492
1.01215
1.16678
0.833268
0.833829
0.953168
0.82077
0.833137
0.819689
0.901097
0.886456
1.06746
1.10184
0.819689
0.945495
0.875759
0.91856
1.19134
0.97904
0.922438
1.1383
0.837113
1.01918
0.829754
0.885372
0.849789
0.850652
0.910459
0.991232
0.827601
0.826128
0.873124
0.830676
0.955917
1.29177
0.841971
1.01231
1.15534
1.008
1.02127
1.09746
1.07234
0.834883
0.843421
0.819689
0.884438
0.90168
0.819689
1.22654
0.968937
0.876257
0.855693
0.842179
0.819689
1.00105
1.4717
0.883268
0.868667
0.845591
0.87148
0.824258
1.03818
0.819689
1.19111
1.01304
0.826401
0.952544
1.19942
0.8192
0.934642
1.09939
0.819689
0.821872
0.824899
0.919083
0.918709
0.851177
0.844019
0.819689
0.819689
0.875689
0.948595
0.855452
1.08633
1.38114
0.819689
1.2177
1.12961
0.8192
0.869763
0.819689
1.24052
1.28967
1.20031
0.942225
0.83671
1.10497
0.97074
0.824274
0.833259
1.55491
1.1577
0.970915
0.901063
0.97422
0.984882
0.819689
0.879301
1.25625
0.82065
0.868435
1.08445
0.819689
1.26157
0.869463
0.819689
0.8192
0.846909
1.1131
1.2499
1.1232
1.04772
1.05951
1.1709
1.0477
0.825761
1.05267
0.853468
0.865796
1.0711
0.842874
0.830533
0.925773
0.91099
0.819689
1.29953
1.14142
0.991926
0.928587
1.26755
0.827936
0.8192
0.874943
0.977202
0.827509
1.36949
0.849306
1.13345
0.832445
0.984499
0.870856
0.864552
0.856677
0.833842
1.03272
0.882424
0.994178
0.984771
0.855304
0.879781
0.819689
1.1569
0.8192
0.933944
0.840578
1.05836
1.16259
0.980276
0.856691
0.990066
1.06096
1.19884
1.07992
0.819689
1.12445
0.878167
1.21448
1.46491
0.916718
0.819689
0.823672
0.819689
0.822855
1.02982
0.819689
0.959977
0.827448
0.847568
0.914977
0.837537
1.09784
1.53954
0.819689
0.840879
1.03548
1.10003
1.14812
0.987988
1.27664
0.860186
0.93949
1.27747
0.828125
0.819689
0.888138
1.05219
0.878565
0.938464
0.95997
0.83268
0.934009
0.829451
0.903793
0.825914
0.824769
0.824253
1.034
0.926879
1.20609
0.837809
0.841101
0.829308
0.876014
0.930564
1.30488
0.884862
0.823089
1.02705
0.82715
0.950783
0.866469
0.831164
0.819689
1.14547
1.31542
0.823197
0.828417
0.991318
0.912208
0.819968
0.825975
1.06342
1.31079
1.29716
0.819689
0.955802
0.8192
1.12741
1.08683
0.828944
0.942908
0.84597
0.850368
1.17219
1.41419
0.954444
1.0159
1.02116
1.07721
0.8192
0.847047
0.85526
1.00761
0.826265
0.819689
1.10036
1.16722
0.89317
0.82203
0.928647
1.14286
1.10331
0.822151
0.819689
0.819689
0.825553
0.837185
0.888148
1.18166
1.21817
0.831472
0.900019
0.971849
1.57097
1.15713
0.853778
0.931763
1.02196
0.983718
0.860858
0.933854
1.29851
1.34527
0.925691
1.74052
0.8192
1.21851
0.982028
0.847573
1.07776
0.906044
0.825843
0.819689
0.832401
0.83276
0.847016
0.917502
0.825728
0.858324
0.819689
1.28519
0.944279
0.862774
0.954586
1.19272
0.959568
0.967941
1.23789
1.13778
1.08371
0.819689
0.938514
0.932966
0.842934
1.27035
0.845322
0.841261
1.09047
1.21862
0.883164
1.0195
0.90247
0.846164
1.0113
1.03051
0.873008
1.15604
0.846652
0.980327
0.987477
0.961636
0.819689
0.819689
0.819689
0.819689
0.861643
0.906609
0.906035
1.25924
0.95724
1.0032
0.87827
0.819689
1.38134
1.05159
0.819689
1.09249
0.976312
0.827861
1.08093
1.03543
0.819689
0.946571
1.16458
0.874627
0.876587
0.827277
1.23881
0.8192
0.898231
1.06132
0.989299
1.24737
1.14907
0.904888
0.983161
0.911151
1.5254
0.981676
0.915143
0.821187
1.09395
0.899928
0.914049
0.8192
1.04387
0.908732
0.841969
0.830234
1.40656
1.05735
0.835226
0.974383
0.859084
0.891156
1.01957
1.2337
0.899284
0.821045
0.880459
0.895055
1.07325
0.924173
1.06277
0.89868
0.873535
0.858632
0.820875
0.927925
0.869895
0.956609
0.90439
0.867902
0.940675
0.836905
1.54675
0.882172
1.02661
0.888745
0.8192
0.934533
0.841284
0.863702
0.889229
0.863392
0.92291
0.824535
1.27672
0.992225
0.819689
0.896245
0.8192
0.913198
1.01154
0.824737
0.858531
0.849641
1.17174
0.836921
1.03085
0.958313
1.07743
0.827765
0.829523
1.12075
0.914127
0.8399
1.11833
1.00333
0.823093
1.30397
0.919429
0.8192
0.841043
0.914196
0.825545
1.6326
0.979562
0.822413
1.36665
0.90052
1.25827
1.29939
1.39686
1.23426
1.59787
0.826823
0.955297
0.924152
1.18325
1.2432
0.819689
0.830201
1.21315
0.822697
1.2171
0.983711
0.889473
0.993437
0.890104
1.10434
0.85939
0.819689
1.05368
1.05192
0.823914
0.837165
1.00806
1.13961
1.0037
0.824235
0.874485
1.06977
0.865905
1.14328
0.997751
0.8192
0.843652
0.93767
1.04643
1.03108
0.858887
0.890673
1.24184
1.19955
0.833388
0.823238
1.17797
0.831011
0.942766
1.071
0.819689
0.960213
0.820264
0.851825
1.05662
1.17291
1.09235
1.2586
1.21861
0.854862
1.11456
0.852478
0.84891
0.993286
1.34404
0.825554
1.03491
0.819689
0.897007
0.998819
0.908233
1.01576
0.84785
0.874834
1.06328
1.08145
0.819689
0.842654
0.90786
0.8192
1.14279
0.821786
0.86408
1.17691
1.01371
1.29727
0.858951
0.895612
0.872317
0.823218
0.992014
0.819689
1.16841
0.835004
0.98671
1.08368
1.03589
0.820628
0.877476
0.896736
1.17776
0.852203
0.820143
0.833283
0.895622
0.829039
0.933597
1.12494
1.1607
0.962556
0.824827
1.39542
0.84605
1.19853
0.860578
0.866241
0.947124
1.04226
1.06394
1.03955
0.8192
1.51616
0.918161
0.819689
0.8192
0.896127
1.03487
0.821802
0.839561
0.990459
0.863348
0.948675
0.909158
0.821487
1.77552
0.829324
1.00351
1.48422
0.908433
0.8192
0.975342
1.35028
0.903771
1.11708
0.847005
1.14494
1.13866
0.820565
0.819689
1.37095
0.903933
0.822398
0.827168
0.819689
1.66888
1.01023
0.819689
0.941774
0.852438
0.84674
1.09135
1.21301
1.2382
0.837139
0.95787
0.821846
1.12081
0.843607
0.834793
1.02839
1.05489
1.25624
1.19032
0.920484
1.28227
0.930725
0.859721
0.819689
1.18338
0.893208
1.45141
0.906668
1.10475
0.875318
1.20879
0.939283
1.12595
0.868598
0.843957
1.22587
0.987611
0.819689
0.965938
0.819689
0.924232
0.956547
1.18068
1.04442
1.31974
0.823787
1.11545
1.03129
1.19116
0.843371
0.860204
0.981007
0.943559
0.953278
0.819689
1.05205
1.05682
0.857967
0.880302
0.970377
1.16475
1.06162
1.09731
0.862595
0.837252
1.05825
0.8192
0.846882
