1.03025
1.024
1.03478
1.14961
1.12396
1.4175
1.024
1.02498
1.03087
1.21584
1.03492
1.1193
1.04735
1.09163
1.04031
1.03247
1.03006
1.02498
1.36253
1.024
1.06397
1.02498
1.024
1.05617
1.02498
1.024
1.02498
1.02853
1.1589
1.03275
1.02914
1.02498
1.09088
1.024
1.09333
1.09387
1.0554
1.024
1.02991
1.12136
1.28822
1.024
1.02498
1.05313
1.46177
1.024
1.03216
1.15453
1.07037
1.03385
1.02498
1.024
1.02747
1.02498
1.024
1.17983
1.13106
1.03168
1.10082
1.0349
1.024
1.45317
1.52605
1.02498
1.03547
1.24268
1.19608
1.05099
1.02609
1.03045
1.02967
1.18572
1.12141
1.024
1.37251
1.06404
1.12269
1.02593
1.23643
1.03714
1.024
1.03035
1.04224
1.03044
1.04055
1.02498
1.22776
1.024
1.23954
1.024
1.024
1.11942
1.08363
1.15638
1.20526
1.05844
1.024
1.024
1.04061
1.02498
1.024
1.03929
1.29527
1.04962
1.02498
1.024
1.02498
1.02498
1.03763
1.024
1.06132
1.02498
1.0389
1.03027
1.08161
1.05106
1.05966
1.02498
1.02498
1.05005
1.07129
1.024
1.02806
1.03396
1.02498
1.02498
1.02658
1.03053
1.03633
1.024
1.02498
1.05382
1.22532
1.024
1.33914
1.20144
1.02498
1.024
1.024
1.02498
1.024
1.024
1.02498
1.19886
1.2553
1.23883
1.02498
1.07587
1.04572
1.10928
1.0289
1.02498
1.10332
1.04356
1.13892
1.0782
1.02498
1.12285
1.02498
1.22454
1.20248
1.38529
1.15553
1.024
1.02498
1.024
1.024
1.1437
1.02983
1.25616
1.13364
1.024
1.05365
1.024
1.02498
1.09666
1.024
1.02804
1.32626
1.04814
1.30719
1.024
1.15949
1.0764
1.02498
1.24333
1.02795
1.49586
1.02498
1.20754
1.03067
1.11968
1.13342
1.42307
1.16563
1.024
1.02498
1.0774
1.024
1.41262
1.07129
1.02498
1.02498
1.07995
1.08527
1.17468
1.1184
1.02862
1.10081
1.12191
1.02498
1.23488
1.02498
1.17224
1.02498
1.09908
1.024
1.05781
1.148
1.02781
1.024
1.04195
1.024
1.26577
1.07327
1.03143
1.0257
1.24387
1.02498
1.02852
1.37189
1.02498
1.12004
1.024
1.74788
1.1941
1.63245
1.024
1.024
1.1926
1.02937
1.02578
1.024
1.02555
1.02498
1.1741
1.03525
1.02498
1.08664
1.024
1.024
1.05169
1.17729
1.02498
1.19618
1.03631
1.02599
1.03931
1.0276
1.02498
1.0324
1.024
1.024
1.05121
1.0641
1.10558
1.02793
1.08858
1.2351
1.024
1.15677
1.03038
1.1935
1.15829
1.03057
1.024
1.17133
1.03682
1.05245
1.024
1.11229
1.024
1.024
1.02498
1.36008
1.24413
1.31253
1.02498
1.55645
1.03113
1.04655
1.024
1.024
1.02733
1.024
1.15247
1.03364
1.20218
1.32381
1.35667
1.07177
1.21854
1.12897
1.024
1.03397
1.0314
1.024
1.07211
1.12824
1.05722
1.18055
1.02498
1.15803
1.02498
1.03766
1.03184
1.024
1.15168
1.024
2.06244
1.04763
1.02638
1.10463
1.02658
1.024
1.2166
1.04379
1.03106
1.02498
1.07296
1.07492
1.07229
1.02933
1.02763
1.024
1.06085
1.02498
1.024
1.14613
1.0336
1.41773
1.0731
1.06305
1.15307
1.024
1.02701
1.02498
1.02588
1.02498
1.024
1.63058
1.02498
1.05653
1.02498
1.02498
1.15657
1.02498
1.024
1.02498
1.024
1.19926
1.13402
1.04167
1.024
1.09138
1.024
1.024
1.10073
1.0691
1.024
1.13668
1.10512
1.09612
1.03051
1.024
1.04377
1.02818
1.49955
1.02498
1.0437
1.06977
1.04995
1.024
1.03687
1.17272
1.14214
1.13292
1.024
1.18139
1.17518
1.024
1.024
1.02706
1.024
1.024
1.024
1.0924
1.03942
1.02917
1.06476
1.07207
1.36295
1.10904
1.21197
1.02828
1.02619
1.03621
1.03512
1.16587
1.024
1.024
1.08115
1.38258
1.02498
1.07977
1.02498
1.10651
1.16088
1.03685
1.04629
1.02498
1.024
1.17407
1.02649
1.024
1.06556
1.05549
1.02498
1.03267
1.13983
1.13249
1.08586
1.13821
1.024
1.12854
1.13247
1.024
1.03718
1.024
1.024
1.264
1.11327
1.0399
1.08066
1.20294
1.15724
1.0917
1.02835
1.024
1.02498
1.72207
1.02498
1.02721
1.04031
1.09326
1.2752
1.28568
1.1688
1.43743
1.024
1.02498
1.09098
1.03313
1.37937
1.25429
1.09002
1.06704
1.13567
1.08918
1.15471
1.06527
1.06954
1.04505
1.02629
1.09429
1.02498
1.05168
1.02498
1.02871
1.30349
1.38386
1.03637
1.19278
1.024
1.024
1.024
1.02498
1.0378
1.05035
1.024
1.024
1.02498
1.024
1.024
1.12099
1.05842
1.02498
1.36937
1.34609
1.12901
1.03196
1.08328
1.03039
1.03446
1.02645
1.024
1.40896
1.24599
1.83863
1.07742
1.04429
1.22666
1.03963
1.08474
1.02498
1.23154
1.08089
1.024
1.03396
1.22677
1.16317
1.04101
1.03105
1.10761
1.19097
1.024
1.02644
1.024
1.02696
1.024
1.05093
1.15305
1.02498
1.1785
1.05863
1.07187
1.05847
1.04251
1.31537
1.024
1.07748
1.02498
1.02498
1.04576
1.02952
1.03849
1.18501
1.024
1.024
1.29104
1.44354
1.02728
1.02498
1.06711
1.02498
1.02498
1.024
1.09899
1.06251
1.024
1.024
1.02498
1.024
1.06283
1.08295
1.024
1.02587
1.02498
1.28543
1.024
1.024
1.17431
1.28717
1.14741
1.024
1.03879
1.16837
1.024
1.024
1.02498
1.02498
1.33287
1.09954
1.02498
1.024
1.03026
1.024
1.14159
1.05812
1.05453
1.04762
1.03105
1.024
1.09917
1.02498
1.024
1.08842
1.024
1.02498
1.15222
1.06118
1.02934
1.024
1.05004
1.04317
1.02784
1.024
1.024
1.024
1.024
1.03574
1.18966
1.36018
1.06091
1.02498
1.03447
1.06351
1.06145
1.024
1.1088
1.0501
1.07371
1.05758
1.04725
1.18781
1.11574
1.02743
1.35407
1.22026
1.02498
1.13809
1.024
1.09079
1.024
1.20077
1.0269
1.02498
1.02498
1.28884
1.05117
1.024
1.20286
1.06617
1.20557
1.0324
1.024
1.0646
1.04145
1.02733
1.07225
1.024
1.07925
1.04967
1.21406
1.04033
1.02885
1.19819
1.02727
1.02498
1.02498
1.15593
1.03229
1.16172
1.02498
1.024
1.024
1.08909
1.15585
1.34272
1.024
1.024
1.09029
1.024
1.024
1.09121
1.2138
1.02498
1.024
1.02835
1.09617
1.02498
1.024
1.11594
1.14703
1.04439
1.03135
1.04819
1.08983
1.024
1.02498
1.02498
1.024
1.02607
1.03724
1.024
1.15312
1.34869
1.024
1.26011
1.02498
1.12268
1.05263
1.02805
1.11705
1.3299
1.13377
1.15847
1.04664
1.02498
1.03325
1.12551
1.49495
1.27213
1.024
1.024
1.024
1.08273
1.02917
1.09788
1.24454
1.02716
1.19172
1.02927
1.024
1.25366
1.024
1.024
1.1913
1.024
1.0799
1.14038
1.02498
1.19654
1.024
1.17166
1.16725
1.024
1.25185
1.024
1.024
1.16871
1.02498
1.02498
1.1649
1.02498
1.024
1.11595
1.0469
1.03794
1.0359
1.02725
1.04762
1.26018
1.02498
1.02498
1.09373
1.03948
1.02498
1.02498
1.20359
1.2908
1.19525
1.024
1.06734
1.32687
1.033
1.02498
1.20655
1.024
1.03857
1.07031
1.3925
1.21071
1.024
1.02498
1.04381
1.13025
1.02498
1.024
1.18223
1.40709
1.02498
1.02498
1.02498
1.03402
1.024
1.02607
1.024
1.60963
1.02498
1.30882
1.024
1.14818
1.1071
1.07077
1.024
1.29064
1.024
1.0275
1.21044
1.024
1.02743
1.02498
1.10995
1.2985
1.024
1.024
1.02498
1.16959
1.02498
1.14002
1.024
1.32196
1.16611
1.02828
1.024
1.17077
1.18345
1.09659
1.0274
1.02712
1.024
1.024
1.024
1.024
1.024
1.024
1.54751
1.02498
1.03379
1.35645
1.024
1.024
1.024
1.024
1.08952
1.02498
1.12336
1.12826
1.024
1.10949
1.024
1.14152
1.2332
1.04701
1.02498
1.03117
1.02498
1.0804
1.02498
1.10511
1.024
1.02498
1.02838
1.02607
1.024
1.024
1.09457
1.02747
1.28741
1.02498
1.06294
1.15026
1.33844
1.09491
1.02498
1.05097
1.03148
1.0861
1.13806
1.02498
1.12124
1.02498
1.07512
1.13617
1.02498
1.21824
1.02498
1.03108
1.19316
1.02538
1.22475
1.024
1.08474
1.04617
1.03037
1.10513
1.024
1.05886
1.03649
1.024
1.05348
1.02498
1.02828
1.02741
1.05801
1.024
1.81493
1.09047
1.06454
1.024
1.03553
1.17747
1.03338
1.024
1.03045
1.11688
1.1088
1.05765
1.02603
1.36335
1.0454
1.02498
1.14441
1.03689
1.02498
1.09014
1.024
1.03946
1.40847
1.02498
1.02498
1.12194
1.0644
1.02498
1.03533
1.02498
1.10187
1.024
1.0508
1.05084
1.024
1.20804
1.03346
1.0687
1.02498
1.04162
1.03499
1.19014
1.069
1.02498
1.024
1.02498
1.02553
1.02498
1.02498
1.024
1.06022
1.02498
1.024
1.02637
1.02498
1.02498
1.02498
1.03005
1.1547
1.02525
1.10899
1.04037
1.02564
1.06393
1.0865
1.08699
1.03305
1.23922
1.04622
1.02498
1.17543
1.024
1.04899
1.02958
1.024
1.12029
1.024
1.024
1.34523
1.02837
1.02509
1.0794
1.23994
1.02732
1.03568
1.18542
1.02498
1.02827
1.02498
1.024
1.29206
1.024
1.024
1.10243
1.024
1.02498
1.03614
1.2475
1.03334
1.024
1.22407
1.03273
1.04006
0.858876
1.13517
1.00147
1.06017
0.873898
0.8192
0.820257
0.889982
1.12999
0.8192
0.985689
0.964472
0.864028
0.819794
0.819688
0.829248
0.821988
0.839193
0.861791
0.821427
0.827238
1.35091
1.22315
0.934626
1.04192
1.14186
0.979975
0.939937
0.822392
0.819688
0.874933
0.824463
0.973315
1.10726
0.819688
0.834689
0.8192
0.906783
0.86781
0.852501
1.12641
1.43282
0.885056
0.897677
1.16331
1.00953
0.819688
0.860996
0.94132
1.17451
0.862844
0.821287
0.928295
0.91659
0.903586
0.819688
1.11112
0.824188
0.819688
1.11762
0.89606
0.978989
0.868924
0.834728
0.89486
0.820705
0.953113
0.850114
0.822305
0.842144
0.918701
0.895609
1.02696
0.922272
1.23071
1.23968
1.02712
0.858253
1.06226
1.08205
0.8197
0.819688
0.843889
0.854973
0.819688
1.04832
0.841642
0.833643
0.938283
0.8192
1.07723
1.45997
0.832059
0.931157
0.873333
0.879904
1.10856
0.875843
0.891075
1.15381
0.853394
0.871738
0.819688
0.83843
0.99373
0.968295
0.872614
0.868441
1.04445
1.0519
1.04507
0.821014
0.885059
0.823891
0.83119
1.01426
0.824313
0.859266
0.908972
0.847201
0.8192
0.949425
1.12048
0.826014
1.17111
0.873174
1.31239
0.94416
1.04334
1.09118
1.30704
1.17461
0.819688
1.22429
0.88343
1.0161
1.05993
1.23287
0.945349
0.828599
1.15895
0.949566
0.820522
0.937141
1.02849
0.872741
1.08093
0.895143
0.878463
0.92542
0.861232
0.974551
0.819738
1.10778
1.13579
0.8192
1.12505
0.82815
0.959992
1.41708
0.819688
0.825191
1.23226
0.98661
1.11827
0.824708
0.844356
0.824841
0.956065
0.85469
0.826317
0.8192
0.89479
1.43903
0.929244
1.02009
0.986172
0.820672
0.819688
1.23465
1.00335
1.06785
0.978812
0.980382
0.884566
0.939137
0.910925
0.882143
0.850038
1.10396
1.03977
0.823304
0.902277
0.819688
1.13302
0.82178
0.919709
1.08066
0.842854
1.48832
1.06428
0.850375
1.02686
1.07054
0.922057
0.913138
1.67491
1.03724
0.819688
0.890328
0.829511
1.08432
0.838045
0.8192
0.819688
0.819688
0.825804
1.00021
0.870959
0.919823
0.829737
0.875328
0.881048
0.84826
0.925552
0.906639
1.33847
0.890759
0.844225
0.831647
0.819688
1.23716
0.819688
0.994556
1.03336
0.855585
1.06359
0.914574
1.07888
1.06149
0.828013
1.18582
0.830445
1.15821
1.47429
0.819688
1.13545
0.994156
1.4439
0.8192
0.8206
0.820023
1.08541
1.1829
1.10944
1.17185
0.848001
0.869295
0.8192
1.02771
0.822638
1.02867
0.85134
1.03019
0.871716
1.38245
0.895887
0.895663
1.15512
0.830867
0.819688
1.02454
0.819688
1.16462
0.864959
1.18963
1.06709
1.36196
0.974225
0.878735
1.41071
1.22212
0.82345
0.863616
1.09247
1.06719
0.829211
0.887231
1.48684
0.8192
0.820491
1.01198
0.819688
0.961208
1.04176
0.929342
0.835632
0.854712
0.870344
0.819688
1.00703
0.8192
0.853794
1.25131
1.19802
1.23227
0.825656
0.83365
1.11265
0.819688
1.01708
0.819688
0.891998
0.854939
0.882389
1.14812
0.863584
0.982383
0.838765
0.824774
0.841698
0.858974
1.04978
0.825805
0.950461
1.19329
1.6394
0.858578
0.822205
0.958945
0.85504
0.853366
1.2113
1.16309
0.904293
0.873178
0.854662
0.860469
1.05802
1.43478
0.835443
1.21542
1.3639
0.84482
1.06692
0.88902
0.8287
0.991875
0.839858
0.958908
0.855234
0.973533
1.03968
0.891033
0.819694
0.968199
1.3872
1.11682
1.31261
0.967554
1.05243
0.821982
0.878621
0.962063
0.842025
0.898301
1.00197
1.09532
1.24435
0.82043
0.962677
0.989766
0.967699
0.829139
0.852549
1.10052
0.819688
1.03093
1.04738
0.832571
0.907158
0.822169
0.928787
1.03479
1.45526
0.906853
0.821402
0.848717
0.836511
1.16602
0.819688
0.819688
1.08588
1.17562
1.01997
0.848192
1.09492
1.59574
1.02131
1.46823
0.960966
0.951496
0.822705
1.01689
0.981862
0.894953
0.88382
0.8221
0.892704
1.01024
1.27281
0.849633
0.866287
0.835213
0.933412
0.819688
0.875051
1.02581
1.08978
1.0815
0.849945
1.04557
1.23337
0.819774
0.842239
1.44782
1.31129
0.916752
0.8198
0.949134
1.2243
1.07812
0.977716
1.21436
0.906464
1.12382
0.819688
0.819688
1.16597
1.25256
0.821586
1.17624
0.819688
0.831506
0.819688
0.910328
0.853299
0.977608
0.845873
0.8944
0.835591
0.901272
0.819688
0.830155
0.822502
1.13399
0.862582
0.822843
1.26769
0.820264
0.835912
0.834329
0.830852
0.832096
1.06355
1.28102
0.833983
1.01987
0.963633
1.19606
0.820362
0.853447
0.825905
1.18622
1.2518
1.31112
0.95981
0.899987
1.06502
0.891597
0.8192
1.18192
0.907511
1.01548
0.949385
1.01271
0.917783
1.01639
0.8192
0.915447
1.0426
0.826062
0.888518
0.830657
1.03941
0.968797
0.837837
0.819688
1.25718
0.865462
1.02635
1.03382
0.824636
0.822503
0.855911
0.916315
0.824882
0.965743
0.831311
0.879906
1.21548
0.852354
0.825922
0.836431
0.933001
0.961879
1.04081
1.09954
0.819688
1.2136
0.933188
0.881651
0.862263
0.839388
1.27387
0.819688
0.970417
0.884646
0.969792
1.27
0.819688
0.893157
0.832453
0.827384
1.0508
0.845132
1.01737
0.828894
0.849836
0.924702
0.8192
0.977943
1.04281
0.957133
0.900934
0.827529
1.58631
0.956219
0.852595
0.903167
0.888481
1.18232
0.863266
0.91672
1.0246
0.837838
1.22238
0.900156
0.8192
1.11273
0.8192
0.995756
0.83631
1.26922
0.862279
1.28261
1.61179
0.832551
0.822041
0.82558
0.939757
1.25735
1.1323
1.18307
1.07724
1.0209
1.2342
0.860423
0.819688
0.887433
0.867198
0.897398
0.847212
1.54903
0.921532
1.0491
1.20879
0.831509
0.822948
0.932829
0.849165
0.82678
0.996105
0.8192
1.00974
0.822617
0.845367
0.892565
0.840013
1.27152
1.42482
0.891533
1.15688
0.858124
0.834765
0.847611
1.02407
0.883899
0.825382
0.994367
1.50545
0.856949
1.1185
0.819999
1.00486
1.30269
1.01824
1.1236
1.19616
1.37487
1.12902
0.822398
0.819688
0.857767
1.11767
1.14441
0.860665
0.891584
1.24782
0.891834
0.834585
1.12835
0.846845
0.8192
0.971487
0.868165
0.962971
1.13389
0.864697
0.860847
0.841707
0.839022
1.04832
0.820964
1.36743
1.08127
0.841112
0.8192
1.14278
0.823423
0.827428
0.977261
1.48994
0.837016
0.866989
0.8523
0.848329
0.823254
1.06359
0.822906
0.828188
0.824225
0.866314
0.819688
1.06442
0.975414
1.19507
1.70316
1.10024
1.23273
0.8192
0.8192
0.838967
1.17538
0.829319
0.839147
1.33186
0.820549
1.28601
0.862491
0.822568
0.95224
1.32541
1.21493
0.85526
1.16061
0.896015
1.17397
1.09159
0.918538
0.948804
0.823295
0.894678
1.16612
0.843071
1.1511
1.00698
0.964196
0.916374
0.8192
0.832224
0.920178
0.836962
1.17528
0.980155
1.12548
0.838647
0.881958
0.982255
1.41726
0.905082
0.828318
1.10302
0.822006
1.11172
0.972726
0.913636
0.82167
0.8217
1.02306
0.868463
1.11458
1.24043
0.836928
0.89065
1.33175
0.889729
0.897954
1.2562
0.819688
1.18315
0.861477
0.905168
1.04047
1.15908
0.82348
0.871911
0.843002
0.874261
0.819688
0.91032
0.86219
1.09759
0.832281
0.820009
0.849005
0.819688
1.07851
0.949718
0.828727
1.10804
0.893468
1.00287
0.944485
1.19207
0.89472
0.958853
0.849031
0.960125
0.820397
0.822534
0.986768
0.819688
0.844282
1.14246
1.00608
0.819688
0.931195
1.11728
0.822888
0.86706
0.864283
0.96784
1.32804
0.819688
0.896235
1.17816
1.05357
0.88798
0.855837
0.844332
1.1098
1.16387
0.834741
0.830692
1.01748
0.873302
1.08827
1.32565
0.967528
1.23289
0.82673
0.880004
1.0986
1.06669
0.989506
1.19843
0.848693
0.858093
1.12234
0.819688
0.819688
0.980388
0.819688
0.840086
0.819688
0.912546
0.977772
0.841945
0.847529
0.980779
0.898563
1.26043
1.02353
0.820586
0.835329
0.959149
1.11377
1.4721
0.819688
0.959661
1.00129
1.03824
0.822996
1.01267
0.82447
0.898195
0.845087
0.889743
1.35461
0.819688
0.880448
0.8192
1.0964
1.04931
0.876286
1.00965
0.852368
0.853669
1.40048
1.09104
1.28803
0.8192
1.34765
1.00293
1.04056
0.850085
0.825371
1.05215
1.14515
0.870076
0.857796
1.32542
0.83827
0.824015
0.933651
0.828675
0.877077
0.828867
0.936893
0.874549
1.17487
0.921117
0.986793
1.27473
1.10589
1.0549
1.14921
0.821833
0.826484
0.857253
0.8778
0.838793
0.849887
0.836504
1.11552
0.823421
1.05399
0.820343
0.83968
0.821702
0.931547
0.855045
0.8192
1.10689
0.82329
1.28261
1.08823
0.97133
1.11081
0.878755
0.8192
1.09087
1.13741
0.955154
1.15732
0.895576
1.03198
1.03446
1.17611
0.819688
0.835939
0.972021
1.09779
1.03708
0.832662
1.33605
1.09843
0.994282
0.8192
1.43603
0.846461
1.11767
1.07361
0.82254
0.8389
0.858122
1.01312
0.983613
1.01186
0.910451
0.892302
1.12994
0.837737
0.82274
0.836142
0.880213
1.25141
0.931929
1.18037
1.15013
1.06072
0.822006
0.863869
1.09845
1.04224
1.13662
1.36078
1.02241
1.00201
0.848133
0.8192
1.39253
1.17406
0.819688
0.842486
0.893281
1.09755
0.901405
1.05281
0.919071
0.999635
1.13935
0.8358
0.958141
0.8192
0.821792
0.960849
0.928089
1.00335
0.906953
1.08906
1.14742
0.993279
0.94182
1.11768
0.835449
0.923253
0.852566
0.819688
0.945224
0.838925
1.04284
1.15452
1.1198
1.12593
0.832167
0.819688
1.19197
0.837486
0.933859
0.855878
1.05904
0.821853
0.825673
1.28038
0.823688
0.942033
1.1699
0.8192
1.2277
1.12063
0.819688
0.851233
0.822062
0.886829
1.28413
1.11039
0.906967
0.941479
0
0
0
0
0
0
0
0
0
0
0
0
0
0
0
0
0
0
0
0
0
0
0
0
0
0
0
0
0
0
0
0
0
0
0
0
0
0
0
0
0
0
0
0
0
0
0
0
0
0
0
0
0
0
0
0
0
0
0
0
0
0
0
0
0
0
0
0
0
0
0
0
0
0
0
0
0
0
0
0
0
0
0
0
0
0
0
0
0
0
0
0
0
0
0
0
0
0
0
0
0
0
0
0
0
0
0
0
0
0
0
0
0
0
0
0
0
0
0
0
0
0
0
0
0
0
0
0
0
0
0
0
0
0
0
0
0
0
0
0
0
0
0
0
0
0
0
0
0
0
0
0
0
0
0
0
0
0
0
0
0
0
0
0
0
0
0
0
0
0
0
0
0
0
0
0
0
0
0
0
0
0
0
0
0
0
0
0
0
0
0
0
0
0
0
0
0
0
0
0
0
0
0
0
0
0
0
0
0
0
0
0
0
0
0
0
0
0
0
0
0
0
0
0
0
0
0
0
0
0
0
0
0
0
0
0
0
0
0
0
0
0
0
0
0
0
0
0
0
0
0
0
0
0
0
0
0
0
0
0
0
0
0
0
0
0
0
0
0
0
0
0
0
0
0
0
0
0
0
0
0
0
0
0
0
0
0
0
0
0
0
0
0
0
0
0
0
0
0
0
0
0
0
0
0
0
0
0
0
0
0
0
0
0
0
0
0
0
0
0
0
0
0
0
0
0
0
0
0
0
0
0
0
0
0
0
0
0
0
0
0
0
0
0
0
0
0
0
0
0
0
0
0
0
0
0
0
0
0
0
0
0
0
0
0
0
0
0
0
0
0
0
0
0
0
0
0
0
0
0
0
0
0
0
0
0
0
0
0
0
0
0
0
0
0
0
0
0
0
0
0
0
0
0
0
0
0
0
0
0
0
0
0
0
0
0
0
0
0
0
0
0
0
0
0
0
0
0
0
0
0
0
0
0
0
0
0
0
0
0
0
0
0
0
0
0
0
0
0
0
0
0
0
0
0
0
0
0
0
0
0
0
0
0
0
0
0
0
0
0
0
0
0
0
0
0
0
0
0
0
0
0
0
0
0
0
0
0
0
0
0
0
0
0
0
0
0
0
0
0
0
0
0
0
0
0
0
0
0
0
0
0
0
0
0
0
0
0
0
0
0
0
0
0
0
0
0
0
0
0
0
0
0
0
0
0
0
0
0
0
0
0
0
0
0
0
0
0
0
0
0
0
0
0
0
0
0
0
0
0
0
0
0
0
0
0
0
0
0
0
0
0
0
0
0
0
0
0
0
0
0
0
0
0
0
0
0
0
0
0
0
0
0
0
0
0
0
0
0
0
0
0
0
0
0
0
0
0
0
0
0
0
0
0
0
0
0
0
0
0
0
0
0
0
0
0
0
0
0
0
0
0
0
0
0
0
0
0
0
0
0
0
0
0
0
0
0
0
0
0
0
0
0
0
0
0
0
0
0
0
0
0
0
0
0
0
0
0
0
0
0
0
0
0
0
0
0
0
0
0
0
0
0
0
0
0
0
0
0
0
0
0
0
0
0
0
0
0
0
0
0
0
0
0
0
0
0
0
0
0
0
0
0
0
0
0
0
0
0
0
0
0
0
0
0
0
0
0
0
0
0
0
0
0
0
0
0
0
0
0
0
0
0
0
0
0
0
0
0
0
0
0
0
0
0
0
0
0
0
0
0
0
0
0
0
0
0
0
0
0
0
0
0
0
0
0
0
0
0
0
0
0
0
0
0
0
0
0
0
0
0
0
0
0
0
0
0
0
0
0
0
0
0
0
0
0
0
0
0
0
0
0
0
0
0
0
0
0
0
0
0
0
0
0
0
0
0
0
0
0
0
0
0
0
0
0
0
0
0
0
0
0
0
0
0
0
0
0
0
0
0
0
0
0
0
0
0
0
0
0
0
0
0
0
0
0
0
0
0
0
0
0
0
0
0
0
0
0
0
0
0
0
0
0
0
0
0
0
0
0
0
0
0
0
0
0
0
0
0
0
0
0
0
0
0
0
0
0
0
0
0
0
0
0
0
0
0
0
0
0
0
0
0
0
0
0
0
0
0
0
0
0
0
0
0
0
0
0
0
0
0
0
0
0
0
0
0
0
0
0
0
0
0
0
0
0
0
0
0
0
0
0
0
0
0
0
0
0
0
0
0
0
0
0
0
0
0
0
0
0
0
0
0
0
0
0
0
0
0
0
0
0
0
0
0
0
0
0
0
0
0
0
0
0
0
0
0
0
0
0
0
0
0
0
0
0
0
0
0
0
0
0
0
0
0
0
0
0
0
0
0
0
0
0
0
0
0
0
0
0
0
0
0
0
0
0
0
0
0
0
0
0
0
0
0
0
0
0
0
0
0
0
0
0
0
0
0
0
0
0
0
0
0
0
0
0
0
0
0
0
0
0
0
0
0
0
0
0
0
0
0
0
0
0
0
0
0
0
0
0
0
0
0
0
0
0
0
0
0
0
0
0
0
0
0
0
0
0
0
0
0
0
0
0
0
0
0
0
0
0
0
0
0
0
0
0
0
0
0
0
0
0
0
0
0
0
0
0
0
0
0
0
0
0
0
0
0
0
0
0
0
0
0
0
0
0
0
0
0
0
0
0
0
0
0
0
0
0
0
0
0
0
0
0
0
0
0
0
0
0
0
0
0
0
0
0
0
0
0
0
0
0
0
0
0
0
0
0
0
0
0
0
0
0
0
0
0
0
0
0
0
0
0
0
0
0
0
0
0
0
0
0
0
0
0
0
0
0
0
0
0
0
0
0
0
0
0
0
0
0
0
0
0
0
0
0
0
0
0
0
0
0
0
0
0
0
0
0
0
0
0
0
0
0
0
0
0
0
0
0
0
0
0
0
0
0
0
0
0
0
0
0
0
0
0
0
0
0
0
0
0
0
0
0
0
0
0
0
0
0
0
0
0
0
0
0
0
0
0
0
0
0
0
0
0
0
0
0
0
0
0
0
0
0
0
0
0
0
0
0
0
0
0
0
0
0
0
0
0
0
0
0
0
0
0
0
0
0
0
0
0
0
0
0
0
0
0
0
0
0
0
0
0
0
0
0
0
0
0
0
0
0
0
0
0
0
0
0
0
0
0
0
0
0
0
0
0
0
0
0
0
0
0
0
0
0
0
0
0
0
0
0
0
0
0
0
0
0
0
0
0
0
0
0
0
0
0
0
0
0
0
0
0
0
0
0
0
0
0
0
0
0
0
0
0
0
0
0
0
0
0
0
0
0
0
0
0
0
0
0
0
0
0
0
0
0
0
0
0
0
0
0
0
0
0
0
0
0
0
0
0
0
0
0
0
0
0
0
0
0
0
0
0
0
0
0
0
0
0
0
0
0
0
0
0
0
0
0
0
0
0
0
0
0
0
0
0
0
0
0
0
0
0
0
0
0
0
0
0
0
0
0
0
0
0
0
0
0
0
0
0
0
0
0
0
0
0
0
0
0
0
0
0
0
0
0
0
0
0
0
0
0
0
0
0
0
0
0
0
0
0
0
0
0
0
0
0
0
0
0
0
0
0
0
0
0
0
0
0
0
0
0
0
0
0
0
0
0
0
0
0
0
0
0
0
0
0
0
0
0
0
0
0
0
0
0
0
0
0
0
0
0
0
0
0
0
0
0
0
0
0
0
0
0
0
0
0
0
0
0
0
0
0
0
0
0
0
0
0
0
0
0
0
0
0
0
0
0
0
0
0
0
0
0
0
0
0
0
0
0
0
0
0
0
0
0
0
0
0
0
0
0
0
0
0
0
0
0
0
0
0
0
0
0
0
0
0
0
0
0
0
0
0
0
0
0
0
0
0
0
0
0
0
0
0
0
0
0
0
0
0
0
0
0
0
0
0
0
0
0
0
0
0
0
0
0
0
0
0
0
0
0
0
0
0
0
0
0
0
0
0
0
0
0
0
0
0
0
0
0
0
0
0
0
0
0
0
0
0
0
0
0
0
0
0
0
0
0
0
0
0
0
0
0
0
0
0
0
0
0
0
0
0
0
0
0
0
0
0
0
0
0
0
0
0
0
0
0
0
0
0
0
0
0
0
0
0
0
0
0
0
0
0
0
0
0
0
0
0
0
0
0
0
0
0
0
0
0
0
0
0
0
0
0
0
0
0
0
0
0
0
0
0
0
0
0
0
0
0
0
0
0
0
0
0
0
0
0
0
0
0
0
0
0
0
0
0
0
0
0
0
0
0
0
0
0
0
0
0
0
0
0
0
0
0
0
0
0
0
0
0
0
0
0
0
0
0
0
0
0
0
0
0
0
0
0
0
0
0
0
0
0
0
0
0
0
0
0
0
0
0
0
0
0
0
0
0
0
0
0
0
0
0
0
0
0
0
0
0
0
0
0
0
0
0
0
0
0
0
0
0
0
0
0
0
0
0
0
0
0
0
0
0
0
0
0
0
0
0
0
0
0
0
0
0
0
0
0
0
0
0
0
0
0
0
0
0
0
0
0
