0.0955026
0.0106114
0
0
0
0.0106114
0
0
0
0
0
0.0106114
0
0
0.0106114
0.594238
0.0106114
0.0848912
0.0106114
0
0
0
0.0212228
0
0
0.0424456
0
0.053057
0.0212228
0
0
0
0.053057
0
0.0848912
0.0424456
0.127337
0
0
0
0
0
0
0
0
0
0
0
0
0
0.0106114
0
0
0
0.0318342
0
0.0742798
0.0318342
0.0106114
0
0.38201
0
0.0106114
0
0.0212228
0.0106114
0
0
0
0.180394
0
0
0.0106114
0
0
0
0.0636684
0
0
0
0
0
0.0106114
0.0318342
0
0.0106114
0
0.0106114
0
0
0.0318342
0.0106114
0
0
0
0
0
0
0
0.0106114
0.0106114
0
0.0212228
0.0742798
0
0
0.0955026
0
0.413845
0
0
0.0106114
0
0
0
0
0.0212228
0.14856
0
0
0
0
0
0.38201
0.0318342
0.0212228
0.0424456
0
0
0
0
0
0
0.0106114
0
0
0
0
0
0
0
0
0
0
0
0.0106114
0.0848912
0
0
0
0.0955026
0
0
0.0318342
0
0
0.0212228
0
0.0106114
0
0
0
0.0106114
0.0106114
0
0
0.0106114
0
0
0.0742798
0
0
0
0
0
0
0.0106114
0.0106114
0.14856
0.0106114
0
0
0
0
0
0
0
0
0
0
0
0
0
0.0212228
0
0
0
0
0.0636684
0.0424456
0
0
0
0
0
0.0212228
0
0.0106114
0
0
0
0
0.0212228
0
0
0
0
0
0
0.0212228
0
0
0.0212228
0
0.0106114
0
0.0636684
0
0
0.0212228
0
0
0
0
0
0.0212228
0
0.0212228
0
0.0424456
0
0.0318342
0
0
0.0106114
0.0106114
0
0
0
0
0.0955026
0.116725
0
0.0212228
0
0
0
0
0
0
0
0
0
0
0
0
0
0
0.0106114
0
0
0.0106114
0.0106114
0.0106114
0.0106114
0
0
0
0.0212228
0
0
0
0
0
0
0.201617
0.0212228
0.0106114
0
0
0.0106114
0
0
0.0106114
0
0
0
0.0106114
0.0106114
0
0
0
0
0.0106114
0
0
0.0848912
0
0.106114
0.244062
0.0106114
0
0.0106114
0
0
0.0106114
0
0.0106114
0.0106114
0
0
0
0
0.0106114
0
0
0
0
0
0
0
0
0.0106114
0
0
0.0212228
0
0
0.233451
0.0106114
0
0.0636684
0
0
0
0
0.0318342
0
0.0106114
0
0
0.0106114
0
0.0106114
0
0
0
0
0.0106114
0.0106114
0
0
0
0
0
0.0318342
0.0106114
0
0
0.0106114
0
0
0
0
0.0106114
0
0.0106114
0
0.0106114
0
0
0.0212228
0
0.0212228
0
0.0212228
0
0
0
0
0
0.053057
0.0106114
0.0106114
0.0424456
0
0
0
0.0424456
0.254674
0.0106114
0.0106114
0
0
0
0
0
0
0.0424456
0
0
0.626073
0
0.116725
0.392622
0
0
0
0
0.0318342
0
0
0.233451
0
0
0
0
0
0
0.233451
0
0
0.0212228
0
0
0
0
0
0
0.0212228
0
0
0
0
0.0106114
0.0106114
0
0
0
0.0636684
0
0
0.626073
0
0
0
0
0
0.0106114
0
0
0
0
0.222839
0.0318342
0.0106114
0
0
0
0
0.0636684
0.180394
0
0
0
0.424456
0.053057
0
0.0106114
0.0636684
0
0
0
0
0.0106114
0.0636684
0
0.0636684
0
0
0.244062
0.127337
0
0.106114
0
0
0.0318342
0.0106114
0
0
0.0106114
0.0636684
0.0106114
0
0
0
0
0.233451
0
0
0
0.0106114
0
0.0106114
0
0
0.0212228
0
0
0
0.0848912
0
0
0
0.0106114
0
0.0424456
0
0
0
0.053057
0
0.0106114
0
0.0212228
0.0955026
0
0
0.0636684
0
0
0
0
0.116725
0
0
0
0
0.0424456
0
0.0106114
0
0
0.328953
0.466902
0
0
0
0
0
0
0
0.0106114
0
0
0
0.0212228
0.0212228
0.328953
0.0106114
0
0.201617
0.0318342
0.0318342
0
0
0.0106114
0.0318342
0.0636684
0
0
0.0212228
0
0
0
0
0
0
0.053057
0
0
0
0
0
0.0212228
0.0212228
0
0
0
0.0636684
0.0106114
0
0
0
0.0106114
0
0.0106114
0
0.0424456
0
0
0
0.0318342
0.0424456
0.0106114
0
0
0.297119
0
0
0
0
0
0
0.0106114
0
0.0212228
0
0
0
0.0106114
0
0
0.053057
0
0.14856
0
0
0
0
0
0
0
0.0106114
0
0.0106114
0
0
0
0.0106114
0
0
0
0.0212228
0
0.0848912
0.0212228
0
0.0318342
0
0
0
0.0106114
0
0
0.0212228
0.0955026
0
0
0
0
0
0.0106114
0
0
0
0.0636684
0
0
0.0106114
0
0
0
0.0106114
0
0.0106114
0
0
0.0106114
0
0.116725
0
0.212228
0
0
0
0.0106114
0
0
0.0106114
0.0106114
0
0.0106114
0
0
0
0
0
0
0.0318342
0
0.0318342
0.0318342
0
0.0106114
0
0
0
0
0
0.0318342
0
0.0318342
0
0
0.0106114
0
0
0.0106114
0
0.0212228
0
0.371399
0
0
0
0.0318342
0.0424456
0
0
0.0106114
0.0318342
0.0212228
0
0
0.0212228
0.0212228
0.116725
0.0106114
0
0.127337
0.0106114
0
0.0424456
0.0106114
0
0
0
0
0
0
0
0.0318342
0
0.0212228
0
0
0.0106114
0
0.360788
0
0.0318342
0.127337
0.180394
0
0
0
0
0
0.0106114
0.0424456
0
0
0
0.0106114
0
0.0106114
0.0212228
0
0
0
0
0
0
0.0212228
0
0.0212228
0.0106114
0.0212228
0
0
0
0
0
0.0424456
0
0.0212228
0
0.0106114
0
0
0.0106114
0
0
0
0
0.0318342
0
0
0
0.0424456
0.0424456
0
0
0
0
0
0
0.233451
0
0.0318342
0
0
0.0106114
0.0212228
0
0.0106114
0
0.0106114
0.159171
0.14856
0.0106114
0
0
0
0
0
0.0106114
0
0
0
0
0.0848912
0
0
0
0
0
0
0.137948
0.0318342
0
0.0636684
0
0.0106114
0.0318342
0
0.0742798
0.297119
0
0
0.0212228
0
0
0
0
0
0
0
0
0
0.0106114
0
0.0212228
0
0.0106114
0.0848912
0
0
0.0424456
0.0106114
0
0.0212228
0
0
0
0.0106114
0.0318342
0
0
0.0106114
0.0106114
0.0955026
0
0
0
0
0
0.403233
0.265285
0
0
0
0
0
0
0
0
0.0106114
0.0318342
0
0.0212228
0.0106114
0.0955026
0.0106114
0
0
0
0
0
0.0318342
0
0.0106114
0
0
0
0
0
0
0
0
0
0
0
0.0318342
0
0
0.0106114
0.0742798
0.0212228
0
0
0.0212228
0.0212228
0.127337
0.169782
0
0
0
0
0
0
0
0
0.0318342
0
0.0106114
0
0
0
0
0
0
0.0106114
0
0
0
0
0
0
0.0318342
0.0106114
0
0
0
0.0424456
0
0.0848912
0
0
0
0
0
0
0
0
0
0
0
0
0.127337
0.689741
0.244062
0.222839
0.38201
0.116725
0.371399
0.201617
0.0212228
0.583627
0.498736
0.053057
0.403233
0.0636684
0.689741
0.466902
0.0106114
0.212228
0.0106114
0.0106114
0.0106114
0.0106114
0.551793
0
0.0636684
0
0
0.0106114
0.0424456
0
0.445679
0.67913
0.0424456
0
0.201617
0.169782
0.0742798
0.0955026
0.350176
0.0636684
0.689741
0.0212228
0
0.53057
0
0.053057
0.053057
0.169782
0.0742798
0.0318342
0.0848912
0.0212228
0.254674
0.275896
0.806466
0.318342
0.328953
0.0106114
0.562404
0
0.14856
0.0955026
0.137948
0.137948
0
0.944414
0.159171
0.297119
0.0212228
0.0106114
0.0106114
0.254674
0.0212228
0
0.169782
0.360788
0.328953
0.91258
0.137948
0.127337
0.0106114
0.0212228
0.573016
0
0.0955026
0.339565
0.307731
0.339565
0.053057
0
0.0318342
0.933803
0.360788
0.668518
0.191005
0.275896
0
0.0424456
0.191005
0.0742798
0.0106114
0.0742798
0.0106114
0
0.488124
0
0.169782
0
0.0636684
0.222839
0.0742798
0
0.371399
0.0318342
0
0.371399
0.392622
0.212228
0.180394
0
0.180394
0.350176
0.318342
0.127337
0.275896
0.488124
1.15664
0
0.254674
0.466902
0.265285
0.721575
0.424456
0.0424456
0
0.0742798
0.053057
0.498736
0.0424456
0.127337
0.053057
0
0
0.180394
0.403233
0
0.169782
0
0.254674
0.127337
0.0212228
0.0636684
0.350176
0
0.0955026
0.403233
0.201617
0.0106114
0.222839
0.466902
0.0848912
0.583627
0.636684
0.137948
0.233451
0.403233
0
0.222839
0
0
0.0106114
0.169782
0.0212228
0.0318342
0.0106114
0.541181
0.127337
0.0212228
0.0848912
0.413845
0.212228
0
0.0106114
0.0212228
0.0106114
0.0742798
0
0.0424456
0.445679
0.159171
0.053057
0.0106114
0.159171
0.127337
0.0106114
0
0
0.424456
0.201617
0
0.127337
0.0742798
0.0106114
0.233451
0
0.742798
0.0212228
0.0742798
0.0424456
0.14856
0.0106114
0
0.647295
0
0.0424456
0.339565
0.244062
0.413845
0.38201
0.806466
0.286508
0.265285
0.244062
0.0955026
0
0.265285
0.827689
0.0424456
0.424456
0.45629
0
0.180394
0.0212228
0.0106114
0.297119
0.265285
0.38201
0.053057
0.91258
0
0.689741
0
0.509347
0.265285
0.222839
0
0
0.0424456
0.583627
0.0742798
0.244062
0.0424456
0.328953
0.636684
0.0848912
0.053057
0.710964
0.106114
0.0848912
0.0106114
0.371399
0.0106114
0.360788
0
0.0212228
0.0318342
0.38201
0.318342
0.14856
0.392622
0.127337
0.286508
0.127337
0.0212228
0.0318342
0.169782
0.0106114
0.435067
0.0106114
0.191005
0.286508
0.0212228
0
0.0212228
0.137948
0.127337
0.0318342
0
0.201617
0.0318342
0.435067
0.0106114
0.67913
0.0318342
0.0742798
0.222839
0.0212228
0.955026
0.137948
0.244062
0.053057
0.106114
0.0212228
0.424456
0.222839
0
0.657907
0
0.0424456
0.127337
0.053057
0
0.466902
0.297119
0.53057
0.583627
0.159171
0.0636684
0.435067
0.159171
0.328953
0.275896
0.159171
0.0742798
0.106114
0.0318342
0.0955026
0
0.201617
0.339565
0.169782
0.169782
0.297119
0.0318342
0.0955026
0.901969
0.594238
0
0
0
0
0
0.0212228
0.116725
0.0106114
0
0.583627
0.0212228
0.14856
0
0.392622
0.0212228
0
0.466902
0.116725
0.14856
0.116725
0.116725
0.60485
0.0212228
0.0212228
0.169782
0.0318342
0.201617
0.488124
0.806466
0.297119
0.169782
0.0742798
0.60485
0.0318342
0.785244
0.0955026
0.0955026
0.14856
0.371399
0.286508
0.265285
0.413845
0.201617
0.106114
0.14856
0.38201
0.403233
0.0212228
0.0848912
0
0.275896
0.519959
0.201617
0.0636684
0.0106114
0.583627
0.445679
0
0
0.0742798
0.0212228
0
0.127337
0
0.318342
0
0.14856
0.127337
0.0106114
0.710964
0.14856
0.498736
0.0424456
0.169782
0
0.0848912
0.275896
0.053057
0.0212228
0.191005
0.180394
0.657907
0.159171
0.159171
0.0742798
0
0.0106114
0.254674
0.180394
0.212228
0.647295
0.817078
0.45629
0.222839
0.0636684
0.191005
0.466902
0.466902
0.0955026
0.233451
0.212228
0.0742798
0.265285
0.360788
0
0.14856
0.519959
0.127337
0.689741
0.137948
0.0212228
0.710964
0.233451
0.392622
0
0.413845
0.201617
0.318342
0.38201
0.0318342
0
0.38201
0.14856
0.38201
0.275896
0.116725
0.360788
0.116725
0.0318342
0.0848912
0
0.137948
0.0955026
0
0.0848912
0
0.0106114
0.265285
0
0.424456
0
0.38201
0.106114
0.0106114
0
0.116725
0.307731
0
0.212228
0
0
0.0424456
0.116725
0.0848912
0.551793
0.350176
0
0.265285
0.0106114
0.328953
0.445679
0.14856
0
0.222839
0.371399
0.0848912
0.0212228
0.0742798
0.0212228
0.488124
0.169782
0.0955026
0
0.488124
0
0.254674
0.159171
0.127337
0.0318342
0.0636684
0.328953
0.573016
0.14856
0.201617
0.233451
0.0318342
0
0.116725
0.424456
0.106114
0.169782
0.191005
0.137948
0.445679
0.169782
0.817078
0.244062
0.0212228
0.626073
0.318342
0.498736
0.668518
0.106114
0.053057
0
0.106114
0.0955026
0.392622
0.67913
0.424456
0.0848912
0.191005
0.668518
0.212228
0
0.0742798
0.201617
0.45629
0.201617
0.721575
0.371399
0.466902
0.116725
0.774632
0
0.0318342
0.477513
0
0.0742798
0.594238
0
0.827689
0.583627
0.0848912
0.127337
0.233451
0.0318342
0.0212228
0.201617
0.212228
0.0318342
0
0
0.541181
0.0212228
0.0106114
0.38201
0.488124
0.764021
0.169782
0.0212228
0.657907
0.403233
0.0318342
0.233451
0.0106114
0.350176
0.0106114
0.45629
0.445679
0.60485
0.0848912
0.053057
0.0212228
0.191005
0.0318342
0.0106114
0.0848912
0.328953
0.265285
0
0.350176
0.350176
0.106114
0.403233
0.212228
0
0.275896
0.0955026
0.392622
0.509347
0.498736
0.159171
0.435067
0.0106114
0.657907
0.0318342
0.551793
0.0636684
0.38201
0.180394
0
0
0.265285
0.137948
0.0318342
0.297119
0.445679
0
0.0424456
0.0424456
0.551793
0.201617
0.573016
0.0106114
0.0106114
0.0106114
0.053057
0.212228
0.0212228
0.753409
0
0.657907
0.573016
0.106114
0
0.0106114
0.233451
1.06114
0.116725
0.159171
0.191005
0.0106114
0.0106114
0.14856
0.180394
0.98686
0.657907
0.0742798
0.244062
0.0848912
0.519959
0.0318342
0
0.318342
0.053057
0.0106114
0
0.0955026
0.116725
0.509347
0.371399
0.488124
0.212228
0.0106114
0.0424456
0.477513
0.53057
0
0.498736
0.233451
0
0.212228
0.053057
0
0.0106114
0.297119
0
0.45629
0.0106114
0.360788
0.0212228
0.275896
0.233451
0.0318342
0.0636684
0.53057
0.0636684
0
0
0
0.0318342
0.615461
0.626073
0.0955026
0.318342
0
0.360788
0.0106114
0.137948
0.466902
0.0106114
0.286508
0.562404
0.233451
0.265285
0.328953
0.0212228
0
0.328953
0
0.0106114
0.848912
0
0.477513
0.0318342
0.0424456
0.14856
0.424456
0.360788
0.275896
0.0636684
0.275896
0.360788
0.286508
0.0742798
0.424456
0.169782
0.923192
0
0.233451
0
0.0318342
0
0.0106114
0
0.647295
0.710964
0.0636684
0.0106114
0.318342
0.180394
0.14856
0.297119
0
0
0.275896
0.0955026
0.127337
0.053057
0.60485
0.880746
0.0318342
0.0742798
0.297119
0.254674
0.14856
0.0106114
0
0.371399
1.03992
0.0318342
0
0.0212228
0.0106114
0
0.0212228
0.0212228
0.0742798
0.742798
0
0.488124
0.180394
0
0.0212228
0.0212228
0.137948
0.0318342
0.0424456
0.403233
0.0742798
0.169782
0.45629
0.297119
0.0212228
0.498736
0.785244
0.0955026
0.583627
0.0212228
0.0106114
0
0
0.360788
0.169782
0.0742798
0.657907
0.233451
0.265285
0.328953
0
0.435067
0.0318342
0.254674
0.222839
0
0
0.562404
0.413845
0.14856
0.0848912
0.233451
0.254674
0.286508
0.222839
0.0318342
0.0212228
0.14856
0
0.191005
0.191005
0.053057
0.67913
0.594238
0
0.159171
0.180394
0.0636684
0.265285
0.14856
0
0
0.498736
0.498736
0.0636684
0.742798
0.286508
0.222839
0.488124
0.307731
0
0
0.60485
0.0848912
0.0318342
0.498736
0.551793
0.0106114
0.0106114
0.053057
0.615461
0.0742798
0.0318342
0.14856
0
0.0318342
0.626073
0
0.498736
0.0212228
0.0848912
0.137948
0
0.297119
0
0.488124
0.116725
0.647295
0.700352
0.14856
0.0318342
0.106114
0.180394
0
0.360788
0
0
0.403233
0.0955026
0.0955026
0.180394
0
0
0.732187
0.0848912
0.67913
0.0848912
0.519959
0.212228
0.0106114
0
0.0106114
0.127337
0.488124
0.318342
0.0212228
0.0318342
0.169782
0.286508
0
0.647295
0
0
0.0212228
0
0.668518
0.466902
0.169782
0.0212228
0.244062
0.0636684
0.0424456
0.0106114
0.222839
0.0848912
0
0.0106114
0.0318342
0.328953
0.0106114
0.212228
0.053057
0.0212228
0.403233
0.0636684
0.106114
0
0
0.297119
1.02931
0.0212228
0.0955026
0.806466
0.0742798
0.0636684
0.053057
0.159171
0.509347
0.413845
0.169782
0.201617
0.0848912
0.201617
0.106114
0.0318342
0.45629
0
0.053057
0.551793
0
0.14856
0.0636684
0.0424456
0.244062
0.435067
0
0.0212228
0.806466
0.0106114
0.0955026
0.191005
0.116725
0
0.0742798
0.413845
0.477513
0
0.0955026
0
0.668518
0.286508
0.0106114
0
0.0106114
0.551793
0.116725
0.0212228
0
0.0106114
0.0106114
0.169782
0.116725
0.0636684
0.286508
0.350176
1.08236
0.0742798
0.0318342
0.0212228
0
0
0
0.201617
0.106114
0.0106114
0
0
0.45629
0
0.403233
0
0.0212228
0.0424456
0.0212228
0.106114
0.0318342
0.519959
0.668518
1.08236
0.222839
0.286508
0.91258
0.265285
0
0
0.191005
0.180394
0.371399
0.0424456
0.053057
0.0212228
0.615461
0
0
0.127337
0.127337
0
0
0
0
0.647295
0.0318342
0
1.12481
0.0106114
0.169782
0
0.116725
0.615461
0.466902
0.053057
0
0.0106114
0.0848912
0.0742798
0.689741
0
0.509347
0.392622
0.0106114
0
0.159171
0.0636684
0
0.0318342
0.0318342
0.275896
0.14856
0
0.626073
0
0.0106114
0.0106114
1.19909
0.435067
0.0106114
0.244062
0.477513
0.573016
0.0742798
0.286508
0.509347
0.0212228
0.212228
0.0742798
0.562404
0
0.45629
0.647295
0.636684
0.350176
0.159171
0.201617
0
0.0212228
0.0742798
0.562404
0.392622
0
0
0.328953
0
0
0
0.350176
0.0424456
0.254674
0
0.657907
0.053057
0.0848912
0.254674
0.127337
0
0
0.307731
0.244062
0
0
0.350176
0.191005
0
0.466902
0.0106114
0
0.0848912
0.38201
0.0424456
0.0742798
0.477513
0.477513
0.0636684
0.371399
0
0
0.732187
0.275896
0
0.435067
0.0318342
0.0106114
0.45629
0.339565
0.0318342
0.14856
0.0424456
0.392622
0.053057
0.116725
0.562404
0
0
0.0742798
0
0
0
0
0.180394
0
0
0.0742798
0
0.0106114
0.307731
0.222839
0.14856
0
0.360788
0.541181
0.116725
0.0106114
0.169782
0.774632
0
0.360788
0
0.413845
0.201617
0.318342
0.60485
0.127337
1.03992
0.403233
0.0424456
0.191005
0.191005
0.275896
1.13542
0
0.0955026
0.318342
0.498736
0.0318342
0
0.212228
0.0106114
0.297119
0
0.477513
0.0636684
0.647295
0.254674
0.159171
0.636684
0.413845
0.0636684
0.137948
0
0.254674
0.0318342
0
0.212228
0.053057
0.0424456
0.0212228
0.127337
0.212228
0
0.626073
0.594238
0.350176
0.626073
0.38201
0
0.0424456
0
0
0.710964
0
0.435067
0.0848912
0.116725
0
0.636684
0
0.053057
0
0
0.413845
0.965637
0
0.307731
0.0106114
0
0.0424456
0
0.180394
0.477513
0.413845
0
0.0636684
0.212228
0.0742798
0.318342
0
0.424456
0.477513
0.244062
0.657907
0
0.233451
0.137948
0.053057
0.191005
0.0212228
0.901969
0.0212228
0
0.573016
0.339565
0
0.0106114
0
0.0636684
0.562404
0.0212228
0.318342
0
0
0.159171
0.0636684
0.286508
0.0955026
0.38201
0.116725
0.0742798
0
0.297119
0.0424456
0.541181
0
0.0318342
0.191005
0.0106114
0.275896
0.0742798
0.297119
0
0.764021
0.976249
0.222839
0.169782
0.0106114
0.169782
0.795855
0
0.275896
0
0.0318342
0
0.0955026
0.0106114
0.477513
0.806466
0.880746
0
0.201617
0.0106114
0
0
0
0.742798
0.997472
0.254674
0
0.244062
0.0212228
0
0.339565
0.275896
0.445679
0
0
0.0212228
0.254674
0.360788
0.0106114
0.488124
0.0955026
0.38201
0.275896
0.116725
0
0.0212228
0.137948
0.0955026
0.668518
0.212228
0
0.201617
0.0955026
0.254674
0
0
0.0106114
0.244062
0.0212228
0
0.244062
0.0106114
0.116725
0.0424456
0
0.180394
0.466902
0.562404
0.0318342
0.435067
0.0848912
0.0318342
0
0.169782
0.275896
0.318342
0.0424456
0
0
0
0
0.45629
0.297119
0
0.265285
0
0
0.233451
0.0848912
0.0424456
0
0
0.45629
0
0.636684
0
0.657907
0.67913
0
0.0636684
0
0
0
0
0.0318342
0
0
0.0212228
0.0318342
0.424456
0.488124
0.0212228
0.0424456
0.106114
0.392622
0.106114
0
0.0424456
0.297119
0.0106114
0.339565
0.827689
0.774632
0.0955026
0.0424456
0.445679
0.413845
0
0.0212228
0.14856
0
0.254674
0
0.435067
0.233451
0.774632
0.14856
0.159171
0.0106114
0.509347
0.955026
0.91258
0
0.127337
0.116725
0.0636684
0
0
0.0636684
0.509347
0
0.275896
0
0.498736
0
0.116725
0.477513
0.127337
0.0424456
0.265285
0
0.0212228
0.244062
0.403233
0.551793
0.233451
0.466902
0
0
0
0
0.0848912
0.360788
0.0106114
0.392622
0.0212228
0
0.0955026
0.753409
0.106114
0.392622
0.710964
0.0318342
0
0
0.0742798
0.445679
0.0318342
0.286508
0.0636684
0.14856
0
0.0212228
0.137948
0
0.0424456
0.0212228
0.0636684
0.0742798
0
0
0.106114
0.137948
0.159171
0.445679
0
0.053057
0.0424456
0.191005
0
0.392622
0.0636684
0.0636684
0
0.509347
0
0.212228
0
0
0.053057
0.562404
0.0848912
0.0742798
0.0848912
0.562404
0.254674
0.053057
0.286508
0
0.159171
0.795855
0.180394
0.360788
0.191005
0.275896
0.0424456
0.392622
0.0106114
0.201617
0.14856
0.0424456
0.0848912
0.222839
0.180394
0.0212228
0.60485
0.700352
0.212228
0
0.0318342
0.0636684
0.339565
0
0.0424456
0.14856
0.509347
0.0106114
0.445679
0.0212228
0
0.38201
0.403233
0.127337
0.0318342
0.127337
0.880746
0.60485
0.498736
0.233451
0.212228
0.0318342
0.371399
0.191005
0.0106114
0
0
0.116725
0
0
0.435067
0.053057
0.0424456
0.137948
0.222839
0.053057
0.60485
0.0106114
0
0
0
0.477513
0.0212228
0.0318342
0
0.0318342
0.435067
0.0742798
0.0106114
0.159171
0.0212228
0.0318342
0
0.0424456
0.191005
0
0.318342
0.0742798
0.159171
0
0.562404
0
0.498736
0.201617
0.254674
0
0.127337
0.254674
0
0.233451
0
0
0.244062
0
0
0.0742798
0.38201
0.137948
0.0955026
0
0
0.0212228
0.053057
0
0.14856
0.753409
0
0
0
0.0848912
0
0
0.127337
0
0.244062
0.0742798
0.053057
0
0.0212228
0.710964
0.127337
0
0
0.233451
0.106114
0.254674
0.0424456
0
0.328953
0.0424456
0.137948
0.137948
0.244062
0.0318342
0.0318342
0
0
0.116725
0
0
0
0
0
0.742798
0
0.498736
0.795855
0.0955026
0.137948
0.0955026
0.498736
0.254674
0.0424456
0.519959
0.0212228
0.116725
0.519959
0.180394
0
0
0.212228
0.0106114
0.339565
0.0106114
0.0106114
0.275896
0.0955026
0.0636684
0.137948
0.0106114
0.0106114
0
0.14856
0.435067
0
0
0.053057
0.254674
0
0.233451
0.0318342
0
0.392622
0.498736
0
0
0.0742798
0
0
0
0.0318342
0.201617
0.201617
0.0318342
0.191005
0.0848912
0.721575
0.053057
0
0
0.116725
0.53057
0.371399
0.0636684
0.0106114
0.350176
0.0212228
0.0106114
0
0.191005
0.0106114
0
0.137948
1.09297
0
0.0742798
0.053057
0.0424456
0
1.12481
0.626073
0
0.275896
0.137948
0.159171
0.435067
0.0636684
0
0.275896
0.0106114
0
0.53057
0.053057
0
0.848912
0.742798
0.0106114
0.286508
0.0955026
0.700352
0
0.275896
0.318342
0.265285
0.424456
0.0318342
0.0636684
0
0.0424456
0
0.053057
0
0
0.636684
0
0.297119
0.191005
0
0
0
0
0
0.0424456
0.498736
0
0
0
0.615461
0.0424456
0.0955026
0.901969
0.159171
0.626073
0
0
0.53057
0.265285
0.38201
0.0106114
0
0.0955026
0.721575
0.0955026
0.297119
0.14856
0.286508
0.222839
0.116725
0.53057
0.14856
0.137948
0
0.169782
0.191005
0
0.371399
0
0.180394
0.657907
0.318342
0.180394
0.0424456
0
0.0636684
0.0742798
0.519959
0.477513
0
0.38201
0
0.700352
0.0424456
0.169782
0
0
0.435067
0.562404
0.180394
0
0.60485
0.0106114
0.212228
0.286508
0.0106114
0.116725
0.573016
0.297119
0.721575
0
0.0424456
0
0.0318342
0.328953
0
0.519959
0.0424456
0
0.0636684
0.0106114
0.0848912
0.0106114
0
0.424456
0
0.0106114
0.159171
0.0424456
0.498736
0
0.0424456
0.180394
0.795855
0.424456
0.233451
0
0
0.0212228
0.0106114
0.254674
0.0636684
0.933803
0.0636684
0.710964
0.180394
0
0
0.053057
0.212228
0.774632
0.0424456
0
0
0.0212228
0.350176
0.0106114
0
0.318342
0.0106114
0.0636684
0.0636684
0.45629
0
0.0212228
0.244062
0
0.0106114
0.275896
0.0742798
0.901969
0.795855
0.0318342
0.0106114
0
0
0.38201
0.774632
0
0.286508
0.328953
0.0212228
0.573016
0.137948
0.0106114
0.710964
0.106114
0.0212228
0.0212228
0.0106114
0.371399
0.233451
0.413845
0.222839
0
0.562404
0.180394
0.106114
0.212228
0.0106114
0.0955026
0
0.477513
0.0106114
0
0.053057
0.0106114
0.106114
0.0424456
0
0.233451
0.0318342
0
0
0.053057
0.0106114
0.159171
0.053057
0.053057
0.0955026
0.0636684
0.424456
0.169782
0.519959
0
0.38201
0
0.201617
0.0424456
0.774632
0.286508
0
0.053057
0
0.169782
0.0636684
0.159171
0.0106114
0.0106114
0.0106114
0.053057
0.137948
0.742798
0.0848912
0.233451
0
0.435067
0
0.127337
0.275896
0.0106114
0.0106114
0.307731
0.45629
0.0955026
0.901969
0
0
0.159171
0.0318342
0
0
0
0.244062
0.53057
0.0742798
0.657907
0
0
0.244062
0
0.392622
0.0742798
0.710964
0.60485
0.689741
0.106114
0
0.328953
0.0636684
0
0.488124
0.233451
0.53057
0.360788
0
0.106114
0
0.275896
0.0318342
0.254674
0.169782
0.0106114
0.0848912
0.573016
0
0.0318342
0.159171
0.0955026
0
0.106114
0.45629
0.0212228
0.371399
0.923192
0.0318342
0.0636684
0.0212228
0.0106114
0.371399
0.254674
0.0848912
0.806466
0
0.435067
0.244062
0
0.254674
0.700352
0.541181
0
0.106114
0.307731
0.212228
0.424456
0.254674
0.0106114
0.45629
0
0.307731
0.191005
0.201617
0
0.0212228
0.169782
0.594238
0.0106114
0.0318342
0.0212228
0.0636684
0.573016
0.880746
0.0212228
0.403233
0.573016
0.0424456
0.466902
0.053057
0.0318342
0.14856
0.0318342
0.127337
0
0.053057
0.0106114
0.0106114
0.0424456
0
0.0106114
0.955026
0.0318342
0.594238
0.38201
0.0742798
0.0212228
0.657907
0.541181
0
0.0955026
0.265285
0.0106114
0.350176
0.435067
0.0424456
0.0212228
0.0106114
0.159171
0.0424456
0.350176
0.233451
0
0.0318342
0.0955026
0.180394
0.700352
0.053057
0.60485
0.541181
0.0424456
0.307731
0.392622
0.0636684
0.60485
0.212228
0
0.0212228
0
0.0424456
0.116725
0.0636684
0.286508
0.562404
0.127337
0.0955026
0
0
0.541181
0.169782
0.0106114
0.0848912
0.0424456
0.509347
0.0212228
0.169782
0.38201
0.0318342
0
0.191005
0.053057
0.0318342
0.360788
0.0212228
0.053057
0.519959
0.785244
0.0848912
1.08236
0.551793
0.0742798
0.817078
0.0424456
0.350176
0.222839
0.38201
0.222839
0.689741
0.477513
0.0955026
0.0106114
0.244062
0.848912
0.477513
0.169782
0
0.233451
0
0.14856
0.053057
0.0424456
0.0212228
0.275896
0.0212228
0.0106114
0.0848912
0.286508
0.0212228
0.360788
0.753409
0
0.297119
0
0.233451
0.169782
0.0848912
0.233451
0.0212228
0.0106114
0.233451
0.233451
0.477513
0.0742798
0
0
0.0212228
0
0.106114
0.0212228
0.626073
0.933803
0.14856
0.360788
0.339565
0.0424456
0.053057
0.201617
0.0424456
0.477513
0.222839
0.116725
0.159171
0.0106114
0
0.0955026
0.0106114
0.169782
0.0106114
0
0.318342
0.435067
0.53057
0.0636684
0.328953
0.350176
0.424456
0.106114
0
0.360788
0.180394
0.45629
0.0955026
0
0.392622
0
0.657907
0
0
0.710964
0
0.0424456
0.233451
0.0424456
0
0.201617
0.180394
0.626073
0
0.53057
0.0318342
0.785244
0.413845
0.0106114
0.0636684
0.0212228
0.838301
0.0212228
0.488124
0.053057
0.0212228
0.159171
0.551793
0.244062
0
0.0106114
0.137948
0.519959
0.753409
0.0848912
0.127337
0.392622
0.265285
0.0106114
0.0636684
0.0212228
0.700352
0
0.859523
0.0106114
0.0212228
0.0848912
0.254674
0
0.488124
0.0636684
0.14856
0.0848912
0.403233
0.817078
0.233451
0.647295
0
0.137948
0
0.137948
0.180394
0.0212228
0
0.0848912
0.519959
0.328953
0.636684
0.0106114
0.0106114
0.541181
0
0.0318342
0.0212228
0.159171
0.360788
0.413845
0.0848912
0.0636684
0.774632
0.0424456
0.403233
0.318342
0.106114
0.413845
0.180394
0
0
0.573016
0.233451
0.0742798
0
0.053057
0.106114
0.0212228
0.053057
0
0.0424456
0.137948
0.519959
0
0.265285
0.0636684
0.318342
0.116725
0.0636684
0.445679
0.201617
0
0.594238
0.265285
0.0212228
0.0106114
0
0.350176
0.222839
0.742798
0.0106114
0.0848912
0
0.137948
0.0742798
0.0106114
0
0.307731
0.67913
0.053057
0.551793
0.573016
0
0.0106114
0.0424456
0
0.371399
0.477513
0
0.106114
0.0212228
0
0.0955026
0.318342
0.053057
0.45629
0.0955026
0.0212228
0
0.169782
0.0742798
0.0848912
0
0.0106114
0
0.275896
0.053057
0.244062
0.0106114
0.0955026
0.244062
0.275896
0.0318342
0.0318342
0.509347
0
0.594238
0.0848912
0.106114
0.466902
0.0742798
0.880746
0.413845
0.106114
0.275896
0.180394
0
0.307731
0.0848912
0
0.859523
0
0
0.0106114
0.053057
0
0.0106114
0
0.0636684
0.0212228
1.02931
0.0212228
0.350176
0.350176
0
0
0.0636684
0.732187
0
0.265285
0.137948
0.116725
0.827689
0.0318342
0.0424456
0.0106114
0
0.0106114
0
0
0
0.265285
0.0636684
0.180394
0.689741
0.265285
0.265285
0
0.0636684
0.573016
0.339565
0
0.0212228
0
0.180394
0.307731
0.615461
0.0424456
0
0
0.159171
0.891358
0
0.191005
0.137948
0.0636684
0.392622
0.275896
0.594238
0
0
0
0
0
0.0212228
0.159171
0.169782
0.541181
0.519959
0.360788
0.106114
0.38201
0.328953
0
0.0742798
0.657907
0
0.0636684
0.0212228
0.127337
0.244062
0
0.307731
0.307731
0.668518
0.0955026
0.222839
0.180394
0.127337
1.16725
0.286508
0.0106114
0.838301
0.435067
0.0424456
0.159171
0.191005
0.275896
0
0.222839
0.244062
0.0848912
0
0.488124
0.466902
0.14856
0
0.0106114
0.0212228
0.14856
0.137948
0.328953
0.244062
0
0
0.159171
0.0106114
0.774632
0.169782
0.541181
0.488124
0.0212228
0.159171
0.424456
0.0636684
0.551793
0.307731
0.403233
0.689741
0.403233
0.307731
0
0
0.286508
0.212228
0.286508
0.169782
0.137948
0.14856
0
0
0.318342
0
0.435067
0.350176
0.424456
0.0848912
0.339565
0.14856
0.668518
0.466902
0
0.053057
0.0848912
0.0848912
0.38201
0.244062
0
0
0.551793
0.0106114
0.0106114
0.0212228
0.180394
0.519959
0.159171
0.626073
0
0.169782
0.392622
0.0106114
0.0742798
0.0212228
0.339565
0.191005
0
0
0.594238
0.0955026
0.0106114
0
0.053057
0.212228
0.403233
0.891358
0.700352
1.05053
0.0106114
0.159171
0.0318342
0.212228
0
0.0106114
0.0955026
0
0
0.137948
0.0636684
0.806466
0.541181
0
0.127337
0
0.0106114
0
0.137948
0.127337
0.0955026
0.0742798
0.509347
0.392622
0.0636684
0.201617
0.0955026
0.360788
0.275896
0.116725
0.127337
0.392622
0.0106114
0.0318342
0
0.127337
0.838301
0.244062
0.053057
0.0742798
0.286508
0
0.0106114
0.541181
0.286508
0.244062
0.14856
0.0848912
0.647295
0.0424456
0
0.573016
0.573016
0.45629
0.0848912
0.0742798
0
0
0.0212228
0.265285
0.116725
0.318342
0
0.541181
0
0.222839
0.0106114
0.0955026
0.519959
0.0424456
0
0.668518
0
0
0.0106114
0.413845
0.0212228
0.297119
0.0318342
0.392622
0
0.0742798
0.159171
0.244062
0.615461
0.137948
0
0.233451
0.0318342
0.307731
0.615461
0.732187
0.0848912
0.498736
0
0.509347
0.0106114
0.0742798
0.0106114
0.0636684
0.127337
0.212228
0.106114
0.0212228
0.350176
0
0.127337
0.0106114
0.0318342
0.244062
0.0106114
0.0424456
0
0.222839
0.0106114
0.106114
0
0
0
0
0.0212228
0
0.116725
0.169782
0.0424456
0.551793
0.0212228
0.657907
0.0318342
0.0636684
0.0955026
0.0212228
0.307731
0
0
0.137948
0.169782
0.212228
0.0106114
0.0636684
0.233451
0.222839
0
0
0.45629
0.0318342
0.647295
0.350176
0.180394
0.0106114
0.222839
1.07175
0.14856
0
0.180394
0.169782
0.191005
0
0.328953
0
0.106114
0.106114
0.38201
0.0212228
0.0636684
0.0955026
0.0106114
0.127337
0.222839
0.0955026
0.413845
0.0212228
0.466902
0
0.551793
0.360788
0.116725
0.222839
0
0
0.244062
0.222839
0.424456
0.0318342
0.318342
0.0848912
0.0212228
0
0.466902
0.0106114
0.477513
0.254674
0.14856
0.159171
0.0318342
0.360788
0.0106114
0.445679
0.201617
0
0.0955026
0
0.201617
0
0.0212228
0
0
0
0
0
0.573016
0.0424456
0.0424456
0.275896
0.0424456
0.732187
0.413845
0.244062
0.509347
0
0
0.45629
0.38201
0.0318342
0.265285
0.233451
0.0742798
0.498736
0.0848912
0.0424456
0.14856
0.233451
0.0318342
0.350176
0.191005
0.933803
0.265285
0.0636684
0.127337
0.0424456
0.0636684
0.0424456
0.053057
0
0.53057
0.244062
0.0106114
0.371399
0.413845
0.169782
0
0.0212228
0
0.222839
0.0106114
0.222839
0
0.0424456
0.0742798
0.0636684
0.159171
0.159171
0
0.360788
0.127337
0.0318342
0.488124
0
0.0212228
0.233451
0.106114
0.307731
0.0424456
0.0636684
0.191005
0.392622
0.477513
0.403233
0.127337
0.0212228
0.0318342
0
0
0.0106114
0.137948
0.0424456
0.0318342
0
0.0318342
0.0424456
0.159171
0.106114
0.053057
0.360788
0.297119
0.212228
0.191005
0.0318342
0.233451
0.339565
0.053057
0.212228
0.14856
0.233451
0.795855
0.488124
0.159171
0
0.0318342
0.244062
0
0.053057
0.509347
0.594238
0.0318342
0.137948
0.435067
0.350176
0.201617
0.721575
0.0318342
0.169782
0
0.573016
0.573016
0.477513
0.307731
0.60485
1.43254
0.721575
0.562404
0.0212228
0
0.67913
0.38201
0.339565
0.38201
0.106114
0.191005
0.0106114
0.127337
0.413845
0.0955026
0.91258
0.254674
0.0636684
0.053057
0.0106114
0.212228
0.127337
0.318342
0.053057
0.233451
0.0636684
0.212228
0.0955026
0.286508
0.0955026
0.0848912
0
0.562404
0.328953
0.0636684
0.0424456
0.0106114
0.127337
0.307731
0.636684
0.0106114
0.0636684
0.636684
0
