0
0
0
0.0280548
0.0140274
0.32263
0
0
0
0.0280548
0
0.0140274
0
0
0
0
0
0
0.154301
0
0.0140274
0
0
0.0140274
0
0
0
0
0
0
0
0
0.0140274
0
0
0
0
0
0.0140274
0.0140274
0.070137
0
0
0
0.238466
0
0
0
0
0.0140274
0
0
0
0
0
0.0280548
0.0140274
0.0140274
0.0280548
0
0
0.350685
0.294575
0
0
0
0.0561096
0
0
0
0.0140274
0.0140274
0
0
0.266521
0
0.0140274
0
0.0841644
0
0
0
0
0
0
0
0
0
0.0841644
0
0
0.0140274
0.0140274
0.0420822
0.0140274
0
0
0
0.0561096
0
0
0
0.140274
0.0140274
0
0
0
0
0
0
0
0
0
0
0
0
0
0
0
0
0
0
0
0.0140274
0
0
0
0
0
0
0
0
0.0140274
0
0.266521
0.0140274
0
0
0
0
0
0
0
0.0280548
0
0.0420822
0
0
0
0
0
0
0.0420822
0
0
0
0
0
0
0.0280548
0.0280548
0.364712
0.0140274
0
0
0
0
0
0
0.0140274
0.0140274
0
0
0
0
0
0
0
0.224438
0
0.0280548
0
0.0140274
0
0
0.0561096
0
0.462904
0
0.0280548
0
0
0
0.182356
0.0140274
0
0
0
0
0.238466
0
0
0
0
0
0.0140274
0.0280548
0
0
0.0140274
0
0.112219
0
0.0561096
0
0.0140274
0
0
0.0280548
0.0140274
0
0.0140274
0
0.0280548
0
0
0
0.0140274
0
0
0.140274
0
0.0280548
0
0.771507
0.0140274
0.37874
0
0
0.0280548
0
0
0
0
0
0.0140274
0
0
0
0
0
0
0.0140274
0
0.0841644
0
0
0
0
0
0
0
0
0
0
0
0
0.0140274
0.0140274
0
0
0
0.0280548
0
0
0
0.070137
0
0
0
0.0280548
0
0
0
0.182356
0.0280548
0.154301
0
0.490959
0
0
0
0
0
0
0.0140274
0
0.0280548
0.238466
0.126247
0.0140274
0
0.0140274
0
0
0
0
0
0.0140274
0
0.0280548
0
0.0420822
0
0
0
0
0.0140274
0
1.1783
0
0
0.0140274
0
0
0.126247
0
0
0
0.0420822
0
0
0
0
0
0.0140274
0
0
0
0
0.336658
0
0
0
0
0
0
0
0
0
0.617206
0
0
0
0
0.0280548
0
0
0
0
0.0280548
0.0140274
0
0
0
0
0
0.0140274
0
0
0.0280548
0
0.0140274
0
0
0
0
0.392767
0
0
0
0
0
0
0.0140274
0.0140274
0.0140274
0
0.126247
0
0
0
0
0
0
0
0
0
0
0
0
0.0981918
0.0140274
0.0841644
0
0
0
0
0.0561096
0
0
0
0.252493
0
0.0140274
0
0
0.0561096
0
0
0
0
0.0140274
0
0
0
0.0140274
0
0
0.0981918
0
0.0140274
0.0140274
0
0
0
0
0
0
0
0.0420822
0
0
0.0280548
0.0561096
0
0
0
0
0
0.729425
0
0
0
0
0.224438
0.182356
0.0280548
0.112219
0
0
0.0280548
0
0.406795
0.070137
0
0
0.0140274
0
0.154301
0.0140274
0
0
0
0.0140274
0
0
0
0
0.140274
0.112219
0
0.070137
0
0
0
0
0
0
0
0
0
0
0
0.070137
0
0
0.196384
0.308603
0
0
0.0140274
0
0
0
0
0.238466
0.070137
0.771507
0
0
0.0280548
0
0
0
0.0420822
0.0280548
0
0.0140274
0.0140274
0.0280548
0
0
0.154301
0.0420822
0
0
0
0
0
0
0.0561096
0
0.0561096
0
0
0
0.0140274
0.0420822
0
0
0
0
0
0
0
0.0841644
0
0
0.140274
0.238466
0
0
0
0
0
0
0
0
0
0
0
0
0
0.0140274
0
0
0
0.266521
0
0
0
0.0140274
0.0140274
0
0
0.112219
0
0
0
0
0.0841644
0.0140274
0
0
0
0
0
0
0
0
0
0
0
0
0
0
0
0
0.0140274
0
0
0
0
0
0
0
0
0
0
0
0.112219
0.182356
0.0140274
0
0
0
0
0
0
0.0140274
0
0
0
0.0140274
0
0
0.112219
0.0561096
0
0.0280548
0
0
0
0.0140274
0
0
0
0.112219
0
0
0.0841644
0.0140274
0.0140274
0
0
0
0
0
0
0
0
0
0.0420822
0
0
0.0280548
0
0
0
0.0561096
0
0.0140274
0
0
0
0
0.0140274
0.0420822
0
0
0.0140274
0
0
0
0.070137
0
0
0
0
0
0
0.0140274
0.0140274
0
0
0
0
0
0
0
0
0
0
0
0
0.224438
0
0.126247
0
0.0561096
0
0
0
0.112219
0.0420822
0.0841644
0
0
0
0.0140274
0.364712
0.168329
0
0
0
0.0280548
0
0
0.0981918
0
0.0561096
0
0
0.070137
0
0
0.0140274
0
0
0
0
0
0
0.0140274
0
0
0.182356
0
0
0.0280548
0
0
0
0
0
0
0.0140274
0
0
0
0
0.0140274
0
0
0
0
0
0
0.0280548
0.0561096
0.0140274
0
0
0.0561096
0
0
0.0140274
0
0
0
0.238466
0.070137
0
0
0
0.0420822
0
0
0.0140274
0.266521
0
0
0
0
0
0
0
0.617206
0
0.280548
0
0
0
0
0
0.168329
0
0
0.0140274
0
0
0
0.0561096
0.196384
0
0
0
0.0280548
0
0.0140274
0
0.0561096
0
0
0
0
0.0140274
0
0
0
0
0
0
0
0
0
0.476932
0
0
0.0981918
0
0
0
0
0
0
0.0140274
0
0
0.0140274
0
0.0561096
0.0140274
0
0
0
0
0
0
0
0
0
0
0
0
0
0.0140274
0
0.0561096
0
0
0
0.070137
0
0
0
0
0
0.0140274
0
0.0140274
0
0.0280548
0.0140274
0
0.070137
0
0
0.182356
0
0.0280548
0
0.0140274
0
0
0
0
0
0
0
0
0
0
0
0
0
0.813589
0.0280548
0
0
0
0.0280548
0
0
0
0.0140274
0
0
0
0.0841644
0
0
0.0140274
0
0
0.0140274
0
0.0140274
0.266521
0
0.0140274
0
0
0
0
0
0.0561096
0
0
0
0
0
0
0.0140274
0
0
0
0.0140274
0
0
0
0
0
0
0
0
0
0
0
0
0
0
0
0
0.0561096
0
0.0140274
0
0
0.0140274
0
0.0140274
0
0.0841644
0
0
0.0140274
0
0
0
0
0.0280548
0
0
0.196384
0
0
0
0.0420822
0.0140274
0
0.0280548
0
0
0
0
0.182356
0
0
0
0
0
0
0.070137
0
0
0.0841644
0
0
0.112219
0.406795
0.32263
0.280548
0.0841644
0
0
0.0561096
0.420822
0
0.210411
0.154301
0.070137
0
0
0
0
0.0140274
0.0841644
0
0
0.687342
0.631233
0.070137
0.336658
0.519014
0.280548
0.140274
0
0
0.0981918
0
0.252493
0.280548
0
0
0
0.0561096
0.126247
0.0420822
0.32263
0.729425
0.0140274
0.126247
0.336658
0.0841644
0
0
0.0280548
0.547068
0.0561096
0.0280548
0.252493
0.070137
0.112219
0
0.547068
0
0
0.168329
0.210411
0.224438
0.070137
0
0.0561096
0
0.0561096
0.0280548
0
0.0280548
0.0420822
0.0280548
0.294575
0.168329
0.476932
0.687342
0.32263
0.070137
0.210411
0.350685
0
0
0.0561096
0.0420822
0
0.182356
0.0420822
0.0140274
0.126247
0
0.252493
0.533041
0
0.0420822
0.0280548
0.0280548
0.238466
0.070137
0.182356
0.32263
0.0280548
0.0561096
0
0.0420822
0.0561096
0.0280548
0.070137
0.0981918
0.406795
0.252493
0.476932
0.0280548
0.0280548
0.0140274
0
0.126247
0
0.0140274
0.0561096
0.0280548
0
0.196384
0.238466
0.0140274
0.336658
0.070137
0.519014
0.168329
0.364712
0.280548
0.589151
0.420822
0
0.406795
0
0.070137
0.294575
0.659288
0.196384
0
0.575123
0.210411
0.0140274
0.238466
0.32263
0.140274
0.406795
0.112219
0.0280548
0.140274
0.0280548
0.112219
0
0.196384
0.434849
0
0.519014
0
0.154301
0.953863
0
0
0.476932
0.0280548
0.406795
0
0.0140274
0.0280548
0.126247
0.0280548
0
0
0.112219
0.995945
0.168329
0.0981918
0.294575
0
0
0.476932
0.224438
0.140274
0.252493
0.0981918
0.0561096
0.0841644
0.0140274
0.0420822
0.0841644
0.364712
0.280548
0
0.238466
0.0140274
0.448877
0.0140274
0.0981918
0.406795
0
0.631233
0.168329
0.0140274
0.37874
0.561096
0.112219
0.0280548
1.08011
0.196384
0
0.112219
0
0.448877
0.0140274
0
0
0
0
0.0981918
0.0841644
0.280548
0.0140274
0.0981918
0.112219
0.0841644
0.0140274
0.0981918
0.687342
0.070137
0.0140274
0.0561096
0
0.406795
0
0.252493
0.476932
0.0140274
0.224438
0.0841644
0.308603
0.308603
0.0280548
0.350685
0
0.238466
0.771507
0.0140274
0.350685
0.224438
0.743452
0
0
0
0.476932
0.392767
0.561096
0.476932
0.0280548
0.0561096
0
0.154301
0.0140274
0.350685
0.0280548
0.308603
0.0561096
0.841644
0.0140274
0.182356
0.561096
0
0
0.126247
0
0.533041
0.0140274
0.603178
0.0140274
0.855671
0.210411
0.0140274
0.434849
0.434849
0
0.112219
0.154301
0.462904
0
0.140274
0.771507
0
0
0.224438
0
0.0841644
0.252493
0.224438
0.0140274
0.070137
0.0981918
0
0.280548
0
0.0280548
0.575123
0.364712
0.547068
0.0140274
0
0.462904
0
0.140274
0
0.168329
0
0.210411
0.448877
0.0841644
0.196384
0.0140274
0.0140274
0
0.0420822
0.392767
0
0.182356
0.561096
1.03803
0.0140274
0.0140274
0.224438
0.0981918
0.0420822
0.533041
0.631233
0.0280548
0.0420822
0.0140274
0
0.406795
0.813589
0
0.392767
0.70137
0
0.37874
0.0841644
0
0.070137
0
0.182356
0.0420822
0.252493
0.126247
0.0561096
0
0.182356
0.771507
0.182356
0.70137
0.0280548
0.32263
0
0.0981918
0.182356
0.0420822
0.112219
0.126247
0.266521
0.336658
0
0.070137
0.224438
0.32263
0
0.0981918
0.280548
0.0140274
0.168329
0.154301
0.0140274
0.140274
0
0.168329
0.37874
0.799562
0.140274
0
0.0420822
0.0420822
0.252493
0
0
0.238466
0.490959
0.266521
0.0140274
0.140274
0.953863
0.32263
0.575123
0.280548
0.238466
0
0.406795
0.308603
0.126247
0.0841644
0.0140274
0.154301
0.266521
0.336658
0
0.0420822
0.0140274
0.140274
0
0.070137
0.37874
0.0841644
0.126247
0
0.392767
0.490959
0
0.0420822
0.743452
0.561096
0.140274
0.0280548
0.294575
0.504986
0.350685
0.266521
0.561096
0.112219
0.392767
0
0
0.37874
0.547068
0.0140274
0.308603
0
0.0140274
0
0.0140274
0.0140274
0.224438
0.070137
0.0561096
0.0420822
0.224438
0
0
0
0.266521
0
0
0.603178
0
0
0.0140274
0.0140274
0
0.182356
0.476932
0
0.210411
0.210411
0.490959
0.0140274
0.0420822
0
0.476932
0.603178
0.519014
0.196384
0.182356
0.154301
0.168329
0
0.224438
0.196384
0.336658
0
0.336658
0.0981918
0.238466
0
0.070137
0.294575
0.0280548
0.0561096
0.0140274
0.350685
0.154301
0.0140274
0
0.462904
0.0561096
0.210411
0.196384
0
0
0.0420822
0.0841644
0
0.126247
0
0.0561096
0.336658
0.0280548
0
0
0.0561096
0.112219
0.37874
0.280548
0
0.603178
0.238466
0.0981918
0.0841644
0
0.757479
0
0.126247
0.0981918
0.224438
0.757479
0
0.112219
0
0.0140274
0.308603
0.0280548
0.434849
0
0.0420822
0.0981918
0
0.336658
0.364712
0.238466
0.140274
0
0.813589
0.126247
0.112219
0.154301
0.0561096
0.490959
0.0140274
0
0.280548
0.0280548
0.631233
0.0140274
0
0.37874
0
0.0561096
0
0.603178
0.112219
0.687342
0.96789
0
0
0
0
0.687342
0.462904
0.294575
0.308603
0.126247
0.476932
0.0841644
0
0.0841644
0
0.168329
0
0.953863
0.168329
0.126247
0.37874
0.0280548
0
0.182356
0.0561096
0
0.224438
0
0.37874
0
0
0.224438
0.0280548
0.533041
0.687342
0.196384
0.462904
0.0841644
0.0280548
0.0420822
0.210411
0.0280548
0.0140274
0.070137
0.897753
0.0280548
0.406795
0
0.238466
0.547068
0.364712
0.519014
0.294575
1.00997
0.224438
0
0
0.126247
0.364712
0.32263
0.0561096
0
0.589151
0.140274
0.0280548
0.392767
0
0
0.168329
0.0140274
0.294575
0.350685
0.0420822
0.112219
0.0420822
0
0.0841644
0
0.799562
0.140274
0.0280548
0
0.252493
0
0
0.168329
0.813589
0.0420822
0.0561096
0.0420822
0
0.0140274
0.476932
0
0
0
0
0
0.392767
0.0981918
0.252493
1.10816
0.280548
0.519014
0
0
0.0280548
0.364712
0.0140274
0.0140274
0.64526
0.0140274
0.561096
0.0981918
0
0.070137
0.785534
0.603178
0.0280548
0.37874
0.0561096
0.392767
0.490959
0.238466
0.0841644
0
0.140274
0.392767
0.0420822
0.252493
0.252493
0.308603
0.126247
0
0.070137
0.140274
0.0140274
0.603178
0.0420822
0.112219
0.0140274
0.154301
0.350685
0.869699
0.0561096
0.0140274
0.308603
0
0.420822
0.0841644
0.0280548
0
0
0.196384
0
0.32263
0.519014
0.0140274
0.126247
0.617206
0.140274
0.0841644
0.575123
0
0.462904
0
0.0841644
0.308603
0.533041
0
0.0981918
0.0140274
0.0140274
0
0.126247
0
0.336658
0.0140274
0
0.0561096
0.0140274
0.64526
0.154301
0
0.533041
0.0561096
0.0561096
0.182356
0.448877
0.182356
0.0280548
0.0280548
0.154301
0.0420822
0.0140274
0.252493
0
0.070137
0.37874
0.294575
0
0.0981918
0.364712
0.0140274
0.0841644
0.0140274
0.238466
0.603178
0.0140274
0.168329
0.238466
0.224438
0.0981918
0
0.0140274
0.504986
0.420822
0.0140274
0.0140274
0.070137
0.070137
0.476932
0.64526
0.196384
0.519014
0
0.0420822
0.519014
0.37874
0.0561096
0.168329
0.0280548
0
0.547068
0
0
0.140274
0
0.0561096
0
0.224438
0.196384
0
0
0.350685
0.126247
0.64526
0.336658
0
0.0280548
0.224438
0.266521
0.799562
0
0.196384
0.280548
0.336658
0
0.126247
0
0.0841644
0.0280548
0.0140274
0.883726
0
0.0140274
0
0.434849
0.266521
0
0.0981918
0.0420822
0
0.841644
0.490959
0.350685
0
0.757479
0.32263
0.224438
0.0420822
0
0.252493
0.589151
0.0140274
0.0140274
0.631233
0
0
0.126247
0
0
0.0280548
0.0981918
0.0420822
0.476932
0.126247
0.0841644
0.406795
0.392767
0.238466
0.37874
0
0
0.0280548
0.0841644
0.0140274
0.0561096
0.0140274
0.448877
0
0.252493
0
0
0.0140274
0.224438
0.0420822
0
0.476932
0.0420822
0.743452
0.308603
0.224438
0.490959
0.112219
0
0.252493
0.575123
0.252493
0.533041
0.126247
0.252493
0.210411
0.406795
0
0.0140274
0.0981918
0.336658
0.308603
0
0.476932
0.280548
0.196384
0
0.757479
0.0420822
0.196384
0.210411
0.0140274
0
0.0841644
0.266521
0.126247
0.364712
0.0561096
0.140274
0.434849
0.0140274
0
0.0140274
0.0981918
0.533041
0.182356
0.448877
0.64526
0.224438
0
0.0981918
0.547068
0.364712
0.294575
0.883726
0.252493
0.336658
0.070137
0
0.70137
0.224438
0
0
0.0140274
0.32263
0.126247
0.238466
0.140274
0.252493
0.575123
0
0.154301
0
0
0.070137
0.0140274
0.238466
0.140274
0.252493
0.210411
0.0561096
0.0841644
0.603178
0.0280548
0.0981918
0.0140274
0
0.140274
0.0280548
0.364712
0.168329
0.406795
0.420822
0.0420822
0
0.533041
0.070137
0.182356
0
0.32263
0
0.0140274
0.757479
0
0.182356
0.308603
0
0.673315
0.37874
0
0.0140274
0
0.0981918
0.659288
0.420822
0.154301
0.154301
0.519014
0
0.140274
0.547068
0
0.32263
0
0
0.0561096
0.32263
0
0
0
0.252493
0.0981918
0
0
0.0140274
0.154301
0
0.0280548
0
0
0
0
0.462904
0.210411
0.434849
0
0.490959
0
0
0.0280548
0.280548
0.0420822
0
0.0140274
0.0140274
0.140274
0.561096
0.0420822
0.266521
0.0280548
0.0981918
0.280548
0.070137
0.126247
0.168329
0.0280548
0.252493
0.0140274
0
0
0.350685
0
0.673315
0.434849
0.252493
0.0140274
0.0140274
0.0140274
0.0561096
0.126247
0.0140274
0.238466
0
0.70137
0
0.0280548
0
0
0.280548
0
0.37874
0.0420822
0.294575
0.210411
0
0.0420822
0.0561096
0
0.0561096
0.0280548
0.448877
0.0981918
0
0.070137
0
0
0
0.462904
0.0280548
0
0.0140274
0.0981918
0.196384
0
0
0
0
0
0
0.0140274
0.182356
0.32263
0
0.336658
0.364712
0.715397
0.589151
0.0140274
0.462904
0.0140274
0.112219
0.252493
0.448877
0.0140274
0.182356
0.0420822
0.0561096
0.0140274
0.715397
0
0.252493
0.813589
0
0.0841644
0
0
0.154301
0.519014
0.37874
0.336658
0.294575
0
0
0
0.0140274
0.224438
0.70137
0.070137
0.406795
0
0.112219
0
0.32263
0
0.420822
0.252493
0.392767
0
0.757479
0.252493
0.0981918
0
0.0140274
0
0
0
0
0.0140274
0.238466
0.0561096
0.0280548
0
0
0
0.280548
0
0.0140274
0.0140274
0
0.0140274
0
0
0.490959
0.112219
0.252493
0
0.182356
0.0561096
0
0.252493
0.112219
0.0140274
0
0.126247
0
0.364712
0.561096
0.0140274
0.112219
0
0
0.0841644
0
0.238466
0.0140274
0.0140274
0.0420822
0
0
0
0
0.182356
0.140274
0.519014
0.0140274
0
0.504986
0.939836
0
0.0280548
0.0280548
0.70137
0
0.0280548
0.490959
0
0.364712
0
0
0
0.196384
0.925808
0
0.0140274
0.70137
0.0140274
0.0280548
0
0
0
0.238466
0.294575
0.0981918
0.0280548
0
0.0280548
0
0
0
0.70137
0.0841644
0.238466
0.0140274
0
0.154301
0.210411
0.0420822
0.0140274
0
0.266521
0
0.140274
0.070137
0.32263
0.0280548
0.490959
0
0.32263
0
0
0
0.308603
0.434849
0.0140274
0
0.476932
0.589151
0.392767
0.0841644
0.953863
0.476932
0
0.519014
0
0.0280548
0
0.070137
0.0140274
0.519014
0.0140274
0.0420822
0.126247
0.490959
0
0.617206
0.0140274
0.0280548
0.448877
0.37874
0
0.673315
0
0.168329
0
0.799562
0.462904
1.024
0
0.0280548
0.266521
0
0
0.168329
0.32263
0.0140274
0.392767
0
0.168329
0.0140274
0
0.126247
0.0561096
0.0841644
0
0.0140274
0
0
0.196384
0.0841644
0.0140274
0
0
0
0
0.0561096
0.490959
0
0.210411
0.294575
0.336658
0
0.0561096
0.0420822
0.0981918
0.0140274
0
0
0.0981918
0.252493
0.0140274
0.64526
0.743452
0
0.336658
0.0561096
0.0140274
1.03803
0.238466
0
0.252493
0.196384
0.196384
0.70137
0
0.196384
0.336658
0.252493
0
0.392767
0.799562
0
0
0.196384
0.448877
0.308603
0.603178
0.266521
0
0
0.350685
0.252493
0.0841644
0.238466
0.70137
0
0.168329
0.308603
0.126247
0
0.0561096
0.64526
0.238466
0.0140274
0.154301
0
0.37874
0.252493
0.182356
0
0.0280548
0.841644
0.0841644
0
0.547068
0.729425
0
0.869699
0.0841644
0.294575
0.0140274
0
0.0420822
0
0.196384
0.168329
0
0.210411
0.0841644
0
0.0841644
0
0.0561096
0.0420822
0.126247
0.126247
0.490959
0.350685
0
0.575123
0.939836
0.855671
0.0140274
0.687342
0.0420822
0
0.561096
0
0
0
0.0561096
0
0
0.238466
0
0.462904
0
0.112219
0
0.070137
0.0140274
0
0
0
0
0.364712
0.434849
0
0
0.0420822
0.0420822
0.0841644
0
0.126247
0.0140274
0.154301
0.0280548
0.0140274
0.070137
0.0140274
0
0
0.0420822
0
0.0561096
0
0.0140274
0.0280548
0.0140274
1.00997
0.0981918
0
0.0280548
0
0.0420822
0.0420822
0.196384
0.280548
0.154301
0.631233
0.406795
0.0140274
0
0
1.20636
0
0.0561096
0
0.182356
0.0420822
0.0280548
0.0140274
0.0140274
0.196384
0.0420822
0.0561096
0
0.771507
0
0.0140274
0.070137
0.0280548
0.589151
0.0420822
0.238466
0.266521
0.280548
0.0561096
0.0140274
0
0
0.0841644
0.0561096
0.112219
0.0140274
0.0420822
0
0.224438
0
0
0.252493
0
0
0.070137
0
0.252493
0
0.0420822
0.0420822
0.336658
0
0
0.140274
0
0
0.0841644
0.112219
0.0841644
0.0420822
0
0.519014
0
0.252493
0.224438
0.154301
0.364712
0.448877
0.0420822
0.266521
0
0
0.841644
0
0.126247
0
0
0
0
0.0280548
0.224438
0.476932
0.350685
0
0.266521
0
0
0.280548
0.140274
0
0
0
0.0140274
0.182356
0.252493
0.0420822
0.32263
0.196384
0
0
0.210411
0.617206
0.0140274
0.0140274
0.154301
0.32263
0
0.0140274
0.224438
0.32263
0
0.0140274
0.0280548
0.266521
0.0280548
0.785534
0
0
0
0.0140274
0
0
0.533041
0
0
0.813589
0
0.0981918
0.336658
0.140274
0.112219
0.0140274
0.0280548
0.336658
0.0841644
0
0.0140274
0.070137
0.280548
0.631233
0
0
0.476932
0.0140274
0
0
0
0.210411
0.280548
0
0.827616
0.364712
0.280548
0.0420822
0
0.0981918
0
0
0.126247
0.0140274
0.294575
0
0
0
0.0140274
0.0420822
0.210411
0
0
0.0280548
0.070137
0
0.308603
0
0.266521
0.476932
0
0
0.771507
0.0140274
0
0
0
0.238466
0.168329
0
0.196384
0
0.757479
0.140274
0.0981918
0
0.0981918
0
0.0561096
0
0
0.32263
0
0.0561096
0.308603
0.0561096
0
0
0
0.182356
0
0
0.0841644
0.308603
0
0.0841644
0.603178
0.0280548
0.462904
0
0
0.280548
0.0420822
0
0.294575
0
0.308603
0.0280548
0
0.0140274
0.0841644
0.280548
0.0420822
0
0.561096
0.280548
0.0420822
0.210411
0.0140274
0.308603
0.070137
0.364712
0
0.252493
0
0.0140274
0.0280548
0.0140274
0
0.617206
0
0.575123
0.0841644
0.0140274
0
0
0.350685
0.476932
0.154301
0.070137
0.336658
0
0.210411
0
0.182356
0.0140274
0.0841644
0.182356
0
0.238466
0.0140274
0.0420822
0
0
0
0.70137
0.168329
0.37874
0.519014
0.182356
0
0
0.140274
0
0.0420822
0.280548
0.32263
0.112219
0
0.224438
0.0280548
0
0.350685
0.0420822
0.406795
0.925808
0.0841644
0
0
0.308603
0.490959
0.126247
0.785534
0.0140274
0
0.0140274
0
0.140274
0
0.603178
0.0420822
0
0
0.0561096
0.32263
0.336658
0.0280548
0.631233
1.00997
0.364712
0
0.0561096
0
0
0
0.0981918
0.238466
0
0
0.0841644
0
0.0280548
0.266521
0
0.476932
0
0
0
0.0140274
0
0.490959
0
0
0
0.799562
0.112219
0
0
0.0140274
0.0561096
0.0280548
0.210411
0
0.0841644
0
0.37874
0
0.0561096
0.0140274
0
0
0.0140274
0.0280548
0
0.448877
0
0
0.168329
0.883726
0.294575
0.070137
0.182356
0
0.64526
0.182356
0.0981918
0
0.070137
0.813589
0.0140274
0.154301
0
0
0.070137
0.224438
0
0.883726
0.533041
0
0.238466
0
0.504986
0.0981918
0
0
0.154301
0
0
0
0.0561096
0.0280548
0.182356
0.0420822
0
0.126247
0.0841644
0.364712
0.224438
0.0841644
0
0.168329
0.0140274
0
0.182356
0.0420822
0
0.0420822
0
0
0
0
0
0.168329
0.406795
0.140274
0
0.0280548
0.0981918
0
0
0
0.0140274
0.0981918
0.336658
0
0
0.490959
0.238466
0
0
0.0841644
0
0
0
0.070137
0.252493
0
0.0140274
0.0140274
0.0140274
0.0420822
0
0
0.280548
0.406795
0
0.336658
0.0981918
0
0.939836
0.0280548
0.0981918
0.140274
0.0420822
0
0.406795
0.252493
0
0.0280548
0
0
0.0981918
0.603178
0.238466
0
0.0140274
0.406795
0
0.37874
0.0841644
0.0561096
0.64526
0.434849
0
0
0.294575
0.126247
0.280548
0
0.224438
0.561096
0
0
0.070137
0
0.0280548
0
0.0420822
0.0280548
0
0.0420822
0.0561096
0
0
0
0.140274
0.350685
0.519014
0.406795
0.434849
0.0420822
0.0420822
0
0
0.196384
0.0561096
0
0.0280548
0.182356
0.434849
0.0140274
0.252493
0.631233
0.0561096
0
0.280548
0.0280548
0
0.196384
0.154301
0.0420822
0.154301
0.112219
0
0.308603
0
0
0.238466
0.210411
0.0561096
0.490959
0.070137
0.364712
0.252493
0
0.0561096
0.0140274
0
0.168329
0.168329
0
0.715397
0.0420822
0.210411
0
0
0.070137
0.224438
0
0.37874
0
0.476932
0.406795
0.70137
0.154301
0.126247
0.182356
0.182356
0.589151
0.0280548
0.37874
0.280548
0.252493
0.336658
0.617206
0.0561096
0.32263
0.547068
0.280548
0.519014
0.0140274
0.364712
0.0140274
0.070137
0.533041
0.0280548
0.112219
0
0.364712
0
0.140274
0.224438
0.771507
0.0561096
0.631233
0
0.0140274
0
0.462904
0.280548
0
0.533041
0.0561096
0.420822
0.210411
0.64526
0.631233
0.070137
0.070137
0.0561096
0.617206
0.925808
0.659288
0.126247
0.070137
0.070137
0
0.140274
0.785534
0
0.112219
0.210411
0.434849
0.280548
0.154301
0.126247
0.238466
0.112219
0.350685
0.182356
0.448877
0.434849
0.154301
0.0280548
0
0.350685
0.112219
0.070137
0
0.238466
0.140274
0.238466
0.0140274
0.0981918
0.168329
0
0.0140274
0.280548
0
0.154301
0
0.392767
0.0140274
0.266521
0.210411
0.350685
0.0981918
0.392767
0.0841644
0.462904
0.308603
0
0.0841644
0.210411
0.238466
0.406795
0
0
0.070137
0.112219
0.547068
0.182356
0.589151
0.238466
0
0.420822
0.0420822
0.0140274
0
0.266521
0.238466
0
0.0140274
0.308603
0.0420822
0
0.434849
0.308603
0.0140274
0
0.0280548
0.140274
0.504986
0.140274
0.140274
0.224438
0.182356
0.0280548
0.070137
0.112219
0
0.0140274
0
0
0.476932
0.0841644
0.308603
0.154301
0.420822
0.533041
0.0841644
0
0.547068
0.154301
0.070137
0.182356
0.238466
0
0.0140274
0.533041
0.0280548
0.0981918
0.0140274
0
0
0.0140274
0.462904
0.448877
0
0
0.659288
0.0561096
0.0140274
0.32263
0.280548
0
0
0.196384
0
0
0.196384
0.126247
0
0
0
0.0140274
0.0280548
0.0420822
0.0140274
0.0420822
0.252493
0.70137
0.196384
0.168329
0.0140274
0.37874
0.0841644
0.266521
0.0561096
0.224438
0.210411
0.406795
0.0981918
0.154301
0.0420822
0.0841644
0
0.182356
0.0420822
0.140274
0.070137
0.0841644
0.0981918
0.32263
0.070137
0
0.0420822
0
0.757479
0.070137
0.336658
0.224438
0.0561096
0.266521
0
0.154301
0.364712
0.210411
0.280548
0
0
0.280548
0.743452
0
0
0
0.154301
0
0.0280548
0.603178
0
0.0280548
0.252493
0.126247
0.0420822
0.224438
0.0420822
0.32263
0.96789
0.0140274
0.0420822
0
0.0140274
0.154301
0.0140274
0
0
0.519014
0.0841644
0.0140274
0.196384
0
0
0.0140274
0.238466
0.308603
0
0.406795
0.070137
0.252493
0.406795
0.0420822
0.0420822
0.294575
0.336658
0
0.224438
0
0
0
0
0.112219
0.392767
0.0280548
0.0280548
0.112219
0.0140274
0.0140274
0
0.0420822
0.0561096
0.476932
0.406795
0
0.140274
0.0561096
0.196384
0.448877
0.238466
0.070137
0.392767
0.0140274
0.140274
0
0.112219
0.0140274
0.0420822
0.0841644
0.266521
0.0140274
0.0140274
0.140274
0
0.280548
0.589151
0.0280548
0.126247
0.406795
0.224438
0.238466
0.266521
0.238466
0
0.0140274
0
0.112219
0.210411
0
0.519014
0.266521
0.154301
0.0981918
0
0
0.126247
0.911781
0.0561096
0.070137
0
0.0280548
0
0.32263
0
0.336658
0.126247
0
0.238466
0.224438
0
0.112219
0.336658
0
0.0140274
0
0.0981918
0.0561096
0.070137
0
0
0
0.112219
0.252493
0.0280548
0.266521
0.743452
0
0.406795
0.266521
0
0.112219
0
0.504986
0.504986
0.350685
0.196384
0.0140274
0.37874
0.0280548
0.0280548
0
1.05205
0.490959
0.266521
0.140274
0.280548
0.182356
0
0
0.448877
0
0
0.392767
0
0.813589
0.070137
0
0
0.0420822
0.434849
0.350685
0.519014
0.238466
0.238466
0.420822
0.364712
0
0.182356
0.0420822
0.0981918
0.32263
0
0
0
0.0981918
0
0.462904
0.126247
0.266521
0.168329
0.757479
0
0
0.0981918
0.126247
0.0140274
0.603178
0.0841644
0.631233
0
0.32263
0.0280548
0.0280548
0.0140274
0
0.224438
0.070137
0.308603
0.182356
0
0.0561096
0
0.266521
0
0.182356
0.0140274
0.238466
0.364712
0.294575
0.0140274
0.224438
0.266521
0.32263
0.266521
0
0.32263
0.0420822
0.37874
0.925808
0.126247
0
0
0
0
0.210411
0
0.238466
0
0.0981918
0.126247
0.0140274
0.238466
0.827616
0
0.0420822
0.280548
0.252493
0.336658
0.32263
0.785534
0.0280548
0.0981918
0.617206
0
0
0.0841644
0.294575
0.112219
0.0981918
0.070137
0.0420822
0.0841644
0
0.0280548
0
0.0280548
0
0.154301
0.182356
0.575123
0.0280548
0.0140274
0.0420822
0.0140274
0.168329
0.37874
0.0420822
0.0140274
0.32263
0
0.0981918
0.182356
0.0140274
0
0.504986
0.855671
0.0140274
0.0140274
0.266521
0.0561096
0
0
0.196384
0.729425
0.729425
0
0.126247
0
0.37874
0.448877
0
0.196384
0.0280548
0.0420822
0.533041
0.547068
0.224438
0.168329
0.434849
0.266521
0
0.0140274
0
0.280548
0
0
0.182356
0.490959
0.0140274
0.0140274
0.224438
0.238466
0.392767
0
0
0
0
0.0280548
0.112219
0.238466
0.476932
0.0420822
0.070137
0.182356
1.09414
0.490959
0
0.112219
0.140274
0.224438
0
0.126247
0.504986
0.743452
0.112219
1.03803
0
0.589151
0.224438
0.0280548
0.504986
0
0
0
0
0.0420822
0.070137
0.0420822
0
0.0420822
0
0.659288
0.070137
0.0981918
0.070137
0.575123
0.182356
0.196384
0.603178
0.420822
0.210411
0
0.070137
0.112219
0.0140274
0.589151
0.0420822
0.0140274
0.224438
0.294575
0.0420822
0.392767
0.168329
0.0420822
0.0561096
0.350685
0.0280548
0.350685
0.0280548
0.112219
0.140274
0.0140274
0
0
0
0
0.0420822
0.0140274
0.112219
0.589151
0.196384
0.336658
0.070137
0
0.771507
0.154301
0
0.280548
0.210411
0
0.37874
0.364712
0.0140274
0.0561096
0.504986
0.0420822
0.0841644
0.0140274
0.476932
0
0.070137
0.364712
0.32263
0.336658
0.561096
0.112219
0.140274
0.126247
0.855671
0.350685
0
0
0.448877
0.0841644
0.070137
0
0.182356
0.0561096
0.0280548
0.0280548
0.603178
0.266521
0.0140274
0.140274
0.0420822
0.0140274
0.350685
0.603178
0.112219
0
0.0561096
0.0561096
0.392767
0.126247
0.448877
0.0280548
0.0841644
0
0.0140274
0.168329
0.126247
0.224438
0.0981918
0.112219
0.070137
0
0.939836
0.070137
0.280548
0.112219
0
0.154301
0.0140274
0
0.0981918
0.0280548
0.0280548
0
0.490959
0.182356
0
0
0
0.224438
0.196384
0.0140274
0.0420822
0.0280548
0.70137
0
0.392767
0.210411
0.364712
0.0280548
0
0.533041
0.112219
0.0420822
0.308603
0.252493
0.0140274
0.631233
0.154301
0
0.0280548
0.224438
0
1.22038
0.336658
0
0.617206
0.070137
0.631233
0.715397
0.715397
0.561096
0.841644
0.0280548
0.0561096
0.112219
0.617206
0.504986
0.0140274
0.0140274
0.490959
0
0.280548
0.154301
0.0280548
0.294575
0.154301
0.434849
0.0140274
0
0.294575
0.37874
0
0.0140274
0.210411
0.336658
0.196384
0.0140274
0.070137
0.37874
0.0140274
0.308603
0.224438
0
0.0280548
0.0561096
0.294575
0.406795
0
0.070137
0.64526
0.603178
0
0
0.434849
0.0140274
0.070137
0.476932
0
0.0841644
0
0.0280548
0.434849
0.434849
0.308603
0.280548
0.504986
0.0140274
0.154301
0.0561096
0.0140274
0.266521
0.64526
0
0.406795
0
0.168329
0.32263
0.210411
0.364712
0.0420822
0
0.392767
0.280548
0
0.0420822
0.140274
0
0.448877
0.0140274
0.0420822
0.462904
0.252493
0.575123
0.0140274
0.070137
0.0561096
0.0140274
0.210411
0
0.448877
0.0420822
0.266521
0.210411
0.252493
0
0.070137
0.154301
0.37874
0.126247
0
0.0841644
0.112219
0.0420822
0.070137
0.182356
0.420822
0.182356
0
0.883726
0.0280548
0.533041
0
0.0420822
0.0561096
0.280548
0.196384
0.448877
0
0.799562
0.126247
0.0280548
0
0.140274
0.0981918
0
0
0.224438
0.0561096
0.140274
0.154301
0
1.13622
0.0140274
0.350685
0.841644
0.126247
0
0.168329
0.462904
0.168329
0.490959
0.0420822
0.238466
0.462904
0
0
0.603178
0.182356
0
0
0
1.03803
0.196384
0
0.0420822
0.0420822
0.070137
0.308603
0.687342
0.519014
0.0561096
0.210411
0
0.350685
0.0140274
0
0.182356
0.280548
0.504986
0.589151
0.154301
0.434849
0.140274
0
0
0.533041
0.112219
0.687342
0.0841644
0.476932
0.070137
0.547068
0.210411
0.420822
0.0981918
0.0140274
0.448877
0.210411
0
0.154301
0
0.140274
0.238466
0.434849
0.210411
0.64526
0
0.210411
0.252493
0.504986
0
0.0280548
0.0420822
0.196384
0.0420822
0
0.364712
0.37874
0.0280548
0.0280548
0.140274
0.32263
0.280548
0.434849
0.0981918
0
0.126247
0
0
