0.0710289
0.0236763
0
0
0
0.0236763
0
0
0
0
0
0.0118382
0
0
0
0.591908
0.0591908
0.0947052
0.0236763
0
0.0118382
0
0.0118382
0
0
0.0355145
0
0.0591908
0.0236763
0
0
0
0.0591908
0
0.0710289
0.0236763
0.177572
0
0
0
0
0
0
0
0
0
0
0
0
0
0.0118382
0
0.0118382
0
0
0
0.0236763
0.0118382
0
0
0.390659
0
0.0118382
0
0
0.0118382
0
0
0
0.118382
0
0
0
0.0118382
0
0
0.0710289
0
0
0
0
0
0
0.0355145
0
0
0
0
0
0
0.0355145
0.0118382
0
0
0
0
0
0
0
0
0.0118382
0
0.0236763
0.0591908
0
0
0.153896
0
0.402497
0
0
0.0118382
0
0
0
0
0.0236763
0.142058
0
0
0
0
0
0.355145
0.0473526
0.0118382
0.0236763
0
0
0
0
0
0
0
0
0
0
0
0.0118382
0
0
0
0
0
0
0.0118382
0.0710289
0
0
0
0.0710289
0
0
0.0355145
0
0
0.0118382
0
0.0118382
0
0
0
0.0118382
0
0
0
0
0
0
0.0473526
0
0
0
0
0
0
0.0118382
0
0.213087
0.0236763
0
0
0
0
0
0
0
0
0
0
0
0
0
0.0118382
0
0.0118382
0
0
0.0473526
0.082867
0
0.0118382
0
0.0118382
0
0.0118382
0
0
0
0
0
0
0.0236763
0.0118382
0
0
0
0
0.0118382
0.0118382
0
0
0
0
0.0236763
0
0.0947052
0
0.0118382
0
0
0.0118382
0.0118382
0
0
0
0
0.0236763
0
0.0236763
0
0.0118382
0
0.0118382
0
0.0118382
0
0.0118382
0
0
0.0591908
0.0710289
0
0
0
0
0
0
0
0
0
0
0
0
0
0
0
0
0.0118382
0
0
0.0118382
0
0
0.0118382
0
0
0
0.0236763
0
0
0.0118382
0
0
0
0.165734
0.0118382
0
0
0
0
0
0
0.0118382
0
0
0
0.0118382
0.0118382
0
0
0
0
0.0118382
0
0
0.0947052
0
0.082867
0.236763
0
0
0
0.0118382
0
0.0118382
0
0
0.0118382
0
0
0
0
0.0118382
0
0
0
0
0
0
0
0
0
0.0118382
0
0.0355145
0
0
0.213087
0
0.0118382
0.0473526
0
0
0
0
0.0591908
0
0
0.0118382
0
0
0
0
0
0
0
0
0
0.0355145
0
0
0
0
0
0.0355145
0.0118382
0
0
0
0.0118382
0
0
0
0.0118382
0
0
0
0
0
0
0.0118382
0
0.0236763
0
0.0118382
0
0
0
0
0
0.0355145
0
0.0236763
0.0236763
0
0
0
0.0355145
0.236763
0
0
0
0
0
0
0
0
0.0473526
0
0
0.651098
0
0.106543
0.366983
0.0118382
0
0
0
0.0473526
0
0
0.284116
0
0
0
0
0
0
0.295954
0
0
0.0118382
0
0
0
0
0
0
0.0118382
0
0
0
0
0.0118382
0.0118382
0
0
0.0236763
0.106543
0
0
0.603746
0
0
0
0
0
0.0118382
0
0
0.0118382
0
0.213087
0.0355145
0
0
0
0
0
0.0473526
0.213087
0
0
0
0.414335
0.0236763
0
0
0.118382
0
0
0
0
0
0.0355145
0
0.0591908
0
0
0.284116
0.0710289
0
0.0947052
0
0
0.0355145
0.0236763
0
0
0
0.0355145
0
0
0
0
0
0.213087
0
0
0
0.0236763
0
0
0
0
0.0355145
0
0
0.0118382
0.0355145
0.0118382
0
0
0.0118382
0
0.0118382
0
0
0
0.0236763
0
0.0236763
0
0.0355145
0.0591908
0
0
0.0355145
0
0.0118382
0
0
0.142058
0
0
0
0
0.0118382
0
0
0
0
0.366983
0.50904
0
0
0
0
0
0
0.0118382
0
0
0
0
0.0118382
0.0236763
0.355145
0
0
0.177572
0.0355145
0.0355145
0
0
0.0236763
0.0236763
0.0947052
0
0
0
0
0
0
0
0
0
0.0473526
0
0
0.0118382
0
0
0.0355145
0.0118382
0
0
0
0.0473526
0.0118382
0
0
0
0
0
0.0118382
0.0118382
0.0591908
0
0
0
0.0473526
0.082867
0
0
0
0.224925
0
0
0.0118382
0
0
0.0118382
0
0
0
0
0
0
0
0
0
0.0355145
0
0.118382
0
0
0
0
0
0
0
0.0118382
0
0.0118382
0
0
0
0
0
0
0
0
0
0.0355145
0.0118382
0
0.0118382
0
0
0
0.0236763
0
0
0.0118382
0.0947052
0
0
0
0.0118382
0
0
0
0
0.0118382
0.0236763
0
0
0.0236763
0
0
0
0
0
0
0
0
0
0
0.13022
0
0.236763
0
0
0
0
0
0
0
0.0118382
0
0.0118382
0
0
0
0
0
0.0118382
0.0118382
0
0.0591908
0
0
0.0236763
0
0
0
0
0
0.0118382
0
0.0236763
0
0
0
0
0
0
0
0.0236763
0
0.378821
0
0
0
0.0355145
0.0355145
0
0
0
0.0473526
0.0118382
0
0
0.0118382
0.0118382
0.0473526
0
0
0.118382
0
0
0.0473526
0
0
0
0
0
0
0
0
0.0236763
0
0
0
0.0118382
0.0118382
0
0.426173
0
0
0.082867
0.165734
0
0
0
0
0
0
0.0236763
0
0
0
0
0
0
0.0118382
0
0
0
0
0
0
0.0236763
0
0
0.0118382
0
0
0
0
0
0
0.0118382
0
0.0236763
0
0
0
0
0.0118382
0
0
0
0
0.0473526
0
0
0
0.0355145
0.0473526
0.0118382
0
0
0
0
0
0.236763
0.0118382
0.0118382
0
0
0.0236763
0
0
0
0
0
0.0947052
0.165734
0
0
0
0
0
0
0.0118382
0
0
0
0
0.082867
0
0
0
0
0
0
0.13022
0.0473526
0
0.0947052
0
0
0
0
0.0355145
0.343306
0
0
0.0118382
0
0
0
0
0
0
0
0
0
0.0236763
0
0.0473526
0
0.0118382
0.082867
0
0
0.0473526
0.0118382
0
0.0236763
0
0
0.0118382
0.0355145
0.0236763
0
0
0
0.0118382
0.0591908
0.0118382
0
0
0
0
0.331468
0.236763
0
0
0
0
0.0118382
0.0118382
0
0
0
0.0118382
0
0.0118382
0
0.0947052
0
0
0
0
0
0
0.0355145
0
0
0.0118382
0
0
0
0
0
0
0.0118382
0
0
0
0.0355145
0
0
0.0118382
0.0473526
0.0118382
0
0
0.0236763
0.0118382
0.118382
0.153896
0.0236763
0
0
0
0
0
0
0
0
0
0
0
0
0
0
0
0
0.0118382
0
0
0.0118382
0
0
0
0.0236763
0.0118382
0
0
0
0.0355145
0
0.0710289
0
0
0.0118382
0
0.0118382
0
0
0
0
0
0
0
0.142058
0.674775
0.18941
0.18941
0.331468
0.142058
0.343306
0.18941
0.0355145
0.580069
0.544555
0.0947052
0.426173
0.0473526
0.651098
0.580069
0
0.248601
0.0118382
0
0.0236763
0.0118382
0.580069
0
0.0473526
0.0118382
0
0.0236763
0.0473526
0
0.426173
0.674775
0.0118382
0
0.31963
0.236763
0.153896
0.118382
0.343306
0.0118382
0.698451
0.0118382
0.0118382
0.568231
0
0.0236763
0.0355145
0.177572
0.082867
0.0236763
0.118382
0
0.201249
0.307792
0.876023
0.378821
0.31963
0.0355145
0.544555
0.0473526
0.0947052
0.142058
0.165734
0.082867
0
0.994405
0.224925
0.295954
0.0118382
0
0.0236763
0.224925
0.0118382
0
0.153896
0.378821
0.366983
0.947052
0.224925
0.0355145
0.0118382
0.0118382
0.473526
0
0.106543
0.366983
0.295954
0.31963
0.0710289
0.0118382
0
0.923376
0.343306
0.662936
0.201249
0.307792
0
0.0355145
0.13022
0.0591908
0
0.0947052
0.0118382
0
0.485364
0
0.153896
0
0.0355145
0.213087
0.082867
0
0.366983
0.0236763
0
0.438012
0.461688
0.177572
0.106543
0
0.13022
0.473526
0.343306
0.118382
0.272277
0.50904
1.17198
0
0.177572
0.520879
0.307792
0.722127
0.390659
0.0355145
0.0118382
0.0473526
0.118382
0.44985
0.0118382
0.177572
0.0236763
0
0
0.142058
0.426173
0.0118382
0.177572
0
0.18941
0.13022
0
0.0355145
0.378821
0
0.0947052
0.426173
0.18941
0
0.201249
0.544555
0.118382
0.733965
0.662936
0.18941
0.260439
0.331468
0
0.153896
0
0.0118382
0.0355145
0.118382
0.0473526
0.0947052
0
0.568231
0.13022
0.0118382
0.0118382
0.390659
0.177572
0
0
0.0118382
0.0118382
0.0710289
0
0.0236763
0.520879
0.177572
0.0473526
0
0.236763
0.165734
0.0118382
0
0.0118382
0.331468
0.272277
0
0.106543
0.0236763
0
0.236763
0
0.840509
0.0236763
0.118382
0.0591908
0.13022
0.0236763
0
0.615584
0
0
0.295954
0.307792
0.343306
0.343306
0.804994
0.31963
0.18941
0.224925
0.118382
0
0.355145
0.864185
0.0355145
0.473526
0.50904
0
0.082867
0.0118382
0.0236763
0.224925
0.272277
0.331468
0.0947052
0.911538
0
0.651098
0
0.461688
0.236763
0.224925
0
0
0
0.568231
0.0591908
0.177572
0.0118382
0.355145
0.651098
0.142058
0.082867
0.63926
0.13022
0.118382
0
0.31963
0
0.355145
0
0.0473526
0.0473526
0.390659
0.331468
0.177572
0.355145
0.106543
0.18941
0.153896
0.0236763
0.0118382
0.177572
0
0.44985
0.0236763
0.165734
0.295954
0.0355145
0
0.0710289
0.118382
0.13022
0.0710289
0
0.177572
0.0710289
0.426173
0
0.722127
0.0710289
0.0591908
0.248601
0
0.935214
0.118382
0.343306
0.0355145
0.118382
0.0591908
0.414335
0.201249
0
0.627422
0.0355145
0.0710289
0.106543
0.0947052
0
0.414335
0.31963
0.520879
0.591908
0.18941
0.0473526
0.473526
0.082867
0.272277
0.355145
0.153896
0.0473526
0.0947052
0.0355145
0.0947052
0
0.224925
0.366983
0.236763
0.13022
0.307792
0.082867
0.0710289
0.95889
0.662936
0.0118382
0
0
0
0.0118382
0
0.0710289
0
0
0.485364
0.0355145
0.165734
0
0.485364
0.0118382
0
0.520879
0.201249
0.106543
0.118382
0.0710289
0.580069
0.0236763
0
0.177572
0.0355145
0.082867
0.568231
0.840509
0.307792
0.18941
0.0236763
0.591908
0.0236763
0.722127
0.177572
0.118382
0.165734
0.307792
0.260439
0.224925
0.307792
0.18941
0.213087
0.13022
0.426173
0.355145
0
0.118382
0
0.295954
0.50904
0.224925
0.0947052
0
0.63926
0.402497
0
0
0.0355145
0
0
0.0710289
0
0.31963
0
0.165734
0.0947052
0.0118382
0.76948
0.082867
0.520879
0
0.18941
0
0.0591908
0.307792
0.082867
0.0473526
0.260439
0.13022
0.662936
0.224925
0.142058
0.0236763
0.0118382
0
0.248601
0.248601
0.177572
0.698451
0.76948
0.497202
0.165734
0.106543
0.165734
0.426173
0.544555
0.213087
0.272277
0.165734
0.142058
0.272277
0.390659
0.0118382
0.224925
0.520879
0.118382
0.722127
0.13022
0
0.662936
0.18941
0.366983
0
0.31963
0.201249
0.343306
0.390659
0.0236763
0
0.343306
0.177572
0.426173
0.213087
0.153896
0.355145
0.165734
0.0355145
0.0591908
0.0591908
0.106543
0
0
0.165734
0
0
0.201249
0.0118382
0.426173
0.0118382
0.402497
0.165734
0.0118382
0
0.082867
0.402497
0
0.153896
0
0
0.0710289
0.106543
0.118382
0.544555
0.295954
0
0.272277
0.0236763
0.331468
0.390659
0.201249
0.0236763
0.248601
0.343306
0.153896
0.0473526
0.118382
0.0236763
0.461688
0.224925
0.0591908
0
0.50904
0
0.248601
0.153896
0.153896
0.0355145
0.0473526
0.402497
0.580069
0.082867
0.260439
0.260439
0.0236763
0
0.153896
0.366983
0.118382
0.153896
0.118382
0.118382
0.497202
0.13022
0.745803
0.236763
0.0236763
0.662936
0.284116
0.50904
0.63926
0.153896
0.0473526
0
0.0473526
0.13022
0.366983
0.662936
0.414335
0.0710289
0.213087
0.686613
0.224925
0.0236763
0.0591908
0.18941
0.378821
0.13022
0.76948
0.402497
0.390659
0.118382
0.76948
0
0.0118382
0.473526
0
0.106543
0.556393
0
0.864185
0.603746
0.106543
0.0591908
0.260439
0.0236763
0.0236763
0.153896
0.201249
0.0473526
0.0118382
0
0.485364
0
0.0118382
0.307792
0.44985
0.76948
0.213087
0
0.520879
0.461688
0.0118382
0.236763
0.0118382
0.272277
0.0118382
0.44985
0.50904
0.698451
0.0591908
0.106543
0.0355145
0.142058
0.0355145
0
0.0710289
0.307792
0.213087
0
0.295954
0.31963
0.142058
0.390659
0.18941
0
0.295954
0.0710289
0.414335
0.50904
0.497202
0.118382
0.402497
0
0.686613
0.0236763
0.580069
0.13022
0.307792
0.177572
0
0
0.31963
0.106543
0
0.307792
0.378821
0
0.0473526
0.0591908
0.532717
0.18941
0.568231
0.0236763
0.0118382
0.0118382
0.0473526
0.248601
0.0118382
0.686613
0
0.615584
0.580069
0.082867
0
0
0.260439
1.04176
0.13022
0.201249
0.213087
0.0355145
0
0.224925
0.236763
0.982566
0.674775
0.153896
0.272277
0.13022
0.520879
0.0591908
0
0.343306
0.0947052
0.0118382
0
0.0947052
0.142058
0.461688
0.461688
0.520879
0.213087
0
0.0355145
0.485364
0.426173
0.0355145
0.44985
0.165734
0
0.213087
0.106543
0
0
0.390659
0.0118382
0.50904
0
0.366983
0.0355145
0.295954
0.248601
0.082867
0.0947052
0.591908
0.106543
0
0.0118382
0
0.0236763
0.710289
0.580069
0.0591908
0.461688
0
0.260439
0.0118382
0.201249
0.402497
0.0118382
0.260439
0.544555
0.284116
0.272277
0.295954
0.0236763
0
0.366983
0
0
0.935214
0
0.426173
0.0118382
0.0118382
0.118382
0.426173
0.284116
0.213087
0.0591908
0.272277
0.31963
0.331468
0.0710289
0.520879
0.236763
0.887861
0
0.284116
0
0
0
0.0118382
0
0.627422
0.757642
0
0.0118382
0.260439
0.236763
0.213087
0.31963
0
0
0.272277
0.0710289
0.106543
0.0236763
0.710289
0.864185
0.0236763
0.0473526
0.260439
0.260439
0.106543
0
0
0.307792
1.07727
0.0118382
0
0.0118382
0.0118382
0.0118382
0.0355145
0.0355145
0.0710289
0.722127
0.0118382
0.414335
0.272277
0
0.0236763
0.0355145
0.0947052
0.0355145
0.0591908
0.366983
0.0473526
0.18941
0.366983
0.260439
0.0118382
0.50904
0.852347
0.13022
0.44985
0.0118382
0.0118382
0
0
0.343306
0.224925
0.106543
0.674775
0.236763
0.236763
0.31963
0
0.485364
0.0355145
0.18941
0.165734
0
0
0.580069
0.44985
0.142058
0.082867
0.260439
0.236763
0.390659
0.213087
0.0236763
0
0.177572
0
0.248601
0.213087
0.0236763
0.662936
0.615584
0
0.106543
0.106543
0.0355145
0.284116
0.18941
0
0
0.50904
0.485364
0.082867
0.816832
0.402497
0.201249
0.473526
0.307792
0.0118382
0
0.568231
0.082867
0.0473526
0.532717
0.568231
0
0.0236763
0.106543
0.603746
0.0473526
0.0118382
0.18941
0
0.0118382
0.591908
0
0.461688
0.0118382
0.0710289
0.165734
0
0.343306
0
0.520879
0.153896
0.568231
0.662936
0.13022
0.0118382
0.177572
0.153896
0
0.31963
0
0
0.438012
0.118382
0.082867
0.177572
0
0
0.722127
0.082867
0.686613
0.0710289
0.50904
0.260439
0
0.0118382
0.0118382
0.177572
0.580069
0.295954
0
0.0118382
0.224925
0.295954
0
0.651098
0
0.0118382
0.0473526
0
0.63926
0.485364
0.142058
0.0355145
0.295954
0.0591908
0.0118382
0
0.236763
0.0947052
0
0.0118382
0.0355145
0.31963
0
0.31963
0.0473526
0.0355145
0.414335
0.0473526
0.0591908
0.0118382
0.0355145
0.213087
1.01808
0.0355145
0.0947052
0.864185
0.082867
0.0355145
0.0355145
0.153896
0.44985
0.473526
0.201249
0.224925
0.0710289
0.177572
0.142058
0.0118382
0.438012
0
0.0236763
0.497202
0
0.201249
0.0236763
0.0236763
0.236763
0.378821
0
0.0236763
0.781318
0.0118382
0.0947052
0.142058
0.0947052
0
0.0591908
0.402497
0.461688
0
0.0473526
0
0.662936
0.236763
0.0118382
0
0.0236763
0.438012
0.0947052
0.0118382
0
0
0.0118382
0.153896
0.0710289
0.0355145
0.366983
0.378821
1.02992
0.118382
0
0.0236763
0
0
0
0.18941
0.0947052
0
0
0
0.355145
0
0.414335
0.0118382
0.0118382
0.0473526
0
0.153896
0.0355145
0.520879
0.615584
1.07727
0.213087
0.307792
0.935214
0.355145
0
0
0.236763
0.224925
0.390659
0.0473526
0.0947052
0
0.591908
0
0
0.153896
0.0591908
0
0
0
0
0.686613
0.0355145
0
1.17198
0
0.0947052
0
0.18941
0.556393
0.426173
0.0118382
0
0.0591908
0.082867
0.0947052
0.722127
0.0118382
0.50904
0.426173
0.0236763
0
0.213087
0.106543
0
0.0118382
0.0236763
0.201249
0.106543
0.0118382
0.603746
0.0118382
0
0
1.23117
0.438012
0
0.224925
0.473526
0.568231
0.0710289
0.31963
0.532717
0.082867
0.13022
0.0355145
0.662936
0
0.568231
0.627422
0.674775
0.355145
0.082867
0.224925
0
0.0473526
0.082867
0.63926
0.438012
0
0
0.331468
0
0.0355145
0
0.343306
0.0473526
0.260439
0
0.615584
0.0710289
0.0947052
0.18941
0.106543
0
0
0.31963
0.224925
0
0
0.366983
0.201249
0
0.497202
0.0118382
0
0.142058
0.366983
0.0355145
0.106543
0.44985
0.544555
0.0710289
0.378821
0.0118382
0
0.674775
0.284116
0.0118382
0.44985
0.0118382
0.0355145
0.426173
0.355145
0.0118382
0.13022
0.0236763
0.414335
0.118382
0.153896
0.532717
0
0
0.18941
0.0118382
0
0
0
0.260439
0
0
0.0591908
0
0
0.331468
0.307792
0.142058
0
0.331468
0.568231
0.106543
0.0355145
0.165734
0.852347
0
0.44985
0
0.366983
0.213087
0.248601
0.615584
0.13022
1.01808
0.378821
0.0236763
0.248601
0.213087
0.260439
1.16014
0
0.13022
0.295954
0.473526
0.0591908
0
0.201249
0
0.18941
0
0.497202
0.0355145
0.674775
0.260439
0.118382
0.627422
0.497202
0.0591908
0.0947052
0
0.31963
0.0473526
0.0118382
0.224925
0.0591908
0.0118382
0.0236763
0.0947052
0.177572
0
0.603746
0.627422
0.307792
0.556393
0.378821
0
0.0236763
0
0
0.816832
0
0.461688
0.106543
0.0947052
0
0.63926
0
0.0118382
0
0
0.473526
0.95889
0
0.438012
0
0
0.0710289
0
0.142058
0.497202
0.378821
0
0.0710289
0.272277
0.0591908
0.260439
0
0.402497
0.497202
0.213087
0.662936
0
0.18941
0.165734
0.0236763
0.201249
0
0.876023
0.0473526
0
0.556393
0.331468
0
0.0355145
0
0.0947052
0.532717
0
0.248601
0
0
0.153896
0.0355145
0.295954
0.118382
0.366983
0.082867
0.142058
0
0.295954
0.0710289
0.532717
0
0.0236763
0.142058
0
0.236763
0.0710289
0.295954
0
0.745803
1.00624
0.213087
0.142058
0.0118382
0.13022
0.793156
0
0.343306
0.0118382
0.0355145
0
0.0947052
0
0.31963
0.781318
0.911538
0
0.18941
0.0118382
0.0118382
0
0
0.76948
0.935214
0.284116
0
0.177572
0.0591908
0
0.331468
0.177572
0.485364
0
0
0.0118382
0.272277
0.461688
0
0.473526
0.165734
0.402497
0.331468
0.118382
0
0
0.106543
0.118382
0.651098
0.13022
0
0.224925
0.0473526
0.295954
0
0
0.0473526
0.224925
0.0355145
0
0.224925
0
0.106543
0.0947052
0
0.106543
0.497202
0.544555
0.0355145
0.44985
0.106543
0
0
0.177572
0.284116
0.248601
0.0236763
0
0
0
0
0.497202
0.248601
0
0.260439
0
0
0.236763
0.106543
0.0355145
0
0
0.532717
0.0118382
0.722127
0
0.686613
0.698451
0
0.142058
0.0236763
0
0
0.0118382
0.0236763
0
0
0.0118382
0.0947052
0.461688
0.461688
0
0.0236763
0.0710289
0.497202
0.106543
0
0.0473526
0.390659
0.0118382
0.31963
0.840509
0.733965
0.0710289
0.082867
0.438012
0.378821
0
0.0355145
0.13022
0
0.343306
0
0.426173
0.213087
0.781318
0.13022
0.165734
0
0.473526
0.887861
0.899699
0
0.153896
0.177572
0.0473526
0
0
0.0236763
0.556393
0
0.307792
0
0.485364
0
0.153896
0.520879
0.142058
0.0355145
0.260439
0
0.0118382
0.284116
0.438012
0.473526
0.224925
0.414335
0
0
0
0
0.0710289
0.31963
0.0118382
0.426173
0.0118382
0
0.106543
0.804994
0.0710289
0.426173
0.793156
0.0591908
0
0
0.0710289
0.497202
0.0473526
0.201249
0.0473526
0.118382
0
0.0591908
0.153896
0
0.0591908
0
0.0236763
0.0355145
0
0
0.0710289
0.13022
0.142058
0.426173
0
0.0236763
0.0118382
0.201249
0.0118382
0.44985
0.0473526
0.0591908
0
0.520879
0
0.213087
0
0
0.0591908
0.532717
0.0591908
0.13022
0.0947052
0.556393
0.177572
0.0473526
0.331468
0
0.201249
0.828671
0.118382
0.343306
0.272277
0.331468
0.0473526
0.343306
0
0.272277
0.142058
0.082867
0.0236763
0.295954
0.201249
0.0118382
0.615584
0.733965
0.201249
0.0118382
0.0473526
0.082867
0.295954
0
0.0473526
0.153896
0.603746
0
0.378821
0.0355145
0
0.343306
0.390659
0.13022
0.0236763
0.142058
0.911538
0.627422
0.438012
0.224925
0.153896
0.0591908
0.390659
0.248601
0
0.0355145
0
0.0591908
0
0
0.366983
0.106543
0.0118382
0.106543
0.272277
0.0473526
0.556393
0.0118382
0.0118382
0
0
0.520879
0
0
0
0.0118382
0.378821
0.0591908
0
0.118382
0.0355145
0.0710289
0
0.0947052
0.213087
0
0.248601
0.106543
0.201249
0.0118382
0.63926
0
0.426173
0.18941
0.272277
0
0.0473526
0.272277
0
0.284116
0
0
0.224925
0
0
0.0710289
0.390659
0.118382
0.0710289
0
0
0.0236763
0.0473526
0
0.213087
0.757642
0
0
0
0.0947052
0
0
0.13022
0
0.201249
0.118382
0.0591908
0
0.0118382
0.733965
0.18941
0
0
0.165734
0.153896
0.307792
0
0.0118382
0.331468
0.0118382
0.106543
0.142058
0.106543
0.0118382
0.0355145
0.0118382
0
0.118382
0
0
0
0
0
0.674775
0
0.568231
0.816832
0.118382
0.142058
0.0947052
0.50904
0.307792
0.0236763
0.485364
0.0118382
0.082867
0.485364
0.236763
0.0118382
0.0118382
0.153896
0.0236763
0.331468
0.0236763
0.0118382
0.307792
0.082867
0.0473526
0.13022
0.0118382
0
0
0.153896
0.438012
0
0
0.0710289
0.31963
0
0.213087
0.0236763
0
0.355145
0.50904
0
0
0.0947052
0
0.0473526
0
0.0591908
0.213087
0.201249
0.0591908
0.224925
0.106543
0.733965
0.082867
0.0118382
0.0118382
0.118382
0.520879
0.31963
0.106543
0.0118382
0.366983
0
0.0355145
0
0.248601
0.0118382
0
0.082867
1.11279
0
0.0710289
0.0591908
0.0355145
0
1.00624
0.651098
0
0.213087
0.260439
0.224925
0.485364
0.0710289
0
0.355145
0
0.0118382
0.532717
0.0710289
0.0118382
0.745803
0.76948
0
0.366983
0.0710289
0.698451
0
0.224925
0.295954
0.343306
0.366983
0.0118382
0.082867
0
0.0355145
0
0.0591908
0.0118382
0
0.674775
0
0.31963
0.142058
0
0
0
0
0
0.0236763
0.50904
0
0
0
0.603746
0.0236763
0.106543
0.864185
0.213087
0.710289
0
0
0.485364
0.224925
0.366983
0.0118382
0
0.0591908
0.76948
0.213087
0.284116
0.224925
0.331468
0.13022
0.142058
0.520879
0.082867
0.13022
0
0.177572
0.236763
0.0236763
0.414335
0
0.165734
0.662936
0.213087
0.165734
0.0591908
0
0.106543
0.082867
0.461688
0.438012
0
0.331468
0
0.733965
0.082867
0.153896
0
0
0.461688
0.520879
0.18941
0
0.520879
0.0236763
0.142058
0.295954
0.0118382
0.118382
0.591908
0.260439
0.710289
0.0118382
0.118382
0
0.0118382
0.284116
0
0.603746
0.0118382
0
0.082867
0
0.153896
0.0118382
0.0118382
0.426173
0
0
0.153896
0.0473526
0.366983
0
0
0.18941
0.899699
0.414335
0.236763
0
0.0118382
0.0355145
0
0.307792
0.0473526
0.935214
0.082867
0.686613
0.18941
0
0
0.0473526
0.177572
0.745803
0.0355145
0.0118382
0
0.0591908
0.307792
0.0118382
0
0.284116
0
0.0236763
0.0710289
0.461688
0
0.0118382
0.272277
0
0
0.201249
0.0591908
0.923376
0.852347
0.0118382
0
0
0.0118382
0.343306
0.76948
0
0.343306
0.343306
0.0355145
0.520879
0.0591908
0
0.757642
0.13022
0
0.0473526
0.0118382
0.378821
0.272277
0.497202
0.142058
0
0.485364
0.165734
0.0591908
0.236763
0.0236763
0.0355145
0
0.497202
0.0118382
0
0.0710289
0
0.0947052
0.0473526
0
0.213087
0
0
0
0.0591908
0
0.106543
0.0591908
0.0236763
0.142058
0.0591908
0.402497
0.13022
0.485364
0
0.414335
0
0.165734
0.0118382
0.757642
0.260439
0
0.0355145
0
0.142058
0.082867
0.201249
0.0118382
0
0.0473526
0.0355145
0.142058
0.76948
0.0473526
0.236763
0.0118382
0.402497
0
0.13022
0.272277
0
0
0.378821
0.50904
0.118382
0.923376
0
0
0.106543
0.0355145
0
0
0
0.213087
0.50904
0.0473526
0.698451
0.0236763
0
0.18941
0
0.366983
0.082867
0.686613
0.580069
0.698451
0.118382
0
0.414335
0.0710289
0
0.461688
0.248601
0.485364
0.402497
0
0.082867
0
0.307792
0.0473526
0.272277
0.106543
0
0.0236763
0.63926
0.0236763
0.0118382
0.248601
0.0355145
0
0.165734
0.50904
0
0.31963
0.947052
0.0473526
0.0473526
0.0236763
0.0118382
0.366983
0.248601
0.0947052
0.816832
0
0.355145
0.31963
0
0.165734
0.627422
0.497202
0.0236763
0.118382
0.260439
0.295954
0.426173
0.272277
0
0.366983
0
0.307792
0.142058
0.224925
0.0236763
0.0473526
0.165734
0.50904
0.0355145
0.0710289
0.082867
0.0236763
0.556393
0.923376
0.0947052
0.390659
0.591908
0.0236763
0.438012
0.0710289
0.0473526
0.0591908
0.0236763
0.153896
0
0.0473526
0
0
0.0591908
0.0118382
0
0.970728
0.0236763
0.580069
0.438012
0.0355145
0.0118382
0.662936
0.568231
0
0.13022
0.224925
0.0236763
0.402497
0.438012
0.0473526
0.0355145
0
0.153896
0.0473526
0.366983
0.260439
0
0.0355145
0.0947052
0.13022
0.686613
0.0947052
0.532717
0.568231
0.0355145
0.343306
0.355145
0.0710289
0.627422
0.236763
0
0.0118382
0
0.0355145
0.0710289
0.0947052
0.248601
0.544555
0.106543
0.0710289
0
0.0355145
0.627422
0.224925
0
0.0710289
0
0.532717
0.0355145
0.13022
0.331468
0.0118382
0
0.213087
0.0591908
0.0355145
0.390659
0.0591908
0.0473526
0.544555
0.781318
0.082867
1.12462
0.50904
0.0236763
0.828671
0.0236763
0.260439
0.18941
0.31963
0.213087
0.686613
0.461688
0.0710289
0.0118382
0.295954
0.887861
0.473526
0.201249
0
0.248601
0
0.13022
0.082867
0.0118382
0.0118382
0.224925
0.0118382
0
0.082867
0.355145
0.0118382
0.307792
0.793156
0
0.295954
0
0.343306
0.201249
0.0947052
0.307792
0.0118382
0
0.260439
0.177572
0.44985
0.0473526
0
0
0.0118382
0
0.118382
0.0236763
0.674775
0.864185
0.165734
0.378821
0.272277
0.0710289
0.0473526
0.284116
0.0355145
0.461688
0.153896
0.118382
0.106543
0.0118382
0
0.0355145
0.0355145
0.142058
0
0
0.307792
0.378821
0.520879
0.0710289
0.355145
0.366983
0.414335
0.0947052
0.0118382
0.31963
0.153896
0.414335
0.0591908
0
0.414335
0.0236763
0.603746
0.0118382
0
0.722127
0
0.0710289
0.224925
0.082867
0
0.213087
0.165734
0.651098
0
0.473526
0.0236763
0.804994
0.355145
0.0118382
0.0591908
0.0118382
0.816832
0.0355145
0.520879
0.0591908
0.0236763
0.082867
0.544555
0.201249
0
0.0118382
0.0947052
0.497202
0.757642
0.0947052
0.082867
0.402497
0.177572
0
0.0118382
0.0118382
0.745803
0
0.864185
0
0.0118382
0.082867
0.177572
0
0.44985
0.0118382
0.165734
0.13022
0.331468
0.76948
0.213087
0.651098
0
0.153896
0
0.177572
0.18941
0.0473526
0.0118382
0.0473526
0.544555
0.378821
0.591908
0
0.0355145
0.520879
0
0.0591908
0
0.13022
0.438012
0.497202
0.0710289
0.0355145
0.757642
0.0710289
0.473526
0.343306
0.0355145
0.390659
0.18941
0
0
0.580069
0.213087
0.13022
0
0.082867
0.0236763
0
0.0710289
0
0.0355145
0.13022
0.461688
0.0236763
0.31963
0.106543
0.343306
0.118382
0.0473526
0.366983
0.18941
0
0.662936
0.343306
0.0118382
0
0
0.402497
0.213087
0.674775
0.0236763
0.13022
0.0236763
0.153896
0.0236763
0.0118382
0
0.31963
0.686613
0.0355145
0.544555
0.568231
0
0.0118382
0.0355145
0
0.390659
0.485364
0
0.0710289
0.0118382
0.0118382
0.118382
0.307792
0.0591908
0.461688
0.082867
0.0118382
0.0473526
0.236763
0.106543
0.106543
0
0.0355145
0
0.236763
0.0355145
0.248601
0.0118382
0.0710289
0.213087
0.331468
0.082867
0.0236763
0.544555
0
0.568231
0.118382
0.0710289
0.402497
0.0591908
0.757642
0.390659
0.142058
0.366983
0.224925
0
0.236763
0.13022
0
0.828671
0
0.0118382
0.0236763
0.0591908
0
0
0.0236763
0.0591908
0.0710289
1.11279
0.0236763
0.366983
0.414335
0.0118382
0
0.0591908
0.662936
0
0.224925
0.177572
0.201249
0.828671
0.0710289
0.0118382
0.0591908
0
0.0118382
0
0
0
0.236763
0.0473526
0.236763
0.757642
0.284116
0.165734
0
0.0710289
0.50904
0.331468
0.0118382
0
0.0118382
0.153896
0.31963
0.532717
0.0591908
0
0
0.165734
0.923376
0
0.165734
0.153896
0.0355145
0.461688
0.201249
0.50904
0
0
0.0118382
0
0.0473526
0.0355145
0.18941
0.13022
0.532717
0.544555
0.307792
0.118382
0.331468
0.343306
0
0.0355145
0.651098
0
0.0236763
0
0.153896
0.284116
0
0.366983
0.426173
0.651098
0.18941
0.213087
0.18941
0.13022
1.1483
0.236763
0.0355145
0.899699
0.426173
0
0.153896
0.0947052
0.390659
0
0.18941
0.248601
0.0118382
0
0.556393
0.497202
0.177572
0.0118382
0.0355145
0.0118382
0.165734
0.13022
0.378821
0.177572
0
0
0.224925
0
0.722127
0.118382
0.615584
0.50904
0
0.18941
0.426173
0.0710289
0.580069
0.236763
0.473526
0.698451
0.331468
0.284116
0.0118382
0.0118382
0.31963
0.18941
0.295954
0.248601
0.153896
0.236763
0.0236763
0
0.355145
0.0118382
0.485364
0.355145
0.426173
0.153896
0.272277
0.142058
0.63926
0.485364
0
0.0355145
0.0710289
0.106543
0.366983
0.165734
0
0
0.532717
0.0118382
0
0.0236763
0.153896
0.520879
0.177572
0.651098
0
0.177572
0.390659
0.0118382
0.0947052
0.0355145
0.343306
0.0710289
0
0
0.485364
0.082867
0.0355145
0
0.0236763
0.236763
0.44985
0.864185
0.733965
0.994405
0
0.0710289
0
0.236763
0
0
0.082867
0
0
0.153896
0.0591908
0.852347
0.580069
0
0.142058
0
0.0118382
0
0.0473526
0.13022
0.082867
0.0591908
0.473526
0.366983
0.0710289
0.13022
0.082867
0.414335
0.355145
0.165734
0.13022
0.343306
0.0118382
0.0355145
0
0.0710289
0.745803
0.201249
0.0355145
0.0118382
0.307792
0
0
0.532717
0.378821
0.213087
0.153896
0.142058
0.591908
0.118382
0.0118382
0.580069
0.544555
0.31963
0.0591908
0.13022
0.0118382
0
0.0118382
0.248601
0.142058
0.260439
0
0.556393
0
0.236763
0.0118382
0.0591908
0.473526
0.0355145
0
0.591908
0
0
0.0118382
0.426173
0.082867
0.201249
0.0236763
0.295954
0
0.0591908
0.213087
0.224925
0.63926
0.177572
0
0.18941
0.0710289
0.343306
0.674775
0.781318
0.082867
0.50904
0
0.520879
0
0.0710289
0
0.0473526
0.106543
0.142058
0.0710289
0
0.295954
0.0118382
0.13022
0
0
0.201249
0
0.0236763
0
0.18941
0.0473526
0.118382
0.0118382
0
0
0
0.0118382
0
0.106543
0.165734
0.0710289
0.580069
0.082867
0.615584
0.0355145
0.106543
0.118382
0.0118382
0.177572
0
0
0.142058
0.177572
0.18941
0.0118382
0.0355145
0.213087
0.224925
0.0236763
0
0.497202
0.0355145
0.568231
0.378821
0.343306
0
0.165734
1.1483
0.201249
0
0.118382
0.18941
0.153896
0.0118382
0.355145
0
0.0947052
0.082867
0.378821
0
0.0947052
0.082867
0
0.0947052
0.201249
0.0710289
0.426173
0.0118382
0.50904
0
0.532717
0.307792
0.0947052
0.295954
0
0
0.177572
0.213087
0.580069
0.0591908
0.366983
0.0591908
0
0.0118382
0.426173
0.0591908
0.568231
0.236763
0.153896
0.177572
0.0591908
0.331468
0.0236763
0.485364
0.18941
0
0.142058
0
0.142058
0
0
0
0
0
0
0
0.580069
0.0236763
0.082867
0.236763
0.0355145
0.710289
0.402497
0.272277
0.520879
0
0
0.390659
0.438012
0.0236763
0.272277
0.343306
0.118382
0.520879
0.0710289
0.0355145
0.201249
0.213087
0
0.343306
0.284116
0.864185
0.307792
0.0118382
0.142058
0.0118382
0.0591908
0.0473526
0.0473526
0
0.532717
0.142058
0.0591908
0.331468
0.461688
0.118382
0
0.0236763
0.0236763
0.18941
0.0118382
0.248601
0
0.082867
0.0591908
0.0355145
0.224925
0.142058
0
0.236763
0.13022
0.0473526
0.473526
0
0.0118382
0.201249
0.082867
0.295954
0.0710289
0.0118382
0.260439
0.414335
0.402497
0.426173
0.106543
0
0.0591908
0
0
0.0118382
0.153896
0.0236763
0.0355145
0.0118382
0.0355145
0.0355145
0.18941
0.0710289
0.082867
0.343306
0.343306
0.295954
0.224925
0.0118382
0.236763
0.343306
0.0236763
0.295954
0.177572
0.307792
0.781318
0.402497
0.106543
0.0236763
0.0355145
0.31963
0
0.0355145
0.497202
0.568231
0.0236763
0.106543
0.414335
0.378821
0.153896
0.745803
0.0118382
0.213087
0.0118382
0.532717
0.627422
0.520879
0.272277
0.568231
1.40874
0.710289
0.627422
0.0236763
0
0.698451
0.390659
0.295954
0.390659
0.0473526
0.224925
0
0.177572
0.438012
0.118382
0.899699
0.307792
0.0947052
0.0710289
0
0.236763
0.13022
0.378821
0.106543
0.248601
0.0947052
0.224925
0.13022
0.236763
0.082867
0.0591908
0
0.520879
0.307792
0.0591908
0.0355145
0
0.177572
0.260439
0.615584
0.0118382
0.0591908
0.63926
0
