-0.333333
-0.607143
-0.722222
-0.927273
-0.759036
-0.877551
-0.708333
-0.910714
-0.892857
-0.880952
-0.908046
-0.803571
-0.847458
-0.905882
-0.90566
-0.858824
-0.976471
-0.888889
-0.96
-0.878049
-0.94
-0.857143
-0.892857
-0.923077
-0.821782
-0.918033
-0.831579
-0.810811
-0.934783
-0.764706
-0.97037
-0.824176
-0.952
-0.813333
-0.908046
-0.929825
-0.978022
-0.802817
-0.876106
-0.906977
-0.831325
-0.929825
-0.786667
-0.907692
-0.876543
-0.853659
-0.802198
-0.727273
-0.816092
-0.756098
-0.87013
-0.913043
-0.88
-0.966102
-0.957447
-0.926471
-0.897436
-0.769231
-0.798165
-0.951807
-0.938776
-0.911504
-0.533333
-0.962264
-0.849462
-0.902913
-0.903846
-0.797753
-0.943925
-0.761194
-0.929204
-0.924051
-0.946429
-0.880952
-0.934066
-0.865385
-0.927273
-0.855422
-0.661017
-0.885714
-0.929204
-0.87156
-0.941176
-0.831325
-0.925234
-0.961905
-0.872727
-0.942857
-0.823529
-0.842697
-0.973333
-0.866667
-0.954546
-0.932773
-0.862069
-0.915493
-0.888889
-0.735849
-0.880342
-0.870968
-0.888
-0.770492
-0.934959
-0.936842
-0.852632
-0.896907
-0.811765
-0.675
-0.96
-0.831325
-0.869159
-0.898734
-0.805825
-0.897959
-0.878788
-0.932584
-0.943925
-0.813333
-0.929825
-0.925373
-0.948718
-0.931818
-0.853211
-0.94
-0.808219
-0.788618
-0.974026
-0.858824
-0.924242
-0.913043
-0.93617
-0.881188
-0.835052
-0.958333
-0.943925
-0.836364
-0.909091
-0.914894
-0.851852
-0.924812
-0.954546
-0.925
-0.831325
-0.900827
-0.914286
-0.876289
-0.843137
-0.784615
-0.968504
-0.902439
-0.940594
-0.883495
-0.959184
-0.906542
-0.657895
-0.963636
-0.846154
-0.923077
-0.737374
-0.868132
-0.894737
-0.969925
-0.969697
-0.961905
-0.948276
-0.764706
-0.888889
-0.780822
-0.948718
-0.893805
-0.961905
-0.826087
-0.952381
-0.783784
-0.661972
-0.670103
-0.92381
-0.736264
-0.825
-0.793103
-0.707865
-0.711111
-0.459459
-0.72043
-0.918367
-0.879518
-0.947368
-0.984848
-0.870968
-0.941748
-0.773196
-0.858824
-0.433962
-0.916667
-0.836364
-0.914894
-0.865169
-0.9
-0.863636
-0.487805
-0.636364
-0.828571
-0.929825
-0.54386
-0.482759
-0.462687
-0.771429
-0.868421
-0.733333
-0.857143
-0.6
-0.723404
-0.945455
-0.803922
-0.584416
-0.806452
-0.786408
-0.861386
-0.879518
-0.913978
-0.924528
-0.896907
-0.827161
-0.767442
-0.830986
-0.963964
-0.909091
-0.906542
-0.860465
-0.852632
-0.851064
-0.866667
-0.893805
-0.762712
-0.866667
-0.753846
-0.863636
-0.604938
-0.926829
-0.53125
-0.634146
-0.857143
-0.65625
-0.652174
-0.813953
-0.788235
-0.642857
-0.825
-0.888889
-0.909091
-0.873684
-0.594595
-0.714286
-0.809524
-0.7
-0.523809
-0.333333
-0.0857142
-0.789474
-0.848101
-0.911504
-0.869565
-0.902913
-0.890909
-0.619048
-0.886525
-0.873016
-0.963636
-0.944954
-0.71875
-0.781818
-0.9375
-0.939394
-0.75
-0.831933
-0.71875
-0.965812
-0.671233
-0.662338
-0.70297
-0.929825
-0.984848
-0.959184
-0.934426
-0.932584
-0.938776
-0.859649
-0.848101
-0.882353
-0.852632
-0.894737
-0.953846
-0.8125
-0.670588
-0.930233
-0.654321
-0.804348
-0.36
-0.342466
-0.333333
-0.313433
0.19403
-0.662921
0.0909091
-0.138889
-0.463415
-0.132075
-0.462687
0.0967742
-0.159091
0
0.851852
0.702703
0.911504
0.87037
0.914894
0.951807
0.981651
0.931624
0.809524
0.938776
0.873418
0.925926
0.981481
0.946429
0.923077
0.918699
0.872341
0.919192
0.925373
0.915789
0.873874
0.981132
0.98
0.92
1
1
0.89899
0.920792
0.977011
0.78022
0.755556
0.932203
0.887851
0.903846
0.835616
0.723404
0.942308
0.926605
0.785714
0.913043
0.853659
0.973333
0.891892
0.898305
0.984375
0.929412
0.731707
0.915789
0.935484
0.864865
0.918367
0.772152
0.969231
0.95122
0.924051
0.878788
0.661972
0.930233
0.662651
0.833333
0.59322
0.794393
0.709677
0.717647
0.333333
0.333333
0.76
0.876289
0.963636
0.979798
0.666667
0.843137
0.506173
0.780488
0.696203
0.685714
0.903846
0.724138
0.626667
0.837209
0.152542
0.857143
0.5
0.619048
0.586957
0.717949
0.731707
0.657895
0.1875
0.694444
0.16129
0
0.184211
-0.233333
-0.615385
-0.492063
-0.780822
-0.909091
-0.972222
-0.984733
-0.987421
-0.981132
-0.959596
-0.984375
-0.973333
-0.896907
-0.982456
-1
-0.804878
-0.894737
-0.942029
-0.958763
-0.977778
-0.984496
-0.987013
-1
-0.932773
-0.942308
-0.926829
-0.885057
-0.973684
-1
-0.923077
-0.945946
-0.931624
-0.984375
-0.913043
-0.952381
-0.972222
-0.952381
-0.913043
-1
-1
-0.962264
-1
-0.958333
-0.956989
-0.982456
-0.963636
-0.940299
-0.936
-0.957447
-0.962264
-0.880952
-0.925373
-0.921053
-0.942857
-0.947826
-0.934066
-0.921569
-0.94958
-0.980952
-0.954023
-0.9
-0.884615
-0.982906
-0.896552
-0.956204
-0.93617
-1
-0.928571
-0.943396
-0.932584
-0.952381
-1
-0.851852
-0.986928
-0.945946
-0.972973
-0.905882
-0.95122
-0.904
-0.924051
-0.87013
-0.969231
-0.945946
-0.862069
-0.93617
-0.970149
-0.818182
-0.913978
-0.857143
-0.918367
-0.98
-0.92
-0.989247
-0.981982
-0.975309
-0.961905
-0.898734
-0.896104
-0.92
-0.962963
-0.918367
-0.956044
-0.946903
-0.891892
-0.846154
-0.777778
-0.758242
-0.931034
-0.84127
-0.965517
-1
-0.98
-0.964286
-1
-0.949153
-0.84375
-0.923077
-0.742574
-0.984848
-0.863636
-0.987578
-0.903226
-0.747126
-0.961539
-0.919192
-0.88764
-0.93617
-0.92381
-0.9
-0.961539
-0.87931
-0.938462
-0.97546
-0.962617
-0.982456
-0.802817
-0.967213
-0.89899
-0.92
-0.946903
-0.518519
-0.853211
-1
-0.963964
-1
-0.862069
-0.929204
-0.924051
-0.92381
-0.95082
-0.666667
-0.933884
-0.984615
-0.885057
-0.984733
-0.857143
-0.811765
-0.849462
-0.87931
-0.962264
-0.72
-0.804348
-0.851852
-0.879518
-0.841584
-0.622641
-0.957143
-0.917526
-0.746479
-0.89011
-0.982143
-0.74026
-0.831325
-0.714286
-0.940741
-0.868421
-0.948276
-0.893333
-0.761905
-0.820225
-0.835616
-0.943925
-0.958763
-0.980582
-0.789474
-0.955224
-0.883721
-0.773196
-0.951807
-0.833333
-0.894737
-0.920792
-0.763158
-0.887324
-0.893617
-0.885714
-0.827957
-0.97561
-0.825
-0.666667
-0.790476
-0.555556
-0.806452
-0.927273
-0.815789
-0.942308
-0.914894
-0.771429
-0.711111
-0.846154
-0.938144
-0.858824
-0.909091
-0.889908
-0.917808
-0.977528
-0.857143
-0.960396
-0.896907
-0.938144
-0.89011
-0.92126
-0.848485
-0.888889
-0.957143
-0.941748
-0.897959
-0.963964
-0.724138
-0.847619
-0.912088
-0.933333
-0.938776
-0.917355
-0.94
-0.636364
-0.84375
-0.821429
-0.868421
-0.892473
-0.466667
-0.825243
-0.876543
-0.945455
-0.797468
-0.956522
-0.893805
-0.617647
-0.560976
-0.833333
-0.71875
-0.851852
-0.844444
-0.855422
-0.72973
-0.961539
-0.846154
-0.672727
-0.955555
-0.830986
-0.881188
-0.85
-0.766234
-0.180328
-0.278689
-0.627907
-0.534247
-0.0461539
-0.121212
-0.114286
0.4
0.73913
0.916667
0.938776
0.965217
1
1
0.95122
0.951613
0.969466
0.84
0.910714
0.909091
0.917808
0.978142
1
0.876543
0.969466
0.925234
0.971631
0.983333
0.944954
0.967213
0.977011
0.942857
0.985401
0.936842
0.946667
0.986111
0.937008
1
0.971831
0.969231
0.911111
0.964912
0.908046
0.955556
0.982759
0.829268
0.984
0.847619
0.909091
0.960396
0.72973
0.928571
0.826087
0.985714
1
0.820225
0.986755
0.84
0.917808
0.980582
0.946903
0.703704
0.977778
0.896552
0.717647
0.714286
0.51282
0.906542
0.454545
0.857143
0.872
0.916667
0.901235
0.980952
0.955555
0.94958
0.972603
0.938144
0.85
0.954546
0.90099
0.891304
0.76
0.837838
0.206897
0.804878
0.77551
0.840909
0.523809
0.742857
0.936508
0.981651
0.958763
0.858824
0.90991
0.8
0.85
0.881188
0.913043
0.788235
0.714286
0.779817
0.457627
0.590361
0.588235
0.0833334
0.545455
0.525424
0.369863
0.263158
0.0422535
0.257143
0.0769231
-0.233333
-0.930233
-0.982609
-0.981481
-0.9
-0.964602
-0.902439
-0.962617
-0.930435
-0.923077
-0.944445
-0.974359
-0.979167
-0.968254
-0.956834
-1
-0.979381
-0.965217
-0.925234
-1
-0.985401
-0.981982
-0.982301
-0.977528
-0.988439
-0.981308
-0.96875
-0.984127
-0.979592
-0.966667
-1
-0.886364
-0.982301
-1
-0.896104
-0.978723
-0.890411
-0.956522
-0.894737
-0.941748
-0.988764
-0.957447
-1
-0.964602
-0.953488
-0.945455
-0.976744
-0.852941
-0.970149
-0.952941
-0.985915
-0.975904
-0.904762
-0.98374
-0.966667
-0.955556
-0.924051
-1
-0.962025
-0.979381
-0.940594
-0.905882
-0.883721
-0.810811
-0.854167
-0.864078
-0.947826
-0.963964
-0.919192
-0.958763
-0.985294
-0.963964
-0.949367
-0.972222
-0.955056
-0.925234
-0.935484
-0.930435
-0.916667
-0.982609
-0.956044
-0.963964
-0.958333
-1
-0.947826
-0.818182
-0.920635
-0.837838
-0.963303
-0.915789
-0.884298
-0.969697
-0.938931
-0.916667
-0.921053
-0.976471
-0.982301
-0.957895
-1
-0.980198
-0.962617
-0.904
-0.941177
-0.986301
-0.935484
-1
-0.922481
-0.912088
-1
-0.948052
-0.92
-0.965217
-0.894737
-0.900827
-0.777778
-0.902439
-0.75
-0.714286
-0.835052
-0.818182
-0.791045
-0.753425
-0.942857
-0.864407
-0.925234
-0.950617
-0.948052
-0.752809
-0.953846
-0.947368
-0.925926
-0.9
-0.979381
-0.794872
-0.981651
-0.929825
-0.909091
-1
-0.866667
-1
-0.925234
-0.884058
-0.962963
-0.911111
-0.891304
-0.930435
-0.949367
-0.858824
-0.85
-0.955224
-0.944444
-0.945946
-0.873684
-0.982906
-0.943396
-0.883333
-0.863636
-0.943925
-0.932886
-0.980198
-0.87931
-0.837838
-0.908257
-0.986014
-0.918919
-0.968
-0.910448
-0.970588
-0.929412
-0.947826
-0.903614
-0.852632
-0.959184
-0.851852
-0.947369
-0.867925
-0.909091
-0.883495
-0.780822
-0.833333
-0.885057
-0.724138
-0.780488
-0.774648
-0.781818
-0.880597
-0.984615
-0.946667
-0.911111
-0.840909
-0.756757
-0.903614
-0.965812
-0.464286
-0.797468
-0.93985
-0.905882
-0.827161
-0.895652
-0.818182
-0.672131
-0.94
-0.8125
-0.584416
-0.466667
-0.860465
-0.738095
-0.92233
-0.848101
-0.852941
-0.822785
-0.762376
-0.824561
-0.903226
-0.929204
-0.941177
-0.908046
-0.797753
-0.790476
-0.960784
-0.925926
-1
-0.805556
-0.954546
-0.96
-0.887097
-0.920635
-0.896104
-0.6875
-0.934959
-0.965517
-0.931034
-0.79661
-0.915254
-0.891304
-0.945946
-0.810811
-0.859155
-0.940594
-0.906977
-0.849462
-0.655172
-0.577465
-0.889908
-0.849462
-0.879518
-0.870968
-0.423077
-0.741176
-0.717949
-0.786667
-0.78022
-0.738095
-0.92233
-0.864865
-0.905882
-0.703704
-0.925373
-0.960784
-0.907692
-0.85567
-0.951613
-0.981818
-0.932773
-0.876543
-0.753086
-0.842105
-0.692308
-0.963855
-0.783784
-0.927273
-0.358974
-0.835294
-0.692308
-0.777778
-0.59375
-0.914894
-0.733333
-0.684211
-0.84
-0.47541
-0.746835
-0.837209
-0.767442
-0.848101
-0.780488
-0.813559
-0.617021
-0.894737
-0.886364
-0.9
-0.962963
-0.892473
-0.897959
-0.746032
-0.521127
-0.824176
-0.931818
-0.875
-0.9375
-0.752809
-0.767442
-0.934066
-0.944445
-0.916667
-0.939394
-0.684211
-0.931624
-0.878049
-0.837838
-0.913043
-0.954023
-0.953488
-0.939394
-0.896907
-0.865169
-0.952941
-0.889908
-0.484848
-0.909091
-0.965517
-0.766234
-0.518519
-0.811765
-0.569231
-0.333333
-0.405405
0.194805
0.333333
0.792208
0.940594
0.908046
1
0.970149
0.966102
1
0.963303
0.956522
0.986014
1
0.908397
0.959184
0.959184
1
0.941176
0.906542
0.93617
0.971429
0.986486
0.971429
0.963303
0.952381
1
0.969466
0.961539
0.968992
0.945946
0.938776
0.962963
0.956044
0.956204
0.917808
0.923077
0.925926
0.97037
0.969697
0.926605
0.863636
0.945455
0.946903
0.926829
0.878049
0.930435
0.965217
0.968504
0.844156
0.947826
0.945455
0.875
0.976744
0.842697
0.894737
1
0.982456
0.809524
0.92
0.807692
0.972414
0.975309
0.950617
0.73494
0.884615
0.806452
0.96875
0.884615
0.615385
0.868132
1
0.912088
0.857143
0.919192
0.938144
0.783132
0.911504
0.968
0.785714
0.910448
0.957447
0.868421
0.820225
0.942857
0.84375
0.934959
0.774648
0.947368
0.672727
0.475
-0.225806
-0.304348
-0.392857
-0.463415
-0.877193
-0.938462
-0.984375
-0.893617
-0.919192
-0.961905
-0.982143
-0.986395
-0.926829
-0.913043
-0.942308
-0.931035
-0.982143
-0.925926
-1
-0.965517
-1
-0.943396
-0.625
-0.925926
-0.986577
-0.983051
-0.962617
-0.983607
-0.911111
-0.949367
-0.906542
-0.984733
-1
-0.959184
-0.956044
-0.876543
-0.983471
-0.927273
-0.934959
-0.976471
-0.883721
-0.986486
-0.936842
-0.985294
-0.981481
-0.977273
-1
-0.92
-0.885057
-0.964602
-0.958621
-0.957895
-0.866667
-0.942857
-1
-0.888889
-0.934959
-0.925926
-0.784615
-0.972028
-0.888889
-0.948718
-0.971429
-0.88
-0.892473
-0.780822
-0.956522
-0.961905
-0.973856
-0.978261
-0.948718
-0.773585
-0.907692
-0.92381
-0.971014
-1
-0.97561
-0.898551
-0.953488
-0.96
-0.968504
-1
-0.892857
-0.867769
-0.859155
-0.89916
-0.857143
-0.920792
-0.780822
-0.872341
-0.875
-0.961165
-0.852632
-0.880952
-0.966102
-0.894737
-1
-0.95
-0.945455
-0.92381
-0.922078
-1
-1
-0.965517
-0.75
-0.924528
-0.945946
-0.9
-0.891304
-0.863636
-0.981651
-0.943925
-0.863014
-0.756098
-0.811321
-0.842697
-0.908046
-0.793104
-0.981132
-1
-0.969466
-0.962264
-0.9
-0.90099
-0.956522
-0.893617
-0.863636
-0.9375
-0.885057
-0.862069
-1
-0.93617
-0.861111
-0.92
-0.785714
-0.956834
-0.797101
-0.969231
-0.922078
-0.986301
-0.936842
-0.938144
-0.85
-0.891892
-0.848101
-0.86
-0.771429
-0.78022
-0.694915
-0.835616
-0.939394
-0.882353
-0.917526
-1
-0.880952
-0.73913
-0.945946
-0.962617
-0.865169
-0.694915
-0.584416
-0.85
-0.805556
-0.972414
-0.706667
-0.73913
-0.823009
-0.846154
-0.643836
-0.889908
-0.978723
-0.952381
-0.45098
-0.39726
-0.891304
-0.659091
-0.926829
-0.367089
-0.724138
-0.948718
-0.928571
-0.933333
-0.818182
-0.961905
-0.492063
-0.897959
-0.835616
-0.791667
-0.787879
-0.984252
-0.756098
-0.346154
-0.74026
-0.432432
-0.5
-0.684211
-0.735294
-0.862745
-0.984252
-0.878049
-0.958763
-0.902439
-0.95122
-0.62963
-0.793814
-0.850746
-0.829787
-0.95
-0.961165
-0.875
-0.89899
-0.90566
-0.930233
-0.657143
-0.86
-0.852941
-0.638889
-0.858824
-0.783784
-0.594203
-1
-0.731343
-0.877551
-0.967742
-0.941748
-0.952381
-0.897436
-0.866667
-0.909774
-0.925926
-0.963303
-0.952941
-0.958333
-0.913978
-0.960396
-0.934959
-0.918367
-0.655172
-0.918699
-0.576923
-0.634146
-0.442623
-0.773196
-0.731343
-0.782178
-0.661538
-0.612245
-0.890411
-0.666667
-0.95
-0.949367
-0.9375
-0.822222
-0.731707
-0.824561
-0.942029
-0.900827
-0.955556
-0.914286
-0.927273
-0.731343
-0.90991
-0.72
-0.945946
-0.677419
-0.928571
-0.853659
-0.847826
-0.905882
-0.813333
-0.815789
-0.755556
-0.919192
-0.953846
-0.931034
-0.954023
-0.902439
-0.825
-0.960784
-0.863014
-0.923077
-0.931818
-0.958763
-0.961165
-0.869565
-0.965217
-0.885714
-0.918033
-0.961165
-0.925234
-0.958333
-0.94958
-0.931034
-0.733333
-0.843137
-0.926829
-0.984496
-0.975309
-0.731707
-0.866667
-0.424242
-0.952381
-0.92233
-0.882353
-0.772727
-0.895652
-0.870968
-0.183673
-0.582418
-0.361702
-0.638298
-0.852941
-0.903846
-0.650794
-0.565217
-0.761905
0.46875
0.238095
0.666667
0.759036
0.957447
0.904762
0.947826
0.925926
0.963303
0.952756
1
0.95
0.948718
0.969231
0.965517
0.986301
0.882353
0.945946
0.942308
0.971223
0.978723
0.985075
0.953488
0.964912
0.974684
0.933333
0.940594
0.912088
0.985294
1
0.888889
0.940594
0.983871
0.942857
0.91453
0.695652
0.907692
0.985507
0.897436
0.966942
0.944954
0.97619
0.937008
0.873418
0.97561
0.968504
0.918699
0.938776
0.926829
0.931624
1
0.895833
0.924528
0.982906
0.965517
0.957447
0.878049
0.910714
0.902913
1
0.954023
0.973684
0.929412
0.927711
0.929825
0.918367
0.958763
0.967742
0.864865
0.954887
0.892473
0.925234
0.894737
0.950413
0.95082
0.981651
0.935484
0.871795
0.952381
0.883721
0.844444
0.824561
0.549296
0.0909091
0.648649
0.0769231
-0.263158
-0.52
-0.493976
-0.982301
-0.96
-1
-0.907285
-0.977011
-0.892473
-0.946903
-1
-0.970803
-0.925
-0.973154
-0.926829
-1
-0.976471
-0.921053
-0.953125
-0.968
-0.973154
-0.962617
-1
-0.95
-0.929825
-0.75
-0.963964
-0.96748
-0.910448
-0.953488
-0.827586
-0.943263
-1
-0.946903
-0.980952
-0.95
-0.95
-0.931034
-0.985294
-0.913043
-0.90625
-1
-0.950617
-0.971631
-0.94
-0.98374
-0.882353
-0.92381
-0.928571
-1
-0.945946
-0.925
-0.944445
-0.980198
-1
-0.955556
-0.968254
-0.941176
-0.963415
-0.959596
-0.983607
-0.888889
-0.914894
-0.969697
-0.947826
-0.793103
-0.636364
-0.961165
-0.94958
-0.986577
-0.952941
-0.872341
-0.96875
-0.901235
-0.943396
-0.784615
-0.966942
-0.963303
-0.961165
-0.876543
-0.723404
-0.942857
-0.953488
-0.956044
-0.862069
-1
-0.986111
-0.852941
-0.726027
-0.916667
-0.966667
-1
-0.93617
-0.958333
-0.92233
-0.929412
-0.842105
-0.860465
-0.969466
-1
-0.952381
-0.979798
-0.981308
-0.928571
-0.831579
-0.857143
-0.984252
-0.960396
-0.980582
-0.833333
-0.964602
-0.818182
-0.918033
-0.913043
-0.59322
-0.55814
-0.910714
-0.753425
-0.725
-0.756098
-0.891304
-0.824176
-0.863014
-0.744186
-0.931035
-0.985507
-0.945206
-0.9
-0.869159
-0.746479
-0.757576
-0.913793
-0.933333
-1
-0.941748
-0.974359
-0.862069
-0.925926
-0.933333
-0.891892
-0.873684
-0.96748
-0.896907
-0.957895
-0.974026
-0.959731
-0.864407
-0.915966
-0.93617
-0.912281
-0.93617
-0.968254
-0.859649
-0.940299
-0.890411
-0.901235
-0.917355
-0.857143
-0.803279
-0.916667
-0.929412
-0.797101
-0.94958
-0.928571
-0.945946
-1
-0.946667
-0.946429
-0.963303
-0.979167
-0.926829
-0.904762
-0.946429
-0.831325
-0.8
-0.89899
-0.636364
-0.846154
-0.862069
-0.747126
-0.922078
-0.833333
-0.947368
-0.75
-0.925373
-0.576923
-0.585366
-0.824176
-0.885714
-0.943925
-0.803922
-0.924812
-0.903226
-0.949153
-0.837838
-0.824176
-0.9
-0.950617
-0.866667
-0.87931
-1
-0.98374
-0.984375
-0.824561
-0.954198
-0.852941
-0.892473
-0.849057
-0.844156
-0.96
-0.913043
-0.661538
-0.893805
-0.864865
-0.890411
-0.391304
-0.829787
-0.905882
-0.797468
-0.75
-0.934066
-0.59322
-0.746835
-0.710145
-0.90566
-0.793103
-0.542857
-0.851064
-0.85567
-0.889908
-0.911765
-0.74359
-0.935484
-0.850467
-0.915966
-0.966942
-0.72549
-0.481481
-0.887851
-0.862069
-0.769231
-0.807229
-0.835294
-0.353846
-0.853211
-0.789474
-0.786667
-0.870968
-0.534247
-0.818182
-0.717949
-0.891304
-0.619048
-0.940594
-0.913978
-0.862069
-0.850467
-0.84375
-0.526316
-0.257143
0.0322581
-0.343284
0.263158
0.0361446
0.803279
0.938931
0.945946
0.982906
0.984733
1
0.918919
0.981982
0.986014
0.983871
0.985611
0.774194
0.981982
0.97561
0.897436
0.944954
0.962733
1
0.968254
0.838384
0.911765
1
0.952381
0.941177
0.911111
0.938462
0.864865
0.915789
0.928572
0.769231
0.983051
0.955555
0.942029
0.965318
0.967742
0.977778
0.982456
0.940594
0.928571
0.949153
0.709677
0.911111
0.944444
1
0.935484
0.886792
0.966102
0.8
0.94
0.935484
0.931818
0.860465
0.69697
0.95082
0.927711
1
1
0.866667
0.926605
0.954546
0.888889
0.741176
0.926605
0.946667
0.896104
0.690141
0.846154
0.813953
0.951807
0.9
0.820895
0.695652
0.587302
0.842105
0.873684
0.526316
0.863014
0.886792
0.827161
0.914894
0.890411
0.906977
0.922481
0.829268
0.925926
0.839286
0.893333
0.835294
0.844156
0.918699
0.901961
0.873684
0.363636
0.891304
0.857143
0.814815
0.777778
0.903614
0.755556
0.943263
0.939394
0.908046
0.797468
0.770492
0.777778
0.673469
0.707317
0.85
0.82
0.709677
0.56
0.896104
0.844156
0.949153
0.714286
0.73913
0.753086
0.787879
0.775701
0.6
0.863014
0.648649
0.362319
0.860465
0.452055
0.309524
0.533333
0.577465
0.705882
0.72973
0.631579
-0.0136987
-0.48
-0.694444
-0.842697
-0.855856
-0.934066
-1
-0.96
-0.966102
-0.980769
-0.935484
-0.984375
-0.915789
-0.972603
-1
-1
-0.984962
-0.914894
-1
-0.986014
-1
-0.978723
-0.9375
-0.984
-0.954545
-0.963636
-0.96
-0.917808
-0.95
-0.960396
-0.952381
-0.940741
-0.959596
-0.984375
-0.981481
-0.969466
-0.956044
-0.956989
-0.983051
-0.972414
-0.963303
-1
-0.971631
-0.983051
-0.965812
-0.948052
-0.95122
-0.935065
-1
-0.978022
-0.986755
-0.941748
-0.913043
-0.962264
-0.907407
-0.902439
-0.982609
-0.963303
-0.983471
-0.982906
-0.950617
-1
-0.972028
-0.956044
-0.927928
-0.983193
-0.960784
-0.977528
-0.90991
-0.966387
-0.918367
-0.957143
-0.983607
-0.934783
-0.96875
-0.958333
-0.884058
-0.981982
-0.918367
-0.926605
-0.96129
-0.92
-1
-0.916667
-0.870968
-0.954198
-0.981818
-0.947369
-0.974359
-0.984615
-0.753846
-0.953488
-1
-0.936
-0.85
-0.978022
-0.97037
-0.940594
-0.984733
-0.975904
-1
-0.942308
-0.951807
-0.897436
-1
-1
-0.939394
-0.8125
-0.962025
-0.968254
-0.925926
-0.927273
-0.956989
-0.851852
-0.908046
-0.92233
-0.980582
-0.932584
-0.914286
-0.891892
-0.882353
-0.948387
-1
-0.885057
-0.850467
-0.947369
-0.929204
-0.978261
-0.791045
-0.864865
-0.964286
-0.952756
-0.851852
-0.981308
-0.925234
-0.978947
-0.961165
-0.916667
-0.884058
-0.944445
-0.932584
-0.854545
-1
-0.98374
-0.984733
-0.979592
-0.962617
-0.893333
-0.962617
-0.9375
-0.95
-0.981481
-0.953488
-0.986577
-0.962963
-0.917526
-0.961905
-0.9
-0.962264
-0.93617
-0.978261
-0.956044
-0.930233
-0.923077
-0.906542
-0.685714
-0.92126
-0.896104
-0.981308
-0.960784
-0.829268
-0.566667
-0.909091
-0.74359
-0.780822
-0.51282
-0.647059
-0.835616
-0.763158
-0.956989
-0.878788
-0.95122
-0.914894
-0.614035
-0.758242
-0.892473
-0.966102
-0.825
-0.925234
-0.904762
-0.936842
-0.926605
-0.9375
-0.738095
-0.8
-0.862069
-0.880342
-0.909091
-0.835616
0.16
-0.662338
-0.37931
-0.728395
-0.73913
-0.877551
-0.75
-0.728395
-0.153846
-0.564103
-0.714286
-0.122807
-0.449275
-0.352941
-0.788235
-0.804878
-0.873874
-0.949153
-0.733333
-0.771429
-0.872341
-1
-0.741935
-0.924528
-0.948276
-0.96
-0.876543
-0.921569
-0.918033
-0.837209
-0.982143
-0.901235
-0.916667
-0.835616
-0.76087
-0.85
-0.905882
-0.984733
-0.881356
-0.954023
-0.917808
-0.835294
-0.84127
-0.933884
-0.727273
-0.704545
-0.919192
-0.818182
-0.86087
-0.88764
-0.918919
-0.885057
-0.809524
-0.911765
-0.617647
-0.857143
-0.833333
-0.946903
-0.90099
-0.958763
-0.490196
-0.590909
-0.76
-0.928571
-0.887851
-0.84
-0.890411
-0.916667
-0.433962
-0.831325
-0.962963
-0.956044
-0.944444
-0.911765
-0.846154
-0.923077
-0.980198
-0.704918
-0.919355
-0.377778
-0.384615
-0.741935
-0.846154
-0.974026
-0.973333
-0.607143
-0.893805
-0.938776
-0.981132
-0.890909
-0.857143
-0.753425
-0.927928
-0.818182
-0.963964
-0.967742
-0.953846
-0.945946
-0.921053
-0.897959
-0.766667
-0.897959
-1
-0.913669
-0.827586
-0.95
-0.965517
-0.981132
-0.859155
-0.862069
-0.917355
-0.818182
-0.923077
-0.636364
-0.777778
-0.726027
-0.294118
-0.5
-0.686747
-0.72973
-0.654321
-0.492958
-0.625
-0.588235
-0.831325
-0.275362
-0.275862
-0.826087
0.129032
0.0410959
0.152542
0.540541
0.604938
0.825
0.873684
0.984848
0.916667
0.961165
0.873418
0.920635
0.964602
0.878049
0.95122
0.965517
0.9
0.972414
0.939394
0.966942
0.781818
0.982609
1
0.849057
0.961165
0.931034
0.948276
0.938776
0.967213
0.878788
1
0.979592
0.983871
0.984127
0.824561
1
0.940594
0.917808
0.883495
0.904762
0.93617
0.955555
0.943925
0.958763
0.935484
0.925926
0.868132
0.884615
0.753425
1
0.794872
0.969466
0.971014
0.925
0.940594
0.982906
0.943396
0.983193
0.879518
1
0.978495
0.87037
0.829787
0.661017
0.68254
0.75
0.803922
0.858586
0.914286
0.978723
0.959184
0.829787
0.73494
0.981308
0.933333
0.974684
0.886179
0.893617
0.916667
0.897959
0.886792
1
0.97619
0.848101
0.792208
0.898734
0.764706
0.747126
0.75
0.466667
0.584416
0.866667
0.794118
0.540541
0.758621
0.777778
0.0933333
0.797753
0.766234
0.761905
0.827957
0.826087
0.818182
0.79661
0.920792
0.864078
0.885714
0.928571
0.861386
0.959184
0.787879
0.672131
0.743119
0.677419
0.846154
0.804878
0.775
0.909091
0.870968
0.767442
0.737705
0.452055
-0.180328
-0.275362
-0.566667
-0.855422
-0.90625
-0.979592
-0.966942
-0.958763
-0.969466
-0.931034
-0.982609
-0.97037
-0.980392
-1
-0.97619
-1
-0.919192
-1
-0.956522
-0.92233
-0.827957
-0.956989
-0.979381
-0.985714
-0.964602
-0.97561
-0.982906
-1
-0.956522
-0.964286
-1
-0.981481
-1
-0.943396
-1
-0.984375
-0.956044
-0.920792
-0.986577
-0.940299
-0.96875
-0.944828
-0.885714
-0.969231
-1
-0.979381
-1
-0.962617
-0.963964
-0.927928
-0.984496
-0.966667
-0.888889
-0.974684
-1
-0.934959
-0.931035
-0.966387
-0.945455
-0.888889
-1
-0.971223
-0.979592
-1
-0.865169
-0.962963
-0.983193
-0.956204
-1
-0.758621
-0.92
-1
-0.877551
-0.897959
-1
-0.979798
-0.982609
-0.89899
-0.969466
-0.970588
-0.9375
-0.945455
-0.971429
-0.941748
-0.96748
-0.885714
-0.964602
-0.966667
-0.978947
-0.962264
-0.980952
-0.868421
-0.895833
-0.945206
-0.970149
-0.921569
-0.916667
-0.912088
-1
-0.956522
-0.92
-0.966387
-0.968
-0.861111
-0.924528
-0.772152
-0.837838
-0.833333
-0.876923
-0.984375
-0.885714
-0.963303
-0.892473
-0.945455
-0.92
-1
-0.975309
-0.863636
-0.9375
-0.985294
-0.791045
-0.880952
-0.882353
-0.941748
-0.922078
-0.90099
-0.768116
-0.932203
-1
-0.964286
-0.784615
-0.894737
-0.938776
-0.806452
-0.876543
-0.944444
-0.714286
-0.965217
-0.912409
-0.884615
-0.965812
-0.985294
-0.942857
-0.915254
-0.931818
-0.904762
-0.877551
-0.902439
-0.881188
-0.902913
-0.883721
-0.951613
-0.946903
-0.8
-0.937008
-0.930233
-0.945455
-0.927711
-0.889764
-0.927273
-0.936508
-0.958333
-1
-0.927711
-0.908046
-0.875
-0.935484
-0.9
-0.946429
-0.746479
-0.982456
-0.980769
-0.917526
-0.978022
-0.849057
-0.785714
-0.773196
-0.901235
-0.794118
-0.890909
-0.931035
-0.914894
-0.92
-0.921569
-0.878788
-0.892857
-0.894737
-0.966387
-0.952
-0.926605
-0.855072
-0.945946
-0.903614
-0.963964
-0.931034
-0.981818
-0.943662
-0.956989
-0.909091
-0.735849
-0.804348
-0.861386
-0.787879
-0.87037
-0.594595
-0.929204
-0.915493
-0.68421
-0.8
-0.963636
-0.74359
-0.658537
-0.619048
-0.6
-0.880952
-0.571429
-0.886364
-0.886364
-0.870968
-0.915789
-0.934783
-0.918033
-0.904762
-0.901961
-0.704918
-0.983051
-0.958333
-0.95
-0.661017
-0.911111
-1
-0.827161
-0.876289
-0.921569
-0.952381
-1
-0.761194
-0.784314
-0.93007
-1
-0.964602
-0.983051
-0.967742
-0.876923
-0.873418
-0.461538
-0.206897
-0.777778
-0.836364
-0.54386
-0.428571
-0.793104
-0.90099
-0.764706
-0.62963
-0.396825
-0.321429
-0.826923
-0.27027
-0.868421
-0.432099
-0.813333
-0.432099
-0.688312
-0.756757
-0.670886
-0.625
-0.858824
-0.214286
-0.690722
-0.694444
-0.841584
-0.575
-0.789474
-0.849462
-0.842105
-0.68
-0.605634
-0.74026
-0.853659
-0.757576
-0.5
-0.657143
-0.907407
-0.931624
-0.89011
-0.810811
-0.792208
-0.774648
-0.721519
-0.783132
-0.831579
-0.717647
-0.853659
-0.964602
-0.882353
-0.83908
-0.965812
-1
-0.933333
-0.811765
-0.963964
-0.783132
-0.932584
-0.6
-0.795918
-0.806452
-0.919192
-0.909774
-0.73913
-0.960784
-0.979592
-0.883721
-0.941748
-0.692308
-0.428571
-0.605634
-0.571429
-0.68421
-0.5
-0.893333
-0.52
-0.688889
-0.933333
-0.858824
-0.752809
-0.810526
-0.820513
-0.979381
-0.909091
-0.914894
-0.607843
-0.913793
-0.894737
-0.827957
-0.22449
-0.35
-0.46875
0.48
0.04
0.746835
0.876289
0.768421
0.851852
0.987421
1
0.914894
1
0.962617
0.982456
0.936508
0.921569
0.954023
0.966942
1
1
0.933333
0.936842
0.964602
0.960396
0.977273
0.951613
0.930233
0.862069
0.92381
0.919192
0.972603
0.980198
0.986301
1
0.92
0.909091
0.966102
0.878788
0.956522
0.958763
0.985611
0.981651
0.915254
0.941748
0.809524
0.885057
0.945946
0.861111
0.954023
0.952381
0.974522
0.915789
0.971831
0.857143
0.971429
0.953488
0.944954
0.872727
0.886179
0.954546
0.93985
0.948718
0.876289
0.873016
0.813953
0.90991
0.935484
0.90991
0.957447
0.937008
0.921569
0.902439
1
0.941176
0.75
0.863636
0.756757
0.619048
0.860465
0.769231
0.786408
0.891892
0.690141
0.67033
0.661538
0.73494
0.445783
0.28
0.454545
0.657895
0.705882
0.59375
0.577778
0.813333
0.566667
0.506173
0.805825
0.727273
0.793104
0.862069
0.780488
0.932203
0.911111
0.758621
0.783132
0.927711
0.857143
0.925926
0.76
0.671642
0.730769
0.690476
0.70297
0.871795
0.623188
0.589041
0.492958
-0.516129
-0.615385
-0.585366
-0.831325
-0.909774
-0.948052
-0.983193
-1
-0.926605
-0.980198
-0.972028
-1
-0.984615
-1
-0.958763
-0.967742
-0.972222
-1
-1
-0.9625
-0.913043
-0.981308
-0.923077
-0.933333
-0.983333
-0.932773
-1
-1
-0.925926
-0.984848
-0.984615
-0.969231
-1
-1
-0.825
-0.962264
-0.821429
-0.989418
-1
-0.977273
-0.923077
-0.927928
-0.960396
-0.947368
-0.968254
-1
-0.92
-1
-0.918699
-1
-0.975
-0.852632
-0.92381
-0.911111
-0.927273
-1
-0.945946
-0.902913
-0.921569
-0.97619
-0.772152
-0.925926
-0.851852
-0.913043
-0.935484
-1
-0.963964
-0.923077
-0.986395
-0.978723
-0.955556
-0.929204
-0.915966
-0.850746
-1
-0.982301
-0.953488
-0.941748
-1
-0.929412
-0.96
-0.930435
-0.926605
-0.944445
-1
-0.955556
-0.888889
-0.943396
-0.936842
-0.978261
-0.958333
-0.924812
-0.890909
-0.960396
-0.980769
-0.979592
-0.952
-0.758621
-0.9375
-0.977011
-0.952381
-0.950413
-0.918367
-0.963964
-0.930233
-0.962963
-0.960396
-0.969697
-0.950617
-0.872341
-0.955224
-1
-0.823529
-0.921569
-0.959184
-0.925926
-1
-0.913043
-0.979592
-1
-0.956989
-0.969925
-1
-0.942857
-1
-0.931624
-0.968504
-0.93617
-0.578947
-0.523809
-0.97037
-0.861111
-1
-0.92233
-0.949686
-0.923077
-0.980952
-0.809524
-0.847826
-0.963636
-0.723077
-0.836735
-0.736842
-0.855422
-0.807692
-0.925926
-0.865169
-0.733333
-0.5
-0.8
-0.744186
-0.813084
-0.930233
-0.785714
-0.655914
-0.84
-0.917526
-0.9
-0.946429
-0.851064
-0.925926
-0.813953
-0.936508
-0.857143
-0.866667
-0.888889
-0.963636
-0.929825
-0.787234
-0.953846
-0.92233
-0.896907
-0.823529
-0.863014
-0.841584
-0.96748
-0.932584
-0.984848
-0.926605
-0.884615
-0.818182
-0.948718
-0.762712
-0.915789
-0.837398
-0.946667
-0.903846
-0.933333
-0.984
-0.968254
-0.893805
-0.961165
-0.894737
-0.934783
-0.915789
-0.92233
-0.837838
-0.971223
-0.971429
-0.890625
-0.79661
-0.774194
-0.903226
-0.909091
-0.968504
-0.777778
-0.846154
-0.731343
-0.876106
-0.851064
-0.909091
-0.967213
-0.891892
-0.735849
-0.663158
-0.880952
-0.870968
-0.892473
-0.980392
-0.925
-0.939394
-0.96
-0.92126
-0.939394
-0.909091
-0.666667
-0.692308
-0.758621
-0.927928
-0.928571
-0.346154
-0.333333
-0.783132
-0.48052
0.0508474
-0.321429
-0.219512
0.205882
0.933333
0.810526
1
0.94
0.855072
0.96748
0.885714
0.931818
0.853211
0.902913
1
0.985714
0.978947
1
1
0.891304
0.937008
0.896104
0.919355
0.956522
0.980769
0.931035
0.864407
0.696203
0.949153
0.98
0.978947
0.984615
0.914286
0.896552
0.903614
0.985294
0.893333
0.887324
0.872727
0.926829
0.840909
0.984496
0.934783
0.984615
0.880952
0.894737
0.805556
0.910112
0.706667
0.789474
0.89899
0.904762
0.962264
0.976744
0.820895
0.837209
0.94012
0.882353
0.971631
0.984848
0.959596
0.96748
0.952381
0.928571
0.956989
0.957895
0.855072
0.956204
0.91453
0.959596
0.920792
0.960396
0.935484
0.934783
0.815385
0.820513
0.617021
0.911765
0.492958
0.634146
0.831325
0.744681
0.513514
0.473684
0.540541
-0.0555555
-0.0909091
-0.0352941
0.111111
-0.54717
-0.95
-0.952941
-0.963964
-0.827161
-0.955882
-0.945206
-0.931034
-0.931035
-0.962264
-1
-0.932203
-0.692308
-0.969697
-0.846154
-0.925234
-0.952381
-0.934066
-0.896104
-0.942029
-0.967742
-1
-0.913978
-0.92
-1
-0.984615
-0.972603
-0.963636
-0.952941
-0.931507
-0.985714
-0.96
-0.958333
-0.932203
-0.931624
-0.962963
-0.952
-1
-0.941177
-0.975309
-0.986577
-0.938144
-0.938144
-0.963964
-0.891892
-0.953846
-1
-0.974359
-0.958621
-0.984
-0.946903
-0.916667
-0.98374
-0.961165
-0.894737
-0.985185
-0.966102
-0.960784
-0.985185
-0.950617
-0.961905
-0.96
-0.870968
-0.974684
-0.913043
-0.989305
-0.943662
-0.931973
-0.931035
-0.954023
-0.901961
-0.945455
-0.918367
-0.903846
-1
-0.973333
-0.970803
-0.931034
-0.917526
-0.94958
-0.967742
-0.959184
-0.985401
-0.981481
-0.888889
-1
-0.974026
-0.952381
-0.985915
-1
-0.866667
-0.966387
-0.964286
-0.955056
-0.966942
-0.961165
-0.938462
-1
-1
-0.802469
-0.979381
-0.765957
-0.810811
-0.881188
-0.964602
-0.911111
-0.947368
-0.941748
-0.934959
-0.94
-0.666667
-0.89899
-0.726027
-0.984252
-0.981132
-1
-0.905882
-0.913043
-0.924528
-0.871795
-0.892308
-0.92
-0.940594
-0.921053
-0.754717
-0.864865
-0.978495
-0.865169
-0.872341
-0.963636
-0.842697
-0.9
-0.836364
-0.911765
-0.857143
-0.85
-0.886792
-0.961165
-0.980392
-0.983871
-0.90625
-0.946429
-0.942029
-0.94
-0.936842
-0.983051
-0.980392
-0.818182
-0.957447
-0.952941
-0.915493
-0.950413
-0.783784
-0.844444
-0.951807
-0.934783
-0.789474
-0.87156
-0.746032
-0.606061
-0.731959
-0.962963
-0.681159
-0.904762
-0.837209
-0.926829
-0.854167
-0.903614
-0.766234
-0.805825
-0.911111
-0.878049
-0.881188
-0.830986
-0.918367
-0.928571
-0.784615
-0.84
-0.936842
-0.864865
-0.772727
-0.888889
-0.960784
-0.68
-0.959184
-0.896907
-0.980392
-0.784615
-0.902913
-0.913793
-0.9
-0.945946
-0.897959
-0.952381
-0.928571
-0.853659
-0.802198
-0.829787
-0.675676
-0.928571
-0.741935
-0.956044
-0.491525
-0.853659
-0.920792
-0.820513
-0.745455
-0.94958
-0.862069
-0.954023
-0.890411
-0.83908
-0.913793
-0.636364
-0.75
-0.964286
-0.86
-0.897436
-0.884615
-0.947368
-0.859649
-0.876289
-0.813953
-0.923077
-0.910714
-0.983607
-0.857143
-0.911111
-0.892473
-0.889908
-0.911111
-0.966667
-0.978947
-0.92381
-0.878049
-0.925
-0.858824
-0.930435
-0.755556
-0.938144
-0.985075
-0.84127
-0.873418
-0.910714
-0.781818
-0.900827
-0.789474
-0.848101
-0.912088
-0.755556
-0.944444
-0.742857
-0.745098
-0.8125
-0.831579
-0.492958
-0.706667
-0.937985
-0.772727
-0.920792
-0.978947
-0.727273
-0.981982
-0.944444
-0.794118
-0.8125
-0.86
-0.804878
-0.428571
-0.873874
-0.91453
-0.803279
-0.930435
-0.850746
-0.866667
-0.922078
-0.921569
-0.857143
-0.875
-0.8
-0.902439
-0.808219
-0.736842
-0.68
-0.363636
-0.230769
-0.030303
-0.405405
-0.559322
-0.09375
-0.938776
-0.333333
-0.566265
-0.780488
-0.61194
-0.792453
-0.794118
-0.605263
-0.828571
-0.111111
-0.205479
-0.0285714
0.785714
0.619048
0.910714
0.980392
0.968
0.917355
1
1
0.983871
1
0.980198
1
0.935484
0.9
0.976048
1
0.969466
1
0.903614
0.96875
1
0.956522
0.989691
0.882353
0.948718
0.980952
0.924051
0.951613
0.957895
0.854545
1
0.972789
0.933333
0.92233
0.948718
0.960396
0.831325
0.969231
0.909091
0.964286
1
0.878788
0.892308
0.982906
0.92
0.937008
0.964602
0.963964
1
0.894737
0.93617
1
0.872341
0.981818
0.945455
0.9375
0.985611
0.875
0.829268
0.906977
0.795455
0.616438
0.923077
0.929825
0.87013
0.900827
0.930233
0.883721
0.820225
0.868132
0.974026
0.888889
0.911111
0.780822
0.853659
0.717647
