0.666667
0.85567
0.905405
0.95
0.978723
0.967391
0.976471
0.976471
0.942197
0.905405
0.959184
0.864865
0.956284
1
0.94186
0.970732
1
0.934641
0.978836
0.948718
0.989583
0.975758
0.972973
0.946667
0.926471
0.949045
0.909677
0.92
0.966292
0.897436
0.955801
0.892308
0.970803
0.976048
0.914286
0.942197
0.969231
0.925466
0.909774
0.989011
0.84375
0.946237
0.944445
0.894737
0.916084
0.948718
0.91411
0.949686
0.947712
0.879195
0.955555
0.838235
0.9375
0.908497
0.87234
0.900709
0.944445
0.889764
0.953216
0.95092
0.974684
0.941177
0.935484
0.963855
0.977528
0.960265
0.952381
0.945946
0.962025
0.945946
0.942446
0.930556
0.945578
0.854305
0.906667
0.869919
0.888889
0.881579
0.886179
0.913669
0.917241
0.924242
0.857143
0.95
0.952756
0.905405
0.922481
0.922078
0.84375
0.866667
0.933333
0.882353
0.931035
0.963855
0.988166
0.894737
0.927007
0.927536
0.905882
0.879195
0.894737
0.794872
0.896774
0.967213
0.952096
0.969231
0.896296
0.903448
0.891156
0.94702
0.933333
0.843478
0.902098
0.942029
0.965116
0.883333
0.984615
0.923567
0.884058
0.931035
0.960526
0.952941
0.968254
0.881356
0.905882
0.937888
0.945206
0.886179
0.979058
0.937008
0.885714
0.842105
0.974684
0.974684
0.887851
0.946309
0.952381
0.915493
0.958904
0.888889
0.909091
0.885714
0.929078
0.787611
0.928144
0.925926
0.849315
0.940299
0.818182
0.838384
0.865672
0.760684
0.954802
0.86
0.931507
0.765766
0.922078
0.918033
0.919355
0.814815
0.836257
0.823529
0.880795
0.931507
0.890411
0.805825
0.988571
0.887097
0.988889
0.958621
0.891892
0.946309
0.957143
0.846154
0.966667
0.919355
0.885714
0.889764
0.945206
0.848485
0.875
0.827586
0.837037
0.89916
0.828125
0.960526
0.916084
0.752381
0.834586
0.875
0.810345
0.965714
0.928572
0.89313
0.988024
0.970588
0.973684
0.803571
0.921788
0.956204
0.884058
0.933775
0.833333
0.898551
0.813559
0.96
0.786885
0.936709
0.853659
0.762712
0.942857
0.853659
0.798319
0.791304
0.934959
0.834711
0.939759
0.917355
0.900709
0.8
0.871795
0.859375
0.928572
0.94958
0.95122
0.923664
0.774436
0.895522
0.724138
0.859375
0.89781
0.945355
0.883495
0.895652
0.964706
0.910448
0.936709
0.859649
0.93985
0.836066
0.862069
0.906977
0.855856
0.916084
0.92
0.867647
0.943263
0.883333
0.946667
0.886792
0.889764
0.92
0.858824
0.96748
0.895522
0.917808
0.87156
0.86014
0.813559
0.862069
0.815126
0.895522
0.921053
0.853333
0.943396
0.950311
0.83871
0.580952
0.89313
0.793103
0.883212
0.789474
0.864662
0.779412
0.877551
0.85124
0.890625
0.80597
0.960526
0.919075
0.970588
0.836066
0.970588
0.907692
0.970803
0.924528
0.752212
0.900827
0.917647
0.973684
0.893805
0.892857
0.918919
0.905512
0.902439
0.947369
0.970803
0.951515
0.942857
0.972973
0.909774
0.971429
0.965909
0.97861
0.926471
0.965217
0.950617
0.930636
0.810526
0.910448
0.953846
0.880342
0.847458
0.683333
0.899281
0.84
0.911504
0.961039
0.945946
0.818182
0.914894
0.925926
0.909091
0.903226
0.79845
0.724771
0.932432
0.933775
0.918033
0.794118
0.884058
0.847619
0.925
0.909774
0.918367
0.914634
0.938931
0.938272
0.816326
0.884892
0.719626
0.93865
0.921569
0.932203
0.94702
0.961783
0.866667
0.90566
0.785124
0.902778
0.767857
0.59596
0.834395
0.878261
0.888889
0.9125
0.977011
0.893617
0.903448
0.878261
0.908497
0.876106
0.984252
0.873239
0.941177
0.968
0.909774
0.869919
0.883212
0.796875
0.891473
0.615385
0.925373
0.870968
0.546392
0.781513
0.863248
0.563636
0.7
0.6
0.717172
0.716814
0.731544
0.90625
0.928571
0.858156
0.815385
0.964286
0.954198
0.972222
0.909091
0.954198
0.98773
0.92126
0.867925
0.868421
0.966942
0.938931
0.950495
0.810526
0.959459
0.965116
0.945355
0.972414
0.952756
0.9
0.97351
0.954545
0.892308
0.907407
0.714286
0.931973
0.775701
0.844828
0.847222
0.949686
0.859155
0.709091
0.824
0.875
0.783333
0.848739
0.918367
0.875
0.72549
0.847328
0.884058
0.90625
0.919463
0.909091
0.922581
0.85124
1
0.89899
0.828947
0.908046
0.891156
0.76087
0.873239
0.72
0.848739
0.832061
0.726316
0.76378
0.787611
0.974843
0.880342
0.924812
0.892857
0.909091
0.8
0.881579
0.894737
0.860465
0.76087
0.933702
0.981651
0.906977
0.956284
0.915254
0.777778
0.837838
0.872
0.858268
0.842105
0.84507
0.893939
0.858268
0.816667
0.916084
0.88
0.840909
0.758065
0.831933
0.8
0.8
0.844961
0.901639
0.798319
0.788618
0.90411
0.929825
0.940741
0.88535
0.942446
0.875
0.955224
0.893805
0.864865
0.909091
0.653061
0.918033
0.70297
0.504587
0.972414
0.392405
0.298246
0.591837
0.541667
0.683333
-0.326531
0.347826
0.478261
-0.104167
0.0377359
0.204301
-0.283333
0.247059
-0.166667
-0.204082
-0.298246
-0.594937
-0.188119
-0.484536
-0.661765
-0.677966
-0.527273
-0.5
-0.58
-0.742857
-0.964912
-0.81295
-0.948387
-0.939394
-0.825397
-0.835821
-0.965714
-0.790476
-0.833333
-0.766423
-0.686274
-0.779528
-0.95092
-0.793104
-0.913043
-0.834586
-0.815385
-0.888199
-0.779412
-0.809524
-0.789474
-0.878378
-0.719626
-0.234043
-0.333333
-0.557522
-0.23913
0
-0.297872
0.106383
0.277778
0.376344
0.495798
0.726496
0.788618
0.909091
0.931507
0.914286
0.923664
0.904
0.974843
0.964286
0.910714
0.969925
0.988701
0.937985
0.942857
0.986667
0.947712
0.942446
0.900827
0.958904
0.989071
0.930556
0.972789
0.973856
0.957746
1
0.988095
0.935897
0.87037
0.977273
0.927007
0.988889
0.974522
0.940299
0.935065
0.947826
0.908497
0.970803
0.97546
0.912281
0.958042
0.932886
0.851852
0.886179
0.890244
0.892308
0.886792
0.940476
0.92233
0.9875
0.909091
0.925926
0.867647
0.910448
0.927273
0.893805
0.942029
0.882353
0.931507
0.893805
0.951613
0.84507
0.869919
0.955882
0.774194
0.89011
0.973333
0.988764
0.973684
0.979167
0.939394
0.925926
0.924812
0.921053
0.942446
0.96129
0.862745
0.902439
0.937107
0.885246
0.915966
0.886525
0.947644
0.925926
0.968992
0.92126
0.868613
0.967742
0.921053
0.923077
0.975758
0.876923
0.964706
0.93617
0.896296
0.927928
0.959184
0.961039
0.988827
0.985507
0.936508
0.947369
0.971014
0.857143
0.9
0.891156
0.555556
0.867769
0.794872
0.92
0.830769
0.958042
0.883333
0.970803
0.910448
0.948387
0.852459
0.915966
0.925
0.965318
0.970803
0.909091
0.920635
0.88535
0.933333
0.907692
0.954887
0.940299
0.913043
0.933775
0.907692
0.862069
0.942446
0.955556
0.941177
0.966942
0.914286
0.86
0.930556
0.925234
0.843972
0.849624
0.968992
0.84252
0.893805
0.925
0.923567
0.969925
0.909774
0.913669
0.915254
0.885246
0.92
0.923077
0.971631
0.9
0.887097
1
0.973856
0.918033
0.873016
0.951807
0.96875
0.92638
0.986486
0.971631
0.948387
0.87931
0.859155
0.944056
0.911504
0.879699
0.954887
0.923077
0.909677
0.942529
0.969466
0.891473
0.895522
0.791045
0.944056
0.944828
0.929078
0.987654
0.946903
0.920455
0.913793
0.884298
0.926471
0.937985
0.89916
0.953488
0.958904
0.95
0.909774
0.890625
0.834586
0.907692
0.763636
0.989189
0.971014
0.929204
0.887097
0.945946
0.881356
0.934641
0.987952
0.934426
0.894737
0.95082
0.844961
0.945578
0.872
0.954545
0.949686
0.957746
0.9375
0.936
0.789474
0.897436
0.78022
0.810811
0.803571
0.850746
0.891892
0.921569
0.902778
0.839286
0.923664
0.928572
0.856
0.935484
0.918699
0.678571
0.905405
0.75
0.901235
0.961905
0.931035
0.933775
0.769911
0.952
0.894737
0.900709
0.921875
0.826772
0.92126
0.933333
0.813954
0.95
0.978261
0.927273
0.796296
0.9375
0.988571
0.875
0.777778
0.870968
0.791667
0.875969
0.941521
0.849057
0.783784
0.853659
0.875862
0.794872
0.878261
0.794872
0.903226
0.887324
0.830509
0.906667
0.814433
0.8
0.915493
0.936508
0.942029
0.890625
0.889908
0.843137
0.929825
0.794393
0.911111
0.87156
0.898551
0.685393
0.808696
0.814286
0.826087
0.872
0.783784
0.775701
0.908397
0.911392
0.971223
0.847826
0.709924
0.870968
0.76
0.759259
0.908397
0.958333
0.911504
0.902439
0.911111
0.875862
0.894737
0.897059
0.891473
0.950413
0.925373
0.929825
0.903448
0.884298
0.748031
0.949367
0.958621
0.952
0.878261
0.946309
0.888889
0.889655
0.844828
0.781818
0.904762
0.891473
0.846154
0.954545
0.946667
0.948718
0.924242
0.990338
0.936
0.973856
0.918699
0.785714
0.854839
0.781513
0.864662
0.857143
0.888889
0.871429
0.915789
0.856115
0.869919
0.79021
0.956834
0.986486
0.916667
0.961905
0.866667
0.929578
0.932203
0.844828
0.861539
0.781818
0.722772
0.295455
0.911392
0.663366
0.660714
0.870968
0.60396
0.903226
0.844961
0.890909
0.87931
0.84
0.888889
1
0.964912
0.781513
0.893333
0.825243
0.801527
0.973333
0.900827
0.93985
0.987013
0.960784
0.894737
0.888889
0.967742
0.959596
0.933884
0.942857
0.850467
0.846154
0.944445
0.907285
0.662921
0.832168
0.52381
0.78125
0.847458
0.6
0.93007
0.935484
0.876923
0.883117
0.939394
0.956522
0.89313
0.920635
0.761468
0.77551
0.607143
0.89916
0.774194
0.913043
0.927007
0.925373
0.875
0.891892
0.839286
0.909774
0.926605
0.935484
0.922481
0.827586
0.608247
0.870968
0.809524
0.753846
0.663366
0.84058
0.904762
0.642105
0.954546
0.904
0.891892
0.877193
0.914634
0.843137
0.891892
0.9
0.918033
0.914286
0.855856
0.781818
0.85
0.818182
0.956204
0.888889
0.947826
0.921875
0.792593
0.666667
0.818182
0.891156
0.883333
0.896296
0.78
0.971014
0.854015
0.869919
0.952381
0.902098
0.947826
0.926471
0.788462
0.894737
0.910828
0.928571
0.855856
0.908497
0.843478
0.811966
0.872727
0.862069
0.907692
0.816667
0.80198
0.804511
0.858268
0.875
0.883212
0.829787
0.940741
0.904
0.942029
0.947369
0.858407
0.89313
0.90625
0.910448
0.921569
0.954198
0.892308
0.971223
0.972222
0.974522
0.92
0.944445
0.930435
0.975155
0.923077
0.852459
0.948052
0.924242
0.97351
0.936508
0.911765
0.868421
0.986577
0.972222
0.937008
0.92
0.852459
1
0.922481
0.952756
0.963415
0.954545
0.938462
0.958333
0.963636
0.9375
0.954887
0.84127
0.893939
0.853659
0.889764
0.915493
0.934426
0.943662
0.801802
0.879699
0.947369
0.837398
0.964912
0.923664
0.92
0.883212
0.560976
0.796296
0.727273
0.856
0.825397
0.692308
0.74
0.773333
0.900709
0.816514
0.851852
0.790476
0.753846
0.823529
0.682927
0.877863
0.909091
0.960784
0.917355
0.763636
0.837838
0.757576
0.837398
0.716535
0.76699
0.755102
0.819672
0.821918
0.717391
0.884058
0.856
0.899281
0.729167
0.863636
0.918367
0.862069
0.738462
0.75
0.808696
0.834711
0.959731
0.970588
0.927273
0.813559
0.872
0.880597
0.938462
0.98
0.849624
0.865672
0.743119
0.704918
0.82906
0.828571
0.959731
0.925373
0.956204
0.959731
0.919463
0.980769
0.915493
0.958904
0.867647
0.862069
0.825397
0.949153
0.918699
0.871429
0.786885
0.85
0.585586
0.604396
0.810345
0.396226
0.603774
0.462366
0.0315789
0.0103093
-0.186813
-0.387755
0.159091
-0.408696
-0.555556
-0.44
-0.375
-0.73913
-0.838926
-0.975309
-0.922078
-0.902778
-0.875969
-0.878261
-0.852941
-0.955801
-0.861539
-0.951515
-0.906667
-0.934641
-0.952381
-0.948187
-0.904762
-0.923664
-0.97561
-0.828125
-0.779817
-0.89404
-0.80303
-0.848276
-0.809524
-0.871429
-0.683333
-0.844961
-0.791304
-0.6
-0.517857
-0.776119
-0.803571
-0.010989
-0.226415
-0.25
-0.313726
-0.425743
-0.0114942
0.313726
-0.252525
0.433962
0.894737
0.617391
0.630252
0.927007
0.978022
0.883871
0.924051
0.920635
0.985507
0.928572
0.888889
0.944828
0.924528
0.948718
0.953757
0.972414
0.970588
0.966942
0.986111
0.901408
0.923077
0.983471
0.933775
0.969466
0.935897
0.854545
0.939394
0.939024
0.95092
0.938462
0.971631
0.925373
0.986842
1
0.985714
0.942857
0.986207
0.929204
0.922652
0.984848
0.970803
0.957447
0.911765
0.900709
0.864078
0.9
0.935484
0.96129
0.877193
0.849057
0.942197
0.906542
0.967742
0.942029
0.888
0.947369
0.935484
0.927007
0.926471
0.911504
0.928571
0.92053
0.94
0.925926
0.908257
0.689655
0.924528
0.851852
0.955224
0.931035
0.941606
0.97861
0.981481
0.988701
0.932203
0.899371
0.951613
0.880597
0.829787
0.951613
0.985294
0.972973
0.869565
0.909091
0.933333
0.897059
0.988571
0.9875
0.971223
0.942857
0.984
0.977778
0.930556
0.915254
0.917355
0.866667
0.927536
0.988095
0.933775
0.970588
0.96319
0.917355
0.92
0.947712
0.903846
0.975904
0.976048
0.975
0.960784
0.942857
0.974522
0.904762
0.886179
0.959596
0.982456
0.936508
0.906667
1
0.977143
0.939394
0.977011
0.931034
0.92
0.977011
0.858586
0.900827
0.927273
0.904762
0.912281
0.902778
0.89916
0.818182
0.925926
0.922481
0.960265
0.974194
0.872
0.943662
0.913043
0.89404
0.791667
0.921875
0.836364
0.862069
0.842857
0.943263
0.921875
0.987654
0.965517
0.931035
0.893805
0.923664
0.848485
0.775862
0.810219
0.836364
0.938272
0.941606
0.872727
0.762376
0.902098
0.946667
0.984615
0.922078
0.953846
0.966292
0.97546
0.898305
0.888
0.987342
0.954198
0.98773
0.837838
0.870968
0.985294
0.9375
0.903846
0.934783
0.942857
0.960526
0.858586
0.890909
0.985714
0.892308
0.913669
0.910828
0.989796
0.986207
0.932773
0.986577
0.873874
0.811966
0.731959
0.761468
0.850746
0.831776
0.890625
0.972603
0.988095
0.970149
0.94702
0.952756
0.947369
0.842105
0.976331
0.93985
0.945578
0.968992
0.924242
0.934426
0.910448
0.808511
0.924528
0.818182
0.745455
0.767857
0.833333
0.912281
0.825397
0.905512
0.894737
0.965812
0.865672
0.985611
0.960784
0.909774
0.951613
0.891892
0.852941
0.882353
0.913043
0.84252
0.875
0.853211
0.902439
0.929825
0.752381
0.875
0.897059
0.841584
0.900621
0.793104
0.816667
0.862595
0.888
0.849624
0.886179
0.79845
0.903448
0.927273
0.974026
0.811321
0.874126
0.770833
0.898305
0.83871
0.5
0.716535
0.733333
0.615385
0.852941
0.823009
0.915254
0.91411
0.895652
0.846154
0.943263
0.89313
0.965909
0.822222
0.830509
0.937888
0.929078
0.891892
0.830509
0.586207
0.904762
0.698413
0.839286
0.866667
0.919355
0.735849
0.946667
0.86
0.68595
0.820513
0.983333
0.875969
0.854545
0.818182
0.84
0.835616
0.754717
0.875969
0.927007
0.940299
0.940741
0.84252
0.984848
0.909091
0.910448
0.900709
0.932773
0.923664
0.972414
0.936508
0.934641
0.892308
0.952
0.922481
0.832168
0.842105
0.852459
0.807018
0.782946
0.864407
0.973684
0.727273
0.787611
0.933775
0.975309
0.96875
0.864407
0.9375
0.959459
0.892857
0.984733
0.956204
0.79845
0.893939
0.752212
0.937008
0.957447
0.966102
0.943662
0.856115
0.747368
0.856
0.91195
0.858268
0.854545
0.859649
0.663158
0.935065
0.938462
0.804878
0.976608
0.927273
0.857143
0.986755
0.908257
0.839286
0.935135
0.906542
0.943396
0.873418
0.857143
0.866667
0.756522
0.907407
0.853211
0.924812
0.702128
0.921053
0.911504
0.909774
0.836066
0.612245
0.872727
0.911111
0.921875
0.936709
0.838384
0.964706
0.950413
0.92381
0.961039
0.619048
0.916084
0.5
0.785714
0.736842
0.711712
0.504951
0.884298
0.744681
0.728
0.545455
0.791045
0.75
0.879699
0.734513
0.747748
0.901408
0.762712
0.888889
0.72549
0.841727
0.868852
0.863248
0.895522
0.945578
0.849057
0.931035
0.981818
0.950249
0.964286
0.922481
0.803279
0.974522
0.936
0.896296
0.875
0.854015
0.9
0.893805
0.869281
0.784615
0.787234
0.791045
0.730769
0.970149
0.876106
0.884058
0.504587
0.829787
0.708738
0.857143
0.861386
0.866667
0.777778
0.835052
0.699248
0.823009
0.872727
0.94382
0.972789
0.813084
0.895522
0.89313
0.921875
0.89899
0.841727
0.803922
0.767442
0.836364
0.719008
0.869919
0.8
0.965318
0.889655
0.969697
0.931624
0.908397
0.888
0.813333
0.872
0.925234
0.84375
0.888889
0.733333
0.87013
0.921875
0.744681
0.913043
0.891892
0.864662
0.765766
0.930636
0.96748
0.846154
0.955555
0.915254
0.96129
0.930435
0.955224
0.9375
0.985714
0.830189
0.937888
0.954887
0.911111
0.846154
0.672414
0.905512
0.904762
0.90625
0.877193
0.961039
0.900827
0.971429
0.931624
0.894737
0.773913
0.826087
0.911504
0.89313
0.846154
0.935484
0.813084
0.918367
0.878261
0.811024
0.781513
0.923077
0.897059
0.890625
0.901639
0.937008
0.897436
0.823129
0.87931
0.903226
0.943263
0.646018
0.773585
0.885246
0.929204
0.938931
0.967742
0.741379
0.886525
0.946429
0.731092
0.988506
0.962963
0.956204
0.988506
0.942446
0.942029
0.974026
0.931624
0.907407
0.86755
0.868852
0.934426
0.941606
0.801802
0.952663
0.842697
0.672414
0.471698
0.675676
0.686957
0.692308
0.340659
0.754717
0.636364
0.591837
0.666667
0.781513
0.621053
0.504762
0.776
0.761194
0.821429
0.842697
0.846154
0.692308
0.804196
0.794872
0.848739
0.896552
0.823009
0.572816
0.869823
0.816326
0.742574
0.965714
0.911504
0.862069
0.736264
0.916084
0.858268
0.794872
0.763636
0.604167
0.709402
0.596154
0.788462
0.905512
0.837838
0.782946
0.906542
0.867647
0.794118
0.897059
0.927007
0.917808
0.862595
0.955224
0.920635
0.926471
0.881481
0.93007
0.921875
0.608696
0.908397
0.870504
0.929825
0.882353
0.902778
0.911111
0.96129
0.958621
0.894737
0.909677
0.981308
0.905405
0.937985
0.923077
0.730769
0.852349
0.830509
0.918367
0.908257
0.891473
0.941177
0.932773
0.833333
0.769231
0.8125
0.851852
0.891473
0.78022
0.777778
0.855856
0.861539
0.909774
0.827586
0.918699
0.888889
0.745098
0.843478
0.824818
0.824176
0.855856
0.863945
0.634409
0.770833
0.703704
0.873016
0.84058
0.793104
0.848485
0.846154
0.825243
0.838509
0.794393
0.837838
0.791304
0.815126
0.815126
0.801653
0.771429
0.894737
0.935484
0.889571
1
0.843478
0.943263
0.836364
0.777778
0.846154
0.870504
0.887324
0.824
0.942029
0.847328
0.823009
0.808696
0.783784
0.649484
0.772358
0.806897
0.905512
0.962264
0.969231
0.827957
0.915966
0.879699
0.913793
0.841727
0.984615
0.931507
0.884298
0.8
0.867925
0.89404
0.728155
0.890625
0.827586
0.842857
0.87037
0.716814
0.803279
0.756522
0.848739
0.904192
0.924242
0.96
0.930435
0.866667
0.881481
0.863248
0.81982
0.862069
0.9625
0.842105
0.86014
0.906542
0.943263
0.936306
0.927007
0.911111
0.913669
0.946667
0.927007
0.851852
0.779817
0.647059
0.557522
0.877551
0.838235
0.80531
0.834711
0.868852
0.952381
0.943662
0.761468
0.854839
0.939394
0.803571
0.874016
0.890411
0.727273
0.909091
0.836066
0.68932
0.142857
0.454545
0.529412
0.407407
0.666667
0.515152
0.615385
0.657658
0.305263
0.54386
0.604167
0.696
0.680672
0.839416
0.918033
0.842105
0.846154
0.761905
0.79562
0.806452
0.772358
0.706897
0.904
0.75
0.907895
0.891892
0.959459
0.922481
0.960784
0.900709
0.843478
0.893805
0.931034
0.831933
0.859155
0.914894
0.829787
0.931507
1
0.771429
0.815126
0.815126
0.823009
0.876106
0.92
0.961039
0.947369
0.953125
0.902098
0.826923
0.973154
0.887324
0.857143
0.943263
0.909091
0.904762
1
0.9375
1
0.9375
0.989305
0.985507
0.888
0.970588
0.918033
0.894737
1
0.969231
0.894737
0.936508
1
0.932773
0.836364
0.886525
0.946667
0.89899
0.946309
0.927711
0.878261
0.897436
0.781513
0.881356
0.921053
0.953125
0.827338
0.895652
0.90625
0.866667
0.886792
0.866667
0.9
0.830509
0.929078
0.788462
0.912281
0.870504
0.909774
0.831933
0.850467
0.891892
0.867769
0.73913
0.917808
0.853659
0.820895
0.942029
0.846154
0.843478
0.808
0.974359
0.923664
0.90411
0.878788
0.884298
0.873016
0.821429
0.910714
0.922581
0.880342
0.922481
0.904
0.986577
0.872341
0.921569
0.92126
0.891892
0.903614
0.711712
0.819355
0.907407
0.932886
0.826087
0.971631
0.862595
0.915493
0.702128
0.827338
0.850467
0.898551
0.717391
0.737705
0.841584
0.686957
0.868613
0.9
0.630435
0.84127
0.917241
0.8
0.874126
0.755102
0.852459
0.916168
0.865546
0.917241
0.956834
0.929078
0.973154
0.733333
0.859375
0.97561
0.8
0.852459
0.853211
0.892308
0.966292
0.958333
0.945455
0.917808
0.923664
0.910714
0.693694
0.8
0.772358
0.844961
0.738318
0.529412
0.701754
0.752577
0.82906
0.325843
0.340206
0.384615
0.779661
0.622641
0.82906
0.90604
0.902913
0.666667
0.410526
0.793651
0.566265
0.8
0.704348
0.777778
0.789474
0.851852
0.708333
0.472527
0.186813
0.766423
0.530864
0.294118
0.204545
0.0652174
0.471698
0.415094
0.571429
0.752212
0.851852
0.53271
0.911765
0.968504
0.909677
0.780488
0.970297
0.92381
0.910256
0.910714
0.910448
0.932886
1
0.902439
0.936508
0.903846
0.924528
0.877301
0.972789
0.904762
0.954545
0.932432
0.893805
0.929078
0.967568
0.981982
0.895522
1
0.932432
0.951515
0.921875
0.964912
0.897059
0.866667
0.935484
0.87156
0.907285
0.696428
0.745455
0.914286
0.801802
0.888889
0.793814
0.913043
0.915966
0.866667
0.905405
0.9
0.928572
0.934959
0.854839
0.830509
0.912281
0.971014
0.955224
0.858407
0.920635
0.858156
0.929825
0.892857
0.953757
0.892617
0.944828
0.90566
0.976048
0.987805
0.926471
0.986301
0.944056
0.920635
0.931035
0.906542
0.963415
0.938931
0.913793
0.877551
0.885714
0.802817
0.913043
0.889655
0.886179
0.959459
0.887097
0.882353
0.734513
0.836735
0.935065
0.92381
0.974522
0.936709
0.927273
0.921569
0.775281
0.649484
0.816667
0.841727
0.864407
0.795455
0.775862
0.911765
0.933775
0.906977
0.864407
0.879195
0.96
0.935484
0.929825
0.980769
0.884298
0.920635
0.930435
0.811321
0.833333
0.784314
0.899441
0.883495
0.949367
0.830189
0.791304
0.89404
0.939394
0.796296
0.592233
0.744
0.692308
0.828571
0.836735
0.84
0.833333
0.876543
0.701149
0.404255
0.06
0.333333
0.730769
0.634921
0.64486
0.905405
0.861386
0.803922
0.788618
0.836066
0.882353
0.868613
0.854839
0.92126
0.97619
0.882353
0.794393
0.875969
0.87037
0.918033
1
0.91954
0.929078
0.953846
0.944056
0.89916
0.711111
0.801418
0.904762
0.870968
0.955882
0.878788
0.896104
0.925926
0.874016
0.957447
0.936
0.98
0.985075
0.852632
0.861111
0.878261
0.87013
0.908046
0.964286
0.860465
0.822581
1
0.959459
0.934959
0.826772
0.933775
0.936
0.894737
0.834711
0.81982
0.865672
0.862595
0.825243
0.919463
0.954198
0.931973
0.953125
0.914286
0.896552
0.894737
0.848485
0.850746
0.92
0.945055
0.852632
0.830769
0.944954
0.856
0.947712
0.931507
0.917526
0.875
0.969072
0.926471
0.880342
0.954198
0.881481
0.839286
0.955882
0.945206
0.747126
0.915966
0.940476
0.90625
0.968
0.873239
0.918699
0.816667
0.777778
0.914286
0.786408
0.852941
0.89916
0.774194
0.925926
0.834711
0.975155
0.964286
0.935484
0.7
0.900827
0.813084
0.740741
0.711712
0.824561
0.823009
0.663717
0.783333
0.893939
0.986577
0.986486
0.940741
0.771429
0.632184
0.863248
0.747748
0.882353
0.884892
0.922481
0.857143
0.908257
0.918367
0.774194
0.937985
0.891892
0.887097
0.830769
0.896552
0.909091
0.784314
0.928572
0.859375
0.828571
0.883212
0.970588
0.861539
0.918699
0.917241
0.888889
0.887097
0.789474
0.896296
0.950413
0.887097
0.816667
0.972603
0.89313
0.950311
0.927273
0.877863
0.82906
0.854839
0.849624
0.95122
0.954023
0.912281
0.929578
0.944056
0.954887
0.952
0.932203
0.879699
0.964286
0.93007
0.838926
0.968504
0.942857
0.889764
0.918367
0.872341
0.894737
0.795276
0.733333
0.741379
0.752381
0.832168
0.902439
0.784314
0.741379
0.663366
0.5
0.756098
0.645833
0.741379
0.510204
0.593496
0.625
0.779661
0.873016
0.885246
0.693694
0.557692
0.770115
0.181818
0.137255
0.113402
0.1875
0.514563
0.355556
0.684211
0.113402
-0.00952379
-0.288462
-0.482759
-0.333333
-0.346939
-0.14
-0.238095
-0.837838
-0.79845
-0.900827
-0.877863
-0.916667
-0.714286
-0.793651
-0.731092
-0.664122
-0.647059
-0.863014
-0.883212
-0.950311
-0.835616
-0.967742
-0.9625
-0.858407
-0.936508
-0.947644
-0.889764
-0.74
-0.947644
-0.875
-0.702703
-0.903614
-0.543478
-0.808219
-0.953125
-0.87013
-0.806452
-0.794393
-0.853659
-0.989189
-0.888
-0.832061
-0.941606
-0.928058
-0.801527
-0.724638
-0.911504
-0.824
-0.854015
-0.774436
-0.838926
-0.790476
-0.809524
-0.908397
-0.791304
-0.678571
-0.697479
-0.630435
-0.614035
-0.304348
-0.472727
-0.442308
-0.186813
-0.566667
-0.401869
-0.575221
-0.634921
-0.5
-0.460674
-0.2
0.518519
0.787611
0.867925
0.88
0.967213
0.953757
0.986842
0.973684
0.944445
1
0.950617
0.985816
0.916667
0.969231
0.974026
0.957746
0.957143
0.960784
0.950617
0.965812
0.990148
0.954286
0.92233
0.954545
0.972028
0.956044
0.932203
0.964912
1
0.989583
0.963303
0.956834
0.97351
0.947369
0.915966
0.945206
0.945946
0.953488
0.971223
0.943263
0.927007
0.979487
0.956204
0.969466
0.933333
0.967213
0.984375
0.919463
0.946667
0.962264
0.962264
0.974843
0.938776
0.957447
0.943662
0.958333
0.940299
0.979487
0.958621
0.974359
0.985401
0.945946
0.975758
0.984848
0.951515
0.959184
0.927273
0.956522
0.929204
0.9
0.96129
0.985294
1
0.962264
0.935897
0.985294
1
0.987261
0.950413
0.970588
0.952381
0.940741
0.880597
0.917355
0.915493
0.933884
0.970149
0.942857
0.960526
0.970149
0.986928
0.94702
0.96
0.90566
0.961039
0.96648
0.952756
0.964286
0.949153
0.971014
0.976471
0.943925
0.918699
0.972789
0.97561
0.984848
0.930556
0.965812
0.989247
0.931035
0.984848
0.910448
0.929578
0.921875
0.987578
0.930556
0.973684
0.826923
0.867647
0.941606
0.904
0.954198
0.948387
0.948276
0.950311
0.90625
0.897436
0.830189
0.828571
0.917241
0.909677
0.842105
0.82
0.801527
0.811321
0.971963
0.982143
0.910256
0.946903
0.958621
0.965812
0.913669
0.915254
0.968085
1
0.917241
0.987421
0.878788
0.922078
0.927536
0.943662
0.936508
0.876923
0.881188
0.944445
0.914894
0.96875
0.944134
0.969925
0.852941
0.963303
0.901235
0.947712
0.910256
0.915966
0.861111
0.791667
0.904192
0.924528
0.958904
0.909677
0.972603
0.971429
0.937888
0.988095
0.969925
0.945206
0.858407
0.896552
0.972028
0.959459
0.967568
0.949045
0.931034
0.938144
0.941606
0.90566
0.879699
0.929078
0.877551
0.972414
0.954545
0.958621
0.918919
0.904762
0.955555
0.938931
0.956834
1
0.868852
0.953125
0.898089
0.941177
0.919463
0.92
0.880597
0.96875
0.830509
0.873239
0.968
1
0.957447
0.84
0.852459
0.875862
0.932203
0.894737
0.846154
0.936709
0.937008
0.9875
0.784946
0.964286
0.927007
0.875
0.870504
0.96
0.927007
0.82906
0.878261
0.974026
0.894737
0.957143
0.848101
0.949153
0.917241
0.939394
0.963303
0.916084
0.887097
0.971831
0.893939
0.707865
0.876543
0.945946
0.869159
0.965909
0.820225
0.842857
0.54902
0.643564
0.731092
0.939394
0.70297
0.791667
0.80198
0.787611
0.940594
0.819672
0.709091
0.755396
0.911765
0.807692
0.895522
0.848485
0.958621
0.962733
0.932886
0.946667
0.917355
0.822581
0.878261
0.957746
0.918699
0.69697
0.959184
0.932203
0.974843
0.930556
0.866667
0.890411
0.873418
0.893491
0.937985
0.90991
0.872
0.971014
0.879195
0.954198
0.972028
0.885714
0.967391
0.894737
0.921875
0.890625
0.826087
0.954198
0.904
0.877863
0.946667
0.971631
0.949045
0.949367
0.950413
0.927273
0.987578
0.877863
0.923664
0.915254
0.76
0.938462
0.786885
0.969925
0.821138
0.81982
0.878378
0.894737
0.84
0.933333
0.87037
0.792453
0.863248
0.881481
0.945946
0.857143
0.870968
0.807018
0.84375
0.934211
0.934641
1
0.974522
0.935065
0.933333
0.954545
0.775701
0.943182
0.840909
0.933775
0.966942
0.834711
0.939394
0.938931
0.876106
0.885246
0.80531
0.974843
0.954887
0.938462
0.942446
0.938144
0.761905
0.911765
0.945946
0.885246
0.79798
0.771429
0.857143
0.737931
0.773585
0.892617
0.773196
0.901639
0.767857
0.59322
0.810526
0.948454
0.932773
0.951515
0.771429
0.901639
0.763441
0.908397
0.818182
0.675676
0.787234
0.824818
0.893805
0.771429
0.859375
0.879699
0.814815
0.861111
0.891892
0.901639
0.891892
0.787234
0.985185
0.831933
0.916084
0.840708
0.833333
0.862069
0.84106
0.854545
0.714286
0.929578
0.86
0.875862
0.882353
0.910448
0.87156
0.866667
0.976331
0.929204
0.913669
0.859649
0.818182
0.848485
0.922481
0.882353
0.839416
0.901639
0.960265
0.933333
0.91453
0.770492
0.903226
0.693694
0.901235
0.898305
0.867925
0.858268
0.915254
0.90625
0.932432
0.885714
0.851852
0.92053
0.729167
0.531915
0.373737
0.748031
0.94958
0.903226
0.669725
0.551402
0.584
0.840909
0.888199
0.897436
0.952
0.82
0.782313
0.875
0.628319
0.614035
0.864865
0.826923
0.957143
0.826923
0.660377
0.827338
0.851852
0.857143
0.64557
0.871795
0.873418
0.968254
1
0.967213
0.985611
0.869565
0.868613
0.869159
0.890625
0.945946
0.96875
0.962963
0.925234
0.851064
0.987013
0.869919
0.80531
0.976608
0.846154
0.935897
0.911504
0.852632
0.973333
0.9375
0.97619
0.897436
0.96319
0.883333
0.806452
0.904762
0.935897
0.888889
0.929204
0.924528
0.988439
0.939394
0.972973
0.87037
0.894737
0.791667
0.952381
0.805825
0.731092
0.896552
0.95
0.956522
0.870968
0.869919
0.797753
0.841727
0.865672
0.969231
0.870968
0.967213
0.856
0.846154
0.881188
0.54386
0.696428
0.798165
0.908046
0.902439
0.92053
0.896296
0.972603
0.836735
0.808696
0.84058
0.80198
0.931973
0.985507
0.747368
0.950311
0.869159
0.877863
0.798319
0.81295
0.859649
0.943662
0.894737
0.902098
0.955882
0.883495
0.777778
0.803571
0.77193
0.826087
0.846154
0.90411
0.935065
0.851852
0.847328
0.818182
0.819549
0.87156
0.719626
0.918919
0.852941
0.955224
0.906667
0.816514
0.884058
0.885714
0.965812
0.912409
0.958333
0.834711
0.889764
0.970149
0.854545
0.886179
0.754717
0.681416
0.84
0.686274
0.885246
0.819672
0.829457
0.732143
0.84058
0.943263
0.902098
0.965517
0.957746
0.84127
0.924051
0.95
0.870968
0.833333
0.896552
0.891156
0.923077
0.935484
0.834862
0.954545
0.918033
0.912281
0.89781
0.813559
0.888889
0.72973
0.883212
0.84
0.54717
0.834586
0.854015
0.915254
0.893333
0.841584
0.93865
0.927273
0.789474
0.916667
0.963636
0.970149
0.909091
0.955555
0.893617
0.937008
0.942857
0.826772
0.909091
0.879195
0.984848
0.882353
0.862069
0.889908
0.900827
0.855072
0.844828
0.807692
0.859375
0.910828
0.844828
0.918699
0.850467
0.885714
0.761905
0.68595
0.724771
0.863636
0.9
0.948718
0.892308
0.818182
0.847134
0.905512
0.928058
0.84
0.802198
0.903448
0.918699
0.932203
1
0.909091
0.957447
0.963964
0.94702
0.891156
0.894737
0.931035
0.917355
0.804878
1
0.84127
0.921348
0.988235
0.868132
0.899281
0.974359
0.787611
0.85
0.965318
0.960784
0.928058
0.787611
0.97351
0.740741
0.837398
0.854839
0.886525
0.937008
0.852941
0.905405
0.904
0.911765
0.982456
0.914286
0.87013
0.927273
0.76
0.937985
0.911392
0.924242
0.956522
0.873239
0.986301
0.911504
0.958904
0.888889
0.867769
0.935484
0.84127
0.985401
0.936508
0.893333
0.929204
0.843137
0.910256
0.957447
0.97037
0.919355
0.828125
0.851852
0.903448
0.837037
0.738095
0.784615
0.77193
0.833333
0.790476
0.868613
0.67619
0.831933
0.898734
0.915966
0.794393
0.898734
0.84252
0.836364
0.985294
0.804878
0.830509
0.89313
0.825397
0.886364
0.751938
0.747899
0.879699
0.846154
0.971831
0.933884
0.823009
0.847458
0.830769
0.97037
0.988304
0.846154
0.709091
0.916667
0.721739
0.784615
0.851852
0.831933
0.835821
0.821782
0.863248
0.848276
0.757576
0.789474
0.741935
0.875
0.756098
0.944954
0.984615
0.824561
0.924051
0.747368
0.515152
0.673469
0.834711
0.876923
0.900827
0.892308
0.859375
0.722772
0.813954
0.803279
0.902098
0.89899
0.764706
0.853659
0.866667
0.888889
0.963636
0.707865
0.878261
0.793103
0.752066
0.865546
0.852941
0.766667
0.895522
0.847619
0.862069
0.901639
0.956834
0.887097
0.851852
0.728155
0.853659
0.752381
0.727273
0.836364
0.948276
0.964497
0.728155
0.872
0.938462
0.74
0.793651
0.974522
0.951613
0.822581
0.923913
0.90991
0.989011
0.952
0.909091
0.853211
0.96
0.76087
0.905512
0.907407
0.885714
0.775701
0.759259
0.798561
0.903226
0.833333
0.910828
0.833333
0.953125
0.923077
0.921053
0.829787
0.841727
0.925926
0.904
0.944444
0.916667
0.917355
0.904762
0.745455
0.889908
0.842857
0.923077
0.915254
0.88
0.904762
0.902439
0.919355
0.91358
0.818182
0.724638
0.860465
0.902439
0.809524
0.79798
0.905405
0.857143
0.862069
0.968254
0.790476
0.902439
0.868852
0.880597
0.689923
0.877193
0.821429
0.809524
0.869919
0.890625
0.836066
0.918033
0.607143
0.772358
0.873874
0.876106
0.724138
0.770833
0.680672
0.843137
0.851852
0.685185
0.84375
0.861539
0.694915
0.864407
0.904762
0.789474
0.696
0.959184
0.874016
0.854545
0.763636
0.62963
0.72
0.808219
0.961905
0.870504
0.910828
0.888889
0.803279
0.86014
0.954545
0.986755
0.888
0.857143
0.832061
0.97561
1
0.934211
0.9
0.953216
0.833333
0.918129
0.951613
0.891892
0.821429
0.90625
0.934959
0.852349
0.82
0.926829
0.903846
0.83871
0.865546
0.899281
0.844961
0.986301
0.931035
0.796296
0.8125
0.764706
0.844961
0.912409
0.929412
0.936
0.914894
0.872
0.788462
0.735537
0.915254
0.936709
0.880597
0.708738
0.873016
0.833333
0.911392
0.914286
0.86
0.938272
0.954545
0.955882
0.875
0.933333
0.943263
0.928572
0.966387
0.632653
0.607843
0.91195
0.860465
0.645161
0.913043
0.745455
0.830189
0.946667
0.910448
0.900827
0.690722
0.830986
0.890909
0.95092
0.954198
0.821138
0.886792
0.901639
0.856115
0.770833
0.901639
0.82906
0.863014
0.910448
0.895522
0.625
0.897727
0.857143
0.898305
0.925234
0.952941
0.808
0.876923
0.865546
0.808696
0.811321
0.7
0.604167
0.392157
0.515152
0.714286
0.701492
0.767857
0.782178
0.914894
0.860465
0.957143
0.973856
0.862595
0.923077
0.865546
0.828571
0.909091
0.886792
0.932432
0.876106
0.897059
0.809524
0.906977
0.86087
0.918367
0.830509
0.75
0.950311
0.891156
0.782178
0.862069
0.934641
0.874016
0.827957
