0.5
0.210526
0.604396
0.696
0.897436
0.9
0.929825
0.952381
0.909774
0.935065
0.860465
0.942857
0.830509
0.910714
0.913043
0.869919
0.949686
0.933775
0.914894
0.964706
0.856115
0.9875
0.875
0.835052
0.849624
0.90184
0.887851
0.921875
0.968254
0.864662
0.808696
0.943396
0.915152
0.972222
0.974359
0.907407
0.754386
0.84127
0.911504
0.904762
0.94
0.816326
0.86014
0.830769
0.782178
0.870504
0.819672
0.617977
0.841727
0.870504
0.813084
0.935484
0.84
0.791304
0.85
0.77193
0.773585
0.880597
0.757576
0.816514
0.9625
0.953846
0.931507
0.921875
0.857143
0.836066
0.834483
0.925926
0.962025
0.909091
0.975155
0.941606
0.923077
0.675676
0.770492
0.752577
0.576271
0.810345
0.897059
0.818182
0.914286
0.759259
0.794118
0.918699
0.907407
0.844828
0.781818
0.74
0.801802
0.762712
0.756522
0.604651
0.77305
0.803922
0.958333
0.90625
0.784314
0.865546
0.743119
0.894737
0.630435
0.857143
0.850467
0.877193
0.7
0.846154
0.875
0.772727
0.708333
0.831933
0.790476
0.757576
0.68595
0.792
0.775862
0.811321
0.889764
0.930435
0.879699
0.833333
0.900827
0.94702
0.803571
0.918699
0.75
0.707865
0.483871
0.758621
0.761468
0.54023
0.884298
0.786408
0.488372
0.648148
0.663366
0.306122
0.530612
0.573034
0.478261
0.563636
0.752381
0.458333
0.277108
0.823009
0.72549
0.808
0.483871
0.883495
0.78626
0.882353
0.8
0.821429
0.666667
0.418605
0.669725
0.675676
0.515152
0.717172
0.5
0.695652
0.672414
0.685393
0.56
0.865546
0.938462
0.783333
0.716667
0.919355
0.744681
0.777778
0.783784
0.714286
0.505618
0.80303
0.76087
0.865385
0.851351
0.84
0.752381
0.833333
0.834862
0.757009
0.700787
0.823009
0.72549
0.853211
0.831933
0.701754
0.730769
0.889764
0.37931
0.61165
0.84466
0.515789
0.846154
0.87037
0.666667
0.634146
0.826087
0.831579
0.663551
0.792453
0.775701
0.648148
0.823529
0.563218
0.79845
0.315069
0.626168
0.661017
0.447368
0.545455
0.384615
0.510638
0.230769
0.776224
0.590909
0.77193
0.764706
0.674419
-0.0933333
0.557895
0.516483
0.578947
0.95122
0.636364
0.680851
0.762712
0.634615
0.643564
0.592233
0.706422
0.798165
0.73913
0.836066
0.688312
0.673077
0.604167
0.732143
0.8125
0.641509
0.849057
0.694915
0.506173
0.716981
0.824561
0.536842
0.735849
0.5625
0.688889
0.266667
0.388235
0.49495
0.555556
0.264368
0.52
0.62963
0.777778
0.81982
0.868852
0.815126
0.783784
0.74
0.758242
0.883212
0.84
0.755102
0.641509
0.690722
0.717647
0.724138
0.536842
0.52
0.494253
0.544304
0.553192
0.431579
0.473684
0.45
0.72549
0.626168
0.726316
0.52809
0.623932
0.25641
0.541667
0.471264
0.682243
0.596154
0.731959
0.8
0.885246
0.752809
0.632184
0.886179
0.85124
0.757009
0.646018
0.918699
0.862745
0.884298
0.811321
0.826087
0.955882
0.822581
0.818182
0.90566
0.619048
0.830509
0.546392
0.878261
0.697674
0.884298
0.553192
0.876923
0.638095
0.794393
0.773585
0.727273
0.763636
0.663551
0.291139
0.77305
0.793814
0.690476
0.785124
0.735849
0.683168
0.565217
0.26087
0.392405
0.0746268
-0.484536
-0.54955
-0.288889
-0.670103
-0.827586
-0.803922
-0.89916
-0.773913
-0.90625
-0.895522
-0.814433
-0.878788
-0.934959
-0.9375
-0.894737
-0.935484
-0.862069
-0.783333
-0.96748
-0.780488
-0.815385
-0.918919
-0.888889
-0.953125
-0.932886
-0.828571
-0.94012
-1
-0.826087
-0.883212
-0.775281
-0.878788
-0.811321
-0.809524
-0.75
-0.4
-0.745763
-0.717647
-0.875
-0.837398
-0.815385
-0.968254
-0.831933
-0.945946
-0.816326
-0.84252
-0.833333
-0.813084
-0.712
-0.827586
-0.92233
-0.911504
-0.820513
-0.818182
-0.655172
-0.911504
-0.8
-0.730769
-0.733333
-0.792453
-0.416667
-0.717172
-0.846154
-0.675
-0.72093
-0.402062
-0.43662
-0.511111
0.489362
0.545455
0.212766
0.810345
0.773585
0.76087
0.790323
0.83908
0.925926
0.814433
0.930556
0.9375
0.949153
0.940741
0.9375
0.84127
0.91453
0.983471
0.935484
0.904762
0.923077
0.909774
0.906667
0.869159
0.627907
0.973856
0.92126
0.923077
0.803571
0.970149
0.975
0.932203
0.811321
0.875
0.917355
0.795276
0.9375
0.86
0.831776
0.756098
0.898305
0.785124
0.877551
0.822222
0.93617
0.918699
0.887097
0.946667
0.964912
0.858586
0.842105
0.872
0.943263
0.925234
0.925466
0.913793
0.947826
0.915254
0.84507
0.942857
0.889908
0.855422
0.92053
0.546667
0.90411
0.904762
0.882353
0.874016
0.935065
0.85
0.90625
0.876106
0.89781
0.895652
0.733333
0.847619
0.851852
0.915789
0.932773
0.733333
0.955555
0.459459
0.367089
0.630252
0.755102
0.840708
0.8
0.677419
0.756098
0.846154
0.84375
0.773196
0.84466
0.918033
0.708333
0.965217
0.972414
0.903226
0.746835
0.907895
0.890909
0.886364
0.886179
0.892308
0.883333
0.783132
0.769911
0.952381
0.764706
0.949153
0.644444
0.864078
0.724771
0.9
0.892308
0.714286
0.7
0.78022
0.892308
0.654545
0.755102
0.745763
0.9
0.909091
0.877551
0.69697
0.78
0.948276
0.844828
0.72973
0.830509
0.741935
0.842105
0.908397
0.840708
0.797753
0.856
0.777778
0.954887
0.960784
0.967213
0.835294
0.944828
0.757576
0.846154
0.897059
0.915254
0.710843
0.833333
0.935484
0.72
0.764706
0.716981
0.807229
0.865672
0.872727
0.821782
0.90566
0.761468
0.798165
0.84
0.8
0.837838
0.716981
0.80198
0.869159
0.6
0.574468
0.47619
-0.0933333
0.525773
-0.219512
0.209302
0.656566
0.7
0.733333
0.56962
0.734513
0.452055
0.763636
0.879699
0.848739
0.695652
0.836364
0.865385
0.816901
0.837398
0.633333
0.8125
0.494253
0.317073
0.823529
0.822222
0.717647
0.546392
0.548387
0.859649
0.674419
0.84127
0.741935
0.8
0.907407
0.849057
0.732143
0.654545
0.261538
0.0537634
-0.341463
-0.0769231
-0.387755
-0.21519
-0.0930232
-0.546218
-0.752577
-0.84375
-0.937985
-0.772727
-0.959459
-0.877863
-0.942857
-0.9375
-0.883333
-0.857143
-0.851852
-0.911111
-0.972973
-0.901408
-0.827586
-0.985507
-0.972973
-0.931624
-0.769231
-0.903226
-0.644444
-0.886179
-0.875969
-0.943396
-0.733333
-0.831325
-0.915493
-0.92
-0.828571
-0.721739
-0.681818
-0.794872
-0.923077
-0.833333
-0.813084
-0.711538
-0.875
-0.708738
-0.779817
-0.805825
-0.888889
-0.774194
-0.915966
-0.870968
-0.797753
-0.648148
-0.908257
-0.869565
-0.935484
-0.814433
-0.843137
-0.734513
-0.888889
-0.929078
-0.944444
-0.886525
-0.889764
-0.790476
-0.912281
-0.567568
-0.706422
-0.84
-0.322581
-0.461538
-0.605263
-0.389474
-0.6
-0.546392
-0.518519
-0.585366
-0.0930232
-0.359223
0.546667
0.69697
0.72973
0.957746
0.863636
0.948718
0.884615
0.929578
0.929204
0.859375
0.982906
0.971014
0.952
0.977401
0.9375
0.678161
0.937985
0.714286
0.946667
0.939394
1
0.953846
0.914286
0.883495
0.962617
0.85
0.928572
0.948276
0.857143
0.857143
0.917808
1
0.903226
0.915493
0.894737
0.881188
0.93865
0.982906
0.877193
0.868852
0.824
0.918367
0.813559
0.902439
0.827957
0.838235
0.833333
0.928571
0.9375
0.536842
0.843478
0.8125
0.925926
0.932203
0.965812
0.87156
0.962963
0.948276
0.909091
0.898305
0.933333
0.823009
0.960784
0.887851
0.915966
0.804348
0.87931
0.809524
0.859649
0.89313
0.92381
0.903448
0.851064
0.846154
0.90991
0.929578
0.816092
0.899281
0.858824
0.707317
0.843478
0.92
0.958904
0.818182
1
0.833333
0.833333
0.620253
0.898551
0.836364
0.972603
0.959596
0.836735
0.924812
0.923077
0.913043
0.896296
0.897959
0.73913
0.466667
0.772358
0.802469
0.435897
0.723404
0.590909
0.813084
0.418605
0.888889
0.878788
0.902439
0.653333
0.693694
0.811966
0.76
0.752066
0.745098
0.708738
0.682243
0.827957
0.866667
0.821429
0.741935
0.630435
0.44
0.902778
0.883495
0.985294
0.953125
0.71875
0.786408
0.613636
0.902913
0.924812
0.984848
0.966102
0.866667
0.913043
0.903226
0.738095
0.949045
0.985714
0.88764
0.732143
0.910714
0.890411
0.911111
0.806452
0.933884
0.767857
0.942308
0.883333
0.935484
0.769231
0.881188
0.591837
0.833333
0.828571
0.771429
0.580247
0.275
0.5
0.731092
0.765957
0.87234
0.73913
0.872727
0.895833
0.627119
0.876289
0.981651
0.625
0.734694
0.688073
0.739837
0.80198
0.705882
0.671233
0.873239
0.72549
0.847458
0.958621
0.824176
0.847826
0.666667
0.613636
0.84
0.444444
0.879195
0.818182
0.655172
0.741379
0.936508
0.835294
0.864078
0.872
0.846154
0.85
0.846154
0.782609
0.866667
0.931034
0.935484
0.818182
0.805825
0.902098
0.841584
0.969697
0.931035
0.847458
0.854015
0.831325
0.795455
0.834711
0.765957
0.566667
0.74026
0.690722
0.827586
0.530864
0.823009
0.794393
0.670588
0.74
0.630435
0.515152
0.76
0.875969
0.803922
0.847328
0.771429
0.616162
0.722772
0.786408
0.865672
0.928572
0.865546
0.747126
0.731707
0.852459
0.837838
0.789474
0.906977
0.775281
0.894737
0.797753
0.928571
0.818182
0.818182
0.788462
0.70297
0.793103
0.869565
0.925926
0.692308
0.696203
0.987879
0.806452
0.874016
0.864078
0.932203
0.821138
0.785714
0.522727
0.76699
0.787611
0.904762
0.717647
0.719298
0.847826
0.714286
0.835052
0.788462
0.913043
0.466667
0.622222
0.592593
0.194444
0.73913
0.303371
0.120879
0.0649351
-0.319149
-0.483871
-0.71134
-0.908257
-0.894737
-0.944954
-0.861539
-0.891473
-0.96875
-0.796296
-0.893617
-0.951515
-0.811966
-0.944828
-0.902913
-0.931624
-0.963855
-0.945946
-0.84375
-0.794393
-0.953846
-0.95
-0.891473
-0.936508
-0.826087
-0.881481
-0.862069
-0.918033
-0.965909
-0.880342
-0.923077
-0.666667
-0.940741
-0.904
-0.87156
-0.93617
-0.886792
-0.708333
-0.782178
-0.920455
-0.926605
-0.777778
-0.938931
-0.873684
-0.747368
-0.754717
-0.781513
-0.891892
-0.880952
-0.851852
-0.888889
-0.931507
-0.942857
-0.767442
-0.903846
-0.798165
-0.831933
-0.902439
-0.565217
-0.627907
-0.0967742
-0.604396
-0.423077
-0.77551
-0.781818
-0.645833
-0.783132
-0.841727
-0.782609
-0.759259
-0.786408
-0.716814
-0.8125
-0.747573
-0.811321
-0.493671
-0.477273
-0.22449
-0.452381
-0.175
0.361702
0.837209
0.511111
0.714286
0.908397
0.833333
0.942029
0.928571
0.878788
0.648649
0.890909
0.843972
0.988024
0.840909
0.954198
0.927928
0.887097
0.984
0.904
1
0.900827
0.946429
0.806452
0.851852
0.923077
0.935484
0.945946
0.85
0.913978
0.962733
0.928571
0.940594
0.859649
0.935484
0.983471
0.970149
0.764706
0.949045
0.904762
0.92
0.855856
0.838384
0.831776
0.89916
0.954545
0.927928
0.798319
0.967742
0.855856
0.968504
0.92381
0.941177
0.917526
0.962733
0.901961
0.947369
0.934066
0.86
0.891892
0.922581
0.88764
0.824561
0.903448
0.968504
0.857143
0.818182
0.894737
0.755556
0.850467
0.825243
0.852459
0.72043
0.791667
0.75
0.76699
0.944828
0.831933
0.883721
0.923664
0.908257
0.905512
0.818182
0.953846
0.888
0.67033
0.877193
0.87037
0.87156
0.737374
0.852941
0.942308
0.826772
0.873418
0.873016
0.930435
0.91453
0.926605
0.87156
0.983193
0.898089
0.887851
0.907407
0.916667
0.896552
0.958333
0.851064
0.547619
0.584158
0.862069
0.941748
0.846154
0.929825
0.883495
0.948718
0.8125
0.904762
0.759259
0.48052
0.67619
0.711111
0.590909
0.770492
0.889764
0.904
0.928571
0.768421
0.709402
0.783132
0.744186
0.960784
0.724138
0.788618
0.573034
0.408451
0.587629
0.0666666
0.482353
0.739837
0.534884
0.84466
0.680851
0.714286
0.731959
0.694118
0.766667
0.552632
0.698413
0.847826
0.717647
0.651163
0.849624
0.802198
0.87156
0.848485
0.73913
0.821782
0.95
0.7
0.810345
0.791304
0.913043
0.794393
0.873874
0.793814
0.840708
0.890909
0.929825
0.788462
0.726316
0.821782
0.78626
0.944954
0.857143
0.847458
0.858268
0.824176
0.881188
0.84375
0.98
0.935484
0.648649
0.858268
0.866667
0.890625
0.683168
0.765957
0.887851
0.785714
0.590909
0.642857
0.878788
0.724138
0.736842
0.81295
0.940594
0.802198
0.882353
0.67619
0.722772
0.895652
0.755556
0.752212
0.56962
0.790476
0.868852
0.78022
0.659574
0.722222
0.784946
0.777778
0.78
0.880342
0.577465
0.517241
0.529412
0.823009
0.84
0.852459
0.666667
0.8
0.961539
0.861539
0.790698
0.663158
0.89313
0.790698
0.929825
0.783132
0.818182
0.763441
0.866667
0.892857
0.841727
0.741935
0.831776
0.747368
0.93985
0.795276
0.717391
0.807229
0.79661
0.884615
0.758242
0.657143
0.90991
0.645833
0.261905
0.44086
0.393258
0.784314
0.709677
0.534247
0.823009
0.657143
0.46988
0.310345
0.302326
0
0.510638
0.608247
0.504951
0.604938
0.730769
0.36
-0.0561798
-0.0114942
-0.530864
-0.12
-0.462185
-0.747368
-0.945946
-0.944444
-0.865672
-0.947826
-0.84127
-0.988235
-0.967213
-0.971429
-0.984496
-0.928144
-0.947826
-0.964602
-0.842857
-0.976471
-0.965217
-0.872
-0.927536
-0.927928
-0.818182
-0.908257
-0.956834
-0.96748
-0.942029
-0.891892
-0.895833
-0.905512
-0.906667
-0.923077
-0.888112
-0.703704
-0.735849
-0.806452
-0.569893
-0.779661
-0.705882
-0.889908
-0.821782
-0.81457
-0.784946
-0.754386
-0.937985
-0.73913
-0.891473
-0.888889
-0.826087
-0.76
-0.813559
-0.87234
-0.895833
-0.434343
-0.827957
-0.694915
-0.869919
-0.692308
-0.9
-0.887851
-0.745098
-0.859649
-0.39726
-0.810811
-0.820225
-0.373494
-0.690909
-0.692308
-0.746032
-0.75
-0.934641
-0.873418
-0.733333
-0.871429
-0.939394
-0.7
-0.566038
-0.685393
-0.0697675
-0.272727
0.0666667
-0.0882353
0.25
0.796875
0.492063
0.85124
0.907407
0.939759
0.924051
0.925234
0.985401
0.958621
0.963636
0.890909
0.784314
0.887097
0.944954
0.94702
0.967213
0.858824
0.944828
0.824176
0.964912
0.918699
0.910448
0.818182
0.956522
0.969697
0.985611
0.919192
0.875
1
0.974684
0.868421
0.906542
0.924242
0.903846
0.910714
0.884058
0.831325
0.816667
0.923077
0.851852
0.878261
0.89781
0.944444
0.91453
0.814815
0.657143
0.985915
0.941606
0.791667
0.923077
0.841584
0.913793
0.9375
0.957447
0.942029
0.981982
0.938931
0.981132
0.878261
0.803922
0.885714
0.893939
0.841584
0.84466
0.901235
0.733333
0.858268
0.924528
0.942029
0.911765
0.863636
0.886792
0.878788
0.76
0.935484
0.690476
0.925926
0.836364
0.838384
0.874016
0.8
0.846154
0.857143
0.843478
0.803922
0.884892
0.883333
0.900827
0.901961
0.888889
0.880342
0.911504
0.886179
0.72043
0.911504
0.862745
0.831776
0.877193
0.835821
0.934426
0.894737
0.723404
0.92053
0.981308
0.72549
0.75
0.770492
0.580247
0.864865
0.78022
0.866667
0.882353
0.942857
0.969925
0.861386
0.838384
0.79798
0.93007
0.962963
0.853211
0.942857
0.760684
0.770115
0.890909
0.876289
0.924812
0.828571
0.674419
0.818182
0.755102
0.659574
0.481481
0.655914
0.87931
0.705882
0.983051
0.978723
0.85567
0.906667
0.859649
0.8
0.479167
0.896552
0.86
0.75
0.952381
0.796296
0.908257
0.836364
0.835052
0.802198
0.780488
0.881481
0.877193
0.747126
0.854167
0.920635
0.911765
0.970588
0.808511
0.770833
0.794393
0.859649
0.651376
0.6
0.889764
0.902913
0.826923
0.886179
0.659574
0.716981
0.617977
0.695652
0.894737
0.74
0.206349
0.84252
0.808
0.90991
0.843137
0.787234
0.663366
0.807692
0.971223
0.777778
0.872727
0.808511
0.85
0.741935
0.821429
0.619048
0.72549
0.904762
0.820225
0.936306
0.71831
0.634783
0.842697
0.952756
0.876106
0.903846
0.798165
0.863248
0.829787
0.929078
0.822785
0.714286
0.878261
0.854545
0.816326
0.75
0.8
0.792453
0.767442
0.77551
0.164557
0.663158
0.904
0.538462
0.731707
0.732394
0.78
0.983333
0.775281
0.788462
0.875
0.591398
0.741379
0.384615
0.572816
0.421687
0.522727
0.402299
0.515789
0.194805
0.333333
0.530864
0.525773
0.648352
0.828571
0.920635
0.670588
0.706422
0.472527
0.025641
0.0425532
-0.038961
0.115385
-0.111111
-0.380952
-0.52
-0.555556
-0.75
-0.541667
-0.932432
-0.898305
-0.894737
-0.882353
-0.910714
-0.970149
-0.864662
-0.831933
-0.905512
-0.890411
-0.915966
-1
-0.927928
-0.810345
-0.805825
-0.896907
-0.958904
-0.881356
-0.901639
-0.88764
-0.873874
-0.72043
-0.881481
-0.857143
-0.876289
-0.947369
-0.92
-0.87037
-0.888
-0.889764
-0.9375
-0.972222
-0.84466
-0.885714
-0.869159
-0.816514
-0.929204
-0.857143
-0.936
-0.816326
-0.895522
-0.955555
-0.793814
-0.877193
-0.864662
-0.902439
-0.90099
-0.925234
-0.905512
-0.826923
-0.967742
-0.731959
-0.894737
-0.494505
-0.62963
-0.611111
0.0344828
-0.458333
-0.670103
-0.372093
-0.575
-0.955224
-0.847458
-0.849057
-0.810526
-0.698925
-0.596491
-0.634409
-0.226667
-0.397849
-0.238095
0.806452
0.485714
0.865546
0.836364
0.904
0.661972
0.86
0.828125
0.9375
0.882353
0.897436
0.922481
0.953488
0.943662
0.882353
0.943925
0.894737
0.986928
0.9
0.927007
0.916667
0.914894
0.786408
0.968992
0.943662
0.912281
0.9375
0.900709
0.9
0.931624
0.893939
0.961165
0.873874
0.909091
0.956522
0.946667
0.872341
0.952756
0.97037
0.902439
0.902098
0.945455
0.846154
0.908497
0.884615
0.915966
0.89916
0.941606
0.827957
0.804878
0.945946
0.960396
0.880342
0.96875
0.90604
0.908397
0.851852
0.876923
0.831579
0.869919
0.965517
0.877193
0.884615
0.779661
0.972414
0.940594
0.91453
0.836735
0.818182
0.873874
0.846154
0.883495
0.877193
0.893805
0.803571
0.951613
0.952
0.767442
0.619048
0.86087
0.909091
0.724138
0.84
0.916667
0.935484
0.918367
0.814815
0.89313
0.884615
0.853211
0.855856
0.880952
0.8125
0.828571
0.692308
0.772358
0.983871
0.741935
0.878788
0.785714
0.850467
0.852941
0.789474
0.8125
0.679245
0.963855
0.810526
0.895833
0.617977
0.855856
0.953846
0.91453
0.947826
0.937008
0.913669
0.84
0.833333
0.918367
0.872
0.721519
0.796296
0.850467
0.843137
0.866667
0.767857
0.704545
0.818182
0.758242
0.895652
0.887097
0.839286
0.87931
0.91453
0.901961
0.883333
0.903226
0.963303
0.912281
0.64557
0.769911
0.857143
0.904762
0.93007
0.854545
0.982143
0.736264
0.76378
0.742857
0.759036
0.722628
0.814815
0.890625
0.86
0.677419
0.632184
0.744186
0.584906
0.924812
0.85567
0.813333
0.915966
0.84058
0.818182
0.889908
0.607843
0.798561
0.908046
0.683168
0.970588
0.809524
0.626667
0.80531
0.738095
0.805825
0.375
-0.0649351
0.6
0.6
0.3125
0.685039
0.855856
0.92126
0.681818
0.890909
0.862069
0.779661
0.910714
0.870968
0.915966
0.85
0.8
0.675214
0.707865
0.621053
0.75
0.708738
0.789474
0.787234
0.966942
0.883495
0.888889
0.843478
0.761905
0.613636
0.733333
0.8
0.6875
0.907692
0.815126
0.793814
0.341463
0.6
0.270588
0.639344
0.747573
0.843478
0.532468
0.547619
0.35
-0.0315789
0.378378
0.111111
-0.217391
-0.170732
-0.452632
-0.823529
-0.878788
-0.877863
-0.906667
-0.96
-0.942446
-0.897959
-0.988764
-0.902439
-0.939394
-0.942857
-0.875
-0.942857
-0.910256
-0.938776
-0.924812
-0.923077
-0.944828
-0.954545
-0.939394
-0.818182
-0.934426
-0.96319
-0.968254
-0.916667
-0.793814
-0.97351
-0.971631
-0.728395
-0.919075
-0.89899
-0.877863
-0.894737
-0.918699
-0.78022
-0.849624
-0.935065
-1
-0.657143
-0.868852
-0.935484
-0.771429
-0.6
-0.690476
-0.44898
-0.361702
-0.311828
-0.763636
-0.779661
-0.653333
-0.757576
-0.734513
-0.488372
-0.82906
-0.5
-0.72973
-0.555556
-0.476923
-0.811966
-0.939024
-0.714286
-0.914894
-0.81982
-0.869159
-0.888889
-0.702703
-0.885246
-0.924812
-0.896296
-0.916667
-0.481481
-0.855856
-0.698113
-0.830509
-0.575758
-0.90625
-0.655914
-0.61039
-0.657143
-0.657658
-0.153846
-0.0649351
-0.142857
-0.300971
0.113636
0.506173
0.434343
0.844828
0.87037
0.752809
0.902439
0.972973
0.920792
0.881356
0.836735
0.949045
0.953488
0.934959
0.884298
1
0.956522
0.900827
0.883495
0.916667
0.907407
0.873874
0.983607
0.866667
0.97619
0.956834
0.933333
0.939394
0.972414
0.903846
0.875
0.838384
0.955882
0.974684
0.953125
0.96875
0.972028
0.933884
0.89916
0.885714
0.917355
0.932773
0.970588
0.910714
0.984615
0.950413
0.843137
0.917241
0.873684
0.853211
0.853659
0.900827
0.908397
0.792208
0.883333
0.794393
0.784314
0.935484
0.896104
0.897436
0.87037
0.939394
0.903846
0.903448
0.876289
0.886179
0.917355
0.938931
0.847826
0.930556
0.955882
0.791667
0.825243
0.916667
0.882353
0.892308
0.884298
0.824561
0.934066
0.6
0.79661
0.904762
0.81982
0.913793
0.681159
0.844828
0.790476
0.937173
0.925926
0.88
0.931507
0.875
0.949153
0.910714
0.883495
0.849057
0.915966
0.769231
0.876923
0.74
0.982759
0.850467
0.860465
0.950413
0.902439
0.927928
0.923567
0.864078
0.90566
0.79798
0.972973
0.823009
0.738095
0.887851
0.891156
0.661538
0.944056
0.847619
0.775281
0.723404
0.784946
0.847619
0.963415
0.952756
0.792453
0.804348
0.909774
0.578947
0.869919
0.848739
0.878261
0.494253
0.849462
0.866667
0.564103
0.783333
0.835052
0.854545
0.564103
0.75
0.920455
0.931035
0.889908
0.951613
0.968
0.911111
0.917355
0.91453
0.708333
0.75
0.863248
0.662921
0.6
0.613636
0.793103
0.898305
0.885714
0.904
0.981982
0.76087
0.868613
0.857143
0.6
0.62
0.933884
0.920635
0.818182
0.865672
0.755556
0.846154
0.789474
0.942029
0.917355
0.785714
0.901961
0.910448
0.865385
0.895652
0.901639
0.875
0.658537
0.777778
0.807692
0.863248
0.651376
0.717949
0.754717
0.787879
0.904762
0.896552
0.928571
0.67033
0.72093
0.808219
0.932203
0.506849
0.818182
0.737374
0.741176
0.612245
0.731959
0.217391
0.628866
0.638554
0.698413
0.643836
0.535353
0.568182
0.734694
0.755102
0.823529
0.813084
0.791667
0.785714
0.941606
0.708333
0.666667
0.857143
0.848739
0.948276
0.818182
0.708738
0.781818
0.821429
0.912088
0.813084
0.915254
0.707317
0.705882
0.910714
0.586207
0.78
0.866667
0.821138
0.852459
0.761905
0.827161
0.756522
0.954545
0.89916
0.884615
0.567568
0.809524
0.443038
0.719626
0.912088
0.7
0.477273
0.823529
0.755725
0.873418
0.868852
0.893617
0.820895
0.877551
0.595745
0.644444
0.642105
0.768595
0.515152
0.478261
0.373737
0.684211
0.940741
0.5
0.787611
0.391304
0.787234
0.416667
0.454545
0
0.284404
0.518987
0.164835
0.434783
0.483871
0.0571429
0.180723
-0.0681818
-0.505882
-0.5
-0.67619
-0.726496
-0.682927
-0.68595
-0.988571
-0.864078
-0.987421
-0.985507
-0.864078
-0.971014
-0.789474
-0.830986
-0.940299
-0.923077
-0.885714
-0.777778
-0.904762
-0.8
-0.765766
-0.915966
-0.798319
-0.80198
-0.871429
-0.809524
-0.869919
-0.959731
-0.947826
-0.813559
-0.882353
-0.746479
-0.803571
-0.754386
-0.969466
-0.818182
-0.938462
-0.938931
-0.913043
-0.879699
-0.891473
-0.891892
-0.957672
-0.910112
-0.926471
-0.731707
-0.764706
-0.779412
-0.773196
-0.884298
-0.903448
-0.833333
-0.932886
-0.677419
-0.813559
-0.824561
-0.913669
-0.90411
-0.746479
-0.642105
-0.479452
-0.504951
-0.44086
-0.837838
-0.756522
-0.649484
-0.692308
-0.76699
-0.75
-0.613445
-0.783132
-0.901639
-0.782178
-0.723404
-0.779528
-0.612903
-0.595745
-0.341772
0.166667
-0.643564
-0.297872
0
-0.0540541
-0.384615
-0.172414
-0.0681818
0.358025
0.663551
0.916667
0.784314
0.707317
0.917647
0.815385
0.930556
0.867925
0.958621
0.942857
0.954545
0.92126
0.96129
0.959596
0.91358
0.966667
0.908257
0.944828
0.910448
0.833333
0.962963
0.980392
0.896296
0.899281
0.901639
0.934426
0.872727
0.943263
0.948052
0.95
0.744681
0.897959
0.862745
0.907692
0.885246
0.869159
0.925926
0.944954
0.891473
0.897436
0.897959
0.913793
0.908257
0.959184
0.920792
0.961783
0.947368
0.955555
1
0.930556
0.859649
0.901961
0.841584
0.932203
0.908397
0.963303
0.951515
0.919192
0.891892
0.902778
0.833333
0.986395
0.94958
0.98773
0.808511
0.93985
0.849462
0.837209
0.91453
1
0.874126
0.858824
0.85567
0.855856
0.869919
0.857143
0.885057
0.884298
0.870968
0.910714
0.854167
0.881481
0.841584
0.90566
0.955224
0.92053
0.867925
0.917241
0.90991
0.829268
0.79798
0.918699
0.894737
0.630435
0.925373
0.920635
0.888889
0.9
0.912088
0.842697
0.939394
0.823529
0.880342
0.942029
0.851852
0.954887
0.792453
0.873684
0.924812
0.915966
0.8
0.923664
0.904762
0.830986
0.68932
0.854015
0.875
0.529412
0.692308
0.903226
0.787234
0.861386
0.884892
0.682927
0.970149
0.928058
0.933333
0.808696
0.893805
0.886792
0.695652
0.763441
0.928571
0.946429
0.838384
0.856
0.931034
0.884058
0.805825
0.950413
0.92638
0.923077
0.661538
0.76
0.869919
0.866667
0.887097
0.868132
0.858407
0.903226
0.904762
0.87156
0.784946
0.821782
0.784615
0.842105
0.886364
0.948718
0.773196
0.897436
0.448276
0.876923
0.878261
0.961165
0.898551
0.546667
0.622222
0.872727
0.895522
0.890909
0.904
0.604938
0.777778
0.886179
0.747748
0.952
0.821782
0.882353
0.816514
0.81982
0.8
0.830509
0.969925
0.814433
0.909091
0.909091
0.822222
0.823529
0.727273
0.876923
0.818182
0.824176
0.882353
0.777778
0.804878
0.858407
0.885714
0.590361
0.719298
0.240506
0.74
0.634409
0.378378
0.505618
0.551402
0.521739
0.298701
0.291139
0.857143
0.76378
0.821782
0.76
0.595506
0.740741
0.636364
0.709091
0.688889
0.62
0.651376
0.452381
0.76087
0.534884
0.607843
0.56962
0.481481
0.490196
0.184211
0.0227273
0.0714286
-0.64
-0.04
0.0967742
0.111111
-0.340659
-0.0487805
-0.705882
-0.663366
-0.699115
-0.86087
-0.884615
-0.907692
-0.942446
-0.830189
-0.876923
-0.925234
-0.976331
-0.876289
-0.873874
-0.977528
-0.964912
-0.804348
-0.916667
-1
-0.953846
-0.973856
-0.905882
-0.913043
-0.835821
-0.913043
-0.79661
-0.927273
-0.932432
-0.895833
-0.974684
-0.881481
-0.921569
-0.9
-0.802198
-0.873874
-0.77551
-0.909677
-0.911504
-0.85567
-0.907407
-0.976331
-0.934066
-0.84466
-0.882353
-0.72549
-0.737374
-0.950413
-0.855856
-0.842105
-0.836364
-0.648352
-0.868132
-0.642105
-0.755102
-0.790323
-0.904762
-0.87931
-0.638554
-0.770492
-0.772152
-0.557692
-0.39759
-0.729167
-0.72093
-0.136364
-0.012987
-0.0666667
0.116883
-0.2
0.238095
0.634409
0.561905
0.617977
0.747573
0.585366
0.79845
0.878049
0.825243
0.90604
0.920635
0.95082
0.964286
0.808511
0.950413
0.890625
0.919192
0.877193
0.89781
0.868852
0.970803
0.940594
0.95
0.829787
0.913043
0.882353
0.925926
0.972028
0.889908
0.788462
0.938931
0.783784
0.808696
0.92
0.909091
0.968504
0.880342
0.966942
0.891892
0.947712
0.842105
0.959184
0.971014
0.935484
0.93007
0.872341
0.88
0.953846
0.929825
0.906542
0.896552
0.940594
0.959184
0.918367
0.692308
0.961538
0.929078
0.981481
0.967742
0.88
0.906542
0.854015
0.92233
0.924812
0.853659
0.829787
0.755102
0.913669
0.770833
0.945455
0.759259
0.929078
0.831579
0.911504
0.717172
0.859649
0.803571
0.928571
0.836364
0.904
0.826087
0.791304
0.823529
0.695652
0.864407
0.72
0.885714
0.831579
0.952663
0.772727
0.745455
0.820513
0.846154
0.699115
0.705263
0.730337
0.45679
0.816794
0.794872
0.692308
0.826923
0.888889
0.938462
0.90566
0.915254
0.917355
0.90099
0.944444
0.940594
0.837838
0.84127
0.671642
0.675676
0.781513
0.858824
0.595745
0.769231
0.822581
0.89899
0.755556
0.692308
0.891304
0.590909
0.494505
0.879699
0.939394
0.934426
0.757009
0.783784
0.724771
0.884892
0.891304
0.789474
0.818182
0.878788
0.658537
0.829268
0.826087
0.695652
0.764706
0.666667
0.655172
0.72043
0.895522
0.651163
0.806452
0.79562
0.913978
0.678161
0.755102
0.73913
0.876543
0.784615
0.898305
0.956204
0.875
0.938462
0.744681
0.878261
0.571429
0.6
0.897059
0.795455
0.826087
0.722222
0.76699
0.935484
0.80198
0.777778
0.913043
0.854545
0.903226
0.653061
0.707317
0.924812
0.879518
0.8
0.773196
0.655914
0.807018
0.813333
0.54023
0.551402
0.540541
0.801653
0.96129
0.875
0.722772
0.794872
0.586957
0.735294
0.869159
0.838235
0.741176
0.958333
0.896552
0.70297
0.874016
0.7
0.82906
0.898305
0.839416
0.851852
0.984252
0.886792
0.952381
0.900827
0.764706
0.870968
0.808511
0.640449
0.520833
0.69863
0.568627
0.926605
0.592593
0.586957
0.884615
0.714286
0.670886
0.615385
0.754386
0.854545
0.90625
0.2
0.568182
0.872
0.45679
0.542857
0.737374
0.425
0.816326
0.919463
0.76699
0.877551
0.71134
0.771429
0.48
0.493333
0.75
0.797753
0.594937
0.761468
0.741935
0.741379
0.700935
0.929825
0.870968
0.721739
0.650794
0.884892
0.889655
0.96875
0.893617
0.757576
0.586207
0.377778
0.716981
0.647059
0.577778
0.619048
0.0857142
0.282609
0.0947368
0.0786517
0.12
-0.214286
-0.204545
-0.662921
-0.58
-0.919355
-0.917808
-0.945206
-0.95122
-0.979798
-0.918367
-0.943396
-0.959184
-0.860465
-0.929078
-0.888889
-0.874016
-0.849057
-0.905882
-0.878378
-0.958333
-0.953125
-0.885246
-0.86014
-0.905512
-0.872727
-0.986577
-0.793814
-0.970149
-0.900709
-0.975309
-0.983333
-0.934211
-0.950413
-0.923077
-0.970588
-0.915254
-0.752577
-0.908046
-0.509091
-0.858407
-0.827586
-0.730337
-0.873016
-0.728155
-0.855856
-0.809524
-0.850746
-0.887097
-0.870968
-0.612245
-0.573333
-0.784314
-0.698925
-0.386364
-0.244444
-0.576471
-0.463918
-0.568182
-0.714286
-0.709091
-0.772358
-0.138889
-0.529412
-0.617977
0.177778
-0.108108
0.025641
0.154639
-0.0238095
0.66
0.761468
0.940741
0.876106
0.76087
0.944056
0.964286
0.900827
0.971014
0.941748
0.954545
0.854545
0.855856
0.868132
0.905512
0.89313
0.985611
0.980198
0.895652
0.81982
0.867769
0.987097
0.945946
0.903448
0.872727
0.825243
0.904762
0.921875
0.89916
0.928571
0.962963
0.898734
0.954546
0.879518
0.917241
0.906977
0.8
0.859649
0.777778
0.945578
0.96748
0.885714
0.872727
0.9375
0.92381
0.872
0.730337
0.973684
0.658537
0.788235
0.958042
0.777778
0.864407
0.942029
0.929578
0.89011
0.917241
0.882353
0.737705
0.917241
0.675
0.958042
0.911111
0.927273
0.829787
0.809524
0.931034
0.830189
0.914894
0.880597
0.925926
0.8
0.970803
0.962617
0.869565
0.75
0.914286
0.724771
0.569893
0.847222
0.878788
0.911111
0.847458
0.884615
0.86087
0.958333
0.811321
0.692308
0.819672
0.777778
0.892857
0.952381
0.8
0.752381
0.432432
0.532468
0.793103
0.742574
0.714286
0.889908
0.777778
0.85
0.518987
0.747368
0.604167
0.904
0.869159
0.604938
0.821429
0.825243
0.821429
0.78
0.726027
0.664
0.827586
0.846154
0.876106
0.823009
0.813084
0.953488
0.755102
0.816514
0.730337
0.91453
0.737374
0.958042
0.89916
0.866667
0.926605
0.872
0.692308
0.875
0.847619
0.822581
0.830509
0.724138
0.836066
0.594595
0.640449
0.347826
0.678571
0.603774
0.827957
0.922481
0.623188
0.701754
0.780488
0.717391
0.578947
0.809524
0.685393
0.828571
0.844828
0.777778
0.72093
0.818182
0.942308
0.644444
0.711864
0.77193
0.55814
0.530864
0.623762
0.813084
0.8125
0.811966
0.781818
0.686747
0.45283
0.822785
0.90566
0.666667
0.19403
0.530864
0.54717
0.388235
0.310345
0.0574713
-0.209877
0.176471
-0.220779
-0.104167
0.0789474
-0.0120482
-0.70297
-0.826923
-0.809524
-0.875
-0.8
-0.840909
-0.882353
-0.831776
-0.90625
-0.933333
-0.931035
-0.885714
-0.873874
-0.946667
-0.904762
-0.92126
-0.932773
-0.948387
-0.969231
-0.9375
-0.90566
-0.837838
-0.903226
-0.92053
-0.873874
-0.847619
-0.986014
-0.878261
-0.931034
-0.889908
-0.638095
-0.698413
-0.777778
-0.688073
-0.779528
-0.866667
-0.922078
-0.798561
-0.813953
-0.898551
-0.904
-0.897959
-0.883333
-0.864865
-0.881356
-0.767442
-0.849624
-0.876289
-0.811966
-0.938144
-0.723404
-0.583333
-0.836364
-0.884298
-0.877863
-0.882353
-0.72973
-0.682927
-0.796875
-0.25
-0.285714
-0.488372
-0.46988
-0.105263
-0.543478
-0.204545
-0.223529
-0.0769231
-0.0930232
0.404762
0.721739
0.863248
0.886364
0.943263
0.884615
0.961783
0.962264
0.987342
0.850467
0.886792
0.919463
0.903226
0.929825
0.952381
0.95082
0.956834
0.966387
0.876106
0.877863
0.968992
0.962617
0.925373
0.959184
0.925373
0.875
0.847826
0.877551
0.921569
0.96875
0.853211
0.9
0.921569
0.909774
0.955555
0.947826
0.865546
0.963303
0.932886
0.92
0.882353
0.911504
0.92
0.95122
0.981308
0.902098
0.69697
0.966387
0.931624
0.897059
0.892857
0.866667
0.87013
0.87931
0.953488
0.934426
0.929578
0.872341
0.858407
0.833333
0.632184
0.5
0.736434
0.84
0.903846
0.951613
0.909091
0.777778
0.736264
0.985915
0.77551
0.953125
0.87931
0.90099
0.952
0.827957
0.734694
0.648352
0.887851
0.47619
0.784946
0.898551
0.872341
0.867769
0.908397
0.74026
0.813559
0.958333
0.944954
0.84
0.940299
0.936842
0.938931
0.825243
0.877551
0.956834
0.791667
0.834711
0.786408
0.830509
0.787611
0.831776
0.842105
0.954198
0.869919
0.92
0.837838
0.834711
0.956204
0.869159
0.829268
0.850932
0.876543
0.901961
0.857143
0.783784
0.777778
0.804878
0.92126
0.893617
0.950413
0.913043
0.918699
0.841727
0.903614
0.913043
0.647059
0.870504
0.837838
0.841727
0.8
0.862069
0.684211
0.828571
0.765957
0.787234
0.779661
0.756098
0.906977
0.692308
0.895652
0.909091
0.886364
0.90991
0.707865
0.472222
0.916084
0.857143
0.986928
0.924528
0.84
0.887851
0.604938
0.724771
0.72093
0.636364
0.797753
0.657143
0.890909
0.945946
0.82906
0.853211
0.555556
0.790698
0.803279
0.777778
0.883333
0.903846
0.71134
0.810811
0.958904
0.5
0.869565
0.912281
0.7
0.561905
0.348837
0.831776
0.568182
0.737705
0.772727
0.934066
0.485714
-0.0909091
0.235955
0.789474
0.550562
0.591398
0.719626
0.377778
0
-0.0886076
0.443299
0.827586
0.642857
0.792453
0.770115
0.792
0.714286
0.939759
0.75
0.917355
0.910448
0.742857
0.829457
0.892473
0.945455
0.779817
0.87156
0.428571
0.786408
0.877193
0.91453
0.918699
0.673913
0.888889
0.825243
0.763636
0.833333
0.745098
0.79661
0.740741
0.847619
0.737705
0.548387
0.788462
0.577236
0.783784
0.701149
0.80198
0.6
0.532468
0.818182
0.905512
0.408451
0.73913
0.587629
0.64
0.897959
0.927536
0.72043
0.924242
0.846154
0.881356
0.61039
0.622222
0.544554
0.623762
0.747748
0.818182
0.557522
0.685393
0.807018
0.895833
0.461538
0.874126
0.888
0.877193
0.862745
0.777778
0.902913
0.864078
0.91453
0.853659
0.842697
0.807018
0.781818
0.658537
0.675
0.52381
0.881188
0.576923
0.614458
0.903226
0.724138
0.900709
0.946429
0.857143
0.858586
0.811321
0.826087
0.824818
0.857143
0.674419
0.847328
0.634146
0.775862
0.850467
0.815126
0.68
0.657143
0.708333
0.247312
0.226667
0.18
0.833333
0.648649
0.745763
0.487805
0.60396
0.04
-0.15
0.445545
0.264706
-0.510204
-0.342105
-0.473684
-0.788618
-0.890625
-0.877551
-0.859649
