0.2
0.243243
0.747899
0.934211
0.941521
0.92
0.989418
0.89916
0.931035
0.946667
0.924812
0.920904
0.948718
0.963415
0.953846
0.880342
0.937888
0.924812
0.96129
0.972789
0.974194
0.887324
0.910256
0.950739
0.980769
0.901639
0.946524
0.942857
0.95122
0.930556
0.987342
0.963855
0.931624
0.975309
0.937888
0.932886
0.916084
0.9375
0.985294
0.865772
0.920635
0.972222
0.898305
0.973684
0.95122
0.969697
0.94186
0.936
0.9375
0.973154
0.988024
0.915493
0.962733
0.930435
0.944056
0.827586
0.909774
0.91716
0.928572
0.964497
0.911504
0.942857
0.854839
0.873016
0.887097
0.944828
0.901639
0.934641
0.815126
0.885714
0.875
0.948052
0.948276
0.877551
0.955882
0.830509
0.910448
0.933333
0.872341
0.789474
0.904
0.950311
0.934426
0.834862
0.862069
0.876106
0.869159
0.789474
0.907285
0.816514
0.894737
0.929578
0.864407
0.830189
0.767442
0.909091
0.949045
0.941177
0.781022
0.809524
0.928571
0.854167
0.988166
0.889764
0.945946
0.903226
0.881481
0.949686
0.904762
0.933333
0.891892
0.693878
0.914286
0.858268
0.790476
0.895522
0.81982
0.833333
0.971831
0.919463
0.946903
0.931035
0.968254
0.769231
0.883333
0.971014
0.852632
0.93865
0.872727
0.846154
0.943263
0.867769
0.902098
0.64557
0.915966
0.767857
0.752577
0.985294
0.931507
0.890909
0.875
0.875
0.889764
0.867647
0.666667
0.875
0.933333
0.912409
0.969231
0.961905
0.848485
0.884615
0.875
0.896552
0.932203
0.92
0.782178
0.897436
0.913669
0.968254
0.833333
0.826923
0.638298
0.80597
0.911765
0.928571
0.897436
0.856
0.920635
0.915254
0.882353
0.81982
0.690722
0.698113
0.731707
0.891892
0.594595
0.904762
0.957143
0.942857
0.787611
0.765766
0.951613
0.560976
0.769231
0.732143
0.948718
0.810345
0.940594
0.917241
0.833333
0.918033
0.886792
0.653846
0.867769
0.954198
0.919192
0.85124
0.963636
0.842105
0.769231
0.85567
0.927536
0.944056
0.962617
0.873418
0.886792
0.844828
0.955882
0.852459
0.805825
0.816326
0.752381
0.894737
0.929825
0.58
0.730769
0.643564
0.897059
0.908397
0.636364
0.72549
0.893805
0.9625
0.945946
0.760684
0.809524
0.896104
0.885714
0.826087
0.72549
0.915966
0.77551
0.823009
0.72973
0.677419
0.873874
0.798319
0.89781
0.726027
0.732143
0.896552
0.84252
0.815126
0.86087
0.859375
0.883495
0.666667
0.862069
0.709677
0.683168
0.690909
0.626168
0.818182
0.670588
0.807692
0.942857
0.924528
0.847826
0.904
0.744681
0.838926
0.868132
0.846154
0.868852
0.803922
0.884298
0.903448
0.888112
0.83908
0.867647
0.893939
0.75
0.76699
0.92381
0.890411
0.981308
0.79661
0.801653
0.8
0.93985
0.827957
0.772358
0.841584
0.854839
0.838384
0.811594
0.777778
0.808511
0.831933
0.741935
0.486486
0.584158
0.824176
0.68
0.741176
0.596154
0.384615
0.548387
0.505882
0.701754
0.595745
0.793814
0.7
0.833333
0.826087
0.548387
0.755556
0.792
0.846154
0.672131
0.5
0.744186
0.8
0.723404
0.787611
0.78
0.864078
0.803922
0.803922
0.424658
0.76699
0.779817
0.92
0.921569
0.857143
0.937008
0.934426
0.726316
0.798319
0.711111
0.934426
0.781818
0.862745
0.77551
0.904762
0.944056
0.883495
0.775701
0.785714
0.831933
0.927928
0.79798
0.753846
0.835052
0.875
0.485714
0.471264
0.611111
0.7
0.575758
0.740741
0.761468
0.717172
0.777778
0.857143
0.773585
0.808696
0.844444
0.926829
0.685714
0.652174
0.745098
0.698413
0.795918
0.728155
0.813084
0.773585
0.857143
0.666667
0.921569
0.811966
0.849057
0.877193
0.78
0.837037
0.724138
0.1875
0.373737
0.0227273
0.75
0.763636
0.866667
0.783333
0.818182
0.885714
0.825397
0.666667
0.837838
0.755102
0.74
0.834586
0.843478
0.874126
0.866667
0.827957
0.826923
0.837838
0.94958
0.820895
0.893805
0.895652
0.811321
0.855856
0.811321
0.769231
0.909774
0.945355
0.878788
0.804878
0.77551
0.74
0.892473
0.931035
0.985075
0.890909
0.918699
0.783132
0.726496
0.826087
0.940299
0.882353
0.847826
0.752066
0.626374
0.669903
0.630769
0.844961
0.8125
0.745098
0.75
0.837838
0.483871
0.821782
0.604167
0.471264
0.75
0.696
0.116883
0.576471
0.22
0.468354
0.214286
0.264151
0.0454546
0.146341
-0.113402
0.292683
0.666667
0.594937
-0.223529
0.384615
0.320755
0.108696
-0.454545
-0.267327
-0.779817
-0.700935
-0.901639
-0.949045
-0.930556
-0.865385
-0.973333
-0.935897
-0.901639
-0.980861
-0.937008
-0.974684
-0.927711
-0.940741
-0.934211
-0.945578
-0.918033
-0.93985
-0.714286
-0.949686
-0.984127
-0.914894
-0.911765
-0.966667
-0.869919
-0.793103
-1
-0.876923
-0.942446
-0.968992
-0.930556
-0.917808
-0.932203
-0.917241
-0.947826
-0.798319
-0.90411
-0.9375
-0.960784
-0.978022
-0.879699
-0.925926
-0.865772
-0.849057
-0.911765
-0.873874
-0.835052
-0.805825
-0.884892
-0.889764
-0.833333
-0.753846
-0.726316
-0.84466
-0.863014
-0.842105
-0.71134
-0.717949
-0.753846
-0.47619
-0.851852
-0.79661
-0.521127
-0.807692
-0.627451
-0.626374
-0.714286
-0.73913
-0.133333
-0.0422535
0.518987
0.85
0.738318
0.940299
0.984496
0.930233
0.921569
0.947826
0.927007
0.986842
0.950413
0.945946
0.938776
0.957143
0.936508
0.91453
0.927273
0.929578
0.91453
0.909091
0.9375
0.987879
0.942308
0.890909
0.968992
0.936508
0.988024
0.882353
0.967213
0.972973
0.866667
0.968992
0.91195
1
0.954887
0.97037
0.90566
0.906977
0.934959
0.960526
0.981308
0.917355
0.987097
0.957447
0.808511
0.873684
0.911765
0.964072
0.972789
0.970803
0.942529
0.959596
0.806452
0.985075
0.868132
1
0.965517
0.853659
0.960265
0.92
0.909091
0.913043
0.966102
0.944056
0.929578
0.9375
0.717949
0.957447
0.984252
0.939394
0.93617
0.962963
0.943662
0.907407
0.889908
0.947369
0.955555
0.908257
0.919355
0.938931
0.985611
0.95
0.920792
0.858824
0.953488
0.788235
0.884615
0.84252
0.987805
0.975155
0.952941
0.896296
0.918699
0.953846
0.920792
0.92
0.951613
0.929078
0.977273
0.866667
0.928572
0.939024
0.90099
1
0.948718
0.82906
0.984375
0.975904
0.919355
0.714286
0.977654
0.963964
0.89899
0.865672
0.949153
0.946903
0.942857
0.884615
0.85567
0.92126
0.793814
0.917355
0.880342
0.839286
0.897059
0.9375
0.849462
0.864078
0.964072
0.768116
0.931507
0.884298
0.931034
0.924242
0.982906
0.861539
0.794393
0.875
0.890909
0.97351
0.852632
0.87037
0.96875
0.9375
0.892857
0.898551
0.944444
0.968254
0.907692
0.932432
0.936
0.913043
0.636364
0.971631
0.76
0.835052
0.853211
0.605634
0.85034
0.9
0.944445
0.934783
0.86087
0.942308
0.790476
0.936
0.929204
0.824561
0.818182
0.882353
0.861539
0.952381
0.930435
0.752809
0.798165
0.858407
0.903846
0.91453
0.918367
0.964286
0.875969
0.968
0.938462
0.863248
0.929825
0.97619
0.75
0.847458
0.882353
0.925926
0.777778
0.895652
0.890909
0.923077
0.938931
0.84
0.932432
0.85
0.903614
0.857143
0.915493
0.877551
0.843478
0.874016
0.981132
0.815385
0.944444
0.877863
0.876543
0.924812
0.481481
0.283582
0.768595
0.696428
0.793104
0.987654
0.877551
0.920635
0.936
0.951807
0.940299
0.92
0.867769
0.901961
0.954198
0.632184
0.90991
0.868132
0.897436
0.772727
0.89781
0.87156
0.763158
0.693878
0.976471
0.983607
0.904762
0.919355
0.947826
0.929204
0.80198
0.590909
0.898305
0.943925
0.823529
0.837838
0.849462
0.891892
0.825397
0.956522
0.946429
0.81982
0.917241
0.771429
0.368421
0.755102
0.417722
0.610169
0.829787
0.852459
0.643836
0.325301
0.825397
0.726027
0.81982
0.90411
0.722222
0.25641
0.358025
0.477273
0.541667
0.828571
0.634615
0.885246
0.918129
0.922078
0.854839
0.711538
0.8125
0.873874
0.887851
0.900709
0.864078
0.75
0.674419
0.906977
0.916667
0.88
0.920635
0.90991
0.873874
0.767442
0.861386
0.966102
0.896552
0.8
0.865385
0.953125
0.93985
0.934641
0.869565
0.882353
0.801802
0.869565
0.818182
0.84466
0.954887
0.866667
0.902098
0.849057
0.755556
0.866667
0.595506
0.615385
0.738318
0.865169
0.837037
0.688889
0.830065
0.788235
0.74359
0.813559
0.846154
0.797753
0.866667
0.955224
0.772152
0.846154
0.89313
0.965517
0.826772
0.857143
0.937107
0.96
0.67033
0.942857
0.886792
0.813084
0.461538
0.762712
0.765957
0.826923
0.633333
0.69863
0.925466
0.865385
0.931818
0.805825
0.808
0.714286
0.84
0.714286
0.738318
0.813559
0.630435
0.706422
0.754717
0.809524
0.8
0.558442
0.878261
0.506173
0.612903
0.810526
0.78125
0.827161
0.705882
0.847619
0.564103
0.590909
0.6
0.709091
0.657895
0.547619
0.785714
0.781818
0.6
0.798319
0.759036
0.915493
0.862745
0.767857
0.763158
0.883333
0.859155
0.831579
0.782178
0.666667
0.972414
0.862595
0.9
0.701149
0.853659
0.765957
0.819672
0.958333
0.868132
0.555556
0.788462
0.663551
0.932773
0.729167
0.837398
0.8125
0.958042
0.647059
0.794393
0.772152
0.846154
0.8
0.835052
0.463918
0.604396
0.647059
0.637931
0.908257
0.573034
0.829787
0.510638
0.859649
0.901639
0.87037
0.813084
0.907407
0.896296
0.816092
0.875969
0.915966
0.85
0.962025
0.970588
0.666667
0.728155
0.714286
0.54023
0.6
0.75
0.875
0.709402
0.956204
0.936842
0.884298
0.851852
0.945206
0.936
0.875
0.889908
0.846154
0.752381
0.725
-0.204819
0.102564
0.480769
0.116279
0.2
-0.0416667
0.0222222
0.205479
-0.0721649
-0.563218
-0.479167
-0.768421
-0.827815
-0.917355
-0.888112
-0.935484
-0.931429
-0.931035
-1
-0.904762
-0.916667
-0.930636
-0.964602
-0.909774
-0.934426
-0.958549
-0.916667
-0.896907
-0.94382
-0.925926
-0.868132
-0.955555
-0.869565
-0.975758
-0.900827
-1
-1
-0.929078
-0.913793
-0.962264
-0.984848
-0.986301
-0.979487
-0.914894
-0.825243
-0.906977
-0.987179
-0.933775
-0.970149
-0.80198
-0.861539
-0.901235
-0.932773
-0.847826
-0.9375
-0.833333
-0.963415
-0.914894
-0.941606
-0.838384
-0.891156
-1
-0.95082
-0.952756
-0.952756
-0.644444
-0.72549
-0.781818
-0.87234
-0.934959
-0.887097
-0.825243
-0.884058
-0.511111
-0.705263
-0.822222
-0.905325
-0.972028
-0.933884
-0.90991
-0.880342
-0.619048
-0.826087
-0.847458
-0.470588
-0.634783
-0.461538
-0.768116
-0.542857
-0.645161
-0.189873
0.181818
0.301205
0.612903
0.818182
0.985507
0.932773
0.969231
0.973154
0.958042
0.916667
0.968504
0.795455
0.968254
0.949153
0.938931
0.954545
0.883495
0.928572
0.968254
0.959184
0.929078
0.984496
0.977011
0.91411
0.982609
0.925926
0.966667
0.935065
1
0.940741
0.96748
0.876106
0.986755
0.926605
1
1
0.96
0.949153
0.966667
0.954545
0.931034
0.985714
0.869159
0.924242
0.967742
0.982759
0.959184
0.902913
0.904
0.880952
0.948454
0.981481
0.962264
0.830189
0.914286
0.859649
0.94
0.952381
0.970588
0.935484
0.965812
0.840909
0.909677
0.954545
0.88
0.968504
0.892857
1
0.935484
0.87037
0.916667
0.958621
0.960784
0.965812
0.942857
0.916667
0.957746
1
0.896296
0.972222
0.861111
0.826087
0.967213
0.984733
0.932773
0.8
0.931034
0.937888
0.960396
0.968992
0.910714
0.955882
0.952
0.915254
0.824561
0.953846
0.911111
0.863248
0.933884
1
0.958333
0.78
0.973684
0.851852
0.875
0.924242
0.893617
0.92
0.947826
0.917355
0.911111
0.895522
0.852632
0.87931
0.872
0.969697
0.923664
0.959184
0.960526
0.96875
0.981308
0.958333
0.851852
0.910112
0.78022
0.823009
0.974843
0.966387
0.952
0.912281
0.831776
0.92233
0.984733
0.884615
0.962025
0.925234
0.854167
0.862745
0.858407
0.857143
0.946309
0.982759
0.789474
0.985915
0.907407
0.915254
0.928571
0.87156
0.880597
0.910714
0.885714
0.913669
0.915254
0.927273
0.923077
0.927273
0.874016
0.966102
0.970149
0.933884
0.847826
0.883495
0.820895
0.866667
0.875
0.684211
0.901639
0.932432
0.90991
0.92
0.818182
0.904762
0.909774
0.886364
0.925373
0.795918
0.942446
0.793104
0.808
0.872341
0.917355
0.952
0.952381
0.875969
0.961783
0.886364
0.879699
0.717391
0.924528
0.8
0.870504
0.98773
0.917355
0.831776
0.886792
0.741935
0.83871
0.931624
0.589744
0.84375
0.731707
0.896552
0.728155
0.595745
0.873874
0.849057
0.813953
0.901639
0.911111
0.870968
0.866667
0.805825
0.955555
0.858407
0.924812
0.952
0.956989
0.909091
0.824
0.872727
0.982301
0.8125
0.684211
0.825397
0.843478
0.653061
0.85567
0.887851
0.728
0.920635
0.949367
0.813084
0.827586
0.945206
0.927928
0.9
0.924812
0.882353
0.986928
0.793814
0.924242
0.794872
0.622222
0.745098
0.651163
0.889655
0.693878
0.907407
0.729167
0.917526
1
0.736264
0.95122
0.897436
0.808511
0.867925
0.468354
0.803922
0.8125
0.714286
0.75
0.777778
0.919355
0.876106
0.942857
0.944444
0.759259
0.79798
0.923664
0.951613
0.92233
0.957447
0.730337
0.652174
0.747899
0.947368
0.84
0.847222
1
0.91453
0.857143
0.857143
0.915254
0.816326
0.925373
0.807692
0.857143
0.910714
0.755556
0.859649
0.798165
0.940741
0.936709
0.933333
0.75
0.536585
0.690722
0.810345
0.765766
0.828571
0.8
0.895652
0.89916
0.850467
0.877863
0.971223
0.892308
0.891304
0.856
0.345455
0.84058
0.810526
0.669903
0.801802
0.686747
0.873016
0.907407
0.900709
0.80198
0.850467
0.762376
0.928058
0.857143
0.958042
0.738095
0.592233
0.773585
0.781818
0.793814
0.775281
0.666667
0.819672
0.954545
0.889908
0.729167
0.885246
0.863945
0.897959
0.954023
0.809524
0.796296
0.768421
0.574468
0.641026
0.651163
0.56
0.706422
0.836364
0.72549
0.957143
0.917526
0.873016
0.670886
0.837398
0.846154
0.984733
0.745098
0.730337
0.83908
0.793103
0.90991
0.881481
0.714286
0.82
0.908497
0.916667
1
0.866667
0.840708
0.669421
0.873016
0.866667
0.813559
0.736264
0.742574
0.754717
0.873874
0.850746
0.92126
0.821782
0.864078
0.66
0.943396
0.752809
0.808
0.88
0.851852
0.9375
0.741176
0.705263
0.864078
0.884298
0.903846
0.904762
0.825
0.881356
0.486486
0.533981
0.793814
0.777778
0.777778
0.79798
0.638554
0.905405
0.916667
0.923664
0.911765
0.953125
0.813953
0.733333
0.840708
0.636364
0.810526
0.917355
0.838384
0.7
0.692308
0.875
0.942857
0.775701
0.85124
0.580247
0.714286
0.373494
0.61165
0.576471
0.72043
0.663551
0.711538
0.927928
0.569231
0.68595
0.928571
0.666667
0.893333
0.911111
0.5625
0.37931
0.347826
0.468085
0.607843
0.495146
0.895833
0.626374
0.553192
0.834862
0.680851
0.826087
0.64
0.64
0.723404
0.884615
0.924528
0.82906
0.826923
0.820225
0.887851
0.884298
0.86087
0.804878
0.8
0.892857
0.865169
0.857143
0.89899
0.922481
0.939394
0.873684
0.682927
0.829787
0.483146
0.654545
0.745455
0.944445
0.875
0.935484
0.885714
0.826087
0.84
0.781818
0.877863
0.807692
0.965517
0.908257
0.925926
0.696203
0.906977
0.621622
0.68932
0.802469
0.848739
0.944056
0.917526
0.936508
0.877551
0.876923
0.945455
0.8125
0.927273
0.844961
0.867925
0.870968
0.831933
0.791304
0.483871
0.333333
0.333333
0.35
0.6
0.79845
0.723404
0.938144
0.797753
0.869919
0.74359
0.684211
0.56962
0.61165
0.495146
0.727273
0.849057
0.805825
0.789474
0.784314
0.790698
0.647059
0.904762
0.862069
0.811321
0.686747
0.912281
0.908397
0.73494
0.787611
0.934959
0.694118
0.876106
0.813084
0.955224
0.869919
0.846154
0.882353
0.869565
0.74
0.929825
0.894737
0.823529
0.828571
0.706422
0.706667
0.591398
0.577778
0.744
0.814433
0.694118
0.722222
0.529412
0.666667
0.731959
0.543478
0.843137
0.766667
0.80198
0.757576
0.75
0.755102
0.85
0.905882
0.895522
0.877193
0.881188
0.815126
0.939394
0.934426
0.872
0.906977
0.900827
0.913669
0.652174
0.840708
0.945455
0.892857
0.656566
0.794872
0.649484
0.849057
0.872727
0.949153
0.939394
0.943263
0.765957
0.940741
0.962264
0.783132
0.768421
0.84252
0.875
0.91453
0.951613
0.921875
0.902913
0.80198
0.795918
0.733333
0.344262
0.872341
0.460674
0.680672
0.8
0.895522
0.90099
0.822581
0.830189
0.733333
0.59596
0.663366
0.298701
0.583333
0.576471
0.55
0.150943
-0.222222
-0.655172
-0.760684
-0.966102
-0.89916
-0.883495
-0.959799
-0.938931
-0.968254
-0.980952
-0.950413
-0.974194
-0.96
-0.958042
-0.978378
-0.956044
-0.955056
-0.964912
-0.977401
-0.908257
-0.892857
-0.940828
-0.989899
-0.984848
-0.970297
-0.956522
-0.928572
-0.976048
-0.918699
-0.727273
-0.801802
-0.834711
-0.74359
-0.894737
-0.923567
-0.921875
-0.86087
-0.904
-0.962733
-0.903846
-0.647059
-0.954887
-0.950617
-0.975
-0.870968
-0.867925
-0.844828
-0.862069
-0.85567
-0.951807
-0.965812
-0.960784
-0.876106
-0.642105
-0.962733
-0.947368
-0.968992
-0.954802
-0.976471
-0.76087
-0.878788
-0.933333
-0.865385
-0.731959
-0.915493
-0.932203
-0.889764
-0.850467
-0.864865
-0.903846
-0.849462
-0.841584
-0.91716
-0.98374
-0.81982
-0.838235
-0.789474
-0.686747
-0.75
-0.807692
-0.0843374
-0.568966
-0.48718
-0.66
-0.82906
-0.851852
-0.594203
-0.705426
-0.365079
-0.242105
0.35
0.213483
0.479167
0.5
0.714286
0.881356
0.935897
0.927928
0.974359
0.960784
0.923077
0.908257
0.952
0.839286
0.961538
0.971631
0.960784
0.947826
1
0.976608
0.984127
0.963303
0.838384
0.97351
0.936508
0.933333
0.914894
0.968
0.954887
0.929204
0.967213
0.91453
0.884892
0.930435
0.966387
0.946667
0.986014
0.95
1
0.926605
0.958042
0.982906
0.958042
0.98773
0.920792
0.937985
0.881356
0.988235
0.983471
0.986395
0.983871
0.888
0.948718
0.835294
0.9875
0.948276
0.766234
0.921875
0.834711
0.886179
0.945578
0.981651
0.62963
0.903226
0.874016
1
0.972028
0.935065
0.8125
0.886179
0.935484
0.960784
0.980198
0.976744
0.976331
0.895652
1
0.923664
0.953488
0.804348
0.942857
0.965217
0.877863
0.957143
0.96129
0.980952
0.941606
0.983607
0.969925
0.888889
0.9
0.916667
0.903846
0.938462
0.866667
0.90411
0.973684
0.902913
0.927928
0.949153
0.929204
0.916667
0.891473
0.88
0.908257
0.86
0.9625
0.830189
0.963303
0.985401
0.855856
0.918033
0.927536
0.956989
0.837838
0.824561
0.961039
0.946429
0.953846
0.985185
0.945946
0.925926
0.913043
0.947712
0.986577
0.972028
0.777778
0.921875
0.835821
0.960526
0.90566
0.982759
0.847826
0.849624
0.971631
0.847826
0.862745
0.941177
0.857143
0.896907
0.944751
0.844444
0.779817
0.82
0.89916
0.794393
0.946903
0.933775
0.931624
0.887851
0.927711
0.962617
0.885714
0.93007
0.875
0.987013
0.891892
0.85567
0.894737
0.826087
0.89899
0.78
0.910448
0.883212
0.947826
0.958333
0.881356
0.96875
0.893617
0.875969
0.783784
0.858268
0.917355
0.952381
0.912281
0.962733
0.85567
0.918033
0.956204
0.986486
0.962617
0.952381
0.984848
0.943925
0.883333
0.903226
0.926829
0.914894
0.883721
0.803279
0.869919
0.95122
0.961905
0.936306
0.816092
0.970588
0.882353
0.853659
0.903846
0.564356
0.791667
0.8125
0.773913
0.9625
0.951807
0.790476
0.927007
0.948718
0.834862
0.821429
0.763441
0.803571
0.844828
0.86
0.862745
0.888889
0.927928
0.866667
0.885057
0.792
0.931034
0.881356
0.65625
0.814815
0.882353
0.708738
0.786885
0.686747
0.930435
0.606061
0.801324
0.825
0.891892
0.867769
0.744681
0.823529
0.838384
0.666667
0.604651
0.87037
0.83871
0.73913
0.8
0.737374
0.912281
0.830509
0.874016
0.927536
0.78022
0.889908
0.926471
0.882353
0.851064
0.913978
0.971223
0.9375
0.923664
0.767442
0.931035
0.840909
0.903226
0.892473
0.650485
1
0.904762
0.934641
0.647059
0.615385
0.6
0.903448
0.907407
0.78
0.840708
0.779661
0.833333
0.913669
0.904762
0.985611
0.873016
0.981481
0.831579
0.798165
0.78022
0.685393
0.904762
0.820225
0.879699
0.904762
0.851852
0.874016
0.769911
0.913043
0.87931
0.86087
0.958621
0.878788
0.555556
0.683168
0.849057
0.636364
0.677966
0.854545
0.605634
0.957143
0.956834
0.820513
0.782178
0.915966
0.655172
0.113924
0.0909091
0.444444
0.576471
-0.0930232
-0.12766
0.147059
-0.156863
0.171717
-0.762712
-0.763441
-0.84466
-0.958042
-0.984127
-0.89404
-0.962963
-0.847619
-0.921569
-0.962264
-0.973333
-0.942029
-0.831933
-0.895425
-0.968254
-1
-0.952756
-0.964286
-0.910714
-0.977401
-0.871795
-0.898089
-0.929078
-0.783784
-0.95122
-0.94012
-0.88
-0.860465
-0.741176
-0.939699
-0.968254
-0.865546
-0.921569
-0.865672
-0.810219
-0.833333
-0.931034
-0.819672
-0.923077
-0.875
-0.88
-0.608696
-0.849057
-0.930233
-0.785714
-0.762376
-0.955555
-0.798165
-0.927711
-0.968
-0.904762
-0.761905
-0.932773
-0.747899
-0.850467
-0.939394
-0.690476
-0.937008
-0.869159
-0.884615
-0.967033
-0.875969
-0.852459
-0.911765
-0.625
-0.803922
-0.638095
-0.741935
-0.623529
-0.595238
-0.83871
-0.676768
-0.450549
-0.645833
-0.686747
0.116883
0
0.692308
0.881188
0.93985
0.902439
0.9375
0.964602
0.87931
0.958621
1
0.977401
0.963636
0.986667
0.956522
0.838384
0.969925
0.948718
0.986928
0.983333
0.893617
0.942308
0.933775
0.985401
0.962617
0.974026
0.946903
1
0.951613
0.942029
0.918919
0.941748
0.988095
0.911111
0.979381
0.935065
0.971631
0.942308
0.936508
0.955224
0.9
0.942857
0.910714
0.986111
0.929204
0.940741
0.937985
0.969466
0.872341
0.813559
0.947826
0.903226
0.932886
0.96875
0.969231
0.908257
0.809524
0.972973
0.98374
0.986577
0.919355
0.89899
0.96319
0.913043
0.949367
0.965517
0.909091
0.916084
0.967742
0.939394
0.985816
0.972789
0.769231
0.953846
0.945946
0.984252
0.976048
0.917526
0.919463
0.9
0.938462
0.953846
0.909774
1
0.866667
0.952
0.851852
0.940741
0.929412
0.954198
0.885057
0.866667
0.986667
0.953846
0.92126
0.909091
0.857143
0.902778
0.96748
0.964286
0.930435
0.868132
0.93985
0.910448
0.895652
0.862595
0.96748
0.888
0.873684
0.987654
0.947368
0.854545
0.733333
0.834862
0.908397
0.937985
0.897059
0.865546
0.937985
0.884615
0.964602
0.987097
0.78022
0.947368
0.904
0.784314
0.94958
0.839416
0.858407
0.978947
0.850746
0.946903
0.809524
0.84466
0.938272
0.90099
0.81982
0.943396
0.928571
0.949153
0.89313
0.91453
0.953488
0.957447
0.982301
0.911111
0.886364
0.927928
0.856
0.824176
0.787234
0.911765
0.895652
0.909774
0.952941
0.932432
0.901961
0.826923
0.932203
0.942446
0.877551
0.911111
0.83871
0.85567
0.984375
0.893939
0.924812
0.942857
0.854839
0.918033
0.820513
0.850467
0.877301
0.848101
0.735537
0.896907
0.869565
0.84466
0.934959
0.908397
0.918367
0.963303
0.915493
1
0.939394
0.897436
0.926471
0.914894
0.840708
0.72549
0.883333
0.956834
1
0.986928
0.888889
0.970149
0.870968
0.779817
0.847328
0.860465
0.933333
0.580247
0.929078
0.931818
0.932886
0.904
0.854545
0.884298
0.960396
0.716981
0.900827
0.804348
0.886792
0.853211
0.775701
0.507692
0.807692
0.698925
0.836364
0.911504
0.852632
0.911765
0.909774
0.870968
0.953125
0.864662
0.830986
0.80531
0.865546
0.919463
0.872341
0.846154
0.717949
0.676768
0.857143
0.85
0.908046
0.887851
0.891892
0.801418
0.917355
0.681159
0.788462
0.95122
0.879518
0.873016
0.753086
0.889908
0.680851
0.946309
0.909091
0.87156
0.945578
0.946429
0.866667
0.831776
0.68
0.888
0.811966
0.864078
0.965812
0.948276
0.888889
0.8
0.833333
0.952381
0.924242
0.965812
0.973154
0.852632
0.892857
0.891473
0.853659
0.604396
0.818182
0.889908
0.833333
0.887324
0.810526
0.863248
0.915966
0.889908
0.984127
0.890909
0.875
0.952756
0.86087
0.836735
0.76087
0.230769
0.80303
0.847619
0.662338
0.58
0.935484
0.921569
0.742574
0.89313
0.985185
0.840708
0.903614
0.949045
0.692308
0.763636
0.919192
0.903448
0.758242
0.679245
0.604938
0.896296
0.858824
0.945946
0.871795
0.895522
0.882353
0.740741
0.821429
0.907692
0.756757
0.76699
0.821138
0.74026
0.794393
0.842697
0.903226
0.854839
0.850467
0.75
0.874016
0.575758
0.875
0.869159
0.807692
0.836735
0.803571
0.833333
0.9
0.92053
0.854167
0.985611
0.841584
0.78
0.807692
0.834862
0.768595
0.790476
0.954546
0.869565
0.793104
0.953846
0.630435
0.56962
0.408451
0.282609
0.642857
0.0526316
0.519231
0.424658
0.0117647
-0.225806
-0.456522
-0.726316
-0.917808
-1
-0.967742
-0.92053
-0.960784
-0.961539
-1
-0.942446
-0.915789
-0.902098
-0.966667
-0.892308
-0.95
-0.803922
-0.908397
-0.938462
-0.922581
-0.970149
-0.915966
-0.893805
-0.9875
-0.878788
-0.890625
-0.931034
-0.918699
-0.821782
-0.973684
-0.929204
-0.870968
-0.911504
-0.902778
-0.891892
-0.925926
-0.867769
-0.821138
-0.789474
-0.946309
-0.970588
-0.848739
-0.934426
-0.967213
-0.961905
-0.78
-0.884058
-0.924242
-0.770115
-0.90411
-0.958333
-0.782178
-0.904762
-0.952096
-0.87156
-0.915966
-0.877863
-0.937008
-0.731959
-0.783784
-0.961783
-0.90991
-0.80198
-0.402597
-0.921053
-0.789474
-0.936306
-0.761468
-0.933333
-0.874016
-0.745455
-0.74359
-0.943925
-0.950413
-0.870504
-0.641791
-0.948052
-0.893617
-0.884298
-0.609195
-0.626374
-0.701492
-0.74
-0.361111
-0.84
-0.6
-0.527778
-0.510638
-0.613636
-0.868613
-0.546667
-0.55
0.0857142
0.194444
0.606557
0.842697
0.877193
0.882353
0.960784
0.955224
0.923077
0.861386
0.978495
0.968992
0.985507
0.949153
0.986755
0.935484
0.922481
1
0.941177
0.970803
0.924812
0.940741
0.95082
0.953488
0.954545
0.878261
0.965116
0.964912
0.957219
0.893617
1
0.912088
0.962025
0.942308
1
0.944444
0.985714
0.988304
0.984496
0.968504
0.922481
0.932203
0.868852
0.940299
0.960784
0.963636
0.979592
0.915254
0.986667
0.913043
0.904762
0.962264
0.953125
0.931507
0.894737
0.913793
0.971831
0.941606
0.945455
0.916667
0.918699
0.951613
0.972789
0.966387
0.952
0.922481
0.946429
0.954198
0.953846
0.941177
0.887851
0.915966
0.933884
0.767442
0.972789
0.944445
0.940741
0.927536
0.870968
0.924051
0.95082
0.873684
0.849462
0.937008
0.930435
0.983871
0.882353
0.964497
0.927928
0.933333
0.941176
0.974026
0.887851
0.931624
0.862069
0.96129
0.954198
0.853659
0.815789
0.946309
0.964602
0.885714
0.758242
0.946903
0.954887
0.891473
0.893617
0.935484
0.87037
0.925466
0.961165
0.926471
0.855856
0.970588
0.933884
0.959184
0.948276
0.912409
0.889764
0.949153
0.84466
0.913043
0.982456
0.934959
0.90625
0.948718
0.889764
0.969466
0.937985
0.914286
0.962264
0.947369
0.884615
0.931035
0.924051
0.821429
0.966102
0.87156
0.960265
0.931034
0.623188
0.986928
0.879195
0.984615
0.853659
0.95
1
0.922481
0.965517
0.929078
0.93617
0.87037
0.945578
0.981308
0.858407
0.94702
0.886364
0.89916
0.818182
0.85124
0.918699
0.795918
0.958904
0.942308
0.924812
0.957447
0.884058
0.920792
0.888
0.847619
0.803922
0.971014
0.982301
0.940594
0.911765
0.843137
0.795918
0.977143
0.878049
0.955224
0.939394
0.918367
0.842105
0.869565
0.765957
0.742574
0.869565
0.818182
0.913043
0.968504
0.862745
0.910256
0.953488
0.830769
0.902913
0.947826
0.681818
0.873874
0.822581
0.955882
0.982759
0.882353
0.84
0.914894
0.914286
0.787234
0.865546
0.840909
0.900709
0.808511
0.902439
0.777778
0.929078
0.881356
0.705882
0.818182
0.92
0.884058
0.961905
0.888889
0.963964
0.924731
0.808219
0.915966
0.97561
0.925234
0.686747
0.752809
0.72043
0.761194
0.239437
0.945455
0.763441
0.928058
0.908397
0.825
0.803279
0.858586
0.942857
0.736842
0.89781
0.87156
0.885714
0.789474
0.837037
0.942308
0.854839
0.913043
0.97037
0.831933
0.953846
0.877551
0.929825
0.953488
0.92
0.959596
0.921875
0.540541
0.822222
0.90991
0.881188
0.867647
0.775281
0.774194
0.810526
0.942857
0.984848
0.883212
0.875
0.80531
0.90566
0.942029
0.897959
0.982906
0.803279
0.94
0.97351
0.933333
0.963303
0.8
0.821138
0.927007
0.952381
0.709677
0.853659
0.888889
0.864662
0.86
0.630252
0.833333
0.719008
0.728155
0.942308
0.829787
0.745098
0.859375
0.659091
0.971014
0.870968
0.94012
0.810526
0.464789
0.870968
0.962963
0.864407
0.888
0.870968
0.924242
0.738095
0.864078
0.878261
0.814815
0.850467
0.910448
0.882353
0.69863
0.856
0.927928
0.891892
0.861111
0.949153
0.770115
0.847826
0.742574
0.915966
0.707865
0.826923
0.72549
0.876712
0.875
0.878261
0.764706
0.604651
0.65
0.470588
0.62963
0.711712
0.8
0.678571
0.641791
0.333333
0.747748
0.76699
0.536842
0.572816
0.734694
0.823009
0.421053
0.792453
0.923077
0.728395
0.612245
0.25641
0.205479
-0.27619
-0.521739
-0.595506
-0.736842
-0.924051
-0.954198
-0.974684
-0.944954
-0.974026
-0.942029
-0.944056
-0.789474
-0.931035
-0.889908
-0.988571
-0.945355
-0.956522
-0.781513
-0.989362
-0.860465
-0.935484
-0.85034
-0.972973
-0.951613
-0.913793
-0.846154
-0.858586
-0.850746
-0.959184
-0.911111
-0.921569
-0.972414
-0.953125
-0.962733
-0.913793
-0.919463
-0.936842
-0.94709
-0.911504
-0.830189
-0.850467
-0.965812
-0.935065
-0.821782
-0.821429
-0.872
-0.85124
-0.894737
-0.91453
-0.879699
-0.84
-0.734375
-0.589041
-0.669565
-0.881356
-0.836364
-0.837209
-0.818182
-0.744681
-0.482353
-0.747748
-0.811024
-0.815126
-0.787234
-0.856
-0.666667
-0.709402
-0.643564
-0.414141
-0.709402
-0.9
-0.784946
-0.536842
-0.70297
-0.6875
-0.777778
-0.923664
-0.703704
-0.755102
-0.84
-0.830509
-0.794872
-0.56
-0.263158
-0.616667
-0.170732
-0.146341
0.111111
0.839286
0.887097
0.910112
0.913043
0.960784
0.934066
0.971831
0.906542
0.97546
0.965517
0.941177
0.943925
0.984127
0.90625
0.867925
0.94958
0.943263
0.986111
0.868421
1
0.886792
1
0.965217
0.972222
0.985816
0.98773
0.945455
0.962617
0.942446
0.962264
0.957143
0.898305
0.827957
0.953846
0.935484
0.934426
0.986755
0.92233
0.971014
0.90625
0.938144
0.867769
0.900709
0.852632
0.973154
0.953846
0.931034
0.931034
0.928572
0.967742
0.92126
0.968504
0.927928
0.943662
0.957143
0.928571
0.942857
0.901961
0.836735
0.926471
0.888889
0.972222
0.943925
0.933884
0.930435
0.89404
0.960784
0.984615
0.866667
0.975
0.977273
0.95
0.835052
0.961538
0.906977
0.964286
0.89899
0.788462
0.894737
0.962264
0.919355
0.941176
0.913043
0.875
0.922078
0.837209
0.910714
0.889908
0.948387
0.984733
0.972973
0.889908
0.89011
0.91195
0.984252
0.927536
0.926605
0.898305
0.84466
0.931035
0.942446
0.966102
0.90566
0.928144
0.861111
0.928572
0.794118
0.865546
0.854839
0.969925
0.982301
0.915254
0.855856
0.95
0.951613
0.877551
0.777778
0.814433
0.814815
0.956522
0.929204
0.949153
0.977011
0.866667
0.836735
0.938931
0.924528
0.946667
0.954198
0.984
0.888889
0.966387
0.966667
0.940741
0.949153
0.954545
0.928058
0.77193
0.808511
0.95082
0.873684
0.930435
0.96875
0.943263
0.938776
0.938462
0.906542
0.946903
0.90411
0.945946
0.97561
0.868421
0.933884
0.956204
0.986577
0.94958
0.864078
0.882353
0.913043
0.797753
0.92126
0.921875
0.836364
0.901639
0.882353
0.89404
0.8
0.806452
0.882353
0.884298
0.738095
0.9
0.829787
0.957143
0.857143
0.919192
0.963636
0.941176
0.89313
0.642857
0.875
0.795276
0.918367
0.789474
0.821429
0.711111
0.942029
0.9375
0.843478
0.853659
0.828571
0.984375
0.955555
0.986014
0.917808
0.92
0.71134
0.840708
0.925926
0.915254
0.894737
0.958904
0.842105
0.936
0.884615
0.931973
0.848485
0.933333
0.865385
0.960784
0.936508
0.936508
0.948276
0.921875
0.852632
0.888889
0.956204
0.904762
0.973684
0.752212
0.923077
0.783132
0.794393
0.76699
0.872
0.814433
0.952
0.84127
0.785714
0.795918
0.762712
0.906542
0.833333
0.924242
0.935484
0.918919
0.872341
0.906977
0.880342
0.900827
0.81982
0.87156
0.868132
0.82906
0.944444
0.923077
0.878788
0.86087
0.81982
0.809524
0.621622
0.787611
0.770833
0.653061
0.591837
0.741379
0.894737
0.648649
0.84
0.837209
0.752066
0.865546
0.657143
0.847619
0.820225
0.840708
0.765957
0.795918
0.887324
0.866667
0.755102
0.7
0.728395
0.768595
0.852632
0.872727
0.866667
0.902098
0.969466
0.961905
0.787611
0.824561
0.8
0.89899
0.680851
0.944828
0.885714
0.819672
0.8
0.764706
0.944444
0.836364
0.841584
0.897959
0.77193
0.56962
0.592593
0.77551
0.813559
0.839286
0.92381
0.854167
0.916084
0.934959
0.74359
0.555556
0.909091
0.909091
0.93985
0.853659
0.851852
0.862069
0.855856
0.763441
0.913043
0.818182
0.859649
0.856115
0.518519
0.756522
0.8125
0.896296
0.714286
0.721739
0.394737
0.636364
0.530612
0.782313
0.837838
0.793103
0.903226
0.946429
0.938462
0.681159
0.756098
0.792
0.805556
0.210526
0.373913
0.205882
0.604396
0.73494
0.677419
0.852632
0.904762
0.677419
0.865169
0.865546
0.803571
0.913978
0.945946
0.872727
0.685393
0.892308
0.767442
0.868852
0.803279
0.919192
0.885246
0.753086
0.972789
0.929204
0.953488
0.854167
0.72043
0.828125
0.831776
0.563218
0.73494
0.745098
0.923077
0.569893
0.780822
0.803279
0.661538
0.764706
0.717647
0.776
0.770833
0.913669
0.877551
0.843478
0.81982
0.809524
0.675676
0.729167
0.822222
0.896552
0.923077
0.865169
0.373134
0.472527
0.388235
0.8125
0.818182
0.858268
0.90991
0.95122
0.792208
0.767857
0.873016
0.873418
0.948276
0.864078
0.881481
0.752381
0.533333
0.683333
0.77193
0.824176
0.761905
0.8125
0.85124
0.786408
0.884615
0.788462
0.707317
0.875
0.714286
0.946429
0.634409
0.893805
0.724138
0.925926
0.818182
0.883333
0.823009
0.880952
0.759259
0.923077
0.89916
0.944828
0.83908
0.608696
0.834862
0.873016
0.942308
0.865385
0.852632
0.663551
0.831776
0.895522
0.737374
0.641509
0.890411
0.942446
0.798165
0.797753
0.772727
0.90604
0.904762
0.844156
0.804878
0.647059
0.849057
0.742424
0.857143
0.710526
0.555556
0.942857
0.527778
0.607477
0.243243
0.666667
0.788462
0.309524
0.6
0.72
0.911504
0.928571
0.819672
0.648649
0.686957
0.879699
0.785714
0.948276
0.893805
0.828571
0.842105
0.9
0.92
0.829787
0.846154
0.729167
0.807692
0.4
0.510638
0.794872
0.855856
0.882353
0.727273
0.655914
0.542169
0.608696
0.877193
0.690476
0.847458
0.898305
0.974522
0.850467
0.9375
0.402597
0.209877
0.0958904
0.284211
-0.310345
-0.662921
-0.79798
-0.892216
-0.941606
-0.954887
-0.899281
-0.92
-0.983051
-0.974522
-0.915789
-0.969231
-0.986928
-0.974843
-0.97561
-1
-0.975155
-0.930435
-0.915254
-1
-1
-0.862745
-0.946429
-0.958621
-0.956522
-0.97235
-0.980392
-0.779817
