0.0526316
0.138462
-0.0731707
0.532468
0.274725
0.425532
0.431818
0.261905
0.270833
0.386364
0.392405
0.555556
0.711712
0.621053
0.790698
0.595238
0.553398
0.669903
0.552941
0.736842
0.608696
0.638298
0.84
0.432432
0.676768
0.253012
0.643564
0.826923
0.695238
0.670588
0.710843
0.782946
0.858586
0.557895
0.810526
0.73913
0.941748
0.755102
0.89011
0.851064
0.522727
0.575758
0.421687
0.609756
0.518987
0.653846
0.209302
0.44186
0.0309279
0.690476
0.139241
0.346939
0.146341
0.782609
0.131579
0.353535
0.571429
0.662921
0.781818
0.805825
0.670588
0.777778
0.820225
0.821782
0.9
0.555556
0.818182
0.68932
0.512195
0.541667
0.658537
0.723404
0.717391
0.506493
0.731959
0.402299
0.659091
0.574074
0.52809
0.5
0.444444
0.788462
0.906977
0.677419
0.72973
0.722772
0.757009
0.783132
0.816514
0.686274
0.650485
0.649484
0.734694
0.472222
0.358025
0.030303
0.463415
0.435897
0.0789474
0.630435
0.162791
-0.277778
-0.349398
0.168539
-0.217391
-0.261905
-0.025641
-0.272727
-0.54902
-0.408451
-0.280899
-0.270588
-0.324675
-0.563636
-0.264706
-0.296703
-0.759259
-0.291139
-0.607143
-0.809524
-0.761905
-0.82
-0.868132
-0.787611
-0.650485
-0.444444
-0.325
-0.5625
-0.727273
-0.5
-0.568627
-0.51282
-0.223301
-0.48052
-0.68595
-0.567568
-0.663551
-0.867925
-0.876923
-0.835294
-0.505882
-0.368421
-0.26087
-0.0588235
-0.0526316
-0.12
-0.232558
0.113636
0.52381
0.595238
0.634146
0.45
0.575758
0.458824
0.831579
0.802198
0.626374
0.822581
0.623529
0.928571
0.775
0.807018
0.906977
0.68932
0.811321
0.862745
0.815126
0.901639
0.890411
0.889764
0.955555
0.971429
0.782178
0.888889
0.681818
0.816514
0.8125
0.831776
0.604396
0.892857
0.698925
0.76087
0.475
0.734694
0.6875
0.745098
0.717949
0.73913
0.777778
0.918699
0.910448
0.940594
0.921569
0.811321
0.85567
0.432432
0.670588
0.663158
0.694118
0.571429
0.468354
0.608247
0.39759
0.894737
0.865385
0.734694
0.92126
0.807229
0.824561
0.779817
0.842697
0.873684
0.459459
0.69697
0.515789
0.772727
0.612903
0.714286
0.682243
0.831776
0.876543
0.935065
0.901639
0.804348
0.766234
0.725
0.921875
0.837838
0.913043
0.851852
0.944444
0.837838
0.825243
0.744186
0.611111
0.45
0.458824
0.591837
0.333333
0.683168
0.342466
-0.0416667
0.594937
0.849462
0.534884
0.809524
0.573034
0.378378
0
-0.119048
-0.211268
0
0.205882
-0.313131
-0.226667
-0.435294
-0.764706
-0.533981
-0.956522
-0.928571
-0.846154
-0.8
-0.933884
-0.893617
-0.790476
-0.773913
-0.818182
-0.772727
-0.862069
-0.876289
-0.72973
-0.709091
-0.903846
-0.915966
-0.803922
-0.769231
-0.72043
-0.843137
-0.875
-0.770115
-0.868852
-0.895652
-0.75
-0.791667
-0.670588
-0.240506
-0.608696
-0.546667
-0.536842
-0.672131
-0.392405
-0.777778
-0.767442
-0.771429
-0.861539
-0.933333
-0.947369
-0.844444
-0.802198
-0.906977
-0.862069
-0.533333
-0.698925
-0.969466
-0.890909
-0.740741
-0.727273
-0.315069
-0.621622
-0.407407
-0.417722
-0.318681
0
-0.407407
-0.619048
-0.680851
-0.793814
-0.857143
-0.650485
-0.772152
-0.956204
-0.818182
-0.555556
-0.685393
-0.56
-0.78022
-0.418605
-0.60396
-0.44
-0.44
-0.626374
-0.858586
-0.349398
0.117647
-0.213483
0.47619
0.857143
0.684211
0.827161
0.85124
0.895833
0.962264
0.880597
0.841584
0.921875
0.946903
0.833333
0.886179
0.901961
0.803279
0.932773
0.985185
0.915966
0.9
0.974522
0.972973
0.896104
0.977401
0.981481
0.984615
0.926471
0.915789
0.921875
1
0.919192
0.908257
0.902913
0.901639
0.726027
0.840708
0.84375
0.888889
0.932432
0.942308
0.97037
0.94
0.923077
0.956522
0.902913
0.848101
0.846154
0.904
0.864078
0.928572
0.919192
0.916667
0.816092
0.90099
0.785714
0.90991
0.775862
0.932203
0.984496
0.952663
0.888889
0.793104
0.892857
0.694118
0.913043
0.910714
0.854545
0.960396
0.835294
0.773913
0.781818
0.895522
0.541667
0.87156
0.94
0.851852
0.690476
0.791304
0.929204
0.882353
0.893805
0.783132
0.846154
0.818182
0.736264
0.707865
0.585366
0.64486
0.522388
0.840708
0.779817
0.813333
0.68932
0.747573
0.901961
0.882353
0.788462
0.616438
0.926605
0.904762
0.777778
0.767442
0.609195
0.449275
0.425532
0.747126
0.230769
0.111111
0.464789
0.133333
0.7
0.609195
0.428571
0.512195
0.75
0.777778
0.840909
0.435294
0.534884
0.0379747
0.630435
0.232558
0.569231
0.626374
0.72093
0.184211
0.182796
0.465347
-0.0746268
0.211268
-0.223529
-0.675676
-0.585366
-0.685393
-0.82906
-0.873684
-0.764706
-0.846154
-0.931034
-0.873684
-0.918699
-0.703704
-0.878261
-0.947826
-0.786667
-0.85124
-0.928571
-0.571429
-0.986842
-0.916667
-0.938776
-0.846154
-0.867925
-0.930233
-0.938462
-0.894737
-0.952
-0.753086
-0.647059
-0.831579
-0.9
-0.825243
-0.573034
-0.85124
-0.72093
-0.904
-0.584416
-0.546392
-0.666667
-0.810345
-0.44
-0.883495
-0.747126
-0.84466
-0.794872
-0.848101
-0.80198
-0.734694
-0.875
-0.847619
-0.961905
-0.878788
-0.954198
-0.633803
-0.858407
-0.87037
-0.925926
-0.924242
-0.8125
-0.851064
-0.82906
-0.872727
-0.6
-0.940594
-0.77551
-0.737374
-0.810526
-0.6
-0.745763
-0.777778
-0.746032
-0.732143
-0.633028
-0.794393
-0.861386
-0.904
-0.852632
-0.816092
-0.6
-0.588235
-0.561644
-0.647059
-0.116279
-0.721519
-0.56
-0.587629
-0.364706
-0.547619
-0.752381
-0.391304
-0.275
-0.403846
-0.0422535
-0.416667
-0.139241
0.28
0.333333
0.545455
0.882353
0.872727
0.925373
0.857143
0.931034
0.920792
0.987261
0.84
0.818182
0.953125
0.954198
0.89916
0.972973
0.947368
0.857143
0.952941
0.960784
0.876289
1
0.971429
0.916667
0.940299
0.873684
0.910448
0.889908
0.877193
0.968504
0.906542
0.9
0.969231
0.986577
0.860465
0.92126
0.764706
0.96748
0.923077
0.969697
0.844444
0.932584
0.908257
0.905512
0.88
0.867925
0.84466
0.944828
0.942857
0.971223
0.946903
0.986014
0.960396
0.916667
0.94
0.972789
0.941748
0.983607
0.945455
0.906542
0.927273
0.948718
0.777778
0.816092
0.853211
0.895833
0.92233
0.851852
0.613636
0.987578
0.96875
0.896907
0.959184
0.584416
0.877193
0.958904
0.957447
0.902098
0.846154
0.945455
0.950413
0.678161
0.786408
0.872727
0.880952
0.555556
0.891892
0.733333
0.886364
0.617647
0.955882
0.706667
0.717391
0.915966
0.859155
0.984733
0.722222
0.874016
0.803922
0.703704
0.816667
0.577465
0.79661
0.696203
0.90566
0.893617
0.759398
0.947368
0.924528
0.782609
0.361111
0.764706
0.688889
0.697674
0.494737
0.847619
0.87037
0.564103
0.397849
0.560976
0.72043
0.651163
0.546667
0.675
0.617021
0.643564
0.692308
0.487805
0.428571
0.666667
0.483146
0.666667
0.825243
0.693694
0.636364
0.702128
0.837209
0.622222
0.459459
0.740741
0.755556
0.737374
0.714286
0.857143
0.782609
0.872727
0.833333
0.380282
0.75
0.903614
0.703704
0.827957
0.655914
0.553192
0.576471
0.443038
0.789474
0.90099
0.492537
0.119048
0.505882
0.56962
0.257143
0.257732
0.0422535
0.54023
0.630435
0.466667
-0.170732
0.0789474
-0.164835
-0.439024
-0.45098
-0.649484
-0.869565
-0.79798
-0.826087
-0.960784
-0.930233
-0.892473
-0.842105
-0.958042
-0.91453
-0.837209
-0.829787
-0.887324
-0.863636
-0.890909
-0.966387
-0.909091
-0.872727
-0.971223
-0.846154
-0.937008
-0.924242
-0.982143
-0.933333
-0.967213
-0.944056
-0.922481
-0.933333
-0.900827
-0.804878
-0.900827
-0.94
-0.762376
-0.846154
-0.833333
-0.808511
-0.72043
-0.917355
-0.92
-0.816092
-0.840708
-0.948718
-0.835052
-0.846154
-0.92
-0.90991
-0.924528
-0.967742
-0.852941
-0.608247
-0.882353
-0.855856
-0.86
-0.811321
-0.853211
-0.681159
-0.782178
-0.849057
-0.968504
-0.470588
-0.782178
-0.981982
-0.830509
-0.935484
-0.76699
-0.697674
-0.794393
-0.573333
-0.516483
-0.36
-0.170732
0.257143
0.4
0.42
0.733333
0.723404
0.805556
0.670103
0.833333
0.829268
0.987179
0.986207
0.977778
0.891892
0.966387
0.967213
0.89899
0.891892
0.953125
0.951613
0.972973
0.934426
0.942857
0.952
0.915966
0.942308
0.938272
0.961905
0.946429
0.9375
0.931624
0.94958
0.885714
0.971631
0.925234
0.962617
0.928571
0.83908
0.936306
0.956522
0.904
0.984962
0.94
0.986577
0.936508
0.949153
1
0.84466
0.746479
0.959459
0.840909
0.69697
0.944444
0.881356
0.890625
0.910112
0.889908
0.759036
0.595238
0.615385
0.900827
0.725
0.872341
0.915966
0.885057
0.866667
0.76087
0.595745
0.959459
0.965217
0.875
0.831776
0.912281
0.915789
0.679012
0.636364
0.783784
0.697674
0.789474
0.771429
0.877193
0.963303
0.853211
0.89899
0.623529
0.741379
0.6
0.627451
0.837209
0.833333
0.857143
0.938462
0.855422
0.814433
0.920635
0.982143
0.670588
0.847619
0.86
0.877551
0.684211
0.865546
0.594937
0.811765
0.717391
0.0793651
0.805825
0.861386
0.836735
0.806452
0.847619
0.865385
0.716981
0.435897
0.375
0.185185
0.792453
0.941176
0.752809
0.735849
0.48052
0.704545
0.585366
0.464789
0.4
0.86
0.540541
0.494253
0.725
0.295455
0.0833334
0.205479
0.105263
-0.00990097
-0.464789
-0.612245
-0.717949
-0.904762
-0.883212
-0.838384
-0.984496
-0.986928
-0.915254
-0.986577
-0.913978
-0.784946
-0.943662
-0.926829
-0.956522
-0.932773
-0.926605
-0.971223
-0.929825
-0.838384
-0.981132
-0.981818
-0.861539
-0.897436
-0.854545
-0.983193
-0.909091
-0.930233
-0.92233
-0.869565
-0.982456
-0.815789
-0.932773
-0.983607
-0.947368
-0.868132
-0.814815
-0.878261
-0.886792
-0.829787
-0.877193
-0.844828
-0.867925
-0.901961
-0.777778
-0.892857
-0.895652
-0.779661
-0.811765
-0.873874
-0.965517
-0.900827
-0.896907
-0.904762
-0.828571
-0.362319
-0.768595
-0.777778
-0.802198
-0.75
-0.820895
-0.893805
-0.615385
-0.643564
-0.771429
-0.877193
-0.763636
-0.954546
-0.767442
-0.838384
-0.777778
-0.917526
-0.818182
-0.834862
-0.802198
-0.795455
-0.5
-0.488889
-0.536232
-0.237113
-0.71134
-0.538462
-0.6
-0.525
-0.362637
-0.824176
-0.747126
-0.0263158
-0.348837
0.2
0.325301
0.357143
0.448276
0.886364
0.657895
0.636364
0.410256
0.548387
0.68
0.77551
0.958333
0.913793
0.879699
0.98374
0.9
0.987261
0.952
0.938144
1
0.971429
0.9375
0.862069
0.935484
0.95
0.985714
0.961165
0.93985
0.968504
0.95
0.934783
0.89011
1
0.984496
0.719298
0.933884
0.93985
0.942308
0.918033
1
0.982906
0.880342
1
0.987421
0.944444
0.95122
0.72043
0.867769
0.984127
0.934066
0.924528
0.985611
0.955556
0.874016
0.836066
0.837398
0.857143
0.945455
0.873684
0.814815
0.863248
0.961165
0.918367
0.787611
0.915966
0.811765
0.777778
0.804348
0.940299
0.963303
0.966667
0.857143
0.575
0.920635
0.835294
0.25
0.784314
0.847826
0.935484
0.913043
0.978947
0.895652
0.72043
0.828571
0.634409
0.652174
0.956044
0.72
0.769911
0.790698
0.727273
0.950413
0.744186
0.962963
0.916667
0.717391
0.721519
0.819672
0.900827
0.761905
0.802198
0.75
0.802198
0.705882
0.878261
0.722222
0.858586
0.829787
0.692308
0.814433
0.670886
0.603774
0.938776
0.852632
0.728155
0.744681
0.818182
0.790698
0.886792
0.821782
0.89899
0.936508
0.780488
0.851852
0.814815
0.84
0.970149
0.939394
0.816326
0.86
0.809524
0.878788
0.675676
0.896104
0.649123
0.782609
0.896907
0.813559
0.763636
0.84
0.913043
0.89781
0.777778
0.717949
0.85567
0.824
0.690141
0.277778
0.291139
0.164557
0.347368
0.569893
0.037037
0.564103
-0.165049
-0.44186
-0.714286
-0.695652
-0.82906
-0.827957
-0.954545
-0.965812
-0.905512
-0.973684
-0.944954
-0.909774
-0.918367
-0.904762
-0.849462
-0.811321
-0.891892
-0.878788
-0.888889
-0.804348
-0.872341
-0.948387
-0.929204
-0.789474
-0.897959
-0.804348
-0.913043
-0.84
-0.918367
-0.87931
-0.855856
-0.90566
-0.884615
-0.913043
-0.895652
-0.882353
-0.875
-0.966387
-0.895833
-0.804348
-0.74026
-0.762712
-0.945455
-0.913043
-0.722222
-0.86
-0.6875
-0.901235
-0.590909
-0.8
-0.843137
-0.932773
-0.862069
-0.944056
-0.956989
-0.837838
-0.758242
-0.912409
-0.962963
-0.818182
-0.775281
-0.862069
-0.844444
-0.933884
-0.68
-0.388889
-0.833333
-0.852632
-0.767857
-0.770115
-0.61039
-0.636364
-0.69697
-0.1
-0.56962
-0.564356
-0.773196
-0.857143
-0.780822
-0.863248
-0.830509
-0.702703
-0.662651
-0.228571
-0.481481
-0.205128
-0.22449
0.389831
-0.190476
-0.325581
-0.272727
-0.483146
-0.347368
-0.160494
0.505618
0.12
0.324675
0.2
0.380952
0.651163
0.897436
0.820513
0.851852
0.605634
0.854167
1
0.854545
0.94
0.966102
0.83908
0.905512
0.957895
0.847619
0.947368
0.881188
0.965812
0.985507
0.953846
0.878788
0.936842
0.973154
0.925234
0.900827
0.876543
0.970588
1
0.864865
0.904762
0.951613
0.943662
0.913043
0.846154
0.9375
0.967213
0.878788
0.956834
0.878049
0.983871
0.918367
0.889908
0.89313
0.984962
0.977011
0.801802
0.829787
0.927273
0.89781
0.979592
0.862745
0.891304
0.852459
0.902439
0.826087
0.647059
0.770115
0.887851
0.908257
0.915493
0.961905
0.885714
0.901961
0.865385
0.970803
0.903614
0.777778
0.818182
0.452381
0.522388
0.673469
0.649484
0.764706
0.746479
0.821782
0.894737
0.742857
0.946429
0.890909
0.836735
0.876106
0.9375
0.966667
0.989071
0.901639
0.928571
0.886364
0.954887
0.937008
0.934783
0.960784
0.915254
0.868132
0.90566
0.518987
0.72973
0.844156
0.80198
0.666667
0.25641
0.272727
0.394737
0.566265
0.310345
0.627907
0.631068
0.492537
0.475
0.283951
0.386364
0.594595
0.295455
-0.239437
-0.408451
-0.858407
-0.77551
-0.9
-0.918033
-0.884615
-0.952381
-0.936842
-0.911504
-0.741935
-0.913043
-0.880952
-0.933333
-0.734694
-0.745098
-0.918367
-0.835294
-0.666667
-0.770833
-0.864078
-0.875
-0.894737
-0.941176
-0.806452
-0.452381
-0.816326
-0.765957
-0.90099
-0.927007
-0.910448
-0.967213
-0.943925
-0.88
-0.972222
-0.833333
-0.466667
-0.8
-0.8
-0.791667
-0.85567
-0.925373
-0.738095
-0.764706
-0.821782
-0.92
-0.752577
-0.90099
-0.753086
-0.856
-0.851852
-0.965217
-0.93985
-0.888889
-0.967213
-0.661972
-0.719626
-0.756098
-0.95082
-0.869919
-0.785714
-0.518987
-0.477273
-0.643836
-0.803279
-0.85
-0.872
-0.795455
-0.755556
-0.828571
-0.585366
-0.126437
-0.854167
-0.376623
-0.676768
-0.479452
-0.85
-0.566667
-0.80303
-0.462687
-0.636364
-0.878049
-0.654321
-0.617021
-0.707317
-0.506849
-0.461538
-0.51282
-0.652174
-0.708738
-0.473684
-0.815385
-0.818182
-0.719626
-0.714286
-0.547619
-0.7
-0.873874
-0.55814
-0.425287
-0.789474
-0.759036
-0.460674
-0.623529
-0.811765
-0.587629
-0.711111
-0.538462
-0.425532
-0.719626
-0.733333
-0.766667
-0.804878
-0.394737
-0.428571
-0.797468
0.317073
0.05
0.555556
0.72093
0.660377
0.538462
0.463415
0.736264
0.752577
0.823529
0.816514
0.90566
1
0.954023
0.968992
0.924242
0.912281
0.883495
0.941176
0.853211
0.956834
0.913043
0.950413
0.880342
0.948276
0.947368
0.877551
0.930233
0.880952
0.982759
0.962264
0.981818
0.928571
1
0.947712
0.947368
0.957447
0.947368
0.938462
0.882353
0.942308
0.945206
0.829268
0.974194
0.967213
0.944954
1
0.872727
0.836364
0.912281
0.982759
0.770833
0.90099
0.962617
0.894737
0.898551
0.982609
0.823009
0.835052
0.97546
0.901639
0.847458
0.948718
0.915789
0.953125
0.865385
0.877193
0.903614
0.985714
0.92381
0.90099
0.918699
0.952381
0.894737
0.959596
0.831579
0.837838
0.846154
0.896296
0.892857
0.913978
0.768595
0.651163
0.870968
0.830189
0.785714
0.773196
0.875
0.805825
0.930233
0.67033
0.85124
0.868132
0.833333
0.775862
0.744186
0.8
0.929204
0.887097
0.903846
0.897436
0.759036
0.860465
0.855422
0.752577
0.784314
0.835052
0.823529
0.634409
0.811765
0.900827
0.73913
0.74
0.836364
0.804348
0.946903
0.926605
0.818182
0.943925
0.813084
0.8
0.828571
0.673913
0.733333
0.822785
0.924528
0.638554
0.867925
0.588235
0.525
0.316456
0.342466
0.364706
0.36
0.684211
0.214286
0.625
0.56044
0.234568
0.39759
-0.12
-0.146667
-0.4
-0.255814
-0.65
-0.934066
-0.884615
-0.892857
-0.77551
-0.883495
-0.747368
-0.954546
-0.837838
-0.662651
-0.862069
-0.882353
-0.777778
-0.965517
-0.903846
-0.885714
-0.934959
-0.933333
-0.835052
-0.882353
-0.757576
-0.948718
-0.818182
-0.85
-0.868421
-0.897436
-0.927273
-0.910828
-0.973333
-0.857143
-0.854167
-0.75
-0.945946
-0.931035
-0.843478
-0.855856
-0.709677
-0.717172
-0.969231
-0.892473
-0.816326
-0.653061
-0.85
-0.869565
-0.671233
-0.591398
-0.875
-0.784946
-0.781513
-0.728814
-0.926471
-0.856
-0.662338
-0.771429
-0.825397
-0.835052
-0.824176
-0.902913
-0.897436
-0.940594
-0.867925
-0.982456
-0.893805
-0.851852
-0.948052
-0.888
-0.903614
-0.924528
-0.790698
-0.875
-0.914286
-0.884058
-0.901639
-0.811765
-0.794393
-0.892473
-0.678161
-0.586207
-0.823529
-0.5
-0.341176
0.0714286
0.226667
0.287356
0.367089
0.52809
0.805825
0.584906
0.732143
0.889908
0.9
0.921053
0.897959
0.939394
0.982143
0.984615
0.961905
0.863636
0.948718
0.982143
0.978723
0.935484
0.959459
0.965517
0.956044
0.912409
0.976471
0.964706
0.941748
0.965812
0.918699
0.926605
0.904
0.983607
0.964912
0.954198
0.944828
0.983193
0.984375
0.916667
0.986014
0.982301
0.909091
0.961539
0.917355
0.964912
0.918367
0.92126
0.959184
0.982456
0.941176
0.986111
0.942308
0.971223
1
0.822222
0.895522
0.917526
0.911504
0.963636
0.864078
0.933884
0.861386
0.893617
0.838384
0.916667
0.886179
0.932773
0.870968
0.96875
0.858824
0.8125
0.935484
0.902439
0.940594
0.891304
0.918367
0.972414
0.964912
0.789474
0.984375
0.957746
0.948276
0.854167
0.931624
0.863636
0.955056
0.802469
0.921875
0.91453
0.92381
0.768421
0.82
0.857143
0.955224
0.978022
0.717949
0.795455
0.892473
0.478261
0.555556
0.573333
0.653846
0.666667
0.8
0.954198
0.85567
0.65
0.842105
0.860465
0.886364
0.967213
0.889908
0.891892
0.940299
0.710843
0.775
0.782178
0.101449
0.458333
0.80531
0.396825
0.404255
0.407407
0.462687
0.807018
0.625
0.736264
0.68932
0.783333
0.943662
0.754717
0.89899
0.835052
0.827957
0.765625
0.679012
0.79798
0.833333
0.803571
0.795455
0.72
0.5
0.5
0.6
-0.285714
0.246377
0.25641
-0.5
-0.575221
-0.907407
-0.858824
-0.834862
-0.897059
-0.934959
-0.942308
-0.929825
-0.909091
-0.924528
-0.951613
-0.90566
-0.940594
-0.84466
-0.882353
-0.956204
-0.895833
-0.854167
-0.968992
-0.97351
-0.943396
-0.818182
-0.931034
-0.779528
-0.898734
-0.910714
-0.916667
-0.894737
-0.919192
-0.913793
-0.854167
-0.945206
-0.929204
-0.921569
-0.87156
-0.727273
-0.87931
-0.735849
-0.94
-0.885714
-0.837209
-0.844961
-0.807692
-0.96
-0.780488
-0.801802
-0.787234
-0.933884
-0.901961
-0.95
-0.741935
-0.936508
-0.825243
-0.829787
-0.92233
-0.860465
-0.915254
-0.704545
-0.8
-0.819672
-0.724138
-0.858586
-0.782178
-0.906977
-0.892473
-0.827957
-0.869159
-0.848739
-0.657143
-0.222222
-0.588235
-0.84466
-0.714286
-0.948718
-0.860465
-0.48052
-0.391304
-0.747748
-0.72973
-0.804511
-0.942029
-0.897436
-0.944056
-1
-0.700935
-0.396825
-0.493976
-0.235955
-0.705882
-0.479167
-0.753086
-0.0746268
0.464789
0.744681
0.612903
0.621622
0.825397
0.860465
0.964286
0.96748
0.929825
0.953488
0.9375
0.881356
0.864078
0.909091
0.983607
0.924242
0.929204
0.984127
0.963636
0.793104
0.923077
0.988095
0.855422
0.896907
0.87037
1
0.904762
0.965217
0.927273
0.953846
0.983051
0.965812
0.849462
0.95082
0.938462
0.967213
0.885057
0.971631
1
0.969697
0.894737
0.889908
0.84466
0.733333
0.842105
0.891304
0.90099
0.953846
0.877551
0.924528
0.914894
0.904
0.883495
0.924528
0.577778
0.813953
0.856115
0.908046
0.94958
0.956522
0.863248
0.933884
1
0.878788
0.860465
0.888889
0.911765
0.902913
0.85124
0.851064
0.794393
0.962264
0.940741
0.927711
0.907407
0.915966
0.831579
0.79798
0.896907
0.847458
0.916667
0.807692
0.851064
0.864865
0.75
0.775701
0.7
0.811765
0.880342
0.8
0.876106
0.811765
0.975155
0.927928
0.851064
0.755102
0.918919
0.935484
0.849057
0.913793
0.633803
0.548387
0.758242
0.555556
0.428571
-0.0649351
-0.432099
-0.358974
-0.384615
-0.638095
-0.576471
-0.46988
-0.862069
-0.933333
-0.849462
-0.765766
-0.966942
-0.841584
-0.952381
-0.839286
-0.866667
-0.934783
-0.942029
-0.924242
-0.849462
-0.876106
-0.87156
-0.882353
-0.773585
-0.73913
-0.764706
-0.816794
-0.958904
-0.72973
-0.76
-0.534884
-0.5625
-0.724138
-0.568182
-0.902439
-0.636364
-0.717647
-0.752577
-0.76
-0.909091
-0.861386
-0.835052
-0.902913
-0.813084
-0.882353
-0.927273
-0.670588
-0.731707
-0.540541
-0.648352
-0.634615
-0.763636
-0.731707
-0.858407
-0.854167
-0.831579
-0.613636
-0.447368
-0.543478
-0.701149
-0.808696
-0.876289
-0.8
-0.526316
-0.603774
-0.966387
-0.769231
-0.75
-0.369863
-0.757576
-0.833333
-0.793104
-0.636364
-0.84466
-0.730769
0.0877193
-0.659091
-0.340659
-0.531915
-0.801802
-0.71831
-0.86087
-0.839286
-0.896907
-0.6
-0.726316
-0.677419
-0.840708
-0.698925
-0.770115
-0.75
-0.59596
-0.538462
-0.669725
-0.701149
-0.774436
-0.961539
-0.917526
-0.836364
-0.904
-0.76087
-0.640449
-0.730337
-0.873874
-0.848739
-0.71831
-0.866667
-0.931818
-0.818182
-0.870968
-0.6
-0.421053
-0.32
0.0704225
-0.333333
-0.340659
-0.191011
0.0769231
0.025641
0.627907
0.692308
0.54023
0.492958
0.872
0.97037
0.878788
0.964912
0.919355
0.904762
1
0.941748
0.851852
0.928571
1
0.955556
0.988439
0.924812
0.933333
0.986928
0.98374
0.973684
0.938144
0.984962
0.884615
0.984733
1
0.915493
0.959596
0.813953
0.770833
0.986111
0.92
0.97037
0.986842
1
0.934959
0.9
0.927928
0.920792
1
0.946903
0.984962
0.928571
0.940594
0.85567
0.915254
0.891892
0.933333
0.744186
0.92
0.835052
0.814433
0.793814
1
0.896552
0.985611
0.919355
0.883495
1
1
0.883333
0.69863
0.984733
0.983871
0.965217
0.929204
0.89899
0.927007
0.924528
0.945946
0.961539
1
0.966667
0.987654
0.94958
0.954545
0.94958
0.88764
0.875
0.605634
0.43662
0.44186
0.826087
0.798165
0.846154
0.61194
0.891473
0.880952
0.903846
0.73494
0.473684
0.55
0.410256
0.555556
0.146667
0.583333
0.540541
0.6
0.876106
0.6
0.44
0.925234
0.894737
0.84466
0.89899
0.915254
0.934066
0.795918
0.903226
0.911765
0.897059
0.826087
0.964602
0.863636
0.815126
0.86
0.842105
0.911504
0.91453
0.934783
0.84
0.513514
0.833333
0.872727
0.968504
0.924528
0.670588
0.651163
0.815126
0.585366
0.752809
0.795918
0.702128
0.820225
0.857143
0.638889
0.568182
0.581395
0.892473
0.471264
0.18
0.953488
0.895652
0.506849
0.662651
0.75
0.821782
0.730337
0.833333
0.578947
0.666667
0.722772
0.704545
0.594595
0.686274
0.835052
0.729167
0.518987
0.5
0.0126582
0.544554
0.582089
0.608247
0.368421
0.571429
0.166667
0.576471
0.348837
0.0588236
-0.0617284
0.142857
-0.454545
0.0277778
0.125
-0.672727
-0.801802
-0.76087
-0.9
-0.933884
-0.903846
-0.908046
-0.890909
-0.864078
-0.959459
-0.954546
-0.960784
-0.918699
-0.921569
-0.686747
-0.958333
-0.98
-0.896552
-0.944444
-0.968
-0.953125
-0.885714
-0.785714
-0.848739
-0.95082
-0.964602
-0.962617
-0.891892
-0.760684
-0.954546
-0.78
-0.789474
-0.910448
-0.844961
-0.666667
-0.860465
-0.833333
-0.950617
-0.975155
-0.857143
-0.97037
-0.96875
-0.703704
-0.784946
-0.816326
-0.924528
-0.793814
-0.841727
-0.918367
-0.880342
-0.918367
-0.925926
-0.913978
-0.92233
-0.380282
-0.902439
-0.966387
-0.888
-0.982456
-0.898551
-0.828571
-0.911504
-0.586207
-0.744681
-0.64557
-0.731959
-0.708738
-0.908257
-0.868132
-0.79798
-0.983607
-0.558442
-0.818182
-0.843478
-0.879518
-0.888889
-0.899281
-0.926605
-0.769231
-0.733333
-0.777778
-0.64557
-0.156627
0
-0.0930232
0.0967742
0.0571429
0.416667
0.56701
0.710843
0.892857
0.870968
0.843137
0.969697
0.930435
0.940594
0.933884
0.865546
0.945946
0.915966
0.941748
0.982759
0.935484
0.855856
0.956834
0.875
0.877551
0.848101
0.959731
0.983333
0.921569
0.822222
0.941176
0.984252
0.87013
0.958042
0.917355
0.937985
0.982609
0.959596
0.937985
0.959459
0.921569
0.984496
0.985075
1
0.930435
0.982609
0.886364
0.883495
0.941606
0.92
0.951613
0.902913
0.962264
0.84
0.959184
0.867925
0.948387
0.966667
0.982143
0.897436
0.908257
0.772152
0.876289
0.424658
0.370787
0.552941
0.604167
0.513514
0.663158
0.947368
0.449275
0.881356
0.851064
0.807692
0.782178
0.97037
0.882353
0.86
0.901961
0.947826
0.915254
0.906977
0.981308
0.819672
0.948276
0.984848
0.9
0.876106
0.890909
0.964912
0.92233
0.9375
0.967213
0.986395
0.787879
0.810345
0.843137
0.795455
0.917526
0.883333
0.843137
0.775281
0.880342
0.867925
0.929825
0.961905
0.765957
0.777778
0.576923
0.662338
0.728155
0.764706
0.686747
0.282051
0.494737
-0.0263158
-0.52
-0.46988
-0.156627
-0.580247
-0.90991
-0.901639
-0.945946
-0.87037
-0.920792
-0.903846
-0.912281
-0.837838
-0.95
-0.786408
-0.919355
-0.829787
-0.87156
-0.894737
-0.910714
-0.88
-0.887851
-0.93007
-0.944444
-0.926471
-0.962264
-0.773196
-0.962264
-0.782609
-0.944954
-0.726027
-0.943263
-0.980582
-0.818182
-0.744186
-0.861539
-0.757576
-0.864078
-0.798319
-0.953757
-0.857143
-0.827161
-0.72
-0.708333
-0.804878
-0.763441
-0.861386
-0.458824
-0.865546
-0.851064
-0.927536
-0.764706
-0.896552
-0.828571
-0.818182
-0.411765
-0.632653
-0.690141
-0.81982
-0.913043
-0.724138
-0.781818
-0.92233
-0.907407
-0.659091
-0.647059
-0.68
-0.524752
-0.782946
-0.670886
-0.571429
-0.754386
-0.789474
-0.692308
-0.833333
-0.861386
-0.82906
-0.932203
-0.7
-0.392405
-0.555556
-0.355932
-0.543478
-0.138889
-0.785714
-0.2
0.166667
-0.393258
-0.567568
-0.45
-0.301587
-0.15
-0.228916
-0.52381
-0.642105
-0.564103
0.081081
-0.475
0.0476191
0.0649351
0.288889
0.472222
0.6
0.659574
0.898305
0.939394
0.928571
0.853659
0.965812
0.969466
0.935484
0.945455
1
0.917526
0.87013
0.952756
0.95082
0.9375
0.837838
0.944445
0.85
0.921875
0.95082
0.84466
0.901639
0.783132
0.90566
0.915493
0.903614
0.96
0.821782
0.968992
0.923077
0.896907
0.954887
0.835616
0.867769
0.985294
0.972222
0.934959
0.947826
0.945206
0.959596
0.853659
0.956522
0.858586
0.93617
0.886179
0.721519
0.913043
0.947826
0.877551
0.876106
0.933333
0.869565
0.941606
0.880342
0.822785
0.8
0.733333
0.9
0.93617
0.866667
0.833333
0.837838
0.89899
0.846154
0.970149
0.954198
0.831325
0.852632
0.810811
0.816514
0.741176
0.846154
0.896907
0.67033
0.927273
0.979592
0.851852
0.897959
0.92126
0.78022
0.758242
0.948276
0.804348
0.476923
0.663366
0.53125
0.791304
0.72043
0.92
0.837838
0.762376
0.846154
0.724771
0.903846
0.714286
0.818182
0.889908
0.90099
0.933884
0.883495
0.915966
0.855856
0.802817
0.92233
0.904
0.938462
0.75
0.919355
0.764706
0.591837
0.985816
0.85
0.909091
0.869919
0.971223
0.851852
0.912281
0.7
0.567568
0.506173
0.741935
0.731707
0.693878
0.801802
0.836364
0.671233
0.688889
0.493671
0.811321
0.540541
0.663158
0.698925
0.612903
0.555556
0.79798
0.703704
0.861386
0.955224
0.654321
0.6
0.452055
0.5
0.75
0.858268
0.816326
0.75
0.266667
0.740741
0.0588235
-0.166667
0.0425532
-0.364706
-0.72093
-0.881188
-0.73494
-0.744681
-0.711538
-0.886179
-0.863248
-0.895833
-0.853659
-0.885057
-0.983193
-0.864407
-0.936
-0.961165
-0.922481
-0.89916
-0.954546
-0.875
-0.95
-0.971223
-0.831579
-0.916667
-0.86087
-0.762712
-0.897436
-0.984127
-0.831325
-0.864407
-0.889764
-0.982143
-0.935484
-0.941748
-0.909091
-0.676768
-0.86087
-0.883333
-0.910714
-0.898734
-0.786408
-0.873874
-0.837838
-0.929204
-0.92
-0.894737
-0.724771
-0.816092
-0.613636
-0.589041
-0.79661
-0.662651
-0.887851
-0.76
-0.843137
-0.686747
-0.75
-0.818182
-0.773913
-0.805556
-0.901639
-0.816326
-0.983607
-0.929825
-0.887324
-0.784946
-0.764706
-0.653333
-0.843478
-0.605634
-0.792453
-0.79845
-0.822222
-0.839286
-0.821782
-0.83908
-0.54717
-0.64557
-0.731959
-0.461538
-0.525
-0.813084
-0.814815
-0.666667
-0.804878
-0.62
-0.895652
-0.92233
-0.9
-0.544304
-0.6
-0.727273
-0.48718
-0.657658
-0.343284
-0.310345
-0.488889
-0.0114942
0.333333
0.326087
0.368421
0.73913
0.692308
0.846154
0.965217
0.971429
0.962617
0.979167
0.90604
1
0.873684
0.931624
0.953125
0.971631
0.949153
0.925926
1
0.968
0.963303
0.878788
0.873684
0.894737
0.924812
0.919192
0.984848
0.916667
0.973154
0.928571
0.936508
0.920635
0.956044
0.913043
0.914286
0.983607
0.90991
0.78
0.948718
0.86087
0.947826
0.836735
1
0.809524
0.875
0.897436
0.958904
0.983051
0.988166
0.933333
0.984962
0.844444
0.911504
0.877551
0.916667
0.962733
0.934783
0.92126
0.943396
0.917808
0.914894
0.956204
0.92381
0.793104
0.854545
0.834862
0.931818
0.896552
0.865672
0.978022
0.903226
0.777778
0.744186
0.758621
0.724138
0.74359
0.932584
0.683168
0.763441
0.585366
0.705882
0.818182
0.929412
0.726316
0.655914
0.797468
0.717949
0.878261
0.622222
0.408451
0.784946
0.803922
0.7
0.875
0.823529
0.576471
0.241379
0.295455
0.494253
0.746835
0.544554
0.945946
0.662651
0.622222
0.529412
0.666667
0.852632
0.954545
0.941176
0.763441
0.701149
0.707317
0.903226
0.841584
0.61039
0.700935
0.604938
0.64557
0.238095
-0.164835
-0.0793651
-0.319588
-0.583333
-0.788235
-0.738095
-0.955224
-0.582418
-0.86087
-0.936
-0.906542
-0.849057
-1
-0.950413
-0.727273
-0.81982
-0.924528
-0.868132
-0.757576
-0.949153
-0.960526
-0.903614
-0.944444
-0.882353
-0.876923
-0.966942
-0.74359
-0.919355
-0.882353
-0.883495
-0.963964
-0.937008
-0.844156
-0.872
-0.837838
-0.902913
-0.866667
-0.783132
-0.724138
-0.815385
-0.858824
-0.654321
-0.889764
-0.756757
-0.89916
-0.731707
-0.885714
-0.68
-0.797753
-0.785714
-0.892473
-0.888889
-0.83908
-0.811321
-0.965517
-0.875
-0.894737
-0.683168
-0.970803
-0.846154
-0.641791
-0.8
-0.896552
-0.784314
-0.879518
-0.754386
-0.893805
-0.606557
-0.779661
-0.714286
-0.662651
-0.6875
-0.830189
-0.758242
-0.476923
-0.729167
-0.738318
-0.313433
-0.214286
-0.533981
-0.365079
-0.858407
-0.696428
-0.816092
-0.844828
-0.578947
-0.706897
-0.825243
-0.758242
-0.607143
-0.655914
-0.731092
-0.626374
-0.670588
-0.681818
-0.384615
-0.333333
0.0571429
-0.025641
0.298701
0.659574
0.670103
0.666667
0.893617
0.843972
0.957895
0.889655
0.879518
0.726027
0.887851
0.968992
0.971631
0.952756
0.893617
0.971223
0.636364
0.973333
0.966102
0.968254
0.926605
0.981982
0.949153
0.861539
0.948276
0.957447
0.960265
0.926605
0.964286
0.933884
0.941176
0.925234
0.900827
0.902439
0.952
0.9375
0.844444
0.767442
0.955882
0.94
0.886179
1
0.966387
0.959459
0.89916
0.931624
0.865169
0.984615
0.936
0.904762
0.847328
0.887324
0.947826
0.608696
0.923077
0.940299
0.905882
0.761905
0.680851
0.851852
0.86087
0.933333
0.857143
0.918699
0.943263
0.818182
0.859649
0.90625
0.89011
0.809524
0.887851
0.937985
0.935484
0.931035
0.727273
0.953125
0.885057
0.822222
0.48052
0.873684
0.651163
0.873016
0.810811
0.846154
0.69697
0.790698
0.884615
0.866667
0.6
0.615385
0.764706
0.55102
0.761905
0.881188
0.84127
0.958763
0.74
0.851064
0.92381
0.841584
0.888889
0.878261
0.885714
0.829457
0.8125
0.839286
0.950413
0.965517
0.927711
0.933884
0.934959
0.927536
0.860465
0.775281
0.825243
0.945455
0.625
0.861539
0.866667
0.901235
0.794872
0.946429
0.906977
0.783784
0.865169
0.791667
0.666667
0.659574
0.671642
0.734694
0.752381
0.627907
0.904762
0.818182
0.84466
0.795918
0.728395
0.851852
0.981481
0.784946
0.872727
0.74026
0.850467
0.731707
0.944828
0.804878
0.903846
0.8
0.809524
0.908046
0.797468
0.734513
0.690722
0.933884
0.879518
0.857143
0.852632
0.854545
0.850467
0.90099
0.742857
0.666667
0.927928
0.878049
0.902778
0.915254
0.818182
0.741176
0.881188
0.682927
0.913043
0.844828
0.8
0.688312
0.355556
0.595506
0.594937
0.493976
0.102564
-0.0804598
-0.128205
0.2
0.0823529
-0.325301
-0.76699
-0.864407
-0.851064
-0.923077
-0.986486
-0.953488
-0.797753
-0.937008
-0.875
-0.955056
-0.959459
-0.923077
-0.953488
-0.925373
-0.942029
-0.960784
-0.903846
-0.851852
-0.918367
-0.941606
-0.922481
-0.846154
-0.678161
-0.939394
-0.887851
-0.891473
-1
-0.9
-0.894737
-0.921569
-0.824561
-0.919355
-0.807692
-0.777778
-0.853211
-0.922078
-0.953125
-0.94
-0.859649
-0.728395
-0.872
-0.826087
-0.82
-0.846154
-0.915254
-0.65625
-0.55814
-0.719626
-0.948718
-0.731707
-0.895652
-0.866667
-0.944444
-0.87931
-0.704545
-0.973154
-0.858824
-0.821782
-0.837209
-0.82
-0.784314
-0.796296
-0.888889
-0.898305
-0.867647
-0.903614
-0.849057
-0.849462
-0.798165
-0.89011
-0.747368
-0.567568
-0.6
-0.651163
-0.604396
-0.731959
-0.911111
-0.52
-0.838384
-0.753846
-0.834586
-0.639344
-0.747899
-0.8125
-0.869159
-0.72093
-0.925926
-0.352941
-0.505376
-0.753086
-0.816514
-0.627907
-0.315069
-0.648352
-0.56044
-0.851852
-0.721519
-0.698113
-0.707865
-0.783333
-0.840909
-0.679012
-0.243243
-0.46
-0.35
0.0133333
-0.173333
-0.333333
-0.346939
-0.261538
-0.580247
0.232558
0.341463
0.966667
0.835294
0.814815
0.952
0.888889
0.909091
0.984375
0.943396
0.876289
0.973856
0.98
0.933884
0.961905
0.977273
0.924528
0.964602
0.970803
0.895652
0.975904
0.953125
0.953488
0.984848
0.894737
0.940594
0.844444
0.981651
0.811966
0.947826
0.925234
0.849462
0.816514
0.889764
0.854545
0.963636
0.931034
0.985294
0.934426
0.938144
0.972028
0.947826
0.829787
0.828125
0.952381
0.925
0.896552
0.858586
0.802817
0.887097
0.953846
0.889908
0.980392
0.873874
0.956834
0.981132
0.917526
0.965517
0.77551
0.873874
0.929204
0.828571
0.837838
0.943925
0.946429
0.909091
0.952381
0.911504
0.84
0.963964
0.90566
0.72549
0.896552
0.818182
0.980952
0.878261
0.933333
0.693878
0.804511
1
0.919355
0.982759
0.775
0.862069
0.881188
0.870968
0.90099
0.638889
0.870968
0.794872
0.734513
0.630769
0.777778
0.772727
0.88
0.752381
0.783132
0.74026
0.638298
0.617391
0.921875
0.857143
0.854167
0.913793
0.87931
0.733333
0.849462
0.889908
0.802198
0.71134
0.963636
0.625
0.638889
0.113924
0.439024
0.758242
0.653061
0.728395
0.662921
0.609195
0.78022
0.432432
0.6
0.0352941
0.181818
0.578947
0.48718
0.566265
0.411765
0.363636
-0.030303
0.108696
0.114286
0.266667
0.310345
0.133333
-0.0819672
-0.097561
-0.52381
-0.536585
-0.840708
-0.904
-0.788235
-0.907407
-0.698925
-0.924242
-0.913978
-0.846154
-0.925926
-1
-0.571429
-0.81982
-0.90566
-0.966942
-0.919192
-0.791667
-0.855422
-0.705426
-0.886364
-0.95122
-0.821782
-0.906542
-0.968992
-0.895833
-0.605634
-0.837838
-0.764706
