-0.486373
-1.25983
-0.873491
-1.6903
-1.77391
-1.92425
-1.33514
-0.683211
-0.146864
-1.00889
-1.08521
-0.734579
0.28648
-1.20743
-0.660981
-0.769341
-0.553795
-0.648909
-0.757397
-0.236995
-0.0479087
-1.63397
-0.695004
-0.206308
-0.897297
-0.39415
-0.886828
-1.07183
0.0254868
-0.309811
-0.740827
-0.39203
-0.589152
0.0969622
-0.691257
-0.143541
-0.813979
-2.40418
-1.5511
-1.40852
-0.666496
-0.731425
0.328399
-1.5482
-0.807699
-1.53923
-2.06029
-0.338628
-0.36952
-1.67622
-0.630427
-0.132794
-1.94869
-1.2787
0.388019
-1.43124
0.145535
-0.845091
-1.54901
-0.655412
-1.15594
-0.394351
-0.51724
-0.354684
-0.17932
0.461206
-0.340729
-0.751543
-0.449357
-1.13721
-0.698346
-1.09194
-1.17103
-1.39697
-1.64086
-1.01367
-1.08059
-1.26429
-1.63962
-2.06641
-1.10083
-1.05979
0.280079
-0.717457
-0.892448
-0.079374
-0.912622
-0.902814
-0.577804
-0.713055
-0.233766
-1.88295
-0.795454
-0.949506
-0.649355
-0.437425
-0.209832
0.171233
-0.855689
0.199265
-0.899496
-0.826048
-0.515566
-0.692741
-0.911972
-0.645402
-0.692873
0.115609
-1.36099
0.0703689
-1.27591
-1.07729
-0.0794065
0.227333
-1.57223
-0.396609
-0.195458
-1.37221
-0.517543
-0.488243
-1.60097
-1.65996
-1.13697
-0.496324
0.19313
-2.55597
-1.48693
-1.85648
-0.369092
-1.33624
-0.390868
-0.199445
-1.71311
-1.38105
0.0389484
-0.531132
-0.323927
-2.15234
-0.111633
0.770536
-1.45278
-1.32556
-0.622776
-2.17147
-0.692545
-0.208395
-0.0870918
-0.284962
-0.628896
-0.326069
-0.622358
0.128374
-0.775457
-1.75157
-0.990675
-0.148718
-1.38964
-0.423408
-0.891571
0.266948
-1.51711
-0.636397
-1.7944
-0.379402
-0.783418
-0.315407
-0.839686
-1.92302
-1.108
-1.53221
-1.88886
-1.37196
-2.03186
0.304907
-0.723889
-0.244497
-2.11754
-1.06189
-1.00058
-0.600142
-1.569
-0.347645
-1.88295
-1.15877
-0.300092
-0.647235
-0.534698
-1.89392
-1.2972
0.160576
-0.756465
-1.56142
-2.16423
-1.87522
-0.41331
-0.247418
-1.04995
-1.66816
-0.366445
-0.725606
-1.45148
-0.754886
0.135284
-0.733813
-0.906535
-1.76576
-1.38692
-1.38069
-0.684266
-0.128453
-0.511765
-0.718091
0.14319
-0.734473
-0.62205
0.0243442
-0.595939
-0.535479
-0.260682
-1.11321
-0.62584
-0.576832
-0.289279
-0.67272
-0.387829
-1.28403
-0.988347
-1.1667
-0.868177
-0.0525441
-0.356373
-0.136713
-0.316608
-0.723823
-0.419209
-0.68701
-1.13579
-0.64961
-0.390982
-1.78136
-1.51432
-0.81607
-1.77631
-0.538469
-0.836743
-1.14306
-0.4404
-0.957145
-0.0214403
-2.43037
-1.41714
-0.54869
-0.222812
-1.14344
-0.945303
-0.565561
-0.699228
-2.02869
-2.07445
-0.558913
-1.78643
-2.21952
-1.88888
-0.728524
-1.71884
-1.41035
-0.174423
-1.39399
-0.716423
-2.1544
-0.275209
-0.784751
-1.59537
-1.47113
-0.346835
-0.952262
-0.284492
-0.321332
0.0853232
-0.795979
-0.90689
-1.71024
-0.851318
0.575141
0.0647614
-0.892249
-0.484539
-1.03257
-0.869663
-2.0478
-0.103332
-0.398615
-0.421896
-0.31317
-1.26338
-0.86502
-1.21409
-1.15655
-1.31555
-1.56317
-0.266193
-1.1814
-1.46024
-0.935495
-0.509133
0.416091
-0.28402
-0.77622
-0.149836
-0.792411
-1.0376
0.224485
-1.72271
-1.23961
-1.47022
-0.349803
-0.493601
-1.08765
-0.0804124
-0.408749
0.242543
-1.08663
-1.65184
-1.35533
-0.0844385
-0.232457
-0.269452
-1.73943
-2.31049
0.0285964
-0.673274
-1.08052
-0.0583235
-1.04524
0.0843338
-0.157993
-0.970039
-1.35579
-0.475348
-2.23389
-0.683433
-0.828661
-0.114138
-0.353984
0.00309096
-0.39625
-1.10219
-0.160699
-2.29026
-1.62015
-0.548793
-0.477429
-0.424757
-0.843923
0.0107802
-0.213875
0.338637
-0.77629
-0.0942618
-0.911803
-0.00967828
-0.932049
-0.703609
-0.221221
0.497467
-0.168792
-1.46795
-1.86565
-0.926839
-1.68392
-0.675187
-0.052542
-0.477584
0.0679225
-0.862635
-1.157
-0.573405
-1.67229
-1.5608
-1.83195
-1.38971
-0.244734
-1.28411
-1.36691
-1.50187
0.0044267
-0.767354
-0.0564591
-1.04216
-0.775001
-0.447232
-0.191031
-0.231441
-0.613412
0.0119263
-1.61532
-0.464464
-2.03558
-0.186844
-1.14105
-0.0259033
-1.34083
-0.854117
0.0816646
0.285186
-0.890928
-1.09819
-1.22559
-0.84389
0.314383
-1.02355
-0.562781
-0.780339
-0.888604
-0.126247
0.0443137
0.149466
-0.330783
-0.580859
-0.673229
0.121337
-0.490931
-0.888032
-0.377794
-1.6412
-2.10192
-0.863598
-1.21055
-0.338865
-0.401828
-1.78311
-2.87085
-0.645505
-0.925334
-0.579783
-0.233612
-1.04367
-1.8612
-0.600376
-0.494048
-0.0157677
-1.24325
-0.329831
-0.934372
-0.428342
-0.608134
-1.03482
-0.801394
0.231349
-1.12106
-0.667041
-0.985099
-0.977029
-0.941693
-1.10461
-0.406153
-0.851115
-0.943349
-1.1554
-0.623218
-0.0198744
-1.49798
-1.22692
-1.74325
-0.95452
-0.657053
-1.26607
-2.08803
-1.48932
-1.16654
-1.0723
-1.01899
-1.23199
-1.29474
-1.86535
-1.39606
-0.811567
-0.847599
-0.229852
-1.65564
-0.91727
-2.79798
-1.33113
-0.390136
-0.9185
-0.050131
-1.16885
-1.40208
-0.318823
-0.890161
-0.662365
-0.79751
-0.102669
-0.23137
-0.249378
-0.0293424
-0.0141445
-0.00513372
-0.426865
-1.35942
0.0867088
-0.845283
0.304899
0.314619
-0.187173
-0.710468
-0.900674
0.504975
-1.2941
-0.735016
-0.329306
-0.179755
0.138193
-0.24853
0.412993
0.246302
0.611181
0.403444
-0.429312
-0.761727
-0.0955978
-0.528168
-0.131307
-0.0367215
-0.0256886
-0.349646
-0.203057
-0.309346
-0.0344204
-0.75784
0.105062
-0.158242
-0.172182
-0.387403
0.597086
0.278176
0.0886052
-0.623543
-0.431362
-0.413774
-0.894591
-0.105691
-0.418047
0.233086
-0.936946
0.336008
-0.918303
0.215295
0.21324
-0.0234915
-0.13808
-1.0224
0.207886
0.299147
0.309136
-0.197555
0.0748293
0.315485
0.397624
0.12056
-1.37665
0.423133
0.0164349
-0.690956
-0.114764
0.398359
-0.124095
0.0401844
-0.53961
0.348613
0.244778
0.230504
-1.05833
0.246194
-0.183183
0.516037
-0.00810452
-1.16759
-0.115077
0.265607
0.328873
0.251151
-0.728931
-1.4256
-0.715006
-0.371822
0.484513
0.0688868
-0.0390143
-0.0107245
-0.120044
0.482352
-0.889101
-0.370567
0.205708
-0.169911
-0.379342
-0.604756
0.364982
0.024186
0.156251
0.248838
-0.798641
0.331152
0.440828
0.413125
-0.133128
0.17689
0.015773
-0.173746
0.189585
0.0302536
-0.134685
-0.0363095
-0.583932
-0.619323
0.669243
-0.419448
-0.742974
-0.840145
-0.346953
0.0488903
-1.40095
-0.882743
-0.244413
0.22688
-1.10628
0.305713
0.0387006
0.33275
0.523794
0.554817
-0.581925
-0.175129
-1.04759
-0.249597
0.422271
0.298122
0.159343
-0.115159
-0.178122
-0.342435
0.0941514
0.274745
-0.130733
0.328507
0.336052
0.0977601
0.404401
-0.206814
-0.250619
-0.219149
-0.203152
-0.0761974
-0.635343
0.0734115
-0.244932
0.0290037
-0.236511
0.396307
0.518913
0.366785
-0.983774
0.747953
-0.18328
0.101241
-0.55955
-0.772656
-1.04103
0.584296
0.29044
0.332524
0.156889
-0.381186
-0.033071
0.240848
0.231521
-0.399318
-0.131021
-0.0762845
0.311471
0.0259322
-0.413744
-0.798871
-0.0464333
-0.199894
-0.148244
0.613581
0.246493
0.270996
0.0072313
-0.513923
0.0739783
0.323713
0.183001
-0.302129
-0.400192
0.0447711
-0.597579
-0.137645
0.30615
-0.226774
0.146349
0.607637
0.0190898
0.0766066
-0.103383
-0.202543
0.226144
-0.0430926
-0.335052
-0.128914
-0.365133
0.175481
-0.188935
-0.218321
0.0967047
-0.431826
0.0500715
0.718989
-0.140176
0.4972
-0.0710076
0.305245
-0.0224863
-1.29575
0.328733
0.22874
0.28198
-0.0288668
-0.621448
0.346181
0.0925011
0.288735
-0.0143179
0.220414
0.16482
0.530915
0.090885
0.568569
0.315869
0.351974
-0.562886
0.297861
0.0303069
-0.459931
0.464622
0.329844
-0.252344
0.0213788
0.294154
-0.00991304
-0.866577
-1.04172
-0.144462
0.266424
0.443976
0.0719017
0.262463
-1.15227
-0.494864
0.442898
-0.141029
-0.204484
-0.232681
0.413774
-0.161755
0.00283277
0.495011
-0.0463769
-0.783992
-0.721215
-0.666591
-0.406742
0.0334649
-0.148828
0.0747707
0.32493
0.0354186
-0.454052
-0.778093
-0.850028
0.362462
-1.07555
-0.0723787
0.221403
0.237232
-0.524984
-0.400705
-0.207592
-0.320988
-0.680322
0.219095
-0.822162
0.361162
-0.858431
0.134192
-0.154572
-0.264221
-0.690903
0.0264176
0.348986
-1.86903
-0.190001
0.231844
0.00773954
0.191741
-0.437942
-0.52101
-0.0614646
-0.354595
0.331587
-0.785779
0.367588
-0.583777
-1.38762
0.093763
-0.477296
0.0305079
-0.217986
-0.381437
-0.402496
-0.429803
0.0732659
0.128254
0.106743
-0.724092
-0.0485577
0.399404
-0.287132
0.610147
-0.0892101
0.227819
0.0371302
-0.793907
-0.345882
0.405422
-0.807705
0.412827
0.15775
0.0284453
-0.406871
-0.398697
-0.25758
0.519859
-0.170652
0.103611
-0.584974
0.225864
-1.3302
0.322584
0.157898
0.469686
-0.560498
-0.135546
-0.893758
0.159813
-1.45235
0.560466
0.441701
-0.175988
-0.706655
0.340338
0.05449
-0.347744
0.0185058
-0.279571
-0.0237687
0.125486
0.338258
0.682287
-0.777644
-0.352404
-0.473182
-0.731035
-0.0730067
-0.530464
-0.116444
-0.311701
-0.00443958
-1.0466
0.0596934
0.0587922
-0.0763309
-0.240665
-0.564924
-1.13559
-0.772561
-0.108591
0.412404
-0.0388561
-0.108476
0.354933
0.488741
-0.909493
-0.376
-0.790796
0.176335
0.545518
0.0859426
-0.0357425
-0.76598
0.42042
-0.313049
-0.618163
-0.328066
0.40134
-0.0254201
0.245561
0.1484
-0.53845
0.133533
-0.506466
0.146128
0.14538
0.468231
0.0790142
0.328979
0.127332
0.338279
0.0758742
-0.454104
0.0670697
0.180762
0.0324868
0.421757
0.201724
0.339999
0.57173
-0.0216019
-0.641793
-0.0843435
-0.410621
-0.243232
-0.219537
-0.275536
0.43024
-0.221168
-0.646023
0.0184042
0.0753568
-0.317289
0.440479
-1.02377
0.327221
-0.580247
-0.394818
-0.072529
-0.601218
0.229893
0.0882258
-0.185336
0.331109
0.126345
-0.00715227
-0.172197
0.36045
0.229779
0.102956
-0.0172602
0.211851
-0.922571
-0.952142
-0.401589
0.144914
0.429951
-0.294061
0.449819
0.365746
0.231516
0.10761
-0.487566
-0.905272
-0.803506
0.216078
0.0985749
0.388997
-0.433484
0.253017
-0.315563
0.347955
-0.919731
-0.467217
0.682393
-0.624654
0.18246
0.460438
0.326036
0.0784548
-1.07986
-0.339186
-1.15992
0.473121
-0.084325
-0.112766
-0.440167
0.228393
0.419613
-0.0463344
-0.0226511
-0.615995
-1.32052
-1.01866
-0.920893
-0.97641
-0.201057
-0.788692
-0.934659
-0.748173
0.31665
-1.55193
0.641919
-0.894805
0.188175
-0.499498
-1.57292
-0.522085
-2.07091
0.178062
-0.315049
-0.257727
-0.571525
0.0936476
-0.485206
-0.576179
-1.0835
-0.406567
-0.254708
-0.873527
0.406587
-0.667758
-1.69595
-1.74622
-1.34475
-0.0203999
-1.04635
-0.173758
-0.170358
-1.36099
-1.08309
-0.650269
-0.483567
-1.03844
-1.62585
-0.194835
-1.8296
-0.449241
-1.42833
-0.639632
-0.511338
-1.03324
-1.62927
-0.698701
-1.39439
-0.763597
-0.990137
-1.97699
-1.19261
-0.844908
-0.675056
-0.281388
-0.995876
-0.464301
-0.716683
-0.791846
-0.326376
-0.704642
-1.17829
-0.669751
-1.69073
-0.720895
-0.837164
-0.671176
-0.40835
-0.684997
-1.23528
-0.531427
-0.166833
0.279189
-1.0346
-0.0590127
-0.166299
-0.28149
-0.893443
-0.353508
-1.08411
-1.34504
-1.26876
-0.555421
0.186989
-1.03394
-0.120354
-0.73277
0.0706127
-0.11428
-0.901124
-1.77899
-1.34739
-0.336385
-1.73476
-1.75489
-1.37036
-0.509551
-0.548514
-1.04354
-0.322365
-0.474454
-1.2351
-0.352878
-0.0433431
0.0630572
-0.860201
-0.780506
-0.157355
-1.55946
-0.501799
-0.745137
-1.74739
-1.02909
-0.725603
-1.38464
-0.224922
-0.350167
-1.21736
-0.397423
-0.577993
-0.7681
-1.36829
-0.335004
-0.975281
0.0299144
-0.633284
-1.34798
-0.400149
-0.0824957
-1.38855
0.152182
-0.160428
-0.288402
0.0146601
-0.812717
-0.947147
0.20672
-0.45001
-1.40205
-0.995682
-0.921103
-1.85044
-0.746544
-1.79848
0.215882
-1.13614
-0.476528
-0.730407
-0.920394
-1.71231
-1.40984
-0.667541
-1.02521
-1.70568
-1.89546
-0.587205
-1.76629
-0.737129
0.261747
-0.563602
-1.57804
0.224088
-1.21012
-0.224255
-0.380838
-0.348338
-0.844078
0.139272
-0.934298
-0.312203
-0.031146
-0.342426
-0.377713
0.434643
0.0191415
-0.678514
-0.316837
-0.421544
-1.76446
-0.635159
-0.409455
-0.933526
-0.770124
-1.14227
-0.585003
-0.261883
0.0701279
0.287743
-0.540965
-0.0823975
-0.154198
-1.12547
-0.812402
-0.660393
-0.0518886
-0.943192
-0.732309
-1.11711
-0.799154
-0.287655
0.0999518
-0.682209
0.0438321
-0.141163
-2.08729
-1.44277
-0.0314146
0.250911
0.36663
-0.436958
-0.117412
-0.74405
-0.275137
-0.833155
-1.64344
-0.359376
-0.544342
-0.00169276
-0.928675
-0.418023
-0.440707
-0.347612
-0.601696
-0.799991
-0.509832
-1.13597
-0.30408
-0.601938
-0.188078
-0.206825
-0.915513
-0.819742
-0.119779
-1.19762
-0.524832
-0.668729
-0.127859
-0.196137
-0.646621
-1.76857
-2.18727
-0.464782
-0.661555
0.0781422
-0.462822
-0.626382
-0.563284
0.307253
-0.740737
-0.824728
-1.06592
-1.10569
0.233414
-0.911787
-0.602739
-2.1501
-1.45567
-1.26567
-0.909854
-0.670612
-1.34712
-1.24979
0.226718
-0.335459
-1.08051
-2.1348
-0.0757109
-0.606304
-1.76555
-0.84095
-0.597898
0.419528
-0.261814
-0.759836
-0.29631
0.198342
-1.13988
-0.0212679
-0.433664
0.0892738
-0.426466
-0.280741
-0.278709
-1.64329
-0.65178
-0.788056
-1.32433
-0.243883
-1.36574
0.198367
-1.70423
-0.809641
-0.506961
0.257964
0.0809647
-0.213433
-0.205174
-0.921855
-0.149229
-1.3638
-0.709353
-0.86516
-0.601128
-1.5096
0.134352
0.118786
-0.124303
-0.184813
-0.580227
-0.467748
-0.0705155
-1.00233
-0.551131
-1.43513
-1.26953
-0.376222
-0.520117
-0.0568472
-1.80876
-2.13859
-0.251896
-0.112164
-0.552487
-0.504343
-1.12829
-2.51039
0.389952
-0.771292
0.147607
-1.86156
-0.873061
-2.40221
-1.23722
-0.986049
0.0811379
-0.911425
-1.03308
-1.12504
-0.245087
-0.859864
-0.358593
-0.0718374
0.0153407
-0.0491329
-0.107297
-0.746553
0.0348201
-1.29664
-0.370561
-0.723985
0.407265
-0.365847
-1.77477
0.0472317
-0.844254
-0.17247
-0.250419
0.167037
-1.23861
-1.14371
-0.100909
-0.505681
-0.40635
-0.504299
-0.929917
-0.778985
-0.876142
-0.249217
-0.207845
-0.884311
-1.2107
-0.801051
-1.09625
-0.0220425
-0.0531026
0.526171
-0.859923
-0.717604
-0.877135
-1.14439
-1.15355
-1.11352
0.367331
-0.50735
-1.22373
-0.678405
-0.787049
-0.816835
0.54409
-0.312079
0.1575
-1.24506
-0.153082
-0.070525
-0.522789
-0.194094
-1.0869
-1.10448
-0.808614
-0.532327
0.163589
-1.12051
-1.85277
-0.850611
-0.481071
-1.04642
-1.52653
-0.22828
-0.666261
-1.88616
-0.34136
-0.0968375
-1.37209
-0.0821911
-0.740541
-0.718906
0.0399383
-0.640532
-0.249488
-0.242849
-0.449922
-0.363643
-2.09895
-0.154645
-0.188892
-0.671926
-0.471858
0.146453
-0.239627
-0.2839
-1.35466
-0.865591
-0.112281
-0.231579
0.135096
-0.649491
-1.04677
-0.795479
-1.83153
-1.16516
0.0664292
-1.48177
-1.02713
-1.64723
-0.326766
-0.816311
-1.04748
-0.656222
-0.627319
-1.24353
-0.0745846
-1.03514
0.294173
-0.138093
0.0488911
0.0619408
0.0094658
-0.707201
-0.283745
-0.740763
-0.558711
-0.714522
0.193184
-1.23677
-1.22951
-0.466523
-1.52448
-0.846292
-1.88721
-2.33753
-2.04957
-1.16566
-0.927895
-1.85296
-0.369128
-0.116401
-1.35335
-0.187824
-1.56845
-1.42622
-0.148777
-0.259326
-1.56718
-0.566031
-0.0993742
-1.47447
0.525323
-0.814336
-1.1348
-0.88502
-0.599082
-0.873211
-0.790909
-1.22755
0.105725
0.00412492
-0.249312
-0.542679
-0.294018
0.0274553
-0.0674751
-0.935714
0.306599
-0.342252
-0.139606
0.300865
-0.349613
0.105605
-1.2246
0.111305
-0.925284
0.265269
0.350705
-0.738003
0.170248
0.269179
0.27324
-0.782182
-0.260495
-1.08448
-1.38916
0.569224
-0.648438
-0.497822
0.609578
0.442275
-1.01388
0.23378
-0.271047
-0.104946
-0.378437
-0.188351
0.515832
0.552452
-1.17751
0.192346
-1.1462
0.440845
-0.171838
-0.446963
-0.663467
0.457223
0.438267
-0.818551
0.0706178
0.147389
0.116649
0.46955
-0.502099
-0.119775
-0.0686214
-0.593534
-0.179896
0.383474
-0.635333
0.414716
0.226245
-0.69148
-0.710155
-0.410416
0.231797
0.568279
-0.55239
0.395019
0.151006
-0.0545415
0.0310616
-1.03471
-0.0486446
0.573477
0.477902
0.599019
-0.410369
-0.377312
-0.789251
-1.00702
0.193662
-0.159571
0.276974
-1.40105
0.198574
-0.578323
-0.361441
-0.0838174
-0.12894
-0.434756
0.211886
-1.15733
0.35041
0.117643
0.376007
-0.631035
-0.257953
-0.0326094
-0.00149225
0.502767
0.243542
-0.826291
-0.066401
-0.04315
-0.589154
-0.0827197
0.290463
0.247782
-0.636982
-1.26182
-0.0844554
-0.724291
0.173779
-0.0440688
-0.42864
-0.1868
0.269559
-0.123227
0.0572339
-0.409454
-0.133667
-0.735451
-0.565344
0.346876
-0.9559
0.332731
0.291523
-0.308372
-0.0708633
0.250618
-0.0493994
-0.00193534
0.149003
0.136039
-0.0121924
-0.108657
-0.52637
0.22351
-1.20473
0.375999
0.20205
-0.511157
0.458553
0.145958
0.481174
0.292383
0.0311089
-1.71286
-0.0783064
0.101616
0.0464694
0.302785
-0.160963
0.702321
-0.847799
0.376231
-0.0712725
-0.0531023
-0.310165
0.356594
-0.71033
0.196398
-0.25185
-0.132199
-0.154791
0.47158
-0.0980557
0.177324
-0.170354
0.0899391
-0.448632
-1.29224
0.154464
-0.332593
0.467864
0.0273897
0.0206634
-0.43907
0.181084
0.427514
0.102702
0.223802
0.341163
-0.726137
0.332185
0.384884
-0.770701
0.340936
-0.0273573
0.459025
-0.0848069
-0.190974
0.535962
0.362446
-0.242682
-0.0524572
0.5316
-0.952692
-0.439574
-0.233619
0.328847
-0.371595
-0.46827
0.17684
0.636583
-0.0565286
0.36632
-0.735252
-0.372474
-0.000172806
0.401364
-0.268159
-0.540868
-0.495239
-0.207095
-1.08034
-0.257263
-0.038719
-0.934586
-0.150329
0.049352
0.208683
0.0861971
-0.261555
-0.539847
0.672967
-0.287594
0.217423
0.596841
0.401221
-0.0604757
-0.514519
0.425154
0.00218359
-0.0915653
0.349977
0.485559
-1.40518
0.450054
0.522906
0.232478
0.120221
0.192832
0.378599
-0.899906
0.338717
-0.481331
0.157637
0.480626
0.257501
-0.074737
-0.121026
0.224303
-0.150145
0.373913
-0.710375
-0.212738
-0.769336
-0.169237
-0.365732
0.414403
-0.309874
-0.247145
-0.368027
0.243944
0.318813
0.140703
-0.599191
-0.805517
-0.241529
-0.309578
0.292308
0.379751
-0.102003
0.0832782
0.502482
0.399414
-0.0453389
-0.0972535
0.119353
-0.477231
-0.294157
0.40132
0.0964503
-0.432585
0.0435062
0.0335817
0.291128
0.226335
-1.39718
0.253352
-0.0126578
0.669622
0.135597
0.124625
0.209164
0.536478
-0.182307
-0.248298
-0.808534
0.23949
0.325192
0.423193
-1.0402
-0.0725916
-0.339403
-1.37202
0.635691
0.417447
-0.308129
-0.141064
-0.780941
0.160254
0.022907
-0.0403254
-0.697111
0.0545072
-0.419707
-0.253428
-0.247301
-0.0443928
0.16869
0.164682
0.0760239
-0.358049
-0.00383428
-0.167139
-0.024772
-1.16343
-0.33948
-0.69646
-0.826365
0.0807712
-0.594425
-0.212126
0.653825
0.219452
0.0687825
-0.792679
-0.454202
-0.725345
-0.249816
-1.63745
-0.292855
-0.292085
-0.0317075
0.479157
-0.0379201
0.0525713
-0.149445
-0.730918
-0.445778
-0.395618
-0.0696432
0.00520705
0.444541
-0.136289
0.141191
0.160206
0.121935
-0.434386
-0.855688
-0.382789
0.315223
-0.282123
-0.212321
0.0488973
-0.881405
0.310653
0.247422
0.388548
-0.305911
0.144086
-0.264696
-0.221765
0.37593
-1.55957
0.281201
0.266085
-0.0393447
-0.143993
0.266358
-0.110425
0.482947
0.527388
-0.37852
-0.127185
0.595481
-0.460033
-0.463594
-0.124549
-1.00806
-0.371891
-0.217434
-0.238588
0.111788
-0.345678
0.239771
-0.432839
-0.377042
-0.56923
0.602606
-0.307818
0.346277
-0.27994
0.270014
0.511669
-0.102333
-0.440532
-0.786204
0.377345
-0.623424
-0.17107
-0.57913
0.487801
0.656859
-0.967143
-0.280524
-0.492383
0.323337
-0.353989
0.324925
-0.24971
-0.655427
-1.00506
0.600088
0.223737
0.0922266
-0.210285
0.55803
-0.10221
0.360462
0.183104
-1.49081
0.0409194
-0.165415
0.364265
0.296578
0.378504
0.316232
0.420865
-0.487661
0.0439889
-0.0802125
-0.560519
-0.23512
-0.760884
-0.723566
-0.266081
-0.835453
-0.740546
-0.559401
0.167386
-0.818255
-0.225619
0.0694949
-0.536875
-0.0017381
0.100228
-0.157826
-0.802476
-0.483892
-0.180836
0.0067509
-0.102412
0.40225
-0.471307
-0.406334
0.196896
-0.618876
-0.334512
-0.861507
-0.00213073
0.335193
0.402882
0.23086
-0.00664367
-0.141772
-0.121491
0.325636
-0.0530022
-0.352991
-0.111673
-0.0409202
-0.115695
-1.46941
0.682843
0.157315
0.25512
0.417615
0.491727
0.476039
0.161745
0.101636
-0.342139
0.491185
-1.09248
-0.691539
