1
1.0118
1.01213
1.01235
1.01248
1.01275
1.01298
1.01375
1.01393
1.01394
1.01417
1.01449
1.01486
1.01498
1.01515
1.01562
1.01634
1.01651
1.01653
1.01689
1.01841
1.01857
1.01894
1.01935
1.02106
1.02112
1.02122
1.02133
1.02134
1.02145
1.02225
1.02226
1.02237
1.02252
1.02273
1.02408
1.02454
1.02513
1.02539
1.02548
1.02674
1.02783
1.02803
1.02827
1.02892
1.02926
1.0292
1.02944
1.02958
1.03157
1.03186
1.0319
1.03209
1.03633
1.03711
1.03793
1.03831
1.03848
1.03865
1.03993
1.04
1.04047
1.04059
1.04071
1.04093
1.04105
1.04111
1.04143
1.0416
1.04167
1.04188
1.0422
1.04227
1.04313
1.0433
1.04477
1.04502
1.04669
1.0477
1.04825
1.04896
1.04931
1.04951
1.04966
1.04966
1.04972
1.04971
1.04992
1.05107
1.05147
1.05162
1.05181
1.05236
1.05241
1.0523
1.05225
1.05244
1.05329
1.05374
1.05508
1.05547
1.05646
1.0568
1.05764
1.05783
1.05801
1.058
1.05808
1.05837
1.0584
1.05828
1.05856
1.0585
1.05904
1.05912
1.05925
1.06189
1.06292
1.06399
1.06426
1.06464
1.06476
1.06508
1.0658
1.06597
1.06589
1.06611
1.06638
1.0669
1.06676
1.06713
1.0693
1.06932
1.06968
1.06964
1.0705
1.07182
1.07187
1.07213
1.07284
1.07374
1.0736
1.07405
1.0739
1.07441
1.07441
1.07486
1.07496
1.07492
1.07497
1.07532
1.07642
1.07697
1.07697
1.07716
1.07811
1.07876
1.07895
1.07884
1.07924
1.07928
1.07917
1.07911
1.07906
1.07915
1.07919
1.07974
1.08008
1.07992
1.08001
1.0813
1.0831
1.08303
1.08347
1.08355
1.08353
1.08347
1.08365
1.08358
1.08773
1.08791
1.08828
1.08821
1.08818
1.08841
1.08828
1.0882
1.08853
1.08845
1.08848
1.08965
1.08948
1.0902
1.09032
1.09024
1.09026
1.09018
1.09015
1.09017
1.09004
1.08996
1.08998
1.0899
1.08972
1.08969
1.09067
1.09059
1.09046
1.09138
1.09139
1.09177
1.09158
1.09275
1.09272
1.09263
1.09451
1.09527
1.09528
1.09509
1.0951
1.09506
1.09497
1.09498
1.09549
1.0956
1.09722
1.09733
1.09753
1.09789
1.10096
1.10081
1.10136
1.10131
1.1012
1.1015
1.10175
1.10205
1.10215
1.10295
1.104
1.10384
1.10368
1.10388
1.10392
1.10492
1.10536
1.1053
1.10539
1.10558
1.10547
1.10536
1.1059
1.10609
1.10633
1.10622
1.10631
1.1069
1.10759
1.10763
1.10781
1.1079
1.10828
1.10882
1.1086
1.10844
1.10827
1.1083
1.10869
1.10867
1.10861
1.10839
1.10868
1.11032
1.1104
1.11078
1.11061
1.11164
1.11157
1.11155
1.11168
1.1115
1.11203
1.11201
1.11319
1.11307
1.11344
1.11367
1.11359
1.11356
1.11359
1.11376
1.11369
1.11356
1.11469
1.11541
1.11528
1.11555
1.11547
1.1174
1.11777
1.11789
1.118
1.11807
1.11924
1.11965
1.11997
1.11993
1.12004
1.1198
1.12001
1.11982
1.11983
1.12025
1.12026
1.12328
1.12329
1.12319
1.12305
1.123
1.1228
1.12296
1.12276
1.12252
1.12248
1.12223
1.12209
1.1225
1.12255
1.12231
1.12257
1.12242
1.12258
1.12309
1.12309
1.1231
1.12436
1.12506
1.12486
1.12476
1.12486
1.12471
1.12522
1.12502
1.12497
1.12487
1.12522
1.12583
1.12573
1.12553
1.12693
1.12874
1.12848
1.12882
1.12917
1.12896
1.12906
1.129
1.12904
1.12919
1.12908
1.13053
1.13047
1.13056
1.13171
1.13149
1.13193
1.13187
1.13221
1.1322
1.13238
1.13242
1.13246
1.13224
1.13233
1.13217
1.13256
1.13244
1.13434
1.13452
1.13425
1.13418
1.13708
1.13696
1.13714
1.13727
1.13724
1.13697
1.1373
1.13712
1.13735
1.13793
1.13911
1.14089
1.14081
1.14073
1.1406
1.14137
1.14175
1.14232
1.14224
1.14215
1.14237
1.14224
1.14205
1.14207
1.14183
1.14175
1.14197
1.14174
1.14321
1.14303
1.1443
1.14452
1.14453
1.14474
1.14486
1.14492
1.14513
1.14499
1.14475
1.14461
1.14588
1.14705
1.14681
1.14696
1.14747
1.14768
1.14749
1.14744
1.1476
1.14781
1.14751
1.14737
1.14753
1.14804
1.14794
1.1478
1.14765
1.14811
1.14822
1.14802
1.14918
1.14889
1.14894
1.15015
1.15176
1.15161
1.15146
1.15125
1.1511
1.15241
1.15236
1.1522
1.15205
1.15195
1.15285
1.15274
1.15284
1.15304
1.15288
1.15348
1.15388
1.15378
1.15382
1.15366
1.15396
1.1545
1.1543
1.15464
1.15443
1.15413
1.15387
1.15517
1.15511
1.15877
1.16042
1.1603
1.16018
1.16091
1.16069
1.16123
1.16111
1.16093
1.16117
1.16094
1.16067
1.16171
1.16144
1.16126
1.16099
1.16127
1.16256
1.16244
1.16267
1.16325
1.16443
1.16455
1.16442
1.16419
1.16487
1.16469
1.16452
1.16439
1.16466
1.16448
1.16416
1.16413
1.1639
1.16438
1.1641
1.16382
1.1651
1.16512
1.16555
1.16542
1.16509
1.16622
1.16599
1.16601
1.16603
1.16695
1.16747
1.16749
1.16741
1.16707
1.16679
1.16671
1.16652
1.16624
1.16762
1.16738
1.16725
1.16757
1.16814
1.16785
1.16782
1.16774
1.1681
1.16807
1.16784
1.16755
1.16822
1.16914
1.16885
1.17022
1.17013
1.17045
1.17026
1.16997
1.17008
1.1706
1.17031
1.17027
1.17008
1.17014
1.1698
1.16951
1.17229
1.17305
1.17296
1.17311
1.17307
1.17287
1.17253
1.17223
1.17194
1.1719
1.17191
1.17302
1.17298
1.17354
1.17364
1.1735
1.17345
1.17346
1.17417
1.17422
1.17488
1.17599
1.17604
1.17589
1.17569
1.17549
1.17539
1.17504
1.17484
1.17524
1.17504
1.1754
1.17545
1.1753
1.1752
1.17606
1.17611
1.17581
1.17556
1.17606
1.17581
1.17616
1.17601
1.17641
1.17641
1.17616
1.17591
1.17621
1.17672
1.17651
1.17687
1.17732
1.17721
1.17726
1.17711
1.17937
1.17987
1.17951
1.17985
1.17984
1.17989
1.17958
1.17972
1.17941
1.17991
1.1796
1.17939
1.17944
1.17948
1.17917
1.17891
1.18107
1.18136
1.18176
1.1822
1.18193
1.18187
1.18181
1.18165
1.18154
1.18138
1.18142
1.18161
1.1816
1.18169
1.18132
1.18267
1.18306
1.18289
1.18258
1.18317
1.18351
1.18314
1.18287
1.18507
1.18536
1.18614
1.18587
1.18555
1.18548
1.18521
1.18499
1.18472
1.18541
1.18514
1.18562
1.18737
1.1873
1.18697
1.18705
1.18678
1.18696
1.18784
1.18822
1.18825
1.18832
1.18885
1.18858
1.1887
1.18858
1.1883
1.18803
1.1882
1.18788
1.18881
1.18883
1.18881
1.18863
1.18826
1.18818
1.18796
1.18768
1.18831
1.18814
1.18791
1.18834
1.18802
1.18794
1.18797
1.1888
1.18853
1.1883
1.18837
1.18991
1.18978
1.18965
1.18963
1.1897
1.18932
1.18909
1.18887
1.18854
1.18831
1.18869
1.18892
1.18914
1.19022
1.19025
1.19228
1.19215
1.19181
1.19284
1.19341
1.19327
1.19299
1.19265
1.19373
1.19339
1.19336
1.19302
1.19304
1.19306
1.19282
1.19269
1.1925
1.19272
1.19259
1.19246
1.19328
1.19304
1.19281
1.19625
1.19651
1.19622
1.19593
1.19579
1.19545
1.19586
1.19572
1.19543
1.19514
1.19586
1.19577
1.19553
1.19569
1.1958
1.19541
1.19512
1.19488
1.19454
1.19556
1.19533
1.19503
1.19545
1.19506
1.19588
1.19594
1.19555
1.19521
1.19492
1.19453
1.19464
1.19551
1.19542
1.19598
1.1964
1.19666
1.19707
1.19914
1.1994
1.1992
1.20041
1.20006
1.20037
1.20022
1.20027
1.20022
1.20118
1.20153
1.20138
1.20118
1.20083
1.20058
1.20038
1.20003
1.19978
1.19983
1.19999
1.20024
1.2
1.19985
1.1996
1.19945
1.19966
1.19956
1.19961
1.19946
1.19977
1.19952
1.19948
1.19908
1.19873
1.19833
1.19945
1.20021
1.20006
1.19996
1.19976
1.20017
1.20077
1.20047
1.20012
1.19982
1.19973
1.19933
1.19903
1.19974
1.19949
1.1997
1.19945
1.20131
1.20091
1.20147
1.20117
1.20086
1.20051
1.20051
1.20032
1.20007
1.20037
1.20027
1.19987
1.20043
1.20143
1.20128
1.20133
1.20204
1.20164
1.20264
1.20229
1.20203
1.20198
1.20193
1.20168
1.20138
1.20238
1.20218
1.20203
1.20167
1.20152
1.20117
1.20092
1.20132
1.20102
1.20137
1.20338
1.20318
1.20292
1.20262
1.20247
1.20397
1.20372
1.20351
1.20386
1.20446
1.20425
1.20404
1.20404
1.20393
1.20478
1.20508
1.20487
1.20451
1.2048
1.20455
1.20419
1.20378
1.20382
1.20342
1.20357
1.20321
1.2028
1.20325
1.2031
1.2034
1.20309
1.20284
1.20303
1.20363
1.20343
1.20398
1.20362
1.20417
1.20421
1.20395
1.20375
1.20521
1.20485
1.20499
1.20468
1.20503
1.20467
1.20476
1.20501
1.2052
1.20544
1.20503
1.20578
1.20557
1.20551
1.20515
1.20676
1.20644
1.20623
1.20587
1.20647
1.20767
1.2075
1.20805
1.20788
1.20892
1.20981
1.2095
1.20913
1.20926
1.20935
1.20948
1.21027
1.20985
1.20958
1.20992
1.21001
1.20989
1.20967
1.20935
1.20893
1.20892
1.20901
1.20874
1.20852
1.20826
1.20804
1.21029
1.21003
1.21046
1.21009
1.21017
1.21021
1.20999
1.21219
1.21177
1.2119
1.21157
1.21433
1.21425
1.21392
1.21355
1.21327
1.21304
1.21438
1.21425
1.21393
1.21365
1.21342
1.2132
1.21378
1.21381
1.21363
1.21341
1.21328
1.21527
1.21494
1.21456
1.21434
1.21396
1.21358
1.2134
1.21308
1.21275
1.21273
1.21236
1.21249
1.21261
1.21234
1.21317
1.2136
1.21403
1.21481
1.21443
1.21426
1.21478
1.21465
1.21427
1.21405
1.21382
1.21359
1.21317
1.2137
1.21473
1.21496
1.21503
1.2148
1.21493
1.2147
1.21442
1.21409
1.21366
1.21354
1.21321
1.21299
1.21271
1.21239
1.21272
1.21249
1.21242
1.21215
1.21228
1.21306
1.21339
1.21342
1.21319
1.21281
1.21249
1.21287
1.2129
1.21283
1.21336
1.21308
1.21316
1.2155
1.21517
1.21535
1.21507
1.21464
1.21426
1.21408
1.21693
1.21649
1.21626
1.21588
1.21631
1.21723
1.2169
1.21651
1.21638
1.21605
1.21587
1.21549
1.21531
1.21488
1.2145
1.21468
1.21435
1.21412
1.2145
1.21442
1.21475
1.21457
1.21621
1.21683
1.21725
1.21803
1.2183
1.21786
1.21944
1.2193
1.21907
1.21878
1.21875
1.21841
1.21908
1.21874
1.21871
1.21878
1.21965
1.21926
1.21938
1.21909
1.21885
1.21912
1.21878
1.21839
1.21831
1.21923
1.2188
1.21841
1.21807
1.21764
1.21736
1.21994
1.21975
1.21972
1.21958
1.21969
1.21976
1.21952
1.21958
1.21985
1.21991
1.21947
1.21944
1.2198
1.21972
1.21968
1.21934
1.21921
1.21927
1.21964
1.21955
1.21946
1.22033
1.2203
1.22016
1.22163
1.2223
1.22236
1.22201
1.22202
1.22213
1.22184
1.2216
1.22131
1.22293
1.22284
1.2231
1.223
1.22331
1.22302
1.22454
1.22459
1.2243
1.22415
1.22385
1.2234
1.22341
1.22473
1.22438
1.22454
1.22449
1.22444
1.22435
1.2239
1.22436
1.22421
1.22377
1.22387
1.22368
1.22439
1.23023
1.22992
1.22952
1.22911
1.2287
1.22834
1.22809
1.22864
1.22854
1.22813
1.22918
1.22903
1.22867
1.22842
1.22831
1.22791
1.2277
1.2273
1.22714
1.22719
1.22674
1.22669
1.22649
1.22619
1.22579
1.22553
1.22508
1.22474
1.2254
1.22494
1.2247
1.22545
1.22505
1.22481
1.22461
1.22522
1.22477
1.22467
1.22447
1.22584
1.22594
1.22614
1.22589
1.22579
1.22549
1.2256
1.22525
1.2252
1.2249
1.22445
1.22425
1.22547
1.22542
1.22522
1.22482
1.22472
1.22478
1.22458
1.22448
1.22444
1.22409
1.22409
1.22365
1.22386
1.22361
1.22341
1.22352
1.22363
1.22363
1.22339
1.22334
1.2229
1.22386
1.22518
1.22473
1.22493
1.22489
1.22464
1.22439
1.22404
1.22364
1.2236
1.22325
1.22336
1.22296
1.22272
1.22363
1.22354
1.22405
1.22395
1.22361
1.22462
1.22422
1.22382
1.22614
1.22579
1.22539
1.22564
1.22635
1.22595
1.2259
1.226
1.22565
1.22595
1.2257
1.22565
1.22601
1.22566
1.22616
1.22586
1.22561
1.22536
1.22527
1.22592
1.22552
1.22532
1.22613
1.22593
1.22553
1.22508
1.22483
1.22508
1.22499
1.22499
1.22454
1.22434
1.2244
1.22415
1.2237
1.22351
1.22321
1.22553
1.22619
1.22584
1.22564
1.22614
1.2269
1.22726
1.2268
1.22645
1.22675
1.22675
1.2265
1.22615
1.22575
1.22595
1.22565
1.22736
1.22721
1.22701
1.22675
1.22675
1.22701
1.2266
1.22691
1.22691
1.22726
1.22801
1.22801
1.22801
1.22796
1.2279
1.2276
1.22724
1.22855
1.2286
1.22839
1.22794
1.22768
1.22798
1.22758
1.22758
1.22717
1.22702
1.22828
1.22787
1.22848
1.22877
1.22842
1.22816
1.22771
1.2274
1.22745
1.22735
1.22705
1.22684
1.22664
1.22669
1.22695
1.22669
1.22679
1.22639
1.227
1.22664
1.22664
1.22664
1.22619
1.22604
1.22589
1.22559
1.2273
1.22781
1.22765
1.22781
1.22841
1.23052
1.23026
1.23
1.22974
1.22938
1.23114
1.23068
1.23183
1.23207
1.23211
1.23164
1.23249
1.23203
1.23187
1.23155
1.23119
1.23189
1.23163
1.23152
1.23136
1.23094
1.23089
1.23043
1.23107
1.23111
1.23221
1.23266
1.23244
1.23309
1.23358
1.23341
1.23299
1.23258
1.23242
1.232
1.23219
1.23239
1.23197
1.23181
1.23165
1.23189
1.23228
1.23273
1.23292
1.23275
1.23244
1.23273
1.23236
1.2321
1.2329
1.2355
1.23538
1.23512
1.23485
1.23508
1.23481
1.23475
1.23453
1.23416
1.23485
1.23463
1.23477
1.23435
1.23444
1.23397
1.2335
1.23308
1.23337
1.23397
1.2336
1.23333
1.23392
1.23361
1.23364
1.23333
1.23326
1.23295
1.23289
1.23288
1.23311
1.2331
1.23264
1.23222
1.23211
1.23215
1.23254
1.23233
1.23247
1.23251
1.23376
1.23339
1.23302
1.23301
1.2327
1.23223
1.23207
1.23261
1.23265
1.23254
1.23238
1.23226
1.23185
1.23154
1.23153
1.23147
1.23236
1.23351
1.23315
1.23273
1.23247
1.23215
1.23184
1.23148
1.23152
1.23111
1.23215
1.23179
1.23163
1.23142
1.23121
1.23145
1.2319
1.23164
1.23132
1.23146
1.2313
1.23094
1.23053
1.23243
1.23217
1.23206
1.23215
1.23184
1.23153
1.23162
1.23176
1.232
1.23234
1.23369
1.23423
1.23406
1.2336
1.23333
1.23302
1.23275
1.23244
1.23218
1.23186
1.23271
1.2327
1.23334
1.23293
1.23311
1.2327
1.23375
1.23333
1.23306
1.2328
1.23289
1.23288
1.23251
1.23205
1.23214
1.23167
1.23136
1.23155
1.23114
1.23138
1.23097
1.23197
1.23186
1.2316
1.23174
1.23173
1.23132
1.2312
1.23155
1.23119
1.23223
1.23248
1.23297
1.23275
1.23239
1.23193
1.23166
1.23125
1.23094
1.23048
1.23123
1.23338
1.23317
1.233
1.23254
1.23243
1.23402
1.23441
1.2341
1.23464
1.23422
1.234
1.23368
1.23322
1.23356
1.23344
1.23303
1.23296
1.23336
1.23364
1.23368
1.23357
1.23365
1.23324
1.23454
1.23462
1.23425
1.23394
1.23377
1.23381
1.23344
1.23458
1.23417
1.23511
1.23474
1.23462
1.2342
1.23434
1.23412
1.23552
1.23515
1.23478
1.23441
1.23415
1.23438
1.23588
1.23596
1.23554
1.23512
1.23475
1.23745
1.23778
1.23781
1.23743
1.23706
1.23689
1.23641
1.23629
1.23693
1.23696
1.23669
1.23637
1.2361
1.23608
1.23566
1.23549
1.23502
1.2351
1.23478
1.23437
1.23445
1.23438
1.23472
1.23486
1.23514
1.23498
1.23466
1.2352
1.23503
1.23461
1.23429
1.23412
1.23376
1.23334
1.23297
1.23306
1.2333
1.23288
1.23287
1.23246
1.23224
1.23228
1.23333
1.23286
1.2324
1.23254
1.23267
1.23246
1.23225
1.23244
1.23258
1.23498
1.23517
1.2353
1.23604
1.23557
1.2358
1.23584
1.23546
1.2354
1.23508
1.23572
1.2355
1.23593
1.23581
1.23559
1.23522
1.23556
1.23509
1.23482
1.23561
1.23614
1.23643
1.23601
1.23558
1.23531
1.23489
1.23453
1.23446
1.23439
1.23403
1.23381
1.234
1.23353
1.23352
1.23325
1.23369
1.23408
1.23391
1.2337
1.23369
1.23377
1.23346
1.23314
1.23358
1.23311
1.23275
1.23339
1.23293
1.23478
1.23476
1.2346
1.23433
1.23406
1.2336
1.23514
1.23533
1.23526
1.23519
1.23487
1.23496
1.23595
1.23578
1.23581
1.23655
1.23633
1.23661
1.23644
1.23612
1.2358
1.23538
1.23561
1.2364
1.23603
1.23571
1.23534
1.23512
1.23495
1.23483
1.23492
1.23455
1.2366
1.23648
1.23842
1.23815
1.23767
1.2377
1.23753
1.23761
1.23729
1.23691
1.23649
1.23657
1.23635
1.23769
1.23752
1.23704
1.23692
1.23675
1.23638
1.23712
1.2371
1.23667
1.2369
1.23699
1.23702
1.23674
1.23702
1.23655
1.23633
1.23601
1.23559
1.23542
1.235
1.23468
1.23446
1.2342
1.23388
1.23372
1.23481
1.23525
1.23513
1.23471
1.23666
1.23623
1.23592
1.23549
1.23532
1.23485
1.23484
1.23457
1.23596
1.2356
1.23528
1.23496
1.23479
1.23553
1.23788
1.2378
1.23743
1.23796
1.23769
1.23722
1.23684
1.23717
1.2369
1.23733
1.23686
1.23674
1.23707
1.23685
1.23703
1.23822
1.238
1.24024
1.24006
1.23973
1.2394
1.23918
1.2389
1.23842
1.238
1.23782
1.23745
1.23773
1.23725
1.23703
1.23716
1.23679
1.23732
1.237
1.23758
1.23751
1.23709
1.23782
1.23765
1.23738
1.23716
1.23673
1.23903
1.23881
1.23848
1.23841
1.23843
1.24003
1.23975
1.23932
1.23889
1.23872
1.23854
1.23892
1.23869
1.23948
1.2401
1.23968
1.2396
1.24068
1.24141
1.24148
1.2412
1.24092
1.24064
1.24036
1.24018
1.24005
1.23972
1.23925
1.23882
1.23834
1.23802
1.23819
1.23777
1.23744
1.23929
1.23921
1.23883
1.23886
1.23843
1.23826
1.23874
1.23872
1.23849
1.23852
1.23819
1.23807
1.23815
1.23767
1.2382
1.23813
1.23806
1.23768
1.23791
1.23764
1.23721
1.23679
1.23672
1.23705
1.23829
1.23781
1.23769
1.23727
1.23684
1.23652
1.23615
1.23718
1.23908
1.2387
1.23888
1.23896
1.2411
1.24072
1.24074
1.24026
1.24009
1.2396
1.23918
1.23915
1.23918
1.2388
1.23888
1.24067
1.24054
1.24076
1.24119
1.2408
1.24073
1.24035
1.23996
1.23969
1.23931
1.24054
1.24047
1.24054
1.24036
1.23988
1.23955
1.23907
1.24137
1.24098
1.24055
1.24017
1.23969
1.23992
1.24005
1.23972
1.23949
1.23916
1.23904
1.23911
1.23894
1.23861
1.2392
1.23877
1.23854
1.23852
1.24096
1.24094
1.24056
1.24028
1.24
1.24038
1.2404
1.24057
1.24095
1.24122
1.24109
1.24061
1.24033
1.24076
1.24073
1.24035
1.23997
1.2406
1.24314
1.24301
1.24423
1.2441
1.24376
1.24338
1.24309
1.24311
1.24262
1.24214
1.24171
1.24172
1.24175
1.24126
1.24098
1.2407
1.24042
1.24004
1.23977
1.23994
1.23951
1.24014
1.23996
1.24019
1.24026
1.24033
1.24066
1.24018
1.23995
1.24028
1.2402
1.24048
1.24156
1.24117
1.24089
1.24072
1.2417
1.24132
1.24113
1.24111
1.24179
1.24216
1.24188
1.24159
1.24116
1.24083
1.24085
1.24062
1.2408
1.24158
1.24155
1.24136
1.24088
1.2405
1.24007
1.23964
1.23936
1.23919
1.23886
1.23849
1.23821
1.23819
1.23791
1.23839
1.24048
1.2402
1.24013
1.2398
1.23967
1.23954
1.23927
1.23884
1.23836
1.23839
1.23816
1.2388
1.23852
1.23819
1.23933
1.23926
1.23883
1.23865
1.23823
1.23795
1.23778
1.23761
1.23743
1.23716
1.23678
1.23908
1.23901
1.23908
1.23871
1.23833
1.24093
1.24049
1.24016
1.23979
1.23936
1.2409
1.24127
1.24099
1.24066
1.24028
1.24111
1.24073
1.2404
1.24007
1.23989
1.23951
1.23934
1.23906
1.23863
1.23831
1.23798
1.23841
1.23864
1.23862
1.2387
1.23963
1.23965
1.23933
1.2396
1.23923
1.23875
1.23867
1.2382
1.23812
1.23931
1.23903
1.2387
1.23838
1.23851
1.23808
1.23765
1.23788
1.23781
1.23744
1.23797
1.2377
1.23929
1.23956
1.2412
1.24142
1.24154
1.24111
1.24144
1.24141
1.24203
1.24175
1.24192
1.24149
1.24121
1.24088
1.24059
1.24027
1.2417
1.24132
1.24129
1.24081
1.24053
1.2401
1.24078
1.24236
1.24223
1.24205
1.24187
1.24154
1.24125
1.24077
1.24321
1.24318
1.2431
1.24271
1.24233
1.24199
1.24237
1.24249
1.242
1.24167
1.24123
1.24177
1.24153
1.2411
1.24087
1.24144
1.24126
1.24088
1.24116
1.24067
1.24035
1.24057
1.24085
1.24047
1.24004
1.24006
1.23968
1.24006
1.24013
1.24071
1.24124
1.24096
1.24063
1.24045
1.24022
1.24014
1.23976
1.23933
1.23896
1.23873
1.23825
1.23853
1.23896
1.23859
1.23856
1.23854
1.23816
1.23804
1.23756
1.23789
1.23752
1.23755
1.23723
1.2368
1.23749
1.23716
1.23704
1.23702
1.23695
1.24101
1.24078
1.2403
1.23986
1.23984
1.23946
1.2408
1.24037
1.24049
1.24162
1.24144
1.24146
1.24118
1.24075
1.24047
1.24089
1.24137
1.24119
1.24121
1.24088
1.2405
1.24022
1.24019
1.24006
1.24029
1.24011
1.23968
1.2392
1.23898
1.23986
1.23948
1.24096
1.24073
1.24045
1.24017
1.24201
1.24183
1.2415
1.24237
1.24189
1.24146
1.24133
1.24155
1.24258
1.2423
1.24181
1.24193
1.2417
1.24122
1.24099
1.24056
1.24008
1.2396
1.23922
1.23899
1.23871
1.24035
1.24033
1.2401
1.23972
1.23954
1.23937
1.2401
1.24007
1.23974
1.23941
1.23908
1.23901
1.23873
1.23836
1.23838
1.23796
1.23754
1.23726
1.23719
1.23903
1.23876
1.23868
1.23861
1.23823
1.23851
1.23889
1.23846
1.23799
1.23766
1.23769
1.23817
1.23789
1.23797
1.2378
1.23788
1.23796
1.23763
1.23817
1.24001
1.23963
1.23925
1.23902
1.23854
1.23812
1.23789
1.23787
1.2374
1.23768
1.23791
1.23803
1.23851
1.24015
1.23987
1.23955
1.23907
1.23884
1.23836
1.23799
1.23847
1.23855
1.23858
1.2383
1.23999
1.23966
1.23959
1.23926
1.23878
1.23835
1.23848
1.23901
1.23858
1.23826
1.23808
1.23801
1.23839
1.23807
1.23794
1.23772
1.2375
1.23728
1.23685
1.23708
1.23767
1.23719
1.23707
1.23811
1.23773
1.23821
1.23804
1.23776
1.2387
1.23852
1.2382
1.23838
1.23795
1.23757
1.23745
1.23713
1.23731
1.23729
1.23682
1.2366
1.23652
1.2364
1.23971
1.23973
1.23935
1.23893
1.23966
1.23923
1.24187
1.24164
1.24126
1.24083
1.24226
1.24208
1.2419
1.24212
1.24209
1.24241
1.24243
1.24215
1.24293
1.24254
1.2421
1.24193
1.24209
1.24181
1.24153
1.24145
1.24112
1.24089
1.24111
1.24063
1.24146
1.24158
1.2411
1.24107
1.24079
1.24081
1.24038
1.24056
1.24018
1.24015
1.24173
1.2414
1.24112
1.24074
1.24061
1.24235
1.24217
1.24178
1.2416
1.24157
1.24139
1.24101
1.24093
1.24105
1.24123
1.24271
1.24258
1.24209
1.24181
1.24198
1.2416
1.24167
1.24179
1.24136
1.24103
1.24065
1.24022
1.24039
1.24027
1.24105
1.24162
1.24119
1.24076
1.24043
1.2401
1.23982
1.23944
1.23911
1.23884
1.23846
1.23803
1.24088
1.2405
1.24078
1.24085
1.24067
1.24034
1.23991
1.23968
1.24021
1.24064
1.24021
1.24018
1.24006
1.24023
1.2398
1.24048
1.24025
1.23987
1.23949
1.24007
1.23989
1.23952
1.23944
1.23921
1.23904
1.23856
1.23818
1.23781
1.23764
1.23746
1.23941
1.23923
1.23986
1.24145
1.24131
1.24103
1.2406
1.24012
1.2406
1.24032
1.24009
1.23961
1.23913
1.23876
1.24261
1.24223
1.24235
1.24302
1.24354
1.24305
1.24267
1.24239
1.24205
1.24162
1.24119
1.24101
1.24063
1.24015
1.23987
1.2412
1.24233
1.24255
1.24232
1.24198
1.24165
1.24152
1.2423
1.24207
1.24168
1.24145
1.24112
1.24175
1.24141
1.24113
1.24221
1.24178
1.24135
1.24147
1.24099
1.24066
1.24043
1.2401
1.23982
1.24019
1.24012
1.2409
1.24047
1.24009
1.24096
1.24089
1.24066
1.24033
1.24005
1.23992
1.23959
1.23911
1.23874
1.23866
1.23965
1.23932
1.23894
1.23897
1.23894
1.23861
1.23935
1.23892
1.23935
1.23907
1.239
1.23912
1.24015
1.24033
1.23995
1.23967
1.23975
1.23942
1.23899
1.23922
1.23894
1.23867
1.23844
1.23801
1.23844
1.23842
1.23805
1.23782
1.23785
1.23748
1.2373
1.23748
1.23711
1.23674
1.23646
1.23609
1.23784
1.23892
1.23855
1.23857
1.23835
1.23837
1.23805
1.23803
1.2376
1.23743
1.23711
1.23704
1.23671
1.23624
1.23708
1.23675
1.23658
1.23782
1.23765
1.23843
1.23977
1.2411
1.24062
1.24029
1.24153
1.242
1.24157
1.24144
1.24136
1.24113
1.2407
1.24046
1.24024
1.24056
1.24059
1.24051
1.24048
1.24005
1.23977
1.2394
1.23892
1.23919
1.23947
1.23939
1.24013
1.2397
1.23922
1.23919
1.23892
1.23889
1.23852
1.23814
1.23782
1.23921
1.23888
1.23865
1.23823
1.23835
1.23823
1.23805
1.23783
1.23811
1.23779
1.23762
1.23764
1.23853
1.23851
1.23808
1.23866
1.23849
1.23821
1.23839
1.23796
1.23749
1.23742
1.2379
1.23753
1.23781
1.23733
1.23731
1.23688
1.23681
1.23689
1.23652
1.23666
1.23639
1.23616
1.23574
1.23638
1.23611
1.23594
1.23652
1.23625
1.23704
1.23662
1.23675
1.23768
1.23726
1.23805
1.23792
1.2375
1.23728
1.23721
1.23678
1.23656
1.23679
1.23637
1.23625
1.23895
1.23857
1.2383
1.23802
1.23831
1.23798
1.23871
1.23839
1.23967
1.23975
1.23942
1.23894
1.23907
1.23864
1.23932
1.24005
1.23967
1.23934
1.23977
1.2398
1.24027
1.24019
1.23972
1.24065
1.24032
1.24024
1.24022
1.24019
1.24011
1.23973
1.23935
1.23943
1.23905
1.23867
1.2383
1.23787
1.23916
1.23898
1.24032
1.23999
1.24002
1.23974
1.24087
1.24119
1.24106
1.24109
1.24081
1.24098
1.2409
1.24042
1.23999
1.23961
1.24014
1.23971
1.23963
1.23925
1.23878
1.23936
1.23918
1.23971
1.23984
1.24192
1.24144
1.24101
1.24068
1.24025
1.24022
1.23994
1.23946
1.23924
1.24067
1.24034
1.24022
1.23989
1.24016
1.23993
1.24006
1.23983
1.24026
1.24043
1.24
1.23962
1.23975
1.23962
1.2392
1.23877
1.23945
1.23927
1.23935
1.24164
1.24146
1.24118
1.2407
1.24047
1.24145
1.24137
1.24094
1.24136
1.24108
1.24125
1.24324
1.243
1.24287
1.24238
1.24215
1.24172
1.24239
1.24206
1.24162
1.24134
1.24147
1.24103
1.2407
1.24189
1.24145
1.24127
1.24155
1.24136
1.24093
1.24065
1.24128
1.24085
1.24097
1.24069
1.24026
1.23983
1.23955
1.23938
1.2389
1.23882
1.2388
1.23943
1.23915
1.23908
1.2389
1.23898
1.23981
1.24014
1.24036
1.24149
1.24132
1.24124
1.24232
1.24234
1.24256
1.24217
1.24174
1.24151
1.24113
1.24069
1.24037
1.23999
1.23956
1.24079
1.24036
1.24013
1.24016
1.23973
1.2393
1.24169
1.24151
1.24103
1.24065
1.24032
1.23994
1.23981
1.23933
1.23931
1.24004
1.23956
1.23948
1.24046
1.24023
1.24021
1.24109
1.24121
1.24138
1.24221
1.24233
1.2419
1.24258
1.24209
1.24221
1.24218
1.24175
1.24161
1.24148
1.2412
1.24092
1.24044
1.24061
1.24023
1.24071
1.24234
1.24448
1.24475
1.24517
1.24538
1.24489
1.24445
1.24563
1.24524
1.2448
1.24441
1.24407
1.2448
1.24501
1.24462
1.24454
1.24415
1.24381
1.24343
1.24314
1.24275
1.24252
1.24214
1.24191
1.24167
1.24124
1.24101
1.24063
1.2403
1.23982
1.23944
1.23937
1.23914
1.23952
1.23984
1.23967
1.23924
1.23952
1.23934
1.23937
1.23904
1.23911
1.23879
1.23846
1.23894
1.23846
1.24061
1.24189
1.24145
1.24208
1.24179
1.24136
1.24194
1.24165
1.24148
1.2411
1.24338
1.2432
1.24286
1.24238
1.2422
1.24181
1.24138
1.24115
1.24117
1.24074
1.24399
1.24445
1.24422
1.24383
1.2434
1.24321
1.24358
1.24314
1.24271
1.24283
1.2427
1.24302
1.24278
1.2423
1.24302
1.24259
1.2423
1.24288
1.24249
1.24311
1.24298
1.2427
1.24246
1.24208
1.2424
1.24262
1.24264
1.24281
1.24308
1.24325
1.24393
1.24354
1.2431
1.24292
1.24314
1.24265
1.24247
1.24319
1.24336
1.24297
1.24284
1.24256
1.24258
1.24229
1.24231
1.24183
1.2417
1.24122
1.24109
1.24091
1.24058
1.24015
1.23982
1.24241
1.24198
1.24189
1.24161
1.24123
1.2408
1.24052
1.24014
1.24097
1.24155
1.24132
1.24083
1.2408
1.24053
1.24126
1.24223
1.2421
1.24167
1.24124
1.2409
1.24098
1.24115
1.24072
1.2414
1.24384
1.24335
1.24297
1.24304
1.24331
1.24292
1.24264
1.24255
1.24207
1.24189
1.24145
1.24133
1.24094
1.24071
1.24129
1.24121
1.24088
1.24055
1.24027
1.24055
1.24047
1.24019
1.23981
1.23958
1.23981
1.24089
1.24081
1.24169
1.24156
1.24108
1.24075
1.24032
1.23999
1.23971
1.23933
1.23915
1.23963
1.23951
1.23903
1.23875
1.24044
1.24006
1.23989
1.23956
1.23933
1.2389
1.23843
1.23795
1.23793
1.23856
1.23833
1.23811
1.23768
1.23721
1.23834
1.23812
1.23764
1.24201
1.24162
1.24164
1.24222
1.24173
1.24185
1.24228
1.2421
1.24317
1.24294
1.24245
1.24358
1.24309
1.24276
1.24313
1.24385
1.24352
1.24313
1.24265
1.24287
1.24309
1.24265
1.24237
1.24279
1.24281
1.24248
1.24229
1.24221
1.24228
1.2424
1.24202
1.24174
1.24226
1.24183
1.2414
1.24122
1.24083
1.24045
1.24038
1.24015
1.23967
1.2401
1.23972
1.23959
1.24002
1.24049
1.24067
1.24281
1.24268
1.24239
1.24246
1.24258
1.24331
1.24358
1.24319
1.24306
1.24303
1.24254
1.24246
1.24243
1.24199
1.24171
1.24163
1.2414
1.24142
1.24109
1.24096
1.24083
1.24035
1.24053
1.24015
1.23972
1.23999
1.23961
1.24024
1.24067
1.24024
1.23986
1.23983
1.23955
1.23907
1.24016
1.24058
1.24066
1.24043
1.24
1.23957
1.23939
1.24053
1.2401
1.23997
1.23954
1.23921
1.23919
1.23911
1.23863
1.23886
1.2409
1.24138
1.241
1.24067
1.24034
1.24016
1.23968
1.23955
1.23993
1.24106
1.24083
1.24051
1.24063
1.2403
1.23987
1.23944
1.23896
1.23919
1.23881
1.23853
1.23846
1.23844
1.24078
1.24176
1.24193
1.24185
1.24167
1.24129
1.24116
1.24068
1.2404
1.24012
1.23964
1.24022
1.24135
1.24097
1.24074
1.24036
1.24043
1.24121
1.24174
1.24216
1.24178
1.2416
1.24167
1.24118
1.24125
1.24118
1.24095
1.24077
1.24105
1.24076
1.24154
1.24111
1.24098
1.24085
1.24062
1.24034
1.24057
1.24044
1.24072
1.24069
1.24041
1.24073
1.2404
1.23992
1.23949
1.23911
1.23869
1.23922
1.23874
1.23861
1.23849
1.23801
1.23754
1.2418
1.24136
1.24113
1.24065
1.24042
1.24004
1.24102
1.24064
1.24021
1.23983
1.23935
1.23953
1.23981
1.24029
1.24016
1.23993
1.2395
1.23942
1.24
1.24068
1.24055
1.2447
1.24426
1.24443
1.24419
1.24396
1.24362
1.24318
1.2428
1.24236
1.24263
1.24246
1.24217
1.24234
1.24231
1.24188
1.24185
1.24162
1.24133
1.241
1.24067
1.24039
1.24067
1.24069
1.24081
1.24078
1.24086
1.24048
1.24
1.24062
1.241
1.24052
1.24034
1.23991
1.23948
1.23961
1.23933
1.23966
1.23948
1.23986
1.24053
1.24041
1.24104
1.24055
1.24017
1.2398
1.23987
1.23939
1.23916
1.23884
1.23897
1.23884
1.23846
1.23925
1.24028
1.24
1.24083
1.24246
1.24248
1.2421
1.24166
1.24128
1.2408
1.24057
1.24079
1.24041
1.23999
1.23955
1.23988
1.23965
1.23968
1.24041
1.24013
1.24025
1.24103
1.24095
1.24057
1.24029
1.23981
1.23953
1.23921
1.23923
1.24006
1.23979
1.23936
1.23913
1.24232
1.24264
1.24266
1.24268
1.24396
1.24408
1.24414
1.24371
1.24387
1.24344
1.24345
1.24297
1.24263
1.24235
1.24187
1.24244
1.24196
1.24183
1.2425
1.24221
1.24198
1.24563
1.24539
1.24566
1.24542
1.24498
1.24449
1.24425
1.24381
1.24348
1.24319
1.24276
1.24313
1.2427
1.24261
1.24233
1.24235
1.24196
1.24158
1.2415
1.24132
1.24089
1.24041
1.24038
1.24015
1.23977
1.24091
1.24088
1.2406
1.24017
1.24014
1.23986
1.23974
1.24097
1.24079
1.24262
1.24259
1.24286
1.24253
1.24215
1.24171
1.24183
1.2419
1.24197
1.24179
1.24191
1.24188
1.2419
1.24172
1.24149
1.24131
1.24083
1.2405
1.24017
1.23974
1.23931
1.23924
1.23881
1.23889
1.23856
1.24005
1.24042
1.23995
1.23952
1.23924
1.23941
1.24025
1.24002
1.23999
1.23971
1.24059
1.24112
1.24079
1.24156
1.24143
1.2414
1.24158
1.24175
1.24132
1.24149
1.24106
1.24088
1.24276
1.24273
1.24225
1.24201
1.24229
1.24205
1.24192
1.24214
1.24181
1.24143
1.24221
1.24182
1.24159
1.24111
1.24068
1.2404
1.24022
1.24004
1.24037
1.24024
1.23976
1.23948
1.23926
1.23923
1.23896
1.23954
1.23941
1.23928
1.23916
1.23873
1.24027
1.23989
1.23951
1.23928
1.23921
1.24024
1.23996
1.241
1.24137
1.24119
1.24071
1.24053
1.2401
1.24027
1.23995
1.24032
1.24014
1.23992
1.2413
1.24097
1.24119
1.24076
1.24043
1.24015
1.24139
1.24196
1.24158
1.24215
1.24217
1.24209
1.24181
1.24133
1.24115
1.24097
1.24059
1.24011
1.23998
1.24001
1.24063
1.2403
1.24007
1.23985
1.23957
1.23909
1.23977
1.23964
1.23936
1.23919
1.23891
1.23843
1.23831
1.23944
1.23937
1.24418
1.24434
1.24401
1.24352
1.24379
1.24366
1.24317
1.24359
1.24361
1.24312
1.24364
1.2432
1.24292
1.24319
1.24321
1.24328
1.24284
1.24331
1.24287
1.24244
1.24195
1.24167
1.24129
1.24171
1.24194
1.24155
1.24137
1.2424
1.24222
1.24174
1.24151
1.24102
1.24064
1.24046
1.24038
1.24237
1.24234
1.24201
1.24172
1.24215
1.24192
1.24179
1.24165
1.24157
1.24129
1.24217
1.24189
1.24196
1.24173
1.24145
1.24152
1.24134
1.24106
1.24093
1.24055
1.24097
1.2412
1.24082
1.24043
1.24005
1.23978
1.2399
1.23957
1.23935
1.23922
1.23879
1.23847
1.24091
1.24053
1.2401
1.24007
1.23964
1.24073
1.24035
1.24022
1.23979
1.24122
1.24231
1.24207
1.24164
1.24171
1.24148
1.2411
1.24072
1.24084
1.24061
1.24194
1.24201
1.24163
1.24175
1.24162
1.24154
1.24121
1.24168
1.24322
1.24364
1.24345
1.24327
1.24324
1.243
1.24312
1.24284
1.24296
1.24318
1.24284
1.24256
1.24243
1.24209
1.24171
1.24339
1.24301
1.24287
1.24365
1.24386
1.24363
1.24349
1.24351
1.24307
1.24279
1.24236
1.24222
1.2428
1.24252
1.24269
1.24225
1.24212
1.24224
1.24181
1.24147
1.24205
1.24575
1.24651
1.24637
1.24704
1.24665
1.24626
1.24576
1.24542
1.24513
1.24484
1.24567
1.24523
1.24499
1.24566
1.24562
1.24533
1.24544
1.245
1.24482
1.24438
1.24404
1.24431
1.24589
1.2456
1.24511
1.24563
1.24529
1.24545
1.24531
1.24493
1.24519
1.24485
1.24487
1.24498
1.24616
1.24602
1.24552
1.24543
1.24494
1.24461
1.24432
1.24383
1.24375
1.24351
1.24308
1.24304
1.24387
1.24353
1.2431
1.24321
1.24298
1.2426
1.24241
1.24198
1.24326
1.24332
1.24304
1.24265
1.24237
1.24194
1.24282
1.24238
1.24235
1.24232
1.24364
1.24326
1.24297
1.24264
1.24236
1.24222
1.24179
1.24146
1.24118
1.2407
1.24041
1.24149
1.24157
1.24118
1.2407
1.24037
1.24009
1.23977
1.23959
1.23966
1.23964
1.24052
1.24024
1.23986
1.23958
1.23915
1.23958
1.23916
1.23883
1.23931
1.23893
1.23911
1.23959
1.24092
1.24266
1.24248
1.24224
1.24181
1.24163
1.24195
1.24283
1.24249
1.24206
1.24228
1.24185
1.24152
1.24149
1.24116
1.24098
1.2409
1.24042
1.24079
1.24076
1.24033
1.24046
1.24033
1.24071
1.24038
1.24282
1.24248
1.24336
1.24358
1.24339
1.24346
1.24333
1.2443
1.24407
1.24368
1.24339
1.24361
1.24363
1.24416
1.24372
1.24353
1.24329
1.24362
1.24439
1.24461
1.24442
1.24418
1.24445
1.24406
1.24408
1.24394
1.24361
1.24373
1.24339
1.24315
1.24272
1.24304
1.2427
1.24232
1.24274
1.24226
1.24177
1.2421
1.24182
1.24199
1.24175
1.24162
1.24159
1.24187
1.24173
1.2416
1.24223
1.24179
1.24277
1.24249
1.24231
1.24343
1.243
1.24251
1.24213
1.24235
1.24187
1.24143
1.24101
1.24062
1.24064
1.24042
1.24084
1.24046
1.24205
1.24222
1.24204
1.24165
1.24137
1.24119
1.24111
1.24078
1.24085
1.24163
1.2412
1.24142
1.24134
1.24086
1.24108
1.241
1.24183
1.24165
1.24137
1.24093
1.24071
1.24033
1.2403
1.24007
1.23969
1.23936
1.23914
1.23866
1.23859
1.23821
1.23803
1.23816
1.23794
1.23751
1.23719
1.23677
1.24012
1.24024
1.24006
1.24104
1.24096
1.24058
1.24025
1.24123
1.24116
1.24153
1.2412
1.24071
1.24074
1.24449
1.2443
1.24406
1.24428
1.2445
1.24421
1.24392
1.24363
1.2435
1.24463
1.24419
1.24395
1.24402
1.24358
1.24309
1.24261
1.24223
1.2433
1.24292
1.24308
1.24325
1.24277
1.24243
1.24256
1.24222
1.2431
1.24281
1.24273
1.2426
1.24237
1.24213
1.24165
1.24142
1.24124
1.24086
1.24048
1.2404
1.24042
1.24064
1.24208
1.24165
1.24131
1.24254
1.24221
1.24298
1.24285
1.24317
1.24279
1.24235
1.24227
1.24214
1.24196
1.24147
1.24124
1.24106
1.24204
1.24166
1.24178
1.2415
1.24106
1.24083
1.2405
1.24103
1.24095
1.24062
1.2419
1.24157
1.24118
1.24075
1.24042
1.24059
1.24183
1.24144
1.24147
1.24169
1.24136
1.24107
1.24115
1.24071
1.24255
1.24216
1.24213
1.24276
1.24232
1.24189
1.24201
1.24178
1.2418
1.24257
1.24224
1.24186
1.24153
1.2412
1.24071
1.24058
1.24015
1.24008
1.2399
1.23952
1.2394
1.23902
1.23904
1.23877
1.23889
1.23902
1.23875
1.23842
