-0.289866
-0.0903575
-1.76264
0.210481
-8.84986
-47.1668
0.343248
-1.44457
-6.50028
-1.2781
-28.6545
-12.4746
0.231048
0.35461
0.105891
-0.491184
-0.483028
-3.40344
-0.046796
-17.4818
-10.4769
-12.4011
-14.9387
-32.7922
-10.8966
-27.2441
0.131071
0.259105
-26.9879
0.330298
0.206781
0.0707885
0.4045
-19.3783
0.202895
-5.93431
0.234057
-0.283266
0.15737
-41.0724
0.132911
-6.33065
-3.97066
-0.0521753
-0.175989
0.322161
-2.14668
0.233796
-0.333355
-13.0403
-35.1161
-38.7594
0.374031
-12.957
-0.533413
0.176781
0.321801
-6.24998
-0.187712
-10.8783
-28.2351
-11.4935
-4.8901
-0.198702
0.120498
-29.0661
-17.9051
-51.9489
0.297983
0.366966
-0.117118
-0.306735
0.33868
-8.09779
0.175177
0.313557
-44.329
0.351476
0.218356
0.321935
0.250866
-3.55869
0.0330756
-16.917
-34.4957
0.120899
0.0325685
-14.8524
-6.11186
-20.6237
0.398349
0.197828
-40.6757
0.281244
0.201652
-11.4719
-3.58211
-35.2119
-24.7014
0.0943798
0.118363
0.131464
-12.303
-4.25561
-11.3983
-11.49
0.057308
-0.0578701
0.388669
0.255529
-4.63537
-0.0269169
-0.119338
0.283254
-6.67801
0.194574
0.170392
0.18032
-19.8055
-7.50219
0.35792
-21.225
-3.74461
-9.7676
0.263458
-30.3431
0.0102244
0.284198
-12.5613
-6.8243
-9.12786
-1.51049
0.0850096
-3.71139
0.299671
-2.19512
0.395494
-0.408243
-4.26609
0.158476
-6.436
0.15976
-2.56568
-28.9338
-0.120496
-35.147
0.296077
0.325709
-7.23407
-0.00289656
-0.804634
-7.48537
-16.5973
-27.4679
-7.57164
-12.5432
0.0938591
-2.11877
0.281197
-15.5871
0.18644
0.269347
0.417774
0.0713488
-16.7485
-5.25187
-17.0382
0.186276
0.307231
-0.126641
-18.1535
0.345201
-13.6112
-2.40928
-1.8895
-14.7434
-0.240508
0.305333
-25.4488
0.285779
-0.0559694
-14.0318
0.34382
0.190546
0.237566
-16.2665
0.386202
-5.4416
0.165537
-1.2317
-15.0218
0.324884
-9.87919
0.386633
-0.0950055
0.219942
-6.42852
0.200284
-0.419861
-0.284161
0.351598
-0.0503601
-19.9969
-6.64217
0.376715
0.261295
-9.65347
0.344977
-13.0076
0.0762048
0.155013
-40.0206
0.319783
-6.65
0.040776
-0.666354
0.10106
-0.100528
0.330752
-12.5619
-0.313176
0.253739
-0.0203296
-10.3098
-0.0813684
0.0707674
0.213083
-1.05205
-14.1171
-16.7941
0.234948
-24.9083
0.198658
-27.5376
-3.09905
0.226715
-1.28434
-19.5294
-5.43442
0.311883
0.25012
-15.1921
-3.85649
-33.8095
-5.57247
-0.663014
-26.9716
0.0406884
-10.5765
-20.9666
0.32942
0.375599
-1.25981
0.210998
-0.570441
0.263041
-6.42844
0.341038
-18.1697
-6.80578
0.187097
-0.130191
0.204248
0.139304
-4.42818
0.18279
0.355157
0.254761
-4.05457
-0.459986
-0.684046
0.0542122
0.176834
-10.2865
-2.36617
-0.138985
-49.1483
-9.73604
0.0664825
0.314536
-5.35137
-1.16842
0.37504
0.288429
-8.40773
0.326567
0.196901
0.0876892
-30.191
-25.7196
-17.9622
-4.14949
-14.9985
0.351687
-21.0816
-12.267
-10.5302
-17.0748
-10.6217
-0.445987
-2.92654
0.215736
0.332627
-0.657705
-15.3761
-16.1308
0.324431
0.294655
-24.1262
0.3766
-18.2864
0.2393
-1.00117
0.190341
0.143394
-22.2484
-11.8578
-15.3325
-2.76583
-1.75949
-4.9477
0.242378
-35.0575
-5.51059
-14.758
0.340998
0.12531
-15.5124
-9.97448
-5.28777
-15.6265
-2.93693
0.238255
-2.52609
0.391596
-0.238108
-5.65423
0.156102
-13.6361
-16.8155
0.230756
-20.1476
0.362379
-8.03664
0.261116
0.273438
-33.3406
-8.63001
-6.30466
0.335011
-14.9685
-4.91408
-16.7708
-7.68116
0.224782
-0.110179
0.353191
-4.97546
-4.99538
0.266407
-0.672328
-14.1002
-1.91466
-7.18953
0.256565
-1.53468
0.282624
0.352549
0.239764
-37.4739
-29.8949
0.285535
-3.54624
-1.24107
-9.55225
-2.14721
0.159394
0.0473238
0.335414
-0.140108
0.117869
-4.43668
-4.49528
0.0891545
-0.118607
-36.0676
-21.9321
0.32009
-11.6094
-7.90144
-6.15748
-21.6898
-12.3675
0.331608
-0.916955
-10.6209
0.323519
-18.3502
-0.836113
0.152294
-20.3109
-20.2285
-1.57352
-15.7748
0.316432
-21.3686
0.373812
-3.15041
-8.27585
0.342056
-23.4638
-0.291077
0.0639856
-0.7197
-1.11597
-4.83996
-0.328986
-2.41063
-0.747252
-0.47155
-4.69969
-10.8902
-5.7003
-0.0699404
-8.6325
-17.6574
-19.3416
-0.160046
0.392226
0.296714
-4.29136
0.304552
-14.5145
0.281756
-0.136369
-39.7742
-5.45318
-0.323211
0.387366
0.148704
0.299559
-1.65686
-19.6463
0.380907
0.327888
-0.683012
-17.9492
-0.762078
-36.0974
-3.70151
-0.663144
0.159874
0.274586
-17.5595
0.338246
0.323422
0.371594
-28.6293
-1.05104
-4.80541
0.0642715
-9.99442
-1.59708
0.376584
-2.50835
0.397138
0.386182
-5.3362
-0.203458
-0.572023
0.396
0.240132
0.338929
-11.2111
-1.96867
-26.6902
-1.23083
-21.6519
-16.3964
0.250396
0.12146
-30.5004
0.206395
0.179713
0.318506
0.305111
0.172844
0.155741
0.134395
-0.43215
-39.7659
-3.77945
-1.97509
0.382391
-3.18367
0.202722
-14.6408
0.291755
0.286943
0.347327
-0.187902
0.384976
-5.16624
-14.3304
-10.5802
0.213785
-5.16114
0.335842
0.219865
0.306761
0.0815044
0.339643
0.300612
0.353718
0.302044
-23.4096
0.345121
0.178093
0.343771
0.263831
-12.5882
-8.23961
0.399651
0.273095
-23.5128
-5.58636
0.354516
0.33113
0.198364
0.126886
0.295135
-18.9101
0.370404
-16.0797
-0.0420523
0.11456
-0.863234
-4.43692
-2.41882
0.203642
0.0509077
0.256248
0.344208
-0.250791
0.0797448
0.235858
0.326643
-0.513511
-10.7441
-4.38141
0.148772
-22.0448
-0.0389877
-0.0752354
-11.9516
-12.9156
0.332
-11.764
0.215321
0.243421
-3.10045
-14.9076
0.300981
0.185203
0.251986
-7.88874
-6.98345
0.355237
-11.7624
-29.1729
-0.0440187
-1.67421
0.404164
-6.21414
0.147629
0.209611
-13.2402
0.193156
-9.75197
-0.266102
0.204355
-2.54263
0.329913
-8.03457
0.189769
-0.551896
-16.5034
0.263838
-7.51927
-0.129977
0.245316
-2.43212
-16.743
-15.7654
0.267928
-9.09989
-0.711746
-5.39829
-11.6113
-10.5334
-0.305756
0.299608
-0.032666
0.356649
-1.71065
-0.112817
0.075023
0.352819
0.294872
0.300863
0.341275
-0.581725
0.0856633
0.3067
0.381211
-0.0479647
-1.03741
0.323298
-10.1214
0.287603
-1.36147
-14.3431
0.0952319
0.257606
-28.7797
0.281868
0.0105841
0.18738
0.245027
0.296859
0.303725
0.300907
-3.45095
0.35787
-18.3197
-3.00189
-14.8013
-1.71414
-6.52791
-5.19543
-5.72611
-9.57094
0.157336
-9.8208
-3.3058
-0.0920593
0.270935
-8.74792
-0.452346
0.191732
-5.63131
-8.04943
-17.6201
0.0500612
-0.846978
-31.2166
-13.2947
-2.7178
0.403365
-12.464
0.221509
-18.2974
-2.29401
0.0232822
0.0347762
0.377031
0.193186
0.0859121
-0.585337
-0.0647465
0.282106
0.0554791
-2.12469
0.393596
-0.437158
0.102356
0.323326
-5.10357
-21.5442
-37.1169
-6.82274
0.155336
0.330114
0.0207337
0.295211
-11.8709
0.140473
-20.8813
-1.9735
-16.2191
0.198638
0.313395
-15.9246
-3.57293
-5.63049
0.280732
0.280263
-18.6541
0.277071
-1.32638
-0.109506
-2.10353
-8.21844
-10.8549
0.0534859
-1.83727
-0.698803
0.308277
0.257652
-1.13704
0.0986799
0.232767
0.360683
-0.44032
-5.02504
0.251385
-30.353
0.290413
-24.2838
-14.9019
0.035274
-2.15777
-0.422251
-16.3244
-9.63881
-8.12371
-24.8036
-10.9922
0.248357
-3.11977
0.0167192
-17.6856
-23.9367
0.279561
0.298562
-7.97369
-20.9162
-4.15539
0.389024
-1.98655
-6.26322
-2.1647
-1.42379
-0.156731
0.0840392
-3.8078
-0.172633
-29.2575
-14.1847
-0.880728
-2.83926
-7.48959
-0.154091
0.255904
-5.9365
0.223402
-0.660921
0.291467
0.356961
0.364578
0.238966
-0.300951
-0.0403958
-4.48272
0.0204825
-4.20734
-10.6284
-0.249622
-0.629081
0.352803
0.216138
0.112298
-16.4897
-1.15655
0.226228
-7.86405
-29.4833
-2.02704
0.124415
0.161929
-30.1168
-2.06312
0.281977
-4.58782
-6.85136
0.26189
0.366422
-7.14882
-7.04332
0.0219806
0.285352
-7.91647
0.232674
0.172077
-7.9705
0.279123
0.16403
-19.8052
-0.972165
-13.7624
-28.0443
-5.88636
0.279041
-0.00389368
-0.532266
0.337739
0.357052
0.340316
0.288877
0.0239954
-2.87591
-0.0955105
0.302694
-2.92501
0.0036352
-17.7626
0.326921
0.205021
0.141557
0.229662
0.262353
-1.95695
-27.5297
0.252951
0.0725269
-4.03252
-0.232026
0.147261
-14.3453
-13.6488
-0.283219
-0.42051
0.178083
-0.229427
0.230206
0.269958
-0.805396
-6.53247
0.288317
-0.0562901
-2.89026
-10.1839
-39.1299
0.116856
-0.0347089
0.150003
-0.101583
0.165995
0.318325
-10.4548
-2.53101
0.0658353
-18.1424
-9.32866
0.281236
-12.2621
-1.61032
0.324669
-12.899
-18.4224
0.107009
-0.54475
0.361905
0.333416
0.332432
-2.3302
0.330338
-0.626435
-6.39389
0.0538914
-2.7495
-11.7206
-1.78408
-6.46161
0.367469
-9.25159
-0.218723
0.234002
-0.542664
-8.21943
0.262815
0.331896
-7.12233
-10.4071
-0.591697
0.178155
0.39404
-17.4783
0.0380277
0.247186
-28.5687
-3.65249
0.331024
-11.9982
0.380823
-22.2712
-48.0215
-1.39431
-16.4272
-0.14362
-15.4895
0.245548
0.232424
-19.4639
0.299086
0.143237
0.236564
0.332009
0.0111594
-13.5864
0.234261
0.127022
-5.06865
0.27214
0.105682
-7.04443
0.217765
-11.888
0.208459
-8.63008
0.11182
-0.647176
0.100353
-12.2497
0.0241177
0.225806
-0.4557
-13.1208
-7.10507
0.304351
0.400477
-0.0627866
0.293089
-21.6913
0.197015
0.414625
-0.432088
-10.6148
-24.6713
-14.4156
-0.964487
-12.734
-7.06682
-3.66879
-38.0696
0.062676
-29.0171
-0.523686
0.150439
-13.1343
0.201052
0.254098
-17.0498
-28.9752
0.221647
-4.69842
-7.68877
-0.0938475
0.173301
0.370877
-4.09819
0.236195
0.136584
0.334604
-3.71045
-19.3012
-0.244604
0.266859
-6.01616
-8.7353
0.360795
0.190627
0.310238
0.175422
0.323018
-33.8063
-26.0748
-40.5125
0.115713
-27.1953
-23.7486
-22.6378
-13.775
0.00636939
-4.54352
0.347808
0.383766
0.0560414
0.318085
-0.0321812
-0.0698815
0.146701
0.352803
-24.024
-18.264
-3.58804
-2.34729
-8.00336
0.275721
-0.604047
-31.7788
-30.1892
-16.0894
-21.1846
-0.053927
-20.1886
-27.979
-32.3464
-16.3498
-63.2942
-19.4302
0.0452167
-17.7403
-8.30949
-26.1895
-13.8573
-14.1567
-26.0636
-12.8165
-5.50415
-12.6448
-8.26753
-0.191445
-0.077457
0.269189
-24.3008
-14.3961
-16.8087
-1.29913
-39.1487
-17.7299
-18.6722
-6.41426
-5.2286
-20.6675
-27.4026
-29.9905
0.358117
-13.8031
-14.1193
-19.1034
-7.89844
-1.93993
0.376374
-0.719626
-0.839667
-23.5564
-0.781498
-14.8004
0.313642
-16.8039
-10.7202
-3.66176
-23.676
-0.327425
-17.976
-13.7605
0.252885
-25.8902
-5.01058
-25.9332
0.154377
-4.71828
-18.9707
0.352477
-32.6728
-26.164
-19.6134
0.347463
-8.30251
-15.5257
-8.48036
-7.30795
-12.7619
0.347245
-16.8293
-3.68095
-12.7875
-43.3783
-2.11605
-8.74138
-4.44903
-0.177322
-5.47339
-0.249454
-5.24628
-0.774677
-2.0827
-3.76691
-2.43523
0.315281
-2.57028
-25.2383
0.416091
-17.0427
0.37748
-9.49339
-38.7411
-2.66224
-0.553398
-2.39981
0.340268
0.138501
-0.020345
-4.2029
-13.8989
-12.6135
-19.1932
0.19575
-16.7425
-14.7806
-14.2154
-5.30095
-22.4676
-0.955524
-7.58844
-6.90802
-9.05468
-6.52136
-1.47013
-42.9672
-2.60805
-0.420606
-0.907315
-0.208099
-22.8245
-0.360807
-13.7016
-11.0974
-1.45069
-16.833
-51.0661
-31.8269
0.0509932
-26.8672
-29.5786
0.0973473
-12.442
-0.687018
-19.8945
-8.96495
-0.89107
0.296953
-0.105316
-21.6464
-9.61231
-7.8633
0.0419993
-7.80732
-23.6501
-0.793373
-33.1224
-9.81333
-21.6321
-8.49599
-22.7423
-9.79871
-48.6561
-8.80819
-2.10193
-1.56877
-13.164
-0.292369
-5.49721
0.0221116
-3.68497
-4.90142
-22.2631
-20.3584
0.0909401
0.184257
-30.3279
-56.3215
-18.5798
-13.0266
-0.886697
-28.98
-14.1565
-5.60116
-0.4354
-0.640422
-0.907308
-23.8202
-33.0422
-5.51231
-24.9156
-1.36435
-11.3838
-11.1144
-18.0324
-6.12237
-8.55334
-7.81021
-29.1766
-7.92986
-17.3595
-34.4597
0.298084
0.387271
-3.68934
0.00902255
-27.4539
-20.218
-20.8938
-12.2543
-24.5197
-9.27274
-10.7484
-7.87213
-32.4361
-24.2833
-3.65109
0.461394
-14.9134
0.277913
-30.9349
-24.6976
-0.677847
-8.14676
-18.3761
0.281112
0.349284
-0.860673
-21.7482
-16.5837
0.376171
-0.0584534
-14.6838
-5.72381
-2.78341
-11.0442
-22.8052
-0.644271
-9.52155
-60.1562
-60.9519
-21.8981
0.279918
-7.41295
0.352768
-0.77467
0.331506
-5.49052
-0.444024
-43.4341
-6.49261
-21.2992
-2.55925
-6.06824
-30.2624
-22.7997
0.248645
-28.9793
-31.3734
-13.8915
-0.90282
-12.7055
-10.1728
-0.521028
-19.9284
-28.2616
-5.91895
0.299907
0.345124
-14.9373
-36.2645
-20.3946
0.416411
-2.15321
-19.0018
-27.3288
0.138481
-15.6037
-10.3517
-42.0595
-0.763617
-9.81089
-20.7483
-2.99347
0.0525515
-42.7734
-1.26209
-25.8044
-0.506473
-18.654
-23.377
-11.4569
-15.575
-11.3594
0.343581
-6.75507
-3.04069
-12.0121
-0.586194
-8.11819
-0.0782539
0.12659
-19.7056
-10.1366
-3.14047
-21.3572
-22.9408
-7.69381
-1.14691
-19.7861
-15.2171
0.380811
-6.20117
-15.2745
0.236213
-40.8636
-13.9821
-1.51288
-16.4062
-18.9665
-19.049
0.286943
0.279681
-18.9183
-17.6126
-3.37589
0.319021
-13.6568
-21.186
-20.9518
0.0698337
-32.4941
0.169194
-26.5241
0.138422
-3.24496
-3.85555
0.341744
-0.959674
-6.34487
-1.11637
0.0851005
0.282204
-20.8799
-24.1215
-24.2891
-21.1756
-4.6506
-2.61755
-10.9976
-14.7032
-12.2466
-5.26275
-0.239782
-12.0683
-0.689466
-17.741
-9.99444
-8.68742
-32.7723
-0.927251
-13.6932
-11.9105
-26.3256
-17.0672
-7.28091
-24.1359
0.354927
-17.2691
-5.89334
-10.9851
-24.6309
-8.94897
-11.8561
-20.32
-7.39666
-1.10387
0.32979
0.0888807
0.357295
0.309238
-11.9536
-0.950377
0.407883
0.234988
-20.204
-16.5295
-15.4947
-43.69
-10.4079
-0.0143768
-14.5837
0.403129
-27.5296
-10.9883
-6.0799
-27.0089
-15.7547
-5.9565
-21.3689
-17.1057
-0.238355
-7.74422
-21.292
-13.085
-17.4644
0.0718806
-3.24049
0.242886
-15.3322
-7.10694
-14.9749
-6.69996
0.239077
-0.189727
-14.0465
-7.61228
-46.4969
-4.40146
-10.5016
-11.2559
-6.15239
-6.08096
-17.1219
-11.4538
-15.7271
0.325749
-22.2512
-26.5603
-0.30266
-4.45447
-1.3872
0.300337
0.164834
-7.03661
-7.37587
0.308232
-23.9337
0.0151489
-6.36946
-34.0216
-19.0815
0.174747
0.0543015
0.100945
-5.18829
-16.6071
-20.0495
0.26861
0.416368
0.470074
-0.110422
-15.6655
-2.65913
0.353588
-29.2635
0.193313
0.174817
-22.1336
-37.6242
-22.4953
0.169549
-27.1116
-8.55256
-15.4864
-18.5024
0.333101
0.103867
-2.30897
-0.131843
-8.63912
-3.61385
-19.7787
-0.491939
-1.24389
-5.49982
-25.9288
-4.00176
-10.4178
-0.168375
-30.297
-14.3823
0.240105
0.271714
-8.63049
-16.3735
-8.20106
-8.9017
-23.4848
-4.48604
-5.08107
-13.43
-1.91267
-9.80963
-40.2036
-14.9029
-1.91961
-9.41305
-2.88344
-1.23476
0.227162
-36.575
-14.8808
-5.86705
-0.263247
-0.695749
0.111867
-0.203668
0.0535571
0.312156
0.35483
-0.028108
0.358029
-7.89584
0.146389
0.228034
0.413425
-24.8669
-15.3885
-12.5089
0.19243
-21.2246
0.30634
-0.396803
-2.2138
-13.0206
-3.02179
0.094158
-12.4659
0.275222
0.254522
-0.437459
0.323511
-0.187651
0.355506
0.0435869
0.364878
-12.1416
-3.16222
-0.601295
0.16122
-12.3778
0.356639
0.281066
-22.143
-6.12056
-11.8807
0.0829868
-6.46607
0.314557
0.236353
0.365708
-22.0222
-10.2152
-13.4455
-4.56755
-1.35272
-17.4348
0.234394
0.226263
0.092982
0.343676
0.198535
-4.19805
0.370316
0.0197608
-18.9453
-12.0573
-2.50396
0.0258132
-2.11358
0.212283
0.159126
0.291871
-26.0492
0.304476
-19.1038
0.322822
-1.08102
0.209933
-0.844764
-6.57452
-7.76971
-26.1189
0.38826
-13.6027
0.335116
-9.49206
-0.399624
-1.36101
0.181398
0.33156
0.285733
-2.53271
-0.289757
-10.8459
-9.6358
0.275126
-0.0885629
0.189858
-9.40111
-3.64941
-0.443777
0.317084
-12.1213
-0.208166
0.029368
-11.1879
-17.119
0.0729691
-9.18171
0.241058
-20.3353
0.114387
0.254661
-3.03264
0.351921
0.330395
-8.34007
0.427451
-17.3117
-14.7868
0.373876
0.0702344
0.410465
-0.0613325
-4.65303
-7.03333
0.349514
0.0863786
-1.30323
-11.4211
-17.3368
0.0937666
-9.8279
0.184315
0.122661
0.164431
-1.13626
-0.0571183
-0.992348
0.230706
-1.03097
0.117716
0.301571
-12.5414
-21.0678
0.200203
-2.14221
-6.98599
0.108377
-3.17338
-3.18776
-2.98455
0.227833
-2.35241
-23.0449
-25.821
0.10613
0.241595
-6.15328
0.233251
0.108225
0.133594
-0.0934924
-0.557962
-2.79192
-12.8697
-15.3627
-0.197113
0.167994
0.306616
-16.4316
-9.15321
-4.873
-0.252888
0.235375
-17.1495
0.331084
0.315012
-0.175324
-10.056
0.329927
0.260448
-36.3297
0.23178
-0.0598985
0.243078
-3.97946
-12.9016
-9.26525
0.0487757
0.0345786
0.197811
0.293554
0.0290082
0.0867303
-16.1124
-5.57737
-18.0417
-0.0865481
-14.5179
-0.594792
0.133751
0.298005
0.103292
-24.1175
-18.7975
-3.15546
0.303341
-10.1081
-28.2366
-3.33836
-18.5734
0.325195
-18.7463
0.249241
0.249605
-0.0156839
0.168022
-4.72852
-6.28342
-6.82241
0.228132
-12.0299
0.326749
0.338642
-3.74856
0.26468
-16.0336
-7.38431
-23.9844
0.2671
-0.943034
-2.51838
0.0126365
-7.02548
0.257061
-35.8798
-12.3437
0.138418
-4.49557
0.180799
-5.45632
-5.91188
0.286131
0.328788
0.245354
-15.5205
-10.0684
-1.59124
0.287243
0.151763
-8.02325
-7.12728
0.313599
-0.691147
0.289966
0.355243
-4.90523
0.406334
0.209676
0.281101
-2.23566
0.44071
-0.173383
-0.216833
0.378131
-21.4139
-11.9733
0.292265
0.367296
-4.40796
-29.7997
0.231802
-2.10385
0.371495
0.0642713
-0.296664
0.350899
-2.18298
0.133054
0.142414
-17.9154
-8.52942
0.215537
0.0912878
0.35052
0.279661
0.198644
0.144733
0.3536
-0.619636
0.0388338
-21.6901
-0.247091
0.0121792
-7.46195
-0.411535
0.374828
-10.9745
0.219671
0.242235
-2.02791
-38.6003
-6.88447
0.367372
0.254961
-0.165144
-23.081
0.184343
-8.79278
-1.11091
-15.331
0.151273
0.317484
-0.683303
-12.9641
-1.87874
0.374109
-9.51333
0.163738
-26.3388
0.192633
0.289031
-0.505623
-10.9061
0.17883
0.166868
-19.2769
0.271786
-7.97736
-0.28335
-0.318497
0.333983
-21.6721
-0.17302
-0.354307
0.182783
0.234908
-8.76263
-12.2924
-0.524252
-7.87857
-13.5277
-0.348223
0.208371
-13.3362
-0.0400991
0.364781
-0.116213
0.0574482
-2.54741
0.277043
0.0474415
-0.263126
0.214292
0.31696
0.27399
-6.97751
0.280927
0.24155
-1.0387
-0.129551
0.145312
0.383919
-2.39357
-2.99642
-5.98019
-14.4547
0.120929
-20.3939
-16.4895
-5.88825
0.336383
-21.0302
-11.631
0.392817
0.264066
-0.0654925
-13.1083
-5.16016
-0.467578
0.304907
-14.585
0.378028
-21.4674
0.211883
0.169915
-2.11115
0.238864
-7.56241
-0.387237
-20.5944
0.111504
-3.70998
-0.58165
-0.181168
0.250695
0.201369
-11.9942
0.266237
0.278151
0.257881
-3.61734
-20.616
-15.6029
0.242691
-0.637667
0.252986
0.314798
-35.6986
-0.101122
-5.70811
-15.534
-12.8037
0.0781655
-23.9058
-28.086
0.187788
-4.80766
-0.53285
-6.39699
0.231951
0.354206
-5.12627
0.244858
0.278969
0.331308
0.386266
0.131631
0.280953
-17.3008
0.260157
0.250231
-7.68674
0.0339526
-0.0588471
0.371282
0.32508
0.20361
-3.76032
0.147113
0.0201437
0.201114
-0.312581
-8.65092
0.148089
0.240468
0.13658
0.115373
-0.051791
-0.0496916
0.226484
0.0304559
-8.18296
0.253573
-6.33055
0.227885
-8.92758
-0.153412
-10.1804
-13.3634
0.26522
-16.2758
0.188285
-3.69372
-5.49887
0.0933549
-8.24768
-12.2017
0.286252
-19.279
0.249372
0.324278
-1.06726
0.129553
0.298685
0.179565
-8.03736
0.310568
-0.665829
0.345993
-0.748184
0.305376
-1.96346
0.164911
0.296999
0.300039
0.355574
-11.0172
-13.7681
-4.46481
-15.9698
0.244641
-9.06988
0.38751
-1.11573
-2.41343
0.321082
-0.83348
-8.02354
-9.75759
0.272422
0.337557
