1
1.00785
1.00848
1.00851
1.00864
1.00877
1.00894
1.00912
1.00915
1.00938
1.0097
1.01018
1.01015
1.01028
1.01075
1.01078
1.0109
1.01162
1.01174
1.01181
1.01428
1.0143
1.01451
1.01498
1.01524
1.0152
1.01547
1.01828
1.01848
1.02039
1.02044
1.02144
1.02193
1.02278
1.02297
1.02411
1.02446
1.02505
1.02528
1.02572
1.02575
1.02649
1.02713
1.02776
1.031
1.03112
1.03214
1.03231
1.03258
1.03345
1.03342
1.03449
1.0345
1.03466
1.03468
1.03484
1.03501
1.03507
1.03508
1.03565
1.03581
1.03607
1.03713
1.03719
1.0371
1.0373
1.03801
1.03952
1.04017
1.04012
1.04067
1.04348
1.04372
1.04396
1.0441
1.04429
1.04423
1.04422
1.04531
1.0456
1.04584
1.04612
1.04606
1.0478
1.04803
1.04836
1.04894
1.04917
1.04905
1.04893
1.04896
1.05094
1.05131
1.05134
1.05141
1.05148
1.05712
1.05703
1.05698
1.05694
1.05715
1.05751
1.05762
1.05808
1.05818
1.05894
1.05894
1.05909
1.05945
1.05965
1.06045
1.06045
1.06105
1.0618
1.0618
1.06185
1.06174
1.06179
1.06399
1.06433
1.06447
1.06496
1.065
1.06584
1.06633
1.06627
1.0664
1.06634
1.06788
1.06811
1.06804
1.06787
1.069
1.06903
1.06906
1.06979
1.07017
1.07024
1.07047
1.07135
1.07122
1.07134
1.07151
1.07184
1.07216
1.07309
1.07315
1.07322
1.07324
1.07311
1.07298
1.0749
1.07506
1.07563
1.07564
1.0759
1.07596
1.07613
1.07609
1.0764
1.07666
1.07747
1.07738
1.07729
1.07765
1.0777
1.07791
1.07787
1.07792
1.07773
1.07969
1.08035
1.08105
1.0811
1.0812
1.08134
1.08134
1.08144
1.08179
1.08178
1.08283
1.08273
1.08292
1.08297
1.08326
1.08406
1.0842
1.08424
1.08493
1.08512
1.08556
1.0861
1.08609
1.08793
1.08781
1.08759
1.08742
1.08726
1.08824
1.08812
1.08936
1.08924
1.09097
1.091
1.09097
1.09099
1.09212
1.09345
1.09337
1.09319
1.09381
1.09382
1.09374
1.09396
1.09387
1.09419
1.09396
1.09387
1.09505
1.09541
1.09533
1.09554
1.09575
1.09587
1.09618
1.09609
1.09635
1.09636
1.09818
1.09799
1.09829
1.0981
1.09821
1.09821
1.09862
1.09847
1.09873
1.09924
1.09964
1.09949
1.09985
1.1
1.1001
1.09985
1.10051
1.10056
1.10051
1.10026
1.10016
1.10051
1.10066
1.10142
1.10267
1.10247
1.10231
1.10215
1.10255
1.10265
1.10239
1.10249
1.10263
1.10258
1.10252
1.10262
1.10271
1.10276
1.10255
1.10335
1.10309
1.10304
1.10278
1.10373
1.10382
1.10527
1.10511
1.10509
1.10498
1.10472
1.10446
1.10596
1.10569
1.10563
1.10662
1.10661
1.1074
1.10718
1.10716
1.10735
1.10753
1.10892
1.10915
1.10908
1.10941
1.11437
1.11453
1.1143
1.11411
1.11383
1.11374
1.11386
1.11368
1.11385
1.11567
1.11548
1.1153
1.11586
1.11598
1.11634
1.11736
1.11777
1.11772
1.11763
1.11779
1.1181
1.11825
1.11811
1.11827
1.11847
1.11833
1.11823
1.11814
1.11814
1.11805
1.11786
1.11806
1.11827
1.11848
1.11839
1.11859
1.11971
1.11961
1.11986
1.12077
1.12052
1.12142
1.12122
1.12102
1.12082
1.12082
1.12062
1.12087
1.12062
1.12047
1.12057
1.12062
1.12057
1.12052
1.12127
1.12152
1.12182
1.12182
1.12212
1.12227
1.12307
1.12306
1.12351
1.12361
1.12335
1.12434
1.12409
1.12418
1.12467
1.12536
1.12566
1.12605
1.12608
1.12592
1.12686
1.1271
1.12678
1.12662
1.1264
1.12654
1.12682
1.12676
1.12684
1.12748
1.12757
1.1274
1.12738
1.12717
1.12735
1.12728
1.12737
1.1271
1.12734
1.12762
1.12775
1.12759
1.12752
1.1274
1.12729
1.12852
1.12861
1.12839
1.12817
1.12845
1.12843
1.12836
1.12839
1.12832
1.1281
1.12783
1.12766
1.1277
1.12984
1.12962
1.12935
1.13093
1.13086
1.13058
1.13041
1.13018
1.12991
1.13054
1.13021
1.13004
1.13167
1.13416
1.13433
1.13435
1.13492
1.13478
1.1348
1.13521
1.13523
1.13514
1.13531
1.13512
1.13493
1.13495
1.13511
1.13508
1.13479
1.13526
1.13522
1.13569
1.13595
1.13586
1.13552
1.13619
1.13585
1.13571
1.13558
1.1374
1.13706
1.13707
1.13723
1.13694
1.13659
1.13695
1.13737
1.13722
1.13749
1.1387
1.13951
1.14294
1.14293
1.14278
1.14267
1.14272
1.14397
1.14376
1.14346
1.14325
1.14339
1.14334
1.14303
1.14272
1.14252
1.14226
1.14196
1.1416
1.14175
1.14386
1.14411
1.1439
1.14384
1.14439
1.14468
1.14492
1.14471
1.14435
1.14434
1.14473
1.14462
1.14441
1.14405
1.14429
1.14705
1.14699
1.14687
1.14711
1.14694
1.14683
1.14651
1.1464
1.14704
1.14708
1.14721
1.14685
1.14698
1.14682
1.1471
1.14699
1.14662
1.14781
1.1483
1.14828
1.14806
1.14784
1.14752
1.14751
1.14754
1.14798
1.14776
1.14754
1.14753
1.14736
1.14805
1.14783
1.14766
1.1477
1.14753
1.14751
1.14795
1.14808
1.14817
1.14855
1.14823
1.14861
1.1497
1.14968
1.15032
1.14999
1.14987
1.15045
1.15048
1.15045
1.15083
1.15076
1.15043
1.15056
1.15028
1.15021
1.15099
1.15081
1.15074
1.15046
1.1517
1.15152
1.15159
1.15177
1.15164
1.15222
1.15219
1.15191
1.15249
1.15211
1.15193
1.1517
1.15213
1.152
1.15358
1.1532
1.15322
1.15289
1.15255
1.15298
1.15285
1.15317
1.15319
1.15442
1.15423
1.1545
1.15452
1.15479
1.15566
1.15542
1.15599
1.1558
1.15682
1.15743
1.15719
1.15685
1.15666
1.15626
1.15612
1.15584
1.15575
1.15561
1.15557
1.15584
1.15646
1.15793
1.15758
1.15719
1.1576
1.15761
1.15817
1.15783
1.15748
1.1577
1.15921
1.15882
1.15882
1.15863
1.15899
1.15965
1.16041
1.16001
1.15971
1.15986
1.15977
1.15972
1.15937
1.15897
1.15873
1.15858
1.15849
1.1591
1.159
1.15982
1.15967
1.15937
1.15948
1.15908
1.16054
1.16034
1.16004
1.161
1.16085
1.16065
1.1603
1.16101
1.16071
1.16076
1.16056
1.16061
1.16041
1.16081
1.16202
1.16232
1.16201
1.16317
1.16347
1.16376
1.16366
1.16375
1.1635
1.16344
1.16313
1.16288
1.16262
1.16236
1.16206
1.16206
1.16241
1.1623
1.1626
1.16225
1.16199
1.16189
1.16204
1.16163
1.16153
1.16213
1.16223
1.16233
1.16409
1.16383
1.16382
1.16392
1.16351
1.16647
1.16611
1.16605
1.16563
1.16592
1.16551
1.16525
1.16483
1.16593
1.16648
1.16616
1.1662
1.16629
1.16698
1.16747
1.16736
1.16759
1.16717
1.16746
1.16734
1.16722
1.16756
1.16765
1.16773
1.16762
1.16755
1.16718
1.16732
1.1672
1.16779
1.16757
1.16726
1.16694
1.16662
1.1663
1.1667
1.16633
1.16596
1.1659
1.16559
1.16523
1.16642
1.16616
1.16957
1.16945
1.16913
1.17077
1.1708
1.17047
1.1701
1.16967
1.16924
1.16913
1.1688
1.16838
1.16862
1.16845
1.16923
1.16931
1.1697
1.16947
1.17026
1.17019
1.17012
1.17065
1.17027
1.17055
1.17023
1.17081
1.17038
1.17031
1.17004
1.16966
1.16959
1.16942
1.1691
1.16893
1.1686
1.16834
1.16802
1.16931
1.16888
1.16902
1.16869
1.16852
1.16886
1.16859
1.16902
1.16981
1.17089
1.17072
1.1707
1.17118
1.17075
1.17037
1.1708
1.17043
1.1701
1.16978
1.17082
1.17044
1.17168
1.17125
1.17092
1.17095
1.17107
1.171
1.17158
1.1713
1.17123
1.17125
1.17254
1.17226
1.17218
1.17195
1.17193
1.17286
1.17242
1.1725
1.17207
1.17219
1.17181
1.17189
1.17166
1.17163
1.17131
1.17113
1.17206
1.17224
1.17251
1.17279
1.17311
1.17499
1.17461
1.17457
1.17444
1.17405
1.17377
1.17369
1.17376
1.17368
1.1739
1.17356
1.17419
1.1738
1.17337
1.17299
1.17366
1.17343
1.17315
1.17282
1.17279
1.17291
1.17253
1.1726
1.17227
1.17214
1.17196
1.17169
1.17232
1.17349
1.17331
1.17298
1.1726
1.17267
1.17244
1.17216
1.17405
1.17377
1.17439
1.17415
1.17558
1.17565
1.17531
1.17497
1.17479
1.17495
1.17457
1.17433
1.1745
1.17452
1.17413
1.1737
1.17357
1.17449
1.17537
1.17573
1.1756
1.17586
1.17593
1.17564
1.17555
1.17562
1.17569
1.1756
1.17521
1.17493
1.17464
1.17466
1.17462
1.17424
1.1739
1.17352
1.17354
1.17311
1.17283
1.17255
1.17252
1.17254
1.17267
1.17299
1.17276
1.17253
1.17245
1.17262
1.17265
1.17221
1.17264
1.17281
1.1752
1.17507
1.17493
1.17479
1.17446
1.17402
1.17369
1.17336
1.17383
1.17395
1.17366
1.17338
1.1733
1.17317
1.1745
1.17416
1.17468
1.17435
1.17452
1.17549
1.17516
1.17648
1.17614
1.17595
1.17551
1.17553
1.17544
1.1751
1.17482
1.17478
1.17445
1.17452
1.17464
1.17541
1.17623
1.17584
1.1755
1.17506
1.17488
1.17449
1.17446
1.17725
1.17756
1.17777
1.17768
1.17729
1.1774
1.17716
1.17717
1.17738
1.17719
1.17705
1.17702
1.17703
1.17663
1.17634
1.17651
1.17612
1.17588
1.17625
1.17591
1.17653
1.17755
1.17756
1.17742
1.17728
1.17708
1.17715
1.17686
1.17662
1.17642
1.17815
1.17816
1.17827
1.17898
1.17884
1.17874
1.1783
1.17785
1.17756
1.17727
1.17874
1.1794
1.17911
1.17901
1.17856
1.17978
1.17943
1.17903
1.17874
1.17829
1.17931
1.17941
1.17901
1.17862
1.17893
1.17858
1.17869
1.17829
1.1779
1.17781
1.17746
1.17737
1.17733
1.1786
1.17836
1.17791
1.17787
1.17793
1.17764
1.17745
1.17705
1.17681
1.17657
1.17785
1.17775
1.17766
1.17727
1.17703
1.17659
1.17614
1.17601
1.17698
1.17658
1.17634
1.1761
1.17567
1.1787
1.17831
1.17947
1.17917
1.17898
1.17868
1.17899
1.17925
1.17906
1.17881
1.17851
1.17953
1.17958
1.17913
1.17879
1.17894
1.17855
1.1783
1.17791
1.17751
1.17752
1.18025
1.18051
1.18011
1.17976
1.17956
1.18002
1.17967
1.17962
1.17943
1.17903
1.17869
1.17915
1.18082
1.18037
1.18007
1.18289
1.18259
1.18213
1.18238
1.18213
1.18177
1.18162
1.18147
1.18162
1.18137
1.18097
1.18117
1.18142
1.18117
1.18198
1.18152
1.18112
1.18082
1.18042
1.18012
1.18168
1.18143
1.18108
1.18118
1.18123
1.18199
1.18153
1.18113
1.18073
1.18053
1.18254
1.18269
1.18324
1.18298
1.18253
1.18293
1.18257
1.18232
1.18196
1.18161
1.18146
1.18141
1.18121
1.18086
1.18418
1.18393
1.18362
1.18447
1.18406
1.1838
1.18344
1.18303
1.18308
1.18297
1.18297
1.18257
1.18251
1.18221
1.1822
1.18351
1.18446
1.1841
1.18375
1.18394
1.18353
1.18363
1.18372
1.18352
1.18306
1.18321
1.183
1.18279
1.1834
1.18344
1.18339
1.18313
1.18383
1.18342
1.18312
1.18281
1.18417
1.18416
1.18446
1.18505
1.18661
1.18614
1.18583
1.18597
1.18636
1.1861
1.18614
1.18809
1.18793
1.18771
1.18739
1.18733
1.18726
1.18901
1.18859
1.18812
1.18825
1.18788
1.18762
1.18715
1.18935
1.18918
1.18906
1.18904
1.18897
1.1886
1.18868
1.18836
1.1883
1.18803
1.18786
1.18744
1.18763
1.18776
1.1875
1.18743
1.18767
1.18861
1.18839
1.18797
1.18755
1.18754
1.18742
1.18706
1.18664
1.18622
1.18662
1.18741
1.1878
1.18864
1.18832
1.188
1.18793
1.18766
1.18916
1.18904
1.18892
1.18865
1.18818
1.18786
1.1882
1.18773
1.18822
1.1878
1.18778
1.18858
1.18921
1.18879
1.18842
1.188
1.18985
1.18953
1.1892
1.1903
1.18987
1.1895
1.18913
1.1888
1.18858
1.18958
1.1892
1.1908
1.19047
1.19035
1.19003
1.19026
1.19013
1.19011
1.18994
1.18952
1.1901
1.19013
1.18996
1.1911
1.19082
1.1907
1.19032
1.1902
1.18993
1.1897
1.18978
1.19007
1.19025
1.19028
1.19076
1.19038
1.19006
1.1908
1.19047
1.1906
1.19022
1.18985
1.18948
1.1891
1.18994
1.18952
1.1892
1.18888
1.1885
1.18814
1.18772
1.1879
1.18778
1.18837
1.18816
1.18784
1.18762
1.18796
1.18754
1.18929
1.18886
1.1901
1.19114
1.19127
1.19084
1.19047
1.19014
1.19088
1.19075
1.19053
1.19005
1.19144
1.19111
1.1916
1.19137
1.1918
1.19147
1.19114
1.19102
1.1914
1.19167
1.19125
1.19077
1.19105
1.19133
1.1909
1.19068
1.1906
1.19123
1.19106
1.19104
1.19066
1.19023
1.19026
1.18979
1.18946
1.18899
1.18862
1.18906
1.1898
1.18942
1.189
1.1913
1.19152
1.1912
1.19238
1.19226
1.19178
1.19135
1.19122
1.19135
1.19143
1.19105
1.19072
1.19105
1.19133
1.19206
1.19223
1.19195
1.19223
1.19225
1.19192
1.19185
1.19147
1.19119
1.19122
1.19145
1.19102
1.191
1.19077
1.19136
1.19103
1.19116
1.19113
1.19071
1.19068
1.19086
1.19044
1.19001
1.18994
1.19174
1.19136
1.19128
1.19096
1.19093
1.19066
1.19043
1.19066
1.19024
1.19077
1.19029
1.19007
1.19
1.19088
1.19061
1.19013
1.18971
1.18938
1.19002
1.1903
1.19159
1.19166
1.19184
1.19156
1.19139
1.19121
1.19074
1.19298
1.19265
1.19297
1.19279
1.19236
1.19213
1.1917
1.19173
1.19221
1.19173
1.19156
1.19213
1.1917
1.19208
1.1917
1.19127
1.19085
1.19062
1.19035
1.18992
1.1898
1.18938
1.18891
1.18884
1.18907
1.18935
1.18984
1.18977
1.18969
1.18952
1.18905
1.18863
1.18816
1.189
1.18903
1.18941
1.18909
1.18867
1.18905
1.18868
1.18882
1.19192
1.19174
1.19172
1.19305
1.19287
1.19421
1.19413
1.19369
1.19467
1.19423
1.19405
1.19407
1.19384
1.19381
1.19352
1.19334
1.19301
1.19354
1.19411
1.19373
1.1934
1.19291
1.19248
1.19246
1.19389
1.19446
1.19423
1.1942
1.19391
1.19343
1.19431
1.19387
1.19364
1.19341
1.19308
1.19265
1.19216
1.19184
1.19141
1.19108
1.1906
1.19058
1.19025
1.18978
1.18931
1.18974
1.19133
1.19141
1.19093
1.19051
1.19073
1.19051
1.19008
1.18996
1.18959
1.18997
1.19176
1.19149
1.19247
1.19199
1.19156
1.19189
1.19166
1.19154
1.19121
1.19204
1.19161
1.19174
1.19141
1.1927
1.19222
1.19214
1.19247
1.19214
1.19272
1.19304
1.19311
1.19323
1.1928
1.19242
1.19199
1.19206
1.19184
1.19161
1.19194
1.19166
1.19284
1.19271
1.19243
1.1921
1.19248
1.1925
1.19288
1.1924
1.19217
1.19219
1.19257
1.19234
1.19191
1.19143
1.1911
1.19244
1.19236
1.19324
1.19301
1.19419
1.19396
1.19358
1.19425
1.19402
1.19424
1.19391
1.19357
1.19354
1.19326
1.19368
1.19587
1.19568
1.19549
1.19511
1.19482
1.19555
1.19556
1.19603
1.19579
1.19535
1.19492
1.19448
1.1942
1.19497
1.19453
1.19435
1.19457
1.19423
1.19405
1.19357
1.19318
1.193
1.19252
1.19229
1.19181
1.19184
1.19156
1.19118
1.19096
1.19244
1.19252
1.19209
1.19201
1.19178
1.1917
1.19213
1.19352
1.19314
1.19301
1.19262
1.19285
1.19242
1.19214
1.19176
1.19269
1.19246
1.19243
1.192
1.19162
1.19195
1.19208
1.19261
1.19288
1.1929
1.19262
1.19325
1.19357
1.19324
1.19351
1.19308
1.19265
1.19237
1.19305
1.19352
1.19319
1.19311
1.19333
1.1929
1.19338
1.1932
1.19286
1.19389
1.19361
1.19333
1.193
1.19292
1.19279
1.19231
1.19268
1.1922
1.19197
1.1919
1.19157
1.19245
1.19202
1.19164
1.19217
1.19209
1.19176
1.1927
1.19226
1.19224
1.19176
1.19158
1.19161
1.19118
1.191
1.19063
1.19025
1.19003
1.19001
1.19105
1.19445
1.19406
1.19378
1.19445
1.19508
1.19504
1.19491
1.19447
1.19444
1.19406
1.19448
1.19405
1.19422
1.19403
1.1942
1.19432
1.19404
1.19366
1.19337
1.19299
1.19286
1.19309
1.19301
1.19308
1.1933
1.19282
1.19234
1.19216
1.19173
1.19382
1.19525
1.19486
1.19463
1.19439
1.19552
1.19649
1.19701
1.19692
1.19764
1.1972
1.19681
1.19738
1.19688
1.19649
1.19701
1.19657
1.19607
1.19594
1.19645
1.19702
1.19708
1.19679
1.1964
1.19591
1.19648
1.19645
1.19596
1.19597
1.19659
1.1961
1.19581
1.19562
1.19549
1.19525
1.19552
1.19513
1.19545
1.19577
1.19528
1.19479
1.1946
1.19432
1.19434
1.194
1.19357
1.19319
1.19351
1.19444
1.1941
1.19372
1.19344
1.19537
1.19498
1.19465
1.19436
1.19463
1.19551
1.19537
1.19488
1.1944
1.19401
1.19388
1.19441
1.19422
1.19535
1.19501
1.19473
1.19444
1.19401
1.19352
1.19344
1.19321
1.19323
1.19295
1.19252
1.19244
1.19242
1.19319
1.19286
1.19258
1.1921
1.19298
1.19265
1.19303
1.19476
1.19447
1.19399
1.19355
1.19332
1.19289
1.19271
1.19233
1.19265
1.19248
1.19265
1.19298
1.19365
1.19423
1.1945
1.19421
1.19474
1.1944
1.19412
1.19373
1.19345
1.19302
1.19259
1.19216
1.19198
1.19317
1.19273
1.19291
1.19252
1.19315
1.19272
1.1931
1.19367
1.1955
1.19517
1.19473
1.19475
1.19522
1.19518
1.1949
1.19467
1.19433
1.19384
1.19361
1.19539
1.19496
1.19558
1.19524
1.19511
1.19553
1.19559
1.19551
1.19507
1.19478
1.19495
1.19487
1.19453
1.19551
1.19557
1.19519
1.19515
1.19597
1.19684
1.1964
1.19677
1.19638
1.19624
1.1958
1.19546
1.19497
1.19499
1.19456
1.19452
1.19409
1.19395
1.19397
1.1946
1.19416
1.19383
1.1935
1.19392
1.195
1.19456
1.19418
1.19404
1.19427
1.19393
1.19355
1.19316
1.19283
1.19351
1.19323
1.19345
1.19357
1.19344
1.19351
1.19348
1.19345
1.19297
1.19344
1.19316
1.19394
1.19522
1.19493
1.19445
1.19416
1.19418
1.1939
1.19361
1.19323
1.1929
1.19262
1.19254
1.19287
1.19259
1.19281
1.19384
1.19351
1.19383
1.1934
1.19347
1.19349
1.19356
1.19358
1.19315
1.19307
1.19284
1.19296
1.19283
1.19422
1.19418
1.1938
1.19387
1.19384
1.19391
1.19358
1.1935
1.19311
1.19263
1.19215
1.19187
1.19285
1.19308
1.19269
1.19241
1.19224
1.19196
1.19153
1.19236
1.19223
1.19276
1.19243
1.19215
1.19203
1.19154
1.19142
1.19165
1.19137
1.19301
1.19273
1.19376
1.19378
1.19365
1.19417
1.19444
1.19421
1.19403
1.19374
1.19336
1.19343
1.19381
1.19348
1.19314
1.19291
1.19248
1.19225
1.19349
1.19416
1.19448
1.1946
1.19482
1.19716
1.19793
1.19758
1.19724
1.1969
1.19651
1.19622
1.19638
1.19589
1.19556
1.19572
1.19569
1.1953
1.19486
1.19452
1.19414
1.19451
1.19458
1.19414
1.19386
1.19368
1.19335
1.19312
1.19274
1.19241
1.19208
1.1923
1.19217
1.1926
1.19227
1.1923
1.19217
1.19199
1.19166
1.19209
1.19181
1.19168
1.19191
1.19148
1.191
1.19133
1.19151
1.19103
1.19101
1.19094
1.19162
1.19134
1.19086
1.19038
1.19046
1.18999
1.18981
1.18964
1.18957
1.19046
1.19029
1.19017
1.1903
1.18987
1.18945
1.18913
1.18876
1.18859
1.18811
1.188
1.18899
1.18867
1.1889
1.18868
1.19007
1.19005
1.19043
1.18996
1.19004
1.19082
1.1912
1.1942
1.19387
1.19394
1.19466
1.19493
1.19505
1.19492
1.19483
1.1944
1.19431
1.19388
1.1938
1.19386
1.19399
1.19456
1.19528
1.19625
1.19576
1.19548
1.19529
1.19571
1.19547
1.19524
1.1953
1.19562
1.19544
1.19515
1.19537
1.19508
1.1948
1.19441
1.19433
1.1946
1.19427
1.19449
1.19405
1.19407
1.19404
1.19365
1.19337
1.19294
1.19266
1.19278
1.19623
1.19574
1.19606
1.19607
1.19594
1.19555
1.19536
1.1976
1.19725
1.19681
1.19763
1.19764
1.19901
1.19861
1.19822
1.19782
1.19743
1.19805
1.1978
1.19766
1.19727
1.19718
1.19674
1.1966
1.19671
1.19627
1.19714
1.19665
1.19621
1.19743
1.19739
1.1974
1.19691
1.19657
1.19638
1.19634
1.19611
1.19678
1.19739
1.1972
1.19676
1.19627
1.19724
1.1976
1.19731
1.19985
1.1994
1.19945
1.19896
1.19946
1.19897
1.19847
1.19863
1.19849
1.19799
1.1978
1.19791
1.19782
1.19823
1.19809
1.1976
1.19751
1.19701
1.19713
1.19663
1.19639
1.19621
1.19612
1.19639
1.19605
1.19697
1.19905
1.19905
1.19861
1.19826
1.19792
1.19768
1.19748
1.1978
1.19736
1.19701
1.19692
1.19734
1.19685
1.19676
1.19767
1.19748
1.19699
1.1969
1.19646
1.19607
1.19644
1.19625
1.19667
1.19643
1.19609
1.19675
1.19631
1.19608
1.19654
1.1961
1.19627
1.19603
1.1964
1.19787
1.19778
1.19819
1.19886
1.19836
1.19832
1.19798
1.19819
1.19784
1.19735
1.19706
1.19712
1.19693
1.19679
1.1965
1.19682
1.19668
1.19619
1.19666
1.19617
1.19674
1.19635
1.19586
1.19698
1.19719
1.19705
1.19676
1.19692
1.19683
1.19664
1.19746
1.19777
1.19743
1.19729
1.19705
1.19661
1.19723
1.19865
1.19841
1.19811
1.19797
1.19768
1.19718
1.19669
1.1966
1.19621
1.19668
1.19634
1.19605
1.19571
1.19563
1.1963
1.19591
1.19547
1.19503
1.19459
1.19491
1.19448
1.1947
1.19421
1.19398
1.19455
1.19477
1.19489
1.19526
1.19533
1.19509
1.19471
1.19472
1.19464
1.19441
1.19427
1.19394
1.19411
1.19382
1.19369
1.19341
1.19384
1.1936
1.19317
1.19269
1.19256
1.19218
1.192
1.19404
1.19512
1.19513
1.19465
1.19441
1.19413
1.1938
1.19331
1.19293
1.19336
1.19323
1.1937
1.19347
1.19369
1.19321
1.19323
1.19391
1.19408
1.19384
1.19366
1.19373
1.1937
1.19332
1.19329
1.19321
1.195
1.19496
1.19453
1.19455
1.19406
1.19398
1.19354
1.19326
1.19288
1.19255
1.19212
1.19229
1.19191
1.19224
1.19201
1.19355
1.19423
1.19389
1.19376
1.19453
1.19425
1.19382
1.19364
1.1933
1.19322
1.19375
1.19392
1.19364
1.19547
1.1967
1.19626
1.19652
1.19608
1.19574
1.19561
1.19578
1.19665
1.19631
1.19582
1.19543
1.1956
1.19541
1.19528
1.19545
1.19531
1.19659
1.1966
1.19651
1.19607
1.19603
1.19565
1.19531
1.19492
1.19458
1.1943
1.19487
1.19449
1.19491
1.19462
1.19419
1.19415
1.19392
1.19364
1.19547
1.19514
1.1948
1.19593
1.19604
1.19565
1.19582
1.19558
1.19539
1.19511
1.19643
1.19609
1.1957
1.19607
1.19573
1.19575
1.19621
1.19693
1.1967
1.19646
1.19607
1.19618
1.19579
1.19712
1.19769
1.19719
1.19675
1.19636
1.19607
1.19558
1.19519
1.19501
1.19583
1.19544
1.19561
1.19553
1.19625
1.19596
1.19557
1.19508
1.1949
1.19441
1.19433
1.1939
1.19351
1.19353
1.1932
1.19342
1.19501
1.19482
1.1957
1.19571
1.19567
1.19524
1.1949
1.19471
1.19428
1.19404
1.19371
1.19338
1.1932
1.19483
1.1953
1.19527
1.19548
1.19505
1.19471
1.19443
1.19394
1.19366
1.19514
1.19541
1.19492
1.19494
1.1949
1.19472
1.19444
1.19445
1.19578
1.19559
1.19516
1.19568
1.19549
1.1952
1.19487
1.19489
1.19465
1.19512
1.19504
1.19516
1.19548
1.19514
1.19475
1.19426
1.19408
1.194
1.19357
1.19394
1.19401
1.19368
1.1932
1.19271
1.19616
1.19789
1.19775
1.1974
1.19707
1.19657
1.19729
1.19695
1.19706
1.19702
1.19764
1.19725
1.19701
1.19666
1.19622
1.19603
1.19565
1.19571
1.19532
1.19539
1.19536
1.19492
1.19473
1.19536
1.19497
1.19478
1.195
1.19487
1.19524
1.19566
1.19542
1.19539
1.19535
1.19653
1.19619
1.196
1.19617
1.19689
1.19665
1.1962
1.19607
1.19573
1.19539
1.19521
1.19507
1.19504
1.19535
1.19497
1.19594
1.19571
1.19597
1.19614
1.1958
1.19617
1.19613
1.19685
1.19646
1.19647
1.19598
1.19575
1.19526
1.19487
1.19479
1.19455
1.19422
1.19394
1.19416
1.19397
1.19384
1.19456
1.19408
1.194
1.19376
1.19379
1.19365
1.19322
1.19344
1.19347
1.19308
1.19295
1.19257
1.19214
1.19176
1.19128
1.19101
1.19481
1.19438
1.19419
1.19376
1.19352
1.19314
1.19291
1.19263
1.19235
1.19424
1.1939
1.19352
1.19304
1.19281
1.19374
1.19396
1.19358
1.1935
1.19321
1.19313
1.19265
1.19237
1.1933
1.19287
1.19364
1.19336
1.19298
1.19386
1.19363
1.1939
1.19356
1.19369
1.19325
1.19292
1.1932
1.19327
1.19294
1.19291
1.19368
1.19446
1.19488
1.1947
1.19421
1.19433
1.19425
1.19386
1.19343
1.1933
1.19307
1.19284
1.19261
1.1944
1.19416
1.19378
1.19415
1.19387
1.19369
1.19345
1.19337
1.19304
1.19327
1.19309
1.19422
1.19383
1.19441
1.19407
1.19394
1.19355
1.19448
1.19415
1.19371
1.19323
1.1935
1.19423
1.1943
1.19386
1.19368
1.19375
1.19493
1.19565
1.19526
1.19488
1.19616
1.19904
1.1986
1.1982
1.19796
1.19807
1.19768
1.19724
1.19684
1.1964
1.19667
1.19643
1.19594
1.19565
1.19692
1.19688
1.1972
1.19676
1.19752
1.19713
1.19674
1.1966
1.19667
1.19623
1.19599
1.19731
1.19687
1.19663
1.19629
1.19595
1.19683
1.19648
1.1962
1.19571
1.19537
1.19584
1.19661
1.19627
1.20072
1.20047
1.20042
1.20028
1.20008
1.19968
1.19938
1.19888
1.19839
1.19885
1.1985
1.19811
1.19761
1.19732
1.19688
1.19664
1.1962
1.19652
1.19633
1.1975
1.19705
1.19722
1.19758
1.19749
1.197
1.19666
1.19617
1.19598
1.19675
1.19626
1.19597
1.19568
1.1956
1.19516
1.1981
1.19846
1.19822
1.19778
1.19804
1.19779
1.1974
1.19741
1.19707
1.19658
1.19614
1.19595
1.19652
1.19603
1.19625
1.19606
1.19633
1.19619
1.19595
1.19576
1.19719
1.1969
1.19661
1.19622
1.19593
1.19761
1.19762
1.19717
1.19825
1.1981
1.19791
1.19868
1.19833
1.19788
1.1978
1.19821
1.19807
1.19757
1.19718
1.19689
1.19645
1.19621
1.19607
1.19619
1.1962
1.19687
1.19668
1.19624
1.1962
1.19596
1.19557
1.19569
1.19787
1.19773
1.19779
1.19815
1.19902
1.19913
1.19878
1.19828
1.19794
1.1979
1.19887
1.19867
1.19838
1.19788
1.19865
1.19871
1.19836
1.19907
1.19868
1.19833
1.19859
1.199
1.19906
1.20053
1.20013
1.20003
1.19994
1.19944
1.19924
1.1988
1.19835
1.19785
1.19791
1.19782
1.19788
1.19875
1.19835
1.19876
1.19862
1.19883
1.19833
1.19859
1.19835
1.19831
1.19791
1.19772
1.19748
1.19734
1.1981
1.19771
1.19772
1.19733
1.19719
1.1973
1.19711
1.19677
1.19668
1.19735
1.19696
1.19672
1.19648
1.19599
1.19565
1.19516
1.19528
1.1952
1.19511
1.19473
1.19545
1.19541
1.19543
1.19494
1.19622
1.19603
1.19589
1.19662
1.19632
1.19785
1.19766
1.19883
1.19838
1.19834
1.1982
1.19806
1.19756
1.19732
1.19723
1.19689
1.1968
1.19797
1.19778
1.19764
1.1974
1.19711
1.19697
1.19668
1.19639
1.1965
1.19641
1.19678
1.19644
1.1966
1.19682
1.19643
1.19654
1.1961
1.19586
1.19638
1.19609
1.19641
1.19718
1.19669
1.19655
1.19646
1.19602
1.19568
1.19539
1.19652
1.19618
1.1974
1.19716
1.19702
1.19703
1.19664
1.19615
1.19566
1.19522
1.19529
1.19601
1.19572
1.19559
1.19535
1.19511
1.19468
1.19485
1.19678
1.19679
1.1967
1.19646
1.19622
1.19599
1.1956
1.19602
1.19558
1.19574
1.19606
1.19597
1.19594
1.19575
1.19537
1.19624
1.1958
1.19551
1.19663
1.1963
1.19591
1.19562
1.19533
1.19595
1.19632
1.20057
1.20072
1.20027
1.19977
1.19952
1.19918
1.19969
1.19959
1.19909
1.1988
1.19865
1.19826
1.19802
1.19803
1.19794
1.19744
1.19745
1.19792
1.19772
1.19753
1.19729
1.19771
1.19732
1.19682
1.19658
1.19609
1.196
1.19557
1.19543
1.19509
1.19511
1.19492
1.19444
1.19531
1.19482
1.19459
1.19466
1.19427
1.19384
1.19527
1.19518
1.1954
1.19506
1.19508
1.19489
1.19461
1.19423
1.1951
1.19562
1.19523
1.1952
1.19491
1.19503
1.19459
1.19512
1.19463
1.19419
1.19436
1.19398
1.19354
1.19387
1.19338
1.19295
1.19484
1.1949
1.19557
1.19564
1.1954
1.19537
1.19493
1.19475
1.19451
1.19418
1.19687
1.19648
1.19745
1.19721
1.19686
1.19653
1.19724
1.1972
1.19701
1.19949
1.199
1.19916
1.19896
1.19982
1.19938
1.19908
1.19863
1.19824
1.19825
1.19826
1.19786
1.19984
1.2006
1.20015
1.19995
1.19965
1.19945
1.19911
1.19891
1.19857
1.19822
1.19864
1.19834
1.19845
1.19811
1.19761
1.19757
1.19793
1.19835
1.19815
1.19786
1.19742
1.19854
1.1984
1.19825
1.19806
1.19762
1.19732
1.19693
1.19649
1.19691
1.19652
1.19784
1.1974
1.19721
1.19672
1.19643
1.19614
1.19575
1.19556
1.19649
1.19609
1.19782
1.19823
1.19809
1.1981
1.19765
1.19822
1.19777
1.19768
1.198
1.19901
1.19872
1.19842
1.2003
1.1998
1.1993
1.19946
1.19971
1.19931
1.19892
1.19938
1.19964
1.19924
1.1992
1.19925
1.19916
1.19871
1.19837
1.19792
1.19753
1.19794
1.19745
1.19821
1.19807
1.19783
1.19935
1.19885
1.19836
1.19786
1.19882
1.19848
1.19849
1.19854
1.19805
1.19907
1.19903
1.19868
1.19824
1.19794
1.19931
1.19912
1.19958
1.19958
1.19908
1.19879
1.1988
1.19835
1.20018
1.20038
1.20003
1.19984
1.19949
1.19949
1.19904
1.20021
1.19971
1.19961
1.19962
1.19917
1.19888
1.19858
1.20156
1.20116
1.20086
1.20061
1.20066
1.20021
1.19971
1.19946
1.20037
1.20043
1.19993
1.19948
1.19939
1.19914
1.19875
1.19845
1.19796
1.19756
1.19717
1.19673
1.19689
1.19675
1.19651
1.19637
1.1976
1.19716
1.19722
1.19708
1.19674
1.19761
1.19747
1.19712
1.19668
1.197
1.19706
1.19672
1.19668
1.19685
1.19691
1.19662
1.19638
1.19801
1.19862
1.19833
1.19788
1.19789
1.1976
1.19836
1.19797
1.19763
1.19723
1.19765
1.19781
1.19838
1.19798
1.19789
1.19795
1.19771
1.19747
1.19697
1.19789
1.1975
1.19731
1.19687
1.19713
1.20087
1.20052
1.20027
1.19987
1.19982
1.19942
1.19913
1.19873
1.19854
1.19839
1.1982
1.19771
1.19807
1.19903
1.19874
1.19844
1.19886
1.19846
1.19827
1.19782
1.19763
1.19734
1.1971
1.19676
1.19626
1.19764
1.19901
1.19867
1.19827
1.19803
1.19758
1.19749
1.19705
1.19777
1.19737
1.19744
1.19709
1.19811
1.19847
1.19898
1.19859
1.19895
1.19865
1.19821
1.19771
1.19828
1.19844
1.19825
1.19775
1.19877
1.19867
1.19828
1.19839
1.19794
1.1978
1.19856
1.19817
1.19813
1.19793
1.19754
1.1972
1.19756
1.19712
1.19723
1.19734
1.19801
1.19777
1.19748
1.19961
1.19921
1.19881
1.19847
1.19807
1.19768
1.19719
1.19674
1.1963
1.19612
1.19729
1.19679
1.19641
1.19738
1.19739
1.19694
1.19645
1.19606
1.19578
1.19539
1.19505
1.19462
1.19478
1.1952
1.19582
1.19584
1.1956
1.19517
1.19478
1.19485
1.19562
1.19538
1.19489
1.19486
1.19528
1.19499
1.19572
1.1979
1.19776
1.19842
1.19808
1.19768
1.19724
1.1973
1.19701
1.19657
1.19623
1.19584
1.1955
1.19516
1.19513
1.1951
1.19491
1.19453
1.19631
1.19602
1.19563
1.1953
1.19491
1.19488
1.19459
1.19426
1.19387
1.19359
1.19492
1.19459
1.1944
1.19396
1.19373
1.19385
1.19503
1.1946
1.19718
1.19704
1.19706
1.19656
1.19642
1.19679
1.1963
1.19641
1.19628
1.19695
1.19686
1.19672
1.19633
1.19589
1.19605
1.19657
1.19648
1.19665
1.19616
1.19582
1.19543
1.1966
1.19652
1.19643
1.19609
1.1957
1.19587
1.19553
1.19615
1.19707
1.19703
1.19679
1.19635
1.19606
1.19653
1.197
1.19721
1.19773
1.19769
1.19725
1.19681
1.19641
1.19623
1.19649
1.19605
1.19622
1.19583
1.19539
1.19516
1.19497
1.19478
1.19602
1.19603
1.19635
1.19601
1.19567
1.19558
1.1956
1.19511
1.19487
1.19444
1.19672
1.19683
1.19665
1.19651
1.19682
1.19638
1.19624
1.19691
1.19698
1.19794
1.19775
1.19751
1.19702
1.19708
1.19679
1.19645
1.19596
1.19612
1.19589
1.19595
1.19546
1.19528
1.19529
1.19516
1.19507
1.19625
1.19601
1.19577
1.19544
1.1951
1.19481
1.19453
1.19409
1.19472
1.19599
1.19551
1.19512
1.19533
1.1956
1.19516
1.19533
1.19525
1.19542
1.19528
1.19535
1.19556
1.19639
1.19761
1.19716
1.19727
1.19719
1.19679
1.19726
1.19742
1.19748
1.19714
1.19721
1.19676
1.19683
1.19644
1.19675
1.19697
1.19683
1.19654
1.19625
1.19676
1.19784
1.19754
1.19705
1.19767
1.19758
1.19724
1.19679
1.19756
1.19757
1.19723
1.198
1.19811
1.19786
1.19762
1.1993
1.1989
1.19916
1.19881
1.19862
1.19963
1.19969
1.19929
1.19894
1.20036
1.20052
1.20027
1.19992
1.19967
1.20119
1.20094
1.20054
1.20014
1.19969
1.19924
1.19889
1.19865
1.19846
1.19796
1.19772
1.19733
1.19723
1.19679
1.19665
1.19974
1.19939
1.2
1.20051
1.20011
1.20067
1.20032
1.19992
1.19952
1.19948
1.19908
1.19894
1.19859
1.19875
1.1983
1.19786
1.19868
1.19818
1.19784
1.19744
1.197
1.19752
1.19708
1.19724
1.19705
1.19661
1.19667
1.19784
1.19805
1.19761
1.19732
1.19687
1.19719
1.197
1.19656
1.19652
1.19673
1.1968
1.19746
1.19798
1.19753
1.19956
1.19926
1.19906
1.19882
1.19838
1.19823
1.19799
1.19755
1.19761
1.19757
1.19768
1.19764
1.198
1.19751
1.19752
1.19753
1.19729
1.19715
1.19696
1.19652
1.19668
1.19644
1.1963
1.19592
1.19553
1.19519
1.19526
1.19547
1.19504
1.19526
1.19527
1.19489
1.19465
1.19422
1.19383
1.19431
1.19423
1.19404
1.19567
1.19528
1.19505
1.19466
1.19423
1.1948
1.19446
1.19468
1.1943
1.19457
1.19474
1.19551
1.19819
1.19795
1.19751
1.19782
1.19733
1.19814
1.19785
1.19746
1.19732
1.19703
1.19653
1.1965
1.19606
1.19562
1.19785
1.19756
1.19716
1.19712
1.19663
1.19624
1.19601
1.19577
1.19548
1.19509
1.19541
1.19573
1.196
1.19591
1.19583
1.19554
1.19545
1.19547
1.19518
1.19484
1.19446
1.19448
1.19424
1.19421
1.19373
1.19324
1.19382
1.19389
1.1935
1.19373
1.19344
1.19311
1.19283
1.19245
1.19388
1.1937
1.19367
1.19319
1.19276
1.19349
1.1932
1.19423
1.1939
1.19392
1.19837
1.19803
1.19839
1.19804
1.19785
1.19741
1.19692
1.19809
1.19769
1.1974
1.19756
1.19737
1.19703
1.19684
1.19746
1.19762
1.19743
1.19699
1.19664
1.19681
1.19647
1.19608
1.197
1.19701
1.19657
1.19623
1.19619
1.19576
1.19733
1.1988
1.19881
1.19842
1.19888
1.19904
1.19894
1.19865
1.19881
1.19841
1.19847
1.19843
1.19828
1.19809
1.19795
1.19751
1.19727
1.19763
1.19799
1.19775
1.19726
1.19752
1.19723
1.19714
1.19705
1.19696
1.19672
1.19633
1.1973
1.19681
1.19722
1.19723
1.1976
1.19766
1.19732
1.19688
1.19664
1.19625
1.19737
1.19693
1.19734
1.19751
1.19802
1.19773
1.19723
1.19674
1.19721
1.19702
1.19657
1.19634
1.19615
1.19762
1.19733
1.19745
1.19821
1.19938
1.19964
1.19919
1.19874
1.19875
1.19861
1.19826
1.19847
1.19863
1.19814
1.19769
1.1973
1.19767
1.19767
1.19743
1.1982
1.19871
1.19852
1.19812
1.19818
1.19779
1.19739
1.19796
1.19767
1.19717
1.19673
1.19639
1.1967
1.19934
1.19894
1.19844
1.19825
1.19866
1.19902
1.19878
1.19858
1.19885
1.1989
1.19841
1.19887
1.19863
1.19838
1.19793
1.19744
1.197
1.19656
1.19617
1.19578
1.19539
1.19722
1.19683
1.19745
1.19746
1.19702
1.19809
1.19871
1.19831
1.19801
1.19792
1.19773
1.19769
1.19826
1.19811
1.19767
1.19718
1.19688
1.19831
1.19836
1.19817
1.19864
1.19814
1.198
1.19927
1.19887
1.19848
1.19838
1.19824
1.19779
1.1977
1.19807
1.19757
1.19708
1.1987
1.19881
1.19842
1.19807
1.19773
1.19759
1.1986
1.19876
1.19837
1.19797
1.199
1.1986
1.19831
1.19851
1.19807
1.19762
1.19854
1.1984
1.19836
1.19811
1.19792
1.19828
1.19779
1.1979
1.1975
1.19857
1.19884
1.19834
1.20148
1.20122
1.20077
1.20083
1.20043
1.20013
1.19978
1.19943
1.20039
1.20034
1.2003
1.20061
1.20126
1.20152
1.20147
1.20122
1.20102
1.20127
1.20092
1.20047
1.20007
1.19977
1.20008
1.20003
1.19973
1.19954
1.19939
1.19895
1.19875
1.19836
1.19801
1.19807
1.19778
1.19804
1.19765
1.19761
1.19721
1.19758
1.19764
1.1973
1.1969
1.19661
1.19728
1.1972
1.19711
1.19702
1.19788
1.19804
1.19755
1.19786
1.19787
1.19879
1.19834
1.1986
1.19826
1.19797
1.19787
1.19783
1.19794
1.19821
1.19801
1.19772
1.19763
1.19724
1.1968
1.19676
1.19626
1.19588
1.19549
1.19576
1.19557
1.19538
1.19555
1.19551
1.19578
1.19691
1.19642
1.19608
1.19594
1.19616
1.19617
1.19639
1.197
1.19661
1.19622
1.19583
1.19741
1.19737
1.19834
1.19814
1.19841
1.19872
1.20003
1.19964
1.19919
1.19874
1.19865
1.19815
1.19786
1.19807
1.19778
1.19774
1.19744
1.19705
1.19691
1.19672
1.19855
1.19866
1.19887
1.19847
1.19838
1.19829
1.19804
1.19785
1.19751
1.19727
1.19713
1.19674
1.19655
1.19621
1.19602
1.19588
1.19575
1.19616
1.19593
1.19614
1.1957
1.19541
1.19513
1.19479
1.19461
1.19422
1.19429
1.19683
1.19634
1.1961
1.19561
1.19538
1.19554
1.19531
1.19512
1.19484
1.19495
1.19462
1.19534
1.19496
1.19467
1.19519
1.19526
1.19502
1.19509
1.19475
1.19442
1.19429
1.19395
1.19387
1.19364
1.19577
1.19589
1.1956
1.19526
1.19482
1.19449
1.19501
1.19473
1.19469
1.19466
1.19458
1.19545
1.19542
1.19513
1.195
1.19537
1.19518
1.1953
1.19567
1.19528
1.19484
1.19557
1.19523
1.19499
1.19597
1.19578
1.19569
1.19566
1.19552
1.19509
1.19485
1.19441
1.19408
1.19385
1.19342
1.19298
1.1927
1.19273
1.1925
1.19302
1.19511
1.19538
1.19499
