2.38
1.36
0.06
1.48
0
0
12.6
0.78
0
0.4
0
0
5.52
13.36
3.66
0.8
2.34
0.04
4.28
0
0
0
0
0
0
0
5.64
9.96
0
9.5
12.6
4.7
12.64
0
9.42
0
9.56
1.76
9.36
0
5.82
0
0.02
3.52
1.18
15.28
0.26
4.36
0.56
0
0
0
5.88
0
0.96
3.94
8.68
0
2.46
0
0
0
0
4.7
7.28
0
0
0
12.54
6.56
1.98
1.7
13.28
0
7.56
8.72
0
9.2
2.88
12.78
8.12
0.02
2.92
0
0
5.66
5.32
0
0.02
0
8.96
6.9
0
6.6
12.96
0
0
0
0
5.22
3.52
2.34
0
0
0
0
2.58
6.12
18.28
7
0
2.8
3.18
6.22
0
3.86
10
11.56
0
0
14.96
0
0
0
12.14
0
5.66
10.26
0
0
0
0.2
4.04
0
11.56
0.02
16.18
1.68
0
5.32
0
5.12
0
0
3.7
0
10.5
13.78
0
2.9
1.04
0
0
0
0
0
4.28
0.16
5.9
0
2.46
10.96
17.24
2.98
0
0
0
8.3
24.16
3.12
0
11.7
0
0
0.04
0
0.8
5.56
0
7.78
3.28
0
12
5.08
9.16
0
8.6
0
8.38
0.3
0
12.18
0
10.7
3.82
3.8
0
9.24
1.34
0.8
14
3.78
0
0
13.6
11.62
0
10.48
0
4.86
5.36
0
12.98
0
4.66
1.22
5.52
0.98
15.58
0
0.72
9.64
2.42
0
4.28
4.66
10.14
0.08
0
0
6.68
0
11.5
0
0.26
7.04
0.1
0
0
6.02
7.48
0
0
0
0
0.98
0
2.66
0
0
13.18
9.54
0.12
7.02
0.28
9.14
0
16.26
0
0
14.04
5.32
7.32
4.56
0
7.78
17.52
9.28
0
3
0.86
4.46
6.1
0
0.02
1.68
0
0
2.98
11.18
0
0.2
12.16
8.62
0
5.16
5.5
5.44
0
0
0
0
0
10.18
0
0
0
0
0
0.8
0
7.62
10.44
1.72
0
0
12.7
12.82
0
14.58
0
5.86
0.24
6.5
4.38
0
0
0
0.06
0.32
0
7.66
0
0
0
11.06
6.06
0
0
0
0
0
6.22
0.04
18.46
2.52
0
8.68
0
0
8.28
0
15.84
0
11.56
5.76
0
0
0
13.62
0
0
0
0
7.18
3.14
8.02
0
0
6.36
1
0
0.14
0
8.5
0.52
12.02
17.48
5.62
0
0
25.62
0
0.7
0
0.18
5.6
4.24
11.4
1.66
5.44
0
0
7.14
2.2
0
0
16.38
0
0
0
0
0
17.3
0.14
0
17.14
0
1.82
5.12
0
0
0.04
0
12.72
0
11.12
0.02
0
10.32
0
2.46
5.52
0.86
0.06
0
0.76
0.08
0.1
0.82
0
0
0
4.08
0
0
0
2.46
11.04
6.94
0
8.34
0
6.76
1.7
0
0
3.02
10.18
6.4
6.98
0.1
0
18.76
17.54
0.12
0
0.4
0
0
1.3
4.38
5.84
0
9.54
12.96
13.22
0
0.04
0
5.54
0
0.22
22.5
0
14.44
15.28
0
0.74
1.42
9.26
5.1
13.58
0
0.06
0
0.02
0
0
19.08
5.22
0
9.16
6.12
12.18
12.46
2.78
4.44
10.66
1
0
0
0.14
11.84
0
8.2
0
7.7
9.56
7.36
1.36
10.52
0
0
0
6.7
0
16.26
6.28
10.38
4.5
17.68
11.62
10.04
11.76
0
15.7
3
8.2
7.9
0
0
12.98
8.62
0
0
14.58
8.48
6.24
4.84
7.82
0
4.3
0
2.44
3.08
1.14
0
0
8.2
4.28
11.42
11.72
1.68
3.82
8.38
13.82
0.52
0
0
5.66
0
6.26
2.42
0
0
14.64
0
6.86
5.68
0
0
8.82
4.96
11.62
0
0
12.8
0
0
2.42
0.66
13.5
0
4.66
4.7
0
2.78
0
1.7
6.52
0.02
21.58
0
10.46
0.3
0
8.5
0
1.34
5.42
0.08
0
0
6.36
0
0.64
0
0
0
0.14
4.38
3.32
9.5
0.02
2.5
3.72
16.18
7.5
10
15.54
1.02
4.02
15.2
15.1
2.04
0.66
10.9
0
19.68
0.04
0
6.06
8.8
0
8.12
2.82
6.32
8.72
16.62
12.96
8.82
0
15.92
0
0
0
0.78
0
0
0
0
5.82
0
0.12
2.16
12.28
0
0.92
4.76
0
0
0
3.64
1.3
0
0
0
16.84
0
4.38
0
0.32
2.1
4.38
15.4
5.46
3.72
0.1
3.68
6.98
3.94
0.06
14.32
1.88
4.14
10.9
0
0
0
0
4.1
8.44
3.92
10.7
0
4.02
0
0.18
0
6.74
11.7
0
0
0
8.92
13.66
0
13.52
0.28
2.42
0.28
0
0
3.78
0.18
0.64
7.54
12.18
0.22
9.52
7.74
7.08
0.92
0
5.9
0
11
0
0
4.5
0.06
0.84
0
0
0
0
0
8.78
0.08
4.94
0
0
11.24
9.92
0
0
0
19.98
0.02
0
0
0.22
3.88
5.66
0
1.2
0
0
0.22
0.04
0
1.9
5.92
0
6.8
0.18
13.82
15.8
20.66
3.96
3.86
5.1
0
2.62
0
0
2.48
0.42
11.64
5.82
4.2
0
0.02
7.72
0
0
0.24
2.78
5.5
0
0.3
5.94
0
0
12.62
13.18
0
0
1.66
4.44
0
6
7.7
0
9.56
5.56
0
0.2
0
0
0
7.14
1.46
1.74
8.08
25.72
27.06
14.8
3.1
0.12
2.22
13.28
0
0.5
0
9.84
5.56
2.76
4.88
11.9
0.16
0
8.78
4.18
0
1.78
7.1
0
0
1.04
1.42
6.42
1.98
3.66
5.44
0.36
0
8.12
1.64
0.08
0
0
5.12
2.82
1.94
3.16
7.72
16.62
0
0.16
4.82
0
0
6.6
0
0.08
16.12
0
0
5.9
0.26
14.32
10.8
15.18
0.08
11.64
1.42
0
2.94
0.08
0
0.58
0
17.28
0
3.38
6.92
0.74
0
7.3
11
0
0
3.18
6.04
16.18
0
2.2
5.4
0
0.14
13.08
0
19.64
0
0
0.2
0
1.18
0
9.82
9.7
0
6.72
2.62
11.16
7.8
3.38
0
10.88
5.32
0
10.62
6.82
0
7.08
0
5.96
0
8
0.24
5.6
0
3.54
4.74
0.88
0
0
12.7
9.56
2.44
7.24
0
9.38
9.14
0.8
0
0
0
0.32
0
0
0
0
3.34
0
0.66
4.58
0
7.18
10.42
0
0
4.52
0
0
2.1
5.44
16.52
0
8.66
5.34
7.42
0
0
1.16
9.98
0
0
20.8
6.48
14.66
4.76
8.42
0
0
0
6.22
0
0
0
0
4.32
0
11.98
8.62
2.96
20.86
4.26
1.34
5.18
12.2
0
0
0
0.06
0
7.78
1.48
0
0
0
0
2.78
0
0
0
0
0
0
3.64
0
0
0
0
0
0
0
0
0
0
1.62
1.6
3.34
0
0
0
0.02
0
0
0
0
0
0
0
0
11.34
0
0
0
0
0.02
12.74
0
0.06
0
0.2
0
3.48
0
0
0
0
1.26
0
0
3.64
0
0
0
4.58
0
0
9.48
0
0
0
3.5
0
0
0
0
0
4.36
0
0
0
0
0.06
0
0
1.36
0
1.16
0
1.2
0
0.02
0
6.04
0
0
8.8
0
5.88
0
0
0.02
0.88
0
9.42
3.22
2.5
0
0
0
0
3.9
0
0
0
0
0
0.02
0
0
0
0
0.06
0
0.02
0.84
0.14
2.3
0
2.4
0
0
0
0
0
0
1.86
0
0
1.18
0
1
0
0
0.36
8.78
1.66
0
0
0
3.3
0
0
0.02
0
0
0
0
0
0
0
0
0
0.02
0
2.88
0
2.84
0
0
0
0
3.22
2
0
0
0
0
0.14
0
0
0
1.12
1.52
0.9
0
0
0
0
0.04
0
0
0
0
0
0
0
0
0
0
9.16
5.84
0
1.08
0
0
0
0
0
0
0
0
0
0
0.02
8.24
0
7.5
0
0
0.34
0
0
4.9
8.44
0.64
0
0
11.1
0.74
0
0
0
0
0
0.46
0
0
0
0
5.98
0
5.3
0.12
6.76
0
1.14
0
0
0
0.04
0
0
0
5.12
0
0
0
0.32
0
0
0.04
0
0
0
3.88
14.36
0
0
0
7.08
0.04
0
0
2.12
0
0
0
0.26
0
0
0
5.64
0
0.1
0
1.2
0
0
0
0
0
8.72
0
0.02
0
0.56
0
1
3.02
0
0
0
0
0
0
0
0
0
11.52
0
0
4.68
0
0
0.14
0
0
0
5.58
6.6
0
0
0
3.66
0
0
0
2.18
0
4.02
0
5.06
0
0
6.94
1.46
0
0.54
2.54
7.98
0
0
0
0
0
0.06
0
0
0
0
1.28
0
0.24
0
0
0
0
0.78
0
0
0
0
0
0
2.98
0
0
0
0
0
0
0
0
0.14
10.04
3.06
7.46
8.04
0
0.42
4.9
5.96
0
0
0
0
0
1.08
0
6.5
0
0
0
0
0
0
0
0
0.42
0
0
0
0
3.78
0
3.56
0
0
0
0
3.7
0
0
0
0
0
0
0
0
0
0
0
0
8.84
0
0
0.64
0
0.24
5.46
2.96
0
0
8.88
0
2.92
0
0
0
4.62
1.1
2.08
0
0
0
3.9
10.1
9.82
0.28
0
0
6.42
0
4.82
3.44
0
0
0
4.64
0
0
0
0
4.44
3.62
0.04
1.54
0
0.12
0
0.8
0.22
0
0
0
0
1.12
0
0
7.7
4.56
0
0
0
0
0
0
0
0
0
0
0
0
0.24
0
0
0.34
4.16
0
0
0
1.52
0.94
1.92
2.22
3.38
17.92
11.54
3.66
6.74
0
5.18
9.94
9.76
0
0
0
6.06
0
6.1
2.7
0.02
0
0
5.6
0
4.78
6.26
1.52
19.62
2.44
7.12
4.68
15.06
0
0.06
1.2
7.02
0
9.88
8.52
0
0
0
3.74
0
9.42
8.14
8.42
0
0
0
0.02
0.18
0
12.78
12.18
3.86
5.8
10.1
0
9.88
1.24
0
0
0
1.9
0.08
7.58
1.6
10.54
0
9.82
0
7.08
0.48
11.08
0.74
0
0
0
10.36
0
10.68
0
2.64
0.12
4.68
11.32
15.6
0.06
0.92
0
0
13.44
3.22
4.96
0
0.04
1.84
11.84
0
3.08
4.48
0
0
3.58
0
5.22
0
5.26
9.04
0
16.26
7.08
0
15.64
0
0
16.18
1.8
18.2
0.66
0.02
0
12.64
8.34
0.2
0
0
2.52
0
6.82
5.14
4.7
0.92
0.96
0.06
6.44
0.02
2.74
10.56
0
0
10.52
0.04
0
4.42
0
0
0
6.96
0
0
0
3.02
8.88
0
5.6
3.44
4.88
2.62
0.76
0.02
0
0
1.68
4.66
10.64
0
0
0
2.2
9.4
0
12.22
7.18
0.96
0
15.66
11.2
0
12.52
2.36
15.44
0
0
0
5.24
3.66
8.4
8.6
4.32
7.86
0
0
0
2.32
0
1.92
4.92
15.2
2.14
0
0
0.02
5.88
0
0
0
0
8.04
0
7.6
9.88
3.28
7.56
0
0
0
2.88
0
10.82
13.84
0
9.98
0
0
0
11.76
0.52
0.02
4.62
0
7.82
0
0
5.72
0
5.5
0
0
8.82
11.68
6.54
0
0
0.24
7.84
8.2
0
0
18.94
0.54
18.12
14.2
0
16.78
8.84
10.08
0
10.02
1.04
0.96
10.6
0
0
19.18
16
0
0
9.84
0.3
12.42
5.82
1.76
18.22
0
5.3
3.84
0
0
7.1
5.62
9.34
10.36
7.18
4.42
8.8
0.76
1.44
0
3.48
2.38
0
1.08
15.12
0
7.86
7.62
0
0
0
18.86
7.94
3.4
0
4.5
0
0.08
0
4.36
6.66
1.52
0
0
14.6
0
7.04
0
7.7
6.86
0.82
0
4.5
8.04
0
7.14
0
1.9
2.2
6.24
0
2.58
1.48
5.86
8.8
0
0
0.96
0
0
1.68
5.96
0
4.6
9.24
3.38
2.58
0.04
8.56
4.14
1.34
3.84
8.66
16.82
0
7.4
8.9
1.28
3.42
5.36
9.56
0.1
0
0
0
5.68
0
0
0
15.62
0
0
14.58
9.02
4.18
0
0
2
10.2
0
9.76
0
7.7
11.2
0
10.78
0
0.8
0
6.34
0
0.98
1.4
13.96
5.54
0
5.8
15.86
6.14
0
0
0
6.94
0.42
9.42
4.36
0
3.42
0
0
0
3.38
0
0
5.04
0
2.66
0
9.18
10.6
0
9.48
8.46
7.24
10.46
4.3
4.02
0
7.28
4.14
0
3.22
2.16
1.48
8.08
7.04
0.08
4.06
4.28
3.64
2.92
0
11.28
11.38
4.22
4.24
3.1
4.08
9.24
2.74
0
6.64
0
10.96
0
2.74
0
0
8.18
0
6.82
0
0
3.06
0
0
9.24
0
5.6
9.12
0.38
3.36
11.16
7.78
0
6.24
0.64
15
1.36
13.6
0.66
11.42
5.54
8.22
9.46
0
0
0
0
6.08
0
11.86
0.02
0
11.98
0.82
0
0
6.36
10
