-0.654177
0.200164
0.688039
-0.447476
0.392721
-0.107007
-0.39113
0.372814
-0.513519
-2.74006
-1.21386
-1.54093
-0.831542
0.223695
-1.85276
-1.55043
-1.32648
-1.11657
0.437791
-0.93229
-1.29545
-1.80615
-0.909303
-0.863785
-1.34274
0.249413
-0.0393715
0.491869
-0.520089
-0.203152
0.0216079
-0.268427
-0.0440326
0.499767
-1.00923
0.273796
-0.155579
-1.24474
0.0803539
0.151307
0.358992
-0.00633435
-1.93841
0.202893
0.254262
0.423878
-0.386548
-0.720236
-0.0106916
-0.582472
-0.0724166
0.0405832
-0.471374
-0.735787
0.76218
-1.55534
-0.762862
-2.10724
-1.06211
0.280218
0.386829
-0.529637
0.281023
-1.80209
-0.878853
0.16402
-0.587195
-0.266258
-0.45321
-0.26076
-0.502567
-0.657788
0.144804
-1.03591
-1.14101
-0.263351
0.12124
-1.49285
-1.50986
0.44909
-0.0484526
0.0791535
-0.571546
-1.49347
-0.239702
-0.293828
0.213306
-1.63238
0.177475
-2.84936
-0.0346817
-0.42484
0.22184
-0.601081
0.0808358
-0.735449
-0.37691
-0.928362
-0.594427
-0.989116
-0.163464
-0.887736
0.739092
0.360873
-0.0522872
0.32027
-1.47389
-1.07234
-0.0444614
-0.48121
-1.43837
-2.26109
-1.30751
0.167065
-0.0267621
-0.613614
0.194299
0.069484
0.125487
-1.01674
-2.03321
-1.09999
-1.01593
-1.08135
-0.199014
-0.0723106
0.549967
0.145728
-0.607832
-0.131822
0.0823558
-0.657792
0.587774
-0.125328
0.411314
-1.59098
-0.0057066
0.0381163
-0.641795
0.580754
-0.184478
-1.3816
1.03218
-0.0862667
-0.0945501
-0.590173
0.123581
-0.330211
0.335987
-0.929603
-0.412804
-1.50015
-0.788417
-0.486007
-0.71103
-0.16439
-0.805684
-1.27939
0.521446
-1.21578
-0.0193789
0.501406
0.202086
-0.0366392
0.118634
-0.129853
0.508262
-0.0803276
0.0320019
0.0733147
-0.668047
-0.120116
0.495102
-0.94157
-0.545566
-2.17399
-0.172704
0.119862
0.257089
-0.792068
-0.356355
-1.52625
-0.12858
0.225253
-0.250073
0.0803705
-1.2195
-1.02884
0.222632
-0.521811
-1.90313
-1.02975
0.0541305
-0.505926
-0.285873
-0.0805683
-0.47467
-0.767038
-0.353688
0.253839
-0.513609
0.157833
0.387722
-0.938352
-0.127536
0.0766373
0.0172697
-0.487926
-0.774576
-0.359825
0.724167
-0.703484
-0.309576
0.543538
-0.0231559
0.28138
-0.571637
0.263247
-0.807211
-0.301343
-0.0540705
-0.872101
-0.339085
-1.4843
-0.9014
-0.283427
-0.737655
-0.65084
0.522472
-1.50777
-0.274693
0.144556
0.297227
0.794833
-0.185994
0.168892
-2.41045
-0.791266
-0.343458
0.317077
0.534494
-1.23739
0.163969
0.0474858
-0.10803
-0.506492
-2.01515
0.246555
0.223187
0.169602
-1.82649
0.512326
-0.0561801
-1.28437
0.198763
-1.24973
-0.950862
0.208926
-0.624456
0.599894
0.395782
-0.800009
0.202565
-0.615992
0.498342
0.242409
-0.219046
-1.19792
0.538863
0.303363
-0.819459
0.605002
0.158063
0.839717
0.265578
0.237784
0.325921
-0.134941
0.16665
0.19093
-0.183699
-1.55131
0.704496
-0.126122
0.192257
0.62883
0.538238
0.346997
0.143175
-0.298234
0.279443
-0.580582
-1.71234
-0.0908863
-1.52703
-0.163321
0.138142
-0.10017
-0.431941
0.139045
-0.190465
0.228067
0.276055
0.135117
-1.38488
-0.867958
0.668102
0.41257
0.0952611
0.632035
0.123441
-0.929608
-1.90492
-0.0431133
-0.156884
0.222602
-0.223449
-0.167367
0.110531
0.300749
0.406923
-0.131177
0.391354
-0.792323
0.0334662
-0.465462
-0.283167
-0.0772357
0.478375
0.547057
-0.101005
-0.672069
0.178939
-0.0307586
0.24644
0.350457
0.197209
0.79389
-0.132191
-1.14485
-1.95865
-0.922333
-0.506075
-0.136485
0.174589
-1.09063
-0.271442
0.0998862
-0.537131
-1.41361
-0.142526
0.0777601
-1.54016
-1.51778
0.340407
-0.0507837
0.324048
-0.416388
-1.83771
-1.16084
-1.25808
0.370186
0.426915
-1.29067
-0.151318
-0.018186
-1.03708
-0.482281
0.182285
0.538003
-0.43982
-0.207938
-0.560048
0.142076
0.508314
-1.05899
0.197464
0.128639
0.519958
-1.17383
0.0089288
0.386183
0.0246084
-0.32222
0.300666
-0.757206
-1.3989
0.0221515
-0.0272406
-1.14071
-0.300256
0.524763
-0.226545
-0.355097
-1.53421
-0.0861608
0.705685
-0.354091
0.113564
-0.592915
-1.19053
-0.49518
-1.925
-0.960717
-0.181938
-1.70305
0.0181335
0.0617365
0.26229
0.694669
-1.82671
0.304431
-0.133148
-0.870971
0.111638
-1.01571
-0.967924
-0.669654
-1.09574
-0.35171
-0.802068
-0.939865
-0.708856
-0.0425652
0.261807
-0.0492593
-1.00517
-1.02524
-1.04713
-0.083275
0.287974
0.48364
0.698301
-0.403536
0.00135481
-0.405695
0.235728
0.204207
-0.885579
-0.451886
-0.284671
0.271615
-1.16194
-0.621367
-1.20648
-0.914422
0.472868
0.331119
-0.78274
-0.853538
-0.999005
-0.0460807
-0.636275
0.0870757
-1.20258
-0.00934077
0.321953
-0.667715
-1.05055
-2.70866
-0.883959
-0.285931
-0.768621
-0.228415
-0.438649
-0.514018
-1.07421
-2.91898
-0.105706
-0.823009
-1.26197
-0.0983499
0.200333
0.344013
-0.471864
-0.227023
-0.500144
-0.34366
-1.25962
0.47166
0.72549
-0.475197
0.691179
-0.205573
0.726513
-1.14774
-0.441903
-1.59442
-0.0166719
-0.124026
0.0747765
-0.0594307
-0.72977
0.236234
0.285236
-1.91512
0.0488618
0.243695
-2.1272
0.449194
-0.794351
0.113871
0.532869
-2.32584
0.107297
-0.360336
0.0562468
0.480194
-0.747199
-1.50466
-1.29018
-1.69352
-0.551207
-2.37842
0.589538
0.431957
0.634667
0.209965
-1.14633
-0.724411
-1.14633
-0.203222
-0.131998
-1.1283
0.118997
-1.62303
-1.18054
0.457851
0.352228
0.523185
0.260957
-0.589825
0.144887
-1.94115
-0.152087
-0.00937848
-0.490737
-0.880532
-0.140397
-0.270156
-0.439954
0.405221
-0.178404
-0.375866
-0.612763
0.676458
-0.13459
0.238236
0.286837
-0.579799
-0.0272866
0.483588
-0.583312
0.0234177
0.219026
-0.337812
-0.211628
0.58581
0.485131
0.0452258
0.670579
-0.115743
-0.327042
-1.79522
-0.920756
0.109735
0.916529
0.315038
-0.96897
-0.256552
-1.16243
0.416775
-0.478049
-2.84716
-0.177056
-0.66767
0.0867134
-0.265519
-1.12243
-0.906468
0.411982
-0.220946
-2.07638
-0.0514523
-0.739277
0.119973
-0.646954
0.423529
-1.19788
-0.00922302
-0.00686126
-0.285044
-1.84472
-0.323833
-0.0830633
-0.112134
0.314046
-1.27498
-0.628902
-1.66917
-0.903404
-1.10085
0.439817
0.11659
0.119066
-1.27373
-0.136039
-0.191612
0.355974
-0.617819
0.407016
-0.307407
-1.84489
0.743351
-0.068786
-0.305209
-0.731557
0.2922
0.229833
-0.0564641
-0.101882
0.353496
-0.590103
0.399132
-0.131293
0.670641
-0.861933
-1.00586
0.14119
-0.177533
-0.581459
-0.166116
-0.592438
0.213904
-1.14212
-0.780214
0.329185
-1.98239
-2.12548
-0.601367
0.222208
-0.890386
-0.157303
-0.255473
-0.653393
0.461376
-1.06375
-0.224912
0.105393
0.543644
0.286062
0.290535
-0.83316
-0.427477
0.299643
0.271792
0.103518
-1.89157
-0.44013
-0.818494
0.779802
-1.23304
0.225634
0.522445
-0.0168245
-0.293539
-0.525559
0.209192
-2.21841
-1.19298
0.0327047
0.0839199
-0.481598
0.459632
-0.527921
-1.43346
-1.30825
-0.150104
-0.417451
-1.12068
-0.0460626
0.189331
-0.140649
0.700323
0.251507
-0.413239
-0.81944
0.384813
-0.0841391
-0.245642
-0.0550463
-0.126288
0.0539198
0.159281
-0.334726
-1.6955
-0.904392
-0.646446
-0.74221
-0.700792
-0.00603692
-0.822072
-0.256594
0.442287
-0.409914
-0.0883285
-0.937913
-1.22769
-2.36326
-0.469344
-1.86042
-1.12645
-0.673252
-0.637011
0.616391
0.149712
0.174326
-1.55431
-1.07802
-0.215593
0.545186
-0.219661
0.456614
-0.906175
0.0460046
0.615581
-1.04622
-2.16571
0.243228
-0.3112
-1.00938
-0.701427
0.100598
0.42127
0.412204
-0.0701789
0.154029
-1.25125
-0.920001
-1.03644
0.0202246
0.311956
0.522238
-0.289788
-0.136236
-2.12828
0.305158
-0.695102
-0.533973
0.408946
-0.221792
-1.03819
-0.297475
-0.510595
0.200986
-1.33831
0.16452
-0.516146
0.116889
-0.21917
-2.11388
0.0387698
0.596714
-0.835238
-0.0884325
-0.276392
0.134319
0.396849
-0.0114207
0.358524
-0.175693
-1.17845
-0.745522
0.276441
-0.677692
0.157902
0.492675
0.29742
-0.778925
0.433678
-0.634637
0.0835932
0.129593
-0.535857
-1.25143
-0.639665
0.300966
-0.958289
0.314615
-0.344163
0.521099
-0.385222
-0.457596
-0.0425601
0.328259
0.238904
0.0354098
-1.23282
-1.22125
-1.18084
-0.341424
-0.899922
-0.883721
-0.759519
-0.508764
-0.481178
-3.41013
-0.858892
0.212297
-0.516448
-0.372461
-0.245646
-0.0973694
-0.833472
-0.0302739
0.725819
0.299859
0.292964
-1.2178
-2.25814
-0.271991
-0.860496
0.149844
0.240675
-2.3382
-0.441016
-0.195379
-0.22431
-1.11347
-1.35908
0.757571
0.13754
-0.838951
-1.71145
-1.68651
-1.18014
0.0876029
0.0615005
0.440478
-0.125867
-0.215684
-0.996763
0.387081
-1.12323
0.0287503
0.542135
0.464184
0.206796
-0.241093
-1.32325
-0.506737
-0.217824
-1.03584
-0.862033
-0.797197
-1.2941
-1.84669
0.331689
-1.41033
-1.40358
0.0465839
-1.23606
-0.663542
0.314751
0.214401
-1.39323
0.143527
-0.0372618
0.588578
-1.00643
-0.534161
-2.10331
-0.58069
-1.39632
-2.14042
0.417931
0.788067
0.296711
0.275145
-1.32248
-0.405398
-0.839664
-0.922399
-1.41231
-0.698713
-0.336759
0.349988
-0.221107
0.613656
-0.408725
0.196781
0.115374
-0.168481
-1.19377
0.267654
-1.19777
-0.0629935
0.780428
-0.607864
0.348347
-0.351177
-1.29832
-0.250175
0.115939
0.687698
-1.19028
-1.23488
-1.41706
0.568199
0.347048
0.442035
-0.891607
-0.110035
-2.11569
0.278534
-0.671135
-0.775016
-1.44906
-0.233879
-0.179617
-1.74644
0.046462
-1.51607
0.537541
-0.97731
-0.252801
-0.312192
-0.177698
-2.2006
0.23853
-0.587323
-0.534068
-0.0406216
-0.222298
-0.215298
-1.12713
-0.737783
0.387477
0.166812
-0.0347755
-0.0442141
-1.18781
-1.50402
0.19969
-0.735799
-1.07755
0.356819
0.413637
0.29688
-0.314418
-0.227704
0.854565
0.591185
-0.702908
-0.660236
-0.362116
0.1665
0.130355
-1.57263
-0.931821
-0.809665
-1.00767
-1.47495
-0.901781
-1.68962
-1.23886
0.523691
-1.36188
-2.59426
-0.0279997
-0.622751
-1.14616
0.208516
-0.929472
-0.122474
-1.49721
-1.69882
-0.242892
-1.33938
-0.285841
-0.406711
-0.574098
-1.4674
-1.03234
0.187069
0.825447
-0.104357
0.585591
0.294057
0.595153
-0.399952
0.502701
0.300411
0.29459
-0.196137
-1.49167
-0.169168
0.3391
-2.25879
0.323294
-1.02523
-0.149867
-1.40858
-0.303551
-0.514333
0.454224
-0.327225
0.282543
-0.194164
0.333871
-0.30811
0.331892
-0.614471
-0.294768
-0.210154
-0.729518
0.222305
-0.877326
0.123373
-1.69895
-1.00204
0.0167065
-1.00085
0.576483
-0.322281
-0.28177
0.604102
-0.246403
0.361113
-0.766811
0.197204
0.332417
-0.237889
0.00133651
-0.138826
-0.391471
0.19949
0.725074
-0.00967969
-1.12579
-0.86483
0.353193
-0.40626
0.0715776
-0.40194
-0.911339
-0.757146
-0.251448
-0.432311
0.366624
0.430454
-0.0542592
-0.210089
-0.098403
0.510315
0.177049
0.104942
0.115423
-0.18659
0.152166
0.129006
-0.288947
0.636017
0.0434948
0.509034
0.392061
-1.05107
-0.0799361
-1.59205
-0.475011
-0.369659
-1.49492
-0.668807
-1.08012
-0.727701
0.0735935
-0.235012
0.317176
0.267405
-0.356108
0.0971571
-0.34159
0.356516
-0.700281
-1.08883
0.103754
-1.0739
0.450252
-1.14709
-0.415651
0.0321524
-0.0485961
0.238814
-0.99481
-0.560272
-0.16627
-1.09639
-0.193243
0.156802
0.0950384
0.429281
0.502785
-0.390053
-0.354129
-1.07808
-0.646585
-0.213193
0.367685
0.511084
0.200196
0.0412873
-0.551107
0.321498
0.574381
0.0893285
0.397311
0.151388
-0.164239
0.540926
-0.380027
-0.725608
-0.627233
-0.283444
0.340055
0.411274
-0.367317
0.291469
-1.28066
-0.15251
-0.657459
-0.167616
0.017817
0.695142
-1.45218
-0.521434
-0.698615
-0.257585
-0.804452
-0.501211
0.341618
0.0852505
-0.187742
0.235381
-0.1408
0.891922
-1.13401
-1.00467
-0.183999
-0.110269
-1.38027
0.215456
0.358696
-0.0233633
0.345545
-0.487291
-0.0376637
-0.688978
0.0535934
-0.877225
-0.4884
-1.71297
0.327135
0.520873
0.539912
0.083006
-0.0934806
-0.316164
-0.0471253
-0.672014
-1.02984
-0.458292
0.0421271
-0.589314
-0.537296
-0.420711
0.481369
-0.30722
-0.376526
-0.643907
-0.219204
0.405579
-0.135218
0.016491
0.0853044
0.261526
-0.460308
-0.599198
-0.656169
0.172564
0.66466
-0.522785
-0.986938
0.0641312
-0.322485
-0.682426
0.0505791
-0.893658
-0.948529
-0.0194151
0.0310116
-0.401455
-1.00258
-0.379694
-1.25948
-0.104185
0.256745
-0.403607
-0.463541
-0.362992
-0.056892
-0.0302586
-0.181809
-0.379136
-0.181872
-0.244635
-0.311279
-0.24855
0.387804
-0.644396
-0.772916
0.114549
0.0292089
0.287081
-0.734413
-0.499378
-0.645728
-0.709742
-0.392441
-0.511019
-0.918664
-0.665726
-0.5464
-0.612937
-0.269385
-0.300405
-0.424592
0.291071
-0.903988
0.0312791
-0.0969569
-0.608965
0.200872
-0.169157
-0.211217
-0.289165
-0.136903
-0.877614
-0.920724
-1.45446
-0.826415
-0.637788
0.520095
-0.0208509
-0.775676
-0.566713
-0.413809
0.113665
0.107084
-0.230521
0.401756
-0.875053
-0.344968
-0.599014
-1.48382
-0.755735
-0.043879
-0.645168
-0.827993
-1.70739
-0.148699
-0.804449
-1.26498
-0.569523
0.152836
-0.345445
0.521675
0.390964
0.0578114
0.274155
-0.045116
-0.821933
-0.315094
-0.11053
-0.0908759
0.682979
0.459143
0.0757002
0.507783
-0.672299
0.261301
0.0614801
0.174821
-0.14223
0.121648
-0.377405
-0.195864
0.0129665
-0.656368
0.0579972
-0.473445
-0.38985
-0.615344
-0.00578624
-1.9986
0.521172
-0.298051
-1.44811
0.0287324
0.477952
0.0452249
0.160257
0.393806
-0.451987
0.0170185
-0.303833
-0.326575
-0.792033
-0.541542
0.791633
-0.390987
-0.351802
0.447089
-1.4954
-0.0858756
0.114317
-1.36452
0.00957741
-0.38031
0.57971
-0.0596912
-0.529585
-1.79308
0.250353
0.178946
0.0801226
0.307503
0.266624
0.507388
-0.310689
-0.240225
-1.35769
-2.26723
-2.1033
-0.345671
-0.0443358
0.193546
-0.294081
-1.61335
0.264774
0.474334
-0.0955937
-0.180207
-0.0305441
0.449603
-0.690299
0.13032
-0.810955
-0.296891
0.151713
0.108382
-0.980417
0.075933
0.181455
0.381162
-0.989841
-0.141229
-0.258627
0.156576
0.136132
-0.0904604
-1.31707
-1.38881
-1.40511
0.474176
-2.37548
-1.12649
0.0200946
-0.0775228
-0.55803
-1.31201
-0.115712
0.107922
-0.531917
0.100225
0.224228
-0.337227
-0.245134
0.0231461
-0.61564
-1.05949
-0.0223457
0.155973
-0.478348
0.230937
0.564026
0.102923
0.00928669
-0.0901124
-0.127
-0.470036
0.204311
-0.677136
0.587072
-0.300099
-0.783403
0.211826
0.0598262
-0.370483
0.344117
-0.245462
-0.036436
0.0261156
0.283041
-0.437728
-0.303662
0.184985
-0.573828
0.451475
0.154902
0.411774
0.798667
0.020747
0.0013696
-0.02737
-0.0241661
-0.775866
-1.08041
0.451111
0.140794
0.143059
0.235645
-0.22626
-3.4079
-1.07422
0.105653
-0.0541073
-0.266443
0.417462
-0.237007
0.181586
-1.3872
-0.177615
0.196719
0.163392
-1.09471
0.220229
0.181815
-0.0579575
0.36307
-0.68737
-0.134747
-0.196989
-0.103277
0.654929
-0.548204
0.389508
-1.09212
-0.653451
0.366812
0.340091
-0.766787
0.157102
-0.304716
-1.3868
-0.0693794
-0.865678
-1.11388
0.0619338
-0.21464
0.517046
0.351908
0.0262471
-0.0436423
-0.146404
-0.606315
-0.395516
-1.14713
0.294474
-0.123873
0.17118
-0.130875
0.234616
-0.378314
0.0690284
0.0852666
0.367783
-0.321575
-0.695247
0.456473
0.717484
-0.495929
-0.387874
0.213201
-0.0928244
-1.12364
0.165832
0.371783
0.451467
0.28067
-1.26183
-0.628388
0.0805984
0.389834
-0.299404
-0.494177
-0.172593
0.395527
0.564904
-0.00168333
-0.748057
-0.464517
-0.207619
0.249126
0.657389
0.246122
-0.421161
-0.0901851
-0.235533
0.0636233
-0.9094
-1.36375
0.101956
-0.426635
-0.589791
-0.0555637
0.241787
0.430878
-0.350828
0.133646
-1.05226
-1.60071
-1.35063
0.508479
-0.0162682
-0.350447
-0.520941
-0.635823
0.35595
0.13141
0.526858
-1.1789
0.00897075
-0.955892
0.221312
-0.884802
-0.0326088
0.232077
0.295875
-0.400669
-0.264998
-0.836308
0.534799
-1.58545
0.00297698
0.391039
0.451562
-0.122952
0.492121
-0.834287
0.0505966
-0.0223707
-0.302462
0.542671
-0.699815
-0.266131
-0.750728
-0.176096
-0.400278
0.128014
0.210641
-1.13021
-0.130823
0.244584
0.299584
-0.538271
-0.772525
0.202607
-0.661165
-0.614797
0.49283
-0.269994
-0.662644
-0.255448
-0.239361
0.147329
-0.550832
-0.540514
0.342587
-0.220292
0.281106
-1.39619
0.280307
0.127167
-0.146009
-0.814006
-1.31813
-0.129931
-0.67398
0.21931
-0.223517
-0.403141
0.0185333
0.414042
-0.977628
-0.468684
0.176247
-0.298093
-0.0598574
0.0290334
-1.45926
-0.100108
0.285621
0.733667
-0.865779
0.441492
-0.79823
-1.82952
-0.643579
0.288741
0.348989
0.52007
-0.583129
0.58746
-0.0203696
-0.660299
-1.01171
-0.0901697
-0.182416
-0.134224
0.216553
-0.82786
-0.176109
0.230306
-0.976356
-1.14053
0.0427175
0.292604
-0.690677
-0.0306449
-0.720682
-0.414975
-0.11144
0.441394
-0.227357
0.206571
-0.267092
0.397723
-2.70283
-0.0848284
-1.21044
0.212007
-0.0770758
0.091789
0.674613
0.079471
0.458025
0.392478
0.402949
0.00707889
0.205335
-0.253471
-0.758428
0.165277
-0.5581
0.206599
0.296469
0.00661843
0.408981
0.579595
-0.472527
0.281018
-0.575259
0.463182
-0.777231
-0.584067
-0.827986
0.734756
-0.111095
-1.25206
-0.24279
0.175456
-0.131012
-1.13573
0.312089
0.16202
0.157232
-0.0430428
-0.0408836
0.166645
0.137863
-0.725464
0.0154909
-0.141553
-1.59717
-0.200467
-0.54567
-0.496464
0.296347
0.203838
0.302479
-0.82705
0.0525596
-0.659944
0.555429
-0.404541
-0.206549
-1.44306
-1.20559
-0.797012
0.551635
-1.33989
-0.960173
0.0289718
0.484786
0.31243
-1.35906
0.179699
0.0773512
-0.387088
-0.411909
-0.281203
0.138608
0.101948
-0.222774
0.223056
0.632505
0.386599
0.415774
0.0142724
-0.0379232
-0.744061
-0.165258
0.222657
-0.672173
-0.567232
0.425868
-0.433257
-0.40845
-2.13518
-0.416671
-0.0754353
-0.725071
0.360329
-0.303058
0.020235
0.354223
0.589261
0.00110211
-0.456129
0.601531
0.561746
0.0845576
0.13004
0.0162426
-1.17283
0.413778
-0.141579
0.526062
-1.81828
0.571308
0.571113
-1.50046
0.11184
-0.851479
-1.29936
0.0407094
0.150466
0.112126
0.48507
-0.78744
-0.648647
-0.969358
-0.974099
0.304411
-0.0575779
-0.539696
-0.125403
-0.224387
-0.553273
-0.308539
0.142567
-0.286009
0.482377
-1.50338
-0.138727
-0.293093
-0.279108
-1.08655
-0.242392
0.738584
-2.03151
0.0156387
-0.425125
-0.848699
0.274812
-1.54962
-0.129713
-0.0990757
-0.760148
-0.386877
-1.22064
0.112143
-0.232152
-0.268168
-0.0239672
0.338613
0.0301709
-0.951449
0.220722
-0.151733
-0.252939
-0.895179
-0.182279
-0.541303
-0.591717
0.070611
-0.455858
-0.250782
-0.896826
0.112579
0.0975237
0.392737
-0.833902
0.601945
0.22883
-0.168858
0.260312
-0.0227088
-1.38723
-0.615745
-0.741785
-0.0507263
-0.34193
0.194513
-0.385078
0.349756
0.0502823
-1.5764
-1.18365
0.167321
0.549364
0.220632
-0.259227
-0.54215
0.263714
0.303783
-0.00615367
-0.590568
-2.01476
-0.108433
-1.44726
0.426775
-0.297629
0.377049
-0.215774
0.104197
-0.349316
0.641257
-0.703933
0.693464
-0.583552
-0.458148
0.164896
-0.785814
0.254845
-1.11063
-0.189845
-0.642141
0.368664
-0.13414
-1.20047
-1.25212
-0.725935
0.171709
-0.747738
-0.272371
-0.0617507
0.491263
0.435117
-0.00890558
0.357446
-0.151928
0.762467
0.098424
-0.947631
-0.921107
-0.922249
0.174618
-1.95562
-0.26507
0.129083
-0.229378
0.405515
-0.521714
0.270617
0.198672
0.453113
0.469927
0.68332
0.0633203
0.205123
-1.31372
-1.39905
-0.237707
0.714119
-0.154529
0.0435226
0.655533
-0.173496
-0.319612
0.254968
-0.901329
-0.270883
0.0342384
-0.201638
0.274507
0.126862
0.174344
-0.285807
-0.325428
0.0184709
0.171186
0.155768
-0.26576
-0.19266
-0.555685
-0.899404
-1.05533
-0.0481579
0.16115
-1.44104
0.246415
0.128252
0.273657
-0.0068456
0.351562
0.571878
-0.352427
0.0890423
-0.983641
-1.6775
-0.329465
0.399637
-0.478995
-1.52047
0.368274
0.265737
-0.409208
0.496914
-0.827279
0.49915
-0.903414
-0.337064
-0.0078999
-0.0242789
-0.143771
0.119976
-0.29402
0.345527
-1.23964
0.166257
0.236172
-1.31597
0.290699
0.188431
-0.571921
-0.482406
0.716959
-0.724124
-0.0679081
-0.245099
0.512951
-0.952435
-0.107373
0.469192
0.187414
-0.443564
0.213086
-0.454972
0.305704
-0.15168
0.605285
-1.2307
-0.246501
-0.429829
-0.427582
-0.336687
-0.749021
-0.141634
-0.00334365
0.312922
0.370181
-0.27908
0.210045
0.0171341
-0.443347
0.19947
0.129187
-0.268047
-0.444966
0
0
0
0
0
0
0
0
0
0
0
0
0
0
0
0
0
0
0
0
0
0
0
0
0
0
0
0
0
0
0
0
0
0
0
0
0
0
0
0
0
0
0
0
0
0
0
0
0
0
0
0
0
0
0
0
0
0
0
0
0
0
0
0
0
0
0
0
0
0
0
0
0
0
0
0
0
0
0
0
0
0
0
0
0
0
0
0
0
0
0
0
0
0
0
0
0
0
0
0
0
0
0
0
0
0
0
0
0
0
0
0
0
0
0
0
0
0
0
0
0
0
0
0
0
0
0
0
0
0
0
0
0
0
0
0
0
0
0
0
0
0
0
0
0
0
0
0
0
0
0
0
0
0
0
0
0
0
0
0
0
0
0
0
0
0
0
0
0
0
0
0
0
0
0
0
0
0
0
0
0
0
0
0
0
0
0
0
0
0
0
0
0
0
0
0
0
0
0
0
0
0
0
0
0
0
0
0
0
0
0
0
0
0
0
0
0
0
0
0
0
0
0
0
0
0
0
0
0
0
0
0
0
0
0
0
0
0
0
0
0
0
0
0
0
0
0
0
0
0
0
0
0
0
0
0
0
0
0
0
0
0
0
0
0
0
0
0
0
0
0
0
0
0
0
0
0
0
0
0
0
0
0
0
0
0
0
0
0
0
0
0
0
0
0
0
0
0
0
0
0
0
0
0
0
0
0
0
0
0
0
0
0
0
0
0
0
0
0
0
0
0
0
0
0
0
0
0
0
0
0
0
0
0
0
0
0
0
0
0
0
0
0
0
0
0
0
0
0
0
0
0
0
0
0
0
0
0
0
0
0
0
0
0
0
0
0
0
0
0
0
0
0
0
0
0
0
0
0
0
0
0
0
0
0
0
0
0
0
0
0
0
0
0
0
0
0
0
0
0
0
0
0
0
0
0
0
0
0
0
0
0
0
0
0
0
0
0
0
0
0
0
0
0
0
0
0
0
0
0
0
0
0
0
0
0
0
0
0
0
0
0
0
0
0
0
0
0
0
0
0
0
0
0
0
0
0
0
0
0
0
0
0
0
0
0
0
0
0
0
0
0
0
0
0
0
0
0
0
0
0
0
0
0
0
0
0
0
0
0
0
0
0
0
0
0
0
0
0
0
0
0
0
0
0
0
0
0
0
0
0
0
0
0
0
0
0
0
0
0
0
0
0
0
0
0
0
0
0
0
0
0
0
0
0
0
0
0
0
0
0
0
0
0
0
0
0
0
0
0
0
0
0
0
0
0
0
0
0
0
0
0
0
0
0
0
0
0
0
0
0
0
0
0
0
0
0
0
0
0
0
0
0
0
0
0
0
0
0
0
0
0
0
0
0
0
0
0
0
0
0
0
0
0
0
0
0
0
0
0
0
0
0
0
0
0
0
0
0
0
0
0
0
0
0
0
0
0
0
0
0
0
0
0
0
0
0
0
0
0
0
0
0
0
0
0
0
0
0
0
0
0
0
0
0
0
0
0
0
0
0
0
0
0
0
0
0
0
0
0
0
0
0
0
0
0
0
0
0
0
0
0
0
0
0
0
0
0
0
0
0
0
0
0
0
0
0
0
0
0
0
0
0
0
0
0
0
0
0
0
0
0
0
0
0
0
0
0
0
0
0
0
0
0
0
0
0
0
0
0
0
0
0
0
0
0
0
0
0
0
0
0
0
0
0
0
0
0
0
0
0
0
0
0
0
0
0
0
0
0
0
0
0
0
0
0
0
0
0
0
0
0
0
0
0
0
0
0
0
0
0
0
0
0
0
0
0
0
0
0
0
0
0
0
0
0
0
0
0
0
0
0
0
0
0
0
0
0
0
0
0
0
0
0
0
0
0
0
0
0
0
0
0
0
0
0
0
0
0
0
0
0
0
0
0
0
0
0
0
0
0
0
0
0
0
0
0
0
0
0
0
0
0
0
0
0
0
0
0
0
0
0
0
0
0
0
0
0
0
0
0
0
0
0
0
0
0
0
0
0
0
0
0
0
0
0
0
0
0
0
0
0
0
0
0
0
0
0
0
0
0
0
0
0
0
0
0
0
0
0
0
0
0
0
0
0
0
0
0
0
0
0
0
0
0
0
0
0
0
0
0
0
0
0
0
0
0
0
0
0
0
0
0
0
0
0
0
0
0
0
0
0
0
0
0
0
0
0
0
0
0
0
0
0
0
0
0
0
0
0
0
0
0
0
0
0
0
0
0
0
0
0
0
0
0
0
0
0
0
0
0
0
0
0
0
0
0
0
0
0
0
0
0
0
0
0
0
0
0
0
0
0
0
0
0
0
0
0
0
0
0
0
0
0
0
0
0
0
0
0
0
0
0
0
0
0
0
0
0
0
0
0
0
0
0
0
0
0
0
0
0
0
0
0
0
0
0
0
0
0
0
0
0
0
0
0
0
0
0
0
0
0
0
0
0
0
0
0
0
0
0
0
0
0
0
0
0
0
0
0
0
0
0
0
0
0
0
0
0
0
0
0
0
0
0
0
0
0
0
0
0
0
0
0
0
0
0
0
0
0
0
0
0
0
0
0
0
0
0
0
0
0
0
0
0
0
0
0
0
0
0
0
0
0
0
0
0
0
0
0
0
0
0
0
0
0
0
0
0
0
0
0
0
0
0
0
0
0
0
0
0
0
0
0
0
0
0
0
0
0
0
0
0
0
0
0
0
0
0
0
0
0
0
0
0
0
0
0
0
0
0
0
0
0
0
0
0
0
0
0
0
0
0
0
0
0
0
0
0
0
0
0
0
0
0
0
0
0
0
0
0
0
0
0
0
0
0
0
0
0
0
0
0
0
0
0
0
0
0
0
0
0
0
0
0
0
0
0
0
0
0
0
0
0
0
0
0
0
0
0
0
0
0
0
0
0
0
0
0
0
0
0
0
0
0
0
0
0
0
0
0
0
0
0
0
0
0
0
0
0
0
0
0
0
0
0
0
0
0
0
0
0
0
0
0
0
0
0
0
0
0
0
0
0
0
0
0
0
0
0
0
0
0
0
0
0
0
0
0
0
0
0
0
0
0
0
0
0
0
0
0
0
0
0
0
0
0
0
0
0
0
0
0
0
0
0
0
0
0
0
0
0
0
0
0
0
0
0
0
0
0
0
0
0
0
0
0
0
0
0
0
0
0
0
0
0
0
0
0
0
0
0
0
0
0
0
0
0
0
0
0
0
0
0
0
0
0
0
0
0
0
0
0
0
0
0
0
0
0
0
0
0
0
0
0
0
0
0
0
0
0
0
0
0
0
0
0
0
0
0
0
0
0
0
0
0
0
0
0
0
0
0
0
0
0
0
0
0
0
0
0
0
0
0
0
0
0
0
0
0
0
0
0
0
0
0
0
0
0
0
0
0
0
0
0
0
0
0
0
0
0
0
0
0
0
0
0
0
0
0
0
0
0
0
0
0
0
0
0
0
0
0
0
0
0
0
0
0
0
0
0
0
0
0
0
0
0
0
0
0
0
0
0
0
0
0
0
0
0
0
0
0
0
0
0
0
0
0
0
0
0
0
0
0
0
0
0
0
0
0
0
0
0
0
0
0
0
0
0
0
0
0
0
0
0
0
0
0
0
0
0
0
0
0
0
0
0
0
0
0
0
0
0
0
0
0
0
0
0
0
0
0
0
0
0
0
0
0
0
0
0
0
0
0
0
0
0
0
0
0
0
0
0
0
0
0
0
0
0
0
0
0
0
0
0
0
0
0
0
0
0
0
0
0
0
0
0
0
0
0
0
0
0
0
0
0
0
0
0
0
0
0
0
0
0
0
0
0
0
0
0
0
0
0
0
0
0
0
0
0
0
0
0
0
0
0
0
0
0
0
0
0
0
0
0
0
0
0
0
0
0
0
0
0
0
0
0
0
0
0
0
0
0
0
0
0
0
0
0
0
0
0
0
0
0
0
0
0
0
0
0
0
0
0
0
0
0
0
0
0
0
0
0
0
0
0
0
0
0
0
0
0
0
0
0
0
0
0
0
0
0
0
0
0
0
0
0
0
0
0
0
0
0
0
0
0
0
0
0
0
0
0
0
0
0
0
0
0
0
0
0
0
0
0
0
0
0
0
0
0
0
0
0
0
0
0
0
0
0
0
0
0
0
0
0
0
0
0
0
0
0
0
0
0
0
0
0
0
0
0
0
0
0
0
0
0
0
0
0
0
0
0
0
0
0
0
0
0
0
0
0
0
0
0
0
0
0
0
0
0
0
0
0
0
0
0
0
0
0
0
0
0
0
0
0
0
0
0
0
0
0
0
0
0
0
0
0
0
0
0
0
0
0
0
0
0
0
0
0
0
0
0
0
0
0
0
0
0
0
0
0
0
0
0
0
0
0
0
0
0
0
0
0
0
0
0
0
0
0
0
0
0
0
0
0
0
0
0
0
0
0
0
0
0
0
0
0
0
0
0
0
0
0
0
0
0
0
0
0
0
0
0
0
0
0
0
0
0
0
0
0
0
0
0
0
0
0
0
0
0
0
0
0
0
0
0
0
0
0
0
