0
0
0
0
0
0
0
0
0
0
0
0
0
0
0
0
0
0
0
0
0
0
0
0
0
0
0
0
0
0
0
0
0
0
0
0
0
0
0
0
0
0
0
0
0
0
0
0
0
0
0
0
0
0
0
0
0
0
0
0
0
0
0
0
0
0
0
0
0
0
0
0
0
0
0
0
0
0
0
0
0
0
0
0
0
0
0
0
0
0
0
0
0
0
0
0
0
0
0
0
0
0
0
0
0
0
0
0
0
0
0
0
0
0
0
0
0
0
0
0
0
0
0
0
0
0
0
0
0
0
0
0
0
0
0
0
0
0
0
0
0
0
0
0
0
0
0
0
0
0
0
0
0
0
0
0
0
0
0
0
0
0
0
0
0
0
0
0
0
0
0
0
0
0
0
0
0
0
0
0
0
0
0
0
0
0
0
0
0
0
0
0
0
0
0
0
0
0
0
0
0
0
0
0
0
0
0
0
0
0
0
0
0
0
0
0
0
0
0
0
0
0
0
0
0
0
0
0
0
0
0
0
0
0
0
0
0
0
0
0
0
0
0
0
0
0
0
0
0
0
0
0
0
0
0
0
0
0
0
0
0
0
0
0
0
0
0
0
0
0
0
0
0
0
0
0
0
0
0
0
0
0
0
0
0
0
0
0
0
0
0
0
0
0
0
0
0
0
0
0
0
0
0
0
0
0
0
0
0
0
0
0
0
0
0
0
0
0
0
0
0
0
0
0
0
0
0
0
0
0
0
0
0
0
0
0
0
0
0
0
0
0
0
0
0
0
0
0
0
0
0
0
0
0
0
0
0
0
0
0
0
0
0
0
0
0
0
0
0
0
0
0
0
0
0
0
0
0
0
0
0
0
0
0
0
0
0
0
0
0
0
0
0
0
0
0
0
0
0
0
0
0
0
0
0
0
0
0
0
0
0
0
0
0
0
0
0
0
0
0
0
0
0
0
0
0
0
0
0
0
0
0
0
0
0
0
0
0
0
0
0
0
0
0
0
0
0
0
0
0
0
0
0
0
0
0
0
0
0
0
0
0
0
0
0
0
0
0
0
0
0
0
0
0
0
0
0
0
0
0
0
0
0
0
0
0
0
0
0
0
0
0
0
0
0
0
0
0
0
0
0
0
0
0
0
0
0
0
0
0
0
0
0
0
0
0
0
0
0
0
0
0
0
0
0
0
0
0
0
0
0
0
0
0
0
0
0
0
0
0
0
0
0
0
0
0
0
0
0
0
0
0
0
0
0
0
0
0
0
0
0
0
0
0
0
0
0
0
0
0
0
0
0
0
0
0
0
0
0
0
0
0
0
0
0
0
0
0
0
0
0
0
0
0
0
0
0
0
0
0
0
0
0
0
0
0
0
0
0
0
0
0
0
0
0
0
0
0
0
0
0
0
0
0
0
0
0
0
0
0
0
0
0
0
0
0
0
0
0
0
0
0
0
0
0
0
0
0
0
0
0
0
0
0
0
0
0
0
0
0
0
0
0
0
0
0
0
0
0
0
0
0
0
0
0
0
0
0
0
0
0
0
0
0
0
0
0
0
0
0
0
0
0
0
0
0
0
0
0
0
0
0
0
0
0
0
0
0
0
0
0
0
0
0
0
0
0
0
0
0
0
0
0
0
0
0
0
0
0
0
0
0
0
0
0
0
0
0
0
0
0
0
0
0
0
0
0
0
0
0
0
0
0
0
0
0
0
0
0
0
0
0
0
0
0
0
0
0
0
0
0
0
0
0
0
0
0
0
0
0
0
0
0
0
0
0
0
0
0
0
0
0
0
0
0
0
0
0
0
0
0
0
0
0
0
0
0
0
0
0
0
0
0
0
0
0
0
0
0
0
0
0
0
0
0
0
0
0
0
0
0
0
0
0
0
0
0
0
0
0
0
0
0
0
0
0
0
0
0
0
0
0
0
0
0
0
0
0
0
0
0
0
0
0
0
0
0
0
0
0
0
0
0
0
0
0
0
0
0
0
0
0
0
0
0
0
0
0
0
0
0
0
0
0
0
0
0
0
0
0
0
0
0
0
0
0
0
0
0
0
0
0
0
0
0
0
0
0
0
0
0
0
0
0
0
0
0
0
0
0
0
0
0
0
0
0
0
0
0
0
0
0
0
0
0
0
0
0
0
0
0
0
0
0
0
0
0
0
0
0
0
0
0
0
0
0
0
0
0
0
0
0
0
0
0
0
0
0
0
0
0
0
0
0
0
0
0
0
0
0
0
0
0
0
0
0
0
0
0
0
0
0
0
0
0
0
0
0
0
0
0
0
0
0
0
0
0
0
0
0
0
0
0
0
0
0
0
0
0
0
0
0
0
0
0
0
0
0
0
0
0
0
0
0
0
0
0
0
0
0
0
0
0
0
0
0
0
0
0
0
0
0
0
0
0
0
0
0
0
0
0
0
0
0
0
0
0
0
0
0
0
0
0
0
0
0
0
0
0
0
0
0
0
0
0
0
0
0
0
0
0
0
0
0
0
0
0
0
0
0
0
0
0
0
0
0
0
0
0
0
0
0
0
0
0
0
0
0
0
0
0
0
0
0
0
0
0
0
0
0
0
0
0
0
0
0
0
0
0
0
0
0
0
0
0
0
0
0
0
0
0
0
0
0
0
0
0
0
0
0
0
0
0
0
0
0
0
0
0
0
0
0
0
0
0
0
0
0
0
0
0
0
0
0
0
0
0
0
0
0
0
0
0
0
0
0
0
0
0
0
0
0
0
0
0
0
0
0
0
0
0
0
0
0
0
0
0
0
0
0
0
0
0
0
0
0
0
0
0
0
0
0
0
0
0
0
0
0
0
0
0
0
0
0
0
0
0
0
0
0
0
0
0
0
0
0
0
0
0
0
0
0
0
0
0
0
0
0
0
0
0
0
0
0
0
0
0
0
0
0
0
0
0
0
0
0
0
0
0
0
0
0
0
0
0
0
0
0
0
0
0
0
0
0
0
0
0
0
0
0
0
0
0
0
0
0
0
0
0
0
0
0
0
0
0
0
0
0
0
0
0
0
0
0
0
0
0
0
0
0
0
0
0
0
0
0
0
0
0
0
0
0
0
0
0
0
0
0
0
0
0
0
0
0
0
0
0
0
0
0
0
0
0
0
0
0
0
0
0
0
0
0
0
0
0
0
0
0
0
0
0
0
0
0
0
0
0
0
0
0
0
0
0
0
0
0
0
0
0
0
0
0
0
0
0
0
0
0
0
0
0
0
0
0
0
0
0
0
0
0
0
0
0
0
0
0
0
0
0
0
0
0
0
0
0
0
0
0
0
0
0
0
0
0
0
0
0
0
0
0
0
0
0
0
0
0
0
0
0
0
0
0
0
0
0
0
0
0
0
0
0
0
0
0
0
0
0
0
0
0
0
0
0
0
0
0
0
0
0
0
0
0
0
0
0
0
0
0
0
0
0
0
0
0
0
0
0
0
0
0
0
0
0
0
0
0
0
0
0
0
0
0
0
0
0
0
0
0
0
0
0
0
0
0
0
0
0
0
0
0
0
0
0
0
0
0
0
0
0
0
0
0
0
0
0
0
0
0
0
0
0
0
0
0
0
0
0
0
0
0
0
0
0
0
0
0
0
0
0
0
0
0
0
0
0
0
0
0
0
0
0
0
0
0
0
0
0
0
0
0
0
0
0
0
0
0
0
0
0
0
0
0
0
0
0
0
0
0
0
0
0
0
0
0
0
0
0
0
0
0
0
0
0
0
0
0
0
0
0
0
0
0
0
0
0
0
0
0
0
0
0
0
0
0
0
0
0
0
0
0
0
0
0
0
0
0
0
0
0
0
0
0
0
0
0
0
0
0
0
0
0
0
0
0
0
0
0
0
0
0
0
0
0
0
0
0
0
0
0
0
0
0
0
0
0
0
0
0
0
0
0
0
0
0
0
0
0
0
0
0
0
0
0
0
0
0
0
0
0
0
0
0
0
0
0
0
0
0
0
0
0
0
0
0
0
0
0
0
0
0
0
0
0
0
0
0
0
0
0
0
0
0
0
0
0
0
0
0
0
0
0
0
0
0
0
0
0
0
0
0
0
0
0
0
0
0
0
0
0
0
0
0
0
0
0
0
0
0
0
0
0
0
0
0
0
0
0
0
0
0
0
0
0
0
0
0
0
0
0
0
0
0
0
0
0
0
0
0
0
0
0
0
0
0
0
0
0
0
0
0
0
0
0
0
0
0
0
0
0
0
0
0
0
0
0
0
0
0
0
0
0
0
0
0
0
0
0
0
0
0
0
0
0
0
0
0
0
0
0
0
0
0
0
0
0
0
0
0
0
0
0
0
0
0
0
0
0
0
0
0
0
0
0
0
0
0
0
0
0
0
0
0
0
0
0
0
0
0
0
0
0
0
0
0
0
0
0
0
0
0
0
0
0
0
0
0
0
0
0
0
0
0
0
0
0
0
0
0
0
0
0
0
0
0
0
0
0
0
0
0
0
0
0
0
0
0
0
0
0
0
0
0
0
0
0
0
0
0
0
0
1.02541
1.26328
1.11355
1.07263
1.02498
1.21301
1.03684
1.65057
1.13349
1.04606
1.07747
1.03624
1.02498
1.08677
1.09158
1.08574
1.04813
1.2028
1.12393
1.03113
1.024
1.2831
1.50962
1.03062
1.12512
1.16112
1.02498
1.08812
1.07819
1.11964
1.02847
1.11336
1.11109
1.024
1.49647
1.27468
1.19647
1.05253
1.02499
1.0492
1.101
1.024
1.06688
1.2093
1.14839
1.14709
1.16296
1.02498
1.024
1.28361
1.02707
1.04172
1.18717
1.02901
1.02498
1.37891
1.02995
1.02653
1.09652
1.06248
1.13328
1.41035
1.0896
1.06897
1.09607
1.06829
1.56137
1.23418
1.02547
1.05179
1.02498
1.03056
1.06554
1.25517
1.1632
1.12265
1.024
1.04915
1.08734
1.15388
1.03265
1.03979
1.08228
1.02653
1.19654
1.04231
1.03026
1.04205
1.28556
1.12609
1.02498
1.09687
1.08224
1.05012
1.06272
1.51784
1.16682
1.02801
1.02661
1.354
1.02805
1.02498
1.024
1.19373
1.02499
1.02498
1.024
1.024
1.02498
1.14405
1.12735
1.02771
1.15408
1.17183
1.05715
1.15119
1.14797
1.0258
1.03134
1.27448
1.19758
1.1356
1.13107
1.02625
1.03333
1.15264
1.33841
1.04321
1.58837
1.02992
1.04297
1.10762
1.02498
1.02912
1.02498
1.03069
1.02498
1.05636
1.38949
1.02498
1.08316
1.024
1.08035
1.0745
1.0466
1.03234
1.22833
1.05105
1.23093
1.02498
1.17329
1.32053
1.22333
1.04958
1.09747
1.02833
1.04113
1.14598
1.02498
1.29828
1.18133
1.1036
1.13872
1.02498
1.15746
1.03178
1.024
1.02498
1.22737
1.04051
1.02926
1.20478
1.13281
1.39611
1.34393
1.12866
1.18581
1.15146
1.03127
1.04752
1.08656
1.43943
1.33739
1.11284
1.02645
1.40181
1.15269
1.06044
1.10489
1.02498
1.23386
1.05694
1.02498
1.17566
1.47188
1.30849
1.02692
1.04222
1.07399
1.26576
1.02498
1.08929
1.5252
1.2973
1.02498
1.16016
1.12062
1.04022
1.02498
1.024
1.03302
1.04929
1.02704
1.024
1.09166
1.0274
1.024
1.03857
1.0603
1.0253
1.02498
1.31322
1.024
1.03315
1.04586
1.03935
1.07374
1.03675
1.03014
1.52835
1.024
1.0296
1.59203
1.03759
1.27515
1.15703
1.05488
1.02505
1.02778
1.03329
1.02498
1.02908
1.09663
1.23997
1.09774
1.11582
1.03058
1.08475
1.04414
1.02982
1.17266
1.02765
1.39444
1.4194
1.03459
1.024
1.06677
1.11727
1.024
1.024
1.02682
1.02831
1.08647
1.55338
1.024
1.02604
1.024
1.32823
1.18299
1.04761
1.08918
1.11697
1.1752
1.29398
1.09023
1.024
1.04973
1.05323
1.11632
1.07145
1.07569
1.08042
1.18951
1.09199
1.03683
1.03355
1.051
1.024
1.09285
1.02866
1.13135
1.50686
1.02525
1.05904
1.02609
1.23159
1.41829
1.024
1.024
1.13311
1.024
1.03318
1.10586
1.04449
1.024
1.14757
1.03433
1.04431
1.45042
1.024
1.02498
1.02498
1.72529
1.024
1.024
1.12594
1.02945
1.024
1.24049
1.03341
1.25162
1.13126
1.3298
1.09868
1.55249
1.02624
1.14847
1.024
1.30156
1.08277
1.024
1.10931
1.38406
1.03165
1.12455
1.03864
1.04341
1.22662
1.02498
1.024
1.024
1.02498
1.5242
1.15461
1.03116
1.03552
1.17038
1.02498
1.0795
1.28761
1.024
1.19675
1.12712
1.08325
1.19826
1.26972
1.02498
1.12351
1.02498
1.03765
1.02498
1.16409
1.02498
1.27231
1.024
1.03744
1.12387
1.27785
1.024
1.048
1.06118
1.02498
1.24367
1.0523
1.36108
1.024
1.53577
1.02712
1.18167
1.024
1.36961
1.02498
1.024
1.02668
1.16026
1.0649
1.08097
1.02973
1.19259
1.02498
1.03868
1.02498
1.32041
1.6748
1.03573
1.11087
1.23343
1.024
1.0442
1.28716
1.02498
1.03373
1.024
1.46797
1.02498
1.38188
1.02498
1.02498
1.02498
1.02498
1.15397
1.02498
1.02498
1.04547
1.03081
1.87686
1.03669
1.0575
1.60207
1.04397
1.02835
1.0264
1.024
1.024
1.02498
1.02498
1.23395
1.08026
1.20323
1.02616
1.03165
1.02532
1.0294
1.02498
1.02498
1.38257
1.12276
1.05748
1.024
1.02498
1.40293
1.28792
1.05661
1.02663
1.31533
1.02498
1.16767
1.02498
1.10237
1.02722
1.1549
1.14238
1.46159
1.4363
1.024
1.23721
1.10531
1.02716
1.07735
1.05148
1.13212
1.26921
1.18671
1.05667
1.02498
1.20333
1.02686
1.02663
1.02498
1.03914
1.08512
1.12959
1.02498
1.0501
1.02498
1.57512
1.024
1.02498
1.32694
1.14686
1.024
1.2176
1.05484
1.05316
1.08353
1.02498
1.20281
1.16021
1.30586
1.02498
1.02638
1.02871
1.34605
1.09928
1.22811
1.10164
1.03265
1.16177
1.03118
1.0945
1.02498
1.024
1.024
1.17014
1.03641
1.02498
1.06377
1.04273
1.024
1.17824
1.04338
1.17476
1.0725
1.09024
1.09404
1.04876
1.07381
1.22463
1.02498
1.03761
1.21463
1.024
1.024
1.06426
1.04401
1.2717
1.024
1.29854
1.10651
1.0848
1.24129
1.02728
1.19127
1.19551
1.1493
1.06568
1.22773
1.06712
1.02498
1.05833
1.02498
1.024
1.14343
1.03121
1.15528
1.54018
1.12593
1.02498
1.2513
1.04312
1.024
1.02498
1.03077
1.11075
1.16631
1.16648
1.0842
1.07267
1.024
1.024
1.05915
1.2621
1.024
1.024
1.28737
1.02498
1.075
1.02498
1.03021
1.3242
1.024
1.024
1.05422
1.24881
1.02498
1.22326
1.02877
1.024
1.15726
1.08224
1.12972
1.13806
1.02498
1.02498
1.024
1.02498
1.02689
1.20306
1.33412
1.02877
1.02498
1.024
1.05224
1.1058
1.32364
1.05593
1.02866
1.03557
1.03941
1.09002
1.024
1.20698
1.02498
1.35404
1.024
1.0915
1.024
1.24339
1.0491
1.024
1.17534
1.20721
1.32737
1.024
1.26828
1.22527
1.03842
1.13898
1.0631
1.02498
1.08911
1.02498
1.02498
1.02498
1.15457
1.02498
1.024
1.46083
1.024
1.09048
1.13394
1.024
1.02623
1.02498
1.024
1.29946
1.04753
1.02694
1.10433
1.10363
1.21853
1.10325
1.11736
1.04962
1.02683
1.04794
1.09352
1.07613
1.02498
1.06322
1.024
1.11198
1.04965
1.08697
1.0516
1.14176
1.27862
1.02934
1.03015
1.024
1.23964
1.02665
1.03115
1.03043
1.02498
1.04805
1.02498
1.09512
1.33928
1.16268
1.05753
1.04436
1.42252
1.0283
1.119
1.03854
1.53973
1.32936
1.02498
1.51369
1.3128
1.024
1.02498
1.024
1.21319
1.02677
1.0519
1.28219
1.02668
1.05704
1.02542
1.02498
1.25813
1.06795
1.40259
1.024
1.07643
1.02498
1.02708
1.03476
1.024
1.22301
1.42549
1.15031
1.02676
1.22777
1.24973
1.21051
1.03229
1.07
1.02498
1.024
1.04771
1.024
1.15174
1.02498
1.02498
1.07539
1.27939
1.02498
1.20264
1.09832
1.02498
1.25747
1.04789
1.03915
1.07528
1.02498
1.04276
1.06005
1.4109
1.024
1.0345
1.02498
1.02498
1.03746
1.14436
1.03817
1.19612
1.15899
1.02767
1.06273
1.16411
1.02498
1.52937
1.02756
1.03787
1.03059
1.024
1.024
1.03191
1.02498
1.02618
1.09426
1.08296
1.30649
1.30922
1.15161
1.15798
1.02498
1.18581
1.07348
1.08884
1.02498
1.02498
1.26965
1.06504
1.09637
1.02498
1.28023
1.07719
1.024
1.30944
1.07201
1.26386
1.12223
1.0836
1.04048
1.13626
1.14204
1.02498
1.04399
1.02766
1.34508
1.292
1.024
1.02498
1.13797
1.5083
1.03106
1.19468
1.03894
1.18131
1.30229
1.1182
1.05936
1.02498
1.024
1.02498
1.02637
1.02755
1.41513
1.18539
1.1344
1.03944
1.02803
1.07725
1.02498
1.02498
1.2212
1.15053
1.024
1.22712
1.03295
1.02498
1.02498
1.02681
1.10636
1.35362
1.08037
1.12924
1.08008
1.02498
1.024
1.10421
1.17896
1.27192
1.024
1.02498
1.04748
1.02498
1.02896
1.02966
1.03936
1.02498
1.11958
1.24141
1.02498
1.40603
1.32055
1.27656
1.05449
1.14674
1.02498
1.1849
1.4483
1.38672
1.02498
1.0423
1.02498
1.03571
1.02498
1.024
1.024
1.15786
1.05621
1.02498
1.02498
1.20759
1.18574
1.02498
1.02498
1.34188
1.03103
1.5105
1.02498
1.024
1.0409
1.02588
1.11773
1.1236
1.02633
1.33132
1.02665
1.08973
1.02498
1.02618
1.02498
1.03538
1.024
1.44084
1.02708
1.32145
1.0263
1.04636
1.02498
1.05637
1.10785
1.10556
1.02498
1.05311
1.1879
1.03527
1.02498
1.17261
1.12701
1.03271
1.02498
1.02498
1.04289
1.024
1.02498
1.34205
1.024
1.49172
1.1303
1.03663
1.02498
1.024
1.02683
1.03701
1.41848
1.32908
1.02662
1.024
1.07805
1.04848
1.14833
1.06389
1.0504
1.13093
1.21967
1.02498
1.07227
1.0965
1.03001
1.02498
1.024
1.17575
1.04121
1.09543
1.04113
1.33478
1.38627
1.30563
1.04019
1.12292
1.04058
1.56221
1.17614
1.02834
1.29019
1.02532
1.024
1.11461
1.30037
1.0632
1.10024
1.06961
1.11581
1.20597
1.56823
1.02939
1.11878
1.02498
1.08575
1.05159
1.06935
1.04184
1.09858
1.06349
1.1742
1.0385
1.03513
1.27511
1.024
1.1144
1.10087
1.04111
1.25669
1.12492
1.02498
1.07061
1.39294
1.36962
1.05781
1.02806
1.05455
1.04191
1.12584
1.03074
1.25943
1.024
1.02498
1.06261
1.024
1.17901
1.08313
1.32577
1.2239
1.04225
1.07862
1.09815
1.02682
1.05936
1.06922
1.38367
1.02499
1.02498
1.024
1.41192
1.25788
0.871075
0.820581
0.880327
0.866151
0.829737
0.909577
0.88861
0.884301
0.867049
0.948666
0.854789
0.952932
0.825412
0.820766
1.0587
0.922533
0.961173
1.04477
0.864988
1.01005
1.3462
1.21166
0.958518
1.36921
0.82975
0.819689
1.13587
0.906355
1.39146
1.13973
0.831507
0.83135
0.848316
0.837528
0.874239
0.985031
1.19009
0.833954
1.20012
0.930927
0.975599
0.832561
1.13168
0.819689
1.04786
0.970235
1.01371
0.944543
0.847426
1.0286
0.969526
1.11675
0.999165
0.858649
0.822994
0.897643
0.819689
1.07608
1.05227
0.823353
1.13409
0.97271
0.974415
1.11499
0.829238
1.12011
0.909711
0.862089
0.860676
0.989761
0.88325
1.37467
0.850358
1.0394
1.40669
1.08043
0.8989
0.969103
1.03958
0.820881
0.855627
0.819689
0.936652
0.973626
1.01516
1.39418
1.28321
0.842829
0.969491
0.862105
1.1383
0.824422
1.05766
0.930157
0.860528
1.0627
0.973996
0.819689
0.819689
0.988647
1.41626
0.856215
1.18216
0.950851
1.14413
1.20192
0.847573
1.11026
0.8192
1.36829
0.922101
0.868777
0.831942
0.955063
0.827897
0.836163
0.826429
1.1319
1.02085
0.822879
0.838382
0.905037
0.876705
0.846211
1.40929
1.19129
0.852525
0.821647
1.22125
1.00744
0.962857
0.972731
1.04906
1.14256
0.819689
1.03655
0.936473
0.825249
0.832033
0.976485
0.908255
1.11471
0.819689
1.24718
1.08602
1.14463
1.35684
0.819689
0.859231
0.833464
1.04244
0.851516
1.1374
0.936028
1.01013
0.845146
1.03519
1.14898
1.07863
0.858657
0.888793
0.873842
1.13257
0.828461
1.03858
1.21976
1.28783
1.15561
1.06039
1.48566
0.863236
0.871713
0.940375
0.950733
0.858437
0.938308
0.958368
1.17667
1.09751
0.932962
0.948082
0.918694
1.00494
0.918338
0.84788
0.977047
0.826065
0.879387
0.997899
0.894803
0.825714
0.898595
1.20933
0.986612
0.954893
0.888468
1.18519
0.850192
0.85258
1.1681
0.898022
0.87237
0.831002
0.8192
0.819689
0.871586
1.02357
0.884748
1.19364
1.0308
0.948989
0.897663
0.828117
0.835648
0.921177
1.10276
0.899814
0.958398
0.984575
0.819689
0.824435
0.862721
1.11909
0.831675
0.961909
0.819689
1.26686
1.05764
0.89831
0.843399
0.909074
0.819689
0.922176
0.949719
0.819689
1.17727
1.02181
0.82608
0.824341
1.26445
1.14543
1.2474
1.4513
0.8192
0.832372
1.02496
0.82491
0.926993
0.8192
0.925686
0.892049
0.825329
1.04888
1.06016
1.40051
0.911354
0.861488
1.10717
1.07836
0.875726
0.820487
0.819689
1.00005
0.985749
0.877234
0.869009
1.13812
1.1076
0.885064
0.920923
1.14569
1.20442
0.947748
0.819689
1.2174
0.877002
1.2368
1.17843
0.942009
0.844549
1.04185
1.30689
0.879079
0.825332
0.841788
0.8192
0.965666
1.25061
0.902267
1.59125
1.07973
0.842902
1.01622
0.906707
0.942001
0.826152
1.13584
1.00797
0.840081
0.881059
0.862891
0.98825
1.50475
0.913492
1.13668
0.83623
0.820329
0.972961
1.31888
0.979928
0.819689
0.907604
0.952565
0.958024
1.05135
0.823399
0.836036
1.25132
0.832226
0.88027
0.989996
0.833966
0.819689
0.864388
0.907366
0.945921
0.840983
1.08531
0.829091
1.0026
0.891891
1.22527
0.987315
0.899961
0.900137
1.02162
1.31799
0.820136
0.925822
0.819689
1.1959
0.934158
0.875647
0.96844
1.49972
1.10053
0.944574
1.22239
1.32721
0.951008
0.819689
1.00197
0.96007
0.941512
0.827153
0.819689
1.05921
1.09064
1.02903
0.865723
0.921706
1.10738
1.27826
0.982472
0.876641
0.889374
0.922387
0.828741
1.13605
1.05535
1.23051
0.83512
0.819689
1.16964
0.908916
1.13938
1.04979
0.941822
1.26256
1.05678
1.08222
0.985229
1.07962
0.819689
0.841139
0.819689
0.896548
0.893749
1.20578
1.10003
1.00125
0.896795
0.826056
1.11443
0.95204
1.04886
1.09361
0.827223
0.887489
0.823483
0.853336
1.12547
0.934487
1.19917
1.00683
0.831219
0.844721
0.938654
1.07173
0.969715
0.859927
1.06928
0.911496
0.91782
0.848118
1.06718
1.22591
0.999578
1.03881
0.930547
1.20012
0.905305
0.819689
1.04195
0.853744
0.944282
1.01026
0.874035
1.38777
1.23014
1.28668
1.13754
0.84752
0.924549
0.819699
0.826816
0.850229
0.829947
0.827868
0.965406
0.8702
0.819689
0.93968
0.883553
0.8192
0.868618
0.862072
0.839054
1.31662
0.838486
1.26134
1.01946
0.821044
0.832037
1.2478
1.415
1.04595
1.08887
0.863236
0.819689
1.02662
1.06114
0.916851
0.823425
0.888772
0.889206
1.11111
1.12081
1.01104
1.2297
0.889064
0.829357
0.853427
1.17454
1.14968
0.819689
0.822962
1.20986
0.839053
1.04403
0.924021
0.858419
1.2496
0.968468
0.97173
1.01385
1.10915
0.875782
1.20625
1.36671
1.20298
1.29453
0.821504
0.8192
0.846546
1.10544
1.07782
0.896403
1.27759
1.18093
0.951345
1.28808
0.92498
0.990836
1.43744
0.8192
0.825364
1.11555
0.819696
0.90599
0.876972
0.848956
0.869666
1.14244
0.825268
0.841979
0.87925
1.07778
0.895679
1.3304
0.970722
1.12341
0.8192
0.836972
1.05194
0.823168
0.832726
0.898314
1.06286
0.837668
1.32662
1.04471
0.976947
1.09917
0.839137
0.819689
0.955336
1.08916
1.01319
0.942584
0.82934
1.08293
0.854795
0.88866
0.854672
0.862035
1.07339
0.819689
0.871691
0.827715
0.992966
0.832941
0.835562
1.23073
1.04058
1.19696
0.819689
0.82924
0.966155
0.819689
1.03606
1.04768
0.983926
0.84584
1.13146
0.841272
1.0894
0.827304
1.03011
0.847624
1.30709
0.833635
0.826334
0.853738
0.991099
0.831743
0.932403
0.823005
0.932591
1.28432
0.98325
0.850789
1.31539
0.832127
0.897176
0.833196
1.0099
0.838511
1.11188
0.925878
1.17019
0.822477
1.62932
0.905118
0.929409
0.910053
0.820817
0.853661
0.834991
1.02589
0.837641
1.09229
1.23392
1.17128
1.07334
0.832586
0.883156
0.945823
0.8192
0.997093
0.859522
1.11054
1.25542
0.873057
1.01771
0.836671
0.993749
0.823909
0.946958
0.967556
0.83828
0.829049
0.874927
0.819689
0.8962
1.12322
0.824927
1.08958
1.09409
1.07525
1.24596
0.847514
0.908738
0.866863
0.819689
0.906909
1.0209
0.974639
1.21897
0.957676
1.059
0.82674
1.29434
0.845507
0.897532
1.19047
0.883139
0.88396
0.961299
1.44845
0.921257
1.00318
1.05559
1.12394
1.10387
1.32593
0.836927
1.04269
1.31502
1.45999
0.8192
0.822331
1.15143
0.891393
0.957815
0.833435
0.977897
1.09709
0.819861
1.16593
1.10424
1.20161
1.10376
1.27685
1.11414
0.908016
0.935969
0.855716
0.870345
0.838713
0.843381
1.0091
1.15429
1.03288
0.839967
0.825323
0.849949
0.883577
0.902791
1.0713
0.935676
0.916119
0.952192
0.94837
0.819916
1.22213
1.64233
0.878791
0.8192
1.18339
0.96182
1.17254
0.819689
1.13887
0.937222
0.8344
1.26764
0.964747
0.931528
0.907483
0.859047
1.10097
0.825413
1.05853
0.922872
1.16925
0.908843
0.867508
0.944025
0.8192
0.865033
1.20309
0.839976
0.907488
1.1251
0.965517
0.962894
0.819689
0.865043
1.0181
1.07014
0.943151
0.877556
0.938899
0.826504
0.82145
0.9903
1.28584
0.860483
0.879804
1.3563
1.26818
0.963476
1.27346
0.820341
0.819689
0.980016
1.35773
1.2887
0.893275
0.822008
0.865571
0.828988
0.88556
0.828985
0.82668
1.09976
0.858811
0.819689
1.0528
1.60404
0.963478
1.04924
0.830211
0.888879
0.868563
0.983088
0.866871
0.902665
0.828177
1.08934
0.838339
0.87354
0.963015
1.09076
0.915457
0.894161
0.987516
0.917436
1.02162
0.819689
0.833709
0.954043
1.23101
0.957532
0.835824
1.1961
0.863584
0.995426
0.860704
1.11743
0.84118
1.44266
0.875407
1.2183
1.01181
0.925622
0.886123
1.05973
0.831323
0.827403
0.835014
0.873083
1.52195
0.819689
0.847848
1.09304
0.879037
1.22715
1.09621
1.05536
0.878872
0.883923
1.06644
0.8612
1.13288
0.844022
1.05747
0.83427
1.27439
0.836481
0.995099
0.8192
1.07697
0.819689
0.823004
0.895523
0.824728
0.822585
1.09742
0.86425
1.01505
0.901829
1.12064
1.17452
0.901896
0.824283
0.902535
0.935184
1.07808
0.860472
1.4857
1.1875
1.22153
1.18591
0.956368
0.914625
1.05317
0.819689
1.113
0.984142
0.819689
1.43598
0.880132
0.819699
0.864112
1.17146
1.24736
1.19877
1.29326
0.99596
1.1623
1.00169
1.00355
0.993343
0.98413
1.09471
0.951769
0.9509
1.07441
0.819689
1.22089
1.1607
0.829596
1.31799
0.819689
0.860495
0.886683
1.13591
0.84181
1.21433
1.00784
0.854471
0.958779
1.20129
1.49235
1.09599
0.94751
1.12934
1.54831
0.819689
1.04893
0.851538
0.866234
0.983732
0.854089
0.829325
0.8192
0.98599
0.828826
0.838258
0.983031
1.06832
1.20706
0.989907
0.983826
0.935605
1.07236
1.19099
0.957314
0.978697
0.84431
0.850022
0.897619
1.19174
0.903293
1.26586
0.973897
1.01672
0.838852
1.03233
1.19724
0.919707
1.23036
0.928837
1.20677
0.8192
1.16496
1.00236
0.833462
0.87625
1.1705
1.22049
0.820393
0.819689
1.16195
0.956069
0.819689
1.19022
1.27667
0.916239
1.10053
1.0282
0.829444
1.11143
0.851968
0.828914
1.29055
0.826577
0.886659
0.819689
0.827483
0.819689
0.819689
1.16032
1.06552
0.828529
0.950032
0.843791
0.860937
0.895122
0.918876
0.894528
1.57561
1.27538
0.8192
0.88478
1.56381
0.854313
0.849833
0.8192
1.07439
0.844522
1.15675
0.830166
0.900326
0.849912
0.819689
1.06315
0.972088
1.00858
1.11211
0.823577
0.8192
1.13727
1.13661
0.819689
0.857315
0.842458
0.908327
0.925645
1.40327
1.16734
0.827294
0.867896
0.819689
1.32096
0.916642
