-0.815312
-1.73367
-0.629736
0.291821
0.00940218
0.58303
-2.85732
-0.715658
-0.396943
0.304719
-0.305287
0.172309
-0.244504
0.220097
-0.110227
-0.445465
-0.31057
-0.789425
0.613
-1.52762
-0.00441228
-0.995118
-2.39966
-0.00525742
-0.587431
-1.44903
-0.678158
-0.210136
0.0904711
-0.345792
-0.367205
-0.590772
0.12072
-1.19592
-0.0617884
-0.0137053
-0.151483
-1.62577
-0.388575
0.271079
0.391777
-0.804326
-1.1343
-0.211469
0.650095
-1.36852
-0.494828
0.416911
0.154098
-0.384234
-0.845355
-1.09932
-0.829674
-0.958417
-0.60244
0.376418
0.233612
-0.291142
0.0491242
-0.226764
-1.06556
0.635303
0.6852
-0.790872
-0.345499
0.451412
0.234222
-0.204126
-0.673658
-0.599117
-0.112993
0.317756
0.117338
-1.58801
0.700922
0.019793
0.0874804
-0.526805
0.318349
-0.117022
-1.77852
-0.365112
-0.171273
-0.280287
-0.193749
-0.674185
0.398376
-2.1768
0.423648
-1.19277
-1.19327
0.169554
0.0578352
0.0955046
0.377341
-0.1003
-0.776832
-2.10063
-0.0580423
-1.05584
-1.86671
-0.0259606
0.526396
-0.212294
-0.493976
-1.2722
-0.911282
-0.530747
-0.510421
-1.5204
-0.251566
-0.66757
-0.286633
-0.574145
-0.128074
-0.267861
-0.113851
-0.95706
-0.804606
-0.097673
-0.188617
-1.20415
-0.473725
-0.50954
-0.883601
-1.19952
-0.375903
-0.571706
-0.442777
-1.28534
-0.836021
-0.294812
0.444929
-1.79104
0.570996
0.331879
-0.771661
-0.868483
-0.920885
-0.712662
-1.34683
-1.27361
-0.909444
0.460431
0.254652
0.372151
-0.486666
-0.0095246
0.00618299
0.0742815
-0.616378
-0.760675
0.0216422
-0.236938
0.18015
0.0356575
-0.666021
0.00731364
-0.685097
0.363495
0.389856
0.60557
0.359803
-0.952713
-0.717025
-1.90509
-2.23246
0.149258
-0.698884
0.509305
0.120941
-1.18654
-0.128371
-2.45893
-1.02182
-0.0151029
-1.5286
-0.702572
0.393121
-0.047364
0.501707
-1.21905
0.344862
0.0163266
-0.310537
0.351225
-0.504289
0.722134
-0.962001
0.340322
-0.357546
0.26161
0.105702
0.627907
0.162554
-1.44522
-0.538631
0.0722046
-0.950187
0.589368
-0.0120208
-0.95139
-0.769147
-0.0692919
0.106601
0.317777
0.0782841
-0.506256
-0.031204
0.116853
-1.01104
0.439526
-0.732361
0.336791
-0.690958
0.234323
-1.2218
-0.0632648
0.327619
-0.258277
-1.99412
-0.363149
-1.61445
0.403577
-0.185641
-0.518501
-0.507349
0.336304
-0.948593
-0.699354
0.549431
-1.21539
0.105558
-1.07838
0.816246
0.351962
0.760429
-1.83274
-1.0082
0.253995
-0.692388
-0.474211
-0.841761
-0.812424
-0.901967
0.369111
-0.406867
-0.52245
-0.0176814
-1.52648
-1.34576
-0.461103
0.168719
-0.87086
0.437175
-0.428284
-0.635924
-0.256608
-0.48689
-0.51826
-0.587307
-1.82612
-2.22193
-0.0853587
-0.141688
0.213686
-0.920933
0.083046
0.370391
-2.46355
0.167874
-0.494865
0.281204
0.23838
-0.581439
-1.87555
0.22367
-0.409427
-0.124835
-1.06009
0.267359
-2.10824
-1.0059
-0.668053
0.452601
0.341431
0.39916
-0.929566
0.740124
-0.255826
-0.282082
-1.40805
-1.34131
-0.828803
-1.29823
0.143695
-0.260018
0.309204
0.434049
0.530874
0.234626
0.318587
0.288263
-0.877199
-0.35135
-0.625751
-1.46787
0.0838704
0.1739
-0.142106
0.31421
-0.784719
0.250391
-0.83576
-0.316829
-0.347576
-1.42394
0.172127
-1.65373
1.06792
-0.0786751
-0.410928
0.28387
-0.516428
-1.31703
0.225566
-0.166947
-0.372811
-0.858323
-0.215135
0.0614481
-0.20494
-0.171462
-0.555934
-0.790195
0.0392859
-1.10597
-2.13215
0.368446
-0.310278
0.576114
0.00854238
-0.104574
0.146909
-1.93548
-0.686712
-0.831482
-0.787596
-1.14538
-1.13258
0.759784
-0.656308
-0.162646
-0.301165
-1.27557
0.371611
-0.812839
-2.02878
-0.419769
-2.15704
0.207394
0.2107
-0.221416
-1.13129
0.0505943
-0.982987
-1.295
0.0833975
0.176744
-1.28371
0.299354
0.0169967
0.127407
-0.804348
-1.47814
-0.435856
-0.317268
0.711667
-1.32111
-0.388013
0.100677
-0.102425
-1.6889
-0.141491
0.238575
0.209159
0.233145
-1.42075
0.164503
0.416097
-1.24411
-1.40941
-0.449372
-1.03234
-1.97066
-1.52787
0.0681692
-0.354983
-0.553288
-0.0561519
-0.0235463
0.565684
0.159303
0.371052
-0.427629
-1.28991
-0.090763
-0.587841
0.159439
-1.76942
-1.48679
0.189864
0.577977
-0.568458
0.00157634
-0.73244
-0.0203591
0.288873
-0.459085
-0.247736
-0.816442
-1.10263
0.235733
-0.882668
-1.08059
-0.223909
-0.0976764
-0.896196
-0.524424
0.0387567
0.138749
0.0475553
0.237698
-1.38148
0.170432
0.265056
-1.17091
-0.399633
-1.27187
-1.2696
0.422901
0.199361
-0.16485
0.0811876
0.48468
0.249586
0.218022
-0.696457
-1.16807
-0.680447
0.860924
-1.26791
-0.511993
-0.208067
-0.0331847
0.435877
0.301755
0.384645
0.575952
-1.03982
-0.792896
0.270697
-0.240322
0.477425
0.516502
0.154407
-0.0726539
0.100482
-0.314758
0.260116
-0.113858
-0.013791
0.00617496
-0.165947
0.0445041
-0.933564
-0.235562
-0.787665
-0.179894
0.432911
0.404464
-0.157181
0.372811
-1.08942
-1.64136
-1.21373
-0.924737
-0.239287
-0.151415
-0.842969
-1.27347
-0.940572
-1.60035
-1.78939
0.172528
-0.0331931
-0.289736
0.450504
0.470061
0.101742
-0.711378
-0.00570068
-0.606312
-0.0979522
-0.510914
-1.10501
0.484643
0.476141
0.917762
0.188184
-0.141755
0.319813
-0.281847
-0.118673
-0.613897
0.396227
-0.00753221
-1.17005
-0.284145
0.221678
0.353926
-0.0234799
-0.591269
0.0946479
0.227627
-1.98539
-0.707971
-1.39137
-0.703636
-1.79044
-0.165143
0.244483
-0.901777
0.349639
-0.0415106
-0.144605
0.0499728
-0.117693
0.353904
-1.96645
0.0463034
-0.857074
-0.769245
-0.122936
-0.263671
-0.106858
0.460768
-2.42899
-1.14614
0.407628
0.545023
-0.522893
-0.506305
0.284274
-0.907733
-0.633379
-1.26786
0.00109068
-0.161741
-1.36164
-1.525
-0.85752
-2.93259
0.030686
0.105266
-1.58001
-0.811134
-0.69963
0.439229
-1.03797
-1.01707
0.264096
0.468409
0.31399
-0.961817
-0.270852
0.297788
-1.77441
-1.22676
-0.874961
-0.498808
0.606453
0.00493645
-1.21479
-1.10618
-0.405188
-0.991493
0.0677501
-0.0994264
0.0039981
-0.280477
-0.369872
-0.912859
-0.151926
-0.7539
-1.51003
-0.0227907
-1.97059
-0.575141
0.116407
-0.0615939
-0.633623
-1.10655
-0.0558802
-0.313049
-0.91142
-1.27633
-1.91707
-1.19139
-1.16732
-0.404159
0.181875
0.504776
-0.156968
-0.21305
-0.56544
-0.046109
0.015488
-1.52728
0.0906574
0.137985
-0.0115121
-0.32201
-0.292165
0.353562
0.235629
-0.45226
0.525131
0.514707
-1.11363
0.0286066
-1.5507
0.0793545
-1.34045
0.278075
-1.07788
-0.804836
-0.928019
0.468764
-0.560361
-1.83609
0.503328
0.0689274
0.327406
-0.382831
-1.09632
0.0237305
-0.00395154
-0.49956
-0.0453785
-1.28856
0.0122761
-0.377046
0.350302
-0.3355
-0.0640021
0.442202
-0.672234
-1.03616
-1.37628
0.143962
-0.277459
0.112786
-0.594222
-1.21981
-0.963973
-0.0991151
0.252746
0.547959
-1.75302
-1.21253
0.213982
-1.15854
-1.75128
0.0127614
0.278997
-1.13775
-1.23525
-0.929533
0.184619
-1.03551
-1.95883
0.170848
0.282316
-0.202596
-0.197251
-0.13866
0.0675201
-1.68142
-0.560878
-1.21349
-2.28939
-0.705327
-0.533839
-2.02582
0.328001
0.514255
-1.79439
0.29326
-0.816238
0.0835449
-0.222641
-0.55103
0.207674
0.656101
0.309062
0.370546
-0.149128
-1.42875
-0.214349
0.252207
0.646041
0.451462
-2.50194
-1.17116
-1.44209
0.178707
-0.493297
0.0576866
0.362171
-0.383306
0.346344
-0.209308
-1.89497
0.397717
-1.16433
-1.19863
0.358653
-1.27722
0.0257627
0.10242
-0.945552
0.387478
-0.753466
0.226564
0.260357
-1.52836
0.37754
-1.25367
-2.2219
0.408774
-0.690223
-0.802518
0.165916
-0.72034
-2.48366
0.0893948
-0.281209
-0.438786
-0.417452
-0.725427
0.0664906
0.411952
-0.916622
-0.6944
-0.0368214
-0.36847
-1.31865
-0.279031
0.375546
0.484681
0.233251
-1.40685
0.100347
0.587093
-0.221204
-0.589852
0.446528
-0.998358
-0.253491
0.0520697
0.603042
0.376716
-1.60387
-0.489881
-0.253265
0.242679
-1.1993
-1.07467
0.283835
0.615311
-0.910819
-0.59702
-1.08517
-0.338946
-2.16389
-0.795267
-1.65493
0.723327
-0.417104
0.48144
-1.34427
0.127637
0.240012
-0.0588884
-1.76597
0.342247
-1.47679
-0.430582
0.352201
-1.7661
-0.241307
-0.849842
0.202058
0.502732
-1.74574
-0.927924
-0.531616
0.241791
-0.618837
0.303636
-1.66692
0.542446
0.276741
-0.462078
-1.82178
0.237028
0.377999
-0.0842104
-0.725024
-0.519511
-1.18108
-1.03032
-1.47518
-1.07851
-1.41403
-1.60255
0.725909
-0.909585
-0.16936
0.522536
-1.66784
-1.61495
-1.7989
-1.07967
0.0365703
-0.669436
0.000690108
0.0120797
-0.883029
0.0888188
-2.12642
0.174056
0.424137
0.0625396
-0.978463
-0.655703
-0.736224
0.276283
-1.05455
0.141695
-1.82932
-0.550088
-0.625078
-0.429427
-1.56491
-1.17394
0.0325512
-0.734232
0.43284
-0.852868
-0.0964651
0.224433
0.494073
-0.00788165
-0.416181
-0.139613
-0.454615
-0.00739048
0.0751501
-0.879616
0.277519
-0.970546
-0.16379
0.108566
-0.854224
0.325881
-0.69574
-0.506299
0.400927
-0.413844
0.349291
-0.565566
0.154207
-0.214534
-0.659482
0.133006
-1.56107
0.0523256
-0.761453
-1.96707
-0.165304
-1.03648
-0.398335
-0.707841
-0.0865646
-0.716132
0.859557
0.0692776
0.0156045
-1.3119
-0.385667
0.205069
-0.469882
-1.03497
-0.57576
0.141807
0.110242
0.0909012
-0.107211
0.527312
-0.294038
-0.354379
0.338124
-0.0344147
-0.577325
-0.0251956
-1.4555
-0.176605
0.619574
-0.625143
-0.337503
0.0524622
0.0383503
-0.897068
-0.35588
-0.918167
0.138882
-2.14424
-0.288514
-0.402199
-1.32218
0.272352
-0.356718
0.103222
-0.763628
-0.011871
-0.721223
0.388036
-0.191486
-0.430865
-1.13919
-0.725161
-0.237859
-1.0323
-0.754036
-1.20517
-0.0542622
-0.895222
-0.88958
-0.641894
-0.493757
-0.898079
-0.52355
-0.340515
0.260808
-0.185075
0.00962278
-0.334995
-0.988483
0.0173519
0.104225
-0.0699626
-0.283155
0.499314
-0.185967
-0.537136
0.300756
-0.757506
-0.0288067
-0.201101
-1.51293
0.0847868
-1.44503
-1.18631
0.458824
-0.486435
-0.664407
0.138329
0.418563
-0.256718
-0.559895
0.318674
-1.02073
-0.569015
-0.411843
-1.60193
0.419929
-0.838676
-1.01277
0.308103
-2.48956
-0.75744
-0.242917
0.351528
-0.571569
-0.699058
0.304619
-0.161965
-0.303178
-0.490856
0.254395
0.141504
0.198564
-0.0512862
-1.59857
-0.733574
-0.325603
0.32417
-0.695243
0.0541517
0.198803
-0.274644
-1.05934
-0.803223
-0.659425
-1.80098
-0.752853
-0.502037
-0.564885
-0.823978
0.651852
0.434302
0.0129455
0.222415
0.247293
-0.174776
-0.281054
-0.951298
-1.02616
0.0530898
-1.18941
-0.198425
0.300599
-1.04057
-0.440905
-1.50233
-0.0481144
-0.831849
-0.216934
0.262499
0.655843
-0.153598
-0.418988
0.319827
0.21017
-1.25303
-0.242121
0.136986
0.440249
-0.281998
-0.944035
-0.580254
-0.0234045
-0.0939705
-1.02467
0.0844774
-0.718266
-0.902001
0.363881
-0.435555
-0.00410306
-0.230354
-0.533224
0.2126
-1.10331
0.06278
-0.43988
-0.619083
-0.84997
-0.114232
0.00488959
0.105599
0.117324
0.484358
0.461853
0.0930806
-0.390025
0.18007
0.285221
-1.03334
-1.7459
-0.635514
-0.254131
-0.785971
0.230782
-0.571255
-0.732496
0.0448425
-1.76581
0.251506
0.644703
-0.305795
0.0867179
0.015928
-0.19497
0.211356
-0.352866
-0.474776
0.308869
-0.324544
-0.249303
-0.712431
-0.441101
0.144073
0.158971
-0.277367
-0.176129
0.0789509
0.266972
-0.48432
-1.37086
0.0341994
-0.693938
-0.31155
0.221479
-0.771408
-0.409415
-0.11755
-0.331351
-1.3052
-0.352707
0.289189
-0.58451
0.464111
-0.330913
0.592041
-0.0101194
0.369714
0.318571
0.535643
0.365171
-1.35349
0.476537
-0.242755
0.143421
0.330622
0.319347
-0.254776
-0.343467
0.23219
-0.0399319
-0.668236
-0.356874
0.182005
-0.335842
0.216344
0.012789
-0.210945
0.103072
-0.373343
-0.0674563
-0.961513
0.3638
0.236293
-1.03538
0.249486
-0.887393
0.0111334
0.586977
-0.980256
-0.396431
0.403499
0.0618689
0.341386
-0.799986
-0.208987
-0.71238
-0.125376
-0.411509
-1.60632
-1.8578
-0.0275577
0.677116
-0.102786
0.335787
-0.218208
-0.717403
-1.24605
0.345454
0.0827493
0.246093
0.181132
0.225143
-0.388581
0.132997
-0.0334744
-0.177082
-0.614807
0.363682
0.260589
-1.21426
-0.303547
-0.982379
0.317633
-0.959546
0.11784
0.175575
-0.282777
0.741731
0.281714
-0.114319
-0.139713
-0.0204657
-0.049955
-0.3509
0.863973
0.325412
-1.0784
-0.363803
-0.460392
0.27333
-0.512736
-1.24375
-1.25776
-1.41497
-0.819403
0.0766805
-0.571239
-0.475736
-0.663592
-0.383716
0.146449
-0.653467
-0.140703
-0.339807
0.677298
-0.20106
-0.320805
-0.461373
-0.67139
0.461243
-1.47203
-0.087442
-0.0216738
-0.241692
0.242783
0.0145651
0.131505
0.337653
-0.406934
0.483282
-0.512591
0.389452
0.745004
-0.745448
0.221519
-1.04775
0.639029
-1.47625
-0.851578
-0.916914
0.110824
0.255628
0.0416223
0.228231
-0.257725
-0.206492
-1.31304
0.0523188
-0.939266
0.0122695
-0.0853999
0.2488
-0.232274
0.622573
0.0236594
-0.0956317
0.111377
-0.743752
-0.731493
0.255226
-1.12279
0.168395
-0.145117
0.344594
0.248106
0.437346
0.025993
-0.203883
0.598664
0.49906
-0.893898
-0.961253
0.327163
0.25988
-0.317122
-0.470251
0.656967
-1.22749
-1.01878
0.19242
-1.14286
0.00585567
0.329389
-0.333486
-0.69881
-1.25827
-0.644094
-1.21292
0.168116
-1.17157
-0.133146
0.543734
0.409468
0.428915
-0.774068
-0.211717
0.212573
-1.06269
0.262546
-1.00509
-0.482714
-0.323882
-0.669938
0.251916
-0.316006
0.148821
-0.286385
-0.549328
-0.331474
-0.40249
0.0191413
-0.786522
-0.0106135
0.468964
0.837314
-0.159581
-0.674168
-0.0049074
-0.174381
-0.0944887
0.43884
0.22654
-0.0858789
-0.225307
-0.277087
-0.173455
-0.0833558
0.641504
-0.37464
0.46923
0.567209
-0.350397
0.0711398
-0.01422
-0.27757
0.152705
-0.680768
-0.137288
-0.21747
-0.0752278
0.329537
-0.261641
-1.03167
-0.042307
0.637808
0.404841
0.484257
0.197931
0.200035
-0.775805
-0.243989
-0.0849643
-0.773731
-0.178825
0.158049
0.39733
0.486388
-0.551786
0.0608251
0.00572725
-0.33303
-0.520401
-0.431483
0.188087
-1.79413
0.159305
0.267011
-0.826628
-0.14991
-0.653402
-0.204546
0.252371
0.600754
-0.395157
-0.554907
-0.699578
-0.670922
0.329971
-1.3671
-1.48008
0.316499
0.414249
-0.137962
-0.46944
0.201601
0.769951
0.0228346
0.657385
-0.153326
-0.202119
-0.603483
-0.13066
-0.360724
-0.533244
-0.226369
-0.805616
-0.2722
0.124129
0.545906
-0.250351
-0.102374
-0.893152
-0.123067
-1.01807
0.0570947
0.187136
0.319417
0.318469
-0.189292
-0.0992525
0.395119
-0.81444
-1.07234
0.591811
0.520387
-0.203479
-0.700277
-0.356334
0.523054
0.120874
-0.04009
0.43539
-0.00985167
0.350948
-0.866937
-1.36134
0.440574
0.505591
-0.803583
0.454128
-1.23318
-0.688565
-2.10294
0.0138021
-0.418104
0.0191567
-0.691505
-0.0843215
-1.48916
-0.302641
-1.00264
-0.689581
-0.448948
0.301412
-0.0619799
-0.4106
0.47204
-0.848465
-0.372764
-0.125835
-0.443145
-0.478468
0.243986
0.516394
-0.551941
0.244044
-0.00814423
0.392036
-0.64675
-0.658704
-0.858108
0.37262
0.436703
0.500206
-0.131452
-0.244627
0.216213
-0.263057
-0.981161
0.449612
-0.250387
-0.0528496
-0.0234787
0.214105
0.100256
0.156152
-1.68867
-0.140476
0.173229
-0.864098
-0.138898
-0.39616
0.262929
0.111529
-0.28627
-1.31256
0.529383
-0.896217
-0.0177599
0.253686
-0.623488
-0.956994
-0.500323
-0.119472
-0.835331
0.209693
-0.410038
-0.620847
0.50017
-0.353997
-0.910264
-0.563518
-0.0943316
0.0802371
0.132198
0.192108
-0.979537
0.480664
0.0335353
-0.262136
-0.841531
-0.317002
0.343608
-1.02421
0.0122386
-0.12498
0.00959415
0.489241
-0.876858
-0.353506
-0.341468
-0.635313
0.187152
-0.172029
-0.019416
-0.641297
-0.389618
-0.196878
-0.842396
-0.440778
0.394356
-0.142475
-0.0466068
-0.906091
0.722685
0.00396193
-1.04802
-0.163141
-0.295425
0.375206
-0.362788
-0.0464335
0.114959
-0.390805
0.422725
-0.0506842
-1.09022
0.410829
-1.57623
0.104559
-0.279113
0.492504
-0.320409
0.499236
0.826355
-0.761531
-1.05137
-0.944128
-0.136788
0.39158
0.144983
0.470449
0.055643
0.154545
0.436922
-0.349263
-1.02009
0.0164595
-0.220118
-0.617569
-0.287821
0.674646
0.0938811
0.15562
0.413388
-0.459718
-0.501059
0.00413821
-0.283146
-0.59127
0.177207
-2.40867
0.12319
-0.619152
-0.70591
-0.7479
-0.300406
0.576032
0.685158
-0.301162
0.366112
-0.806076
-0.337901
-0.701506
0.105749
0.0771388
-1.32037
0.186927
0.689093
0.00710237
0.268944
-1.01432
0.0984978
0.522029
0.196192
0.37178
0.478379
0.516833
0.302879
-0.660649
-0.769884
-0.385119
0.30374
0.2364
-0.822794
-0.144515
0.469209
-0.115672
-0.799474
0.227728
-0.690932
-1.8932
0.163867
-0.146335
-0.104968
0.229494
-0.214108
-0.597079
-0.77103
-0.505505
0.172993
-1.14315
0.619623
0.355441
-0.602847
-1.1734
0.327353
-0.681907
-0.628034
0.0668137
0.728921
-0.253098
-0.575487
-0.519349
-0.142807
-0.616856
-0.130434
-0.622641
-0.302595
-0.433515
-0.215985
-1.43814
0.231734
0.222963
0.413336
0.88694
0.44256
0.431108
-1.0928
-2.00359
-0.773222
0.422306
-0.332077
-1.02332
0.663077
-0.852819
0.548088
-0.506969
-0.944132
-0.00159448
0.622005
0.404003
-0.411793
0.342352
-0.562212
0.39732
0.247709
-0.273223
0.15877
-0.457262
-0.116705
0.436152
-0.676808
0.439594
-0.0630338
-0.636489
-0.379594
-1.56875
-0.371743
-0.184631
-0.338258
0.311199
0.0447483
0.307279
-0.137145
-0.321812
-0.0703046
0.592797
0.0531988
-0.719379
0.365374
-0.783731
0.267145
-0.0425441
-0.0276256
-0.508303
-1.00298
0.303496
-0.130408
0.354977
0.51352
-0.184629
0.111537
0.483846
-0.469796
0.154779
0.512587
-0.717414
0.334613
-0.527507
-0.0465013
0.0352312
0.268794
-0.617262
-0.393547
-0.219114
-0.142892
-1.18495
-0.231487
-0.265199
0.36866
-0.630546
-0.651065
-0.708
-1.63035
-0.0151404
0.0296734
-0.484534
-0.0528376
-0.233529
0.0622404
-0.0581494
0.397706
-0.723888
0.165714
-0.739614
-0.0721697
-0.781334
-0.570049
0.125244
-0.764627
-1.33782
0.277154
-0.0171256
-0.786877
0.0389832
0.360072
-0.990092
-0.204571
-0.208737
-0.0268012
0.490362
-1.2153
-0.243935
0.424372
0.266966
-0.285669
-0.321887
-0.368522
0.202973
0.39252
-0.612254
-0.460104
0.159917
-0.187241
0.205737
0.451151
0.217392
0.476382
-0.622852
-0.619364
0.0537465
0.193106
0.190868
0.400276
-0.336329
-0.236711
0.0250227
-0.807823
-0.550543
0.0746821
-0.8142
-0.430363
-1.11692
-0.895843
0.0121807
-0.65925
-0.186539
-0.0167794
-0.427505
0.434273
0.00968199
-0.556103
-0.332508
-0.171067
0.274345
0.666897
-1.5143
0.0270933
0.164171
0.197765
-0.778351
0.0471895
-0.667169
-0.18406
-0.835846
-0.193356
0.595474
-0.831688
-0.0143802
-1.17371
0.15837
0.192039
-0.00781121
0.301709
-0.224402
-0.326272
0.499339
0.130848
0.537815
-1.20941
0.532966
0.0570319
0.327018
-0.199082
-0.537702
0.425867
0.190569
-0.228603
-0.386718
0.506031
-0.421991
-1.2198
-0.178615
-0.472739
-0.356004
-1.05568
-0.0591096
-0.359839
0.274162
-0.219956
0.191129
0.329767
0.365062
0.342755
0.22509
-0.539616
-0.578469
-0.29775
-0.340176
-0.283089
-0.54487
-0.497572
0.24525
-0.454077
0.145839
-0.87034
-0.466208
-0.70987
-0.095397
-0.189137
-1.72952
0.112228
-0.927211
0.576781
0.273498
0.120062
0.393671
-0.283082
-1.57478
0.369114
0.242887
-0.314858
0.396379
-0.278591
0.20066
0.204122
0.388276
-0.713985
-0.63466
-0.075954
0.126644
0.205283
-0.567232
0.523266
0.343145
0.182572
-1.38577
0.575402
-0.588125
0.313936
0.233778
-1.10331
-0.0927285
-0.246289
0.157814
0.140866
0.129228
-0.067337
-0.175327
0.195864
-0.154207
-0.797511
-0.530668
0.159348
0.481301
-0.0946446
0.287843
0.135855
0.246108
-1.01385
-0.641548
0.208622
0.197339
0.363324
0.543113
0.175937
-0.106627
-0.406762
-2.20146
0.624116
0.452855
-1.38625
-0.326345
-0.0422187
0.431615
-0.324418
0.246751
0.0831945
0.133577
0.21767
-0.597249
0.0278956
-0.92297
-1.27597
0.199117
-0.000493347
0.07278
-0.109613
0.396973
0.337437
0.250471
0.0235951
0.136236
-0.424247
0.159062
-0.248621
-1.18612
0.0285727
-0.514579
0.0883871
0.392536
0.218756
0.342086
-0.264225
-0.579054
0.340469
-0.675197
-0.271129
-0.277888
0.389175
-0.558711
-0.637662
0.470296
-1.16885
-0.0722613
0.479295
-1.87959
0.361176
0.361572
-1.03654
-0.435695
-0.724993
0.042071
0.386028
0.347489
-0.258877
0.0701532
0
0
0
0
0
0
0
0
0
0
0
0
0
0
0
0
0
0
0
0
0
0
0
0
0
0
0
0
0
0
0
0
0
0
0
0
0
0
0
0
0
0
0
0
0
0
0
0
0
0
0
0
0
0
0
0
0
0
0
0
0
0
0
0
0
0
0
0
0
0
0
0
0
0
0
0
0
0
0
0
0
0
0
0
0
0
0
0
0
0
0
0
0
0
0
0
0
0
0
0
0
0
0
0
0
0
0
0
0
0
0
0
0
0
0
0
0
0
0
0
0
0
0
0
0
0
0
0
0
0
0
0
0
0
0
0
0
0
0
0
0
0
0
0
0
0
0
0
0
0
0
0
0
0
0
0
0
0
0
0
0
0
0
0
0
0
0
0
0
0
0
0
0
0
0
0
0
0
0
0
0
0
0
0
0
0
0
0
0
0
0
0
0
0
0
0
0
0
0
0
0
0
0
0
0
0
0
0
0
0
0
0
0
0
0
0
0
0
0
0
0
0
0
0
0
0
0
0
0
0
0
0
0
0
0
0
0
0
0
0
0
0
0
0
0
0
0
0
0
0
0
0
0
0
0
0
0
0
0
0
0
0
0
0
0
0
0
0
0
0
0
0
0
0
0
0
0
0
0
0
0
0
0
0
0
0
0
0
0
0
0
0
0
0
0
0
0
0
0
0
0
0
0
0
0
0
0
0
0
0
0
0
0
0
0
0
0
0
0
0
0
0
0
0
0
0
0
0
0
0
0
0
0
0
0
0
0
0
0
0
0
0
0
0
0
0
0
0
0
0
0
0
0
0
0
0
0
0
0
0
0
0
0
0
0
0
0
0
0
0
0
0
0
0
0
0
0
0
0
0
0
0
0
0
0
0
0
0
0
0
0
0
0
0
0
0
0
0
0
0
0
0
0
0
0
0
0
0
0
0
0
0
0
0
0
0
0
0
0
0
0
0
0
0
0
0
0
0
0
0
0
0
0
0
0
0
0
0
0
0
0
0
0
0
0
0
0
0
0
0
0
0
0
0
0
0
0
0
0
0
0
0
0
0
0
0
0
0
0
0
0
0
0
0
0
0
0
0
0
0
0
0
0
0
0
0
0
0
0
0
0
0
0
0
0
0
0
0
0
0
0
0
0
0
0
0
0
0
0
0
0
0
0
0
0
0
0
0
0
0
0
0
0
0
0
0
0
0
0
0
0
0
0
0
0
0
0
0
0
0
0
0
0
0
0
0
0
0
0
0
0
0
0
0
0
0
0
0
0
0
0
0
0
0
0
0
0
0
0
0
0
0
0
0
0
0
0
0
0
0
0
0
0
0
0
0
0
0
0
0
0
0
0
0
0
0
0
0
0
0
0
0
0
0
0
0
0
0
0
0
0
0
0
0
0
0
0
0
0
0
0
0
0
0
0
0
0
0
0
0
0
0
0
0
0
0
0
0
0
0
0
0
0
0
0
0
0
0
0
0
0
0
0
0
0
0
0
0
0
0
0
0
0
0
0
0
0
0
0
0
0
0
0
0
0
0
0
0
0
0
0
0
0
0
0
0
0
0
0
0
0
0
0
0
0
0
0
0
0
0
0
0
0
0
0
0
0
0
0
0
0
0
0
0
0
0
0
0
0
0
0
0
0
0
0
0
0
0
0
0
0
0
0
0
0
0
0
0
0
0
0
0
0
0
0
0
0
0
0
0
0
0
0
0
0
0
0
0
0
0
0
0
0
0
0
0
0
0
0
0
0
0
0
0
0
0
0
0
0
0
0
0
0
0
0
0
0
0
0
0
0
0
0
0
0
0
0
0
0
0
0
0
0
0
0
0
0
0
0
0
0
0
0
0
0
0
0
0
0
0
0
0
0
0
0
0
0
0
0
0
0
0
0
0
0
0
0
0
0
0
0
0
0
0
0
0
0
0
0
0
0
0
0
0
0
0
0
0
0
0
0
0
0
0
0
0
0
0
0
0
0
0
0
0
0
0
0
0
0
0
0
0
0
0
0
0
0
0
0
0
0
0
0
0
0
0
0
0
0
0
0
0
0
0
0
0
0
0
0
0
0
0
0
0
0
0
0
0
0
0
0
0
0
0
0
0
0
0
0
0
0
0
0
0
0
0
0
0
0
0
0
0
0
0
0
0
0
0
0
0
0
0
0
0
0
0
0
0
0
0
0
0
0
0
0
0
0
0
0
0
0
0
0
0
0
0
0
0
0
0
0
0
0
0
0
0
0
0
0
0
0
0
0
0
0
0
0
0
0
0
0
0
0
0
0
0
0
0
0
0
0
0
0
0
0
0
0
0
0
0
0
0
0
0
0
0
0
0
0
0
0
0
0
0
0
0
0
0
0
0
0
0
0
0
0
0
0
0
0
0
0
0
0
0
0
0
0
0
0
0
0
0
0
0
0
0
0
0
0
0
0
0
0
0
0
0
0
0
0
0
0
0
0
0
0
0
0
0
0
0
0
0
0
0
0
0
0
0
0
0
0
0
0
0
0
0
0
0
0
0
0
0
0
0
0
0
0
0
0
0
0
0
0
0
0
0
0
0
0
0
0
0
0
0
0
0
0
0
0
0
0
0
0
0
0
0
0
0
0
0
0
0
0
0
0
0
0
0
0
0
0
0
0
0
0
0
0
0
0
0
0
0
0
0
0
0
0
0
0
0
0
0
0
0
0
0
0
0
0
0
0
0
0
0
0
0
0
0
0
0
0
0
0
0
0
0
0
0
0
0
0
0
0
0
0
0
0
0
0
0
0
0
0
0
0
0
0
0
0
0
0
0
0
0
0
0
0
0
0
0
0
0
0
0
0
0
0
0
0
0
0
0
0
0
0
0
0
0
0
0
0
0
0
0
0
0
0
0
0
0
0
0
0
0
0
0
0
0
0
0
0
0
0
0
0
0
0
0
0
0
0
0
0
0
0
0
0
0
0
0
0
0
0
0
0
0
0
0
0
0
0
0
0
0
0
0
0
0
0
0
0
0
0
0
0
0
0
0
0
0
0
0
0
0
0
0
0
0
0
0
0
0
0
0
0
0
0
0
0
0
0
0
0
0
0
0
0
0
0
0
0
0
0
0
0
0
0
0
0
0
0
0
0
0
0
0
0
0
0
0
0
0
0
0
0
0
0
0
0
0
0
0
0
0
0
0
0
0
0
0
0
0
0
0
0
0
0
0
0
0
0
0
0
0
0
0
0
0
0
0
0
0
0
0
0
0
0
0
0
0
0
0
0
0
0
0
0
0
0
0
0
0
0
0
0
0
0
0
0
0
0
0
0
0
0
0
0
0
0
0
0
0
0
0
0
0
0
0
0
0
0
0
0
0
0
0
0
0
0
0
0
0
0
0
0
0
0
0
0
0
0
0
0
0
0
0
0
0
0
0
0
0
0
0
0
0
0
0
0
0
0
0
0
0
0
0
0
0
0
0
0
0
0
0
0
0
0
0
0
0
0
0
0
0
0
0
0
0
0
0
0
0
0
0
0
0
0
0
0
0
0
0
0
0
0
0
0
0
0
0
0
0
0
0
0
0
0
0
0
0
0
0
0
0
0
0
0
0
0
0
0
0
0
0
0
0
0
0
0
0
0
0
0
0
0
0
0
0
0
0
0
0
0
0
0
0
0
0
0
0
0
0
0
0
0
0
0
0
0
0
0
0
0
0
0
0
0
0
0
0
0
0
0
0
0
0
0
0
0
0
0
0
0
0
0
0
0
0
0
0
0
0
0
0
0
0
0
0
0
0
0
0
0
0
0
0
0
0
0
0
0
0
0
0
0
0
0
0
0
0
0
0
0
0
0
0
0
0
0
0
0
0
0
0
0
0
0
0
0
0
0
0
0
0
0
0
0
0
0
0
0
0
0
0
0
0
0
0
0
0
0
0
0
0
0
0
0
0
0
0
0
0
0
0
0
0
0
0
0
0
0
0
0
0
0
0
0
0
0
0
0
0
0
0
0
0
0
0
0
0
0
0
0
0
0
0
0
0
0
0
0
0
0
0
0
0
0
0
0
0
0
0
0
0
0
0
0
0
0
0
0
0
0
0
0
0
0
0
0
0
0
0
0
0
0
0
0
0
0
0
0
0
0
0
0
0
0
0
0
0
0
0
0
0
0
0
0
0
0
0
0
0
0
0
0
0
0
0
0
0
0
0
0
0
0
0
0
0
0
0
0
0
0
0
0
0
0
0
0
0
0
0
0
0
0
0
0
0
0
0
0
0
0
0
0
0
0
0
0
0
0
0
0
0
0
0
0
0
0
0
0
0
0
0
0
0
0
0
0
0
0
0
0
0
0
0
0
0
0
0
0
0
0
0
0
0
0
0
0
0
0
0
0
0
0
0
0
0
0
0
0
0
0
0
0
0
0
0
0
0
0
0
0
0
0
0
0
0
0
0
0
0
0
0
0
0
0
0
0
0
0
0
0
0
0
0
0
0
0
0
0
0
0
0
0
0
0
0
0
0
0
0
0
0
0
0
0
0
0
0
0
0
0
0
0
0
0
0
0
0
