0
0
0
0
0
0
0
0
0
0
0
0
0
0
0
0
0
0
0
0
0
0
0
0
0
0
0
0
0
0
0
0
0
0
0
0
0
0
0
0
0
0
0
0
0
0
0
0
0
0
0
0
0
0
0
0
0
0
0
0
0
0
0
0
0
0
0
0
0
0
0
0
0
0
0
0
0
0
0
0
0
0
0
0
0
0
0
0
0
0
0
0
0
0
0
0
0
0
0
0
0
0
0
0
0
0
0
0
0
0
0
0
0
0
0
0
0
0
0
0
0
0
0
0
0
0
0
0
0
0
0
0
0
0
0
0
0
0
0
0
0
0
0
0
0
0
0
0
0
0
0
0
0
0
0
0
0
0
0
0
0
0
0
0
0
0
0
0
0
0
0
0
0
0
0
0
0
0
0
0
0
0
0
0
0
0
0
0
0
0
0
0
0
0
0
0
0
0
0
0
0
0
0
0
0
0
0
0
0
0
0
0
0
0
0
0
0
0
0
0
0
0
0
0
0
0
0
0
0
0
0
0
0
0
0
0
0
0
0
0
0
0
0
0
0
0
0
0
0
0
0
0
0
0
0
0
0
0
0
0
0
0
0
0
0
0
0
0
0
0
0
0
0
0
0
0
0
0
0
0
0
0
0
0
0
0
0
0
0
0
0
0
0
0
0
0
0
0
0
0
0
0
0
0
0
0
0
0
0
0
0
0
0
0
0
0
0
0
0
0
0
0
0
0
0
0
0
0
0
0
0
0
0
0
0
0
0
0
0
0
0
0
0
0
0
0
0
0
0
0
0
0
0
0
0
0
0
0
0
0
0
0
0
0
0
0
0
0
0
0
0
0
0
0
0
0
0
0
0
0
0
0
0
0
0
0
0
0
0
0
0
0
0
0
0
0
0
0
0
0
0
0
0
0
0
0
0
0
0
0
0
0
0
0
0
0
0
0
0
0
0
0
0
0
0
0
0
0
0
0
0
0
0
0
0
0
0
0
0
0
0
0
0
0
0
0
0
0
0
0
0
0
0
0
0
0
0
0
0
0
0
0
0
0
0
0
0
0
0
0
0
0
0
0
0
0
0
0
0
0
0
0
0
0
0
0
0
0
0
0
0
0
0
0
0
0
0
0
0
0
0
0
0
0
0
0
0
0
0
0
0
0
0
0
0
0
0
0
0
0
0
0
0
0
0
0
0
0
0
0
0
0
0
0
0
0
0
0
0
0
0
0
0
0
0
0
0
0
0
0
0
0
0
0
0
0
0
0
0
0
0
0
0
0
0
0
0
0
0
0
0
0
0
0
0
0
0
0
0
0
0
0
0
0
0
0
0
0
0
0
0
0
0
0
0
0
0
0
0
0
0
0
0
0
0
0
0
0
0
0
0
0
0
0
0
0
0
0
0
0
0
0
0
0
0
0
0
0
0
0
0
0
0
0
0
0
0
0
0
0
0
0
0
0
0
0
0
0
0
0
0
0
0
0
0
0
0
0
0
0
0
0
0
0
0
0
0
0
0
0
0
0
0
0
0
0
0
0
0
0
0
0
0
0
0
0
0
0
0
0
0
0
0
0
0
0
0
0
0
0
0
0
0
0
0
0
0
0
0
0
0
0
0
0
0
0
0
0
0
0
0
0
0
0
0
0
0
0
0
0
0
0
0
0
0
0
0
0
0
0
0
0
0
0
0
0
0
0
0
0
0
0
0
0
0
0
0
0
0
0
0
0
0
0
0
0
0
0
0
0
0
0
0
0
0
0
0
0
0
0
0
0
0
0
0
0
0
0
0
0
0
0
0
0
0
0
0
0
0
0
0
0
0
0
0
0
0
0
0
0
0
0
0
0
0
0
0
0
0
0
0
0
0
0
0
0
0
0
0
0
0
0
0
0
0
0
0
0
0
0
0
0
0
0
0
0
0
0
0
0
0
0
0
0
0
0
0
0
0
0
0
0
0
0
0
0
0
0
0
0
0
0
0
0
0
0
0
0
0
0
0
0
0
0
0
0
0
0
0
0
0
0
0
0
0
0
0
0
0
0
0
0
0
0
0
0
0
0
0
0
0
0
0
0
0
0
0
0
0
0
0
0
0
0
0
0
0
0
0
0
0
0
0
0
0
0
0
0
0
0
0
0
0
0
0
0
0
0
0
0
0
0
0
0
0
0
0
0
0
0
0
0
0
0
0
0
0
0
0
0
0
0
0
0
0
0
0
0
0
0
0
0
0
0
0
0
0
0
0
0
0
0
0
0
0
0
0
0
0
0
0
0
0
0
0
0
0
0
0
0
0
0
0
0
0
0
0
0
0
0
0
0
0
0
0
0
0
0
0
0
0
0
0
0
0
0
0
0
0
0
0
0
0
0
0
0
0
0
0
0
0
0
0
0
0
0
0
0
0
0
0
0
0
0
0
0
0
0
0
0
0
0
0
0
0
0
0
0
0
0
0
0
0
0
0
0
0
0
0
0
0
0
0
0
0
0
0
0
0
0
0
0
0
0
0
0
0
0
0
0
0
0
0
0
0
0
0
0
0
0
0
0
0
0
0
0
0
0
0
0
0
0
0
0
0
0
0
0
0
0
0
0
0
0
0
0
0
0
0
0
0
0
0
0
0
0
0
0
0
0
0
0
0
0
0
0
0
0
0
0
0
0
0
0
0
0
0
0
0
0
0
0
0
0
0
0
0
0
0
0
0
0
0
0
0
0
0
0
0
0
0
0
0
0
0
0
0
0
0
0
0
0
0
0
0
0
0
0
0
0
0
0
0
0
0
0
0
0
0
0
0
0
0
0
0
0
0
0
0
0
0
0
0
0
0
0
0
0
0
0
0
0
0
0
0
0
0
0
0
0
0
0
0
0
0
0
0
0
0
0
0
0
0
0
0
0
0
0
0
0
0
0
0
0
0
0
0
0
0
0
0
0
0
0
0
0
0
0
0
0
0
0
0
0
0
0
0
0
0
0
0
0
0
0
0
0
0
0
0
0
0
0
0
0
0
0
0
0
0
0
0
0
0
0
0
0
0
0
0
0
0
0
0
0
0
0
0
0
0
0
0
0
0
0
0
0
0
0
0
0
0
0
0
0
0
0
0
0
0
0
0
0
0
0
0
0
0
0
0
0
0
0
0
0
0
0
0
0
0
0
0
0
0
0
0
0
0
0
0
0
0
0
0
0
0
0
0
0
0
0
0
0
0
0
0
0
0
0
0
0
0
0
0
0
0
0
0
0
0
0
0
0
0
0
0
0
0
0
0
0
0
0
0
0
0
0
0
0
0
0
0
0
0
0
0
0
0
0
0
0
0
0
0
0
0
0
0
0
0
0
0
0
0
0
0
0
0
0
0
0
0
0
0
0
0
0
0
0
0
0
0
0
0
0
0
0
0
0
0
0
0
0
0
0
0
0
0
0
0
0
0
0
0
0
0
0
0
0
0
0
0
0
0
0
0
0
0
0
0
0
0
0
0
0
0
0
0
0
0
0
0
0
0
0
0
0
0
0
0
0
0
0
0
0
0
0
0
0
0
0
0
0
0
0
0
0
0
0
0
0
0
0
0
0
0
0
0
0
0
0
0
0
0
0
0
0
0
0
0
0
0
0
0
0
0
0
0
0
0
0
0
0
0
0
0
0
0
0
0
0
0
0
0
0
0
0
0
0
0
0
0
0
0
0
0
0
0
0
0
0
0
0
0
0
0
0
0
0
0
0
0
0
0
0
0
0
0
0
0
0
0
0
0
0
0
0
0
0
0
0
0
0
0
0
0
0
0
0
0
0
0
0
0
0
0
0
0
0
0
0
0
0
0
0
0
0
0
0
0
0
0
0
0
0
0
0
0
0
0
0
0
0
0
0
0
0
0
0
0
0
0
0
0
0
0
0
0
0
0
0
0
0
0
0
0
0
0
0
0
0
0
0
0
0
0
0
0
0
0
0
0
0
0
0
0
0
0
0
0
0
0
0
0
0
0
0
0
0
0
0
0
0
0
0
0
0
0
0
0
0
0
0
0
0
0
0
0
0
0
0
0
0
0
0
0
0
0
0
0
0
0
0
0
0
0
0
0
0
0
0
0
0
0
0
0
0
0
0
0
0
0
0
0
0
0
0
0
0
0
0
0
0
0
0
0
0
0
0
0
0
0
0
0
0
0
0
0
0
0
0
0
0
0
0
0
0
0
0
0
0
0
0
0
0
0
0
0
0
0
0
0
0
0
0
0
0
0
0
0
0
0
0
0
0
0
0
0
0
0
0
0
0
0
0
0
0
0
0
0
0
0
0
0
0
0
0
0
0
0
0
0
0
0
0
0
0
0
0
0
0
0
0
0
0
0
0
0
0
0
0
0
0
0
0
0
0
0
0
0
0
0
0
0
0
0
0
0
0
0
0
0
0
0
0
0
0
0
0
0
0
0
0
0
0
0
0
0
0
0
0
0
0
0
0
0
0
0
0
0
0
0
0
0
0
0
0
0
0
0
0
0
0
0
0
0
0
0
0
0
0
0
0
0
0
0
0
0
0
0
0
-1.01587
0.414374
0.202288
-0.128448
-1.36094
0.241873
-0.584838
0.749457
0.22855
-0.445172
0.0393941
-0.94805
-0.658996
-0.062404
0.199242
0.0238784
-0.49711
0.269569
-0.0395887
-0.555977
-1.84065
0.418947
0.608044
-0.828254
0.150405
0.374037
-1.63281
0.0703035
0.107543
0.0246475
-0.564958
0.206909
-0.0539207
-1.50874
0.543894
0.375639
0.282542
-0.246083
-0.721758
-0.329762
0.0683886
-1.09175
-0.0726981
0.256238
0.135445
0.0252842
0.307152
-1.10294
-1.07206
0.236103
-0.846014
-0.324468
0.172628
-0.798417
-0.981249
0.564734
-0.630037
-0.726286
-0.104776
-0.157741
0.130386
0.608197
0.0293674
-0.89398
0.202029
-0.137691
0.697903
0.371648
-0.907857
-0.1579
-0.995817
-0.699709
-0.0544487
0.323202
0.226285
0.167074
-2.5729
-0.370253
-0.156006
0.292097
-0.322896
-0.333546
0.0614854
-0.678299
0.291222
-0.375273
-0.47758
-0.575083
0.343219
0.147824
-1.21753
0.0894638
0.0582333
-0.102929
-0.136432
0.679626
0.0674943
-0.630053
-0.615526
0.496166
-0.461668
-0.758298
-1.28949
0.267115
-0.507749
-0.985313
-1.44014
-2.30458
-0.799016
0.305068
-0.0564686
-0.533856
0.266306
0.248973
-0.377933
0.123353
0.130911
-0.886434
-0.451706
0.40245
0.212354
0.180593
-0.157402
-0.191096
-0.472231
0.0574391
0.465762
-0.380952
0.686867
-0.608136
-0.298522
0.0560776
-0.888098
-0.463742
-0.86305
-0.268233
-0.846281
-0.163861
0.620052
-0.889643
-0.0491025
-1.99978
-0.0142654
-0.183539
-0.293567
-1.09846
0.125013
-0.435083
0.285537
-0.90234
0.19607
0.411374
0.463928
-0.439409
-0.124462
-1.14105
-0.156565
0.235224
-0.792981
0.448399
0.327253
0.272549
0.0772343
-1.23955
0.279347
-0.325147
-1.52195
-1.54635
0.286952
-0.362316
-0.864296
0.217483
0.235036
0.532491
0.545436
0.0712996
0.177783
0.31974
-0.974604
-0.59524
-0.0976077
0.551926
0.561555
0.0955484
-0.663508
0.51311
0.188935
-0.0247163
0.31108
-0.881082
0.356735
0.0273721
-1.08492
0.176245
0.698089
0.409905
-0.410962
-0.520438
0.134916
0.397108
-1.15996
0.0800922
0.605117
0.436848
-0.685411
0.220579
0.0624325
-0.95772
-0.970283
-2.14284
-0.893309
-0.27229
-0.825664
-1.15621
-0.288536
-0.799422
-1.19901
-0.339765
-0.134141
-0.361244
-0.741322
0.518559
-1.46452
-0.520853
-0.319105
-0.328114
-0.224891
-0.289526
-0.686141
0.673133
-1.27491
-0.813108
0.782898
-0.537338
0.422686
0.208118
-0.173259
-0.77949
-0.51795
-0.55969
-1.09902
-0.402931
-0.167597
0.392539
0.0713495
0.094572
-0.637958
-0.204722
-0.449151
-0.470637
0.17671
-0.401955
0.625874
0.524809
-0.306562
-2.35023
-0.313297
0.0247428
-1.45224
-1.05538
-1.00395
-0.849422
-0.0099751
0.63969
-1.44016
-0.752006
-1.71179
0.415544
0.151052
-0.462415
-0.106021
0.057318
0.216718
0.425664
-0.0277624
-2.17544
-0.240991
-0.287142
0.0286515
-0.117813
-0.289221
-0.144647
0.330957
0.0332839
-0.562805
-0.309517
-0.314231
-1.33353
-0.0903457
-0.674277
0.13562
0.649942
-0.818485
0.10912
-0.817926
0.324965
0.585114
-2.04183
-2.53838
0.164048
-0.932838
-0.45986
-0.143671
0.0165088
-1.68885
0.185749
-0.742654
-0.272496
0.621544
-1.29691
-0.755091
-1.01365
0.80923
-1.58364
-1.32888
0.0856958
-0.565094
-1.92558
0.444503
-0.758788
0.45893
0.00254871
0.470809
0.0730041
0.680861
-0.461656
0.268128
-1.69374
0.327731
-0.0295423
-1.83502
-0.0503741
0.500821
-0.568838
-0.0455558
-0.336436
-0.117244
0.26981
-0.886909
-3.31977
-3.36004
-0.576385
0.680133
0.147303
-0.704089
-0.460233
0.292752
-0.618479
-0.204002
0.341717
-1.2559
0.35114
0.118772
-0.118071
0.133221
0.335919
-0.978227
0.169644
-0.863662
-0.504864
-0.935995
0.302741
-1.18977
0.337999
-1.15257
-0.401718
0.133159
0.226503
-1.58006
-0.102823
-0.294831
-0.87171
0.38551
-0.247997
0.480729
-2.4375
0.715312
-0.620451
0.206756
-1.69187
0.481002
-0.971262
-1.54387
-0.485527
0.235217
-0.374855
-7.75157e-06
-0.767848
0.275389
-0.960035
-0.46605
-1.17005
0.518375
0.816081
-0.639359
-0.0261418
0.346083
-1.44536
-0.0235279
0.368127
-1.07727
-0.448257
-2.1902
0.592294
-1.31708
0.50777
-1.29243
-0.879792
-1.25244
-1.32162
0.0232198
-0.703221
-0.527129
-0.397235
-0.257239
0.94469
-0.575261
-0.310865
0.572655
-0.516434
-0.590919
-0.595438
-1.20325
-2.06337
-1.31804
-0.680409
0.575314
0.056024
0.219862
-0.60063
-0.872146
-0.710726
-0.444677
-1.15395
-0.910928
0.418345
0.0634292
-0.271095
-1.47956
-1.00017
0.402751
0.461528
-0.229931
-0.662174
0.364378
-1.68321
0.00669487
-1.31097
0.0662577
-0.939688
0.0203399
0.013482
0.581287
0.49582
-1.86215
0.319219
-0.104273
-0.905402
-0.14515
-0.268171
-0.0736711
0.508349
0.210213
-0.125337
-0.878522
0.253448
-0.455352
-0.511468
-1.00329
-0.369982
-0.0126861
0.180418
-0.895865
-0.247477
-0.84564
0.785422
-1.84046
-0.985272
0.502108
0.0445396
-0.985921
0.286671
-0.0847337
-0.268652
-0.140535
-0.834057
0.180627
0.316143
0.400834
-0.965728
-0.309466
-0.491766
0.463606
-0.0814397
0.275969
-0.314043
-0.605684
0.323544
-0.592268
0.00622996
-1.12935
-2.09767
-1.43895
0.163428
-0.496513
-0.99575
-0.271485
-0.643947
-1.13117
0.264401
-0.14411
0.284712
-0.107482
0.011022
-0.162983
-0.219201
-0.204472
0.350368
-1.03439
-0.402955
0.41608
-2.36399
-1.25464
-0.196536
-0.351532
0.48527
-1.52462
0.268898
-0.013983
-0.0741631
0.428847
-0.508743
0.136409
0.30801
-0.173801
-0.298803
0.339176
0.043825
-1.17833
-0.301343
-0.688479
-1.51314
0.148982
-0.808067
0.185256
0.579341
0.128694
-1.17996
0.482051
-0.69569
-1.48653
-1.14839
-0.439372
-0.053161
0.155699
0.206916
0.117127
0.0713614
-1.9825
-1.03076
-0.304665
0.393294
-1.90063
-1.59586
0.422063
-0.482554
-0.0317974
-0.855234
-0.447809
0.409145
-1.29684
-2.76423
-0.345324
0.320215
-1.24699
0.336246
-0.837063
-1.07719
0.203862
0.05013
0.041312
-0.0334483
-0.952027
-0.798442
-1.6992
-1.31201
-0.513416
0.278627
0.463624
-0.810951
-0.871758
-1.05353
-0.0736729
0.243728
0.357853
-0.0902525
-0.751408
-0.415456
-0.292162
0.00859532
-1.49474
0.0950582
-0.97816
0.359184
-1.21738
-0.177657
-2.23856
0.341085
-0.434333
-2.01601
0.374568
0.228734
0.463701
-2.20974
0.450012
0.349691
-0.388659
0.0263257
-0.302974
-0.678656
-0.220881
-0.769828
-0.662577
-1.72567
0.0819446
-1.11858
-1.10474
0.578523
-1.47391
-0.269326
0.146615
-1.08542
-0.530608
-1.02739
-1.63113
0.491364
-0.0276155
-0.441659
0.0584057
0.062798
0.151399
0.000629466
0.152724
-0.219862
-0.876351
-0.395664
0.0269344
-0.390502
-0.626717
-0.408931
-1.6245
0.129616
-0.250952
-0.0407055
-0.566734
-0.0140547
0.426735
-0.601678
-0.717464
-1.47558
0.356176
-1.06932
-0.462233
-0.763933
-0.870413
-0.402376
-1.33491
0.0070175
0.458566
0.270916
-0.397848
-0.304165
0.541997
-0.6521
0.256233
-0.237923
0.656014
0.565267
-0.939884
0.631578
0.633807
-1.96859
-0.988072
-1.89565
0.462023
-0.61998
-0.299109
0.500739
-0.764385
-0.326041
-0.248184
-1.0639
0.413669
-0.156919
0.479989
-2.43517
0.0168057
-1.04168
-0.0847767
-0.445147
-1.86723
0.44287
0.608592
0.124664
-0.668849
0.29064
0.413162
0.0531485
-0.253239
-0.113139
-0.748738
-2.17122
-0.135072
-1.56675
0.31655
-1.08367
-1.21824
-0.0452202
0.270998
-0.792025
0.260221
0.0545944
-1.00435
0.32204
-0.239656
-0.585814
-0.209366
-0.982313
-0.0821256
-0.0642635
0.551185
-1.33244
-0.466828
-0.782058
-0.880494
-0.462065
0.161487
-0.326413
0.211018
0.132257
-0.604607
-0.201638
0.140915
-1.40014
0.68043
-0.481852
-0.240279
-0.525347
-1.75426
-1.87741
-0.262464
-1.37705
-0.924504
0.124563
-0.101556
0.467835
0.407246
0.074684
0.174912
-0.575645
0.100492
0.065043
0.0908576
-1.18347
-0.821398
0.44054
-0.0985855
0.00155471
-0.856325
0.395249
-0.2326
-1.60363
0.535961
-0.0631407
0.367264
-0.138989
-0.0313765
-0.222841
0.201978
0.121146
-0.792834
-0.418511
-0.509376
0.465235
0.531422
-1.65393
-1.36222
0.163979
0.639447
-0.480304
0.348376
-0.583722
0.0270756
0.362222
0.105658
-0.298195
-0.693236
-1.90673
-1.45222
-0.556638
-0.393281
0.580499
0.152852
0.229107
-0.316364
-0.452452
0.164435
-1.2949
-1.41156
0.188415
0.230611
-1.78928
0.458653
-0.179462
-0.917127
-0.712642
-0.673262
0.00950757
0.481794
-0.115026
0.117158
-0.0140667
-1.65032
-1.87154
0.218569
0.287199
0.350934
-1.64753
-0.977272
-0.352644
-1.08941
-0.769686
-0.809322
-0.210228
-1.12961
0.158864
0.258193
-0.810219
0.529824
0.349702
0.485252
-0.265199
0.142959
-0.909915
0.40136
0.587193
0.4755
-0.756584
-0.306467
-0.933696
-0.130651
-1.02679
-1.36325
-1.64383
0.178931
-0.0153178
-0.935874
-1.69048
0.167498
0.153141
-1.28263
-1.42445
0.566022
-0.486274
0.54397
-0.764037
-1.32072
-0.343561
-1.17557
0.1581
0.0623826
-0.903732
0.409977
-0.62405
0.0052163
-1.14656
-0.91111
-0.79315
-0.38079
-2.23148
0.686758
-0.704792
0.395111
-0.770983
-0.320381
-1.25709
-0.222602
0.104398
0.0523815
-0.902841
-0.238373
0.198045
-0.20559
-1.06873
0.180021
-0.200533
-0.722265
-1.31418
-1.22827
-0.391956
-1.33653
-1.22024
0.511365
-1.44194
0.655724
0.106276
-0.191529
-1.02553
-1.62805
-0.685388
-0.335417
0.574711
0.486361
-1.15255
-1.35984
-0.155027
-0.233047
-0.0383588
-0.355293
-0.317045
0.227715
0.398227
-1.06107
-0.191683
0.0513675
-0.593979
-1.03459
-1.90768
0.338071
-0.448035
-0.0512472
-0.430369
0.472879
0.538422
0.484571
-0.677222
0.18029
-0.492084
0.687677
0.45394
-0.570577
0.28696
-0.638562
-1.64481
0.000481593
0.436747
-0.0843361
0.166237
-0.295767
0.0111732
0.352945
0.720733
-0.725594
0.16401
-0.900336
0.0312524
-0.276485
0.0608468
-0.747777
0.000911264
-0.060298
0.183947
-0.563712
-0.468266
0.344042
-1.39136
0.0254306
-0.064633
-0.240708
0.387532
0.137298
-1.123
-0.0149826
0.553275
0.485158
-0.258889
-0.530114
-0.321532
-0.406007
0.0147126
-0.621826
0.277289
-1.80409
-1.41918
0.0332642
-1.64482
0.325132
0.194397
0.385056
0.305753
-0.315904
-0.0388592
-0.0190809
-0.610244
-0.331086
0.105713
0.511369
-0.629876
-1.07074
-2.50591
0.574286
0.450214
-0.656754
-0.890817
-0.290237
-0.271364
-1.24674
-0.339218
-0.45586
0.0488292
-0.631136
-0.0342644
-0.46426
0.011304
-1.23117
-1.11185
0.00123683
-0.0929487
0.0357533
0.336057
-0.195149
0.0230484
0.583309
0.444922
0.0699067
0.604839
-0.670968
-1.0003
0.284901
-0.0635067
0.540927
0.312825
-0.951122
-0.644509
-0.363614
-0.487481
-0.492218
0.0617709
0.437166
-0.875706
0.37781
0.105683
-0.0987091
-0.395326
0.458216
-1.01664
-0.0580917
0.0433454
-0.261871
0.0552137
-0.482909
0.0566891
-0.241953
0.18863
0.0540499
-0.388729
-1.06483
-0.179614
-1.97706
0.25662
0.25917
-1.07045
-0.156579
-0.0883571
-0.158083
0.277617
-1.65951
0.237303
-0.417356
-0.54784
-0.566331
-0.00598823
-0.785453
0.558152
-0.358531
-0.0646645
0.509996
0.299918
-0.214669
-0.155632
0.158416
-0.954284
-0.461016
-1.16989
-0.230202
-0.640792
0.177459
0.55111
0.431682
-0.77892
-0.151009
-0.380999
0.203482
-0.673134
-0.192468
-0.0143381
-0.159636
0.271601
0.0918153
-1.36267
-0.824338
-0.0674754
0.550217
-0.937546
0.353212
0.0826489
0.205157
0.28289
-0.670403
0.373167
-1.93581
0.575891
-0.171756
-0.696196
-1.24756
-0.116331
-0.994861
-1.19166
-0.965981
0.337723
0.0836281
-0.883393
-0.634418
-0.0539009
-1.81059
-0.536271
0.532234
0.372755
-0.584134
-1.28296
0.338161
-0.366717
-0.83313
-0.442366
0.0183664
0.134353
-1.65613
0.255467
-0.0306921
-0.630418
-0.397377
0.199531
-0.202726
0.223429
-1.45742
0.436342
0.261159
0.0657525
0.604282
-1.859
-0.461874
-0.653454
0.0212291
-0.201603
0.30977
-0.630353
-0.137073
-1.05099
0.298732
0.303051
0.28626
-0.301421
-0.280215
-0.43953
0.276365
-0.816167
0.256937
0.500257
0.527848
0.424094
0.335091
0.684012
-1.45064
-0.244657
0.00909793
-1.23986
-0.328119
-0.265423
-0.0570169
0.206462
-0.0625248
0.0337986
-0.0963999
-0.339348
0.146034
-0.180802
-0.273685
-0.431542
-0.577851
-0.705573
0.156821
-0.42374
-0.972114
0.0326987
0.336657
0.214094
-0.371355
-0.268916
0.287512
-0.387239
-0.779012
0.32284
-1.01746
-0.0878594
-0.711613
-1.72593
-1.2184
-0.377061
-0.332304
-0.147073
0.581313
0.160356
0.137755
-0.0677066
-0.561241
-0.571578
-0.10891
0.0061552
0.0476756
-0.462357
0.165239
-1.2722
-1.60688
-0.70924
-0.185322
-0.662572
-0.693761
-1.44474
0.458777
0.25426
-1.01656
-0.71086
-0.00728133
-0.98603
-1.27151
-0.259755
-0.948821
0.247481
0.249194
-0.885161
-0.556402
0.383752
0.387872
0.497972
0.648504
-2.55932
-0.570016
0.0562348
-1.72935
0.0267799
-1.80732
-0.260077
-0.128694
-0.994795
0.323913
0.208443
0.607669
-0.0617847
-0.338499
0.208038
0.353231
-0.784365
-0.906995
-2.25238
-0.0345044
-0.280063
-0.976369
-0.143106
0.274346
-0.0870605
-0.272627
-0.183158
0.205488
0.41558
0.0231895
-1.51873
0.413279
-0.342094
0.417977
0.358047
0.00362883
-0.444079
0.219317
0.409837
-0.438403
-0.936613
-0.534743
-1.24284
0.157184
0.38981
-0.37391
0.720089
0.157172
-0.343082
0.208681
0.0428371
-0.398225
-0.728019
0.274376
0.196903
-1.19615
-0.343459
-0.357794
-0.00515973
0.642031
-0.165316
0.214785
-0.560959
-2.24592
-0.324154
0.525524
-0.00755647
-1.05077
-0.131598
-0.154026
-0.0728327
-0.270979
-0.945677
-0.43828
0.404277
-0.481442
-0.701264
0.116477
-0.643664
-1.17205
-0.413004
-0.00143913
-0.0886303
-0.532336
0.265199
-0.944374
-0.0493249
-0.348267
0.287617
-0.00346838
-0.280434
-0.00591804
0.234902
0.431238
-0.606543
0.0607225
-3.44855
0.386017
-0.0333582
-2.18945
0.138863
0.668706
0.387433
-0.125585
0.367471
0.481864
-0.0110856
-0.98622
0.0488284
0.0129028
-0.224883
-1.61713
-2.07571
0.216568
0.278677
0.26658
-0.790995
-0.100327
-0.276482
0.350029
-0.525494
-0.119649
-0.182233
-0.224474
-0.944256
0.343335
0.163099
0.333166
-0.368129
-1.61401
0.439906
-0.347543
0.338774
-0.0864513
0.0690734
0.525744
-0.0836648
0.240534
0.0504965
0.249711
-1.58766
-0.60371
-1.35183
-0.26892
-0.471696
0.367016
-0.164512
-0.343719
-0.082077
-0.929186
0.0497973
0.0405062
-0.306535
0.134167
-0.675351
-0.146021
-0.903232
-0.341375
0.295678
-0.609911
0.457543
0.098581
-0.468368
-0.624685
0.0869854
0.190917
-0.111396
-0.196566
0.0372893
-1.07944
-0.754419
-0.201825
0.139437
0.482976
0.0366315
0.0545083
-0.29296
0.374142
-0.241433
-1.04729
0.177721
-0.356054
-0.598158
0.165214
-0.32032
0.54424
0.401782
0.496048
0.329504
-1.64637
0.125401
-1.04629
-0.625358
-0.303756
-0.774567
-0.709958
-0.0036106
-0.675759
-1.42816
-0.0651569
-0.26239
-2.03212
-0.53705
-0.602404
-0.776524
0.493776
-0.784209
0.196502
0.179099
-0.957411
-0.678684
0.396033
0.43508
0.195263
0.178277
-0.344573
-1.40045
0.203374
0.205527
-0.0338987
-1.39832
-0.18716
-0.123928
0.257945
0.46286
0.0908704
0.462483
-0.137363
-0.584067
-0.360033
0.347553
0.313569
-2.77933
-0.624718
0.44651
-0.39132
-0.0191235
-0.0312286
-0.20826
0.498183
-0.150296
-0.052602
-0.127757
0.207784
-1.06003
0.385105
0.622447
0.401698
0.422008
-1.19031
-1.59347
-0.493128
0.370673
-0.0168362
-0.390378
0.305846
0.382183
0.0506376
0.456448
-0.00416736
-0.0161974
0.584085
-1.44305
-0.338268
0.0973522
-0.908747
-0.677558
-0.925784
-0.951776
-0.242526
0.338625
-0.987859
-0.49495
-0.409851
0.0217418
-0.740107
0.61988
-0.120911
0.311551
-2.01936
-0.850245
0.151906
-1.16493
-0.742505
-0.166282
0.0353921
-0.613878
0.457023
-0.0310406
-0.0659123
0.0489923
-0.8329
-1.25012
0.0561591
0.0937886
0.258692
-0.416992
-0.670993
0.271066
-0.519634
-0.662857
-0.380817
-0.390643
0.333969
-1.25875
-0.975978
-0.810952
0.0431158
-0.575052
-0.611138
0.287834
-0.021621
0.421058
-0.979858
-0.578753
-0.153567
-1.52979
-0.106977
-0.0358285
-0.019684
-0.315098
0.262118
-0.690539
0.113813
-0.504854
0.111162
-0.214852
0.504561
-0.891854
-0.318376
-0.423324
0.00698084
-0.458041
-0.142553
-0.909119
0.018781
0.502455
0.0514129
-0.467302
0.515483
-0.883987
-0.339966
-0.780957
0.131561
-0.675654
0.0521098
-0.0452144
0.348511
-0.934911
0.810601
-0.0970866
-0.0144799
0.0158116
-0.79607
-0.677422
-1.01762
-0.308962
-0.692922
0.2828
0.386098
0.163372
0.25522
-1.42506
-0.394548
-0.301634
-1.31672
0.06171
-0.972557
0.171174
0.346035
-0.500309
-0.00672462
-0.801199
0.0417379
-1.04853
-0.182297
-0.0584689
-0.29531
-1.48628
-0.748614
-1.2713
-0.206835
0.34996
-1.01699
0.253233
0.294744
-0.0915921
0.507824
-0.416117
-0.241592
-0.264326
-1.54201
-0.166087
0.103041
0.121662
0.342283
0.067839
0.0752054
-0.60282
0.457471
-0.477444
-0.656057
0.359824
-0.208117
-0.733684
-0.764284
0.588632
-0.25598
0.000719479
0.0617696
0.126124
0.339949
0.522124
-0.518785
0.1196
0.540244
0.577509
-1.7744
-1.01942
0.214907
-0.356879
-0.331515
-0.795604
-0.0812198
-0.438241
-1.124
0.351765
0.190565
0.321355
0.0401074
0.419128
0.0607669
0.0528301
-0.0239697
-0.952077
-0.652086
-0.725146
-0.635204
0.105236
0.106447
0.205921
-0.923882
-0.992099
-0.25301
-1.00314
-0.578656
0.207918
-0.374185
-0.578512
-0.024118
0.0406158
-0.993599
0.316293
0.804549
-0.601324
-1.43157
0.353218
0.0159257
0.423585
-1.11975
0.347679
-0.907604
-0.473877
0.376954
-0.000403375
0.0698433
-0.248197
-1.03102
-0.0148955
-0.78303
0.226792
-0.42085
0.317124
-0.399763
-0.0876648
0.00268709
-1.6333
-0.498865
0.484271
-0.992203
-0.326186
0.267545
-0.0956451
0.0907617
-1.60197
-0.246823
0.185499
0.0992635
0.00927473
-0.358232
-0.775056
-0.569419
-0.950723
0.0755614
0.552031
-0.903714
-0.972139
0.53843
0.443794
0.0997044
0.4608
-0.769027
-1.49618
-0.00998545
0.49736
0.322103
-0.164553
-1.43895
-0.280283
-0.621931
-0.368404
-0.746016
-0.744435
0.000368414
-0.618895
-1.11505
0.140171
0.758857
0.0359205
0.232724
-0.639073
-0.0799436
-0.327628
0.0689931
-0.125587
-0.282815
-1.50254
0.0138886
-0.790259
-0.40852
0.0709655
0.218923
-0.119211
-0.181491
-0.0369831
-0.515116
0.178154
-1.23533
-1.26332
-0.0643911
0.458641
-0.0726695
-0.395926
0.235537
-0.128396
0.0894409
-0.418753
0.108418
-0.466432
0.654518
-0.371715
0.456601
0.0757422
-0.0480425
-0.302543
0.169456
-0.897701
-0.498139
-0.470725
-0.2637
0.76069
-1.3067
-0.695349
0.207474
-0.331509
0.502349
0.382278
0.344174
-0.815859
-0.749216
0.234807
-0.321646
0.2524
-0.605193
0.259672
-0.386854
0.543258
-1.38693
0.0407176
-2.28747
0.093072
-0.956972
-0.961233
-0.161561
-0.862612
-0.492581
0.0281837
-0.512343
0.241174
-0.170844
0.391092
0.408651
-0.474284
-0.734164
-0.0932817
-0.179831
0.21806
-0.75944
0.706213
0.379086
0.388061
0.412037
0.112457
-0.0468685
0.194803
-1.26742
0.215391
-0.105325
-1.54785
0.611623
-0.469694
-0.671963
-0.953656
0.2804
0.402489
0.263943
0.321148
-0.506714
0.272418
-0.147639
0.171007
0.222576
-0.233448
0.269497
-0.00731806
0.111673
0.302462
-1.3388
0.473038
0.307636
-0.607778
0.461273
-1.24107
-0.332739
-0.952231
0.202354
-0.360158
0.430525
-0.0115407
-0.372142
-0.301111
0.355012
0.687614
0.132152
-0.172503
0.358685
0.677878
-1.22193
0.301114
-0.556731
-0.387026
-0.0670477
-1.02153
-0.722659
-2.22839
-0.112181
-0.472919
-0.955579
0.155639
-0.0822861
0.3981
-0.0837544
0.228382
-0.424143
0.16278
0.400364
0.144275
0.097332
-0.256688
-0.388543
-0.0431787
0.37145
-0.641643
0.41306
0.0812018
-0.654656
-1.279
0.0469735
0.458065
-0.0391017
0.397014
-0.166816
0.498775
-1.87365
0.410615
0.240443
-2.48715
-0.640841
0.304907
0.379096
-1.04484
-1.51618
0.395065
0.0580625
-1.28011
0.257432
0.455331
-0.0976103
0.244447
0.17753
-0.559058
-0.13596
-0.404868
-1.21137
0.535246
-1.22566
-0.12199
-0.813804
-0.705854
-1.00197
-1.62464
0.369373
0.187628
-0.476511
0.0960558
-0.612443
-0.396455
-0.208807
0.0347252
-0.11731
0.689918
0.553198
-1.46528
-0.2255
0.760657
-0.673609
-0.455722
-1.71523
0.227622
-1.09197
0.316867
-0.633566
-0.0773235
-0.505814
-1.06812
0.114994
-0.00646874
-0.255854
0.120777
-0.854052
-2.67004
0.370978
0.325994
-0.6496
-0.316459
-0.921632
-0.00333408
0.0807599
0.539321
0.333103
-0.641689
-0.277351
-1.39392
0.52735
-0.883653
