0
0
0
0
0
0
0
0
0
0
0
0
0
0
0
0
0
0
0
0
0
0
0
0
0
0
0
0
0
0
0
0
0
0
0
0
0
0
0
0
0
0
0
0
0
0
0
0
0
0
0
0
0
0
0
0
0
0
0
0
0
0
0
0
0
0
0
0
0
0
0
0
0
0
0
0
0
0
0
0
0
0
0
0
0
0
0
0
0
0
0
0
0
0
0
0
0
0
0
0
0
0
0
0
0
0
0
0
0
0
0
0
0
0
0
0
0
0
0
0
0
0
0
0
0
0
0
0
0
0
0
0
0
0
0
0
0
0
0
0
0
0
0
0
0
0
0
0
0
0
0
0
0
0
0
0
0
0
0
0
0
0
0
0
0
0
0
0
0
0
0
0
0
0
0
0
0
0
0
0
0
0
0
0
0
0
0
0
0
0
0
0
0
0
0
0
0
0
0
0
0
0
0
0
0
0
0
0
0
0
0
0
0
0
0
0
0
0
0
0
0
0
0
0
0
0
0
0
0
0
0
0
0
0
0
0
0
0
0
0
0
0
0
0
0
0
0
0
0
0
0
0
0
0
0
0
0
0
0
0
0
0
0
0
0
0
0
0
0
0
0
0
0
0
0
0
0
0
0
0
0
0
0
0
0
0
0
0
0
0
0
0
0
0
0
0
0
0
0
0
0
0
0
0
0
0
0
0
0
0
0
0
0
0
0
0
0
0
0
0
0
0
0
0
0
0
0
0
0
0
0
0
0
0
0
0
0
0
0
0
0
0
0
0
0
0
0
0
0
0
0
0
0
0
0
0
0
0
0
0
0
0
0
0
0
0
0
0
0
0
0
0
0
0
0
0
0
0
0
0
0
0
0
0
0
0
0
0
0
0
0
0
0
0
0
0
0
0
0
0
0
0
0
0
0
0
0
0
0
0
0
0
0
0
0
0
0
0
0
0
0
0
0
0
0
0
0
0
0
0
0
0
0
0
0
0
0
0
0
0
0
0
0
0
0
0
0
0
0
0
0
0
0
0
0
0
0
0
0
0
0
0
0
0
0
0
0
0
0
0
0
0
0
0
0
0
0
0
0
0
0
0
0
0
0
0
0
0
0
0
0
0
0
0
0
0
0
0
0
0
0
0
0
0
0
0
0
0
0
0
0
0
0
0
0
0
0
0
0
0
0
0
0
0
0
0
0
0
0
0
0
0
0
0
0
0
0
0
0
0
0
0
0
0
0
0
0
0
0
0
0
0
0
0
0
0
0
0
0
0
0
0
0
0
0
0
0
0
0
0
0
0
0
0
0
0
0
0
0
0
0
0
0
0
0
0
0
0
0
0
0
0
0
0
0
0
0
0
0
0
0
0
0
0
0
0
0
0
0
0
0
0
0
0
0
0
0
0
0
0
0
0
0
0
0
0
0
0
0
0
0
0
0
0
0
0
0
0
0
0
0
0
0
0
0
0
0
0
0
0
0
0
0
0
0
0
0
0
0
0
0
0
0
0
0
0
0
0
0
0
0
0
0
0
0
0
0
0
0
0
0
0
0
0
0
0
0
0
0
0
0
0
0
0
0
0
0
0
0
0
0
0
0
0
0
0
0
0
0
0
0
0
0
0
0
0
0
0
0
0
0
0
0
0
0
0
0
0
0
0
0
0
0
0
0
0
0
0
0
0
0
0
0
0
0
0
0
0
0
0
0
0
0
0
0
0
0
0
0
0
0
0
0
0
0
0
0
0
0
0
0
0
0
0
0
0
0
0
0
0
0
0
0
0
0
0
0
0
0
0
0
0
0
0
0
0
0
0
0
0
0
0
0
0
0
0
0
0
0
0
0
0
0
0
0
0
0
0
0
0
0
0
0
0
0
0
0
0
0
0
0
0
0
0
0
0
0
0
0
0
0
0
0
0
0
0
0
0
0
0
0
0
0
0
0
0
0
0
0
0
0
0
0
0
0
0
0
0
0
0
0
0
0
0
0
0
0
0
0
0
0
0
0
0
0
0
0
0
0
0
0
0
0
0
0
0
0
0
0
0
0
0
0
0
0
0
0
0
0
0
0
0
0
0
0
0
0
0
0
0
0
0
0
0
0
0
0
0
0
0
0
0
0
0
0
0
0
0
0
0
0
0
0
0
0
0
0
0
0
0
0
0
0
0
0
0
0
0
0
0
0
0
0
0
0
0
0
0
0
0
0
0
0
0
0
0
0
0
0
0
0
0
0
0
0
0
0
0
0
0
0
0
0
0
0
0
0
0
0
0
0
0
0
0
0
0
0
0
0
0
0
0
0
0
0
0
0
0
0
0
0
0
0
0
0
0
0
0
0
0
0
0
0
0
0
0
0
0
0
0
0
0
0
0
0
0
0
0
0
0
0
0
0
0
0
0
0
0
0
0
0
0
0
0
0
0
0
0
0
0
0
0
0
0
0
0
0
0
0
0
0
0
0
0
0
0
0
0
0
0
0
0
0
0
0
0
0
0
0
0
0
0
0
0
0
0
0
0
0
0
0
0
0
0
0
0
0
0
0
0
0
0
0
0
0
0
0
0
0
0
0
0
0
0
0
0
0
0
0
0
0
0
0
0
0
0
0
0
0
0
0
0
0
0
0
0
0
0
0
0
0
0
0
0
0
0
0
0
0
0
0
0
0
0
0
0
0
0
0
0
0
0
0
0
0
0
0
0
0
0
0
0
0
0
0
0
0
0
0
0
0
0
0
0
0
0
0
0
0
0
0
0
0
0
0
0
0
0
0
0
0
0
0
0
0
0
0
0
0
0
0
0
0
0
0
0
0
0
0
0
0
0
0
0
0
0
0
0
0
0
0
0
0
0
0
0
0
0
0
0
0
0
0
0
0
0
0
0
0
0
0
0
0
0
0
0
0
0
0
0
0
0
0
0
0
0
0
0
0
0
0
0
0
0
0
0
0
0
0
0
0
0
0
0
0
0
0
0
0
0
0
0
0
0
0
0
0
0
0
0
0
0
0
0
0
0
0
0
0
0
0
0
0
0
0
0
0
0
0
0
0
0
0
0
0
0
0
0
0
0
0
0
0
0
0
0
0
0
0
0
0
0
0
0
0
0
0
0
0
0
0
0
0
0
0
0
0
0
0
0
0
0
0
0
0
0
0
0
0
0
0
0
0
0
0
0
0
0
0
0
0
0
0
0
0
0
0
0
0
0
0
0
0
0
0
0
0
0
0
0
0
0
0
0
0
0
0
0
0
0
0
0
0
0
0
0
0
0
0
0
0
0
0
0
0
0
0
0
0
0
0
0
0
0
0
0
0
0
0
0
0
0
0
0
0
0
0
0
0
0
0
0
0
0
0
0
0
0
0
0
0
0
0
0
0
0
0
0
0
0
0
0
0
0
0
0
0
0
0
0
0
0
0
0
0
0
0
0
0
0
0
0
0
0
0
0
0
0
0
0
0
0
0
0
0
0
0
0
0
0
0
0
0
0
0
0
0
0
0
0
0
0
0
0
0
0
0
0
0
0
0
0
0
0
0
0
0
0
0
0
0
0
0
0
0
0
0
0
0
0
0
0
0
0
0
0
0
0
0
0
0
0
0
0
0
0
0
0
0
0
0
0
0
0
0
0
0
0
0
0
0
0
0
0
0
0
0
0
0
0
0
0
0
0
0
0
0
0
0
0
0
0
0
0
0
0
0
0
0
0
0
0
0
0
0
0
0
0
0
0
0
0
0
0
0
0
0
0
0
0
0
0
0
0
0
0
0
0
0
0
0
0
0
0
0
0
0
0
0
0
0
0
0
0
0
0
0
0
0
0
0
0
0
0
0
0
0
0
0
0
0
0
0
0
0
0
0
0
0
0
0
0
0
0
0
0
0
0
0
0
0
0
0
0
0
0
0
0
0
0
0
0
0
0
0
0
0
0
0
0
0
0
0
0
0
0
0
0
0
0
0
0
0
0
0
0
0
0
0
0
0
0
0
0
0
0
0
0
0
0
0
0
0
0
0
0
0
0
0
0
0
0
0
0
0
0
0
0
0
0
0
0
0
0
0
0
0
0
0
0
0
0
0
0
0
0
0
0
0
0
0
0
0
0
0
0
0
0
0
0
0
0
0
0
0
0
0
0
0
0
0
0
0
0
0
0
0
0
0
0
0
0
0
0
0
0
0
0
0
0
0
0
0
0
0
0
0
0
0
0
0
0
0
0
0
0
0
0
0
0
0
0
0
0
0
0
0
0
0
0
0
0
0
0
0
0
0
0
0
0
0
0
0
0
0
0
0
0
0
0
0
0
0
0
0
0
0
0
0
0
0
0
0
0
0
0
0
0
0
0
0
0
0
0
0
0
0
0
0
0
0
0
0
0
0
0
0
0
0
0
0
0
0
0
0
0
0
0
0
0
0
0
0
0
0
0
0
0
0
0
0
0
0
0
0
0
0
0
0
0
0
0
0
0
0
0
0
0
0
0
0
0
0
0
0
0
0
0
0
0
0
0
0
0
0
0
0
0
0
0
0
0
0
0
0
0
0
0
0
0
-1.03858
0.41386
0.114737
-0.129657
-1.15701
0.225145
-0.563739
0.775532
0.276911
-0.394083
0.0433212
-0.901085
-0.849766
-0.132299
0.0920173
-0.0839216
-0.472238
0.337224
-0.0376433
-0.640776
-1.79401
0.451473
0.594936
-0.721427
0.14404
0.34772
-1.53878
0.111001
0.00586651
0.0391089
-0.578553
0.249004
-0.0754918
-1.35886
0.557714
0.451898
0.322791
-0.160647
-0.611663
-0.350605
0.0983031
-1.14143
-0.147437
0.263916
0.0548836
-0.0862107
0.251036
-0.991375
-0.845088
0.27338
-0.9214
-0.354134
0.19387
-0.933757
-0.854007
0.584069
-0.541083
-0.81917
-0.0045884
-0.269212
0.155491
0.647787
0.0153653
-0.812357
0.179245
-0.0299758
0.692501
0.357088
-1.07207
-0.0897517
-1.02739
-0.697206
0.0653091
0.397445
0.187468
0.0965388
-2.58745
-0.415
-0.0317776
0.280663
-0.320503
-0.199028
0.0131882
-0.71525
0.311292
-0.393843
-0.457296
-0.474102
0.34279
0.139239
-1.344
0.00960817
0.069149
-0.21525
-0.140965
0.672737
0.156807
-0.578633
-0.741505
0.567276
-0.558512
-0.834124
-1.23741
0.237125
-0.506076
-0.955504
-1.51453
-2.22778
-0.83216
0.297549
-0.108835
-0.541069
0.170576
0.17226
-0.329982
0.168534
0.174479
-0.674671
-0.460039
0.407967
0.250961
0.178286
-0.0790627
-0.0645554
-0.471663
-0.0156537
0.470729
-0.231353
0.708734
-0.521807
-0.257241
0.12739
-0.836274
-0.272549
-0.946566
-0.425627
-0.889247
0.01792
0.617159
-0.889268
-0.113779
-2.11457
-0.126306
-0.297696
-0.291379
-1.22566
0.112956
-0.448788
0.260515
-0.804941
0.241377
0.44603
0.531208
-0.375642
-0.106918
-1.26163
-0.229882
0.217272
-0.779094
0.403094
0.218128
0.212354
0.0580705
-1.28785
0.218975
-0.338209
-1.548
-1.45403
0.248595
-0.31156
-0.85891
0.229336
0.183511
0.538426
0.565847
0.108328
0.27158
0.340299
-1.01077
-0.603597
-0.116172
0.536145
0.492972
-0.0516254
-0.673325
0.536555
0.238607
-0.0936696
0.270534
-0.839257
0.325301
-0.11547
-1.07262
0.127136
0.67379
0.477908
-0.467796
-0.551513
0.0739694
0.375194
-1.1874
0.016108
0.607873
0.402988
-0.68484
0.142609
0.0437218
-0.922992
-1.12855
-2.0444
-0.784155
-0.235654
-0.592513
-1.19295
-0.0865839
-0.785231
-1.02116
-0.387717
-0.0504479
-0.457059
-0.562118
0.482572
-1.34566
-0.550513
-0.179258
-0.303006
-0.307443
-0.269434
-0.782464
0.711173
-1.36259
-0.928744
0.771333
-0.548357
0.412348
0.201865
-0.146435
-0.779648
-0.482674
-0.667097
-1.07587
-0.431484
-0.110457
0.252788
-0.122248
0.134833
-0.663071
-0.199685
-0.401663
-0.360063
0.239453
-0.3798
0.546379
0.526333
-0.270265
-2.2909
-0.213404
-0.0857707
-1.47434
-1.12571
-1.05643
-0.780751
-0.00031029
0.604667
-1.6068
-0.999934
-1.61365
0.43782
0.203137
-0.498561
-0.215731
0.120836
0.19162
0.379914
-0.0760829
-2.13247
-0.362081
-0.366073
0.137663
-0.12128
-0.327934
-0.125893
0.351574
0.0130971
-0.553575
-0.377939
-0.290293
-1.5977
-0.122643
-0.738898
0.10985
0.630876
-0.929379
0.0217441
-0.721267
0.336442
0.516296
-1.97404
-2.42604
0.116247
-0.798349
-0.442527
-0.0926585
-0.0538534
-1.8866
0.0253651
-0.616001
-0.243768
0.603444
-1.17359
-0.819598
-0.757748
0.797169
-1.73571
-1.32055
0.107259
-0.449372
-1.96159
0.520024
-0.702011
0.475093
-0.0577908
0.432537
-0.0726636
0.670556
-0.414136
0.274056
-1.61905
0.389761
-0.064456
-1.7244
-0.00832951
0.471262
-0.688421
-0.147067
-0.403018
-0.15131
0.269019
-1.03456
-3.35084
-3.24028
-0.590496
0.643633
0.0908917
-0.639011
-0.456552
0.373067
-0.762085
-0.279408
0.407276
-1.18804
0.332528
0.103821
-0.19406
0.11343
0.345121
-0.860874
0.18453
-0.807731
-0.508464
-1.05889
0.171145
-1.24123
0.38712
-1.1776
-0.499853
0.15973
0.244332
-1.55388
-0.144434
-0.20022
-0.966849
0.364763
-0.314994
0.516108
-2.47525
0.713737
-0.67824
0.139332
-1.69215
0.502297
-1.03909
-1.51488
-0.480873
0.303809
-0.487447
0.0350682
-0.730283
0.236671
-0.99342
-0.674597
-1.15378
0.453409
0.820081
-0.714684
0.0100433
0.294663
-1.43273
-0.169116
0.345919
-1.04384
-0.527818
-2.10968
0.534164
-1.33422
0.47557
-1.41592
-0.81878
-1.18655
-1.44927
0.108188
-0.61097
-0.551867
-0.341453
-0.313825
0.888927
-0.437801
-0.355906
0.577275
-0.470633
-0.609069
-0.607306
-1.05911
-2.03828
-1.35807
-0.665421
0.540835
-0.0501816
0.285321
-0.711345
-0.886742
-0.663568
-0.453136
-1.09246
-0.997638
0.437246
-0.0270061
-0.286609
-1.47606
-1.031
0.463298
0.42475
-0.272442
-0.59198
0.396661
-1.80246
-0.0430013
-1.33065
0.0253691
-0.918088
0.170073
0.0866484
0.581746
0.534369
-1.84198
0.361697
0.0124006
-0.809277
-0.224091
-0.301955
0.00244791
0.470698
0.172999
-0.0599867
-0.851581
0.233792
-0.497737
-0.525062
-0.864748
-0.390964
-0.0910808
0.192325
-0.8341
-0.375489
-0.733468
0.78235
-1.61343
-0.994331
0.517416
-0.0384888
-1.0067
0.261081
-0.111946
-0.326782
-0.264941
-0.858736
0.222312
0.271834
0.386653
-0.999307
-0.296485
-0.599511
0.521732
-0.07956
0.248
-0.278116
-0.566958
0.319874
-0.390238
0.0415141
-1.1299
-2.076
-1.52206
0.162088
-0.575173
-0.875818
-0.321041
-0.405022
-1.24514
0.236043
-0.140144
0.212512
-0.0782785
0.0516143
-0.165647
-0.0991125
-0.199627
0.362814
-1.14039
-0.456063
0.413195
-2.28745
-1.38458
-0.198691
-0.500648
0.455515
-1.4671
0.289352
-0.088476
0.0366662
0.398338
-0.320573
0.187805
0.364106
-0.060373
-0.181179
0.269076
0.0607881
-1.22431
-0.203195
-0.59926
-1.59367
0.139643
-0.72771
0.207211
0.558501
0.158742
-1.26369
0.426576
-0.687093
-1.43096
-1.30947
-0.545263
-0.0349176
0.165885
0.274498
0.105228
0.0767323
-1.98561
-1.0711
-0.444591
0.426066
-1.73246
-1.607
0.365401
-0.421824
-0.214857
-0.964841
-0.42167
0.365096
-1.33075
-2.57446
-0.38547
0.265434
-1.26902
0.362393
-0.789853
-1.28526
0.123375
0.0273909
0.0964237
-0.00274259
-0.975621
-0.807739
-1.59709
-1.23618
-0.61688
0.3525
0.413268
-0.675114
-0.814427
-1.03679
-0.111925
0.259186
0.400775
-0.132533
-0.804646
-0.344736
-0.344546
-0.0793734
-1.45254
0.19053
-0.944716
0.396985
-1.22809
-0.169647
-2.07112
0.339129
-0.50667
-2.032
0.305289
0.261534
0.478568
-2.28016
0.462527
0.31058
-0.312712
0.0732495
-0.213454
-0.609955
-0.264237
-0.857198
-0.653188
-1.56135
0.123501
-1.14278
-1.16672
0.590314
-1.34952
-0.354703
0.170859
-1.14227
-0.651007
-1.02683
-1.62964
0.487237
-0.0896535
-0.360159
0.0410427
-0.0510169
0.142586
-0.0890864
0.175774
-0.24301
-0.836715
-0.277239
-0.179994
-0.258169
-0.683175
-0.456693
-1.82548
0.1609
-0.285719
-0.0481065
-0.435471
0.0314633
0.417855
-0.663871
-0.566332
-1.43507
0.263641
-1.01326
-0.553216
-0.787099
-0.949923
-0.259268
-1.45603
-0.0198619
0.373436
0.279562
-0.467201
-0.344216
0.569563
-0.747545
0.266544
-0.165713
0.623459
0.509494
-0.900689
0.651597
0.657069
-1.93095
-1.09379
-1.98068
0.411444
-0.787768
-0.147411
0.484399
-0.744032
-0.163372
-0.304713
-0.913707
0.454604
-0.220907
0.507496
-2.37466
0.0374022
-0.985499
-0.0824875
-0.400348
-1.69154
0.449984
0.659744
0.0204942
-0.713805
0.299568
0.352237
0.132836
-0.353381
-0.121809
-0.820006
-1.98882
-0.363766
-1.42395
0.25122
-1.03995
-1.25772
-0.16043
0.355258
-0.911565
0.197522
-0.0812767
-1.07276
0.360262
-0.310587
-0.712103
-0.18082
-0.977418
-0.105983
-0.095193
0.596422
-1.33252
-0.535966
-0.867204
-0.948197
-0.484833
0.214468
-0.331186
0.209241
0.162469
-0.684613
-0.175922
0.081142
-1.36761
0.661856
-0.505833
-0.230553
-0.529936
-1.7544
-1.90654
-0.277522
-1.34484
-0.910993
0.184534
-0.0951688
0.39372
0.493249
0.0378171
0.218305
-0.83558
0.152085
0.0584426
0.102916
-1.21189
-0.836252
0.400969
-0.159491
-0.0652857
-0.824893
0.458916
-0.269448
-1.54522
0.532226
-0.123159
0.479797
-0.138807
-0.00761162
-0.129957
0.121145
0.185616
-0.76162
-0.391062
-0.518098
0.421488
0.489502
-1.71332
-1.25637
0.240089
0.640549
-0.400877
0.359575
-0.750099
-0.0312283
0.331385
0.239489
-0.373372
-0.733094
-1.76974
-1.4757
-0.573041
-0.24933
0.599225
0.235437
0.137718
-0.263039
-0.48905
0.124504
-1.21257
-1.44829
0.257138
0.240365
-1.81385
0.441072
-0.307325
-0.834314
-0.579083
-0.721513
-0.0315705
0.465595
-0.0688631
0.103098
-0.0535268
-1.81914
-1.94987
0.0643205
0.281674
0.234513
-1.48929
-0.864814
-0.331192
-1.15247
-0.824348
-0.83924
-0.198631
-1.20911
0.169869
0.170469
-0.843111
0.515056
0.377528
0.418387
-0.302836
0.187212
-0.886437
0.411754
0.542314
0.377223
-0.669242
-0.372353
-0.837979
-0.201086
-0.809553
-1.38386
-1.70534
0.225376
-0.166468
-0.864465
-1.51594
0.217985
0.166009
-1.23621
-1.5138
0.526291
-0.470923
0.545553
-0.690053
-1.44022
-0.265211
-0.872981
0.110297
-0.00264909
-0.900096
0.397481
-0.592789
0.0801858
-1.10043
-0.785753
-0.852869
-0.478883
-2.18726
0.72927
-0.693621
0.322039
-0.726997
-0.358036
-1.34076
-0.331708
0.0439689
0.010124
-0.932518
-0.205726
0.145186
-0.113232
-1.0805
0.175179
-0.265639
-0.782078
-1.43061
-1.24719
-0.288981
-1.44848
-1.173
0.519402
-1.32104
0.645789
0.122792
-0.306447
-0.962099
-1.5343
-0.660877
-0.420565
0.604324
0.528276
-1.34813
-1.37028
-0.121504
-0.296919
-0.000225046
-0.282463
-0.270364
0.243034
0.402638
-1.09337
-0.259307
0.108747
-0.54184
-1.22586
-1.97348
0.264582
-0.383365
-0.155503
-0.345754
0.413912
0.589711
0.494341
-0.809582
0.179577
-0.447979
0.65011
0.439959
-0.765619
0.326704
-0.685441
-1.64691
-0.0265338
0.476504
-0.00821079
0.134543
-0.163601
0.0147026
0.356149
0.709789
-0.771256
0.0807921
-1.16108
0.0138889
-0.222429
-0.0429801
-0.710035
0.0803443
-0.03644
0.127591
-0.571981
-0.478683
0.317423
-1.44932
-0.0383684
-0.012392
-0.264341
0.323545
0.119159
-1.0303
-0.0309496
0.52769
0.462305
-0.404675
-0.404319
-0.445766
-0.488127
0.134057
-0.675166
0.320628
-1.82223
-1.21284
0.134013
-1.55534
0.285436
0.141114
0.347084
0.380722
-0.429495
-0.106425
-0.0474524
-0.528355
-0.364908
0.0260644
0.451742
-0.599119
-1.03101
-2.56259
0.582581
0.520496
-0.508676
-0.766888
-0.16439
-0.14816
-1.13432
-0.220037
-0.398966
0.0953342
-0.500868
-0.0870476
-0.418572
-0.0688777
-1.07277
-1.05907
-0.0708292
-0.148917
-0.0118165
0.361267
-0.242357
0.0399701
0.596995
0.363205
-0.0298722
0.54988
-0.611953
-1.0681
0.225654
-0.151222
0.535003
0.269959
-1.11744
-0.623725
-0.286935
-0.420819
-0.517013
0.051904
0.420749
-0.861222
0.373556
0.161591
-0.143947
-0.420554
0.439549
-1.09347
0.0847355
0.07095
-0.197601
-0.101674
-0.407246
-0.0173294
-0.151999
0.181894
0.121483
-0.304104
-0.997603
-0.137739
-2.02744
0.297887
0.306129
-1.07452
-0.0753954
-0.0123053
-0.0998572
0.251648
-1.58352
0.240907
-0.362647
-0.592359
-0.558923
-0.105013
-0.743732
0.531065
-0.402119
-0.0751211
0.597998
0.325391
-0.166974
0.125858
0.0630065
-0.847986
-0.571125
-1.17595
-0.329531
-0.52125
0.249108
0.563569
0.418406
-0.620066
-0.0893508
-0.415352
0.212599
-0.49913
-0.161172
0.0347605
-0.210492
0.225093
0.0629973
-1.40315
-0.797459
-0.0787033
0.553525
-0.890718
0.316109
0.0346278
0.136587
0.280099
-0.670342
0.328575
-1.7874
0.582637
-0.222325
-0.668661
-1.18502
-0.121767
-0.913595
-1.11758
-0.946793
0.32908
0.103533
-0.923344
-0.678008
0.0174999
-1.82955
-0.574066
0.576026
0.368667
-0.61091
-1.23324
0.408571
-0.389922
-0.688248
-0.441832
0.0177484
0.180641
-1.59382
0.204631
-0.128813
-0.653811
-0.400559
0.14129
-0.303862
0.21664
-1.53123
0.479127
0.284548
0.0613167
0.578248
-1.83083
-0.53216
-0.649104
-0.00757823
-0.361696
0.318896
-0.568106
-0.192999
-0.929068
0.320118
0.247249
0.28753
-0.390932
-0.24296
-0.463779
0.296024
-0.806964
0.217037
0.473045
0.500122
0.347381
0.336757
0.679982
-1.35517
-0.172314
0.0264852
-1.13083
-0.309285
-0.113869
0.0237185
0.157966
-0.0502826
0.0568598
-0.0824433
-0.321449
0.109894
-0.279434
-0.325357
-0.34619
-0.605074
-0.585258
0.16636
-0.419231
-1.07281
0.00553459
0.407057
0.182069
-0.361886
-0.220574
0.308295
-0.311451
-0.836155
0.364807
-1.07454
-0.0899281
-0.797911
-1.68706
-1.33986
-0.31236
-0.507664
-0.110077
0.61951
0.250255
0.00282732
-0.0134687
-0.467827
-0.652937
-0.098279
-0.0252838
0.0104397
-0.352411
0.127622
-1.31342
-1.7583
-0.710382
-0.146043
-0.586362
-0.76102
-1.359
0.388692
0.2656
-0.987881
-0.617672
-0.140248
-1.06634
-1.26271
-0.35753
-0.919805
0.265386
0.277915
-0.933805
-0.484618
0.414514
0.357131
0.551354
0.628477
-2.36649
-0.381961
-0.00603245
-1.47208
0.00646136
-1.7572
-0.299093
-0.176704
-1.02396
0.331124
0.217999
0.593153
-0.128582
-0.416646
0.169329
0.323432
-0.710919
-0.914949
-2.20748
-0.0646704
-0.381297
-0.883883
-0.226781
0.275398
-0.0792754
-0.238048
-0.256188
0.193016
0.37677
-0.0529947
-1.50484
0.370255
-0.226991
0.469057
0.353241
-0.097301
-0.453948
0.227633
0.504452
-0.503391
-0.746015
-0.459724
-1.2987
0.175831
0.362427
-0.341685
0.710088
0.172122
-0.417219
0.0979628
0.107123
-0.311196
-0.764755
0.290263
0.19014
-1.04904
-0.396965
-0.315104
-0.020806
0.644426
-0.197804
0.180451
-0.554474
-2.10099
-0.354968
0.507034
-0.0386673
-1.03063
-0.13331
-0.32723
-0.114962
-0.104731
-0.962737
-0.44817
0.390759
-0.53232
-0.714143
0.107957
-0.624984
-1.18217
-0.376125
-0.0737114
-0.0925915
-0.517337
0.275193
-0.760319
-0.0327735
-0.354795
0.331191
0.0621856
-0.349502
-0.0203866
0.229807
0.441582
-0.665198
0.0928535
-3.35459
0.384042
-0.0406712
-2.09216
0.147414
0.713502
0.348624
-0.0561113
0.316217
0.456406
-0.12654
-0.958899
0.0165488
-0.0102854
-0.0738216
-1.56588
-2.03791
0.215407
0.254913
0.256647
-0.723285
-0.0856961
-0.304389
0.349282
-0.511816
-0.292938
-0.0596788
-0.145937
-0.937862
0.291902
0.242417
0.345513
-0.420489
-1.64208
0.460377
-0.303953
0.323594
-0.0240636
0.069589
0.579171
0.0515703
0.26513
-0.00466477
0.202641
-1.56986
-0.460902
-1.44679
-0.233635
-0.420458
0.387493
-0.306847
-0.254822
-0.1891
-0.936129
0.130307
0.0907123
-0.285198
0.151613
-0.729753
-0.153722
-0.886846
-0.301385
0.319993
-0.503298
0.420925
0.118826
-0.53492
-0.683444
0.085293
0.219157
-0.12433
-0.29832
0.136133
-1.04643
-0.723344
-0.206967
0.205088
0.494168
-0.0470171
0.0957284
-0.199062
0.373726
-0.161531
-1.0306
0.191578
-0.335176
-0.54306
0.163879
-0.340108
0.58283
0.319204
0.506338
0.29735
-1.58265
0.0147071
-1.06466
-0.633508
-0.336448
-0.765551
-0.753017
-0.0666689
-0.722771
-1.39455
-0.0630985
-0.214637
-2.0133
-0.583773
-0.297127
-0.813206
0.541271
-0.674047
0.255154
0.15054
-0.942608
-0.717353
0.441744
0.525349
0.191339
0.169386
-0.36254
-1.52444
0.188316
0.289924
0.00387165
-1.35157
-0.186739
-0.275394
0.25889
0.413369
0.130763
0.447201
-0.247955
-0.57883
-0.414187
0.357472
0.298039
-2.73039
-0.60307
0.457507
-0.461253
-0.0109261
-0.0166022
-0.202146
0.491244
-0.0653686
-0.146692
0.0309942
0.186627
-1.16821
0.353203
0.5643
0.424304
0.513612
-1.31387
-1.69626
-0.492036
0.309421
0.102385
-0.448522
0.269329
0.384932
0.0401876
0.447555
-0.102159
-0.0699118
0.610236
-1.5169
-0.338873
0.0836226
-0.998816
-0.659065
-0.853026
-0.938609
-0.222734
0.292573
-1.07666
-0.533401
-0.417004
-0.0551435
-0.614949
0.589538
-0.158523
0.347062
-1.94746
-0.958274
0.217087
-1.04871
-0.871913
-0.219369
0.0244256
-0.461983
0.490642
0.0686481
0.0572204
0.122481
-0.863997
-1.24179
0.057048
0.144674
0.247895
-0.430917
-0.843138
0.263915
-0.425467
-0.515498
-0.4805
-0.399302
0.364195
-1.21473
-0.827301
-0.68053
0.109398
-0.587756
-0.592722
0.339379
-0.0435345
0.415771
-0.911536
-0.680454
-0.160905
-1.53556
-0.00139333
0.018913
-0.0911385
-0.324862
0.296215
-0.669123
0.0306771
-0.501022
0.167597
-0.293209
0.456074
-0.87524
-0.214483
-0.352409
0.0415725
-0.680532
-0.232263
-0.74946
-0.00363079
0.545807
0.0521173
-0.508695
0.503294
-0.872312
-0.268623
-0.986491
0.143355
-0.480839
0.0940637
0.0172046
0.300659
-0.976893
0.833085
-0.187927
0.0513789
-0.0893984
-0.761066
-0.600164
-0.977062
-0.255689
-0.603182
0.227126
0.399183
0.260727
0.277355
-1.18149
-0.314316
-0.375399
-1.23811
0.0739035
-1.00619
0.210681
0.330183
-0.568899
-0.0313453
-0.756603
0.0726037
-0.887876
-0.186147
-1.1921e-06
-0.337778
-1.62468
-0.698814
-1.14254
-0.260425
0.341475
-1.00628
0.228924
0.20252
-0.0676659
0.511155
-0.407991
-0.184491
-0.424902
-1.58494
-0.174417
0.120439
0.131301
0.332969
0.0662757
0.0257311
-0.577963
0.492429
-0.574383
-0.617029
0.392307
-0.183781
-0.662937
-0.704625
0.641386
-0.174286
0.0290695
0.00315276
0.174552
0.309367
0.57646
-0.5394
0.132058
0.522196
0.596865
-1.89172
-0.965117
0.31856
-0.393425
-0.223868
-0.801437
-0.00972722
-0.443432
-1.0883
0.284868
0.242133
0.354517
-0.00260514
0.441013
0.172054
-0.0087894
-0.0965773
-0.962899
-0.568157
-0.644957
-0.618548
-0.0105541
0.183576
0.156101
-0.9875
-1.1635
-0.357051
-1.05826
-0.39743
0.209002
-0.379919
-0.498513
-0.0244478
0.100462
-0.932406
0.212618
0.780018
-0.536075
-1.48495
0.262682
-0.0344232
0.384936
-1.02617
0.376832
-0.958314
-0.49919
0.372242
0.0695047
0.0774958
-0.347985
-1.02475
-0.00587601
-0.900773
0.192622
-0.24168
0.382365
-0.543632
-0.127573
0.0394488
-1.64847
-0.484331
0.433078
-1.10992
-0.274458
0.290807
-0.0818986
0.0598407
-1.72736
-0.172446
0.126822
0.123478
-0.109996
-0.266588
-0.725241
-0.655693
-0.800347
0.00124929
0.490525
-0.892758
-0.954567
0.598265
0.445445
0.0963598
0.492207
-0.817058
-1.50462
-0.0228402
0.520483
0.414781
-0.188363
-1.34205
-0.251726
-0.592753
-0.438458
-0.563888
-0.805415
0.0107191
-0.455387
-1.03845
0.109604
0.790564
0.0718795
0.275092
-0.566968
-0.119188
-0.4762
0.0841745
-0.196666
-0.355451
-1.48355
0.0850894
-0.605651
-0.493244
0.110116
0.190226
-0.186414
-0.237218
0.00124101
-0.559796
0.200391
-1.13041
-1.31266
-0.00477517
0.35627
-0.0452399
-0.352812
0.292812
-0.204011
-0.0276755
-0.267974
0.227704
-0.467963
0.641783
-0.403017
0.526731
-0.0275567
0.00807982
-0.230054
0.0993244
-0.827102
-0.562932
-0.458008
-0.227997
0.717231
-1.30821
-0.508804
0.218477
-0.341754
0.489555
0.283978
0.328952
-0.804074
-0.682126
0.230246
-0.302955
0.259351
-0.55856
0.24688
-0.362353
0.548051
-1.44166
0.111712
-2.22201
0.0910978
-0.924453
-0.733246
-0.162828
-0.76212
-0.495673
0.0909421
-0.609486
0.16471
-0.251649
0.363706
0.442109
-0.511961
-0.663512
-0.0970453
-0.175401
0.230838
-0.727632
0.719222
0.312902
0.375019
0.331823
0.10031
-0.0145329
0.222413
-1.2289
0.203509
0.0171753
-1.4645
0.612172
-0.509366
-0.680193
-0.875554
0.369898
0.391377
0.369616
0.405553
-0.202352
0.327581
-0.178457
0.201049
0.183633
-0.0579919
0.192293
-0.0281833
0.111708
0.313806
-1.38312
0.367658
0.321149
-0.556835
0.487939
-1.21994
-0.370691
-0.963625
0.25043
-0.303654
0.453613
0.00126245
-0.416008
-0.220091
0.375834
0.696682
0.0533232
-0.253623
0.346983
0.666145
-1.22587
0.343769
-0.561267
-0.444446
-0.0794426
-0.867169
-0.837376
-2.25012
-0.12934
-0.64774
-0.91482
0.0737654
-0.0890021
0.355978
-0.0427221
0.212584
-0.413332
0.198904
0.450531
0.160026
0.221597
-0.198582
-0.35024
-0.0849775
0.353262
-0.609682
0.450398
0.0497892
-0.733154
-1.21913
0.0744976
0.480965
-0.0196224
0.422737
-0.0853966
0.539375
-1.83273
0.462175
0.196832
-2.49463
-0.569632
0.352359
0.298204
-1.00304
-1.66051
0.408881
-0.0168231
-1.27217
0.243796
0.425775
-0.0141884
0.279264
0.26949
-0.628106
-0.26746
-0.244533
-1.2624
0.556012
-1.05978
-0.173075
-1.00712
-0.727071
-0.992425
-1.66165
0.385463
0.0726631
-0.547935
0.133446
-0.572702
-0.56518
-0.221367
0.0189472
-0.146136
0.716479
0.541478
-1.38386
-0.233911
0.735764
-0.675273
-0.47893
-1.68783
0.248154
-0.945337
0.356494
-0.621903
0.0746811
-0.48247
-1.06787
0.130898
-0.0497585
-0.231512
0.0348665
-0.817984
-2.65266
0.385022
0.261249
-0.735241
-0.354529
-0.925173
-0.0589455
-0.000146547
0.63219
0.332005
-0.605874
-0.263519
-1.35725
0.546349
-0.757378
