-0.682554
0.197954
0.723103
-0.429815
0.476411
-0.083634
-0.487531
0.351919
-0.532105
-2.76529
-1.0481
-1.61418
-0.836271
0.234911
-1.78776
-1.4121
-1.29403
-1.11725
0.494669
-0.778607
-1.43535
-1.78438
-0.882777
-0.782397
-1.37573
0.226586
-0.0671189
0.513254
-0.657636
-0.261871
0.0506364
-0.207516
-0.0779171
0.463272
-0.897953
0.252701
-0.210562
-1.29861
0.184196
0.200631
0.412679
0.100637
-1.73644
0.157372
0.237665
0.45994
-0.466967
-0.78263
-0.0263315
-0.705263
-0.0794684
0.0196233
-0.594087
-0.582477
0.769657
-1.57591
-0.775111
-2.05961
-1.04493
0.336362
0.327067
-0.408885
0.317145
-1.77868
-0.907641
0.160821
-0.72936
-0.311363
-0.650108
-0.356684
-0.429954
-0.658359
0.219232
-0.950725
-1.27577
-0.228059
0.0618082
-1.39321
-1.43781
0.482577
-0.100308
0.191293
-0.729524
-1.57304
-0.464726
-0.389554
0.207648
-1.60594
0.290246
-2.74633
-0.0029279
-0.494142
0.191769
-0.499024
0.0104078
-0.623801
-0.335795
-0.88848
-0.6947
-0.902017
-0.160938
-0.902622
0.700462
0.342093
-0.0654137
0.351261
-1.35219
-1.02321
0.0386022
-0.343949
-1.2968
-2.09911
-1.36183
0.270997
0.0340274
-0.699254
0.0776125
0.125473
0.176547
-0.965064
-1.74674
-1.02534
-0.928421
-1.01594
-0.188457
-0.171957
0.460359
0.226628
-0.451088
-0.169611
0.098947
-0.755147
0.602793
-0.200033
0.429625
-1.55613
-0.107078
-0.0175115
-0.717176
0.584349
-0.251524
-1.45976
0.951133
-0.00902736
-0.147382
-0.476055
0.0381539
-0.312469
0.400938
-1.06703
-0.314086
-1.48295
-0.71555
-0.258743
-0.713448
-0.146083
-0.766065
-1.26366
0.535777
-1.22422
0.0173459
0.515329
0.159306
-0.0529037
0.100898
-0.0640707
0.496105
-0.0800721
0.0847997
0.0996816
-0.626073
-0.0479618
0.504577
-0.857191
-0.587326
-2.14471
-0.155559
0.135968
0.279089
-0.776411
-0.310036
-1.39776
-0.000375311
0.225693
-0.265038
0.0915532
-1.04031
-0.977284
0.266033
-0.40839
-1.72002
-0.929294
0.140068
-0.436719
-0.320229
-0.125094
-0.446703
-0.821436
-0.351544
0.222106
-0.497796
0.211636
0.378188
-0.846806
-0.193149
0.0980707
0.0329595
-0.63415
-0.896947
-0.467728
0.728225
-0.793042
-0.231833
0.569299
0.146481
0.296491
-0.49313
0.272122
-0.77004
-0.366867
-0.100235
-0.830436
-0.392672
-1.30366
-0.948631
-0.179951
-0.783296
-0.569442
0.467303
-1.46276
-0.125306
0.201256
0.207676
0.776193
-0.251034
0.220033
-2.48284
-0.612545
-0.265959
0.315869
0.499723
-1.21537
0.0389485
0.0893316
-0.0652977
-0.420691
-2.14108
0.244053
0.22204
0.209686
-1.76081
0.520468
-0.0520469
-1.3708
0.142342
-1.26574
-0.775758
0.131956
-0.589364
0.571334
0.449732
-0.878282
0.298041
-0.658651
0.495705
0.28431
-0.212339
-1.1626
0.477473
0.316654
-0.869537
0.626627
0.176883
0.826616
0.170213
0.319126
0.332166
-0.180518
0.165585
0.147477
-0.175527
-1.40637
0.709876
-0.101566
0.294621
0.649498
0.500844
0.371565
0.163174
-0.285054
0.330989
-0.578972
-1.64724
-0.149124
-1.45274
-0.203326
0.209001
-0.019167
-0.498373
0.146703
-0.166572
0.224369
0.2897
0.139246
-1.41028
-0.896844
0.673385
0.297499
0.0454814
0.584628
0.0539864
-0.902809
-1.83827
-0.0687019
-0.14118
0.252958
-0.41388
-0.160903
0.129809
0.215439
0.394878
-0.018557
0.378046
-0.791376
0.0682559
-0.559642
-0.18783
-0.153852
0.568288
0.576489
-0.0809518
-0.814667
0.108867
-0.0177304
0.353697
0.331931
0.206151
0.767408
-0.0547637
-1.07681
-1.92483
-0.758548
-0.574022
-0.224225
0.227567
-0.965213
-0.157274
0.00861076
-0.540839
-1.39944
-0.135718
0.129312
-1.5843
-1.52958
0.354232
-0.0440787
0.401199
-0.465659
-1.74324
-1.07067
-1.28256
0.256111
0.454836
-1.2081
-0.00113085
-0.00505614
-1.11749
-0.498541
0.22558
0.546581
-0.347703
-0.208188
-0.496614
0.13627
0.510235
-1.00372
0.168905
0.152142
0.469843
-1.34152
-0.0282132
0.436324
0.0680173
-0.270327
0.355169
-0.827931
-1.44389
0.0466482
0.00278919
-1.056
-0.287283
0.5321
-0.175176
-0.309801
-1.46635
-0.0279725
0.661737
-0.210717
0.21812
-0.586956
-0.864935
-0.513388
-2.0124
-0.88362
-0.0827269
-1.66977
-0.00742956
0.0612877
0.239671
0.676132
-1.82736
0.293334
-0.226567
-0.809286
0.103781
-1.07499
-1.04553
-0.662159
-1.08475
-0.414611
-0.894285
-0.792598
-0.666028
-0.104433
0.22588
-0.0897657
-1.03562
-0.926766
-1.12237
-0.0747152
0.271079
0.51918
0.730874
-0.452543
-0.062629
-0.442578
0.259539
0.292937
-0.979389
-0.465882
-0.426583
0.254587
-1.07198
-0.549328
-1.04365
-0.902698
0.494137
0.421299
-0.883308
-0.978944
-0.8023
-0.103285
-0.70199
0.0802931
-1.27603
0.0419809
0.424521
-0.680788
-1.19169
-2.64774
-0.755593
-0.221427
-0.763467
-0.162614
-0.436265
-0.462621
-0.993758
-2.94454
-0.0379987
-0.727105
-1.19913
-0.0294979
0.253967
0.261826
-0.401584
-0.164026
-0.436308
-0.359895
-1.3357
0.537801
0.728308
-0.404627
0.663204
-0.296287
0.718741
-1.12781
-0.384389
-1.54858
-0.0595395
-0.0973353
0.136778
-0.0269241
-0.745248
0.275054
0.2816
-1.881
0.0806523
0.244784
-2.03832
0.376419
-0.906782
0.134393
0.477254
-2.53519
0.0982365
-0.394795
0.113295
0.537863
-0.779635
-1.5202
-1.52621
-1.61783
-0.537079
-2.40501
0.598347
0.392979
0.621006
0.186629
-1.24915
-0.85769
-1.27098
-0.251172
-0.184352
-0.939114
0.150541
-1.6285
-1.00575
0.469529
0.31358
0.544519
0.262487
-0.462601
0.149867
-1.76229
-0.193213
-0.0299272
-0.406392
-0.818431
-0.0590686
-0.275801
-0.518974
0.397111
-0.239694
-0.46553
-0.686668
0.748188
-0.0539103
0.305442
0.324902
-0.530827
0.00780923
0.435669
-0.67614
-0.0226442
0.224092
-0.383237
-0.165332
0.597828
0.525922
-0.00417275
0.711758
-0.291446
-0.322754
-1.82617
-0.820431
-0.0462313
0.898481
0.332044
-0.932742
-0.23148
-1.17359
0.420382
-0.482079
-2.66496
-0.105913
-0.692641
0.0636348
-0.178171
-1.0158
-0.802432
0.402014
-0.246539
-2.14675
0.0214041
-0.55629
0.179643
-0.683681
0.417811
-1.34454
-0.164693
-0.0673925
-0.364628
-1.70217
-0.481983
-0.183409
-0.160183
0.196021
-1.23716
-0.559803
-1.57587
-0.886056
-0.955979
0.471674
0.115196
0.108067
-1.21837
-0.0748656
-0.180568
0.396581
-0.72048
0.456493
-0.218604
-1.78268
0.767909
-0.0484375
-0.249086
-0.737035
0.340099
0.275541
-0.103535
-0.0835166
0.369113
-0.717621
0.42687
-0.209701
0.704949
-0.831753
-1.02607
0.230382
-0.127766
-0.760075
-0.163625
-0.5622
0.037551
-1.12519
-0.678676
0.298482
-2.09689
-2.08749
-0.437215
0.194367
-0.82962
-0.132114
-0.209388
-0.753004
0.488156
-1.00804
-0.31703
0.114193
0.584384
0.362198
0.310375
-0.786821
-0.444692
0.385105
0.256834
0.0404511
-1.84166
-0.512692
-0.773501
0.767762
-1.08805
0.21818
0.557243
0.0235684
-0.235028
-0.539552
0.161935
-2.14333
-1.34858
0.107126
0.090622
-0.563842
0.549352
-0.523748
-1.33265
-1.58465
-0.0794101
-0.357713
-1.13299
-0.137956
0.115249
-0.188587
0.698572
0.317661
-0.345287
-0.73563
0.395578
0.00332366
-0.2056
0.0193693
-0.160771
0.121756
0.174213
-0.31304
-1.73405
-0.84278
-0.718341
-0.750916
-0.618388
-0.0323211
-0.876469
-0.283972
0.472553
-0.407507
-0.0964455
-0.992184
-1.15085
-2.13601
-0.457561
-1.81985
-1.15513
-0.70813
-0.480307
0.593398
0.0928273
0.27301
-1.47892
-1.10546
-0.162999
0.573682
-0.202827
0.413038
-0.969024
0.130721
0.61606
-0.983705
-2.14935
0.316986
-0.267918
-1.06285
-0.765934
0.174616
0.427591
0.342457
-0.0198091
0.168808
-1.38536
-0.840172
-1.09817
0.0168393
0.350579
0.520519
-0.172825
-0.167005
-2.12266
0.407282
-0.825038
-0.463752
0.405853
-0.190706
-0.896005
-0.117728
-0.482478
0.260476
-1.28658
0.211315
-0.604702
0.0898736
-0.264291
-1.95284
-0.0199718
0.636992
-0.71495
-0.0991036
-0.263235
0.214194
0.388663
-0.0976242
0.322788
-0.129356
-1.12242
-0.789683
0.328784
-0.778815
0.173371
0.482882
0.323379
-0.798132
0.312093
-0.562776
0.146343
0.0136822
-0.494173
-1.199
-0.655172
0.334157
-0.969722
0.342735
-0.385849
0.541896
-0.355764
-0.49047
-0.0218515
0.328856
0.316624
0.0219823
-1.30813
-1.14759
-1.07886
-0.494476
-0.878661
-0.891812
-0.699403
-0.474062
-0.639202
-3.3405
-0.665423
0.170604
-0.400682
-0.34945
-0.311195
-0.040467
-0.704245
-0.0635718
0.680852
0.300844
0.221605
-1.06002
-2.22342
-0.26254
-0.781526
0.265959
0.329848
-2.19029
-0.49347
-0.0455066
-0.220876
-1.2049
-1.18574
0.726129
0.176594
-0.808523
-1.772
-1.61596
-1.17892
0.125139
0.123248
0.441754
-0.0561088
-0.167936
-0.8886
0.497464
-1.139
-0.04145
0.472594
0.540251
0.123079
-0.193549
-1.39342
-0.668964
-0.19806
-1.01167
-0.875632
-0.800819
-1.27894
-1.83816
0.366044
-1.56664
-1.30351
0.0750881
-1.0909
-0.604341
0.289858
0.224793
-1.26933
0.220598
0.0338194
0.61084
-0.987626
-0.429452
-2.02979
-0.651281
-1.3491
-2.00345
0.40673
0.793039
0.309031
0.288296
-1.36911
-0.328289
-0.642954
-0.987837
-1.42944
-0.620454
-0.260146
0.408769
-0.130084
0.616256
-0.51394
0.290639
0.065724
-0.0994889
-1.25095
0.344138
-1.21046
-0.123949
0.73944
-0.555563
0.428021
-0.452327
-1.40381
-0.238436
0.0753548
0.71888
-1.00628
-1.35532
-1.34425
0.581969
0.418826
0.511899
-1.05734
-0.0432142
-2.05232
0.243264
-0.61968
-0.718682
-1.65271
-0.251107
-0.24145
-1.6525
0.0431045
-1.53682
0.501654
-0.980338
-0.210653
-0.407879
-0.240955
-2.05414
0.246673
-0.548356
-0.408564
-0.0404461
-0.29159
-0.255914
-1.11764
-0.627506
0.284264
0.15598
0.00577465
-0.144933
-1.22604
-1.52062
0.164097
-0.763695
-0.936642
0.368102
0.389607
0.236761
-0.30108
-0.0782235
0.866701
0.583851
-0.650889
-0.730244
-0.390839
0.214489
0.144927
-1.50194
-0.855705
-0.904712
-0.98845
-1.40641
-0.948687
-1.63486
-1.20796
0.550216
-1.36303
-2.49988
-0.0495486
-0.584394
-1.01658
0.239681
-0.865925
-0.0952148
-1.40839
-1.44614
-0.251737
-1.25958
-0.38967
-0.498905
-0.69544
-1.34043
-1.07642
0.16717
0.837126
-0.0471054
0.620347
0.323541
0.640242
-0.255714
0.56463
0.277246
0.252547
-0.0297843
-1.45951
-0.0826238
0.437962
-2.18166
0.266818
-0.909875
-0.0356752
-1.2607
-0.306044
-0.504163
0.421184
-0.378607
0.182228
-0.254004
0.412607
-0.179584
0.266533
-0.702817
-0.239955
-0.187674
-0.578128
0.168013
-0.869202
0.0148119
-1.62719
-0.904461
-0.0291017
-0.895342
0.614432
-0.302008
-0.302925
0.602107
-0.24549
0.362127
-0.757228
0.183341
0.232313
-0.233959
0.108864
-0.208477
-0.389439
0.215425
0.762543
0.0475058
-1.17681
-0.870965
0.350158
-0.468526
-0.00210971
-0.461303
-0.947689
-0.794505
-0.309324
-0.348462
0.443891
0.466644
-0.118735
-0.149031
-0.148643
0.484902
0.215309
0.117483
0.0615243
-0.145568
0.109725
0.11923
-0.334713
0.660465
0.144084
0.502885
0.364747
-1.07765
-0.00121646
-1.65256
-0.646453
-0.660099
-1.73229
-0.661882
-1.06227
-0.721238
0.0329875
-0.247565
0.327955
0.28422
-0.350625
0.0800582
-0.352476
0.409781
-0.786237
-0.938619
0.187361
-0.990484
0.442939
-1.25752
-0.292827
0.0575263
-0.0291415
0.190758
-1.07753
-0.50982
-0.177291
-1.02396
-0.217218
0.243658
0.14026
0.457257
0.435199
-0.335885
-0.34845
-1.11302
-0.55347
-0.165107
0.409617
0.499344
0.240271
-0.00638825
-0.53513
0.310276
0.560287
0.167377
0.444724
0.113045
-0.163395
0.484006
-0.415277
-0.722219
-0.671741
-0.416069
0.284131
0.381689
-0.353474
0.204595
-1.16439
-0.258175
-0.574198
-0.20166
0.00578773
0.724276
-1.40372
-0.512124
-0.627222
-0.265466
-0.813241
-0.474519
0.369638
0.060745
-0.0794633
0.230302
-0.0337949
0.89081
-1.04006
-1.02213
-0.143967
-0.0300975
-1.22264
0.22523
0.353883
-0.0421375
0.332103
-0.37799
-0.00045806
-0.609319
0.0184745
-0.859114
-0.358574
-1.68988
0.343272
0.53585
0.404083
0.085936
-0.137557
-0.271092
-0.000797979
-0.592813
-0.877311
-0.478784
0.0561531
-0.550312
-0.758938
-0.430645
0.428976
-0.209614
-0.313036
-0.602742
-0.158204
0.350388
-0.115131
-0.0108908
0.17925
0.313725
-0.42683
-0.655231
-0.65693
0.17957
0.584183
-0.386483
-1.05831
0.0388155
-0.342646
-0.835143
0.0599244
-0.924975
-0.851893
0.0821552
0.0167325
-0.480592
-1.095
-0.386277
-1.3079
-0.194437
0.297759
-0.274816
-0.415162
-0.281352
0.0176895
-0.0320062
-0.0866432
-0.284882
-0.0895734
-0.187923
-0.290194
-0.264686
0.308239
-0.571297
-0.757214
0.143604
0.0351931
0.320717
-0.734401
-0.510718
-0.652411
-0.686454
-0.524761
-0.439705
-0.971542
-0.654997
-0.480565
-0.477123
-0.276231
-0.207213
-0.434808
0.332245
-0.763621
0.043339
-0.0392147
-0.818406
0.140241
-0.0788133
-0.33277
-0.280565
-0.175103
-1.00196
-0.787254
-1.35616
-0.890281
-0.682305
0.484716
-0.0514421
-0.805779
-0.604895
-0.354008
0.104921
0.132979
-0.204106
0.449623
-0.706776
-0.317029
-0.718043
-1.46479
-0.614378
-0.0207821
-0.571
-0.74352
-1.72448
-0.224276
-0.900099
-1.25184
-0.45102
0.193786
-0.378195
0.546002
0.410285
0.0220112
0.276363
-0.0330118
-0.879868
-0.210421
0.00271342
-0.11181
0.670967
0.492435
0.135562
0.467438
-0.747755
0.3107
0.0116964
0.165843
-0.208643
0.158002
-0.335177
-0.201625
-0.00500697
-0.518606
0.0435204
-0.377494
-0.493875
-0.653027
0.0514715
-2.15429
0.49644
-0.201195
-1.42232
0.0763516
0.466781
0.0779507
0.183184
0.396671
-0.307737
-2.48275e-06
-0.184614
-0.28418
-0.758184
-0.471901
0.783477
-0.246039
-0.262572
0.350553
-1.39523
-0.0250217
0.129776
-1.17613
0.00750431
-0.449645
0.554995
-0.155366
-0.544505
-1.81559
0.290545
0.177035
0.0881847
0.287285
0.207979
0.590728
-0.251027
-0.224184
-1.12566
-2.2281
-2.06498
-0.318189
-0.130742
0.189196
-0.374828
-1.68376
0.194316
0.465187
-0.126368
-0.104713
0.021315
0.488213
-0.666503
0.126502
-0.787773
-0.262751
0.167282
0.128651
-0.924696
0.0849175
0.254275
0.418074
-0.988551
-0.1721
-0.217587
0.151145
0.176891
-0.137682
-1.239
-1.45148
-1.48873
0.502587
-2.42541
-1.14147
-0.0173544
-0.141586
-0.547331
-1.316
-0.0701518
0.0559063
-0.431891
1.54357e-05
0.160447
-0.284133
-0.102548
0.0181818
-0.584857
-0.967898
-0.0243146
0.17318
-0.423068
0.191784
0.570146
0.222378
0.031364
-0.0799664
-0.00480352
-0.464779
0.221746
-0.741986
0.605166
-0.25679
-0.774318
0.150377
0.0708442
-0.329683
0.311274
-0.287801
-0.108853
0.0367229
0.292571
-0.438848
-0.18988
0.204494
-0.470003
0.455002
0.163287
0.460575
0.813449
-0.0611495
0.0988099
-0.091634
-0.0801693
-0.828341
-1.08913
0.450073
0.168628
0.115936
0.330752
-0.181822
-3.28853
-1.1202
0.0810422
-0.13743
-0.309468
0.444241
-0.23923
0.235933
-1.25778
-0.118537
0.141946
0.108213
-1.00968
0.214581
0.133217
-0.0853934
0.399052
-0.581558
-0.124195
-0.206562
-0.124403
0.663446
-0.533462
0.468299
-1.07341
-0.642608
0.402162
0.341496
-0.740182
0.231382
-0.32834
-1.31066
-0.0629585
-0.796117
-1.04901
0.0377057
-0.311369
0.529963
0.406642
0.104153
-0.028866
-0.12038
-0.658108
-0.371514
-1.06943
0.271536
-0.253573
0.125972
-0.159509
0.215272
-0.350178
0.0948442
0.0850699
0.324306
-0.408594
-0.688738
0.450692
0.703029
-0.490196
-0.361355
0.222805
-0.0148658
-1.018
0.101627
0.398303
0.457117
0.310065
-1.19252
-0.74566
0.0440218
0.384022
-0.366418
-0.610368
-0.281173
0.395897
0.52244
-0.0158199
-0.761849
-0.37471
-0.234869
0.224032
0.69823
0.193854
-0.343224
-0.216097
-0.313226
0.113754
-0.841007
-1.23252
0.185754
-0.359695
-0.501518
0.0158212
0.218225
0.398711
-0.31873
0.139249
-1.08884
-1.6597
-1.38291
0.490928
-0.0417321
-0.164174
-0.398162
-0.556721
0.316881
0.223421
0.505301
-1.25803
-0.0529212
-0.858086
0.144219
-0.894472
-0.0401532
0.246447
0.253552
-0.396954
-0.163471
-0.774032
0.569682
-1.59251
0.0534468
0.36802
0.479466
-0.174718
0.539991
-0.8668
0.0478141
-0.0403248
-0.256452
0.560113
-0.605896
-0.160144
-0.830116
-0.0756905
-0.355229
0.233984
0.188957
-1.20652
-0.211691
0.193499
0.30195
-0.553588
-0.77047
0.155258
-0.715361
-0.612026
0.52757
-0.27296
-0.713917
-0.285503
-0.129993
0.113716
-0.56789
-0.504046
0.286924
-0.216629
0.312657
-1.45239
0.231257
0.06384
-0.161933
-0.79809
-1.31134
-0.22217
-0.638803
0.268381
-0.251398
-0.32527
-0.0145302
0.407152
-1.10046
-0.500908
0.133799
-0.316296
-0.0190165
0.0692438
-1.44891
-0.03935
0.290792
0.765885
-0.834494
0.423266
-0.816214
-1.76137
-0.676677
0.244689
0.328024
0.582817
-0.64143
0.646664
0.0526431
-0.633157
-1.11215
-0.0615047
-0.118861
-0.178876
0.162904
-0.882799
-0.132699
0.231307
-0.814167
-1.17093
-0.0418415
0.278613
-0.597213
-0.0566363
-0.707515
-0.503964
-0.0667876
0.494997
-0.149411
0.173432
-0.307709
0.420651
-2.50366
-0.00406507
-1.02064
0.279302
-0.0592934
0.075669
0.656769
0.0801891
0.485128
0.389583
0.425305
0.0241467
0.119744
-0.219406
-0.811929
0.229794
-0.615474
0.202911
0.31225
0.0417717
0.438071
0.573094
-0.413717
0.375316
-0.564856
0.472819
-0.682196
-0.574385
-0.763497
0.74871
-0.0493104
-1.07316
-0.203749
0.149566
-0.137347
-1.08757
0.266988
0.135622
0.135191
-0.0572064
-0.0657106
0.151859
0.186641
-0.668475
-0.0327274
-0.0750161
-1.45163
-0.0755631
-0.356829
-0.438373
0.208808
0.174211
0.291348
-0.79033
0.116613
-0.638034
0.595174
-0.463347
-0.182982
-1.47064
-1.27191
-0.751823
0.584409
-1.25252
-0.923869
-0.0554552
0.470634
0.331975
-1.54828
0.292914
0.172058
-0.390882
-0.443581
-0.32798
0.165331
0.0669629
-0.14041
0.210634
0.664425
0.438047
0.413695
-0.0509788
-0.0933495
-0.727783
-0.194314
0.286334
-0.587884
-0.565124
0.42061
-0.468583
-0.381971
-1.97631
-0.382885
-0.117222
-0.618737
0.365506
-0.316043
-0.0130851
0.304135
0.584764
0.0350107
-0.468593
0.623368
0.570713
0.148347
0.189942
0.0267566
-1.13251
0.379168
-0.0477036
0.531922
-1.76431
0.58029
0.583073
-1.42012
0.0661362
-0.921826
-1.17848
0.0514504
0.213106
0.187876
0.508744
-0.869546
-0.628454
-1.06549
-0.887358
0.333851
-0.0620539
-0.578715
-0.0959394
-0.146028
-0.577747
-0.208464
0.107837
-0.154284
0.516794
-1.44769
-0.119445
-0.239573
-0.28666
-1.03319
-0.252852
0.743716
-2.05063
0.0966863
-0.313553
-0.793957
0.302718
-1.52013
-0.139447
-0.097157
-0.694839
-0.205442
-1.33815
0.0797895
-0.147268
-0.290129
0.0260728
0.28072
0.0589033
-0.844774
0.247214
-0.282884
-0.358936
-0.928385
-0.120907
-0.412365
-0.496544
0.0694187
-0.439734
-0.247506
-0.965321
0.0788755
0.112652
0.406677
-0.886434
0.642921
0.195472
-0.116021
0.299386
0.0691804
-1.40227
-0.623364
-0.896353
-0.0908813
-0.41457
0.193614
-0.321344
0.310733
0.0259722
-1.75246
-1.14934
0.259462
0.571404
0.154489
-0.268471
-0.558705
0.306799
0.306025
0.0481277
-0.580868
-1.91165
-0.17873
-1.4111
0.442056
-0.292279
0.249921
-0.202595
0.158038
-0.326143
0.590875
-0.679181
0.730465
-0.538114
-0.40734
0.124378
-0.754342
0.214776
-1.03698
-0.317192
-0.745446
0.377453
-0.0674836
-1.20426
-1.16193
-0.679481
0.255138
-0.848865
-0.332382
0.0665018
0.461543
0.415994
-0.0597828
0.324699
-0.20244
0.724877
0.125618
-0.894622
-0.80717
-0.965873
0.190732
-1.76869
-0.27608
0.250458
-0.356324
0.348385
-0.601822
0.300214
0.036047
0.470714
0.41556
0.668873
0.0947116
0.140468
-1.21596
-1.41614
-0.290326
0.705108
-0.187158
-0.0204718
0.714954
-0.167368
-0.358443
0.2512
-1.04507
-0.277008
0.0178705
-0.00236391
0.199843
0.060616
0.258124
-0.334518
-0.318851
0.0275233
0.142816
0.16981
-0.315678
-0.232814
-0.604623
-0.908878
-1.08947
-0.0134353
0.135875
-1.46839
0.272585
0.0955569
0.287153
0.0325233
0.298386
0.591965
-0.408156
0.0857242
-0.987452
-1.62373
-0.319787
0.363209
-0.509522
-1.43046
0.322506
0.294626
-0.355956
0.48235
-0.684478
0.498762
-0.892683
-0.424832
0.0325422
-0.0550028
-0.140287
0.157128
-0.42582
0.332709
-1.23585
0.146315
0.298784
-1.29819
0.285645
0.13522
-0.758616
-0.446289
0.747507
-0.708134
-0.106286
-0.260729
0.537669
-0.99384
-0.0880303
0.443664
0.181088
-0.443394
0.24063
-0.40927
0.302001
-0.0316799
0.599122
-0.989592
-0.237457
-0.339996
-0.581864
-0.410155
-0.675826
-0.184058
-0.002664
0.264957
0.415083
-0.283625
0.340433
0.0460716
-0.414511
0.197592
0.0875537
-0.281677
-0.365817
0
0
0
0
0
0
0
0
0
0
0
0
0
0
0
0
0
0
0
0
0
0
0
0
0
0
0
0
0
0
0
0
0
0
0
0
0
0
0
0
0
0
0
0
0
0
0
0
0
0
0
0
0
0
0
0
0
0
0
0
0
0
0
0
0
0
0
0
0
0
0
0
0
0
0
0
0
0
0
0
0
0
0
0
0
0
0
0
0
0
0
0
0
0
0
0
0
0
0
0
0
0
0
0
0
0
0
0
0
0
0
0
0
0
0
0
0
0
0
0
0
0
0
0
0
0
0
0
0
0
0
0
0
0
0
0
0
0
0
0
0
0
0
0
0
0
0
0
0
0
0
0
0
0
0
0
0
0
0
0
0
0
0
0
0
0
0
0
0
0
0
0
0
0
0
0
0
0
0
0
0
0
0
0
0
0
0
0
0
0
0
0
0
0
0
0
0
0
0
0
0
0
0
0
0
0
0
0
0
0
0
0
0
0
0
0
0
0
0
0
0
0
0
0
0
0
0
0
0
0
0
0
0
0
0
0
0
0
0
0
0
0
0
0
0
0
0
0
0
0
0
0
0
0
0
0
0
0
0
0
0
0
0
0
0
0
0
0
0
0
0
0
0
0
0
0
0
0
0
0
0
0
0
0
0
0
0
0
0
0
0
0
0
0
0
0
0
0
0
0
0
0
0
0
0
0
0
0
0
0
0
0
0
0
0
0
0
0
0
0
0
0
0
0
0
0
0
0
0
0
0
0
0
0
0
0
0
0
0
0
0
0
0
0
0
0
0
0
0
0
0
0
0
0
0
0
0
0
0
0
0
0
0
0
0
0
0
0
0
0
0
0
0
0
0
0
0
0
0
0
0
0
0
0
0
0
0
0
0
0
0
0
0
0
0
0
0
0
0
0
0
0
0
0
0
0
0
0
0
0
0
0
0
0
0
0
0
0
0
0
0
0
0
0
0
0
0
0
0
0
0
0
0
0
0
0
0
0
0
0
0
0
0
0
0
0
0
0
0
0
0
0
0
0
0
0
0
0
0
0
0
0
0
0
0
0
0
0
0
0
0
0
0
0
0
0
0
0
0
0
0
0
0
0
0
0
0
0
0
0
0
0
0
0
0
0
0
0
0
0
0
0
0
0
0
0
0
0
0
0
0
0
0
0
0
0
0
0
0
0
0
0
0
0
0
0
0
0
0
0
0
0
0
0
0
0
0
0
0
0
0
0
0
0
0
0
0
0
0
0
0
0
0
0
0
0
0
0
0
0
0
0
0
0
0
0
0
0
0
0
0
0
0
0
0
0
0
0
0
0
0
0
0
0
0
0
0
0
0
0
0
0
0
0
0
0
0
0
0
0
0
0
0
0
0
0
0
0
0
0
0
0
0
0
0
0
0
0
0
0
0
0
0
0
0
0
0
0
0
0
0
0
0
0
0
0
0
0
0
0
0
0
0
0
0
0
0
0
0
0
0
0
0
0
0
0
0
0
0
0
0
0
0
0
0
0
0
0
0
0
0
0
0
0
0
0
0
0
0
0
0
0
0
0
0
0
0
0
0
0
0
0
0
0
0
0
0
0
0
0
0
0
0
0
0
0
0
0
0
0
0
0
0
0
0
0
0
0
0
0
0
0
0
0
0
0
0
0
0
0
0
0
0
0
0
0
0
0
0
0
0
0
0
0
0
0
0
0
0
0
0
0
0
0
0
0
0
0
0
0
0
0
0
0
0
0
0
0
0
0
0
0
0
0
0
0
0
0
0
0
0
0
0
0
0
0
0
0
0
0
0
0
0
0
0
0
0
0
0
0
0
0
0
0
0
0
0
0
0
0
0
0
0
0
0
0
0
0
0
0
0
0
0
0
0
0
0
0
0
0
0
0
0
0
0
0
0
0
0
0
0
0
0
0
0
0
0
0
0
0
0
0
0
0
0
0
0
0
0
0
0
0
0
0
0
0
0
0
0
0
0
0
0
0
0
0
0
0
0
0
0
0
0
0
0
0
0
0
0
0
0
0
0
0
0
0
0
0
0
0
0
0
0
0
0
0
0
0
0
0
0
0
0
0
0
0
0
0
0
0
0
0
0
0
0
0
0
0
0
0
0
0
0
0
0
0
0
0
0
0
0
0
0
0
0
0
0
0
0
0
0
0
0
0
0
0
0
0
0
0
0
0
0
0
0
0
0
0
0
0
0
0
0
0
0
0
0
0
0
0
0
0
0
0
0
0
0
0
0
0
0
0
0
0
0
0
0
0
0
0
0
0
0
0
0
0
0
0
0
0
0
0
0
0
0
0
0
0
0
0
0
0
0
0
0
0
0
0
0
0
0
0
0
0
0
0
0
0
0
0
0
0
0
0
0
0
0
0
0
0
0
0
0
0
0
0
0
0
0
0
0
0
0
0
0
0
0
0
0
0
0
0
0
0
0
0
0
0
0
0
0
0
0
0
0
0
0
0
0
0
0
0
0
0
0
0
0
0
0
0
0
0
0
0
0
0
0
0
0
0
0
0
0
0
0
0
0
0
0
0
0
0
0
0
0
0
0
0
0
0
0
0
0
0
0
0
0
0
0
0
0
0
0
0
0
0
0
0
0
0
0
0
0
0
0
0
0
0
0
0
0
0
0
0
0
0
0
0
0
0
0
0
0
0
0
0
0
0
0
0
0
0
0
0
0
0
0
0
0
0
0
0
0
0
0
0
0
0
0
0
0
0
0
0
0
0
0
0
0
0
0
0
0
0
0
0
0
0
0
0
0
0
0
0
0
0
0
0
0
0
0
0
0
0
0
0
0
0
0
0
0
0
0
0
0
0
0
0
0
0
0
0
0
0
0
0
0
0
0
0
0
0
0
0
0
0
0
0
0
0
0
0
0
0
0
0
0
0
0
0
0
0
0
0
0
0
0
0
0
0
0
0
0
0
0
0
0
0
0
0
0
0
0
0
0
0
0
0
0
0
0
0
0
0
0
0
0
0
0
0
0
0
0
0
0
0
0
0
0
0
0
0
0
0
0
0
0
0
0
0
0
0
0
0
0
0
0
0
0
0
0
0
0
0
0
0
0
0
0
0
0
0
0
0
0
0
0
0
0
0
0
0
0
0
0
0
0
0
0
0
0
0
0
0
0
0
0
0
0
0
0
0
0
0
0
0
0
0
0
0
0
0
0
0
0
0
0
0
0
0
0
0
0
0
0
0
0
0
0
0
0
0
0
0
0
0
0
0
0
0
0
0
0
0
0
0
0
0
0
0
0
0
0
0
0
0
0
0
0
0
0
0
0
0
0
0
0
0
0
0
0
0
0
0
0
0
0
0
0
0
0
0
0
0
0
0
0
0
0
0
0
0
0
0
0
0
0
0
0
0
0
0
0
0
0
0
0
0
0
0
0
0
0
0
0
0
0
0
0
0
0
0
0
0
0
0
0
0
0
0
0
0
0
0
0
0
0
0
0
0
0
0
0
0
0
0
0
0
0
0
0
0
0
0
0
0
0
0
0
0
0
0
0
0
0
0
0
0
0
0
0
0
0
0
0
0
0
0
0
0
0
0
0
0
0
0
0
0
0
0
0
0
0
0
0
0
0
0
0
0
0
0
0
0
0
0
0
0
0
0
0
0
0
0
0
0
0
0
0
0
0
0
0
0
0
0
0
0
0
0
0
0
0
0
0
0
0
0
0
0
0
0
0
0
0
0
0
0
0
0
0
0
0
0
0
0
0
0
0
0
0
0
0
0
0
0
0
0
0
0
0
0
0
0
0
0
0
0
0
0
0
0
0
0
0
0
0
0
0
0
0
0
0
0
0
0
0
0
0
0
0
0
0
0
0
0
0
0
0
0
0
0
0
0
0
0
0
0
0
0
0
0
0
0
0
0
0
0
0
0
0
0
0
0
0
0
0
0
0
0
0
0
0
0
0
0
0
0
0
0
0
0
0
0
0
0
0
0
0
0
0
0
0
0
0
0
0
0
0
0
0
0
0
0
0
0
0
0
0
0
0
0
0
0
0
0
0
0
0
0
0
0
0
0
0
0
0
0
0
0
0
0
0
0
0
0
0
0
0
0
0
0
0
0
0
0
0
0
0
0
0
0
0
0
0
0
0
0
0
0
0
0
0
0
0
0
0
0
0
0
0
0
0
0
0
0
0
0
0
0
0
0
0
0
0
0
0
0
0
0
0
0
0
0
0
0
0
0
0
0
0
0
0
0
0
0
0
0
0
0
0
0
0
0
0
0
0
0
0
0
0
0
0
0
0
0
0
0
0
0
0
0
0
0
0
0
0
0
0
0
0
0
0
0
0
0
0
0
0
0
0
0
0
0
0
0
0
0
0
0
0
0
0
0
0
0
0
0
0
0
0
0
0
0
0
0
0
0
0
0
0
0
0
0
0
0
0
0
0
0
0
0
0
0
0
0
0
0
0
0
0
0
0
0
0
0
0
0
0
0
0
0
0
0
0
0
0
0
0
0
0
0
0
0
0
0
0
0
0
0
0
0
0
0
0
0
0
0
0
0
