0
0
0
0
0
0
0
0
0
0
0
0
0
0
0
0
0
0
0
0
0
0
0
0
0
0
0
0
0
0
0
0
0
0
0
0
0
0
0
0
0
0
0
0
0
0
0
0
0
0
0
0
0
0
0
0
0
0
0
0
0
0
0
0
0
0
0
0
0
0
0
0
0
0
0
0
0
0
0
0
0
0
0
0
0
0
0
0
0
0
0
0
0
0
0
0
0
0
0
0
0
0
0
0
0
0
0
0
0
0
0
0
0
0
0
0
0
0
0
0
0
0
0
0
0
0
0
0
0
0
0
0
0
0
0
0
0
0
0
0
0
0
0
0
0
0
0
0
0
0
0
0
0
0
0
0
0
0
0
0
0
0
0
0
0
0
0
0
0
0
0
0
0
0
0
0
0
0
0
0
0
0
0
0
0
0
0
0
0
0
0
0
0
0
0
0
0
0
0
0
0
0
0
0
0
0
0
0
0
0
0
0
0
0
0
0
0
0
0
0
0
0
0
0
0
0
0
0
0
0
0
0
0
0
0
0
0
0
0
0
0
0
0
0
0
0
0
0
0
0
0
0
0
0
0
0
0
0
0
0
0
0
0
0
0
0
0
0
0
0
0
0
0
0
0
0
0
0
0
0
0
0
0
0
0
0
0
0
0
0
0
0
0
0
0
0
0
0
0
0
0
0
0
0
0
0
0
0
0
0
0
0
0
0
0
0
0
0
0
0
0
0
0
0
0
0
0
0
0
0
0
0
0
0
0
0
0
0
0
0
0
0
0
0
0
0
0
0
0
0
0
0
0
0
0
0
0
0
0
0
0
0
0
0
0
0
0
0
0
0
0
0
0
0
0
0
0
0
0
0
0
0
0
0
0
0
0
0
0
0
0
0
0
0
0
0
0
0
0
0
0
0
0
0
0
0
0
0
0
0
0
0
0
0
0
0
0
0
0
0
0
0
0
0
0
0
0
0
0
0
0
0
0
0
0
0
0
0
0
0
0
0
0
0
0
0
0
0
0
0
0
0
0
0
0
0
0
0
0
0
0
0
0
0
0
0
0
0
0
0
0
0
0
0
0
0
0
0
0
0
0
0
0
0
0
0
0
0
0
0
0
0
0
0
0
0
0
0
0
0
0
0
0
0
0
0
0
0
0
0
0
0
0
0
0
0
0
0
0
0
0
0
0
0
0
0
0
0
0
0
0
0
0
0
0
0
0
0
0
0
0
0
0
0
0
0
0
0
0
0
0
0
0
0
0
0
0
0
0
0
0
0
0
0
0
0
0
0
0
0
0
0
0
0
0
0
0
0
0
0
0
0
0
0
0
0
0
0
0
0
0
0
0
0
0
0
0
0
0
0
0
0
0
0
0
0
0
0
0
0
0
0
0
0
0
0
0
0
0
0
0
0
0
0
0
0
0
0
0
0
0
0
0
0
0
0
0
0
0
0
0
0
0
0
0
0
0
0
0
0
0
0
0
0
0
0
0
0
0
0
0
0
0
0
0
0
0
0
0
0
0
0
0
0
0
0
0
0
0
0
0
0
0
0
0
0
0
0
0
0
0
0
0
0
0
0
0
0
0
0
0
0
0
0
0
0
0
0
0
0
0
0
0
0
0
0
0
0
0
0
0
0
0
0
0
0
0
0
0
0
0
0
0
0
0
0
0
0
0
0
0
0
0
0
0
0
0
0
0
0
0
0
0
0
0
0
0
0
0
0
0
0
0
0
0
0
0
0
0
0
0
0
0
0
0
0
0
0
0
0
0
0
0
0
0
0
0
0
0
0
0
0
0
0
0
0
0
0
0
0
0
0
0
0
0
0
0
0
0
0
0
0
0
0
0
0
0
0
0
0
0
0
0
0
0
0
0
0
0
0
0
0
0
0
0
0
0
0
0
0
0
0
0
0
0
0
0
0
0
0
0
0
0
0
0
0
0
0
0
0
0
0
0
0
0
0
0
0
0
0
0
0
0
0
0
0
0
0
0
0
0
0
0
0
0
0
0
0
0
0
0
0
0
0
0
0
0
0
0
0
0
0
0
0
0
0
0
0
0
0
0
0
0
0
0
0
0
0
0
0
0
0
0
0
0
0
0
0
0
0
0
0
0
0
0
0
0
0
0
0
0
0
0
0
0
0
0
0
0
0
0
0
0
0
0
0
0
0
0
0
0
0
0
0
0
0
0
0
0
0
0
0
0
0
0
0
0
0
0
0
0
0
0
0
0
0
0
0
0
0
0
0
0
0
0
0
0
0
0
0
0
0
0
0
0
0
0
0
0
0
0
0
0
0
0
0
0
0
0
0
0
0
0
0
0
0
0
0
0
0
0
0
0
0
0
0
0
0
0
0
0
0
0
0
0
0
0
0
0
0
0
0
0
0
0
0
0
0
0
0
0
0
0
0
0
0
0
0
0
0
0
0
0
0
0
0
0
0
0
0
0
0
0
0
0
0
0
0
0
0
0
0
0
0
0
0
0
0
0
0
0
0
0
0
0
0
0
0
0
0
0
0
0
0
0
0
0
0
0
0
0
0
0
0
0
0
0
0
0
0
0
0
0
0
0
0
0
0
0
0
0
0
0
0
0
0
0
0
0
0
0
0
0
0
0
0
0
0
0
0
0
0
0
0
0
0
0
0
0
0
0
0
0
0
0
0
0
0
0
0
0
0
0
0
0
0
0
0
0
0
0
0
0
0
0
0
0
0
0
0
0
0
0
0
0
0
0
0
0
0
0
0
0
0
0
0
0
0
0
0
0
0
0
0
0
0
0
0
0
0
0
0
0
0
0
0
0
0
0
0
0
0
0
0
0
0
0
0
0
0
0
0
0
0
0
0
0
0
0
0
0
0
0
0
0
0
0
0
0
0
0
0
0
0
0
0
0
0
0
0
0
0
0
0
0
0
0
0
0
0
0
0
0
0
0
0
0
0
0
0
0
0
0
0
0
0
0
0
0
0
0
0
0
0
0
0
0
0
0
0
0
0
0
0
0
0
0
0
0
0
0
0
0
0
0
0
0
0
0
0
0
0
0
0
0
0
0
0
0
0
0
0
0
0
0
0
0
0
0
0
0
0
0
0
0
0
0
0
0
0
0
0
0
0
0
0
0
0
0
0
0
0
0
0
0
0
0
0
0
0
0
0
0
0
0
0
0
0
0
0
0
0
0
0
0
0
0
0
0
0
0
0
0
0
0
0
0
0
0
0
0
0
0
0
0
0
0
0
0
0
0
0
0
0
0
0
0
0
0
0
0
0
0
0
0
0
0
0
0
0
0
0
0
0
0
0
0
0
0
0
0
0
0
0
0
0
0
0
0
0
0
0
0
0
0
0
0
0
0
0
0
0
0
0
0
0
0
0
0
0
0
0
0
0
0
0
0
0
0
0
0
0
0
0
0
0
0
0
0
0
0
0
0
0
0
0
0
0
0
0
0
0
0
0
0
0
0
0
0
0
0
0
0
0
0
0
0
0
0
0
0
0
0
0
0
0
0
0
0
0
0
0
0
0
0
0
0
0
0
0
0
0
0
0
0
0
0
0
0
0
0
0
0
0
0
0
0
0
0
0
0
0
0
0
0
0
0
0
0
0
0
0
0
0
0
0
0
0
0
0
0
0
0
0
0
0
0
0
0
0
0
0
0
0
0
0
0
0
0
0
0
0
0
0
0
0
0
0
0
0
0
0
0
0
0
0
0
0
0
0
0
0
0
0
0
0
0
0
0
0
0
0
0
0
0
0
0
0
0
0
0
0
0
0
0
0
0
0
0
0
0
0
0
0
0
0
0
0
0
0
0
0
0
0
0
0
0
0
0
0
0
0
0
0
0
0
0
0
0
0
0
0
0
0
0
0
0
0
0
0
0
0
0
0
0
0
0
0
0
0
0
0
0
0
0
0
0
0
0
0
0
0
0
0
0
0
0
0
0
0
0
0
0
0
0
0
0
0
0
0
0
0
0
0
0
0
0
0
0
0
0
0
0
0
0
0
0
0
0
0
0
0
0
0
0
0
0
0
0
0
0
0
0
0
0
0
0
0
0
0
0
0
0
0
0
0
0
0
0
0
0
0
0
0
0
0
0
0
0
0
0
0
0
0
0
0
0
0
0
0
0
0
0
0
0
0
0
0
0
0
0
0
0
0
0
0
0
0
0
0
0
0
0
0
0
0
0
0
0
0
0
0
0
0
0
0
0
0
0
0
0
0
0
0
0
0
0
0
0
0
0
0
0
0
0
0
0
0
0
0
0
0
0
0
0
0
0
0
0
0
0
0
0
0
0
0
0
0
0
0
0
0
0
0
0
0
0
0
0
0
0
0
0
0
0
0
0
0
0
0
0
0
0
0
0
0
0
0
0
0
0
0
0
0
0
0
0
0
0
0
0
0
0
0
0
0
0
0
0
0
0
0
0
0
0
0
0
0
0
0
0
0
0
0
0
0
0
0
0
0
0
0
0
0
0
0
0
0
0
0
0
0
0
0
0
0
0
0
0
0
0
0
0
0
0
0
0
0
0
0
1.02663
1.27324
1.09533
1.0635
1.02498
1.21026
1.03738
1.64235
1.14249
1.03093
1.07518
1.0282
1.03652
1.10164
1.11144
1.09869
1.03407
1.19876
1.11758
1.02498
1.024
1.29366
1.5198
1.02672
1.14013
1.17565
1.02498
1.09887
1.07518
1.10316
1.02869
1.10756
1.08796
1.024
1.4961
1.29087
1.19938
1.05596
1.02498
1.05746
1.10101
1.024
1.05323
1.22257
1.1277
1.14413
1.17162
1.02498
1.024
1.29208
1.02909
1.04464
1.19694
1.02498
1.02498
1.39413
1.02512
1.02498
1.08312
1.07072
1.1157
1.42133
1.08342
1.05675
1.08644
1.08369
1.56499
1.23604
1.02498
1.05924
1.02498
1.02498
1.06494
1.2478
1.16971
1.13482
1.024
1.05337
1.07541
1.13262
1.03281
1.03703
1.08886
1.02847
1.21227
1.03564
1.02692
1.04018
1.29683
1.12038
1.02498
1.10935
1.07104
1.04081
1.05724
1.52118
1.16584
1.0295
1.03161
1.33298
1.02949
1.02498
1.024
1.18581
1.03022
1.02498
1.024
1.024
1.02498
1.15021
1.11105
1.02498
1.15427
1.17386
1.06154
1.12691
1.16613
1.02807
1.0273
1.27215
1.2182
1.1249
1.12552
1.03881
1.02511
1.15737
1.33643
1.04114
1.57649
1.02732
1.05231
1.12239
1.03163
1.03567
1.02498
1.03298
1.02498
1.0427
1.40733
1.02498
1.08919
1.024
1.08625
1.06923
1.05628
1.02611
1.22409
1.04625
1.24718
1.02498
1.16099
1.34509
1.215
1.03957
1.10451
1.02498
1.03924
1.15593
1.02498
1.30105
1.18274
1.09868
1.1582
1.02498
1.17859
1.02961
1.024
1.02498
1.21667
1.03609
1.02498
1.21115
1.14322
1.40947
1.34324
1.10426
1.21423
1.13933
1.02498
1.03581
1.06641
1.43013
1.33445
1.10484
1.02824
1.40079
1.16967
1.05654
1.10155
1.02498
1.24288
1.05711
1.02614
1.19645
1.48707
1.30898
1.02993
1.04619
1.08574
1.28279
1.02498
1.10384
1.53127
1.29965
1.02498
1.16226
1.14547
1.03228
1.02498
1.024
1.02511
1.074
1.02498
1.02498
1.08013
1.03096
1.02498
1.05204
1.06102
1.02801
1.02498
1.32658
1.024
1.03369
1.04973
1.04649
1.06487
1.04641
1.02619
1.5483
1.024
1.02498
1.60878
1.04291
1.27837
1.16948
1.06155
1.02498
1.03033
1.02831
1.02498
1.02753
1.07816
1.21687
1.1111
1.11225
1.025
1.07742
1.04443
1.03004
1.17212
1.0262
1.41721
1.42374
1.03114
1.024
1.07254
1.11702
1.024
1.02498
1.02679
1.03079
1.09605
1.54788
1.024
1.02846
1.02498
1.31097
1.21265
1.0366
1.10341
1.12759
1.17191
1.30357
1.09078
1.024
1.04796
1.08129
1.12767
1.06886
1.06127
1.08266
1.2047
1.11409
1.03503
1.02774
1.05232
1.024
1.0905
1.02498
1.14381
1.509
1.02886
1.0734
1.02632
1.23814
1.43854
1.024
1.024
1.13903
1.024
1.02498
1.09312
1.06064
1.024
1.14481
1.02699
1.04626
1.4541
1.024
1.02498
1.02498
1.73454
1.024
1.024
1.1166
1.03876
1.024
1.22759
1.02498
1.25893
1.11865
1.33717
1.08835
1.55066
1.02498
1.14291
1.024
1.32839
1.08268
1.024
1.10279
1.41424
1.0302
1.10732
1.04745
1.0571
1.21896
1.02498
1.024
1.024
1.02498
1.53898
1.15434
1.02498
1.03968
1.1777
1.02498
1.08101
1.29593
1.024
1.22507
1.12035
1.07352
1.17813
1.28509
1.02498
1.11786
1.02607
1.03453
1.02498
1.16359
1.02498
1.26876
1.024
1.03032
1.1385
1.26817
1.024
1.04528
1.05619
1.02498
1.23311
1.0353
1.35759
1.024
1.54074
1.02498
1.16974
1.024
1.35134
1.02498
1.024
1.02623
1.16583
1.05322
1.08431
1.02527
1.19188
1.02498
1.03906
1.02498
1.32802
1.67924
1.03227
1.09866
1.23707
1.024
1.05992
1.29771
1.02498
1.02498
1.024
1.46868
1.02498
1.39105
1.02498
1.02498
1.02498
1.02498
1.16073
1.02498
1.02632
1.04863
1.03855
1.87546
1.03631
1.08075
1.60005
1.02653
1.02498
1.02935
1.024
1.024
1.02498
1.02498
1.24518
1.09532
1.17738
1.03949
1.02793
1.02498
1.02498
1.02498
1.02498
1.39953
1.13529
1.05269
1.024
1.02498
1.39502
1.27394
1.05461
1.02498
1.32372
1.02498
1.16963
1.02498
1.09954
1.02685
1.16608
1.11191
1.442
1.44176
1.024
1.23147
1.11813
1.02721
1.08049
1.05927
1.14015
1.29108
1.17391
1.07082
1.02498
1.20531
1.02718
1.02498
1.025
1.03752
1.08604
1.11944
1.02498
1.04823
1.02498
1.57525
1.024
1.02498
1.33593
1.1382
1.024
1.23029
1.06523
1.04919
1.08174
1.02498
1.18891
1.16467
1.32108
1.02498
1.02899
1.03053
1.32967
1.10696
1.23044
1.07349
1.03325
1.1729
1.04202
1.09902
1.0262
1.024
1.024
1.15903
1.03096
1.02521
1.06926
1.04357
1.02614
1.1903
1.04143
1.16362
1.06832
1.09603
1.08946
1.05496
1.05168
1.22438
1.02498
1.03486
1.23298
1.024
1.024
1.07523
1.06167
1.28371
1.024
1.33375
1.07908
1.08475
1.23346
1.02808
1.17429
1.21111
1.14587
1.04581
1.25427
1.07769
1.02498
1.07698
1.02636
1.024
1.12795
1.02795
1.1664
1.53052
1.13235
1.02498
1.25028
1.02763
1.02498
1.02498
1.02498
1.11029
1.17861
1.15928
1.08375
1.07646
1.024
1.024
1.05611
1.25698
1.024
1.024
1.27771
1.02727
1.07088
1.02498
1.02911
1.33079
1.024
1.024
1.06195
1.25648
1.02498
1.21162
1.02913
1.02498
1.16013
1.09557
1.12882
1.14701
1.02682
1.02498
1.024
1.02498
1.03027
1.21293
1.35388
1.02498
1.02498
1.024
1.05517
1.10528
1.33339
1.06068
1.02498
1.03594
1.04819
1.08966
1.02498
1.21208
1.02498
1.34646
1.024
1.09683
1.024
1.24692
1.04076
1.024
1.17693
1.21529
1.3196
1.024
1.29732
1.2229
1.05333
1.15795
1.04767
1.02498
1.07043
1.02522
1.02641
1.02498
1.1734
1.02498
1.024
1.44935
1.024
1.07894
1.11567
1.024
1.0285
1.02639
1.024
1.30544
1.05678
1.03099
1.11583
1.10461
1.24278
1.0919
1.11857
1.06435
1.02498
1.04134
1.10419
1.07071
1.02498
1.0588
1.024
1.1092
1.04522
1.06662
1.03495
1.12982
1.27304
1.04018
1.02854
1.024
1.22249
1.02498
1.0331
1.02498
1.02498
1.05222
1.02498
1.10886
1.34324
1.1586
1.04459
1.04141
1.45013
1.02498
1.12642
1.05093
1.53033
1.34183
1.02803
1.51916
1.3221
1.024
1.02609
1.024
1.22637
1.02882
1.06334
1.2755
1.02498
1.05417
1.03244
1.02498
1.26041
1.05091
1.40826
1.024
1.08219
1.02498
1.02647
1.03291
1.024
1.22714
1.41619
1.14649
1.02727
1.23035
1.25975
1.19687
1.04254
1.07919
1.02528
1.024
1.04134
1.024
1.17352
1.02498
1.02498
1.07377
1.26996
1.02508
1.20578
1.09856
1.02602
1.26743
1.04062
1.03534
1.06287
1.02498
1.04624
1.07012
1.40682
1.024
1.03135
1.02498
1.02498
1.03701
1.14975
1.04385
1.19998
1.14744
1.02676
1.07156
1.17719
1.02498
1.5467
1.03883
1.04045
1.03229
1.024
1.024
1.02835
1.02498
1.02909
1.11199
1.06616
1.31088
1.31366
1.14838
1.15823
1.02498
1.22004
1.07746
1.07167
1.02498
1.02663
1.26736
1.05808
1.09479
1.02526
1.28994
1.06635
1.024
1.30875
1.06827
1.2965
1.09234
1.07592
1.04998
1.11098
1.15807
1.02498
1.03447
1.02811
1.34273
1.29705
1.024
1.02498
1.11877
1.52402
1.02951
1.19348
1.0322
1.16518
1.29646
1.09897
1.05677
1.02498
1.024
1.02498
1.02779
1.02968
1.41975
1.20766
1.14152
1.03403
1.02498
1.07439
1.02498
1.02498
1.20884
1.17588
1.024
1.2481
1.03582
1.02498
1.02498
1.02673
1.10753
1.37844
1.08832
1.12242
1.07931
1.02498
1.024
1.09318
1.18778
1.26503
1.024
1.02498
1.0487
1.02498
1.02679
1.02761
1.03799
1.02498
1.12547
1.22453
1.02819
1.40672
1.34663
1.28695
1.07045
1.15551
1.02498
1.20558
1.45642
1.38078
1.02498
1.05032
1.02982
1.04628
1.02498
1.024
1.024
1.16086
1.05817
1.02498
1.02498
1.20761
1.18305
1.02498
1.02498
1.3276
1.03992
1.50847
1.02498
1.024
1.04863
1.02498
1.1225
1.12466
1.02498
1.33274
1.02498
1.09179
1.02498
1.02498
1.02498
1.03353
1.024
1.45194
1.02562
1.31183
1.02498
1.04929
1.02498
1.07632
1.09759
1.1067
1.02498
1.04928
1.19038
1.04491
1.02498
1.16788
1.14117
1.02526
1.02498
1.02498
1.04438
1.024
1.02498
1.37273
1.024
1.50044
1.11168
1.04057
1.02498
1.024
1.02783
1.03133
1.40973
1.34787
1.02622
1.024
1.08603
1.05385
1.15899
1.05979
1.04553
1.1206
1.23452
1.02498
1.07277
1.09183
1.0307
1.02498
1.024
1.1829
1.03621
1.09126
1.03881
1.36062
1.37448
1.30812
1.04022
1.14145
1.03623
1.55429
1.19552
1.02786
1.27218
1.03034
1.024
1.11036
1.30586
1.04834
1.11214
1.0586
1.11344
1.22528
1.57821
1.03054
1.10397
1.02498
1.07243
1.0553
1.06291
1.02829
1.1132
1.06391
1.1949
1.02879
1.03446
1.28786
1.024
1.10241
1.09547
1.04022
1.26129
1.1325
1.02498
1.05284
1.38343
1.38389
1.07142
1.02658
1.05708
1.04101
1.12594
1.03275
1.27232
1.024
1.02498
1.0712
1.024
1.16146
1.08302
1.34216
1.24877
1.03833
1.10109
1.0998
1.02498
1.05983
1.06394
1.36362
1.02681
1.02498
1.024
1.40472
1.28722
0.882299
0.823628
0.867222
0.877261
0.846143
0.917474
0.87967
0.898818
0.867273
0.924536
0.852611
0.917086
0.827139
0.81973
1.06038
0.932417
0.957912
1.05703
0.875008
0.99209
1.35018
1.19649
0.951065
1.37666
0.837641
0.819689
1.17487
0.941583
1.37237
1.1747
0.825074
0.832174
0.853125
0.841621
0.872938
0.994432
1.17989
0.827239
1.18431
0.919866
0.968102
0.832231
1.12807
0.819689
1.02728
0.960802
1.01651
0.975148
0.847581
1.04635
0.954294
1.11229
0.993898
0.868576
0.819689
0.895058
0.819689
1.0771
1.04587
0.819689
1.12552
0.986175
0.988524
1.10899
0.825278
1.10317
0.908952
0.875324
0.85083
0.979399
0.883837
1.40272
0.852973
1.02465
1.39818
1.09787
0.916087
0.972065
1.04557
0.819689
0.843283
0.819711
0.910949
0.969902
1.01691
1.37696
1.2818
0.822652
0.955065
0.864706
1.14841
0.834369
1.05148
0.936078
0.868289
1.06494
0.972026
0.819689
0.820585
0.980662
1.37901
0.868227
1.17466
0.943059
1.12756
1.17744
0.847516
1.13079
0.8192
1.35262
0.92898
0.859904
0.839497
0.92699
0.825422
0.828221
0.828511
1.09935
1.03291
0.821639
0.833922
0.914315
0.863774
0.852574
1.4279
1.17629
0.847752
0.819689
1.22077
1.02868
0.94246
0.986985
1.039
1.14552
0.819689
1.04296
0.931667
0.823336
0.833864
0.984225
0.887669
1.11932
0.819689
1.22665
1.08391
1.11995
1.36325
0.819689
0.850381
0.840237
1.03963
0.853663
1.12775
0.936291
1.00137
0.840294
1.05274
1.13141
1.06008
0.861215
0.874366
0.872037
1.12591
0.823333
1.0587
1.22214
1.28878
1.15142
1.0734
1.49253
0.874162
0.877192
0.954606
0.951783
0.871758
0.942989
0.942668
1.15079
1.06247
0.929691
0.962103
0.912243
1.02639
0.924003
0.856698
0.984756
0.820314
0.876168
0.985244
0.879528
0.820212
0.899372
1.19185
0.980033
0.949112
0.89477
1.19785
0.841139
0.857903
1.15323
0.901096
0.875238
0.825527
0.8192
0.822694
0.855773
1.00221
0.879105
1.18467
1.01835
0.932077
0.899735
0.833046
0.835141
0.920967
1.07518
0.931428
0.958506
1.01835
0.819689
0.825616
0.873668
1.12594
0.826701
0.966571
0.819689
1.26984
1.07399
0.896342
0.842953
0.918447
0.821138
0.924242
0.957299
0.820408
1.16054
1.0189
0.826188
0.820772
1.30051
1.14609
1.25128
1.4486
0.8192
0.822991
1.05642
0.829412
0.915558
0.8192
0.91413
0.85916
0.821933
1.05538
1.05777
1.41086
0.888099
0.885634
1.09417
1.08637
0.86953
0.823707
0.819689
0.971419
0.969286
0.886988
0.861132
1.11939
1.08978
0.900256
0.923985
1.14496
1.19141
0.936957
0.821741
1.20828
0.899348
1.22698
1.18926
0.946299
0.852771
1.05921
1.2972
0.885764
0.819689
0.850686
0.8192
0.958255
1.23912
0.888833
1.56966
1.0815
0.847376
1.00471
0.925488
0.956994
0.828692
1.14528
1.03372
0.836914
0.886702
0.866355
1.00126
1.50328
0.907929
1.12993
0.834246
0.819689
0.977029
1.33383
0.969634
0.821546
0.922032
0.955725
0.957703
1.02174
0.826217
0.846703
1.26289
0.840094
0.879986
1.00458
0.842069
0.819689
0.877853
0.916459
0.931054
0.841149
1.08022
0.824841
0.999188
0.898124
1.21519
0.967629
0.905388
0.910169
1.02763
1.34171
0.822153
0.93805
0.819689
1.24277
0.943626
0.868578
0.966875
1.51108
1.10767
0.918668
1.20707
1.31664
0.979278
0.819689
1.02689
0.975569
0.926571
0.82497
0.819689
1.07977
1.08649
1.0159
0.858584
0.90154
1.09529
1.27401
0.967246
0.872695
0.883056
0.908648
0.837506
1.15783
1.04791
1.22463
0.832884
0.819689
1.15294
0.915842
1.14537
1.06257
0.94533
1.27649
1.04802
1.08255
0.994564
1.0953
0.819689
0.839545
0.819689
0.895125
0.887072
1.22155
1.08612
1.00546
0.906751
0.826236
1.09779
0.953311
1.04485
1.09995
0.821968
0.881197
0.82557
0.843985
1.12545
0.931549
1.2202
0.998714
0.829228
0.842103
0.954711
1.06793
1.00066
0.853996
1.07825
0.910923
0.928139
0.867576
1.06111
1.22345
0.997494
1.03907
0.91828
1.16371
0.943181
0.819689
1.03863
0.861505
0.961865
1.01482
0.874407
1.37083
1.22685
1.2637
1.13606
0.854637
0.924604
0.823502
0.83085
0.855696
0.827762
0.824893
0.954529
0.85738
0.819689
0.911285
0.876441
0.8192
0.867288
0.883108
0.838793
1.30846
0.838098
1.2749
1.01918
0.819689
0.824901
1.2617
1.4191
1.05123
1.07448
0.86708
0.819689
1.01711
1.09155
0.900422
0.820469
0.874838
0.903262
1.11198
1.1085
0.989255
1.23448
0.881315
0.83288
0.870402
1.1733
1.16579
0.819689
0.819689
1.20318
0.845569
1.05033
0.93337
0.853369
1.23845
0.95673
0.948503
1.00946
1.09125
0.876792
1.21995
1.3572
1.19467
1.29278
0.819689
0.8192
0.844082
1.10242
1.06238
0.915591
1.25971
1.15755
0.947376
1.30875
0.938549
0.999634
1.40954
0.819689
0.83179
1.11909
0.823576
0.904984
0.871874
0.855775
0.861939
1.15148
0.82463
0.828145
0.894014
1.03306
0.889585
1.34363
0.957674
1.13901
0.8192
0.836802
1.07071
0.823663
0.825162
0.875556
1.06194
0.83043
1.32806
1.04733
0.982432
1.09351
0.832384
0.819689
0.95113
1.0786
1.01357
0.939919
0.830667
1.08255
0.836614
0.890697
0.854203
0.88164
1.07996
0.819689
0.886201
0.821135
0.988229
0.840773
0.839042
1.20025
0.999931
1.22186
0.821554
0.82281
0.95277
0.819689
1.03087
1.0537
0.974125
0.840438
1.12432
0.830073
1.09122
0.828218
1.00381
0.861199
1.32587
0.842204
0.83841
0.84713
0.98908
0.829054
0.9108
0.826329
0.926274
1.30922
0.976269
0.85396
1.31305
0.833218
0.907412
0.82736
1.00558
0.845996
1.12421
0.905832
1.18606
0.820748
1.64509
0.888298
0.90884
0.896794
0.829655
0.873322
0.838025
1.02839
0.825305
1.09849
1.23436
1.18826
1.08998
0.828494
0.89053
0.941098
0.8192
0.990481
0.85272
1.09971
1.26695
0.863878
1.02094
0.840351
1.02001
0.825538
0.958534
0.967781
0.856161
0.828813
0.867323
0.820475
0.897697
1.13942
0.826185
1.10889
1.0931
1.07034
1.2358
0.835961
0.899171
0.858564
0.819689
0.901839
1.00394
0.982232
1.19624
0.93715
1.05972
0.830146
1.28189
0.842297
0.875133
1.19421
0.880504
0.873908
0.950594
1.44664
0.948825
0.998002
1.05186
1.12361
1.11422
1.33063
0.827102
1.03618
1.32715
1.459
0.8192
0.823158
1.14555
0.889088
0.957912
0.828103
0.951018
1.07809
0.822533
1.16579
1.10654
1.21707
1.07713
1.26341
1.12879
0.935175
0.956025
0.843752
0.879346
0.838588
0.829783
1.00438
1.16037
1.0624
0.838808
0.829114
0.847101
0.87537
0.89414
1.09189
0.906262
0.935878
0.955784
0.942628
0.819689
1.21054
1.64229
0.879901
0.819689
1.19709
0.958849
1.17624
0.819689
1.1421
0.917939
0.85068
1.26327
0.939063
0.933291
0.903489
0.841865
1.09835
0.82009
1.05008
0.911978
1.16805
0.899544
0.879
0.953138
0.8192
0.895056
1.21656
0.841667
0.890866
1.13774
0.970963
0.961024
0.819689
0.863802
1.02157
1.03429
0.927933
0.871808
0.927556
0.825422
0.821876
0.966213
1.29513
0.851312
0.894309
1.36987
1.27775
0.952218
1.28673
0.82213
0.82048
0.958553
1.3308
1.303
0.90153
0.819743
0.882401
0.822076
0.900018
0.821487
0.830486
1.10509
0.855716
0.819689
1.04871
1.61044
0.972519
1.05012
0.827499
0.885971
0.871077
1.00565
0.860649
0.865743
0.828548
1.09681
0.825267
0.869865
0.977677
1.09904
0.900001
0.881797
0.99603
0.924889
1.01288
0.819689
0.8276
0.960237
1.23709
0.961906
0.853305
1.19657
0.871151
0.970781
0.865241
1.09441
0.83498
1.45409
0.879281
1.20964
1.00174
0.893123
0.889378
1.04374
0.832434
0.838715
0.842005
0.873998
1.52681
0.819689
0.84405
1.08357
0.882328
1.25395
1.09578
1.06815
0.877702
0.877938
1.07674
0.843271
1.15409
0.836718
1.07834
0.834532
1.29248
0.82661
0.989946
0.8192
1.08725
0.819689
0.826987
0.902468
0.822002
0.825345
1.08096
0.851295
0.992877
0.908181
1.1123
1.19715
0.919796
0.829102
0.888667
0.971554
1.08999
0.852917
1.48406
1.21182
1.23261
1.18312
0.951853
0.933524
1.04437
0.819689
1.11035
0.971352
0.819689
1.42865
0.866304
0.819976
0.856471
1.17472
1.2259
1.21374
1.29136
0.995617
1.16329
0.977249
1.01581
1.00032
0.976943
1.1084
0.952643
0.975379
1.0572
0.819689
1.21278
1.14789
0.828352
1.29845
0.819689
0.870425
0.8725
1.13038
0.849634
1.21348
0.980725
0.855098
0.957857
1.2017
1.49388
1.09012
0.960473
1.12997
1.53026
0.819689
1.0281
0.838198
0.874194
0.985172
0.875111
0.823397
0.8192
0.975023
0.834993
0.82542
0.973259
1.05555
1.21349
0.96174
0.9883
0.940012
1.07496
1.18609
0.969598
0.972507
0.838605
0.85449
0.902966
1.17633
0.912296
1.25675
0.967333
1.00396
0.830734
1.04497
1.21244
0.904427
1.22391
0.908279
1.19268
0.8192
1.16927
0.997872
0.824562
0.879266
1.16695
1.22931
0.819689
0.819689
1.1798
0.964316
0.819689
1.17785
1.26036
0.917495
1.11913
1.03758
0.850613
1.1262
0.854414
0.835272
1.28343
0.82489
0.884417
0.821731
0.828253
0.819689
0.819689
1.1684
1.06718
0.835141
0.956884
0.837662
0.859725
0.889086
0.910256
0.902369
1.60481
1.30784
0.8192
0.887774
1.5412
0.860773
0.847308
0.8192
1.08263
0.845183
1.15217
0.833509
0.913241
0.849326
0.819689
1.07566
0.968872
1.01922
1.10143
0.822653
0.8192
1.14367
1.17096
0.821397
0.840981
0.836379
0.899184
0.915655
1.40449
1.15597
0.829046
0.865831
0.819689
1.33566
0.907546
