-0.729416
0.135024
0.692563
-0.339998
0.462851
-0.208171
-0.403219
0.357367
-0.391208
-2.70915
-0.985728
-1.55858
-0.901383
0.223893
-1.87772
-1.53064
-1.29274
-1.06237
0.456517
-0.785047
-1.54755
-1.73461
-0.836568
-0.95575
-1.22935
0.24155
-0.0438477
0.494526
-0.504912
-0.263896
-0.000321604
-0.192162
-0.0588686
0.496204
-0.993148
0.280198
-0.264203
-1.2912
0.0527256
0.087976
0.443031
0.0348655
-1.7795
0.215719
0.164581
0.449822
-0.42093
-0.783481
-0.0102897
-0.560051
-0.0131169
0.069123
-0.480738
-0.620548
0.789939
-1.62151
-0.757458
-2.09146
-1.19205
0.26975
0.381448
-0.328766
0.266396
-1.73531
-0.889733
0.16738
-0.728382
-0.333318
-0.484724
-0.36971
-0.340296
-0.734948
0.0993198
-1.03015
-1.07622
-0.298443
0.111188
-1.49301
-1.64561
0.47663
-0.0468726
0.104907
-0.603335
-1.72548
-0.303989
-0.41718
0.161324
-1.64041
0.161192
-2.89893
-0.00299981
-0.625844
0.261032
-0.509004
0.0742216
-0.77813
-0.344696
-0.847062
-0.776058
-0.832555
-0.227901
-0.998524
0.675482
0.328546
-0.0722202
0.336375
-1.41774
-1.0439
0.0602724
-0.447101
-1.22362
-2.12754
-1.37507
0.211706
-0.0595724
-0.600591
0.182419
0.025829
0.0837975
-1.01373
-1.92198
-0.991896
-1.09513
-1.10113
-0.250084
-0.120136
0.452248
0.227157
-0.552783
-0.227051
0.134181
-0.761199
0.650834
-0.119629
0.439949
-1.51859
-0.00754245
0.00887821
-0.790032
0.580049
-0.296317
-1.39317
0.945794
-0.0593213
-0.0653827
-0.491954
0.0470247
-0.382211
0.35091
-1.11023
-0.37277
-1.45078
-0.809271
-0.352612
-0.653739
-0.119563
-0.723732
-1.35415
0.5169
-1.20443
0.0498761
0.501144
0.176964
-0.0238824
0.170849
-0.188762
0.479659
-0.0275658
0.115664
0.0683296
-0.739415
-0.0151054
0.518911
-0.851683
-0.566262
-2.17047
-0.134795
0.126189
0.300591
-0.743002
-0.329055
-1.44169
-0.00469374
0.324965
-0.12905
0.0218035
-1.06652
-1.08011
0.262892
-0.401357
-1.69535
-0.962008
0.124552
-0.710833
-0.354002
-0.0300393
-0.504533
-0.820204
-0.298782
0.18893
-0.521015
0.17878
0.335394
-0.907074
-0.113794
0.138
0.00459619
-0.599912
-0.863945
-0.352412
0.690836
-0.73904
-0.354782
0.492509
0.114962
0.324585
-0.62622
0.268294
-0.673203
-0.232617
-0.0998524
-0.858709
-0.358127
-1.28501
-0.795192
-0.223923
-0.623292
-0.805826
0.542989
-1.55403
-0.131761
0.206428
0.33649
0.763519
-0.242056
0.225431
-2.29426
-0.7086
-0.391689
0.335457
0.562737
-1.24482
0.0734404
0.0424626
-0.0586153
-0.471281
-2.1803
0.284935
0.235966
0.20003
-1.95799
0.505671
-0.0338425
-1.19106
0.171177
-1.19283
-0.944504
0.17702
-0.724137
0.560863
0.421237
-0.848172
0.25921
-0.767158
0.488053
0.22018
-0.0394086
-1.24766
0.490228
0.355437
-0.841352
0.658285
0.239055
0.845059
0.233356
0.278263
0.337421
-0.249897
0.208151
0.205808
-0.0582172
-1.47483
0.673793
-0.115376
0.247134
0.663198
0.504047
0.349671
0.234985
-0.267531
0.276329
-0.524325
-1.56663
-0.102277
-1.48706
-0.198145
0.242186
-0.00570061
-0.56382
0.0981422
-0.189543
0.186305
0.260372
0.178095
-1.47454
-0.874368
0.653765
0.355716
0.0306524
0.577116
0.0743294
-0.761986
-1.97241
-0.073934
-0.111864
0.292502
-0.207307
-0.175164
0.165754
0.186795
0.395856
-0.085213
0.414431
-0.873504
0.081487
-0.498689
-0.227636
-0.113711
0.543441
0.594233
-0.0843301
-0.747683
0.153151
-0.0349012
0.285207
0.293762
0.17435
0.770726
-0.0660368
-1.04972
-1.9781
-0.78907
-0.602854
-0.24567
0.164996
-1.03729
-0.21448
0.0687311
-0.477203
-1.3563
-0.186331
0.0601429
-1.55035
-1.57047
0.291312
-0.0748687
0.320719
-0.368274
-1.77308
-1.18956
-1.33494
0.262263
0.411746
-1.2763
-0.152725
-0.0473578
-1.12936
-0.528063
0.250789
0.536959
-0.374557
-0.213823
-0.582587
0.158055
0.482815
-0.889601
0.181595
0.134077
0.508693
-1.36941
0.0350451
0.350329
0.120781
-0.322856
0.396456
-0.790327
-1.38101
0.161247
0.0315125
-0.96924
-0.285981
0.555265
-0.27786
-0.388679
-1.40966
0.017231
0.673947
-0.261968
0.152408
-0.557748
-0.942355
-0.509146
-2.01708
-0.951377
-0.0774284
-1.66577
0.0900915
0.0103855
0.265801
0.64464
-1.80385
0.288696
-0.231165
-0.808311
0.0254152
-0.962956
-0.990433
-0.673837
-1.00744
-0.343106
-0.932052
-0.876739
-0.6784
-0.0406695
0.292977
-0.0565933
-1.05846
-1.06468
-1.08464
-0.112605
0.257275
0.509005
0.697892
-0.408655
-0.0908459
-0.385572
0.286673
0.270898
-0.914582
-0.434842
-0.388869
0.191201
-1.05754
-0.591903
-1.07174
-1.00026
0.568159
0.332873
-0.86001
-0.907728
-0.886418
-0.00520343
-0.554195
0.105919
-1.24439
-0.0514505
0.451425
-0.735396
-1.07167
-2.66965
-0.870236
-0.269711
-0.89383
-0.174346
-0.374729
-0.485905
-1.03729
-2.89308
-0.0412733
-0.738662
-1.21349
-0.159494
0.265381
0.322158
-0.489685
-0.251329
-0.504811
-0.492154
-1.31858
0.478511
0.736601
-0.398948
0.676544
-0.142806
0.757843
-1.16558
-0.31634
-1.61539
-0.0862172
-0.192455
0.140046
0.010885
-0.67614
0.259038
0.367879
-1.80919
0.132698
0.19842
-1.99533
0.441605
-0.800213
0.138324
0.42565
-2.48617
0.0908228
-0.316909
0.0482238
0.520823
-0.872658
-1.66644
-1.44034
-1.62115
-0.616187
-2.41273
0.614858
0.343164
0.639327
0.225578
-1.15216
-0.882095
-1.16965
-0.304837
-0.17988
-1.06083
0.174829
-1.66373
-1.249
0.414262
0.3471
0.560993
0.300847
-0.544531
0.068372
-1.65844
-0.192971
-0.0422018
-0.391802
-0.853096
-0.00851158
-0.188896
-0.569692
0.370569
-0.179776
-0.396232
-0.711179
0.710919
-0.13595
0.313838
0.401552
-0.624152
-0.0631656
0.376312
-0.554248
0.000232226
0.309615
-0.286018
-0.157149
0.591284
0.487731
0.0263528
0.757868
-0.266464
-0.425322
-1.63116
-0.789271
0.0520691
0.940535
0.340156
-0.949174
-0.273496
-1.1569
0.47948
-0.541045
-2.6957
-0.0527436
-0.846554
0.089311
-0.207166
-1.02628
-0.781372
0.354314
-0.182689
-1.99861
0.107076
-0.630778
0.127579
-0.681434
0.44257
-1.25738
-0.106926
-0.0570339
-0.444437
-1.71187
-0.310331
-0.187733
-0.131488
0.296742
-1.34898
-0.562219
-1.55072
-0.919627
-1.06695
0.443264
0.135345
0.150856
-1.36643
-0.13191
-0.26849
0.441143
-0.767655
0.41146
-0.244101
-1.85256
0.71969
-0.0841188
-0.223687
-0.726435
0.248421
0.34126
-0.154117
-0.0232166
0.326559
-0.546853
0.445081
-0.187868
0.74928
-1.01657
-0.963513
0.237478
-0.104401
-0.680501
-0.161454
-0.585962
0.0753755
-1.15385
-0.744009
0.317714
-2.12317
-2.16873
-0.570745
0.231186
-0.861115
-0.0841578
-0.191349
-0.73695
0.491087
-1.11757
-0.332007
0.145051
0.550777
0.174937
0.341989
-0.767613
-0.427845
0.424452
0.254723
-0.0885433
-1.80486
-0.523206
-0.914668
0.773885
-1.16778
0.17037
0.487973
-0.0361502
-0.281775
-0.555229
0.132194
-1.96354
-1.3387
0.145373
0.127431
-0.647677
0.520092
-0.577144
-1.33743
-1.55217
-0.0150295
-0.408766
-1.32964
-0.0448668
0.145597
-0.130909
0.683611
0.270889
-0.355566
-0.74296
0.434376
0.0632278
-0.270649
-0.0567004
-0.272166
0.0341832
0.116051
-0.353173
-1.61399
-0.820784
-0.705958
-0.758013
-0.583438
-0.127876
-0.682449
-0.220832
0.400584
-0.39291
-0.108577
-0.957775
-1.12667
-2.14835
-0.479053
-1.81488
-1.24882
-0.674374
-0.586405
0.567793
0.15779
0.271442
-1.6312
-1.19266
-0.125969
0.575336
-0.156005
0.430558
-0.943863
0.0808535
0.654823
-1.06991
-2.09914
0.329914
-0.206712
-1.12257
-0.701367
0.140325
0.474928
0.350664
0.00626542
0.172781
-1.38345
-0.874981
-1.10787
-0.0621184
0.389313
0.564032
-0.286134
-0.204113
-2.07483
0.395275
-0.772108
-0.551312
0.462903
-0.238852
-0.788236
-0.249781
-0.573393
0.268464
-1.21127
0.177351
-0.599725
0.0259846
-0.242585
-1.95205
-0.0279429
0.61735
-0.822288
0.00445362
-0.362229
0.234599
0.406146
0.0117059
0.363166
-0.0938021
-1.27019
-0.870822
0.262818
-0.687285
0.123746
0.491987
0.289468
-0.868939
0.32233
-0.613225
0.124239
0.108085
-0.488397
-1.26928
-0.587289
0.349165
-0.902592
0.380555
-0.349858
0.479265
-0.378995
-0.547069
0.048971
0.365832
0.308308
0.0357874
-1.29623
-1.195
-1.05968
-0.559276
-0.863211
-0.95401
-0.729445
-0.314729
-0.572075
-3.34562
-0.818238
0.224681
-0.474864
-0.274711
-0.471067
-0.213202
-0.665926
-0.0576468
0.663706
0.273364
0.263459
-1.18005
-2.16995
-0.253575
-0.69421
0.0794538
0.303957
-2.2079
-0.382531
-0.0608795
-0.308399
-1.09325
-1.14745
0.708846
0.202493
-0.70957
-1.88476
-1.61342
-1.17322
0.114411
0.120812
0.491105
-0.0897521
-0.0536597
-0.973656
0.387939
-1.04606
-0.0505197
0.532637
0.517247
0.164404
-0.143948
-1.37058
-0.669158
-0.115417
-1.22325
-0.959455
-0.751087
-1.22607
-1.83762
0.268694
-1.44678
-1.41242
0.0336881
-1.13619
-0.585139
0.301743
0.233082
-1.31904
0.218656
0.0181639
0.646945
-0.904372
-0.456631
-1.99888
-0.635342
-1.41645
-2.18795
0.439946
0.811557
0.280045
0.133681
-1.33876
-0.349935
-0.785143
-0.868218
-1.38364
-0.707686
-0.213147
0.398988
-0.0880771
0.603929
-0.472268
0.241883
0.0732238
-0.106385
-1.17755
0.342246
-1.22562
-0.0662708
0.765792
-0.407006
0.345476
-0.637169
-1.34022
-0.273183
0.169131
0.716764
-1.10048
-1.28695
-1.50965
0.601152
0.387046
0.463132
-1.11241
-0.136552
-2.11236
0.197557
-0.622697
-0.630391
-1.5474
-0.397358
-0.362488
-1.68997
0.0838124
-1.35664
0.505737
-0.990532
-0.297688
-0.255306
-0.315463
-2.17359
0.21181
-0.565308
-0.287163
-0.0233562
-0.210834
-0.225815
-1.10416
-0.695687
0.397265
0.15798
-0.0220858
-0.0755118
-1.14765
-1.52304
0.184145
-0.670739
-1.0815
0.415874
0.509566
0.187848
-0.259659
-0.16086
0.819997
0.564676
-0.830074
-0.673763
-0.366814
0.212138
0.0749733
-1.49478
-0.944154
-0.858315
-0.916345
-1.49944
-0.922409
-1.6844
-1.31168
0.564822
-1.3553
-2.59966
-0.0514312
-0.620789
-1.08254
0.256809
-0.836621
0.00947369
-1.4361
-1.44391
-0.226267
-1.24893
-0.280966
-0.443737
-0.736591
-1.40447
-1.06257
0.226394
0.826059
-0.0751335
0.60768
0.287374
0.606187
-0.339072
0.538652
0.265171
0.256903
-0.136364
-1.44635
-0.111782
0.36746
-2.35709
0.317405
-0.912929
-0.0868523
-1.33103
-0.307436
-0.59486
0.415532
-0.335315
0.183057
-0.190051
0.379159
-0.222212
0.268873
-0.505613
-0.228612
-0.18442
-0.58752
0.175933
-0.922899
0.0455026
-1.65082
-0.905116
0.0494288
-1.01528
0.569159
-0.283132
-0.322055
0.578605
-0.220169
0.305992
-0.731545
0.16367
0.236641
-0.296805
0.0171814
-0.291822
-0.414368
0.128851
0.800901
0.0529425
-1.18775
-0.758084
0.418813
-0.452386
0.0896655
-0.539581
-0.991898
-0.835536
-0.377427
-0.455078
0.401661
0.429615
-0.12499
-0.149781
-0.122102
0.502953
0.21613
0.062859
0.146127
-0.145194
0.128403
0.0605632
-0.266435
0.623046
0.110468
0.583982
0.355865
-1.06921
0.0331681
-1.66341
-0.607646
-0.515295
-1.76443
-0.786499
-1.08094
-0.869749
0.11964
-0.210673
0.342874
0.324403
-0.335691
0.184217
-0.338518
0.349073
-0.856346
-1.08581
0.184203
-1.00411
0.481345
-1.2504
-0.521309
-0.0534836
0.0290072
0.233516
-1.06398
-0.631593
-0.17794
-1.07376
-0.153712
0.228961
0.0953058
0.48516
0.470547
-0.380734
-0.303766
-1.09965
-0.488006
-0.209132
0.422149
0.505791
0.207908
0.0623244
-0.587612
0.275218
0.551876
0.0520193
0.473536
0.0981843
-0.207966
0.528251
-0.432563
-0.780681
-0.718346
-0.29217
0.32699
0.40175
-0.309387
0.269979
-1.15165
-0.0899823
-0.664657
-0.137084
0.0227898
0.734841
-1.45136
-0.668746
-0.590034
-0.220471
-0.797583
-0.474053
0.346254
0.0509958
-0.203077
0.197094
-0.0645869
0.881591
-1.1551
-1.15485
-0.129079
-0.0397005
-1.38309
0.286579
0.314397
-0.120593
0.38788
-0.367828
-0.0120654
-0.719547
0.0849
-1.03146
-0.481984
-1.848
0.365208
0.524091
0.448379
0.0841872
-0.0731386
-0.343907
-0.0706572
-0.612049
-0.960717
-0.547035
0.0709807
-0.625366
-0.572004
-0.406227
0.51058
-0.26434
-0.342313
-0.685036
-0.159182
0.337335
-0.162049
-0.0733419
0.149282
0.23619
-0.440167
-0.590788
-0.661217
0.141747
0.58198
-0.585904
-1.06371
-0.0510973
-0.33877
-0.844322
0.00679755
-1.00545
-0.930405
0.0570691
-0.0432439
-0.412083
-1.10675
-0.401386
-1.22628
-0.0821251
0.260552
-0.285838
-0.442069
-0.28147
-0.0422035
-0.0545389
-0.190922
-0.323513
-0.130289
-0.197345
-0.325163
-0.315334
0.376072
-0.550686
-0.810936
0.0694286
0.0240093
0.357541
-0.752174
-0.482826
-0.649939
-0.74684
-0.485837
-0.585958
-0.918972
-0.594517
-0.45738
-0.410911
-0.212236
-0.245822
-0.421622
0.311166
-0.786012
0.0366152
-0.0997009
-0.772072
0.196849
-0.0874231
-0.358494
-0.30921
-0.195225
-0.97421
-0.844443
-1.47823
-0.838228
-0.687866
0.533853
-0.0122729
-0.782936
-0.62274
-0.339723
0.169803
0.145587
-0.179378
0.438538
-0.811953
-0.390703
-0.764451
-1.34405
-0.713537
0.00398306
-0.514726
-0.777184
-1.70612
-0.0669689
-0.839581
-1.23544
-0.468245
0.153393
-0.321853
0.522164
0.345512
0.035892
0.264333
-0.0733859
-0.93479
-0.308753
-0.0462037
-0.0339921
0.72927
0.49009
0.110208
0.528923
-0.705784
0.248501
0.0665855
0.174838
-0.140118
0.249808
-0.240518
-0.280197
0.00952411
-0.552744
0.0264588
-0.389862
-0.494219
-0.558537
0.0247889
-2.04502
0.54492
-0.28231
-1.46174
-0.00966216
0.464917
0.0858857
0.1169
0.408116
-0.307323
0.0554003
-0.288151
-0.290844
-0.796125
-0.541835
0.826579
-0.315428
-0.34721
0.386392
-1.47599
-0.0807279
0.130535
-1.28443
-0.0321094
-0.340892
0.611816
-0.157461
-0.600294
-1.78192
0.329021
0.216463
0.131242
0.312683
0.288351
0.521824
-0.328513
-0.132166
-1.22032
-2.32688
-2.178
-0.275929
-0.0281704
0.171736
-0.489485
-1.76701
0.176331
0.450877
-0.146086
-0.170737
-0.0626338
0.462843
-0.745086
0.179318
-0.8458
-0.21028
0.12725
0.21585
-0.938986
0.0667252
0.243216
0.448948
-1.04055
-0.0650579
-0.305714
0.0646157
0.170947
-0.0852634
-1.22421
-1.49945
-1.50518
0.486665
-2.49228
-1.14814
0.0113952
-0.0734895
-0.4891
-1.33495
-0.0554976
0.0834147
-0.428944
0.0709061
0.211042
-0.323935
-0.23148
-0.0189449
-0.706779
-1.01066
-0.0521538
0.167222
-0.570479
0.25946
0.541032
0.233486
-0.0633984
-0.139108
-0.112553
-0.597507
0.296887
-0.723208
0.596248
-0.274461
-0.795424
0.201718
0.175203
-0.306102
0.316518
-0.422878
-0.128406
0.155878
0.244265
-0.403207
-0.273059
0.272171
-0.702927
0.405898
0.141799
0.439738
0.837106
-0.0849381
0.0977602
0.01763
0.0228888
-0.712658
-1.01993
0.496934
0.112088
0.0432859
0.267485
-0.26534
-3.21564
-1.1926
0.0536585
-0.0810905
-0.345506
0.403133
-0.204458
0.255021
-1.3066
-0.182924
0.113297
0.103467
-1.05581
0.217113
0.237773
-0.0570878
0.428034
-0.535798
-0.194754
-0.236864
-0.0741861
0.64824
-0.484152
0.379267
-1.08893
-0.640407
0.312185
0.360239
-0.833749
0.188072
-0.264564
-1.34046
-0.0285111
-0.856139
-1.09758
0.0128573
-0.215633
0.536723
0.431143
0.119123
-0.0352713
-0.100519
-0.691272
-0.366385
-1.1388
0.291893
-0.146209
0.165501
-0.0919441
0.282615
-0.365942
0.0389804
0.0868313
0.358623
-0.480903
-0.671672
0.461849
0.700609
-0.494573
-0.363357
0.185759
-0.0595339
-0.931081
0.11389
0.359051
0.43056
0.318069
-1.17039
-0.748125
0.0404199
0.397604
-0.324798
-0.403765
-0.34304
0.365327
0.583243
-0.0562563
-0.717302
-0.386315
-0.280309
0.27136
0.747215
0.181015
-0.380733
-0.203216
-0.36635
0.094413
-0.801174
-1.31128
0.0904624
-0.473218
-0.416742
0.0413382
0.225406
0.396978
-0.375718
0.0711658
-1.11949
-1.59189
-1.3922
0.523591
-0.0556199
-0.134366
-0.477112
-0.501587
0.270527
0.0960617
0.510683
-1.26687
-0.0164979
-0.920072
0.210221
-0.923911
0.00813755
0.193507
0.284897
-0.419647
-0.323987
-0.865005
0.547354
-1.6315
-0.0277185
0.337939
0.547778
-0.185312
0.44799
-0.80656
0.0184561
-0.0752532
-0.216752
0.504675
-0.650463
-0.185368
-0.781104
-0.0714843
-0.202881
0.0472609
0.201215
-1.20845
-0.198831
0.219549
0.287438
-0.618469
-0.71332
0.144448
-0.750375
-0.461708
0.486702
-0.109646
-0.639838
-0.139208
-0.201607
0.112251
-0.506655
-0.544418
0.350029
-0.183492
0.323931
-1.49998
0.212508
0.0355086
-0.0948734
-0.812482
-1.39171
-0.252514
-0.731209
0.252101
-0.245856
-0.391603
-0.0676898
0.453601
-1.02243
-0.447207
0.161162
-0.263746
0.0234598
0.089603
-1.57581
-0.06034
0.420352
0.738552
-0.693464
0.392259
-0.839354
-1.71205
-0.625562
0.293755
0.374223
0.519891
-0.524641
0.618124
0.0504892
-0.634547
-1.09717
-0.0414699
-0.0909664
-0.136412
0.201739
-0.879693
-0.0356269
0.151578
-1.03179
-1.14459
-0.0233805
0.27905
-0.570441
-0.0565772
-0.684753
-0.464782
-0.0725599
0.421216
-0.216841
0.169013
-0.263654
0.356389
-2.66121
0.0440278
-1.04174
0.247907
-0.110628
0.095278
0.61511
0.0968761
0.423911
0.497658
0.453426
-0.000759661
0.152454
-0.189774
-0.595669
0.219638
-0.48481
0.228347
0.306729
0.00694561
0.358209
0.537389
-0.438476
0.258501
-0.552657
0.378966
-0.76599
-0.66553
-0.802739
0.693333
-0.170862
-1.0963
-0.262967
0.147139
-0.0585393
-1.0824
0.240814
0.161536
0.184716
0.0300811
0.0371165
0.161189
0.177525
-0.750584
0.0101065
-0.0672057
-1.49124
-0.140252
-0.443499
-0.552437
0.202368
0.222299
0.320804
-0.79596
0.136133
-0.604307
0.595406
-0.501555
-0.344466
-1.60823
-1.19328
-0.778787
0.561027
-1.33548
-1.06744
-0.0338863
0.525564
0.386736
-1.43695
0.211521
0.16185
-0.316976
-0.490771
-0.288452
0.170439
0.0882316
-0.205477
0.250504
0.677934
0.404972
0.420037
-0.0480787
-0.0426553
-0.737625
-0.146167
0.258127
-0.64879
-0.698409
0.409687
-0.482961
-0.356156
-1.98507
-0.422334
-0.0727381
-0.621392
0.339897
-0.265493
0.0335938
0.357206
0.57582
-0.0589644
-0.464138
0.580905
0.544551
0.157557
0.112855
0.0209382
-1.19562
0.399725
-0.0792441
0.545107
-1.82174
0.569287
0.622358
-1.58406
0.0889216
-0.798625
-1.16706
0.0790857
0.192893
0.148564
0.531189
-0.851084
-0.75193
-1.05324
-0.871218
0.394749
-0.116146
-0.569844
-0.0955837
-0.15656
-0.458126
-0.349188
0.156401
-0.274558
0.50731
-1.4269
-0.112663
-0.315169
-0.220208
-1.07592
-0.19577
0.73887
-2.08262
0.142968
-0.252532
-0.951711
0.270627
-1.57531
-0.0927752
-0.0482857
-0.75225
-0.320706
-1.28939
0.178317
-0.165791
-0.281415
0.00432762
0.270837
0.0801162
-0.883416
0.236984
-0.277916
-0.235494
-1.00289
-0.0941454
-0.509005
-0.562221
0.0493237
-0.545633
-0.251099
-0.987941
0.127567
0.205553
0.339542
-0.855651
0.645565
0.251212
-0.114474
0.283994
0.101961
-1.41715
-0.61112
-0.811406
-0.14622
-0.433597
0.199559
-0.341467
0.356796
-0.0168957
-1.8053
-1.25326
0.214838
0.558334
0.177179
-0.186891
-0.640686
0.271683
0.358625
0.0375008
-0.540831
-1.83948
-0.30572
-1.43368
0.449276
-0.229421
0.337545
-0.178557
0.197489
-0.32118
0.604807
-0.607363
0.707129
-0.569219
-0.449362
0.151252
-0.649819
0.230128
-1.03704
-0.183741
-0.645161
0.347546
-0.140012
-1.20966
-1.26683
-0.635872
0.173695
-0.84503
-0.351942
0.127645
0.476666
0.460074
-0.0242569
0.330305
-0.259886
0.726111
0.0203707
-0.889578
-0.807746
-0.941984
0.189091
-1.83799
-0.362056
0.228769
-0.23211
0.350167
-0.589493
0.314762
0.121075
0.439164
0.424664
0.645974
0.112012
0.121805
-1.25519
-1.34833
-0.326073
0.741038
-0.0686652
0.0586527
0.705213
-0.179079
-0.316314
0.263649
-1.11541
-0.320967
0.110365
-0.110633
0.264182
0.0966901
0.0734767
-0.280002
-0.449371
0.0272029
0.135929
0.201674
-0.296139
-0.189638
-0.596999
-0.880755
-1.19674
-0.0824528
0.170683
-1.56074
0.155431
0.117497
0.277217
0.0220599
0.252405
0.572402
-0.362209
0.120544
-0.968788
-1.78932
-0.359861
0.422579
-0.483393
-1.43625
0.344576
0.260255
-0.448028
0.523677
-0.610536
0.547816
-0.930038
-0.448783
0.0171762
-0.0854624
-0.0301844
0.154559
-0.343603
0.274795
-1.27394
0.171089
0.225361
-1.28603
0.274565
0.161723
-0.751656
-0.506577
0.758211
-0.661508
-0.129376
-0.199896
0.51818
-1.01836
-0.139998
0.377245
0.137431
-0.537327
0.1351
-0.357776
0.303908
-0.0927696
0.589074
-1.1
-0.166634
-0.439549
-0.496268
-0.337542
-0.602754
-0.256217
-0.141241
0.30231
0.405533
-0.284609
0.299896
0.046035
-0.412097
0.160921
0.149358
-0.224243
-0.406681
0
0
0
0
0
0
0
0
0
0
0
0
0
0
0
0
0
0
0
0
0
0
0
0
0
0
0
0
0
0
0
0
0
0
0
0
0
0
0
0
0
0
0
0
0
0
0
0
0
0
0
0
0
0
0
0
0
0
0
0
0
0
0
0
0
0
0
0
0
0
0
0
0
0
0
0
0
0
0
0
0
0
0
0
0
0
0
0
0
0
0
0
0
0
0
0
0
0
0
0
0
0
0
0
0
0
0
0
0
0
0
0
0
0
0
0
0
0
0
0
0
0
0
0
0
0
0
0
0
0
0
0
0
0
0
0
0
0
0
0
0
0
0
0
0
0
0
0
0
0
0
0
0
0
0
0
0
0
0
0
0
0
0
0
0
0
0
0
0
0
0
0
0
0
0
0
0
0
0
0
0
0
0
0
0
0
0
0
0
0
0
0
0
0
0
0
0
0
0
0
0
0
0
0
0
0
0
0
0
0
0
0
0
0
0
0
0
0
0
0
0
0
0
0
0
0
0
0
0
0
0
0
0
0
0
0
0
0
0
0
0
0
0
0
0
0
0
0
0
0
0
0
0
0
0
0
0
0
0
0
0
0
0
0
0
0
0
0
0
0
0
0
0
0
0
0
0
0
0
0
0
0
0
0
0
0
0
0
0
0
0
0
0
0
0
0
0
0
0
0
0
0
0
0
0
0
0
0
0
0
0
0
0
0
0
0
0
0
0
0
0
0
0
0
0
0
0
0
0
0
0
0
0
0
0
0
0
0
0
0
0
0
0
0
0
0
0
0
0
0
0
0
0
0
0
0
0
0
0
0
0
0
0
0
0
0
0
0
0
0
0
0
0
0
0
0
0
0
0
0
0
0
0
0
0
0
0
0
0
0
0
0
0
0
0
0
0
0
0
0
0
0
0
0
0
0
0
0
0
0
0
0
0
0
0
0
0
0
0
0
0
0
0
0
0
0
0
0
0
0
0
0
0
0
0
0
0
0
0
0
0
0
0
0
0
0
0
0
0
0
0
0
0
0
0
0
0
0
0
0
0
0
0
0
0
0
0
0
0
0
0
0
0
0
0
0
0
0
0
0
0
0
0
0
0
0
0
0
0
0
0
0
0
0
0
0
0
0
0
0
0
0
0
0
0
0
0
0
0
0
0
0
0
0
0
0
0
0
0
0
0
0
0
0
0
0
0
0
0
0
0
0
0
0
0
0
0
0
0
0
0
0
0
0
0
0
0
0
0
0
0
0
0
0
0
0
0
0
0
0
0
0
0
0
0
0
0
0
0
0
0
0
0
0
0
0
0
0
0
0
0
0
0
0
0
0
0
0
0
0
0
0
0
0
0
0
0
0
0
0
0
0
0
0
0
0
0
0
0
0
0
0
0
0
0
0
0
0
0
0
0
0
0
0
0
0
0
0
0
0
0
0
0
0
0
0
0
0
0
0
0
0
0
0
0
0
0
0
0
0
0
0
0
0
0
0
0
0
0
0
0
0
0
0
0
0
0
0
0
0
0
0
0
0
0
0
0
0
0
0
0
0
0
0
0
0
0
0
0
0
0
0
0
0
0
0
0
0
0
0
0
0
0
0
0
0
0
0
0
0
0
0
0
0
0
0
0
0
0
0
0
0
0
0
0
0
0
0
0
0
0
0
0
0
0
0
0
0
0
0
0
0
0
0
0
0
0
0
0
0
0
0
0
0
0
0
0
0
0
0
0
0
0
0
0
0
0
0
0
0
0
0
0
0
0
0
0
0
0
0
0
0
0
0
0
0
0
0
0
0
0
0
0
0
0
0
0
0
0
0
0
0
0
0
0
0
0
0
0
0
0
0
0
0
0
0
0
0
0
0
0
0
0
0
0
0
0
0
0
0
0
0
0
0
0
0
0
0
0
0
0
0
0
0
0
0
0
0
0
0
0
0
0
0
0
0
0
0
0
0
0
0
0
0
0
0
0
0
0
0
0
0
0
0
0
0
0
0
0
0
0
0
0
0
0
0
0
0
0
0
0
0
0
0
0
0
0
0
0
0
0
0
0
0
0
0
0
0
0
0
0
0
0
0
0
0
0
0
0
0
0
0
0
0
0
0
0
0
0
0
0
0
0
0
0
0
0
0
0
0
0
0
0
0
0
0
0
0
0
0
0
0
0
0
0
0
0
0
0
0
0
0
0
0
0
0
0
0
0
0
0
0
0
0
0
0
0
0
0
0
0
0
0
0
0
0
0
0
0
0
0
0
0
0
0
0
0
0
0
0
0
0
0
0
0
0
0
0
0
0
0
0
0
0
0
0
0
0
0
0
0
0
0
0
0
0
0
0
0
0
0
0
0
0
0
0
0
0
0
0
0
0
0
0
0
0
0
0
0
0
0
0
0
0
0
0
0
0
0
0
0
0
0
0
0
0
0
0
0
0
0
0
0
0
0
0
0
0
0
0
0
0
0
0
0
0
0
0
0
0
0
0
0
0
0
0
0
0
0
0
0
0
0
0
0
0
0
0
0
0
0
0
0
0
0
0
0
0
0
0
0
0
0
0
0
0
0
0
0
0
0
0
0
0
0
0
0
0
0
0
0
0
0
0
0
0
0
0
0
0
0
0
0
0
0
0
0
0
0
0
0
0
0
0
0
0
0
0
0
0
0
0
0
0
0
0
0
0
0
0
0
0
0
0
0
0
0
0
0
0
0
0
0
0
0
0
0
0
0
0
0
0
0
0
0
0
0
0
0
0
0
0
0
0
0
0
0
0
0
0
0
0
0
0
0
0
0
0
0
0
0
0
0
0
0
0
0
0
0
0
0
0
0
0
0
0
0
0
0
0
0
0
0
0
0
0
0
0
0
0
0
0
0
0
0
0
0
0
0
0
0
0
0
0
0
0
0
0
0
0
0
0
0
0
0
0
0
0
0
0
0
0
0
0
0
0
0
0
0
0
0
0
0
0
0
0
0
0
0
0
0
0
0
0
0
0
0
0
0
0
0
0
0
0
0
0
0
0
0
0
0
0
0
0
0
0
0
0
0
0
0
0
0
0
0
0
0
0
0
0
0
0
0
0
0
0
0
0
0
0
0
0
0
0
0
0
0
0
0
0
0
0
0
0
0
0
0
0
0
0
0
0
0
0
0
0
0
0
0
0
0
0
0
0
0
0
0
0
0
0
0
0
0
0
0
0
0
0
0
0
0
0
0
0
0
0
0
0
0
0
0
0
0
0
0
0
0
0
0
0
0
0
0
0
0
0
0
0
0
0
0
0
0
0
0
0
0
0
0
0
0
0
0
0
0
0
0
0
0
0
0
0
0
0
0
0
0
0
0
0
0
0
0
0
0
0
0
0
0
0
0
0
0
0
0
0
0
0
0
0
0
0
0
0
0
0
0
0
0
0
0
0
0
0
0
0
0
0
0
0
0
0
0
0
0
0
0
0
0
0
0
0
0
0
0
0
0
0
0
0
0
0
0
0
0
0
0
0
0
0
0
0
0
0
0
0
0
0
0
0
0
0
0
0
0
0
0
0
0
0
0
0
0
0
0
0
0
0
0
0
0
0
0
0
0
0
0
0
0
0
0
0
0
0
0
0
0
0
0
0
0
0
0
0
0
0
0
0
0
0
0
0
0
0
0
0
0
0
0
0
0
0
0
0
0
0
0
0
0
0
0
0
0
0
0
0
0
0
0
0
0
0
0
0
0
0
0
0
0
0
0
0
0
0
0
0
0
0
0
0
0
0
0
0
0
0
0
0
0
0
0
0
0
0
0
0
0
0
0
0
0
0
0
0
0
0
0
0
0
0
0
0
0
0
0
0
0
0
0
0
0
0
0
0
0
0
0
0
0
0
0
0
0
0
0
0
0
0
0
0
0
0
0
0
0
0
0
0
0
0
0
0
0
0
0
0
0
0
0
0
0
0
0
0
0
0
0
0
0
0
0
0
0
0
0
0
0
0
0
0
0
0
0
0
0
0
0
0
0
0
0
0
0
0
0
0
0
0
0
0
0
0
0
0
0
0
0
0
0
0
0
0
0
0
0
0
0
0
0
0
0
0
0
0
0
0
0
0
0
0
0
0
0
0
0
0
0
0
0
0
0
0
0
0
0
0
0
0
0
0
0
0
0
0
0
0
0
0
0
0
0
0
0
0
0
0
0
0
0
0
0
0
0
0
0
0
0
0
0
0
0
0
0
0
0
0
0
0
0
0
0
0
0
0
0
0
0
0
0
0
0
0
0
0
0
0
0
0
0
0
0
0
0
0
0
0
0
0
0
0
0
0
0
0
0
0
0
0
0
0
0
0
0
0
0
0
0
0
0
0
0
0
0
0
0
0
0
0
0
0
0
0
0
0
0
0
0
0
0
0
0
0
0
0
0
0
0
0
0
0
0
0
0
0
0
0
0
0
0
0
0
0
0
0
0
0
0
0
0
0
0
0
0
0
0
0
0
0
0
0
0
0
0
0
0
0
0
0
0
0
0
0
0
0
0
0
0
0
0
0
0
0
0
0
0
0
0
0
0
0
