0
0
0
0
0
0
0
0
0
0
0
0
0
0
0
0
0
0
0
0
0
0
0
0
0
0
0
0
0
0
0
0
0
0
0
0
0
0
0
0
0
0
0
0
0
0
0
0
0
0
0
0
0
0
0
0
0
0
0
0
0
0
0
0
0
0
0
0
0
0
0
0
0
0
0
0
0
0
0
0
0
0
0
0
0
0
0
0
0
0
0
0
0
0
0
0
0
0
0
0
0
0
0
0
0
0
0
0
0
0
0
0
0
0
0
0
0
0
0
0
0
0
0
0
0
0
0
0
0
0
0
0
0
0
0
0
0
0
0
0
0
0
0
0
0
0
0
0
0
0
0
0
0
0
0
0
0
0
0
0
0
0
0
0
0
0
0
0
0
0
0
0
0
0
0
0
0
0
0
0
0
0
0
0
0
0
0
0
0
0
0
0
0
0
0
0
0
0
0
0
0
0
0
0
0
0
0
0
0
0
0
0
0
0
0
0
0
0
0
0
0
0
0
0
0
0
0
0
0
0
0
0
0
0
0
0
0
0
0
0
0
0
0
0
0
0
0
0
0
0
0
0
0
0
0
0
0
0
0
0
0
0
0
0
0
0
0
0
0
0
0
0
0
0
0
0
0
0
0
0
0
0
0
0
0
0
0
0
0
0
0
0
0
0
0
0
0
0
0
0
0
0
0
0
0
0
0
0
0
0
0
0
0
0
0
0
0
0
0
0
0
0
0
0
0
0
0
0
0
0
0
0
0
0
0
0
0
0
0
0
0
0
0
0
0
0
0
0
0
0
0
0
0
0
0
0
0
0
0
0
0
0
0
0
0
0
0
0
0
0
0
0
0
0
0
0
0
0
0
0
0
0
0
0
0
0
0
0
0
0
0
0
0
0
0
0
0
0
0
0
0
0
0
0
0
0
0
0
0
0
0
0
0
0
0
0
0
0
0
0
0
0
0
0
0
0
0
0
0
0
0
0
0
0
0
0
0
0
0
0
0
0
0
0
0
0
0
0
0
0
0
0
0
0
0
0
0
0
0
0
0
0
0
0
0
0
0
0
0
0
0
0
0
0
0
0
0
0
0
0
0
0
0
0
0
0
0
0
0
0
0
0
0
0
0
0
0
0
0
0
0
0
0
0
0
0
0
0
0
0
0
0
0
0
0
0
0
0
0
0
0
0
0
0
0
0
0
0
0
0
0
0
0
0
0
0
0
0
0
0
0
0
0
0
0
0
0
0
0
0
0
0
0
0
0
0
0
0
0
0
0
0
0
0
0
0
0
0
0
0
0
0
0
0
0
0
0
0
0
0
0
0
0
0
0
0
0
0
0
0
0
0
0
0
0
0
0
0
0
0
0
0
0
0
0
0
0
0
0
0
0
0
0
0
0
0
0
0
0
0
0
0
0
0
0
0
0
0
0
0
0
0
0
0
0
0
0
0
0
0
0
0
0
0
0
0
0
0
0
0
0
0
0
0
0
0
0
0
0
0
0
0
0
0
0
0
0
0
0
0
0
0
0
0
0
0
0
0
0
0
0
0
0
0
0
0
0
0
0
0
0
0
0
0
0
0
0
0
0
0
0
0
0
0
0
0
0
0
0
0
0
0
0
0
0
0
0
0
0
0
0
0
0
0
0
0
0
0
0
0
0
0
0
0
0
0
0
0
0
0
0
0
0
0
0
0
0
0
0
0
0
0
0
0
0
0
0
0
0
0
0
0
0
0
0
0
0
0
0
0
0
0
0
0
0
0
0
0
0
0
0
0
0
0
0
0
0
0
0
0
0
0
0
0
0
0
0
0
0
0
0
0
0
0
0
0
0
0
0
0
0
0
0
0
0
0
0
0
0
0
0
0
0
0
0
0
0
0
0
0
0
0
0
0
0
0
0
0
0
0
0
0
0
0
0
0
0
0
0
0
0
0
0
0
0
0
0
0
0
0
0
0
0
0
0
0
0
0
0
0
0
0
0
0
0
0
0
0
0
0
0
0
0
0
0
0
0
0
0
0
0
0
0
0
0
0
0
0
0
0
0
0
0
0
0
0
0
0
0
0
0
0
0
0
0
0
0
0
0
0
0
0
0
0
0
0
0
0
0
0
0
0
0
0
0
0
0
0
0
0
0
0
0
0
0
0
0
0
0
0
0
0
0
0
0
0
0
0
0
0
0
0
0
0
0
0
0
0
0
0
0
0
0
0
0
0
0
0
0
0
0
0
0
0
0
0
0
0
0
0
0
0
0
0
0
0
0
0
0
0
0
0
0
0
0
0
0
0
0
0
0
0
0
0
0
0
0
0
0
0
0
0
0
0
0
0
0
0
0
0
0
0
0
0
0
0
0
0
0
0
0
0
0
0
0
0
0
0
0
0
0
0
0
0
0
0
0
0
0
0
0
0
0
0
0
0
0
0
0
0
0
0
0
0
0
0
0
0
0
0
0
0
0
0
0
0
0
0
0
0
0
0
0
0
0
0
0
0
0
0
0
0
0
0
0
0
0
0
0
0
0
0
0
0
0
0
0
0
0
0
0
0
0
0
0
0
0
0
0
0
0
0
0
0
0
0
0
0
0
0
0
0
0
0
0
0
0
0
0
0
0
0
0
0
0
0
0
0
0
0
0
0
0
0
0
0
0
0
0
0
0
0
0
0
0
0
0
0
0
0
0
0
0
0
0
0
0
0
0
0
0
0
0
0
0
0
0
0
0
0
0
0
0
0
0
0
0
0
0
0
0
0
0
0
0
0
0
0
0
0
0
0
0
0
0
0
0
0
0
0
0
0
0
0
0
0
0
0
0
0
0
0
0
0
0
0
0
0
0
0
0
0
0
0
0
0
0
0
0
0
0
0
0
0
0
0
0
0
0
0
0
0
0
0
0
0
0
0
0
0
0
0
0
0
0
0
0
0
0
0
0
0
0
0
0
0
0
0
0
0
0
0
0
0
0
0
0
0
0
0
0
0
0
0
0
0
0
0
0
0
0
0
0
0
0
0
0
0
0
0
0
0
0
0
0
0
0
0
0
0
0
0
0
0
0
0
0
0
0
0
0
0
0
0
0
0
0
0
0
0
0
0
0
0
0
0
0
0
0
0
0
0
0
0
0
0
0
0
0
0
0
0
0
0
0
0
0
0
0
0
0
0
0
0
0
0
0
0
0
0
0
0
0
0
0
0
0
0
0
0
0
0
0
0
0
0
0
0
0
0
0
0
0
0
0
0
0
0
0
0
0
0
0
0
0
0
0
0
0
0
0
0
0
0
0
0
0
0
0
0
0
0
0
0
0
0
0
0
0
0
0
0
0
0
0
0
0
0
0
0
0
0
0
0
0
0
0
0
0
0
0
0
0
0
0
0
0
0
0
0
0
0
0
0
0
0
0
0
0
0
0
0
0
0
0
0
0
0
0
0
0
0
0
0
0
0
0
0
0
0
0
0
0
0
0
0
0
0
0
0
0
0
0
0
0
0
0
0
0
0
0
0
0
0
0
0
0
0
0
0
0
0
0
0
0
0
0
0
0
0
0
0
0
0
0
0
0
0
0
0
0
0
0
0
0
0
0
0
0
0
0
0
0
0
0
0
0
0
0
0
0
0
0
0
0
0
0
0
0
0
0
0
0
0
0
0
0
0
0
0
0
0
0
0
0
0
0
0
0
0
0
0
0
0
0
0
0
0
0
0
0
0
0
0
0
0
0
0
0
0
0
0
0
0
0
0
0
0
0
0
0
0
0
0
0
0
0
0
0
0
0
0
0
0
0
0
0
0
0
0
0
0
0
0
0
0
0
0
0
0
0
0
0
0
0
0
0
0
0
0
0
0
0
0
0
0
0
0
0
0
0
0
0
0
0
0
0
0
0
0
0
0
0
0
0
0
0
0
0
0
0
0
0
0
0
0
0
0
0
0
0
0
0
0
0
0
0
0
0
0
0
0
0
0
0
0
0
0
0
0
0
0
0
0
0
0
0
0
0
0
0
0
0
0
0
0
0
0
0
0
0
0
0
0
0
0
0
0
0
0
0
0
0
0
0
0
0
0
0
0
0
0
0
0
0
0
0
0
0
0
0
0
0
0
0
0
0
0
0
0
0
0
0
0
0
0
0
0
0
0
0
0
0
0
0
0
0
0
0
0
0
0
0
0
0
0
0
0
0
0
0
0
0
0
0
0
0
0
0
0
0
0
0
0
0
0
0
0
0
0
0
0
0
0
0
0
0
0
0
0
0
0
0
0
0
0
0
0
0
0
0
0
0
0
0
0
0
0
0
0
0
0
0
0
0
0
0
0
0
0
0
0
0
0
0
0
0
0
0
0
0
0
0
0
0
0
0
0
0
0
0
0
0
0
0
0
0
0
0
0
0
0
0
0
0
0
0
0
0
0
0
0
0
0
0
0
0
0
0
0
0
0
0
0
0
0
0
0
0
0
0
0
0
0
0
0
0
0
0
0
0
0
0
0
0
0
0
0
0
0
0
0
0
0
0
0
0
0
0
0
0
0
0
0
0
0
0
0
0
0
-0.980112
0.442467
0.166934
-0.137132
-1.38479
0.238345
-0.598496
0.770071
0.227613
-0.543361
0.0697806
-0.811454
-0.695587
-0.0230468
0.150445
-0.00322826
-0.35315
0.289057
0.0341929
-0.77355
-1.84466
0.360518
0.577701
-0.790495
0.153271
0.313437
-1.63416
0.0618802
0.133738
-0.0233945
-0.446345
0.229177
-0.0615053
-1.51826
0.553382
0.382476
0.31929
-0.214773
-0.753517
-0.392331
0.078857
-1.09592
-0.041648
0.227787
0.160441
0.0224197
0.275825
-1.0499
-1.06933
0.319689
-0.887541
-0.387402
0.288885
-0.811371
-0.890447
0.552582
-0.506958
-0.825208
-0.0161827
-0.245403
0.0846471
0.617772
-0.0102687
-0.813632
0.223381
-0.00104223
0.724997
0.356986
-1.09599
-0.174164
-0.868761
-0.623745
-0.0756986
0.332205
0.242352
0.0609426
-2.52749
-0.221571
-0.170833
0.327527
-0.29009
-0.393655
0.0851584
-0.645707
0.341594
-0.318088
-0.437473
-0.550333
0.312255
0.157637
-1.21114
0.114544
0.148024
-0.288551
-0.148469
0.68756
0.107065
-0.501137
-0.528473
0.52193
-0.470847
-0.849672
-1.31046
0.313491
-0.451672
-0.844521
-1.42222
-2.24286
-0.954689
0.342488
-0.0270871
-0.484059
0.208537
0.25066
-0.313176
0.150542
0.126047
-0.919316
-0.560638
0.440445
0.19371
0.196558
-0.0903976
-0.127432
-0.545037
0.0735791
0.461333
-0.256186
0.714055
-0.525477
-0.320165
0.100823
-0.907488
-0.286117
-0.901999
-0.293446
-0.891
-0.153527
0.623609
-0.835024
0.00634436
-2.06693
-0.0203561
-0.233418
-0.316651
-1.0714
0.0737123
-0.382414
0.356042
-0.940685
0.222672
0.455812
0.44312
-0.363192
-0.170702
-1.19512
-0.115575
0.207749
-0.780615
0.428891
0.372206
0.337154
0.062072
-1.26151
0.317721
-0.300044
-1.49514
-1.40567
0.236195
-0.379308
-0.85272
0.211995
0.251743
0.5152
0.525455
0.00316428
0.357056
0.298231
-1.01694
-0.548684
-0.12305
0.592504
0.526334
0.0153625
-0.741005
0.523739
0.258881
-0.149392
0.314804
-0.906719
0.289231
0.0172583
-1.05909
0.150415
0.693618
0.428524
-0.452478
-0.490099
0.0900063
0.395464
-1.24113
0.0920525
0.592314
0.470111
-0.669643
0.131572
0.05625
-0.8898
-1.19408
-2.1925
-0.899067
-0.229958
-0.821069
-1.27389
-0.248767
-0.913688
-1.20908
-0.423477
-0.133924
-0.458785
-0.75934
0.500619
-1.56493
-0.490988
-0.219609
-0.445004
-0.0484356
-0.330186
-0.677187
0.738026
-1.23104
-0.814459
0.733
-0.430103
0.380008
0.221065
-0.214174
-0.718961
-0.512943
-0.75841
-1.14726
-0.400343
-0.146667
0.379822
-0.0521668
0.0570505
-0.521286
-0.111422
-0.434875
-0.431704
0.252897
-0.490532
0.555131
0.572825
-0.28004
-2.36483
-0.236047
0.0185481
-1.3786
-1.16463
-1.10066
-0.758392
0.0462863
0.643166
-1.57203
-0.878483
-1.66657
0.405582
0.129308
-0.433031
-0.0723018
0.110651
0.195016
0.446129
0.0230225
-2.139
-0.250543
-0.379639
0.0703412
0.000458118
-0.280559
-0.143079
0.26714
0.0840837
-0.432837
-0.264498
-0.329186
-1.4837
-0.0128324
-0.609421
0.234208
0.678122
-0.886454
0.0444655
-0.778243
0.365677
0.574294
-2.03826
-2.49768
0.140496
-0.888984
-0.467883
-0.121662
-0.0129149
-1.63515
0.0865781
-0.888201
-0.219802
0.589238
-1.292
-0.841864
-0.9134
0.817068
-1.68299
-1.22956
0.105224
-0.480514
-1.88941
0.438634
-0.673842
0.38924
-0.0191569
0.411199
0.0144466
0.658661
-0.467271
0.219631
-1.64245
0.374246
-0.0550823
-1.80782
0.0152194
0.484209
-0.554357
-0.0410796
-0.283737
-0.0805886
0.202335
-0.798374
-3.25447
-3.34831
-0.570062
0.679306
0.166944
-0.766565
-0.353585
0.35458
-0.657191
-0.415496
0.375922
-1.2207
0.320977
0.1337
-0.115331
0.114241
0.292468
-0.990024
0.161446
-0.809044
-0.529112
-1.09571
0.29287
-1.30244
0.403394
-1.18103
-0.427106
0.0838772
0.238
-1.51497
-0.141045
-0.204929
-0.940491
0.39233
-0.271313
0.552589
-2.25127
0.685472
-0.532176
0.261761
-1.57778
0.496482
-0.899011
-1.50351
-0.482091
0.219042
-0.355341
-0.109136
-0.706455
0.175449
-0.913857
-0.447182
-1.02613
0.409409
0.824398
-0.698641
0.0780818
0.24036
-1.39193
-0.101682
0.416324
-1.1376
-0.505944
-2.23081
0.521565
-1.30894
0.540971
-1.27548
-0.81849
-1.18836
-1.2084
0.0113094
-0.671863
-0.593704
-0.255159
-0.146327
0.920842
-0.479996
-0.285186
0.589038
-0.474644
-0.628143
-0.610649
-1.25569
-2.01687
-1.35507
-0.681744
0.515719
0.0652636
0.230047
-0.589326
-0.807282
-0.699528
-0.521344
-1.0572
-1.0559
0.49013
0.045977
-0.270564
-1.5478
-0.960275
0.4698
0.441059
-0.284939
-0.583451
0.386163
-1.64694
0.0427128
-1.27142
0.00531654
-0.984415
0.104268
0.0270689
0.563423
0.524588
-1.9047
0.362091
-0.0785476
-0.878729
-0.202622
-0.308186
-0.0242111
0.553338
0.265723
-0.186743
-0.946093
0.300626
-0.490251
-0.315865
-0.892271
-0.303557
-0.0426004
0.132343
-0.953374
-0.183411
-0.858149
0.776086
-1.83627
-0.932125
0.523215
0.115651
-1.11582
0.335798
-0.0340934
-0.152676
-0.107789
-0.833806
0.27457
0.334022
0.367024
-0.854165
-0.397809
-0.662815
0.512524
-0.15208
0.342537
-0.156327
-0.476526
0.302477
-0.452107
-0.0490978
-1.20363
-2.11141
-1.32917
0.175897
-0.503894
-0.913386
-0.274905
-0.539487
-1.12815
0.275446
-0.130883
0.289122
-0.137564
0.152634
-0.123899
-0.251267
-0.142149
0.351176
-0.92511
-0.468437
0.412593
-2.46804
-1.24665
-0.255595
-0.383337
0.409041
-1.49811
0.280116
-0.0967758
-0.0118654
0.43444
-0.502634
0.22984
0.320697
-0.0770635
-0.18281
0.324371
0.0509004
-1.19591
-0.244439
-0.629631
-1.49852
0.151375
-0.706236
0.216682
0.59795
0.106702
-1.16262
0.430508
-0.750507
-1.47632
-1.38976
-0.492317
-0.0020886
0.0861271
0.260324
0.10845
0.166225
-1.79878
-1.04738
-0.342564
0.375939
-1.89033
-1.6311
0.470458
-0.504902
-0.0620041
-0.791621
-0.385854
0.380852
-1.40863
-2.52487
-0.201064
0.335529
-1.19245
0.270812
-0.835571
-0.995327
0.175929
0.113317
0.13862
-0.0497494
-0.855489
-0.734866
-1.57979
-1.34358
-0.593478
0.260926
0.396364
-0.69766
-1.00647
-1.05876
-0.0168218
0.258937
0.441991
-0.0733885
-0.915063
-0.414794
-0.309549
0.0346425
-1.57024
0.142082
-0.973857
0.407687
-1.26563
-0.12237
-2.0616
0.362635
-0.448373
-2.05386
0.32864
0.22145
0.465429
-2.30505
0.492613
0.378941
-0.421308
0.0696002
-0.213042
-0.682746
-0.256544
-0.804058
-0.649646
-1.75403
0.106095
-1.10879
-1.13907
0.55507
-1.49161
-0.28665
0.105893
-1.17827
-0.653987
-1.09042
-1.56115
0.50387
-0.135325
-0.390052
0.111518
0.0385137
0.196223
0.00737766
0.112045
-0.124784
-0.872764
-0.352165
-0.0456463
-0.352436
-0.697865
-0.372828
-1.58232
0.189999
-0.211636
0.0399866
-0.547375
0.036532
0.462659
-0.673591
-0.597126
-1.35152
0.263078
-1.07208
-0.445055
-0.849272
-1.00282
-0.534126
-1.41266
0.0155495
0.446556
0.22014
-0.353741
-0.355958
0.625225
-0.753851
0.353573
-0.240118
0.653249
0.539826
-0.985487
0.641323
0.603926
-2.02875
-1.03944
-1.91108
0.476958
-0.705158
-0.3207
0.502709
-0.773558
-0.197601
-0.196416
-0.992952
0.425257
-0.161782
0.474845
-2.49171
0.131982
-1.08387
-0.13598
-0.327303
-1.87893
0.348441
0.592376
0.113659
-0.657231
0.312551
0.422082
-0.00963738
-0.277766
-0.0992971
-0.840549
-1.99862
-0.293045
-1.60666
0.324268
-1.18442
-1.33481
-0.0922088
0.392714
-0.91448
0.301589
0.0497314
-0.962995
0.319416
-0.345564
-0.627994
-0.200594
-0.855395
-0.14528
-0.144876
0.530976
-1.31435
-0.453931
-0.887986
-0.915568
-0.45228
0.235406
-0.452362
0.100971
0.155228
-0.576329
-0.153214
0.140048
-1.44258
0.663113
-0.447341
-0.314402
-0.60285
-1.67363
-1.79944
-0.268357
-1.32139
-0.814626
0.171125
-0.0499706
0.374586
0.417457
0.0806048
0.165001
-0.597852
0.166101
0.0925423
0.0528471
-1.18277
-0.876173
0.42956
-0.178494
-0.0276145
-0.831851
0.440144
-0.220753
-1.5897
0.526273
-0.0772673
0.440215
-0.133142
-0.0518327
-0.0943796
0.17887
0.220201
-0.838282
-0.322259
-0.421322
0.435518
0.457605
-1.65815
-1.23954
0.220602
0.663998
-0.370603
0.265709
-0.687384
0.122305
0.357846
0.131595
-0.357169
-0.645641
-1.87928
-1.55656
-0.568367
-0.357977
0.609206
0.213471
0.191027
-0.267202
-0.560864
0.263218
-1.27327
-1.29369
0.165225
0.220174
-1.89787
0.426608
-0.262379
-0.968927
-0.819463
-0.641827
-0.0577631
0.471607
-0.0945014
0.088656
-0.0512803
-1.58887
-1.79732
0.182026
0.237928
0.328229
-1.61872
-0.755072
-0.356355
-1.16242
-0.805032
-0.808225
-0.210332
-1.18717
0.203149
0.215496
-0.848378
0.538018
0.389661
0.51152
-0.314598
0.156398
-0.94789
0.379415
0.547051
0.489739
-0.743093
-0.350611
-0.910494
-0.298969
-0.94384
-1.28629
-1.61934
0.103529
-0.0363737
-0.963343
-1.56579
0.177754
0.159264
-1.1709
-1.25094
0.575512
-0.539195
0.593852
-0.670015
-1.36992
-0.299346
-1.16841
0.0775828
0.0662166
-0.96129
0.389981
-0.757683
-0.0253735
-1.08559
-0.796665
-0.818126
-0.42706
-2.18309
0.706343
-0.830581
0.353991
-0.722239
-0.31384
-1.36747
-0.189466
0.0644352
0.0883504
-1.03353
-0.295018
0.154913
-0.201751
-0.953787
0.146705
-0.246245
-0.71887
-1.35495
-1.22354
-0.402049
-1.27789
-1.16051
0.486486
-1.31286
0.685127
0.0772594
-0.222375
-1.07902
-1.7068
-0.723928
-0.257236
0.611512
0.514428
-1.26627
-1.32869
-0.0979801
-0.321436
-0.0648217
-0.219834
-0.386551
0.181048
0.353028
-1.04147
-0.123608
0.143142
-0.648162
-1.19884
-2.02932
0.302666
-0.384888
-0.144085
-0.503747
0.471366
0.55865
0.505608
-0.754667
0.0794542
-0.514138
0.643777
0.418003
-0.492097
0.278859
-0.698353
-1.79836
0.0781883
0.498415
0.0280666
0.120731
-0.204661
0.0556755
0.391665
0.705057
-0.662813
0.157922
-0.98402
0.000904784
-0.182992
-0.0959222
-0.646204
-0.00783876
0.0147584
0.147683
-0.564613
-0.479421
0.356446
-1.30207
0.0598134
-0.0397985
-0.229345
0.394519
0.11517
-1.08519
-0.000425153
0.580844
0.50542
-0.395352
-0.406298
-0.334902
-0.254146
0.0163146
-0.620037
0.267095
-1.7455
-1.27915
0.0960793
-1.68893
0.28089
0.178004
0.436338
0.332922
-0.351992
-0.0402545
-0.0295293
-0.584295
-0.291631
0.0948961
0.462048
-0.553555
-0.993941
-2.50802
0.542429
0.439485
-0.566838
-0.820596
-0.290632
-0.230385
-1.18312
-0.400086
-0.383855
0.00142424
-0.573589
-0.163719
-0.455656
-0.016919
-1.21048
-1.06728
0.0487689
-0.139246
-0.00772682
0.314056
-0.193467
0.0654226
0.584021
0.374378
-0.045112
0.559815
-0.692899
-0.906411
0.161929
-0.144436
0.582635
0.350273
-1.01995
-0.56081
-0.431715
-0.522567
-0.564905
0.0822208
0.415607
-0.984889
0.317514
0.137233
-0.0794865
-0.55632
0.400543
-0.995405
0.0200291
0.0156797
-0.296061
-0.0157789
-0.452366
0.0427432
-0.175209
0.167914
0.0602218
-0.28502
-1.18431
-0.269672
-1.92365
0.248084
0.286338
-0.998809
-0.203405
-0.016603
-0.189775
0.343592
-1.71106
0.255176
-0.333021
-0.650747
-0.420074
-0.0999995
-0.774457
0.54687
-0.276305
-0.0461088
0.57389
0.323494
-0.229779
0.011539
0.13212
-0.975059
-0.492971
-1.22679
-0.258804
-0.673802
0.110481
0.657882
0.359597
-0.781169
-0.201176
-0.436938
0.192678
-0.677588
-0.231838
-0.025097
-0.195478
0.228925
0.155895
-1.40259
-0.791026
-0.0680761
0.576625
-0.897579
0.33174
0.0337369
0.198121
0.24837
-0.684766
0.347402
-1.9282
0.571214
-0.238013
-0.680814
-1.16464
-0.0714365
-0.906236
-1.18749
-0.860363
0.375711
0.0882463
-0.796604
-0.783627
-0.0698834
-1.8676
-0.528928
0.580353
0.432996
-0.553455
-1.30838
0.360142
-0.434203
-0.79525
-0.40222
-0.0166858
0.110935
-1.65337
0.211513
-0.0533086
-0.691042
-0.381829
0.171107
-0.13865
0.161803
-1.5082
0.473783
0.224187
0.0981993
0.603121
-1.9075
-0.461746
-0.536916
0.0731092
-0.279849
0.282191
-0.575289
-0.12007
-1.02682
0.345487
0.288933
0.232814
-0.259929
-0.154503
-0.465335
0.291999
-0.880572
0.250864
0.491486
0.475971
0.384373
0.326749
0.676929
-1.44687
-0.164621
0.0857523
-1.40134
-0.318236
-0.238311
-0.00373809
0.190602
0.0316105
0.0324861
-0.0125784
-0.329495
0.113566
-0.190419
-0.292368
-0.307743
-0.68524
-0.71992
0.169749
-0.392969
-1.05205
0.0104393
0.353606
0.175324
-0.431262
-0.215583
0.289813
-0.175174
-0.816828
0.336337
-1.15461
-0.0716574
-0.751631
-1.69672
-1.11216
-0.328265
-0.310667
-0.113984
0.574858
0.180341
0.157995
0.0034567
-0.548636
-0.552732
-0.166423
0.11893
0.176952
-0.40183
0.132126
-1.28701
-1.75764
-0.678592
-0.199874
-0.751896
-0.768034
-1.45455
0.316142
0.31585
-1.07061
-0.657928
-0.0620681
-0.95685
-1.32852
-0.333964
-0.92305
0.261952
0.301789
-0.97542
-0.599072
0.406031
0.40705
0.527742
0.689257
-2.50516
-0.495582
-0.0184682
-1.66818
-0.00694529
-1.86588
-0.314124
-0.150795
-1.05793
0.315092
0.246338
0.628416
-0.0423499
-0.358258
0.222629
0.355132
-0.707675
-0.879204
-2.21023
-0.0507354
-0.297775
-0.925093
-0.151112
0.298071
-0.165822
-0.285146
-0.240754
0.194454
0.394946
-0.067324
-1.53729
0.393478
-0.383905
0.388436
0.347548
-0.0242503
-0.482216
0.202519
0.4538
-0.521186
-1.05243
-0.591187
-1.27049
0.127976
0.420691
-0.446736
0.726474
0.134456
-0.371117
0.0915609
0.0248234
-0.271458
-0.627855
0.239455
0.19835
-1.04371
-0.279079
-0.456959
-0.0301939
0.631288
-0.23971
0.205976
-0.64042
-2.2228
-0.355635
0.522987
-0.142228
-1.11521
-0.175969
-0.212999
0.015089
-0.140946
-1.01463
-0.452309
0.450879
-0.414184
-0.806713
0.130667
-0.640632
-1.12832
-0.399163
0.00743779
-0.104816
-0.457126
0.290488
-0.84322
-0.0217331
-0.360258
0.253254
0.020371
-0.26214
-0.0366911
0.205662
0.417637
-0.703844
0.0738001
-3.50206
0.434423
-0.0113314
-2.18596
0.141477
0.701717
0.429113
-0.110215
0.380471
0.522742
-0.0200584
-1.02403
0.0195236
0.0328723
-0.202406
-1.66794
-2.0436
0.230026
0.26417
0.197987
-0.826433
-0.0481823
-0.336482
0.341412
-0.655656
-0.109485
-0.183314
-0.292183
-0.943467
0.24606
0.203912
0.347145
-0.295107
-1.67884
0.462418
-0.319284
0.28318
-0.124884
0.103327
0.526895
-0.0822861
0.228148
0.00153425
0.296161
-1.58059
-0.503153
-1.37187
-0.235088
-0.458923
0.36516
-0.25458
-0.233207
-0.170943
-0.860148
0.0767197
0.0539181
-0.215427
0.133715
-0.753728
-0.2416
-0.825843
-0.362633
0.330706
-0.587031
0.436382
0.0519141
-0.56592
-0.601924
0.102978
0.189771
-0.131272
-0.202052
0.103848
-1.10675
-0.806486
-0.26385
0.219918
0.532936
0.00309233
0.0602008
-0.239474
0.335354
-0.179818
-1.0502
0.217365
-0.372662
-0.651142
0.135025
-0.262213
0.513409
0.402492
0.473367
0.253689
-1.65705
0.140089
-1.11523
-0.726934
-0.364591
-0.708561
-0.638356
-0.0573036
-0.688993
-1.49512
0.0229402
-0.352219
-2.11636
-0.498591
-0.539363
-0.781727
0.523614
-0.661338
0.173315
0.122816
-0.911813
-0.744755
0.439023
0.397921
0.189741
0.173373
-0.44355
-1.45583
0.101679
0.254113
-0.0220675
-1.57417
-0.236996
-0.249149
0.265794
0.448136
0.126962
0.442217
-0.102989
-0.523391
-0.321716
0.365594
0.306905
-2.72107
-0.705467
0.41373
-0.43028
0.019377
-0.0921274
-0.15314
0.516036
-0.0722518
-0.0308298
-0.101328
0.239132
-1.0153
0.379748
0.581928
0.422823
0.492973
-1.24126
-1.53905
-0.407669
0.333147
0.0411529
-0.414569
0.302082
0.289687
0.0389865
0.437416
0.00156738
-0.109255
0.60651
-1.54045
-0.255558
0.043719
-0.895945
-0.759382
-0.947651
-0.872249
-0.105807
0.292011
-0.972339
-0.431234
-0.448398
-0.0371553
-0.644575
0.583892
-0.0845274
0.308216
-2.03721
-0.851893
0.19053
-1.05378
-0.802812
-0.216432
0.0224004
-0.471486
0.498239
0.0759474
0.000459103
0.0481176
-0.795857
-1.21876
-0.0600221
0.079254
0.251315
-0.367812
-0.834369
0.282897
-0.403389
-0.621336
-0.536134
-0.345289
0.33989
-1.1669
-0.967304
-0.845739
0.142952
-0.595435
-0.629469
0.259245
-0.0171557
0.450931
-0.967775
-0.557425
-0.153841
-1.48349
0.0499034
-0.00580747
-0.116525
-0.337691
0.28975
-0.658461
0.136149
-0.542069
0.136188
-0.220224
0.46698
-0.902577
-0.255919
-0.471059
0.028462
-0.644054
-0.181344
-0.808961
0.0143329
0.545222
0.129541
-0.431133
0.530981
-0.916789
-0.341331
-0.799991
0.147945
-0.668562
0.0687039
-0.0516937
0.31727
-0.972566
0.786152
-0.0935238
0.040123
0.0164485
-0.802286
-0.529176
-0.954786
-0.430573
-0.7396
0.227582
0.430937
0.183947
0.296688
-1.28158
-0.428328
-0.399091
-1.18787
0.0309092
-1.01334
0.175653
0.327729
-0.565736
-0.0166568
-0.721988
-0.0100984
-1.05676
-0.105689
-0.0209662
-0.300658
-1.68626
-0.738828
-1.25817
-0.188987
0.31901
-0.937541
0.29529
0.193338
-0.177951
0.509801
-0.424678
-0.260956
-0.297061
-1.5651
-0.1736
0.131637
0.137514
0.343821
0.102873
0.054741
-0.587627
0.455977
-0.57066
-0.592671
0.333373
-0.163456
-0.84166
-0.729829
0.602032
-0.212016
0.0367854
0.0477065
0.1603
0.271318
0.57072
-0.512469
0.179733
0.559238
0.613932
-1.82198
-0.972261
0.18992
-0.393222
-0.415114
-0.690477
-0.0129636
-0.503283
-1.08339
0.303003
0.162429
0.401405
-0.0933617
0.444
0.119061
0.0503944
-0.019764
-0.966113
-0.579017
-0.712553
-0.531993
0.0660137
0.109373
0.241719
-0.975067
-1.07136
-0.270101
-1.1148
-0.455749
0.273287
-0.386758
-0.524358
-0.0227902
0.0372801
-0.923036
0.254046
0.814073
-0.618115
-1.38161
0.264181
0.0154171
0.394022
-1.05668
0.347235
-1.06203
-0.358104
0.376399
0.0379481
0.0790849
-0.23633
-1.01663
-0.0520404
-0.886969
0.138077
-0.428685
0.360402
-0.388259
-0.0721117
-0.0208616
-1.68332
-0.467159
0.480715
-1.11312
-0.396115
0.342856
-0.1489
0.0146618
-1.7381
-0.226111
0.0839685
0.036938
-0.0122806
-0.40176
-0.720287
-0.549218
-0.867822
-0.00644617
0.570503
-0.757464
-1.04602
0.538604
0.454081
0.0767151
0.518639
-0.798411
-1.46891
0.0883137
0.548999
0.275109
-0.104694
-1.33141
-0.324267
-0.588311
-0.302534
-0.588293
-0.717081
-0.0453596
-0.627124
-1.05187
0.117407
0.767949
0.0881914
0.230726
-0.459671
-0.107714
-0.377594
0.0788274
-0.115835
-0.352896
-1.43603
0.019923
-0.782532
-0.441447
0.0714036
0.160973
-0.204239
-0.195298
-0.030816
-0.522224
0.214195
-1.29559
-1.38997
-0.0625361
0.359409
-0.00669038
-0.322381
0.217099
-0.124436
0.0489777
-0.389222
0.104063
-0.537631
0.663388
-0.426325
0.456789
0.00292403
-0.06149
-0.371517
0.17482
-0.882162
-0.539435
-0.369977
-0.181106
0.756393
-1.47572
-0.629408
0.213655
-0.206475
0.396984
0.365202
0.372829
-0.799301
-0.653997
0.243122
-0.381211
0.250939
-0.600949
0.281545
-0.491523
0.513273
-1.55882
0.0406609
-2.33591
0.0415085
-0.963294
-0.970708
-0.119974
-0.771059
-0.455824
0.0675438
-0.428632
0.259231
-0.214842
0.412523
0.396284
-0.541334
-0.581079
-0.0232918
-0.189739
0.256755
-0.783416
0.687592
0.378063
0.427406
0.407422
0.0959299
-0.0270012
0.188379
-1.09573
0.208783
-0.0202094
-1.49449
0.594181
-0.497255
-0.729969
-1.03518
0.298438
0.400115
0.355787
0.338259
-0.368927
0.334909
-0.0567693
0.189648
0.261223
-0.166449
0.280941
-0.0072268
0.0644992
0.289063
-1.28065
0.406028
0.299392
-0.628374
0.504454
-1.16476
-0.398529
-1.00191
0.181863
-0.259775
0.438168
-0.0748749
-0.388865
-0.283241
0.413471
0.717864
0.00447595
-0.213136
0.373138
0.67656
-1.25494
0.330247
-0.604
-0.421035
-0.0556903
-0.991598
-0.706217
-2.27687
-0.121234
-0.631388
-0.956796
0.142065
-0.0624712
0.350229
-0.0657007
0.237597
-0.391935
0.167577
0.417725
0.167913
0.171227
-0.174115
-0.383047
-0.0604175
0.338524
-0.697887
0.458228
0.0337409
-0.709034
-1.10586
0.116195
0.487247
-0.114942
0.451928
-0.13559
0.49129
-1.87388
0.452885
0.231542
-2.60936
-0.624138
0.282324
0.353512
-0.896071
-1.47997
0.363892
0.00342171
-1.32236
0.246607
0.415983
-0.0732045
0.216193
0.197136
-0.560091
-0.115203
-0.280403
-1.3218
0.5386
-1.24258
-0.166282
-0.815387
-0.709595
-0.985229
-1.57023
0.301673
0.0984982
-0.629026
0.0657038
-0.620005
-0.413135
-0.23805
0.0561782
-0.148546
0.744816
0.589641
-1.3817
-0.172729
0.745354
-0.796074
-0.408699
-1.7074
0.262885
-1.03926
0.379619
-0.643178
0.00735744
-0.357191
-1.04814
0.11711
0.00788941
-0.170119
0.101776
-0.823788
-2.60998
0.38967
0.366061
-0.78497
-0.312827
-0.987045
-0.0180462
0.00198705
0.598334
0.279332
-0.711602
-0.26551
-1.35702
0.54635
-0.873704
