1.02564
1.1717
1.563
1.02619
1.29727
1.07526
1.03747
1.25809
1.02823
1.024
1.02642
1.02498
1.02498
1.13367
1.024
1.024
1.024
1.024
1.32681
1.03131
1.02498
1.024
1.02498
1.02498
1.024
1.15137
1.08513
1.36986
1.03009
1.04907
1.0462
1.0711
1.08754
1.306
1.02498
1.16003
1.02912
1.02498
1.12379
1.21693
1.17475
1.08431
1.024
1.11534
1.15878
1.31334
1.02498
1.02604
1.05248
1.02883
1.11677
1.07923
1.02878
1.03088
1.61406
1.02498
1.02498
1.024
1.02799
1.26143
1.27528
1.03714
1.20845
1.024
1.02498
1.12956
1.02833
1.05289
1.02782
1.03491
1.06442
1.02498
1.16888
1.024
1.02498
1.03984
1.06404
1.024
1.024
1.30547
1.04065
1.12196
1.02966
1.024
1.07009
1.02776
1.1506
1.024
1.1663
1.024
1.06561
1.02789
1.16353
1.02804
1.11015
1.03215
1.04985
1.0266
1.02676
1.02498
1.05775
1.02619
1.51217
1.17609
1.09147
1.23669
1.024
1.02498
1.13377
1.03331
1.02498
1.024
1.024
1.19384
1.091
1.02829
1.09739
1.08072
1.11704
1.02498
1.024
1.02511
1.02498
1.02498
1.04918
1.04526
1.28021
1.20308
1.02498
1.05588
1.1678
1.03768
1.43035
1.03375
1.23148
1.024
1.08211
1.09053
1.03027
1.4162
1.02795
1.024
1.93138
1.10688
1.04239
1.03827
1.06946
1.0426
1.27007
1.02498
1.05848
1.02498
1.02498
1.03414
1.02857
1.0757
1.02856
1.02498
1.32892
1.02498
1.08406
1.31006
1.19229
1.0912
1.13506
1.04601
1.31988
1.04648
1.10855
1.1251
1.02498
1.08422
1.32311
1.02498
1.03878
1.024
1.03421
1.15419
1.19913
1.02783
1.04699
1.024
1.06899
1.16704
1.04698
1.07439
1.02498
1.02498
1.15858
1.03473
1.024
1.02723
1.12684
1.03528
1.02498
1.065
1.03516
1.02764
1.03108
1.16507
1.04488
1.10743
1.33034
1.02498
1.12988
1.16177
1.13848
1.03277
1.02498
1.04843
1.53908
1.02498
1.0555
1.37021
1.11432
1.16406
1.02498
1.12502
1.02633
1.02682
1.05999
1.02498
1.03512
1.02498
1.02498
1.06094
1.02552
1.02498
1.32039
1.024
1.07818
1.14943
1.19884
1.64374
1.0632
1.24974
1.024
1.02517
1.04389
1.29676
1.34672
1.024
1.1154
1.09996
1.08669
1.02633
1.024
1.22739
1.13713
1.12149
1.024
1.38798
1.0773
1.02498
1.10961
1.02498
1.02498
1.0993
1.02799
1.38964
1.33616
1.024
1.18982
1.02498
1.30869
1.20099
1.06489
1.02498
1.24459
1.21934
1.02498
1.49508
1.09082
1.69229
1.13127
1.22909
1.13287
1.04577
1.11555
1.2149
1.0734
1.024
1.51957
1.08542
1.23166
1.52187
1.36423
1.24395
1.13847
1.05293
1.18786
1.03115
1.02498
1.10558
1.024
1.09073
1.14346
1.07176
1.0317
1.15194
1.09817
1.14291
1.1683
1.07071
1.024
1.02498
1.59949
1.19938
1.07496
1.46755
1.09064
1.02687
1.024
1.08753
1.07271
1.16598
1.05082
1.06274
1.07588
1.12547
1.21635
1.04125
1.23766
1.02498
1.12484
1.03724
1.05039
1.06294
1.38953
1.38949
1.09078
1.02509
1.12602
1.14317
1.26107
1.22723
1.12716
1.63645
1.07491
1.02498
1.024
1.02718
1.04077
1.08055
1.14814
1.024
1.04015
1.10449
1.02578
1.024
1.05283
1.15817
1.024
1.02498
1.20377
1.07452
1.26883
1.02498
1.024
1.024
1.02498
1.20818
1.26097
1.02498
1.07658
1.06621
1.02498
1.03856
1.18136
1.30747
1.04298
1.05027
1.02703
1.12543
1.2981
1.02498
1.07248
1.14867
1.30139
1.02498
1.04725
1.19272
1.11906
1.02853
1.22197
1.02634
1.024
1.0735
1.08021
1.02705
1.04051
1.38113
1.04005
1.04059
1.02498
1.08432
1.50499
1.03925
1.15292
1.02966
1.02498
1.03425
1.024
1.02504
1.07438
1.024
1.1201
1.11878
1.15401
1.61437
1.024
1.20731
1.07707
1.02857
1.07716
1.02498
1.02634
1.02498
1.02498
1.02914
1.02899
1.02498
1.02631
1.12412
1.09332
1.0936
1.02498
1.02498
1.02498
1.04556
1.21761
1.3827
1.64461
1.02498
1.08761
1.04511
1.15398
1.14275
1.02615
1.0331
1.06663
1.16557
1.02498
1.02862
1.02498
1.024
1.35161
1.22696
1.02498
1.02498
1.02651
1.06833
1.02823
1.08773
1.024
1.13843
1.27211
1.02625
1.024
1.024
1.02619
1.0711
1.02498
1.06355
1.03897
1.03291
1.02498
1.024
1.05743
1.03366
1.024
1.08856
1.17285
1.19779
1.02783
1.07865
1.03706
1.05548
1.024
1.30571
1.56642
1.0505
1.58307
1.04098
1.46922
1.024
1.03677
1.024
1.05037
1.05287
1.08067
1.11665
1.02498
1.20168
1.24579
1.024
1.11333
1.09149
1.024
1.26388
1.02872
1.10997
1.35004
1.024
1.08168
1.05196
1.08385
1.33392
1.02498
1.024
1.024
1.024
1.02559
1.024
1.38202
1.20497
1.43724
1.15685
1.02833
1.02498
1.02498
1.05489
1.06208
1.02498
1.16144
1.024
1.02498
1.34196
1.23767
1.42262
1.16057
1.04091
1.09688
1.024
1.04695
1.10901
1.02995
1.02498
1.05844
1.05089
1.02678
1.23086
1.05043
1.03663
1.02509
1.56759
1.1205
1.23687
1.24337
1.03158
1.08651
1.33232
1.02502
1.04721
1.15579
1.05433
1.06035
1.38673
1.33578
1.1547
1.54136
1.05838
1.05217
1.024
1.02498
1.11268
1.80612
1.25916
1.02498
1.04834
1.024
1.29242
1.02986
1.024
1.05904
1.02666
1.10299
1.06652
1.02498
1.03129
1.28476
1.07897
1.024
1.12624
1.03221
1.13104
1.03026
1.21525
1.02498
1.08329
1.10172
1.03011
1.024
1.0351
1.08487
1.07289
1.11765
1.024
1.04333
1.02498
1.02498
1.02498
1.27958
1.10578
1.14832
1.02498
1.03449
1.04791
1.22419
1.0326
1.21994
1.07007
1.024
1.47344
1.06377
1.0375
1.02498
1.2309
1.16599
1.05637
1.09263
1.16352
1.02498
1.21728
1.05776
1.4205
1.02666
1.024
1.21059
1.068
1.03276
1.0443
1.03136
1.19286
1.02498
1.02917
1.21212
1.024
1.024
1.02814
1.12639
1.02498
1.05581
1.07128
1.02718
1.24888
1.02498
1.0458
1.21631
1.45185
1.18748
1.17811
1.02498
1.03747
1.24164
1.19369
1.08843
1.024
1.02635
1.02498
1.67481
1.02498
1.17158
1.3586
1.06873
1.06367
1.03124
1.18418
1.024
1.024
1.13315
1.08698
1.03671
1.33161
1.0455
1.02498
1.02498
1.09036
1.04414
1.02498
1.06275
1.22941
1.0478
1.59782
1.24433
1.07473
1.02973
1.25637
1.0853
1.0316
1.09833
1.05722
1.08121
1.16314
1.03003
1.024
1.02498
1.02811
1.02498
1.0277
1.05865
1.02932
1.06809
1.23278
1.04595
1.07332
1.02498
1.024
1.024
1.02965
1.024
1.02498
1.02755
1.03213
1.38227
1.17025
1.22679
1.024
1.02498
1.06098
1.36131
1.05562
1.29691
1.024
1.14839
1.38938
1.02498
1.024
1.14358
1.04872
1.02498
1.02498
1.13466
1.3349
1.25062
1.05881
1.16851
1.024
1.02498
1.03239
1.07893
1.22439
1.31678
1.05533
1.08255
1.024
1.26877
1.0283
1.0332
1.21952
1.06798
1.02873
1.07402
1.02942
1.14595
1.024
1.20205
1.02498
1.10432
1.0475
1.024
1.09879
1.57986
1.02609
1.08393
1.02763
1.18864
1.36193
1.12676
1.19692
1.05071
1.02498
1.02498
1.21169
1.02498
1.13435
1.27526
1.21973
1.03254
1.21937
1.02518
1.18768
1.09692
1.03706
1.02498
1.03807
1.21007
1.02498
1.20749
1.05381
1.32261
1.06848
1.05406
1.06278
1.24739
1.20344
1.14134
1.024
1.02498
1.02498
1.02754
1.02498
1.02498
1.02498
1.02768
1.03838
1.024
1.02498
1.09161
1.04797
1.05133
1.0441
1.08703
1.04101
1.09502
1.50709
1.22389
1.15367
1.02498
1.024
1.03674
1.02498
1.18948
1.26904
1.024
1.03302
1.08852
1.03319
1.024
1.024
1.60713
1.06343
1.02498
1.024
1.024
1.02512
1.1445
1.11135
1.32246
1.05732
1.09926
1.02672
1.24908
1.02505
1.08324
1.36992
1.32646
1.11945
1.08251
1.02855
1.02498
1.04793
1.02498
1.02498
1.0261
1.02498
1.024
1.23426
1.02498
1.024
1.13837
1.024
1.03241
1.23806
1.16247
1.024
1.17869
1.09787
1.53772
1.02498
1.0359
1.024
1.0262
1.024
1.024
1.30131
1.55244
1.25111
1.17537
1.024
1.03704
1.03594
1.02498
1.024
1.03092
1.04195
1.23844
1.09456
1.42166
1.0354
1.17945
1.08676
1.07952
1.024
1.21946
1.02498
1.04716
1.63894
1.0328
1.24497
1.03032
1.024
1.07444
1.14652
1.61618
1.02498
1.024
1.02498
1.36886
1.20702
1.33953
1.02664
1.08257
1.024
1.13821
1.02734
1.02963
1.024
1.05122
1.03742
1.024
1.10422
1.024
1.34399
1.024
1.04206
1.04444
1.08749
1.024
1.16292
1.03436
1.03284
1.085
1.04015
1.05621
1.02498
1.02694
1.19644
1.12476
1.11427
1.10766
1.024
1.02498
1.11089
1.02894
1.02833
1.22833
1.24942
1.24724
1.05319
1.07229
1.78071
1.33816
1.02498
1.02498
1.05836
1.16407
1.16955
1.02498
1.02617
1.02498
1.02498
1.024
1.02498
1.024
1.024
1.34551
1.024
1.024
1.09865
1.03192
1.02498
1.16621
1.02791
1.09132
1.024
1.024
1.04715
1.024
1.04489
1.03239
1.02498
1.024
1.024
1.10876
1.72508
1.0514
1.38038
1.15481
1.48062
1.0323
1.46847
1.14529
1.17878
1.04806
1.024
1.05129
1.28748
1.024
1.21802
0.827344
0.91167
0.8192
0.867139
0.849866
1.18922
0.848722
1.18196
0.926209
1.26628
0.932272
1.14009
0.83862
0.984662
0.876721
0.832959
1.16548
0.826283
1.01753
0.822579
0.825618
0.898632
0.860896
1.32851
0.888509
0.889391
1.41685
0.869717
1.13924
0.822588
1.08325
1.03874
0.9145
0.961205
0.893352
0.904217
1.12049
1.60646
0.987036
0.884311
0.823471
1.21525
0.848689
0.921827
0.837744
0.819689
0.831237
0.878391
0.856691
1.29474
1.20979
0.928996
0.863065
0.933858
1.19291
1.0553
1.00741
0.986517
0.911687
0.98396
1.05152
0.884086
1.39413
0.997623
1.28813
1.13898
0.819689
0.976378
0.819689
0.830023
0.824994
0.8192
0.832464
0.84004
0.845305
0.950892
0.89731
1.10461
1.13773
0.873262
1.04692
0.887332
1.16859
0.830785
0.856709
1.00838
0.819826
1.23632
0.862916
0.888378
1.0421
0.95251
1.04035
0.832007
0.834188
0.990257
0.819689
0.905732
1.03638
1.03474
1.18859
1.25918
0.83444
0.842393
0.819689
0.8264
0.928904
1.21048
1.26099
1.12413
0.964338
0.893422
1.11458
1.32625
1.06832
1.20199
1.00724
0.920747
1.30966
0.851478
0.829935
0.830281
0.890103
1.16936
1.19993
0.90863
1.15723
0.822636
0.973012
0.844872
0.871973
0.914759
1.48597
0.883217
0.89891
0.828373
0.866624
0.832357
0.870588
1.1212
1.00136
0.908314
1.08054
0.914405
1.83173
0.819689
0.819689
0.911911
0.932441
0.819689
1.11589
1.12972
0.908526
1.16038
1.03625
0.942204
0.839849
0.945
0.829871
0.834059
0.819689
1.21158
1.22598
1.32498
1.05968
0.898511
0.883976
0.942354
0.833416
0.826262
0.899499
0.959909
0.827225
0.846415
0.86091
1.24746
0.952782
0.949775
0.834123
0.8708
1.25132
0.995824
0.905237
1.16086
1.15074
0.824294
0.822122
0.835699
0.994542
1.48283
0.901025
0.819689
0.986523
0.867857
0.821514
0.943874
0.819689
0.90916
1.03208
0.895015
0.881845
0.819689
0.878709
0.822744
0.992385
1.15545
0.850576
0.862147
0.990328
0.931213
0.928817
0.957361
0.93413
0.952631
0.951539
0.890805
0.906108
1.10748
0.881441
0.823541
0.929946
0.96186
1.16035
0.819689
0.93927
0.874925
0.827121
0.833013
0.887603
0.87556
0.841646
0.847591
0.860968
0.863649
0.857554
0.85654
1.20395
0.825149
1.06583
0.926363
0.819689
1.03649
0.940571
0.922792
0.886798
0.896299
0.827317
0.825728
0.819689
0.825171
0.825645
1.30796
0.941508
0.82123
0.824993
0.832101
1.07976
1.04216
0.878066
1.22709
0.82195
0.922899
0.837084
0.838772
0.861579
0.901923
0.84645
0.826769
0.822847
1.01253
0.894848
0.84294
0.835238
1.06655
0.827236
1.33881
1.26466
0.942344
1.1141
0.937272
0.828042
0.914108
0.915672
0.960744
1.4752
1.29794
1.06179
1.35495
0.842332
1.03537
0.975064
1.0023
0.901108
1.03325
0.884109
0.89326
0.890557
0.884587
0.913204
0.855078
0.860143
0.830044
0.955276
0.8192
1.38526
0.88859
0.8192
1.0248
1.26549
1.03579
1.07848
1.28467
0.87127
0.963867
0.896635
0.858116
0.820928
0.833296
1.60807
1.0358
0.915035
1.14988
0.819689
1.01241
1.01525
0.822352
0.937565
0.888185
1.34974
0.972216
0.944213
0.8192
1.09982
1.08261
1.01144
1.13183
1.04894
1.33592
0.871978
0.871242
0.819689
0.824601
0.8192
0.863408
0.952962
1.10439
0.875935
0.847685
1.1027
1.20313
0.941433
0.974665
1.01413
1.27958
0.861455
1.04124
0.819689
0.866826
1.08582
0.978386
0.822797
1.08463
1.17032
1.15732
0.82317
0.901386
0.872913
1.11749
1.07124
0.904546
0.819689
0.822818
0.8192
1.26594
0.819689
0.82603
0.971559
0.895431
0.839729
0.825155
0.96725
0.965333
0.825321
0.929635
1.05966
0.86732
0.949175
0.987331
0.824151
0.819689
0.994971
1.07822
0.841469
1.13495
1.36135
1.00883
1.00574
0.902273
1.17137
0.914993
1.13225
0.888681
1.32345
0.86862
0.850802
0.987962
0.956962
0.86454
1.09718
0.897073
0.88381
1.06857
1.14375
0.835752
0.931875
1.04609
0.891006
1.18077
1.01436
1.25771
1.62446
0.992443
1.08452
0.903122
0.92144
0.820242
0.819689
1.1888
1.01832
1.06847
1.16807
0.934654
0.8192
0.833141
0.968186
0.944833
0.889127
1.12658
0.903792
1.157
0.819689
0.891242
1.05051
1.0242
0.819689
1.01669
1.04218
0.923746
1.23925
0.853521
0.933043
0.908266
0.935713
1.45758
0.828056
1.2742
0.819689
0.838055
1.23222
1.15603
0.835271
0.981094
0.916767
0.8192
0.92072
0.91034
0.823349
0.991057
0.937666
1.34254
1.16515
1.06116
0.949023
0.982939
0.826457
0.844604
0.823396
1.05194
0.895011
0.986633
0.897189
1.05529
0.865422
0.996042
1.01513
1.20556
1.01169
0.894704
1.17553
1.58889
0.835578
0.915355
1.03546
0.911406
0.823994
1.07014
1.12719
1.2796
1.07105
0.854492
0.951336
1.05633
1.23872
0.847042
0.8658
0.874496
1.35629
1.38488
0.938956
0.820023
0.948546
0.850332
1.11066
1.48615
1.02448
0.839459
0.877945
0.890324
1.00136
0.83447
0.819689
1.13135
0.844927
0.833321
1.00996
1.11731
1.15623
0.917307
1.01795
0.900456
0.888849
0.873918
1.28992
0.996432
0.878862
1.03067
0.996949
1.17543
1.1012
1.28205
0.819689
1.01738
0.829264
1.09764
0.899659
1.10673
1.1268
1.05488
0.839169
1.05472
0.823362
1.3404
0.819689
0.965117
1.1423
1.27907
0.921222
1.25202
0.820854
0.997936
0.956286
0.872679
1.31545
0.819689
0.887312
0.819689
0.918065
0.901102
1.12163
0.989118
0.854257
0.925235
1.14723
1.15256
0.823481
0.82353
1.16292
0.822444
0.844767
1.30556
0.943089
0.843588
0.9208
0.872451
1.05379
0.869842
0.912271
1.07891
0.941431
1.06542
0.819689
1.04943
0.999683
0.901167
0.821097
0.823827
0.868181
0.85049
1.12445
0.873804
0.839426
1.03744
1.1745
0.819689
0.931664
1.11221
1.01647
1.00428
0.960241
0.877389
1.03668
1.17171
1.52255
0.862981
1.09268
0.824758
0.819689
0.824732
1.08935
1.19496
1.37895
0.84324
1.42898
0.984511
0.831162
0.819689
0.907349
0.86862
0.937079
1.1143
0.822093
0.912219
1.0609
0.842031
0.821988
0.96748
1.02343
0.835159
1.00913
0.896753
0.835737
0.896446
1.30254
0.930472
1.0811
0.845746
1.1976
0.8192
0.934289
0.924931
1.10636
0.923292
1.00805
1.44153
1.13183
1.27454
1.31265
1.20394
0.890345
1.03978
0.901513
0.84136
1.07713
0.89638
1.04785
1.19418
0.922369
1.19921
1.40115
0.932594
1.35632
0.914798
1.22244
0.842791
0.883284
0.819689
1.53907
0.901809
0.823667
0.850464
1.04898
0.903752
0.823558
1.04514
0.976094
1.06607
0.93341
1.1027
1.02398
1.03363
0.820343
0.958534
0.983664
0.8192
0.970622
0.826032
1.0019
1.07832
0.967393
1.04012
0.852796
1.08379
0.868052
1.32444
0.855961
0.924794
0.827246
0.823191
0.826489
1.43541
0.824058
0.83019
1.01069
1.28715
1.12691
0.819689
1.06404
1.04627
0.950452
0.832544
0.853777
1.14434
0.967701
0.937464
1.09678
1.45132
1.16965
1.18595
0.972855
0.993281
0.84466
0.94003
1.08663
0.825781
0.838454
1.2456
0.8616
0.912206
0.820549
0.839928
0.907078
0.820863
1.155
0.839468
0.913397
1.19457
1.35499
0.942399
0.839071
1.39201
1.30468
1.00232
1.04363
0.973425
0.8192
1.16383
0.984643
1.27753
0.823044
1.29724
1.32624
0.820122
1.01055
0.850194
0.820334
1.06192
0.973556
1.14053
1.31267
0.821112
0.869086
0.827139
0.833323
1.17556
1.01642
0.947182
0.977439
0.86834
0.823899
0.873311
0.975406
0.913593
1.24886
0.8192
0.874326
0.924669
0.963609
0.822696
0.858368
1.57097
0.819689
1.01464
0.923362
0.820325
1.10854
0.819689
0.897116
0.909464
0.842534
0.910159
0.819689
1.06557
0.944928
1.00106
1.01158
1.1783
0.932992
0.826994
1.1836
0.855978
0.843567
0.820562
1.1557
0.865385
0.834604
0.986621
0.892236
0.910002
0.819689
0.976576
1.02677
1.15613
0.88938
1.36037
1.07939
0.996799
1.08569
0.92178
0.819689
0.823443
0.820505
0.896927
0.848369
1.00944
0.986632
1.15035
0.955952
0.819689
0.82668
1.11184
1.30717
1.11557
0.873102
0.837068
1.28828
1.08873
0.930894
0.858097
0.819689
0.932482
0.8192
1.2918
0.879148
1.12225
0.899233
1.08068
0.847391
1.38852
0.849715
1.57753
0.827135
0.842577
1.03419
0.90129
1.06292
0.819773
0.924955
0.829393
1.09008
0.937094
0.843383
0.819689
0.841891
1.0242
0.913211
0.878847
1.01571
1.19327
1.16968
0.923176
1.13087
0.916354
1.5765
1.047
0.820492
0.821492
0.832176
1.02209
0.819689
0.862147
1.13889
0.835252
1.23018
0.824181
1.05701
1.07301
1.34231
1.27162
1.46315
1.0137
1.09786
0.819689
0.851273
0.891625
1.47931
0.875701
0.964087
1.481
0.993536
0.862404
1.09558
0.832948
0.943873
0.94115
1.03993
1.07302
1.08292
1.08953
0.906457
0.873148
0.917727
1.08978
0.979818
0.875865
0.844978
0.828425
0.864503
0.861088
0.969749
0.940981
0.819689
1.11364
1.0641
1.06382
0.962384
1.11444
1.28325
0.848812
1.01597
0.819689
0.823107
0.852971
1.17446
0.840901
0.8192
1.17236
1.05219
1.02208
1.21325
0.841444
1.29838
0.833811
0.837503
0.902645
0.988733
0.939684
1.06293
0.840374
1.12667
0.819689
1.07261
1.10494
0.819689
1.09217
0.999278
0.85565
0.829308
1.61263
0.833551
0.887546
0.88586
1.36343
0.864481
0.945269
1.27942
1.02146
0.909881
1.10621
0.858463
1.04747
0.912966
1.46041
0.824481
0.886667
0.92052
0.874386
0.856317
0.883711
0.87064
1.05766
1.18484
1.23014
0.911716
1.12404
0.990421
0.829065
1.01297
0.927269
0.933879
0.893683
0
0
0
0
0
0
0
0
0
0
0
0
0
0
0
0
0
0
0
0
0
0
0
0
0
0
0
0
0
0
0
0
0
0
0
0
0
0
0
0
0
0
0
0
0
0
0
0
0
0
0
0
0
0
0
0
0
0
0
0
0
0
0
0
0
0
0
0
0
0
0
0
0
0
0
0
0
0
0
0
0
0
0
0
0
0
0
0
0
0
0
0
0
0
0
0
0
0
0
0
0
0
0
0
0
0
0
0
0
0
0
0
0
0
0
0
0
0
0
0
0
0
0
0
0
0
0
0
0
0
0
0
0
0
0
0
0
0
0
0
0
0
0
0
0
0
0
0
0
0
0
0
0
0
0
0
0
0
0
0
0
0
0
0
0
0
0
0
0
0
0
0
0
0
0
0
0
0
0
0
0
0
0
0
0
0
0
0
0
0
0
0
0
0
0
0
0
0
0
0
0
0
0
0
0
0
0
0
0
0
0
0
0
0
0
0
0
0
0
0
0
0
0
0
0
0
0
0
0
0
0
0
0
0
0
0
0
0
0
0
0
0
0
0
0
0
0
0
0
0
0
0
0
0
0
0
0
0
0
0
0
0
0
0
0
0
0
0
0
0
0
0
0
0
0
0
0
0
0
0
0
0
0
0
0
0
0
0
0
0
0
0
0
0
0
0
0
0
0
0
0
0
0
0
0
0
0
0
0
0
0
0
0
0
0
0
0
0
0
0
0
0
0
0
0
0
0
0
0
0
0
0
0
0
0
0
0
0
0
0
0
0
0
0
0
0
0
0
0
0
0
0
0
0
0
0
0
0
0
0
0
0
0
0
0
0
0
0
0
0
0
0
0
0
0
0
0
0
0
0
0
0
0
0
0
0
0
0
0
0
0
0
0
0
0
0
0
0
0
0
0
0
0
0
0
0
0
0
0
0
0
0
0
0
0
0
0
0
0
0
0
0
0
0
0
0
0
0
0
0
0
0
0
0
0
0
0
0
0
0
0
0
0
0
0
0
0
0
0
0
0
0
0
0
0
0
0
0
0
0
0
0
0
0
0
0
0
0
0
0
0
0
0
0
0
0
0
0
0
0
0
0
0
0
0
0
0
0
0
0
0
0
0
0
0
0
0
0
0
0
0
0
0
0
0
0
0
0
0
0
0
0
0
0
0
0
0
0
0
0
0
0
0
0
0
0
0
0
0
0
0
0
0
0
0
0
0
0
0
0
0
0
0
0
0
0
0
0
0
0
0
0
0
0
0
0
0
0
0
0
0
0
0
0
0
0
0
0
0
0
0
0
0
0
0
0
0
0
0
0
0
0
0
0
0
0
0
0
0
0
0
0
0
0
0
0
0
0
0
0
0
0
0
0
0
0
0
0
0
0
0
0
0
0
0
0
0
0
0
0
0
0
0
0
0
0
0
0
0
0
0
0
0
0
0
0
0
0
0
0
0
0
0
0
0
0
0
0
0
0
0
0
0
0
0
0
0
0
0
0
0
0
0
0
0
0
0
0
0
0
0
0
0
0
0
0
0
0
0
0
0
0
0
0
0
0
0
0
0
0
0
0
0
0
0
0
0
0
0
0
0
0
0
0
0
0
0
0
0
0
0
0
0
0
0
0
0
0
0
0
0
0
0
0
0
0
0
0
0
0
0
0
0
0
0
0
0
0
0
0
0
0
0
0
0
0
0
0
0
0
0
0
0
0
0
0
0
0
0
0
0
0
0
0
0
0
0
0
0
0
0
0
0
0
0
0
0
0
0
0
0
0
0
0
0
0
0
0
0
0
0
0
0
0
0
0
0
0
0
0
0
0
0
0
0
0
0
0
0
0
0
0
0
0
0
0
0
0
0
0
0
0
0
0
0
0
0
0
0
0
0
0
0
0
0
0
0
0
0
0
0
0
0
0
0
0
0
0
0
0
0
0
0
0
0
0
0
0
0
0
0
0
0
0
0
0
0
0
0
0
0
0
0
0
0
0
0
0
0
0
0
0
0
0
0
0
0
0
0
0
0
0
0
0
0
0
0
0
0
0
0
0
0
0
0
0
0
0
0
0
0
0
0
0
0
0
0
0
0
0
0
0
0
0
0
0
0
0
0
0
0
0
0
0
0
0
0
0
0
0
0
0
0
0
0
0
0
0
0
0
0
0
0
0
0
0
0
0
0
0
0
0
0
0
0
0
0
0
0
0
0
0
0
0
0
0
0
0
0
0
0
0
0
0
0
0
0
0
0
0
0
0
0
0
0
0
0
0
0
0
0
0
0
0
0
0
0
0
0
0
0
0
0
0
0
0
0
0
0
0
0
0
0
0
0
0
0
0
0
0
0
0
0
0
0
0
0
0
0
0
0
0
0
0
0
0
0
0
0
0
0
0
0
0
0
0
0
0
0
0
0
0
0
0
0
0
0
0
0
0
0
0
0
0
0
0
0
0
0
0
0
0
0
0
0
0
0
0
0
0
0
0
0
0
0
0
0
0
0
0
0
0
0
0
0
0
0
0
0
0
0
0
0
0
0
0
0
0
0
0
0
0
0
0
0
0
0
0
0
0
0
0
0
0
0
0
0
0
0
0
0
0
0
0
0
0
0
0
0
0
0
0
0
0
0
0
0
0
0
0
0
0
0
0
0
0
0
0
0
0
0
0
0
0
0
0
0
0
0
0
0
0
0
0
0
0
0
0
0
0
0
0
0
0
0
0
0
0
0
0
0
0
0
0
0
0
0
0
0
0
0
0
0
0
0
0
0
0
0
0
0
0
0
0
0
0
0
0
0
0
0
0
0
0
0
0
0
0
0
0
0
0
0
0
0
0
0
0
0
0
0
0
0
0
0
0
0
0
0
0
0
0
0
0
0
0
0
0
0
0
0
0
0
0
0
0
0
0
0
0
0
0
0
0
0
0
0
0
0
0
0
0
0
0
0
0
0
0
0
0
0
0
0
0
0
0
0
0
0
0
0
0
0
0
0
0
0
0
0
0
0
0
0
0
0
0
0
0
0
0
0
0
0
0
0
0
0
0
0
0
0
0
0
0
0
0
0
0
0
0
0
0
0
0
0
0
0
0
0
0
0
0
0
0
0
0
0
0
0
0
0
0
0
0
0
0
0
0
0
0
0
0
0
0
0
0
0
0
0
0
0
0
0
0
0
0
0
0
0
0
0
0
0
0
0
0
0
0
0
0
0
0
0
0
0
0
0
0
0
0
0
0
0
0
0
0
0
0
0
0
0
0
0
0
0
0
0
0
0
0
0
0
0
0
0
0
0
0
0
0
0
0
0
0
0
0
0
0
0
0
0
0
0
0
0
0
0
0
0
0
0
0
0
0
0
0
0
0
0
0
0
0
0
0
0
0
0
0
0
0
0
0
0
0
0
0
0
0
0
0
0
0
0
0
0
0
0
0
0
0
0
0
0
0
0
0
0
0
0
0
0
0
0
0
0
0
0
0
0
0
0
0
0
0
0
0
0
0
0
0
0
0
0
0
0
0
0
0
0
0
0
0
0
0
0
0
0
0
0
0
0
0
0
0
0
0
0
0
0
0
0
0
0
0
0
0
0
0
0
0
0
0
0
0
0
0
0
0
0
0
0
0
0
0
0
0
0
0
0
0
0
0
0
0
0
0
0
0
0
0
0
0
0
0
0
0
0
0
0
0
0
0
0
0
0
0
0
0
0
0
0
0
0
0
0
0
0
0
0
0
0
0
0
0
0
0
0
0
0
0
0
0
0
0
0
0
0
0
0
0
0
0
0
0
0
0
0
0
0
0
0
0
0
0
0
0
0
0
0
0
0
0
0
0
0
0
0
0
0
0
0
0
0
0
0
0
0
0
0
0
0
0
0
0
0
0
0
0
0
0
0
0
0
0
0
0
0
0
0
0
0
0
0
0
0
0
0
0
0
0
0
0
0
0
0
0
0
0
0
0
0
0
0
0
0
0
0
0
0
0
0
0
0
0
0
0
0
0
0
0
0
0
0
0
0
0
0
0
0
0
0
0
0
0
0
0
0
0
0
0
0
0
0
0
0
0
0
0
0
0
0
0
0
0
0
0
0
0
0
0
0
0
0
0
0
0
0
0
0
0
0
0
0
0
0
0
0
0
0
0
0
0
0
0
0
0
0
0
0
0
0
0
0
0
0
0
0
0
0
0
0
0
0
0
0
0
0
0
0
0
0
0
0
0
0
0
0
0
0
0
0
0
0
0
0
0
0
0
0
0
0
0
0
0
0
0
0
0
0
0
0
0
0
0
0
0
0
0
0
0
0
0
0
0
0
0
0
0
0
0
0
0
0
0
0
0
0
0
0
0
0
0
0
0
0
0
0
0
0
0
0
0
0
0
0
0
0
0
0
0
0
0
0
0
0
0
0
0
0
0
0
0
0
0
0
0
0
0
0
0
0
0
0
0
0
0
0
0
0
0
0
0
0
0
0
0
0
0
0
0
0
0
0
0
0
0
0
0
0
0
0
0
0
0
0
0
0
0
0
0
0
0
0
0
0
0
0
0
0
0
