0
0
0
0
0
0
0
0
0
0
0
0
0
0
0
0
0
0
0
0
0
0
0
0
0
0
0
0
0
0
0
0
0
0
0
0
0
0
0
0
0
0
0
0
0
0
0
0
0
0
0
0
0
0
0
0
0
0
0
0
0
0
0
0
0
0
0
0
0
0
0
0
0
0
0
0
0
0
0
0
0
0
0
0
0
0
0
0
0
0
0
0
0
0
0
0
0
0
0
0
0
0
0
0
0
0
0
0
0
0
0
0
0
0
0
0
0
0
0
0
0
0
0
0
0
0
0
0
0
0
0
0
0
0
0
0
0
0
0
0
0
0
0
0
0
0
0
0
0
0
0
0
0
0
0
0
0
0
0
0
0
0
0
0
0
0
0
0
0
0
0
0
0
0
0
0
0
0
0
0
0
0
0
0
0
0
0
0
0
0
0
0
0
0
0
0
0
0
0
0
0
0
0
0
0
0
0
0
0
0
0
0
0
0
0
0
0
0
0
0
0
0
0
0
0
0
0
0
0
0
0
0
0
0
0
0
0
0
0
0
0
0
0
0
0
0
0
0
0
0
0
0
0
0
0
0
0
0
0
0
0
0
0
0
0
0
0
0
0
0
0
0
0
0
0
0
0
0
0
0
0
0
0
0
0
0
0
0
0
0
0
0
0
0
0
0
0
0
0
0
0
0
0
0
0
0
0
0
0
0
0
0
0
0
0
0
0
0
0
0
0
0
0
0
0
0
0
0
0
0
0
0
0
0
0
0
0
0
0
0
0
0
0
0
0
0
0
0
0
0
0
0
0
0
0
0
0
0
0
0
0
0
0
0
0
0
0
0
0
0
0
0
0
0
0
0
0
0
0
0
0
0
0
0
0
0
0
0
0
0
0
0
0
0
0
0
0
0
0
0
0
0
0
0
0
0
0
0
0
0
0
0
0
0
0
0
0
0
0
0
0
0
0
0
0
0
0
0
0
0
0
0
0
0
0
0
0
0
0
0
0
0
0
0
0
0
0
0
0
0
0
0
0
0
0
0
0
0
0
0
0
0
0
0
0
0
0
0
0
0
0
0
0
0
0
0
0
0
0
0
0
0
0
0
0
0
0
0
0
0
0
0
0
0
0
0
0
0
0
0
0
0
0
0
0
0
0
0
0
0
0
0
0
0
0
0
0
0
0
0
0
0
0
0
0
0
0
0
0
0
0
0
0
0
0
0
0
0
0
0
0
0
0
0
0
0
0
0
0
0
0
0
0
0
0
0
0
0
0
0
0
0
0
0
0
0
0
0
0
0
0
0
0
0
0
0
0
0
0
0
0
0
0
0
0
0
0
0
0
0
0
0
0
0
0
0
0
0
0
0
0
0
0
0
0
0
0
0
0
0
0
0
0
0
0
0
0
0
0
0
0
0
0
0
0
0
0
0
0
0
0
0
0
0
0
0
0
0
0
0
0
0
0
0
0
0
0
0
0
0
0
0
0
0
0
0
0
0
0
0
0
0
0
0
0
0
0
0
0
0
0
0
0
0
0
0
0
0
0
0
0
0
0
0
0
0
0
0
0
0
0
0
0
0
0
0
0
0
0
0
0
0
0
0
0
0
0
0
0
0
0
0
0
0
0
0
0
0
0
0
0
0
0
0
0
0
0
0
0
0
0
0
0
0
0
0
0
0
0
0
0
0
0
0
0
0
0
0
0
0
0
0
0
0
0
0
0
0
0
0
0
0
0
0
0
0
0
0
0
0
0
0
0
0
0
0
0
0
0
0
0
0
0
0
0
0
0
0
0
0
0
0
0
0
0
0
0
0
0
0
0
0
0
0
0
0
0
0
0
0
0
0
0
0
0
0
0
0
0
0
0
0
0
0
0
0
0
0
0
0
0
0
0
0
0
0
0
0
0
0
0
0
0
0
0
0
0
0
0
0
0
0
0
0
0
0
0
0
0
0
0
0
0
0
0
0
0
0
0
0
0
0
0
0
0
0
0
0
0
0
0
0
0
0
0
0
0
0
0
0
0
0
0
0
0
0
0
0
0
0
0
0
0
0
0
0
0
0
0
0
0
0
0
0
0
0
0
0
0
0
0
0
0
0
0
0
0
0
0
0
0
0
0
0
0
0
0
0
0
0
0
0
0
0
0
0
0
0
0
0
0
0
0
0
0
0
0
0
0
0
0
0
0
0
0
0
0
0
0
0
0
0
0
0
0
0
0
0
0
0
0
0
0
0
0
0
0
0
0
0
0
0
0
0
0
0
0
0
0
0
0
0
0
0
0
0
0
0
0
0
0
0
0
0
0
0
0
0
0
0
0
0
0
0
0
0
0
0
0
0
0
0
0
0
0
0
0
0
0
0
0
0
0
0
0
0
0
0
0
0
0
0
0
0
0
0
0
0
0
0
0
0
0
0
0
0
0
0
0
0
0
0
0
0
0
0
0
0
0
0
0
0
0
0
0
0
0
0
0
0
0
0
0
0
0
0
0
0
0
0
0
0
0
0
0
0
0
0
0
0
0
0
0
0
0
0
0
0
0
0
0
0
0
0
0
0
0
0
0
0
0
0
0
0
0
0
0
0
0
0
0
0
0
0
0
0
0
0
0
0
0
0
0
0
0
0
0
0
0
0
0
0
0
0
0
0
0
0
0
0
0
0
0
0
0
0
0
0
0
0
0
0
0
0
0
0
0
0
0
0
0
0
0
0
0
0
0
0
0
0
0
0
0
0
0
0
0
0
0
0
0
0
0
0
0
0
0
0
0
0
0
0
0
0
0
0
0
0
0
0
0
0
0
0
0
0
0
0
0
0
0
0
0
0
0
0
0
0
0
0
0
0
0
0
0
0
0
0
0
0
0
0
0
0
0
0
0
0
0
0
0
0
0
0
0
0
0
0
0
0
0
0
0
0
0
0
0
0
0
0
0
0
0
0
0
0
0
0
0
0
0
0
0
0
0
0
0
0
0
0
0
0
0
0
0
0
0
0
0
0
0
0
0
0
0
0
0
0
0
0
0
0
0
0
0
0
0
0
0
0
0
0
0
0
0
0
0
0
0
0
0
0
0
0
0
0
0
0
0
0
0
0
0
0
0
0
0
0
0
0
0
0
0
0
0
0
0
0
0
0
0
0
0
0
0
0
0
0
0
0
0
0
0
0
0
0
0
0
0
0
0
0
0
0
0
0
0
0
0
0
0
0
0
0
0
0
0
0
0
0
0
0
0
0
0
0
0
0
0
0
0
0
0
0
0
0
0
0
0
0
0
0
0
0
0
0
0
0
0
0
0
0
0
0
0
0
0
0
0
0
0
0
0
0
0
0
0
0
0
0
0
0
0
0
0
0
0
0
0
0
0
0
0
0
0
0
0
0
0
0
0
0
0
0
0
0
0
0
0
0
0
0
0
0
0
0
0
0
0
0
0
0
0
0
0
0
0
0
0
0
0
0
0
0
0
0
0
0
0
0
0
0
0
0
0
0
0
0
0
0
0
0
0
0
0
0
0
0
0
0
0
0
0
0
0
0
0
0
0
0
0
0
0
0
0
0
0
0
0
0
0
0
0
0
0
0
0
0
0
0
0
0
0
0
0
0
0
0
0
0
0
0
0
0
0
0
0
0
0
0
0
0
0
0
0
0
0
0
0
0
0
0
0
0
0
0
0
0
0
0
0
0
0
0
0
0
0
0
0
0
0
0
0
0
0
0
0
0
0
0
0
0
0
0
0
0
0
0
0
0
0
0
0
0
0
0
0
0
0
0
0
0
0
0
0
0
0
0
0
0
0
0
0
0
0
0
0
0
0
0
0
0
0
0
0
0
0
0
0
0
0
0
0
0
0
0
0
0
0
0
0
0
0
0
0
0
0
0
0
0
0
0
0
0
0
0
0
0
0
0
0
0
0
0
0
0
0
0
0
0
0
0
0
0
0
0
0
0
0
0
0
0
0
0
0
0
0
0
0
0
0
0
0
0
0
0
0
0
0
0
0
0
0
0
0
0
0
0
0
0
0
0
0
0
0
0
0
0
0
0
0
0
0
0
0
0
0
0
0
0
0
0
0
0
0
0
0
0
0
0
0
0
0
0
0
0
0
0
0
0
0
0
0
0
0
0
0
0
0
0
0
0
0
0
0
0
0
0
0
0
0
0
0
0
0
0
0
0
0
0
0
0
0
0
0
0
0
0
0
0
0
0
0
0
0
0
0
0
0
0
0
0
0
0
0
0
0
0
0
0
0
0
0
0
0
0
0
0
0
0
0
0
0
0
0
0
0
0
0
0
0
0
0
0
0
0
0
0
0
0
0
0
0
0
0
0
0
0
0
0
0
0
0
0
0
0
0
0
0
0
0
0
0
0
0
0
0
0
0
0
0
0
0
0
0
0
0
0
0
0
0
0
0
0
0
0
0
0
0
0
0
0
0
0
0
0
0
0
0
0
0
0
0
0
0
0
0
0
0
0
0
0
0
0
0
0
0
0
0
0
0
0
0
0
0
0
0
0
0
0
0
0
0
0
0
0
0
0
0
0
1.02506
1.25031
1.10458
1.06626
1.02498
1.20023
1.0329
1.62953
1.13668
1.03448
1.08449
1.02651
1.03035
1.08776
1.10348
1.09131
1.03716
1.18862
1.12136
1.02665
1.024
1.2822
1.50564
1.03069
1.11683
1.1656
1.02498
1.10837
1.06803
1.11077
1.02885
1.10331
1.0821
1.024
1.49603
1.28889
1.21003
1.05331
1.02498
1.06287
1.09261
1.024
1.05904
1.21828
1.13204
1.15287
1.15394
1.02498
1.024
1.29037
1.02707
1.03798
1.17707
1.02498
1.02498
1.39261
1.02498
1.02498
1.08794
1.0724
1.10657
1.4241
1.08731
1.0552
1.0959
1.07517
1.54714
1.21916
1.02647
1.05375
1.02498
1.02772
1.06994
1.24412
1.15355
1.12442
1.024
1.04989
1.07636
1.12169
1.03351
1.0407
1.09314
1.02625
1.20064
1.04015
1.02521
1.03906
1.29064
1.11389
1.02498
1.10415
1.07315
1.04295
1.04665
1.51944
1.14927
1.02875
1.03498
1.33965
1.03304
1.02498
1.024
1.17625
1.03069
1.02498
1.024
1.024
1.02498
1.1443
1.10332
1.02498
1.13346
1.1647
1.06025
1.12766
1.15029
1.02639
1.02663
1.26402
1.20886
1.1232
1.12309
1.03209
1.02689
1.13969
1.33548
1.04247
1.56642
1.02545
1.05516
1.11336
1.02754
1.03445
1.02498
1.0363
1.02498
1.04923
1.40527
1.02498
1.08197
1.024
1.07614
1.06877
1.05094
1.02498
1.23844
1.04089
1.24604
1.02498
1.16559
1.34156
1.20662
1.03287
1.09931
1.02498
1.04529
1.14196
1.02498
1.29424
1.16898
1.09969
1.14399
1.02498
1.17195
1.02997
1.024
1.02498
1.21666
1.03389
1.02498
1.22892
1.13772
1.40459
1.34059
1.10245
1.20384
1.1232
1.02498
1.04175
1.06716
1.44186
1.3225
1.08915
1.03445
1.40586
1.16467
1.04881
1.10072
1.02498
1.23482
1.0615
1.02498
1.202
1.45978
1.29906
1.03649
1.04334
1.08806
1.28888
1.02498
1.09607
1.49046
1.29529
1.02498
1.17084
1.13521
1.03091
1.02498
1.024
1.02498
1.07643
1.02498
1.02498
1.09459
1.02699
1.02498
1.06191
1.05776
1.02844
1.02654
1.30345
1.024
1.03448
1.04918
1.04673
1.05914
1.05632
1.02701
1.54072
1.024
1.02498
1.5888
1.04712
1.2751
1.17164
1.05452
1.02892
1.03125
1.03009
1.02498
1.02732
1.07543
1.2079
1.09955
1.10599
1.02498
1.07135
1.03696
1.02664
1.1785
1.02911
1.41335
1.40988
1.03177
1.024
1.07551
1.11084
1.024
1.02498
1.02685
1.03027
1.09885
1.53531
1.024
1.02625
1.02498
1.30659
1.18634
1.03232
1.10107
1.1268
1.17353
1.30661
1.08466
1.024
1.05714
1.06581
1.13426
1.06029
1.06507
1.07497
1.20101
1.10719
1.03575
1.03053
1.04819
1.024
1.09032
1.02498
1.14127
1.49133
1.02742
1.0616
1.03031
1.21893
1.4064
1.024
1.024
1.14223
1.024
1.02852
1.09467
1.05785
1.024
1.13853
1.02982
1.04318
1.44195
1.024
1.02498
1.02498
1.72364
1.024
1.024
1.12575
1.03462
1.024
1.2183
1.02498
1.27496
1.10649
1.32942
1.08158
1.55216
1.02911
1.14122
1.024
1.32211
1.09039
1.024
1.10215
1.3989
1.03725
1.10649
1.04727
1.05641
1.2046
1.02498
1.024
1.024
1.02498
1.508
1.14291
1.02498
1.03246
1.17782
1.02498
1.07163
1.27853
1.024
1.21003
1.10813
1.07043
1.18168
1.25941
1.02498
1.11568
1.02498
1.03326
1.02498
1.16621
1.02498
1.27929
1.024
1.02674
1.12531
1.26281
1.024
1.04812
1.05472
1.02498
1.23352
1.0402
1.34471
1.024
1.51375
1.02498
1.17801
1.024
1.33642
1.02498
1.024
1.03189
1.16458
1.04647
1.08522
1.02498
1.19385
1.02498
1.04228
1.02498
1.32451
1.66976
1.03139
1.08467
1.23111
1.024
1.04864
1.27135
1.02498
1.02498
1.024
1.43864
1.02498
1.38083
1.02498
1.02498
1.02498
1.02498
1.16756
1.02498
1.02819
1.0496
1.04022
1.84561
1.03664
1.0727
1.59547
1.03831
1.03133
1.02813
1.024
1.024
1.02498
1.02498
1.2424
1.08905
1.17668
1.03496
1.02644
1.02498
1.02498
1.02498
1.02498
1.39796
1.11996
1.05266
1.024
1.02498
1.38303
1.27476
1.05027
1.02498
1.31004
1.02498
1.15242
1.02498
1.09746
1.02678
1.17132
1.09168
1.44998
1.43275
1.024
1.21951
1.10346
1.02539
1.09066
1.06796
1.14559
1.28501
1.19687
1.08145
1.02498
1.21845
1.02808
1.02498
1.02498
1.03484
1.08003
1.11219
1.02498
1.05485
1.02498
1.54641
1.024
1.02498
1.33554
1.12308
1.024
1.22349
1.05466
1.05551
1.0765
1.02498
1.19659
1.17466
1.30541
1.02498
1.02908
1.03089
1.31918
1.10482
1.21574
1.08441
1.03187
1.1708
1.04477
1.10765
1.02498
1.024
1.024
1.16517
1.02818
1.02498
1.05598
1.04921
1.02498
1.18278
1.03643
1.16312
1.06781
1.08707
1.07984
1.05083
1.05106
1.2115
1.02498
1.03659
1.20469
1.024
1.024
1.07173
1.05417
1.27996
1.024
1.30535
1.0883
1.07926
1.24083
1.02586
1.18846
1.20511
1.14425
1.05167
1.23535
1.08466
1.02498
1.05069
1.02704
1.024
1.1256
1.02643
1.16286
1.55233
1.1335
1.02498
1.24115
1.02563
1.02498
1.02498
1.02909
1.1165
1.17411
1.13886
1.07995
1.07427
1.024
1.024
1.05
1.24132
1.024
1.024
1.27738
1.02542
1.06048
1.02498
1.03501
1.31581
1.024
1.024
1.07027
1.24707
1.02498
1.20651
1.03154
1.02498
1.16762
1.09534
1.13145
1.13675
1.02515
1.02498
1.024
1.02498
1.03143
1.2017
1.35281
1.0316
1.02498
1.024
1.05303
1.09212
1.31361
1.05575
1.02498
1.03727
1.04423
1.0899
1.02498
1.20578
1.02498
1.33824
1.024
1.0963
1.024
1.25245
1.04727
1.024
1.18261
1.21797
1.31254
1.024
1.28805
1.22319
1.05145
1.14123
1.03997
1.02498
1.07435
1.02597
1.02768
1.02498
1.15716
1.02498
1.024
1.44186
1.024
1.08308
1.11036
1.024
1.02624
1.02499
1.024
1.29653
1.06265
1.03322
1.11371
1.10506
1.23353
1.0807
1.11399
1.06237
1.02498
1.03616
1.09147
1.06575
1.02498
1.05191
1.024
1.10243
1.03723
1.06517
1.04246
1.12735
1.27722
1.03785
1.03077
1.024
1.21876
1.02498
1.03653
1.02498
1.02498
1.04011
1.02498
1.10154
1.3308
1.14094
1.0463
1.05472
1.43023
1.02593
1.13166
1.04857
1.51704
1.33521
1.0264
1.50592
1.31212
1.024
1.02714
1.024
1.22727
1.0307
1.06085
1.26938
1.02498
1.05917
1.02806
1.02498
1.24226
1.05429
1.40281
1.024
1.09209
1.02498
1.025
1.02795
1.024
1.22117
1.42586
1.1371
1.02664
1.22127
1.24824
1.19755
1.03609
1.0874
1.02498
1.024
1.03796
1.024
1.15887
1.02498
1.02498
1.07331
1.25095
1.02498
1.20323
1.10334
1.02808
1.25602
1.04285
1.03831
1.07465
1.02781
1.03809
1.0595
1.38169
1.024
1.03048
1.02498
1.02498
1.03348
1.1439
1.03774
1.21814
1.15176
1.0276
1.06696
1.15671
1.02498
1.52373
1.03111
1.03977
1.03193
1.024
1.024
1.02965
1.02498
1.02656
1.09831
1.05725
1.31406
1.29576
1.15456
1.14175
1.02498
1.20802
1.08565
1.07627
1.02498
1.02685
1.2747
1.06392
1.08318
1.02498
1.2805
1.07209
1.024
1.30015
1.06034
1.27823
1.09508
1.07045
1.04308
1.11174
1.15467
1.02498
1.03482
1.02638
1.34363
1.27832
1.024
1.02498
1.12797
1.51564
1.02875
1.17688
1.04265
1.17127
1.27687
1.10254
1.05615
1.02498
1.024
1.02498
1.0265
1.03256
1.41265
1.18893
1.14233
1.03449
1.02498
1.07381
1.02498
1.02498
1.21398
1.14366
1.024
1.24915
1.03398
1.02716
1.02498
1.02709
1.11097
1.34995
1.07778
1.1197
1.07861
1.02498
1.024
1.09577
1.17861
1.24303
1.024
1.02498
1.04957
1.02498
1.0268
1.02972
1.0332
1.02498
1.11251
1.21088
1.02657
1.39258
1.34453
1.26885
1.0621
1.13582
1.02498
1.2021
1.42773
1.38582
1.02498
1.04716
1.02736
1.04045
1.02498
1.024
1.024
1.17301
1.05488
1.02498
1.02498
1.19274
1.18501
1.02498
1.02498
1.32153
1.03476
1.49931
1.02498
1.024
1.04331
1.02498
1.11247
1.12488
1.02498
1.33407
1.02498
1.08385
1.02498
1.02498
1.02794
1.03103
1.024
1.43837
1.02778
1.31662
1.02498
1.06413
1.02498
1.06953
1.09241
1.0947
1.02615
1.04053
1.17264
1.04681
1.02498
1.16384
1.15343
1.02895
1.02498
1.02498
1.03961
1.024
1.02498
1.35921
1.024
1.49846
1.1202
1.04794
1.02498
1.024
1.02736
1.03434
1.39897
1.32686
1.02498
1.024
1.07817
1.04865
1.14772
1.0538
1.04067
1.1117
1.23108
1.02498
1.0745
1.10862
1.0368
1.02498
1.024
1.18628
1.03882
1.08963
1.03931
1.34468
1.37684
1.31775
1.036
1.12904
1.04325
1.53651
1.19078
1.02838
1.26332
1.02678
1.024
1.11022
1.31543
1.04776
1.11472
1.05146
1.10366
1.20989
1.55323
1.03015
1.11923
1.02498
1.06543
1.06264
1.05895
1.02631
1.11608
1.0536
1.19277
1.03743
1.03226
1.27122
1.024
1.11145
1.1059
1.03653
1.24915
1.12781
1.02498
1.05395
1.37777
1.34682
1.07247
1.02504
1.04968
1.03489
1.13682
1.03523
1.25011
1.024
1.02498
1.07308
1.024
1.14563
1.07414
1.33284
1.2502
1.03206
1.09931
1.1096
1.02977
1.05826
1.06028
1.36196
1.02679
1.02498
1.024
1.40616
1.27919
0.875846
0.825064
0.874668
0.864126
0.833699
0.937611
0.900906
0.899586
0.874659
0.924653
0.858573
0.92418
0.822619
0.822942
1.05838
0.936613
0.948212
1.04404
0.856673
1.00151
1.33794
1.18495
0.952719
1.38043
0.830324
0.819689
1.17483
0.920523
1.37857
1.1387
0.824906
0.84552
0.84449
0.843744
0.867981
0.975069
1.17696
0.822662
1.19155
0.922685
0.976023
0.829853
1.12662
0.819689
1.0305
0.958751
1.01631
0.972538
0.839302
1.05608
0.968881
1.12226
0.991892
0.8625
0.822702
0.914724
0.819689
1.07357
1.02669
0.819689
1.13829
0.996761
0.971918
1.11126
0.828396
1.09905
0.90369
0.861258
0.844923
0.972328
0.873212
1.38177
0.857837
1.02716
1.40696
1.07564
0.906675
0.963342
1.02732
0.819689
0.850791
0.819689
0.930874
0.977078
1.00476
1.38791
1.2762
0.823025
0.976594
0.864493
1.14438
0.837313
1.08751
0.939117
0.863312
1.04555
0.959255
0.819689
0.819763
0.959686
1.3671
0.868495
1.1604
0.952091
1.14435
1.19119
0.850826
1.12865
0.8192
1.36938
0.908245
0.871388
0.827915
0.943357
0.825492
0.823077
0.828281
1.09869
1.03615
0.821358
0.831483
0.902726
0.859681
0.84786
1.43397
1.19025
0.841782
0.823312
1.22408
1.03127
0.938872
0.985116
1.06466
1.14273
0.819689
1.03641
0.919311
0.822273
0.833494
0.990665
0.893044
1.11385
0.819689
1.23476
1.08926
1.10355
1.34827
0.822894
0.857258
0.833609
1.04
0.852454
1.13056
0.932779
1.04001
0.838588
1.06575
1.1348
1.07971
0.858438
0.890445
0.874922
1.14037
0.822792
1.06736
1.22254
1.30034
1.14391
1.08628
1.48401
0.880429
0.87981
0.966331
0.963714
0.876095
0.921111
0.939864
1.15366
1.08247
0.929842
0.952499
0.912467
1.01527
0.917835
0.853956
0.96794
0.822182
0.883735
0.97494
0.90007
0.819689
0.901384
1.20009
0.975813
0.955558
0.896038
1.20113
0.853889
0.853974
1.1493
0.923716
0.880309
0.822803
0.8192
0.823912
0.850413
1.02775
0.887459
1.19298
1.03963
0.940726
0.891473
0.826484
0.831045
0.923943
1.0706
0.921024
0.960523
1.00502
0.819689
0.821963
0.885256
1.14492
0.822431
0.980541
0.819689
1.28485
1.07467
0.897842
0.853419
0.933197
0.820082
0.935127
0.967396
0.819696
1.17952
1.01485
0.829434
0.819873
1.30635
1.12306
1.23682
1.45698
0.8192
0.823243
1.03694
0.823593
0.913662
0.8192
0.920691
0.871616
0.820421
1.05519
1.07388
1.41517
0.909525
0.876368
1.11799
1.0997
0.866896
0.821364
0.819689
0.971457
0.998773
0.896369
0.847611
1.10442
1.10535
0.890109
0.895271
1.17254
1.17503
0.934547
0.825961
1.2074
0.908686
1.24533
1.17016
0.95508
0.851355
1.05517
1.29433
0.880173
0.819689
0.847021
0.8192
0.964519
1.25537
0.88902
1.57285
1.1055
0.847435
1.008
0.933448
0.966624
0.827935
1.12344
1.03385
0.837114
0.891047
0.85398
0.987181
1.49333
0.890091
1.11233
0.829193
0.819689
0.980324
1.34613
0.97052
0.820268
0.928741
0.964696
0.963144
1.06442
0.823188
0.83988
1.25277
0.834848
0.887018
0.989309
0.838389
0.819689
0.872584
0.908637
0.93317
0.831825
1.07707
0.834623
0.992748
0.888786
1.20753
0.965297
0.907083
0.909718
1.01763
1.34302
0.826531
0.930871
0.819689
1.21871
0.94554
0.866585
0.96828
1.51996
1.12364
0.932725
1.22629
1.33214
0.96144
0.819689
1.00654
0.985804
0.950032
0.825193
0.819689
1.10382
1.08225
1.04361
0.857785
0.900921
1.12919
1.28965
0.997109
0.866745
0.888804
0.920872
0.827062
1.13915
1.03959
1.23461
0.841482
0.819689
1.16183
0.88927
1.12921
1.05365
0.92993
1.27145
1.05681
1.0852
0.969105
1.09519
0.819689
0.851104
0.819689
0.891465
0.903034
1.19774
1.09316
1.02055
0.91993
0.829257
1.10264
0.939302
1.03435
1.09751
0.827844
0.903026
0.825095
0.849488
1.11275
0.924011
1.2076
1.01699
0.830318
0.836988
0.951566
1.06556
0.988842
0.862916
1.08076
0.91546
0.923987
0.85976
1.05587
1.24172
0.999439
1.05498
0.914297
1.1985
0.942129
0.819689
1.02751
0.852949
0.942806
1.01918
0.874746
1.38437
1.25317
1.26553
1.12488
0.844281
0.940552
0.82107
0.825494
0.858674
0.828267
0.827675
0.969822
0.851604
0.819689
0.927281
0.878187
0.8192
0.882686
0.88979
0.851629
1.30919
0.83057
1.28975
1.02409
0.819689
0.829703
1.2328
1.40094
1.07474
1.07214
0.877691
0.819689
1.03853
1.06455
0.906102
0.819713
0.884746
0.903361
1.10015
1.08363
1.00696
1.22817
0.879905
0.832043
0.870353
1.1675
1.16265
0.819689
0.825324
1.21782
0.84755
1.04571
0.934228
0.856265
1.24705
0.948497
0.954315
1.02985
1.08443
0.870745
1.21474
1.36378
1.19402
1.30352
0.819689
0.8192
0.840585
1.11086
1.06915
0.902343
1.28927
1.16846
0.930473
1.31228
0.930857
1.00518
1.41653
0.819689
0.826326
1.13725
0.82266
0.906739
0.873578
0.84998
0.880282
1.16537
0.834094
0.83011
0.903625
1.06975
0.900787
1.35056
0.973259
1.1168
0.8192
0.831165
1.05525
0.826671
0.825
0.876623
1.06915
0.832672
1.32285
1.03734
0.990899
1.06922
0.831519
0.819689
0.944708
1.06986
1.00118
0.958255
0.830763
1.08346
0.849325
0.891109
0.855617
0.865382
1.07976
0.819689
0.886768
0.822681
0.993345
0.833221
0.838581
1.21722
1.03802
1.21155
0.820271
0.820753
0.961174
0.819689
1.0405
1.0663
0.973601
0.839785
1.13083
0.824902
1.10185
0.827788
1.00287
0.86001
1.34199
0.844223
0.833622
0.872035
0.990547
0.827681
0.906532
0.825437
0.939179
1.28187
0.973064
0.862524
1.3065
0.831613
0.895929
0.829114
1.02453
0.83985
1.13093
0.92032
1.18744
0.819857
1.651
0.878546
0.910697
0.895474
0.829255
0.847867
0.841092
1.03308
0.833505
1.11219
1.2138
1.1772
1.09846
0.837945
0.906271
0.966733
0.8192
0.979535
0.846762
1.09535
1.24862
0.868024
1.02091
0.838021
0.984455
0.826048
0.961487
0.93478
0.859784
0.826356
0.872465
0.819715
0.896502
1.12941
0.824572
1.08986
1.09823
1.07425
1.25154
0.834745
0.900351
0.858634
0.819689
0.91783
1.01827
0.990682
1.20809
0.934063
1.04016
0.827763
1.29447
0.847103
0.878393
1.17687
0.870346
0.871756
0.951649
1.45746
0.939875
0.995526
1.06247
1.11911
1.10048
1.33589
0.836672
1.04066
1.30249
1.46233
0.8192
0.825356
1.15405
0.892153
0.948371
0.840257
0.960078
1.08532
0.821437
1.14475
1.1298
1.21765
1.11649
1.28487
1.13657
0.924039
0.943021
0.860273
0.862037
0.840946
0.832498
1.01339
1.15135
1.05052
0.82762
0.830564
0.838842
0.888879
0.877138
1.06687
0.90982
0.950915
0.963208
0.938975
0.819689
1.20991
1.64738
0.8678
0.819689
1.17779
0.963172
1.18399
0.819689
1.13699
0.930151
0.856497
1.27543
0.950705
0.92391
0.894216
0.845093
1.11231
0.819689
1.05619
0.908447
1.16697
0.900573
0.869809
0.937648
0.8192
0.885215
1.21011
0.849322
0.879717
1.13114
0.971237
0.946585
0.819689
0.855949
1.00546
1.06948
0.932807
0.869885
0.935595
0.832834
0.826139
0.970852
1.28404
0.850257
0.890642
1.38396
1.27832
0.949237
1.2884
0.82049
0.823156
0.981177
1.35011
1.31853
0.89488
0.819689
0.887741
0.820472
0.895895
0.82671
0.83268
1.12522
0.841735
0.819689
1.05198
1.60867
0.957504
1.07816
0.827501
0.885966
0.872356
1.00309
0.873583
0.861252
0.823218
1.11692
0.830489
0.883863
0.964718
1.09591
0.915608
0.874141
0.99329
0.922437
1.01776
0.819689
0.830361
0.9578
1.22401
0.960224
0.853119
1.17935
0.868816
0.996621
0.871266
1.09997
0.843058
1.43156
0.876565
1.20848
1.02894
0.893322
0.879839
1.03887
0.835698
0.83233
0.839543
0.867112
1.52607
0.819689
0.84411
1.06893
0.892874
1.24481
1.10163
1.0467
0.886875
0.895084
1.07336
0.841946
1.12187
0.839903
1.08108
0.840259
1.30133
0.832208
0.984753
0.8192
1.07564
0.819689
0.82604
0.887304
0.827049
0.829237
1.08395
0.847486
0.99796
0.887541
1.11016
1.17862
0.921122
0.826055
0.872223
0.961289
1.08176
0.873993
1.48106
1.20334
1.21747
1.18445
0.947134
0.935174
1.04204
0.819689
1.10319
0.987156
0.819689
1.43692
0.873117
0.819689
0.845148
1.18097
1.2147
1.20258
1.28897
0.966344
1.13657
0.970975
1.01461
0.989981
0.978291
1.11353
0.958614
0.962661
1.06383
0.819689
1.20824
1.14006
0.832477
1.28973
0.819689
0.873383
0.884109
1.13662
0.849898
1.22507
0.987848
0.840522
0.958671
1.1954
1.49052
1.09856
0.943541
1.13502
1.54303
0.819689
1.04243
0.84254
0.872391
0.972846
0.863829
0.826012
0.8192
1.00271
0.828685
0.840506
0.971056
1.07052
1.21042
0.987761
1.00378
0.949836
1.06747
1.16637
0.953725
0.980221
0.840815
0.849101
0.897256
1.18001
0.901756
1.24948
0.966614
1.01562
0.833808
1.04886
1.20735
0.902163
1.20598
0.922252
1.18068
0.8192
1.1582
1.03355
0.831119
0.863283
1.19047
1.21164
0.819689
0.819689
1.1712
0.967786
0.819689
1.18312
1.25718
0.914145
1.117
1.04272
0.841477
1.14793
0.868198
0.829282
1.28875
0.821654
0.874522
0.820343
0.837313
0.819689
0.819689
1.17042
1.06049
0.833025
0.959031
0.844534
0.857152
0.898099
0.904959
0.900155
1.59926
1.30383
0.8192
0.877724
1.55649
0.858503
0.83875
0.8192
1.09978
0.844533
1.17252
0.834459
0.921684
0.848138
0.819689
1.08106
0.963364
1.02203
1.12788
0.821397
0.8192
1.14279
1.12878
0.823091
0.852853
0.833647
0.901206
0.922203
1.41932
1.14491
0.824459
0.869424
0.819689
1.32005
0.895749
