-0.812315
-1.95503
-0.921441
0.283572
0.148636
0.624439
-2.9201
-0.716066
-0.628591
0.218072
-0.35389
0.0235747
-0.222139
0.0772266
-0.0907166
-0.410082
-0.481327
-0.83403
0.624809
-1.50023
-0.0117936
-1.12724
-2.3137
-0.137993
-0.793006
-1.53592
-0.532174
-0.0132189
0.206164
-0.174752
-0.559965
-0.683016
0.0570679
-1.0879
-0.00541239
0.0114322
-0.180537
-1.42859
-0.423019
0.291729
0.324515
-0.815055
-1.17892
-0.263372
0.660162
-1.61595
-0.528549
0.212842
0.0544428
-0.258674
-0.648256
-1.04324
-0.910779
-1.07208
-0.874218
0.310338
0.226529
-0.34894
0.0380228
-0.300925
-1.02527
0.61933
0.718558
-1.01567
-0.272185
0.514777
0.249739
-0.23286
-0.636781
-0.775478
-0.216753
0.303182
0.176328
-1.70575
0.730841
0.0947983
0.0827409
-0.500596
0.23635
0.00563336
-1.6956
-0.43886
-0.167263
-0.206015
-0.119521
-0.538237
0.368657
-2.27758
0.348912
-1.42816
-1.3178
0.129264
-0.023834
0.105104
0.399611
-0.0855682
-0.883305
-2.10291
0.0391671
-0.778996
-1.6812
0.0214645
0.528996
-0.0564932
-0.542176
-1.11759
-0.904963
-0.707581
-0.476497
-1.41531
-0.301107
-0.582304
-0.275781
-0.633565
-0.0919365
-0.318549
-0.06499
-0.929061
-0.760377
-0.1714
-0.379723
-1.24338
-0.501418
-0.413591
-1.01514
-1.3793
-0.54241
-0.48351
-0.416202
-1.24769
-0.667825
-0.439539
0.410894
-1.84545
0.596459
0.296948
-0.954492
-0.875584
-1.02999
-0.724433
-1.33563
-1.28134
-0.802266
0.415685
0.437482
0.381517
-0.568843
-0.0141997
0.0888745
0.168273
-0.580864
-0.750282
0.141984
-0.214917
0.149055
0.0661971
-0.77671
0.0222802
-0.94109
0.292245
0.346722
0.599791
0.232561
-1.12642
-0.587982
-1.80505
-2.3882
0.24593
-0.497256
0.43606
0.00452991
-1.41396
-0.0917452
-2.42029
-0.953475
-0.0618978
-1.65976
-0.72869
0.444248
-0.0664181
0.489754
-1.24251
0.245189
-0.219932
-0.422851
0.393222
-0.414138
0.698499
-0.806932
0.344565
-0.300013
0.297978
0.15824
0.665739
0.0737914
-1.29933
-0.50946
0.176181
-1.05822
0.603148
0.139619
-1.04688
-0.64241
-0.0719881
-0.0363976
0.212763
0.123456
-0.459282
0.0247397
0.0844444
-1.04767
0.479086
-0.587013
0.381207
-1.03
0.254813
-1.34929
-0.277014
0.221117
-0.31475
-1.97978
-0.415245
-1.48256
0.329386
-0.116155
-0.666184
-0.715827
0.412714
-0.996101
-0.678377
0.59792
-1.18017
0.204475
-1.19546
0.843445
0.301004
0.765228
-1.83873
-0.773309
0.234233
-0.703631
-0.592754
-0.940035
-0.834914
-1.0149
0.333825
-0.36803
-0.643783
0.0243809
-1.4267
-1.55857
-0.298392
0.106759
-1.1569
0.419516
-0.468171
-0.602401
-0.164977
-0.527509
-0.819623
-0.617293
-1.82219
-2.08027
0.0883063
-0.267754
0.182293
-1.05194
0.140758
0.347771
-2.46589
0.183239
-0.483287
0.343862
0.186416
-0.452628
-1.81967
0.305286
-0.299263
0.0677765
-0.882961
0.303084
-2.16589
-0.930467
-0.497972
0.599995
0.309421
0.400959
-0.776236
0.740987
-0.156366
-0.26855
-1.3929
-1.291
-0.912585
-1.17779
0.211091
-0.336763
0.284609
0.437041
0.457797
0.00541071
0.352745
0.29944
-0.828396
-0.274563
-0.712103
-1.51064
0.0813564
0.252261
-0.0756186
0.410099
-0.70068
0.2735
-0.692394
-0.291973
-0.28322
-1.2786
0.335148
-1.61461
1.09064
-0.123522
-0.596194
0.197151
-0.642266
-1.27407
0.371957
-0.116165
-0.29278
-0.798001
-0.0717955
-0.216711
-0.220962
-0.299325
-0.627103
-0.992038
0.00948526
-0.902182
-2.08724
0.327152
-0.507992
0.597852
-0.0409212
0.0183731
0.353716
-1.94077
-0.829297
-0.654159
-0.855415
-1.22389
-1.19859
0.800711
-0.67806
-0.225246
-0.451396
-1.24761
0.309588
-0.730396
-2.06752
-0.632199
-1.91774
0.17019
0.314916
-0.0303122
-1.21528
0.0594662
-1.11719
-1.28759
-0.0995672
0.161902
-1.3048
0.278141
-0.020849
0.0970658
-0.687493
-1.39298
-0.250756
-0.476289
0.747999
-1.33559
-0.545542
0.0244365
-0.230607
-1.82879
0.0495185
0.265009
0.114024
0.106885
-1.51143
0.169816
0.33946
-0.991329
-1.34604
-0.497827
-0.966692
-1.80139
-1.86487
0.0254633
-0.367925
-0.524338
-0.162656
-0.0296639
0.508576
0.034173
0.423774
-0.500702
-1.33351
-0.0978933
-0.461458
0.0422434
-1.83188
-1.40247
-0.106177
0.600384
-0.360055
-0.0116932
-0.910074
0.0731501
0.247098
-0.638031
-0.187661
-0.949527
-1.20331
0.334568
-0.755947
-1.13492
-0.112582
-0.368379
-0.768496
-0.641818
0.314541
0.13236
0.134474
0.253774
-1.35237
0.179842
0.151438
-1.43833
-0.458399
-1.19762
-1.26256
0.370596
0.168503
-0.239832
0.0725469
0.403874
0.296609
0.10581
-0.784192
-1.09314
-0.657083
0.808193
-1.0511
-0.531173
-0.201499
0.0563343
0.355268
0.47485
0.2967
0.571515
-1.05692
-0.774076
0.162628
-0.260235
0.480035
0.530605
0.127677
-0.346121
-0.00227642
-0.39489
0.199822
-0.102032
-0.0682604
-0.190539
-0.303549
0.0924357
-0.996186
-0.169376
-0.656658
-0.403373
0.428482
0.468607
-0.238303
0.354026
-1.15688
-1.60561
-1.27601
-0.921431
-0.412749
-0.293747
-1.02445
-1.33461
-0.974788
-1.57055
-1.79691
0.175354
0.0711966
-0.33551
0.576877
0.448252
0.0970874
-0.649825
-0.0395806
-0.90429
-0.204891
-0.516908
-1.16298
0.477986
0.495165
0.907424
0.108942
-0.433664
0.292691
-0.288334
0.0237564
-0.663585
0.415536
-0.040046
-1.10966
-0.153747
0.347492
0.329596
-0.195414
-0.595158
0.0224008
0.158853
-2.04136
-0.69208
-1.34485
-0.932013
-1.56221
-0.165123
0.26972
-0.960923
0.379595
-0.0963974
-0.0370704
0.148099
-0.0570868
0.347232
-1.84819
-0.00558383
-0.844139
-0.841901
-0.183126
-0.336473
-0.167799
0.418993
-2.35838
-1.05904
0.514353
0.516054
-0.6709
-0.424193
0.246681
-0.840746
-0.868795
-1.27672
0.0753045
-0.0242915
-1.348
-1.44358
-0.76843
-2.90144
0.0293123
0.089897
-1.67003
-0.852404
-0.699954
0.40429
-1.25015
-0.939815
0.231457
0.343611
0.307371
-1.14769
-0.356424
0.249082
-1.90857
-1.21332
-0.939568
-0.426914
0.544865
0.0813525
-1.20965
-1.13623
-0.59416
-1.06495
0.147424
-0.375953
-0.00567716
-0.269158
-0.52312
-0.886721
-0.0822429
-0.602245
-1.44428
-0.0632964
-2.29182
-0.663035
0.109653
-0.131778
-0.509691
-1.14357
-0.193125
-0.358111
-1.13651
-1.57956
-1.79212
-1.28962
-1.15405
-0.303505
0.222022
0.554556
-0.259049
-0.235736
-0.58631
-0.0956976
0.0737712
-1.65112
0.0947757
0.0198173
-0.0163557
-0.338524
-0.25022
0.344936
0.175359
-0.441965
0.509449
0.566213
-1.22552
0.111786
-1.74806
0.0505122
-1.41901
0.118458
-0.892234
-0.98382
-0.910997
0.472356
-0.505789
-1.99604
0.451199
-0.00964664
0.318151
-0.361833
-1.23511
0.0428589
-0.152793
-0.50848
0.0680468
-0.982936
0.117867
-0.41461
0.302418
-0.412398
-0.18018
0.359754
-0.529556
-0.916654
-1.1422
0.168374
-0.235713
0.158349
-0.52472
-1.10516
-1.32672
-0.103779
0.406036
0.498802
-1.71978
-1.01244
0.149713
-1.18019
-1.69569
0.101575
0.321767
-0.983164
-1.29056
-0.990707
0.0723609
-1.11459
-1.9477
0.210325
0.19229
-0.104622
-0.481797
-0.372306
0.116944
-1.80707
-0.468296
-1.13519
-2.18376
-0.446163
-0.257708
-1.83092
0.222914
0.453567
-1.95116
0.422177
-0.73861
0.0575092
-0.298645
-0.455617
0.163227
0.580924
0.345164
0.36886
-0.234435
-1.31529
-0.25712
-0.0103969
0.548581
0.426597
-2.35678
-0.92137
-1.47064
0.0724652
-0.572137
0.0606233
0.40669
-0.262812
0.239988
-0.265675
-2.04502
0.380327
-1.12154
-1.44952
0.251711
-1.21703
-0.036569
0.0042173
-0.863296
0.388146
-0.725875
0.140133
0.299059
-1.71811
0.441824
-1.22014
-2.15331
0.323723
-0.805243
-1.00707
0.214203
-0.897935
-2.41757
0.0938791
-0.295379
-0.401408
-0.482563
-0.914546
-0.133642
0.273775
-1.03809
-0.749036
-0.159525
-0.373696
-1.28123
-0.349906
0.324624
0.45114
0.120437
-1.26809
0.149692
0.581755
-0.125267
-0.60229
0.335722
-1.04496
-0.144353
0.163373
0.487476
0.421407
-1.60415
-0.554372
-0.201683
0.250334
-1.19794
-1.27261
0.249058
0.561188
-1.09647
-0.328213
-0.930228
-0.354576
-2.22137
-0.644729
-1.4169
0.780787
-0.44272
0.430522
-1.39772
0.172875
0.140668
-0.151293
-1.98768
0.484779
-1.37649
-0.320326
0.334226
-1.70101
-0.501355
-0.779978
0.0751091
0.43089
-1.69351
-1.06464
-0.434982
0.19417
-0.588933
0.283261
-1.66601
0.401146
0.214589
-0.439628
-1.89279
0.30427
0.330216
-0.0493548
-0.713973
-0.569201
-1.17097
-1.13139
-1.61202
-1.02918
-1.27051
-1.43419
0.740179
-0.810614
-0.096344
0.570701
-1.81007
-1.52052
-1.97536
-0.96732
0.0459311
-0.545352
0.183264
0.155637
-1.02101
0.10134
-1.97942
0.305995
0.37998
-0.217238
-1.00031
-0.656185
-0.833936
0.250272
-1.00544
0.249355
-2.06887
-0.489437
-0.445829
-0.558317
-1.58684
-1.05338
-0.0367705
-0.746301
0.391108
-0.755547
-0.354485
0.177752
0.574505
-0.0178294
-0.63904
-0.106255
-0.321963
0.063411
0.228625
-0.850868
0.305122
-0.851231
-0.174135
0.0366663
-0.902494
0.342761
-0.651379
-0.45806
0.439213
-0.582351
0.396284
-0.67693
0.206622
-0.174395
-0.400502
0.125698
-1.40206
-0.0488798
-0.831514
-2.18921
-0.291338
-0.95159
-0.317053
-0.797337
-0.109851
-0.761054
0.921651
-0.175851
-0.080074
-1.42608
-0.249102
0.337712
-0.511575
-1.09885
-0.472957
-0.0492863
0.229838
0.0899012
-0.179729
0.510959
-0.326716
-0.376644
0.342888
-0.0319824
-0.633044
-0.093334
-1.40598
-0.434819
0.524885
-0.630236
-0.362643
0.0643097
0.094317
-1.01902
-0.652189
-0.805648
0.188664
-1.96663
-0.465984
-0.290739
-1.35627
0.32521
-0.378441
0.0588313
-0.544441
0.0441436
-0.640501
0.374738
-0.0512153
-0.467722
-0.785094
-0.803865
-0.242985
-1.08935
-0.882802
-1.37991
-0.0439349
-0.983044
-0.899355
-0.44055
-0.49028
-0.810932
-0.67096
-0.519083
0.130659
-0.273289
0.189924
-0.317858
-0.987213
-0.0506488
0.0499232
-0.0546113
-0.571047
0.391625
-0.235912
-0.341462
0.153779
-0.925536
-0.103689
-0.371111
-1.74276
0.168167
-1.51121
-1.20988
0.416325
-0.454253
-0.459068
0.121851
0.393337
-0.144665
-0.357418
0.379094
-1.1394
-0.573685
-0.505121
-1.65841
0.334797
-1.04151
-1.03621
0.17052
-2.19844
-0.7392
-0.323092
0.245484
-0.54269
-0.908729
0.300378
-0.196122
-0.444973
-0.532081
0.258866
0.097115
0.322463
-0.00932933
-1.61745
-0.681696
-0.488784
0.435749
-0.641865
0.0379418
0.218855
-0.386544
-0.999222
-0.868406
-0.707006
-1.61185
-0.604395
-0.637792
-0.583483
-0.733556
0.669954
0.468835
-0.0269584
0.106401
0.290064
-0.24501
-0.373129
-0.961989
-1.01731
0.0183701
-1.15575
-0.0338065
0.244119
-0.944405
-0.399652
-1.67281
-0.121532
-0.805078
-0.238426
0.281472
0.635646
-0.195587
-0.376264
0.364114
0.262225
-1.31094
-0.279825
0.0130099
0.319384
-0.213715
-1.11792
-0.678507
-0.0428818
0.0306836
-1.06806
0.129921
-0.810967
-0.853717
0.406943
-0.436223
0.0693201
-0.398972
-0.560131
0.146125
-1.07066
0.123992
-0.449267
-0.771842
-0.80317
-0.0323181
-0.0212443
0.048183
-0.179597
0.500661
0.373816
0.0957961
-0.319593
0.316531
0.327535
-0.913214
-1.79004
-0.542615
-0.149981
-0.787662
0.249339
-0.514656
-0.656337
-0.0388593
-1.82845
0.363411
0.6697
-0.317587
0.121647
-0.0278687
-0.127372
0.318761
-0.237396
-0.488755
0.207434
-0.442717
-0.325351
-0.744354
-0.365639
0.193624
0.209079
-0.327053
-0.33304
0.159404
0.246966
-0.453936
-1.42468
0.0899904
-0.571764
-0.285092
0.161451
-0.782469
-0.501034
-0.0436253
-0.420725
-1.27203
-0.239303
0.32265
-0.723957
0.364683
-0.381824
0.566326
-0.123322
0.413443
0.272046
0.481182
0.464008
-1.22806
0.406001
-0.25464
0.204611
0.347865
0.21217
-0.392009
-0.165754
0.237921
-0.0223185
-0.654326
-0.320542
0.178735
-0.386189
0.298644
-0.0823113
-0.0774386
0.0593749
-0.27816
0.026377
-0.876487
0.400617
0.231041
-1.04976
0.284556
-0.884442
-0.044447
0.536203
-0.769619
-0.39457
0.45049
0.182388
0.44297
-0.704293
-0.284363
-0.645085
-0.0557698
-0.370837
-1.73778
-1.9567
-0.227649
0.573682
-0.159806
0.263737
-0.383683
-0.790988
-1.18217
0.352057
0.00516162
0.257258
0.0942698
0.24085
-0.344003
0.228612
0.0737039
-0.188283
-0.451339
0.410933
0.305711
-1.38954
-0.46972
-0.92313
0.324521
-0.885019
0.0768627
0.23215
-0.323794
0.740116
0.287807
-0.256165
0.00262726
0.0593835
-0.0364492
-0.13954
0.879999
0.36804
-1.01266
-0.588471
-0.471415
0.21531
-0.512334
-1.30841
-1.18548
-1.39064
-0.625017
0.162402
-0.449477
-0.421483
-0.714119
-0.41742
0.0876956
-0.437974
-0.177753
-0.175094
0.607545
-0.175177
-0.495062
-0.471593
-0.591494
0.439394
-1.53201
-0.233943
0.0492361
-0.218748
0.259861
0.0925026
0.179127
0.258642
-0.404058
0.413616
-0.420178
0.287566
0.67943
-0.767485
0.228442
-1.15186
0.619347
-1.42188
-0.666365
-0.993525
-0.0299192
0.312225
0.142797
0.191328
-0.396517
-0.158415
-1.31646
0.130189
-0.998376
0.048321
-0.303991
0.195779
-0.254655
0.594366
-0.196236
-0.0471217
0.133588
-0.681457
-0.619885
0.144792
-1.09309
0.149746
-0.130919
0.26643
0.140686
0.460389
0.0335033
-0.147349
0.558052
0.52809
-0.840759
-1.13522
0.329846
0.157219
-0.260401
-0.23598
0.654779
-1.14391
-1.12031
0.140076
-1.05799
0.0721502
0.29627
-0.161079
-0.713986
-1.28421
-0.514642
-0.987837
0.0832372
-1.24451
-0.247686
0.493137
0.368624
0.492498
-0.634458
-0.154979
0.20886
-0.99883
0.17949
-1.03937
-0.561434
-0.32881
-0.596282
0.1643
-0.250731
0.149031
-0.592085
-0.547341
-0.385427
-0.269588
-0.0925125
-0.827086
0.0618408
0.42357
0.826875
-0.00978255
-0.806097
-0.160694
-0.216386
-0.174702
0.418327
0.325431
0.0288388
-0.0865604
-0.200009
-0.116327
-0.0258803
0.649065
-0.468279
0.507591
0.567135
-0.27554
0.0318497
0.0540959
-0.47643
0.0885688
-0.534858
-0.0863961
-0.275864
0.0742176
0.29516
-0.252508
-0.987832
0.107184
0.564418
0.416402
0.564491
0.280018
0.315931
-0.739305
-0.119616
-0.13556
-0.841016
-0.195792
0.211307
0.425309
0.442337
-0.712575
0.0454775
0.03045
-0.154665
-0.558841
-0.431962
0.278944
-1.79512
0.196714
0.274125
-0.772993
-0.105306
-0.66539
-0.138399
0.0819501
0.647568
-0.40191
-0.427562
-0.483139
-0.634819
0.371105
-1.41824
-1.41293
0.24685
0.372301
-0.241335
-0.38905
0.157958
0.72298
0.0165119
0.671183
-0.211699
-0.128991
-0.841218
-0.15691
-0.438677
-0.36852
-0.402144
-0.736725
-0.328128
0.0652752
0.567789
-0.306073
-0.207129
-0.693354
-0.188479
-0.958975
0.0344607
0.138485
0.220641
0.398914
-0.15803
-0.0739513
0.529101
-0.917539
-1.08361
0.65543
0.497791
-0.0875705
-0.755854
-0.298793
0.50202
0.249117
0.00429405
0.522746
0.0371692
0.323708
-0.925036
-1.29852
0.319744
0.577338
-0.789643
0.45268
-1.2881
-0.757323
-2.10683
-0.089374
-0.495159
-0.217847
-0.79669
-0.249628
-1.48168
-0.193989
-1.04272
-0.557398
-0.52873
0.335162
-0.209487
-0.691074
0.58194
-0.984501
-0.310768
-0.243399
-0.551089
-0.472028
0.269214
0.547906
-0.620568
0.253318
-0.121358
0.341186
-0.705671
-0.38544
-0.695352
0.33664
0.409028
0.605435
-0.0665077
-0.282242
0.253768
-0.242812
-1.15794
0.384946
-0.234039
-0.0313638
0.0375779
0.116425
0.0274075
0.0312722
-1.54076
-0.197594
0.0847178
-1.00077
-0.228119
-0.312738
0.246593
0.100866
-0.448654
-1.25519
0.560277
-0.721018
0.12994
0.181625
-0.603059
-0.595107
-0.44407
-0.139115
-0.749715
0.302394
-0.557623
-0.448694
0.447621
-0.196056
-0.727163
-0.45387
0.0646221
0.0401317
0.226734
0.128581
-0.951302
0.452874
0.0401937
-0.156818
-0.904546
-0.293051
0.296208
-1.14567
0.0456455
-0.279947
-0.0116464
0.50491
-0.660966
-0.218284
-0.509901
-0.715386
0.0917514
-0.204017
-0.0217466
-0.566677
-0.397593
-0.323765
-0.892696
-0.573293
0.335587
-0.0422075
-0.0168983
-0.833367
0.756043
-0.196765
-0.948737
-0.318349
-0.401974
0.290292
-0.450006
-0.0786031
0.0600771
-0.442342
0.408681
0.0875925
-1.06601
0.422367
-1.4718
0.114973
-0.39146
0.507468
-0.36628
0.453289
0.723121
-0.617347
-0.865394
-0.876927
-0.161966
0.389348
0.10436
0.434929
0.0626125
0.310603
0.405883
-0.386651
-1.04421
0.0125509
-0.113433
-0.597357
-0.172805
0.587275
-0.0124072
0.0827844
0.506766
-0.507381
-0.563958
-0.037494
-0.302316
-0.466748
0.0988944
-2.5294
0.134237
-0.356634
-0.487538
-0.881228
-0.335016
0.527572
0.647779
-0.292659
0.365929
-0.751163
-0.461932
-0.664865
0.121265
-0.00638258
-1.20147
0.129749
0.597575
-0.060686
0.266811
-1.01469
0.165585
0.489641
0.149656
0.459499
0.454184
0.440581
0.334236
-0.758385
-0.847894
-0.389636
0.280761
0.266157
-0.762561
-0.187657
0.454486
-0.0360942
-0.502088
0.201477
-0.708492
-1.90131
0.227161
-0.167183
-0.0954752
0.138086
-0.245828
-0.643229
-0.679913
-0.610316
0.112095
-1.00827
0.544401
0.358828
-0.464189
-1.35663
0.268009
-0.681169
-0.607936
0.0481388
0.709596
-0.26389
-0.73214
-0.771095
-0.296365
-0.737397
-0.0939733
-0.729198
-0.481284
-0.438743
-0.229434
-1.45706
0.242271
0.12108
0.416025
0.847941
0.375187
0.408321
-1.37498
-2.13987
-0.651572
0.313838
-0.384251
-1.12011
0.638199
-0.77123
0.600018
-0.41381
-0.761984
0.118527
0.620234
0.381535
-0.455283
0.3384
-0.49581
0.480493
0.169159
-0.268176
0.0212197
-0.43816
-0.120802
0.3366
-0.487088
0.442989
-0.0892311
-0.658829
-0.404742
-1.55637
-0.401915
-0.3406
-0.424377
0.162672
0.0956419
0.337704
-0.14595
-0.334678
-0.227437
0.602166
0.0248468
-0.848533
0.378895
-1.01458
0.22505
-0.169209
-0.176533
-0.553075
-1.02888
0.256267
-0.0211739
0.262412
0.465639
-0.235746
-0.0411925
0.528395
-0.414706
0.0200785
0.45481
-0.903223
0.343197
-0.256716
-0.062597
0.0841126
0.190316
-0.695382
-0.445647
-0.351721
-0.197535
-0.941157
-0.0943434
-0.231102
0.378287
-0.781566
-0.722167
-0.747981
-1.48833
0.0659771
0.0656317
-0.589937
0.0879091
-0.3491
0.127368
-0.213948
0.442165
-0.748093
0.12921
-0.733577
0.0506312
-0.816902
-0.460476
0.05446
-0.922373
-1.27384
0.175655
0.0243161
-0.677518
-0.00718685
0.383726
-1.03727
-0.36711
-0.242535
-0.0573916
0.519492
-1.11618
-0.354929
0.425154
0.247792
-0.324882
-0.564664
-0.301017
0.257753
0.445566
-0.338493
-0.424111
0.12473
-0.176616
0.133773
0.550937
0.164875
0.466444
-0.829687
-0.556706
0.0581608
0.250313
0.194063
0.380658
-0.33426
-0.13587
0.0305224
-0.910339
-0.509842
0.121965
-0.853888
-0.518675
-1.05546
-0.948193
0.102085
-0.550676
-0.167345
0.0332071
-0.247881
0.388838
-0.0150634
-0.527487
-0.382758
0.00306796
0.172565
0.659233
-1.53887
0.0881028
0.141883
0.115943
-0.728499
0.16726
-0.766728
-0.0822482
-0.812873
-0.188912
0.51016
-0.85602
0.0377891
-1.22466
0.132335
0.114062
-0.128167
0.181184
-0.337602
-0.148156
0.586781
0.122674
0.580435
-1.25591
0.531097
-0.0311153
0.232989
-0.266194
-0.694715
0.409041
0.16747
-0.187764
-0.462444
0.523462
-0.483192
-1.18228
-0.0813417
-0.529291
-0.426746
-1.00263
0.0577669
-0.301713
0.345446
-0.22388
0.130461
0.409979
0.340512
0.419217
0.177433
-0.575144
-0.598511
-0.289724
-0.464798
-0.495753
-0.489735
-0.43327
0.276346
-0.598019
0.0917918
-0.867167
-0.574171
-0.798905
0.0750624
-0.360137
-1.64256
0.118027
-0.8487
0.549423
0.0783842
0.0844203
0.475213
-0.434897
-1.36282
0.354799
0.164874
-0.356343
0.403862
-0.263073
0.221835
0.195248
0.46152
-0.659172
-0.552231
0.0108764
0.0826875
0.281438
-0.61188
0.532701
0.347312
0.0503516
-1.46341
0.621308
-0.717115
0.406569
0.268994
-1.04485
-0.110664
-0.238495
0.134155
0.0540471
0.122763
-0.0138046
-0.153068
0.207744
-0.218658
-0.712301
-0.550324
0.113168
0.470343
-0.0839314
0.344739
0.0839507
0.246854
-1.08564
-0.762659
0.253522
0.133057
0.390219
0.605601
0.144113
0.140042
-0.423697
-2.22715
0.595174
0.47592
-1.16931
-0.440318
0.00416778
0.399715
-0.375937
0.257918
-0.0809599
0.182053
0.160399
-0.589344
0.0728162
-1.15692
-1.38377
0.0750719
0.0119901
0.18505
-0.200363
0.404432
0.342203
0.163331
-0.0846977
-0.00733837
-0.445353
-0.126976
-0.399171
-0.879684
-0.00140646
-0.506286
0.0798033
0.361036
0.196167
0.272483
-0.520896
-0.483781
0.345784
-0.957098
-0.0951417
-0.387758
0.238715
-0.756791
-0.632631
0.532477
-1.0491
-0.168719
0.448624
-1.64254
0.464649
0.347751
-1.14483
-0.376943
-0.583418
-0.0111913
0.410044
0.274955
-0.46926
0.106826
0
0
0
0
0
0
0
0
0
0
0
0
0
0
0
0
0
0
0
0
0
0
0
0
0
0
0
0
0
0
0
0
0
0
0
0
0
0
0
0
0
0
0
0
0
0
0
0
0
0
0
0
0
0
0
0
0
0
0
0
0
0
0
0
0
0
0
0
0
0
0
0
0
0
0
0
0
0
0
0
0
0
0
0
0
0
0
0
0
0
0
0
0
0
0
0
0
0
0
0
0
0
0
0
0
0
0
0
0
0
0
0
0
0
0
0
0
0
0
0
0
0
0
0
0
0
0
0
0
0
0
0
0
0
0
0
0
0
0
0
0
0
0
0
0
0
0
0
0
0
0
0
0
0
0
0
0
0
0
0
0
0
0
0
0
0
0
0
0
0
0
0
0
0
0
0
0
0
0
0
0
0
0
0
0
0
0
0
0
0
0
0
0
0
0
0
0
0
0
0
0
0
0
0
0
0
0
0
0
0
0
0
0
0
0
0
0
0
0
0
0
0
0
0
0
0
0
0
0
0
0
0
0
0
0
0
0
0
0
0
0
0
0
0
0
0
0
0
0
0
0
0
0
0
0
0
0
0
0
0
0
0
0
0
0
0
0
0
0
0
0
0
0
0
0
0
0
0
0
0
0
0
0
0
0
0
0
0
0
0
0
0
0
0
0
0
0
0
0
0
0
0
0
0
0
0
0
0
0
0
0
0
0
0
0
0
0
0
0
0
0
0
0
0
0
0
0
0
0
0
0
0
0
0
0
0
0
0
0
0
0
0
0
0
0
0
0
0
0
0
0
0
0
0
0
0
0
0
0
0
0
0
0
0
0
0
0
0
0
0
0
0
0
0
0
0
0
0
0
0
0
0
0
0
0
0
0
0
0
0
0
0
0
0
0
0
0
0
0
0
0
0
0
0
0
0
0
0
0
0
0
0
0
0
0
0
0
0
0
0
0
0
0
0
0
0
0
0
0
0
0
0
0
0
0
0
0
0
0
0
0
0
0
0
0
0
0
0
0
0
0
0
0
0
0
0
0
0
0
0
0
0
0
0
0
0
0
0
0
0
0
0
0
0
0
0
0
0
0
0
0
0
0
0
0
0
0
0
0
0
0
0
0
0
0
0
0
0
0
0
0
0
0
0
0
0
0
0
0
0
0
0
0
0
0
0
0
0
0
0
0
0
0
0
0
0
0
0
0
0
0
0
0
0
0
0
0
0
0
0
0
0
0
0
0
0
0
0
0
0
0
0
0
0
0
0
0
0
0
0
0
0
0
0
0
0
0
0
0
0
0
0
0
0
0
0
0
0
0
0
0
0
0
0
0
0
0
0
0
0
0
0
0
0
0
0
0
0
0
0
0
0
0
0
0
0
0
0
0
0
0
0
0
0
0
0
0
0
0
0
0
0
0
0
0
0
0
0
0
0
0
0
0
0
0
0
0
0
0
0
0
0
0
0
0
0
0
0
0
0
0
0
0
0
0
0
0
0
0
0
0
0
0
0
0
0
0
0
0
0
0
0
0
0
0
0
0
0
0
0
0
0
0
0
0
0
0
0
0
0
0
0
0
0
0
0
0
0
0
0
0
0
0
0
0
0
0
0
0
0
0
0
0
0
0
0
0
0
0
0
0
0
0
0
0
0
0
0
0
0
0
0
0
0
0
0
0
0
0
0
0
0
0
0
0
0
0
0
0
0
0
0
0
0
0
0
0
0
0
0
0
0
0
0
0
0
0
0
0
0
0
0
0
0
0
0
0
0
0
0
0
0
0
0
0
0
0
0
0
0
0
0
0
0
0
0
0
0
0
0
0
0
0
0
0
0
0
0
0
0
0
0
0
0
0
0
0
0
0
0
0
0
0
0
0
0
0
0
0
0
0
0
0
0
0
0
0
0
0
0
0
0
0
0
0
0
0
0
0
0
0
0
0
0
0
0
0
0
0
0
0
0
0
0
0
0
0
0
0
0
0
0
0
0
0
0
0
0
0
0
0
0
0
0
0
0
0
0
0
0
0
0
0
0
0
0
0
0
0
0
0
0
0
0
0
0
0
0
0
0
0
0
0
0
0
0
0
0
0
0
0
0
0
0
0
0
0
0
0
0
0
0
0
0
0
0
0
0
0
0
0
0
0
0
0
0
0
0
0
0
0
0
0
0
0
0
0
0
0
0
0
0
0
0
0
0
0
0
0
0
0
0
0
0
0
0
0
0
0
0
0
0
0
0
0
0
0
0
0
0
0
0
0
0
0
0
0
0
0
0
0
0
0
0
0
0
0
0
0
0
0
0
0
0
0
0
0
0
0
0
0
0
0
0
0
0
0
0
0
0
0
0
0
0
0
0
0
0
0
0
0
0
0
0
0
0
0
0
0
0
0
0
0
0
0
0
0
0
0
0
0
0
0
0
0
0
0
0
0
0
0
0
0
0
0
0
0
0
0
0
0
0
0
0
0
0
0
0
0
0
0
0
0
0
0
0
0
0
0
0
0
0
0
0
0
0
0
0
0
0
0
0
0
0
0
0
0
0
0
0
0
0
0
0
0
0
0
0
0
0
0
0
0
0
0
0
0
0
0
0
0
0
0
0
0
0
0
0
0
0
0
0
0
0
0
0
0
0
0
0
0
0
0
0
0
0
0
0
0
0
0
0
0
0
0
0
0
0
0
0
0
0
0
0
0
0
0
0
0
0
0
0
0
0
0
0
0
0
0
0
0
0
0
0
0
0
0
0
0
0
0
0
0
0
0
0
0
0
0
0
0
0
0
0
0
0
0
0
0
0
0
0
0
0
0
0
0
0
0
0
0
0
0
0
0
0
0
0
0
0
0
0
0
0
0
0
0
0
0
0
0
0
0
0
0
0
0
0
0
0
0
0
0
0
0
0
0
0
0
0
0
0
0
0
0
0
0
0
0
0
0
0
0
0
0
0
0
0
0
0
0
0
0
0
0
0
0
0
0
0
0
0
0
0
0
0
0
0
0
0
0
0
0
0
0
0
0
0
0
0
0
0
0
0
0
0
0
0
0
0
0
0
0
0
0
0
0
0
0
0
0
0
0
0
0
0
0
0
0
0
0
0
0
0
0
0
0
0
0
0
0
0
0
0
0
0
0
0
0
0
0
0
0
0
0
0
0
0
0
0
0
0
0
0
0
0
0
0
0
0
0
0
0
0
0
0
0
0
0
0
0
0
0
0
0
0
0
0
0
0
0
0
0
0
0
0
0
0
0
0
0
0
0
0
0
0
0
0
0
0
0
0
0
0
0
0
0
0
0
0
0
0
0
0
0
0
0
0
0
0
0
0
0
0
0
0
0
0
0
0
0
0
0
0
0
0
0
0
0
0
0
0
0
0
0
0
0
0
0
0
0
0
0
0
0
0
0
0
0
0
0
0
0
0
0
0
0
0
0
0
0
0
0
0
0
0
0
0
0
0
0
0
0
0
0
0
0
0
0
0
0
0
0
0
0
0
0
0
0
0
0
0
0
0
0
0
0
0
0
0
0
0
0
0
0
0
0
0
0
0
0
0
0
0
0
0
0
0
0
0
0
0
0
0
0
0
0
0
0
0
0
0
0
0
0
0
0
0
0
0
0
0
0
0
0
0
0
0
0
0
0
0
0
0
0
0
0
0
0
0
0
0
0
0
0
0
0
0
0
0
0
0
0
0
0
0
0
0
0
0
0
0
0
0
0
0
0
0
0
0
0
0
0
0
0
0
0
0
0
0
0
0
0
0
0
0
0
0
0
0
0
0
0
0
0
0
0
0
0
0
0
0
0
0
0
0
0
0
0
0
0
0
0
0
0
0
0
0
0
0
0
0
0
0
0
0
0
0
0
0
0
0
0
0
0
0
0
0
0
0
0
0
0
0
0
0
0
0
0
0
0
0
0
0
0
0
0
0
0
0
0
0
0
0
0
0
0
0
0
0
0
0
0
0
0
0
0
0
0
0
0
0
0
0
0
0
0
0
0
0
0
0
0
0
0
0
0
0
0
0
0
0
0
0
0
0
0
0
0
0
0
0
0
0
0
0
0
0
0
0
0
0
0
0
0
0
0
0
0
0
0
0
0
0
0
0
0
0
0
0
0
0
0
0
0
0
0
0
0
0
0
0
0
0
0
0
0
0
0
0
0
0
0
0
0
0
0
0
0
0
0
0
0
0
0
0
0
0
0
0
0
0
0
0
0
0
0
0
0
0
0
0
0
0
0
0
0
0
0
0
0
0
0
0
0
0
0
0
0
0
0
0
0
0
0
0
0
0
0
0
0
0
0
0
0
0
0
0
0
0
0
0
0
0
0
0
0
0
0
0
0
0
0
0
0
0
0
0
0
0
0
0
0
0
0
0
0
0
0
0
0
0
0
0
0
0
0
0
0
0
0
0
0
0
0
0
0
0
0
0
0
0
0
0
0
0
0
0
0
0
0
0
0
0
0
0
0
0
0
0
0
0
0
0
0
0
0
0
0
0
0
0
0
0
0
0
0
0
0
0
0
0
0
0
0
0
0
0
0
0
