-0.747617
0.185656
0.73202
-0.396733
0.46795
-0.131746
-0.606492
0.384144
-0.371732
-2.62464
-1.03101
-1.58128
-0.727125
0.292596
-1.86485
-1.54603
-1.38321
-1.04656
0.45127
-0.893251
-1.46111
-1.66561
-0.807583
-0.747242
-1.35108
0.205397
0.00890066
0.546619
-0.571467
-0.240044
0.0511956
-0.21142
-0.0821398
0.458343
-0.977534
0.31354
-0.257648
-1.28926
0.137699
0.107533
0.384003
0.11066
-1.75433
0.183756
0.270948
0.462662
-0.481501
-0.668081
-0.0306465
-0.606233
-0.0296192
0.111656
-0.546009
-0.576998
0.761607
-1.62546
-0.748487
-2.15789
-1.06539
0.335533
0.323528
-0.431555
0.243099
-1.79628
-0.918733
0.180401
-0.592549
-0.328417
-0.616513
-0.320677
-0.432186
-0.65871
0.196416
-1.03811
-1.1537
-0.328404
0.0399459
-1.50111
-1.41945
0.433131
-0.0410357
0.121978
-0.68134
-1.66242
-0.403608
-0.404581
0.125543
-1.59018
0.197191
-2.91675
-0.0662836
-0.397226
0.219493
-0.456994
-0.0250108
-0.714655
-0.385968
-0.964576
-0.735306
-0.763462
-0.228744
-0.862142
0.686195
0.423938
-0.0393617
0.27499
-1.40303
-1.00783
-0.0813847
-0.263116
-1.25129
-2.09552
-1.31836
0.301486
-0.0432398
-0.605891
0.0770116
0.148444
0.177201
-0.995956
-1.80094
-1.13698
-1.01253
-1.06173
-0.295693
-0.0927072
0.461658
0.189401
-0.343039
-0.128202
0.0879525
-0.678872
0.556044
-0.179568
0.487026
-1.48131
-0.0502277
-0.0614966
-0.716659
0.57471
-0.268562
-1.39188
0.959781
-0.0308578
-0.160666
-0.480291
0.0465543
-0.390692
0.38748
-1.14753
-0.328459
-1.45195
-0.769271
-0.404112
-0.605327
-0.146224
-0.731717
-1.20278
0.553081
-1.28721
-0.00135662
0.483164
0.114915
-0.016726
0.236241
-0.158887
0.471756
-0.044069
0.107967
0.0574524
-0.637839
0.0060838
0.513644
-0.905075
-0.557624
-2.04336
-0.242038
0.00708142
0.189025
-0.810818
-0.228117
-1.49268
-0.113292
0.185621
-0.170031
0.0862993
-1.0578
-1.16881
0.349429
-0.46013
-1.70696
-0.908789
0.0701644
-0.466674
-0.292061
-0.0738213
-0.539365
-0.836192
-0.328463
0.193615
-0.492249
0.119476
0.371443
-0.865679
-0.217362
0.143868
0.0475018
-0.59482
-0.886333
-0.427309
0.690796
-0.823339
-0.250339
0.546453
0.123509
0.314759
-0.491762
0.335374
-0.70046
-0.292241
0.0228974
-0.80815
-0.393664
-1.3346
-1.02115
-0.168644
-0.748634
-0.593974
0.540764
-1.47674
-0.160877
0.218891
0.256558
0.75681
-0.163192
0.163642
-2.43368
-0.780589
-0.376343
0.37124
0.515706
-1.20056
0.0366709
0.0757039
0.0329372
-0.406356
-2.01626
0.266484
0.257048
0.193344
-1.72799
0.522036
-0.125713
-1.36148
0.231531
-1.23501
-0.988005
0.158887
-0.632639
0.60557
0.369526
-0.799789
0.286769
-0.689023
0.451915
0.273901
-0.143009
-1.28637
0.466633
0.370924
-0.725479
0.632875
0.274455
0.818186
0.109437
0.257292
0.28218
-0.144838
0.16314
0.194675
-0.0854775
-1.40979
0.702452
-0.135695
0.293009
0.635097
0.56472
0.332958
0.183945
-0.266681
0.367364
-0.534026
-1.59227
-0.0073953
-1.46004
-0.223945
0.142987
-0.0694044
-0.354608
0.176366
-0.166891
0.202664
0.265027
0.124749
-1.40293
-0.80554
0.657265
0.373435
0.0144329
0.610633
0.20525
-0.830678
-1.78668
0.034647
-0.222085
0.275045
-0.346985
-0.194386
0.105838
0.144591
0.431356
-0.0473504
0.374194
-0.730028
0.111582
-0.422615
-0.215195
-0.131031
0.557878
0.603591
-0.130772
-0.779559
0.141066
0.00414264
0.31684
0.255958
0.277651
0.781827
-0.0281309
-1.07449
-1.96578
-0.793882
-0.544205
-0.223744
0.222997
-0.983276
-0.176132
0.00146995
-0.529315
-1.37861
-0.100047
0.114708
-1.73225
-1.57433
0.375966
-0.044797
0.414576
-0.459951
-1.85368
-1.25055
-1.38786
0.342482
0.464445
-1.18702
-0.169342
0.00922135
-1.03066
-0.519163
0.233695
0.541091
-0.434485
-0.196293
-0.578984
0.111224
0.523036
-1.00189
0.15138
0.152913
0.437998
-1.2798
0.024763
0.422753
0.0774477
-0.258105
0.44192
-0.850706
-1.37216
-0.0144617
0.0506055
-1.03147
-0.403069
0.551539
-0.27256
-0.395898
-1.49435
-0.0356354
0.709028
-0.240178
0.215564
-0.632732
-0.963955
-0.488212
-1.96848
-0.862283
-0.116785
-1.64537
0.0109398
0.059678
0.250224
0.654393
-1.88477
0.320012
-0.181011
-0.874825
0.128471
-1.07773
-0.861399
-0.665993
-1.16088
-0.583576
-0.897288
-0.892953
-0.674238
-0.0795467
0.235989
-0.0877371
-1.0319
-0.962496
-1.10554
-0.0347617
0.2443
0.47125
0.710833
-0.464899
-0.0788922
-0.475084
0.33092
0.198361
-0.840596
-0.458206
-0.457705
0.214841
-1.08592
-0.656984
-1.13031
-0.89621
0.542858
0.413234
-0.831299
-0.881608
-0.951838
-0.0672918
-0.63901
0.0441738
-1.34181
-0.0639011
0.411284
-0.712077
-1.14585
-2.58784
-0.669954
-0.168025
-0.762004
-0.192781
-0.406143
-0.444466
-1.02751
-2.81693
-0.0281733
-0.674586
-1.2476
-0.0876024
0.187677
0.359342
-0.5199
-0.257282
-0.505034
-0.414995
-1.37063
0.48906
0.727615
-0.367698
0.676227
-0.179728
0.722671
-1.15819
-0.369935
-1.58514
-0.128639
-0.143304
0.149254
-0.0404734
-0.678006
0.245003
0.280469
-2.03744
0.13731
0.111092
-2.14816
0.435014
-0.889445
0.181605
0.481095
-2.50606
0.104756
-0.275428
0.0537722
0.589498
-0.804421
-1.57411
-1.41052
-1.48838
-0.594943
-2.38922
0.595618
0.411592
0.644061
0.214564
-1.34804
-0.810925
-1.35526
-0.302391
-0.196056
-1.06141
0.18256
-1.5572
-1.10074
0.422879
0.356512
0.5145
0.252412
-0.498227
0.126658
-1.83502
-0.185002
0.00924219
-0.384729
-0.769851
-0.0561936
-0.288372
-0.596655
0.423496
-0.282497
-0.286246
-0.715701
0.737531
-0.0779169
0.293522
0.398021
-0.746731
-0.0086816
0.411979
-0.677055
0.0154589
0.241812
-0.398429
-0.191966
0.606352
0.519966
0.0268619
0.71767
-0.152333
-0.275832
-1.80309
-0.816478
0.117605
0.872839
0.338778
-0.824951
-0.262822
-1.11345
0.454558
-0.372521
-2.64542
-0.102154
-0.730286
0.0433528
-0.173416
-0.870027
-0.906016
0.40339
-0.141891
-2.06303
0.0065848
-0.716984
0.163869
-0.722371
0.383764
-1.30056
-0.0450078
0.0511779
-0.3509
-1.80901
-0.34947
-0.128837
-0.106585
0.156474
-1.31498
-0.55836
-1.59139
-0.938337
-1.10609
0.487321
0.141152
0.17358
-1.15865
-0.205188
-0.174267
0.444084
-0.687682
0.464611
-0.205291
-1.90412
0.74498
-0.0580478
-0.217112
-0.59835
0.267164
0.25488
-0.152053
-0.0116041
0.345023
-0.656388
0.440153
-0.137141
0.690577
-0.942697
-0.913382
0.238252
-0.179032
-0.668822
-0.201297
-0.576224
0.099298
-1.06992
-0.671486
0.323498
-2.07316
-2.19992
-0.458986
0.134933
-0.812955
-0.171684
-0.178604
-0.679361
0.510594
-1.09637
-0.300902
0.0238255
0.569314
0.333502
0.362425
-0.809564
-0.386527
0.356262
0.229132
0.117172
-1.79383
-0.452004
-0.79271
0.779949
-1.09142
0.299159
0.492552
-0.0985942
-0.232837
-0.531188
0.232355
-2.09256
-1.29988
0.0862465
0.0647693
-0.606965
0.438857
-0.607028
-1.41484
-1.4608
-0.147986
-0.379316
-1.08126
-0.0897405
0.0979876
-0.108953
0.672439
0.323214
-0.3591
-0.826755
0.392136
-0.0600969
-0.247154
-0.0577259
-0.18923
0.0756899
0.240151
-0.286493
-1.74077
-0.869994
-0.675323
-0.799922
-0.693125
-0.0869611
-0.846692
-0.291978
0.400375
-0.31677
-0.135663
-0.953683
-1.21814
-2.21648
-0.520219
-1.82146
-1.16018
-0.672968
-0.688663
0.578381
0.128502
0.25244
-1.49437
-1.11908
-0.20298
0.559263
-0.254405
0.476916
-1.01005
0.142291
0.615116
-1.01089
-2.04601
0.323155
-0.22351
-1.02584
-0.84263
0.184665
0.443951
0.414122
0.0290841
0.119017
-1.27028
-0.833024
-0.936826
-0.0296601
0.319684
0.517782
-0.241923
-0.127212
-2.09451
0.440621
-0.736365
-0.543863
0.480882
-0.208825
-0.746269
-0.162538
-0.47553
0.194938
-1.31421
0.236781
-0.621489
0.0989431
-0.226337
-1.91569
-0.0108839
0.607862
-0.762747
-0.0971662
-0.248195
0.0877119
0.453925
-0.122685
0.350176
-0.152112
-1.03212
-0.779039
0.313145
-0.654941
0.0997273
0.491884
0.295241
-0.821375
0.403077
-0.600378
0.142145
0.102587
-0.456551
-1.25537
-0.621909
0.3026
-0.899315
0.333453
-0.285556
0.519508
-0.243904
-0.349448
-0.0247715
0.340221
0.302164
0.0302186
-1.25279
-1.04824
-1.02046
-0.500097
-0.977285
-0.904709
-0.618348
-0.383645
-0.585443
-3.3033
-0.800314
0.1552
-0.581554
-0.425506
-0.399577
-0.0121201
-0.776257
-0.0560925
0.72522
0.292185
0.217345
-1.16974
-2.18644
-0.321186
-0.734299
0.221074
0.34099
-2.29052
-0.427312
0.0967321
-0.161618
-1.04547
-1.32332
0.708197
0.255146
-0.757274
-1.75695
-1.53866
-1.07369
0.115073
0.12215
0.455573
-0.0985531
-0.135942
-1.04113
0.438145
-1.07975
0.0619744
0.566583
0.49698
0.167259
-0.260782
-1.30108
-0.714678
-0.217191
-1.10664
-0.836128
-0.713405
-1.27445
-1.75949
0.348679
-1.48283
-1.37966
0.0552469
-1.13853
-0.720742
0.310892
0.221749
-1.27254
0.170737
0.00336963
0.617659
-0.976611
-0.52644
-2.04727
-0.616071
-1.3922
-2.13448
0.452051
0.816957
0.246137
0.285211
-1.37036
-0.277982
-0.686863
-0.960199
-1.41913
-0.657008
-0.261509
0.373501
-0.0198198
0.601537
-0.529892
0.224386
0.0880306
-0.0904542
-1.31182
0.363685
-1.35021
-0.0199706
0.775263
-0.457985
0.323819
-0.468777
-1.35058
-0.164591
0.162805
0.724736
-0.976535
-1.34561
-1.40969
0.597362
0.363937
0.441514
-0.970697
-0.0786359
-2.00211
0.264334
-0.616165
-0.658466
-1.52779
-0.345826
-0.317681
-1.70555
0.0575377
-1.57386
0.477487
-0.958192
-0.324659
-0.294154
-0.264277
-2.19228
0.284132
-0.506173
-0.35784
-0.123899
-0.260934
-0.224437
-1.10227
-0.675717
0.341146
0.108309
-0.00365534
-0.105759
-1.16111
-1.63163
0.144981
-0.743413
-1.05407
0.35275
0.379789
0.266735
-0.239635
-0.295516
0.867002
0.578883
-0.720572
-0.726444
-0.406102
0.127893
0.0724263
-1.57886
-0.818078
-0.780904
-0.969156
-1.51301
-0.949836
-1.75642
-1.43689
0.552098
-1.29772
-2.31896
-0.0300922
-0.607391
-1.13927
0.224008
-0.91372
-0.0334687
-1.43835
-1.47891
-0.262112
-1.24492
-0.31564
-0.44402
-0.729729
-1.3849
-1.04163
0.193283
0.83019
-0.0855909
0.629366
0.296427
0.593054
-0.317496
0.516922
0.30235
0.218831
-0.117969
-1.32709
-0.221411
0.391335
-2.36982
0.289814
-1.00911
-0.104498
-1.41687
-0.345935
-0.499425
0.409449
-0.266932
0.240653
-0.22785
0.388772
-0.18978
0.345735
-0.645918
-0.241412
-0.207373
-0.596873
0.211737
-0.925181
0.0832114
-1.77914
-0.924813
-0.10174
-0.920933
0.592615
-0.311474
-0.391708
0.645841
-0.195013
0.270563
-0.782149
0.208506
0.233271
-0.132689
0.065397
-0.189934
-0.385806
0.257068
0.817831
0.00728458
-1.12578
-0.894015
0.372597
-0.463922
0.0237748
-0.502363
-0.933909
-0.791146
-0.30138
-0.269937
0.423373
0.459451
-0.127907
-0.235708
-0.141194
0.540161
0.191494
0.118078
0.1117
-0.122639
0.149308
0.111457
-0.223767
0.630689
0.078503
0.533415
0.299055
-1.11892
-0.0451559
-1.70896
-0.618611
-0.581822
-1.70046
-0.640793
-0.95688
-0.743283
-0.0128557
-0.219848
0.276687
0.306894
-0.281367
0.103734
-0.414462
0.334947
-0.706861
-1.00825
0.162128
-0.976382
0.473635
-1.20877
-0.396842
0.0199449
-0.0399797
0.267943
-1.0276
-0.591948
-0.0839514
-1.04943
-0.258782
0.138338
0.0518237
0.398957
0.448288
-0.362171
-0.42734
-1.0139
-0.705535
-0.202031
0.385752
0.509406
0.221143
0.0062422
-0.510466
0.343842
0.568028
0.0680137
0.45104
0.140066
-0.17879
0.489624
-0.343535
-0.813627
-0.737671
-0.352095
0.294943
0.44678
-0.262035
0.235156
-1.20169
-0.196012
-0.51697
-0.15745
0.0374371
0.736597
-1.4712
-0.557247
-0.67484
-0.203391
-0.829535
-0.521746
0.383422
0.135406
-0.178084
0.255094
-0.138854
0.867104
-0.922602
-0.956172
-0.175665
-0.111944
-1.39638
0.245149
0.326732
-0.0152186
0.3671
-0.362818
-0.0194756
-0.604227
0.0295938
-0.861089
-0.522586
-1.81275
0.357683
0.526132
0.494894
0.0909634
-0.0909487
-0.285032
0.00478694
-0.644232
-0.930783
-0.507341
0.0521119
-0.570513
-0.589384
-0.389375
0.429306
-0.315889
-0.367182
-0.720476
-0.152114
0.354465
-0.0707357
-0.0441643
0.138575
0.308239
-0.563622
-0.634065
-0.662881
0.124604
0.594458
-0.531905
-0.987857
0.00136465
-0.358241
-0.807372
0.00318943
-0.87882
-0.845056
0.0218837
0.0165794
-0.546533
-1.04402
-0.531667
-1.33202
-0.151055
0.272412
-0.2326
-0.457061
-0.239251
-0.0851033
-0.0835221
-0.105169
-0.285625
-0.0542207
-0.175588
-0.378136
-0.33364
0.384284
-0.569996
-0.637651
0.118708
-0.0017564
0.272058
-0.752295
-0.579139
-0.581755
-0.726475
-0.444338
-0.451002
-0.829313
-0.672356
-0.487413
-0.50464
-0.179355
-0.215703
-0.407125
0.331203
-0.767272
0.075865
-0.0598809
-0.666256
0.157823
-0.0822439
-0.33237
-0.331923
-0.161654
-1.0148
-0.902041
-1.37606
-0.853272
-0.677882
0.533294
-0.0106881
-0.961517
-0.435117
-0.381212
0.061179
0.166093
-0.171535
0.393004
-0.789857
-0.442675
-0.75589
-1.43652
-0.748531
-0.0990568
-0.575358
-0.719807
-1.8354
-0.122298
-0.876116
-1.29384
-0.565266
0.163602
-0.270295
0.482519
0.392603
0.0938007
0.323897
0.00410574
-0.772698
-0.144927
-0.0147952
-0.176557
0.688246
0.47066
0.147673
0.50433
-0.754399
0.269301
0.0687769
0.19373
-0.119805
0.115571
-0.196603
-0.254371
0.0177591
-0.582948
0.0266541
-0.43876
-0.489133
-0.691553
0.0366916
-2.007
0.537185
-0.279855
-1.39462
0.106539
0.511084
0.164905
0.183366
0.383709
-0.38752
0.0167104
-0.311455
-0.271905
-0.835438
-0.508678
0.757906
-0.164072
-0.29335
0.395117
-1.44279
-0.0478727
0.220317
-1.30757
0.0241572
-0.481328
0.5795
-0.0495789
-0.565595
-1.74274
0.28252
0.160485
0.111999
0.317226
0.280528
0.549856
-0.353943
-0.213327
-1.22924
-2.3116
-2.01178
-0.400634
-0.0775478
0.223286
-0.304272
-1.59046
0.198115
0.451784
-0.112374
-0.111069
-0.0199927
0.443953
-0.675389
0.115825
-0.761895
-0.280537
0.178128
0.192696
-1.06476
0.0885994
0.262378
0.401318
-0.976186
-0.197084
-0.196891
0.22152
0.101201
-0.0479386
-1.19814
-1.40231
-1.41853
0.514115
-2.46453
-1.09164
0.0559265
-0.105915
-0.533343
-1.33609
-0.00476205
0.0642872
-0.40932
0.0454949
0.162555
-0.296342
-0.255202
-0.0420897
-0.544408
-0.917706
-0.0158205
0.135734
-0.451498
0.21679
0.598204
0.172623
0.0159472
-0.13422
-0.0133683
-0.506394
0.308002
-0.641812
0.603525
-0.279376
-0.903753
0.132401
0.116268
-0.406091
0.327705
-0.345457
-0.0925115
0.0816143
0.32431
-0.4943
-0.267357
0.149482
-0.532753
0.445645
0.103227
0.423562
0.810546
-0.15087
0.0867566
-0.0270271
-0.0558669
-0.742692
-1.14248
0.375797
0.11336
0.0919307
0.324987
-0.297317
-3.44265
-1.11459
0.100508
-0.10106
-0.231696
0.44814
-0.251712
0.226607
-1.23469
-0.105708
0.122774
0.145515
-1.09692
0.185694
0.218625
-0.0837079
0.353872
-0.654391
-0.147962
-0.163058
-0.0695895
0.662663
-0.529419
0.371722
-1.0112
-0.766121
0.419954
0.322353
-0.951056
0.146138
-0.297589
-1.27374
-0.11048
-0.852603
-1.08897
0.035158
-0.15559
0.552382
0.395222
0.0882445
-0.0189057
-0.115291
-0.548078
-0.290537
-1.1924
0.318838
-0.19363
0.177593
-0.0805341
0.309914
-0.343229
0.108132
0.084981
0.358962
-0.341241
-0.699562
0.474649
0.682574
-0.478721
-0.356787
0.204271
-0.0778639
-1.03176
0.163107
0.307298
0.491468
0.318562
-1.27722
-0.731981
0.0517507
0.370632
-0.315402
-0.594199
-0.236808
0.441379
0.601242
-0.0573232
-0.777188
-0.461258
-0.244557
0.248702
0.692883
0.218781
-0.411976
-0.0876646
-0.354716
0.0416097
-0.876485
-1.29878
0.0647834
-0.434406
-0.613286
0.0572786
0.21833
0.389237
-0.375637
0.0882574
-1.13864
-1.70985
-1.50353
0.484462
-0.0155752
-0.306652
-0.449777
-0.623437
0.368943
0.236519
0.46462
-1.28602
-0.0507594
-0.859709
0.0919585
-0.770572
-0.0739047
0.245263
0.346428
-0.386982
-0.226856
-0.863994
0.550407
-1.64289
0.0688365
0.33565
0.507344
-0.199928
0.515021
-0.904396
0.0547875
-0.190902
-0.20384
0.573708
-0.511901
-0.334762
-0.822896
-0.180722
-0.225423
0.131968
0.215789
-1.18719
-0.150437
0.242684
0.344027
-0.623245
-0.768025
0.194874
-0.599777
-0.5411
0.486257
-0.19004
-0.764246
-0.166121
-0.134246
0.143987
-0.527188
-0.474174
0.356127
-0.151269
0.316392
-1.4686
0.20123
0.00688034
-0.0953959
-0.852645
-1.17509
-0.284638
-0.609536
0.234724
-0.253928
-0.373301
-0.0290947
0.458217
-1.04582
-0.46349
0.186683
-0.387013
-0.0375229
0.0728765
-1.44986
-0.0935684
0.309509
0.776531
-0.861425
0.43672
-0.739076
-1.73551
-0.622094
0.257024
0.359444
0.61962
-0.557756
0.634296
0.105975
-0.612234
-1.05794
-0.108738
-0.159426
-0.195158
0.223433
-0.918564
-0.0603728
0.210208
-0.919289
-1.14256
-0.000313885
0.290346
-0.509755
-0.0750286
-0.662967
-0.464344
-0.0829329
0.425176
-0.12117
0.184633
-0.272729
0.351191
-2.59468
-0.048693
-1.10096
0.25467
-0.05862
0.0597836
0.675161
0.103769
0.467944
0.383795
0.435492
-0.0347162
0.156377
-0.263639
-0.71582
0.165475
-0.535314
0.167739
0.354782
-0.0221077
0.395061
0.60583
-0.418347
0.352757
-0.535895
0.454492
-0.656933
-0.610617
-0.847871
0.719545
-0.0686758
-1.15146
-0.207997
0.219412
-0.206571
-1.04275
0.27174
0.147626
0.164722
0.0212659
-0.0123743
0.212523
0.14756
-0.632255
-0.0218036
-0.105371
-1.56482
-0.172274
-0.50512
-0.587917
0.211136
0.201475
0.296579
-0.721367
0.200969
-0.683289
0.581679
-0.481118
-0.231118
-1.45329
-1.28605
-0.792748
0.562265
-1.29186
-0.868411
-0.0386883
0.508136
0.265875
-1.5141
0.135892
0.201529
-0.254823
-0.464494
-0.299899
0.188721
0.131149
-0.211893
0.187121
0.65284
0.406756
0.385437
-0.0161442
-0.0733256
-0.66561
-0.125245
0.288534
-0.628941
-0.583571
0.431442
-0.488155
-0.246321
-1.97931
-0.435174
-0.122675
-0.751956
0.382494
-0.29701
0.0673927
0.307562
0.589136
0.0190627
-0.403269
0.594801
0.53861
0.132428
0.129287
-0.00745928
-1.26659
0.338661
-0.0734689
0.501189
-1.73226
0.5834
0.578487
-1.46389
0.134461
-0.837206
-1.18688
0.0623012
0.0925578
0.114933
0.423227
-0.74398
-0.713344
-0.958168
-0.907625
0.367514
-0.09823
-0.5589
-0.165919
-0.0965507
-0.560151
-0.181386
0.132553
-0.206123
0.497707
-1.46302
-0.156453
-0.300309
-0.180717
-1.082
-0.197251
0.708801
-1.99105
0.0812744
-0.295642
-0.854557
0.273064
-1.56003
-0.193203
-0.0987129
-0.745003
-0.347578
-1.25938
0.172157
-0.295105
-0.287932
0.0309922
0.258918
0.0135422
-0.980542
0.229147
-0.279292
-0.330107
-0.963169
-0.157767
-0.481408
-0.55139
-0.00828915
-0.612299
-0.250032
-0.964967
0.109312
0.118985
0.396277
-0.874292
0.614668
0.262185
-0.138941
0.33597
0.0734947
-1.35516
-0.700743
-0.844356
-0.0693381
-0.270938
0.168711
-0.175591
0.356948
0.0568431
-1.64625
-1.2021
0.240956
0.564698
0.180452
-0.281801
-0.585598
0.310783
0.31448
0.0102426
-0.540237
-2.01804
-0.136121
-1.37624
0.473766
-0.273591
0.290759
-0.220762
0.100723
-0.380253
0.593337
-0.612631
0.697916
-0.589382
-0.536789
0.134669
-0.787435
0.21698
-1.04956
-0.266112
-0.747053
0.37854
-0.0658541
-1.21001
-1.24502
-0.684877
0.23949
-0.736763
-0.340028
0.00401677
0.457548
0.416834
-0.02067
0.329608
-0.145807
0.743422
0.0883403
-0.895602
-0.894717
-1.00028
0.192797
-1.87039
-0.310498
0.202687
-0.312592
0.339591
-0.621573
0.284841
0.132665
0.46762
0.494833
0.59921
0.0410537
0.154556
-1.28601
-1.3411
-0.263469
0.740955
-0.0854365
-0.0486482
0.670937
-0.0861105
-0.308925
0.319567
-0.960647
-0.302273
0.0465843
-0.0885908
0.250819
0.0906677
0.24894
-0.244417
-0.23549
0.0996194
0.0752607
0.0998959
-0.270795
-0.129944
-0.570977
-0.887621
-1.14092
0.013513
0.124927
-1.53357
0.203298
0.131482
0.255984
0.0782479
0.316237
0.578283
-0.415859
-0.0167753
-1.01756
-1.70136
-0.310627
0.389
-0.541677
-1.36529
0.323413
0.248917
-0.374678
0.532599
-0.733907
0.534572
-0.776322
-0.445803
-0.0461308
-0.0276446
-0.167367
0.184689
-0.387539
0.271022
-1.16613
0.195805
0.258408
-1.27346
0.236905
0.208631
-0.610035
-0.505195
0.737534
-0.809993
-0.0876647
-0.201196
0.5397
-0.999307
-0.0408667
0.418144
0.162178
-0.47201
0.197616
-0.336231
0.296626
-0.0709157
0.588872
-0.98238
-0.197818
-0.384462
-0.431293
-0.38367
-0.625976
-0.214337
-0.0598472
0.283665
0.344588
-0.319459
0.260214
0.0952155
-0.420966
0.14071
0.15515
-0.260082
-0.375575
0
0
0
0
0
0
0
0
0
0
0
0
0
0
0
0
0
0
0
0
0
0
0
0
0
0
0
0
0
0
0
0
0
0
0
0
0
0
0
0
0
0
0
0
0
0
0
0
0
0
0
0
0
0
0
0
0
0
0
0
0
0
0
0
0
0
0
0
0
0
0
0
0
0
0
0
0
0
0
0
0
0
0
0
0
0
0
0
0
0
0
0
0
0
0
0
0
0
0
0
0
0
0
0
0
0
0
0
0
0
0
0
0
0
0
0
0
0
0
0
0
0
0
0
0
0
0
0
0
0
0
0
0
0
0
0
0
0
0
0
0
0
0
0
0
0
0
0
0
0
0
0
0
0
0
0
0
0
0
0
0
0
0
0
0
0
0
0
0
0
0
0
0
0
0
0
0
0
0
0
0
0
0
0
0
0
0
0
0
0
0
0
0
0
0
0
0
0
0
0
0
0
0
0
0
0
0
0
0
0
0
0
0
0
0
0
0
0
0
0
0
0
0
0
0
0
0
0
0
0
0
0
0
0
0
0
0
0
0
0
0
0
0
0
0
0
0
0
0
0
0
0
0
0
0
0
0
0
0
0
0
0
0
0
0
0
0
0
0
0
0
0
0
0
0
0
0
0
0
0
0
0
0
0
0
0
0
0
0
0
0
0
0
0
0
0
0
0
0
0
0
0
0
0
0
0
0
0
0
0
0
0
0
0
0
0
0
0
0
0
0
0
0
0
0
0
0
0
0
0
0
0
0
0
0
0
0
0
0
0
0
0
0
0
0
0
0
0
0
0
0
0
0
0
0
0
0
0
0
0
0
0
0
0
0
0
0
0
0
0
0
0
0
0
0
0
0
0
0
0
0
0
0
0
0
0
0
0
0
0
0
0
0
0
0
0
0
0
0
0
0
0
0
0
0
0
0
0
0
0
0
0
0
0
0
0
0
0
0
0
0
0
0
0
0
0
0
0
0
0
0
0
0
0
0
0
0
0
0
0
0
0
0
0
0
0
0
0
0
0
0
0
0
0
0
0
0
0
0
0
0
0
0
0
0
0
0
0
0
0
0
0
0
0
0
0
0
0
0
0
0
0
0
0
0
0
0
0
0
0
0
0
0
0
0
0
0
0
0
0
0
0
0
0
0
0
0
0
0
0
0
0
0
0
0
0
0
0
0
0
0
0
0
0
0
0
0
0
0
0
0
0
0
0
0
0
0
0
0
0
0
0
0
0
0
0
0
0
0
0
0
0
0
0
0
0
0
0
0
0
0
0
0
0
0
0
0
0
0
0
0
0
0
0
0
0
0
0
0
0
0
0
0
0
0
0
0
0
0
0
0
0
0
0
0
0
0
0
0
0
0
0
0
0
0
0
0
0
0
0
0
0
0
0
0
0
0
0
0
0
0
0
0
0
0
0
0
0
0
0
0
0
0
0
0
0
0
0
0
0
0
0
0
0
0
0
0
0
0
0
0
0
0
0
0
0
0
0
0
0
0
0
0
0
0
0
0
0
0
0
0
0
0
0
0
0
0
0
0
0
0
0
0
0
0
0
0
0
0
0
0
0
0
0
0
0
0
0
0
0
0
0
0
0
0
0
0
0
0
0
0
0
0
0
0
0
0
0
0
0
0
0
0
0
0
0
0
0
0
0
0
0
0
0
0
0
0
0
0
0
0
0
0
0
0
0
0
0
0
0
0
0
0
0
0
0
0
0
0
0
0
0
0
0
0
0
0
0
0
0
0
0
0
0
0
0
0
0
0
0
0
0
0
0
0
0
0
0
0
0
0
0
0
0
0
0
0
0
0
0
0
0
0
0
0
0
0
0
0
0
0
0
0
0
0
0
0
0
0
0
0
0
0
0
0
0
0
0
0
0
0
0
0
0
0
0
0
0
0
0
0
0
0
0
0
0
0
0
0
0
0
0
0
0
0
0
0
0
0
0
0
0
0
0
0
0
0
0
0
0
0
0
0
0
0
0
0
0
0
0
0
0
0
0
0
0
0
0
0
0
0
0
0
0
0
0
0
0
0
0
0
0
0
0
0
0
0
0
0
0
0
0
0
0
0
0
0
0
0
0
0
0
0
0
0
0
0
0
0
0
0
0
0
0
0
0
0
0
0
0
0
0
0
0
0
0
0
0
0
0
0
0
0
0
0
0
0
0
0
0
0
0
0
0
0
0
0
0
0
0
0
0
0
0
0
0
0
0
0
0
0
0
0
0
0
0
0
0
0
0
0
0
0
0
0
0
0
0
0
0
0
0
0
0
0
0
0
0
0
0
0
0
0
0
0
0
0
0
0
0
0
0
0
0
0
0
0
0
0
0
0
0
0
0
0
0
0
0
0
0
0
0
0
0
0
0
0
0
0
0
0
0
0
0
0
0
0
0
0
0
0
0
0
0
0
0
0
0
0
0
0
0
0
0
0
0
0
0
0
0
0
0
0
0
0
0
0
0
0
0
0
0
0
0
0
0
0
0
0
0
0
0
0
0
0
0
0
0
0
0
0
0
0
0
0
0
0
0
0
0
0
0
0
0
0
0
0
0
0
0
0
0
0
0
0
0
0
0
0
0
0
0
0
0
0
0
0
0
0
0
0
0
0
0
0
0
0
0
0
0
0
0
0
0
0
0
0
0
0
0
0
0
0
0
0
0
0
0
0
0
0
0
0
0
0
0
0
0
0
0
0
0
0
0
0
0
0
0
0
0
0
0
0
0
0
0
0
0
0
0
0
0
0
0
0
0
0
0
0
0
0
0
0
0
0
0
0
0
0
0
0
0
0
0
0
0
0
0
0
0
0
0
0
0
0
0
0
0
0
0
0
0
0
0
0
0
0
0
0
0
0
0
0
0
0
0
0
0
0
0
0
0
0
0
0
0
0
0
0
0
0
0
0
0
0
0
0
0
0
0
0
0
0
0
0
0
0
0
0
0
0
0
0
0
0
0
0
0
0
0
0
0
0
0
0
0
0
0
0
0
0
0
0
0
0
0
0
0
0
0
0
0
0
0
0
0
0
0
0
0
0
0
0
0
0
0
0
0
0
0
0
0
0
0
0
0
0
0
0
0
0
0
0
0
0
0
0
0
0
0
0
0
0
0
0
0
0
0
0
0
0
0
0
0
0
0
0
0
0
0
0
0
0
0
0
0
0
0
0
0
0
0
0
0
0
0
0
0
0
0
0
0
0
0
0
0
0
0
0
0
0
0
0
0
0
0
0
0
0
0
0
0
0
0
0
0
0
0
0
0
0
0
0
0
0
0
0
0
0
0
0
0
0
0
0
0
0
0
0
0
0
0
0
0
0
0
0
0
0
0
0
0
0
0
0
0
0
0
0
0
0
0
0
0
0
0
0
0
0
0
0
0
0
0
0
0
0
0
0
0
0
0
0
0
0
0
0
0
0
0
0
0
0
0
0
0
0
0
0
0
0
0
0
0
0
0
0
0
0
0
0
0
0
0
0
0
0
0
0
0
0
0
0
0
0
0
0
0
0
0
0
0
0
0
0
0
0
0
0
0
0
0
0
0
0
0
0
0
0
0
0
0
0
0
0
0
0
0
0
0
0
0
0
0
0
0
0
0
0
0
0
0
0
0
0
0
0
0
0
0
0
0
0
0
0
0
0
0
0
0
0
0
0
0
0
0
0
0
0
0
0
0
0
0
0
0
0
0
0
0
0
0
0
0
0
0
0
0
0
0
0
0
0
0
0
0
0
0
0
0
0
0
0
0
0
0
0
0
0
0
0
0
0
0
0
0
0
0
0
0
0
0
0
0
0
0
0
0
0
0
0
0
0
0
0
0
0
0
0
0
0
0
0
0
0
0
0
0
0
0
0
0
0
0
0
0
0
0
0
0
0
0
0
0
0
0
0
0
0
0
0
0
0
0
0
0
0
0
0
0
0
0
0
0
0
0
0
0
0
0
0
0
0
0
0
0
0
0
0
0
0
0
0
0
0
0
0
0
0
0
0
0
0
0
0
0
0
0
0
0
0
0
0
0
0
0
0
0
0
0
0
0
0
0
0
0
0
0
0
0
0
0
0
0
0
0
0
0
0
0
0
0
0
0
0
0
0
0
0
0
0
0
0
0
0
0
0
0
0
0
0
0
0
0
0
0
0
0
0
0
0
0
0
0
0
0
0
0
0
0
0
0
0
0
0
0
0
0
0
0
0
0
0
0
0
0
0
0
0
0
0
0
0
0
0
0
0
0
0
0
0
0
0
0
0
0
0
0
0
0
0
0
0
0
0
0
0
0
0
0
0
0
0
0
0
0
0
0
0
0
0
0
0
0
0
0
0
0
0
0
0
0
0
0
0
0
0
0
0
0
0
0
0
0
0
0
0
0
0
0
0
0
0
0
0
0
0
0
0
0
0
0
0
0
0
0
0
0
0
0
0
0
0
0
0
0
0
0
0
0
0
0
0
0
0
0
0
0
0
0
0
0
0
0
0
0
0
0
0
0
0
0
0
0
0
0
0
0
0
0
0
0
0
0
0
0
0
0
0
0
