-0.689207
0.270842
0.72707
-0.434703
0.452443
-0.15667
-0.497563
0.324333
-0.396073
-2.81215
-1.11057
-1.6352
-0.780042
0.187842
-1.87531
-1.52
-1.18167
-1.13075
0.460335
-0.932307
-1.44761
-1.78189
-0.868824
-0.821865
-1.356
0.169702
-0.0569624
0.515523
-0.49591
-0.0599614
0.125408
-0.285023
-0.0170443
0.465199
-0.907935
0.264019
-0.256753
-1.30882
0.17864
0.183572
0.413879
0.10637
-1.66307
0.185757
0.213227
0.466295
-0.385347
-0.804281
0.0602336
-0.641601
0.000754457
0.0419762
-0.441405
-0.571101
0.768492
-1.59307
-0.836021
-2.07912
-0.990001
0.269201
0.354355
-0.398894
0.287916
-1.79095
-0.836076
0.0874169
-0.58755
-0.302622
-0.608558
-0.368608
-0.413507
-0.647782
0.234188
-1.10451
-1.07537
-0.393499
0.0222132
-1.3852
-1.43481
0.432808
-0.0886099
0.119268
-0.498354
-1.51157
-0.343995
-0.384403
0.13269
-1.63921
0.100634
-2.87451
0.0415409
-0.470718
0.159089
-0.650297
0.0814114
-0.742738
-0.292041
-0.807409
-0.710823
-0.932515
-0.0740878
-0.886612
0.672539
0.383151
-0.0123864
0.313581
-1.27289
-1.078
0.0473412
-0.386681
-1.29737
-2.1459
-1.38319
0.295874
-0.0597628
-0.608076
0.218118
-0.0163593
0.122073
-1.04854
-2.03316
-0.956564
-1.04003
-1.12818
-0.357806
-0.0425779
0.490845
0.18985
-0.542881
-0.216716
0.130295
-0.698903
0.591106
-0.115261
0.459622
-1.47821
0.0111818
0.0170942
-0.664379
0.586434
-0.227164
-1.35919
0.967355
-0.0389188
-0.0638805
-0.456823
0.140852
-0.389116
0.420866
-1.03755
-0.320545
-1.45396
-0.767224
-0.342037
-0.620688
-0.0409287
-0.885422
-1.18444
0.553159
-1.13881
0.0442211
0.502824
0.167653
0.0303811
0.141146
-0.180522
0.469779
-0.0768353
0.153403
0.162231
-0.775956
-0.0452105
0.487406
-0.83212
-0.577962
-2.20398
-0.167512
0.0270605
0.267121
-0.787723
-0.20829
-1.4317
-0.0926698
0.296447
-0.220662
0.116028
-1.08509
-1.08994
0.247837
-0.424962
-1.74604
-1.0684
0.0952384
-0.702261
-0.304209
-0.113589
-0.460818
-0.781361
-0.280697
0.170813
-0.519202
0.236266
0.306103
-0.924288
-0.136088
0.0898662
-0.0120772
-0.433046
-0.872281
-0.431284
0.697752
-0.809744
-0.2778
0.485277
0.0772805
0.252034
-0.631473
0.233233
-0.708932
-0.323949
0.0331965
-0.928515
-0.312193
-1.28118
-0.81681
-0.095217
-0.73854
-0.725191
0.53104
-1.53311
-0.118249
0.260134
0.306984
0.791085
-0.131059
0.227927
-2.38347
-0.87837
-0.339289
0.352557
0.486581
-1.21567
0.121353
0.0594177
-0.0800767
-0.367728
-2.20265
0.208076
0.200547
0.225319
-1.87705
0.513687
-0.150191
-1.38505
0.173381
-1.16181
-0.845691
0.224181
-0.618968
0.550059
0.38149
-0.852067
0.250129
-0.631901
0.537715
0.212768
-0.111166
-1.13227
0.514316
0.282064
-0.892996
0.619478
0.156889
0.853047
0.258189
0.335224
0.41132
-0.152794
0.195398
0.106383
-0.182074
-1.47358
0.654707
-0.0783361
0.309367
0.646034
0.490721
0.361493
0.154243
-0.175724
0.328304
-0.591133
-1.59354
-0.0104033
-1.43732
-0.182204
0.159376
-0.0388567
-0.508509
0.177451
-0.089889
0.16727
0.282524
0.189234
-1.31491
-0.726091
0.642219
0.366801
0.0808869
0.587034
0.103373
-0.826648
-1.97745
-0.0368442
-0.0316446
0.270032
-0.192793
-0.150813
0.0942524
0.20448
0.405417
-0.0062144
0.398852
-0.576291
0.0988559
-0.451955
-0.266467
-0.0528397
0.578972
0.535096
-0.105011
-0.742332
0.153698
-0.0579818
0.270918
0.312044
0.214265
0.718378
-0.0669469
-0.979217
-2.04835
-0.867654
-0.630599
-0.214282
0.187995
-1.12488
-0.151292
0.106701
-0.561528
-1.42515
-0.114176
0.0862687
-1.50695
-1.36141
0.391771
-0.00329243
0.288585
-0.495103
-1.77338
-1.18696
-1.2796
0.390496
0.483904
-1.31684
-0.133883
0.0261998
-0.98612
-0.505249
0.214881
0.561504
-0.41266
-0.283768
-0.616549
0.0737533
0.485577
-0.931692
0.133207
0.0958512
0.517318
-1.15989
0.0686848
0.452058
0.0527361
-0.3093
0.360992
-0.767983
-1.38982
0.0859535
-0.018587
-0.975571
-0.30449
0.565374
-0.164432
-0.345412
-1.3345
0.0487632
0.688438
-0.246594
0.174732
-0.548326
-0.986633
-0.460037
-2.02137
-0.751589
-0.0998198
-1.73549
-0.0222301
0.0472506
0.241672
0.762879
-1.79471
0.305285
-0.0806356
-0.69243
0.0821282
-0.937834
-0.829813
-0.641991
-0.937766
-0.316205
-0.88131
-0.826749
-0.64282
-0.0325154
0.296761
-0.0420097
-1.14082
-0.90835
-1.14846
-0.000193461
0.225833
0.495389
0.731786
-0.525404
-0.0734466
-0.302083
0.24093
0.225385
-0.821978
-0.447124
-0.400868
0.192222
-0.943454
-0.648795
-1.09415
-0.984516
0.518738
0.366576
-0.80485
-0.94319
-0.785868
-0.0997624
-0.617628
0.140757
-1.32779
0.00315885
0.389517
-0.674157
-1.18365
-2.86083
-0.859513
-0.113885
-0.859807
-0.209532
-0.318239
-0.453198
-1.13892
-2.90138
-0.120569
-0.845344
-1.31483
-0.0860282
0.216443
0.269599
-0.571442
-0.306805
-0.599744
-0.306016
-1.27086
0.454635
0.685721
-0.57494
0.721741
-0.242019
0.743026
-1.10484
-0.363376
-1.66413
-0.0796652
-0.150622
0.0943406
0.0193131
-0.718785
0.224538
0.358041
-1.92787
0.107674
0.216744
-2.02606
0.444374
-0.862115
0.174905
0.484978
-2.42924
0.0470137
-0.371328
0.0945025
0.549897
-0.793295
-1.57599
-1.46548
-1.70103
-0.592073
-2.36355
0.607894
0.368544
0.624565
0.134137
-1.1806
-0.710511
-1.1885
-0.154773
-0.213098
-1.0975
0.204636
-1.68082
-1.16532
0.478576
0.349212
0.534179
0.312503
-0.588887
0.185627
-1.8214
-0.248475
-0.089023
-0.367883
-0.747929
-0.135266
-0.264479
-0.479002
0.407594
-0.33569
-0.346282
-0.544543
0.687007
-0.0181349
0.308753
0.293124
-0.501384
-0.0159185
0.470916
-0.744656
-0.0634507
0.223527
-0.285695
-0.136342
0.62445
0.532247
0.0649516
0.71673
-0.230791
-0.340174
-1.709
-0.822674
0.113904
0.911151
0.38928
-1.0417
-0.23226
-1.06854
0.422229
-0.512894
-2.79075
-0.0886115
-0.735524
0.114239
-0.209436
-1.01683
-0.867659
0.369243
-0.153195
-1.99662
-0.00839829
-0.63503
0.123989
-0.540116
0.424709
-1.20172
-0.115036
0.00617049
-0.312796
-1.74516
-0.446308
-0.12954
-0.225193
0.166984
-1.34466
-0.594987
-1.67917
-0.804276
-1.04435
0.458281
0.109836
0.159477
-1.17147
-0.138128
-0.207403
0.448581
-0.620893
0.445631
-0.197066
-1.87156
0.698176
-0.097849
-0.289084
-0.680099
0.319668
0.268234
-0.178649
-0.0862569
0.279106
-0.572575
0.462218
-0.147807
0.651062
-0.874311
-1.00368
0.167992
0.0101291
-0.585525
-0.265494
-0.592657
0.123867
-1.03555
-0.887888
0.333457
-2.02417
-2.08628
-0.546548
0.259155
-0.909153
-0.0635792
-0.224026
-0.92378
0.432569
-1.01867
-0.293893
0.12378
0.558327
0.257088
0.324899
-0.714598
-0.407533
0.380995
0.309293
0.121651
-1.89566
-0.415876
-0.923148
0.760722
-1.26723
0.273741
0.536057
0.0697488
-0.383562
-0.548389
0.236419
-2.0064
-1.38844
0.0319179
0.135877
-0.563139
0.497031
-0.504393
-1.41481
-1.49634
-0.125815
-0.301783
-1.05314
-0.165382
0.210824
-0.207655
0.725527
0.335998
-0.287626
-0.80376
0.386951
-0.0670572
-0.211711
-0.118876
-0.258722
0.0883784
0.119781
-0.323912
-1.74276
-0.739212
-0.684618
-0.788077
-0.599874
-0.0626585
-0.726586
-0.156113
0.38801
-0.375068
-0.132307
-1.00885
-1.15174
-2.24153
-0.465013
-1.82044
-1.16939
-0.603362
-0.621161
0.592122
0.188928
0.243991
-1.51826
-1.11744
-0.115267
0.555883
-0.165162
0.439522
-0.911683
0.184339
0.616403
-0.955214
-2.02357
0.257925
-0.227294
-1.09428
-0.733329
0.167285
0.422243
0.351407
-0.0665858
0.170769
-1.2784
-0.82479
-1.13037
0.0750849
0.409473
0.533535
-0.27788
-0.0600358
-2.21163
0.386962
-0.63264
-0.549654
0.455204
-0.265027
-0.950198
-0.181232
-0.419773
0.186911
-1.45823
0.264871
-0.457086
0.151673
-0.26705
-1.96753
-0.00142225
0.648232
-0.867821
-0.0228617
-0.283059
0.199063
0.352706
0.0348216
0.352388
-0.133101
-1.27358
-0.798154
0.306909
-0.706845
0.131682
0.517759
0.228737
-0.729225
0.348539
-0.69491
0.14857
0.0715632
-0.523778
-1.25372
-0.591667
0.291858
-0.865322
0.350061
-0.201425
0.508062
-0.261531
-0.476669
0.0866232
0.366938
0.313574
0.0590787
-1.26584
-1.15441
-1.11296
-0.473317
-0.959862
-0.953422
-0.741959
-0.327316
-0.594603
-3.4281
-0.724332
0.216305
-0.420511
-0.325089
-0.195368
-0.0828042
-0.550313
-0.112865
0.720183
0.226749
0.201532
-1.17248
-2.28553
-0.440426
-0.72848
0.260784
0.294406
-2.32873
-0.403289
-0.0250213
-0.192415
-1.12724
-1.22886
0.771344
0.173739
-0.683418
-1.81648
-1.70473
-1.07211
0.0929073
0.0768018
0.488459
-0.0901952
-0.111239
-1.08828
0.370741
-1.00156
0.00377541
0.563124
0.467483
0.171403
-0.156584
-1.28686
-0.571395
-0.244023
-1.06762
-0.823931
-0.830285
-1.28551
-1.90312
0.358541
-1.48796
-1.36205
0.0542349
-1.13286
-0.587257
0.31357
0.195632
-1.38441
0.161026
0.055508
0.616837
-0.928758
-0.500179
-2.22889
-0.600052
-1.3785
-2.14509
0.446705
0.802857
0.254998
0.27069
-1.33436
-0.256991
-0.892208
-0.908389
-1.4097
-0.671042
-0.169867
0.383727
-0.160946
0.562198
-0.554229
0.268369
0.166212
-0.17835
-1.30244
0.319971
-1.19148
-0.0344753
0.751452
-0.463062
0.419273
-0.480264
-1.3536
-0.123161
0.201512
0.643337
-1.18504
-1.3304
-1.41375
0.581468
0.360916
0.478618
-0.95843
-0.119463
-1.99853
0.27754
-0.595976
-0.75
-1.45855
-0.309616
-0.224437
-1.73187
0.127497
-1.66494
0.503036
-0.922026
-0.133647
-0.302937
-0.11187
-2.21947
0.260245
-0.584335
-0.411084
0.0783339
-0.18028
-0.210074
-0.952882
-0.670089
0.377756
0.111764
-0.0247212
-0.0959401
-1.1227
-1.47747
0.143795
-0.810352
-0.952585
0.389182
0.426221
0.162554
-0.346111
-0.214154
0.845655
0.560527
-0.671019
-0.654336
-0.328667
0.206637
0.0963091
-1.48591
-0.816934
-0.818734
-0.936879
-1.37837
-0.917253
-1.68408
-1.30077
0.527461
-1.28872
-2.58048
-0.100956
-0.630261
-1.06069
0.245255
-1.02049
-0.0585898
-1.4357
-1.56303
-0.265253
-1.31714
-0.287829
-0.405279
-0.684957
-1.35873
-1.05316
0.200306
0.808331
-0.0405385
0.552752
0.310617
0.567353
-0.393779
0.490152
0.251278
0.349046
-0.102449
-1.43388
-0.0904676
0.410243
-2.21201
0.289813
-0.850014
-0.122094
-1.30808
-0.27273
-0.483083
0.429038
-0.388021
0.186168
-0.270454
0.402006
-0.385707
0.320314
-0.74887
-0.284933
-0.236043
-0.649933
0.185447
-0.883762
0.0929133
-1.64153
-0.915723
-0.0520745
-1.01071
0.57865
-0.312778
-0.430155
0.644477
-0.231358
0.358407
-0.781927
0.226238
0.190502
-0.258898
0.0371096
-0.212577
-0.428875
0.239287
0.788719
0.045383
-1.18392
-0.836064
0.376306
-0.599881
0.0383433
-0.464519
-1.04627
-0.854843
-0.296051
-0.446413
0.386075
0.446175
-0.143222
-0.151382
-0.0105004
0.498714
0.175391
0.100702
0.0766999
-0.18578
0.170272
0.0481254
-0.226021
0.614953
0.0998789
0.529147
0.327378
-0.998288
-0.0245405
-1.69999
-0.614111
-0.471551
-1.63196
-0.741122
-1.16084
-0.72834
0.077799
-0.225826
0.263267
0.26926
-0.243086
0.0374546
-0.321054
0.350404
-0.673438
-0.998257
0.183868
-1.04018
0.415255
-1.20892
-0.492194
0.00020546
-0.0630488
0.289402
-1.13117
-0.594783
-0.173905
-1.03565
-0.264129
0.257958
0.0897608
0.476722
0.453619
-0.337929
-0.343917
-1.01767
-0.598299
-0.0914732
0.400551
0.510609
0.217988
-0.00504671
-0.703423
0.355635
0.535381
0.0991565
0.461133
0.124989
-0.141804
0.518258
-0.4134
-0.755002
-0.560898
-0.380486
0.282625
0.402231
-0.234139
0.308966
-1.19814
-0.221966
-0.660919
-0.0608965
0.0319711
0.710707
-1.55071
-0.617048
-0.742401
-0.239595
-0.90245
-0.448625
0.324684
0.10874
-0.116926
0.226388
-0.0471117
0.915269
-1.11368
-1.11761
-0.176215
-0.104105
-1.31357
0.241308
0.357636
0.0295637
0.386174
-0.380143
0.0275128
-0.689575
0.102734
-0.866158
-0.47023
-1.77795
0.380557
0.506986
0.495115
0.131699
-0.0989597
-0.302743
-0.0466126
-0.612278
-0.901398
-0.553615
-0.00751919
-0.725068
-0.624269
-0.352682
0.460234
-0.296696
-0.339078
-0.540895
-0.146502
0.407071
-0.123779
-0.0210684
0.172033
0.248009
-0.455102
-0.684718
-0.623127
0.24435
0.629717
-0.492391
-0.877544
-0.0344712
-0.320118
-0.645608
0.102443
-0.957037
-1.01086
-0.0160986
0.0156324
-0.437811
-1.12444
-0.356694
-1.42004
-0.081776
0.302554
-0.349195
-0.403766
-0.284206
-0.0411058
-0.107048
-0.126464
-0.260869
-0.022075
-0.180946
-0.370968
-0.240483
0.349674
-0.688941
-0.701059
0.128013
0.0573703
0.287111
-0.70271
-0.606443
-0.69919
-0.639249
-0.479766
-0.487549
-1.04578
-0.619444
-0.488894
-0.567088
-0.341855
-0.181747
-0.424895
0.315115
-0.951325
-0.00666239
-0.0977566
-0.684043
0.213408
-0.10354
-0.290218
-0.229124
-0.145108
-0.89525
-0.966452
-1.41903
-0.960815
-0.717457
0.511012
0.0545163
-0.80956
-0.593581
-0.308411
0.0357947
0.0722003
-0.163519
0.431143
-0.791157
-0.343528
-0.789237
-1.4736
-0.6661
-0.0553669
-0.47053
-0.759598
-1.72049
-0.0494985
-0.792847
-1.36827
-0.452943
0.190297
-0.453614
0.546668
0.427593
0.0843988
0.253829
-0.0263521
-0.847465
-0.187427
-0.0763909
-0.177596
0.712031
0.489162
0.0915938
0.519664
-0.721734
0.25091
0.0974073
0.157317
-0.162518
0.062742
-0.319211
-0.260046
0.0122754
-0.707865
0.0426737
-0.405911
-0.395768
-0.612585
0.0434857
-2.21905
0.474582
-0.293366
-1.43447
0.0716651
0.468293
0.0341529
0.0659996
0.378283
-0.410345
0.00517162
-0.235247
-0.415792
-0.759962
-0.451568
0.757651
-0.367036
-0.338156
0.364411
-1.48907
-0.0693597
0.114754
-1.24163
-0.054109
-0.519823
0.534786
-0.148494
-0.530822
-1.88427
0.296768
0.201373
0.0805921
0.306569
0.23514
0.510082
-0.400476
-0.17949
-1.21866
-2.37782
-2.14089
-0.297289
-0.0866775
0.265513
-0.451041
-1.80926
0.251401
0.428469
-0.0831526
-0.114627
-0.0897424
0.471441
-0.823784
0.165391
-0.782284
-0.204146
0.105946
0.154531
-0.970467
0.0675679
0.211657
0.399456
-0.92085
-0.160383
-0.122657
0.0841026
0.132201
-0.0344678
-1.22261
-1.49172
-1.51881
0.456625
-2.43924
-1.07895
-0.0551661
-0.0699318
-0.436917
-1.35245
-0.116776
0.0488223
-0.436748
0.037076
0.199922
-0.337929
-0.245615
-0.0408183
-0.674261
-1.00066
-0.0323835
0.16456
-0.461615
0.230225
0.545038
0.18524
0.0107019
-0.132478
-0.0534978
-0.477625
0.259481
-0.713492
0.583902
-0.264503
-0.738386
0.176726
0.123973
-0.31229
0.334996
-0.305975
-0.0636515
0.084181
0.24707
-0.444292
-0.316659
0.170699
-0.633984
0.452243
0.188658
0.397563
0.796245
-0.120035
0.0317945
0.00319093
-0.0143714
-0.769925
-1.16851
0.467067
0.149882
0.153435
0.286945
-0.29627
-3.31707
-1.05529
0.115605
-0.0658258
-0.306245
0.411243
-0.280273
0.187034
-1.35988
-0.165415
0.134754
0.0927325
-0.938218
0.24
0.202557
-0.111541
0.419009
-0.589049
-0.188859
-0.20637
-0.0550642
0.640418
-0.498318
0.448598
-1.00777
-0.724778
0.364885
0.299258
-0.726579
0.185957
-0.366036
-1.27804
-0.116001
-0.776809
-1.04248
0.0803174
-0.194752
0.554402
0.392062
0.0958279
0.0107286
-0.0982301
-0.576697
-0.460232
-1.24752
0.318908
-0.159226
0.116365
-0.0869539
0.233837
-0.271807
0.0357356
0.0564588
0.39351
-0.392039
-0.770323
0.409181
0.673254
-0.445551
-0.351641
0.18794
-0.0100752
-1.04472
0.159245
0.366502
0.452131
0.290983
-1.31285
-0.772062
0.0379896
0.346036
-0.341141
-0.507116
-0.30746
0.376178
0.569978
-0.0324527
-0.605344
-0.539754
-0.236363
0.24016
0.687157
0.22596
-0.478959
-0.224655
-0.341966
0.116661
-0.85393
-1.30067
0.132993
-0.337671
-0.441388
0.0326125
0.187822
0.43108
-0.336846
0.0293222
-1.15993
-1.75904
-1.41592
0.435375
-0.116892
-0.285673
-0.525527
-0.69131
0.293293
0.201682
0.498315
-1.25574
0.038979
-0.983961
0.140898
-0.953153
-0.146948
0.239214
0.341658
-0.299629
-0.287505
-0.849424
0.509785
-1.57588
0.0052647
0.318574
0.470898
-0.226724
0.464991
-0.794412
-0.0415134
-0.0112872
-0.208956
0.499558
-0.613067
-0.170974
-0.756457
-0.0660445
-0.238726
0.132415
0.188332
-1.28985
-0.105131
0.23173
0.348286
-0.599875
-0.761109
0.0966903
-0.766119
-0.516864
0.526831
-0.249552
-0.56263
-0.299758
-0.21001
0.144243
-0.514198
-0.509213
0.345339
-0.215886
0.300177
-1.43498
0.214003
-0.0274588
-0.10132
-0.867074
-1.44065
-0.208545
-0.727941
0.207348
-0.250451
-0.363734
0.0204829
0.416943
-1.06261
-0.508253
0.171146
-0.291013
-0.0148003
0.00641158
-1.45258
-0.0661777
0.274159
0.739982
-0.87208
0.466874
-0.724137
-1.93222
-0.783988
0.292512
0.314408
0.547429
-0.746872
0.602526
0.0738022
-0.757635
-0.979557
-0.0670479
-0.206787
-0.18066
0.144334
-0.870488
-0.158419
0.124341
-0.923321
-1.12309
-0.0604317
0.300327
-0.518631
-0.119806
-0.786257
-0.514626
-0.0786467
0.484452
-0.149501
0.13803
-0.320103
0.352783
-2.62169
-0.0313424
-1.08872
0.151207
0.0204953
0.0930053
0.677546
0.0711946
0.434802
0.407554
0.451963
0.0286337
0.109908
-0.199786
-0.68063
0.137517
-0.580386
0.174156
0.330217
0.0438412
0.399794
0.563819
-0.489439
0.311909
-0.653062
0.476259
-0.822445
-0.620665
-0.840591
0.661263
-0.0890469
-1.2735
-0.201771
0.220387
-0.120528
-1.07561
0.283214
0.123943
0.157458
-0.0412305
-0.1186
0.147005
0.108883
-0.767775
0.0317336
-0.0921595
-1.49803
-0.171024
-0.570614
-0.561008
0.273
0.220723
0.291396
-0.706973
0.0655211
-0.747972
0.592373
-0.521507
-0.203121
-1.53862
-1.28153
-0.680852
0.602477
-1.41827
-1.00067
-0.0365927
0.520401
0.283964
-1.46633
0.231818
0.145418
-0.278944
-0.541882
-0.283267
0.117474
0.0361741
-0.256687
0.213952
0.703699
0.456412
0.444765
-0.116005
-0.0933029
-0.709349
-0.185471
0.210515
-0.655092
-0.610839
0.349064
-0.595215
-0.472715
-2.23173
-0.370469
-0.100728
-0.760275
0.350161
-0.312334
0.0120024
0.258988
0.5792
-0.00661687
-0.413383
0.595225
0.558994
0.062173
0.19201
-0.153459
-1.2958
0.420718
-0.267888
0.51458
-1.94028
0.563889
0.566837
-1.54404
0.0930083
-0.776663
-1.17418
0.0565264
0.131608
0.167341
0.500216
-0.906556
-0.729558
-1.01553
-0.882061
0.355661
-0.162663
-0.634247
-0.170818
-0.183976
-0.54451
-0.180369
0.106883
-0.247601
0.523206
-1.41595
-0.143637
-0.292468
-0.276586
-1.07966
-0.143098
0.763272
-2.08697
0.114015
-0.450188
-0.871286
0.255572
-1.48495
-0.237004
-0.112505
-0.714403
-0.385363
-1.21869
0.122536
-0.247306
-0.35419
0.0839623
0.279946
0.089078
-0.9869
0.242158
-0.331422
-0.318807
-0.874977
-0.141521
-0.490174
-0.575722
0.103751
-0.468974
-0.329381
-0.897903
0.0927523
0.168181
0.37235
-0.898439
0.601716
0.291117
-0.201135
0.303138
0.0794849
-1.40729
-0.677839
-0.73277
-0.116677
-0.448153
0.167939
-0.385701
0.307218
0.0475024
-1.6972
-1.27161
0.252165
0.574884
0.179188
-0.192872
-0.529764
0.256266
0.30738
0.0125384
-0.656728
-1.91427
-0.233869
-1.41486
0.443686
-0.274457
0.263441
-0.251075
0.18672
-0.377931
0.635132
-0.628964
0.699095
-0.536472
-0.534026
0.0981296
-0.677505
0.175047
-1.14276
-0.265164
-0.574582
0.37098
-0.0614979
-1.21877
-1.20474
-0.763076
0.189435
-0.789612
-0.239351
0.0649577
0.508933
0.414336
0.0110102
0.382193
-0.237549
0.697872
0.056887
-0.960044
-0.904668
-0.947791
0.193831
-1.83288
-0.246344
0.208093
-0.315362
0.359974
-0.504006
0.251073
0.0986426
0.467619
0.453004
0.651111
0.0700067
0.168766
-1.52351
-1.49283
-0.257186
0.728945
-0.128084
-0.0435799
0.703533
-0.17571
-0.36824
0.199288
-1.01835
-0.275824
0.0435671
-0.157684
0.269513
0.0769581
0.122497
-0.388252
-0.428092
0.0338894
0.153598
0.253728
-0.301568
-0.16558
-0.609146
-0.922445
-1.16291
-0.108251
0.145311
-1.49987
0.183863
0.0389577
0.262722
-0.0696841
0.281624
0.5865
-0.391785
0.0940783
-0.988383
-1.72564
-0.31937
0.434294
-0.521866
-1.45869
0.297403
0.272737
-0.533925
0.525242
-0.745377
0.484882
-0.98062
-0.421947
0.00219287
-0.0413848
-0.149956
0.180816
-0.34359
0.313919
-1.27402
0.195739
0.246731
-1.35988
0.302041
0.226201
-0.657103
-0.482977
0.77942
-0.816891
-0.102541
-0.229295
0.522842
-1.00803
-0.101338
0.416407
0.212538
-0.539308
0.144067
-0.309967
0.245915
-0.00567875
0.545367
-1.05895
-0.138812
-0.413012
-0.479396
-0.346011
-0.649847
-0.276277
-0.0771768
0.33039
0.393905
-0.276542
0.305893
0.105599
-0.449741
0.0881789
0.115247
-0.225527
-0.447616
0
0
0
0
0
0
0
0
0
0
0
0
0
0
0
0
0
0
0
0
0
0
0
0
0
0
0
0
0
0
0
0
0
0
0
0
0
0
0
0
0
0
0
0
0
0
0
0
0
0
0
0
0
0
0
0
0
0
0
0
0
0
0
0
0
0
0
0
0
0
0
0
0
0
0
0
0
0
0
0
0
0
0
0
0
0
0
0
0
0
0
0
0
0
0
0
0
0
0
0
0
0
0
0
0
0
0
0
0
0
0
0
0
0
0
0
0
0
0
0
0
0
0
0
0
0
0
0
0
0
0
0
0
0
0
0
0
0
0
0
0
0
0
0
0
0
0
0
0
0
0
0
0
0
0
0
0
0
0
0
0
0
0
0
0
0
0
0
0
0
0
0
0
0
0
0
0
0
0
0
0
0
0
0
0
0
0
0
0
0
0
0
0
0
0
0
0
0
0
0
0
0
0
0
0
0
0
0
0
0
0
0
0
0
0
0
0
0
0
0
0
0
0
0
0
0
0
0
0
0
0
0
0
0
0
0
0
0
0
0
0
0
0
0
0
0
0
0
0
0
0
0
0
0
0
0
0
0
0
0
0
0
0
0
0
0
0
0
0
0
0
0
0
0
0
0
0
0
0
0
0
0
0
0
0
0
0
0
0
0
0
0
0
0
0
0
0
0
0
0
0
0
0
0
0
0
0
0
0
0
0
0
0
0
0
0
0
0
0
0
0
0
0
0
0
0
0
0
0
0
0
0
0
0
0
0
0
0
0
0
0
0
0
0
0
0
0
0
0
0
0
0
0
0
0
0
0
0
0
0
0
0
0
0
0
0
0
0
0
0
0
0
0
0
0
0
0
0
0
0
0
0
0
0
0
0
0
0
0
0
0
0
0
0
0
0
0
0
0
0
0
0
0
0
0
0
0
0
0
0
0
0
0
0
0
0
0
0
0
0
0
0
0
0
0
0
0
0
0
0
0
0
0
0
0
0
0
0
0
0
0
0
0
0
0
0
0
0
0
0
0
0
0
0
0
0
0
0
0
0
0
0
0
0
0
0
0
0
0
0
0
0
0
0
0
0
0
0
0
0
0
0
0
0
0
0
0
0
0
0
0
0
0
0
0
0
0
0
0
0
0
0
0
0
0
0
0
0
0
0
0
0
0
0
0
0
0
0
0
0
0
0
0
0
0
0
0
0
0
0
0
0
0
0
0
0
0
0
0
0
0
0
0
0
0
0
0
0
0
0
0
0
0
0
0
0
0
0
0
0
0
0
0
0
0
0
0
0
0
0
0
0
0
0
0
0
0
0
0
0
0
0
0
0
0
0
0
0
0
0
0
0
0
0
0
0
0
0
0
0
0
0
0
0
0
0
0
0
0
0
0
0
0
0
0
0
0
0
0
0
0
0
0
0
0
0
0
0
0
0
0
0
0
0
0
0
0
0
0
0
0
0
0
0
0
0
0
0
0
0
0
0
0
0
0
0
0
0
0
0
0
0
0
0
0
0
0
0
0
0
0
0
0
0
0
0
0
0
0
0
0
0
0
0
0
0
0
0
0
0
0
0
0
0
0
0
0
0
0
0
0
0
0
0
0
0
0
0
0
0
0
0
0
0
0
0
0
0
0
0
0
0
0
0
0
0
0
0
0
0
0
0
0
0
0
0
0
0
0
0
0
0
0
0
0
0
0
0
0
0
0
0
0
0
0
0
0
0
0
0
0
0
0
0
0
0
0
0
0
0
0
0
0
0
0
0
0
0
0
0
0
0
0
0
0
0
0
0
0
0
0
0
0
0
0
0
0
0
0
0
0
0
0
0
0
0
0
0
0
0
0
0
0
0
0
0
0
0
0
0
0
0
0
0
0
0
0
0
0
0
0
0
0
0
0
0
0
0
0
0
0
0
0
0
0
0
0
0
0
0
0
0
0
0
0
0
0
0
0
0
0
0
0
0
0
0
0
0
0
0
0
0
0
0
0
0
0
0
0
0
0
0
0
0
0
0
0
0
0
0
0
0
0
0
0
0
0
0
0
0
0
0
0
0
0
0
0
0
0
0
0
0
0
0
0
0
0
0
0
0
0
0
0
0
0
0
0
0
0
0
0
0
0
0
0
0
0
0
0
0
0
0
0
0
0
0
0
0
0
0
0
0
0
0
0
0
0
0
0
0
0
0
0
0
0
0
0
0
0
0
0
0
0
0
0
0
0
0
0
0
0
0
0
0
0
0
0
0
0
0
0
0
0
0
0
0
0
0
0
0
0
0
0
0
0
0
0
0
0
0
0
0
0
0
0
0
0
0
0
0
0
0
0
0
0
0
0
0
0
0
0
0
0
0
0
0
0
0
0
0
0
0
0
0
0
0
0
0
0
0
0
0
0
0
0
0
0
0
0
0
0
0
0
0
0
0
0
0
0
0
0
0
0
0
0
0
0
0
0
0
0
0
0
0
0
0
0
0
0
0
0
0
0
0
0
0
0
0
0
0
0
0
0
0
0
0
0
0
0
0
0
0
0
0
0
0
0
0
0
0
0
0
0
0
0
0
0
0
0
0
0
0
0
0
0
0
0
0
0
0
0
0
0
0
0
0
0
0
0
0
0
0
0
0
0
0
0
0
0
0
0
0
0
0
0
0
0
0
0
0
0
0
0
0
0
0
0
0
0
0
0
0
0
0
0
0
0
0
0
0
0
0
0
0
0
0
0
0
0
0
0
0
0
0
0
0
0
0
0
0
0
0
0
0
0
0
0
0
0
0
0
0
0
0
0
0
0
0
0
0
0
0
0
0
0
0
0
0
0
0
0
0
0
0
0
0
0
0
0
0
0
0
0
0
0
0
0
0
0
0
0
0
0
0
0
0
0
0
0
0
0
0
0
0
0
0
0
0
0
0
0
0
0
0
0
0
0
0
0
0
0
0
0
0
0
0
0
0
0
0
0
0
0
0
0
0
0
0
0
0
0
0
0
0
0
0
0
0
0
0
0
0
0
0
0
0
0
0
0
0
0
0
0
0
0
0
0
0
0
0
0
0
0
0
0
0
0
0
0
0
0
0
0
0
0
0
0
0
0
0
0
0
0
0
0
0
0
0
0
0
0
0
0
0
0
0
0
0
0
0
0
0
0
0
0
0
0
0
0
0
0
0
0
0
0
0
0
0
0
0
0
0
0
0
0
0
0
0
0
0
0
0
0
0
0
0
0
0
0
0
0
0
0
0
0
0
0
0
0
0
0
0
0
0
0
0
0
0
0
0
0
0
0
0
0
0
0
0
0
0
0
0
0
0
0
0
0
0
0
0
0
0
0
0
0
0
0
0
0
0
0
0
0
0
0
0
0
0
0
0
0
0
0
0
0
0
0
0
0
0
0
0
0
0
0
0
0
0
0
0
0
0
0
0
0
0
0
0
0
0
0
0
0
0
0
0
0
0
0
0
0
0
0
0
0
0
0
0
0
0
0
0
0
0
0
0
0
0
0
0
0
0
0
0
0
0
0
0
0
0
0
0
0
0
0
0
0
0
0
0
0
0
0
0
0
0
0
0
0
0
0
0
0
0
0
0
0
0
0
0
0
0
0
0
0
0
0
0
0
0
0
0
0
0
0
0
0
0
0
0
0
0
0
0
0
0
0
0
0
0
0
0
0
0
0
0
0
0
0
0
0
0
0
0
0
0
0
0
0
0
0
0
0
0
0
0
0
0
0
0
0
0
0
0
0
0
0
0
0
0
0
0
0
0
0
0
0
0
0
0
0
0
0
0
0
0
0
0
0
0
0
0
0
0
0
0
0
0
0
0
0
0
0
0
0
0
0
0
0
0
0
0
0
0
0
0
0
0
0
0
0
0
0
0
0
0
0
0
0
0
0
0
0
0
0
0
0
0
0
0
0
0
0
0
0
0
0
0
0
0
0
0
0
0
0
0
0
0
0
0
0
0
0
0
0
0
0
0
0
0
0
0
0
0
0
0
0
0
0
0
0
0
0
0
0
0
0
0
0
0
0
0
0
0
0
0
0
0
0
0
0
0
0
0
0
0
0
0
0
0
0
0
0
0
0
0
0
0
0
0
0
0
0
0
0
0
0
0
0
0
0
0
0
0
0
0
0
0
0
0
0
0
0
0
0
0
0
0
0
0
0
0
0
0
0
0
0
0
0
0
0
0
0
0
0
0
0
0
0
0
0
0
0
0
0
0
0
0
0
0
0
0
0
0
0
0
0
0
0
0
0
0
0
0
0
0
0
0
0
0
0
0
0
0
0
0
0
0
0
0
0
0
0
0
0
0
0
0
0
0
0
0
0
0
0
0
0
0
0
0
0
0
0
0
0
0
0
0
0
0
0
0
0
0
0
0
0
0
0
0
0
0
0
0
0
0
0
0
0
0
0
0
0
0
0
0
0
0
0
0
0
0
0
0
0
0
0
0
0
0
0
0
0
0
0
0
0
0
0
0
0
0
0
0
0
0
0
0
0
0
0
0
0
0
0
0
0
0
0
0
0
0
0
0
0
0
0
0
0
0
