0
0
0
0
0
0
0
0
0
0
0
0
0
0
0
0
0
0
0
0
0
0
0
0
0
0
0
0
0
0
0
0
0
0
0
0
0
0
0
0
0
0
0
0
0
0
0
0
0
0
0
0
0
0
0
0
0
0
0
0
0
0
0
0
0
0
0
0
0
0
0
0
0
0
0
0
0
0
0
0
0
0
0
0
0
0
0
0
0
0
0
0
0
0
0
0
0
0
0
0
0
0
0
0
0
0
0
0
0
0
0
0
0
0
0
0
0
0
0
0
0
0
0
0
0
0
0
0
0
0
0
0
0
0
0
0
0
0
0
0
0
0
0
0
0
0
0
0
0
0
0
0
0
0
0
0
0
0
0
0
0
0
0
0
0
0
0
0
0
0
0
0
0
0
0
0
0
0
0
0
0
0
0
0
0
0
0
0
0
0
0
0
0
0
0
0
0
0
0
0
0
0
0
0
0
0
0
0
0
0
0
0
0
0
0
0
0
0
0
0
0
0
0
0
0
0
0
0
0
0
0
0
0
0
0
0
0
0
0
0
0
0
0
0
0
0
0
0
0
0
0
0
0
0
0
0
0
0
0
0
0
0
0
0
0
0
0
0
0
0
0
0
0
0
0
0
0
0
0
0
0
0
0
0
0
0
0
0
0
0
0
0
0
0
0
0
0
0
0
0
0
0
0
0
0
0
0
0
0
0
0
0
0
0
0
0
0
0
0
0
0
0
0
0
0
0
0
0
0
0
0
0
0
0
0
0
0
0
0
0
0
0
0
0
0
0
0
0
0
0
0
0
0
0
0
0
0
0
0
0
0
0
0
0
0
0
0
0
0
0
0
0
0
0
0
0
0
0
0
0
0
0
0
0
0
0
0
0
0
0
0
0
0
0
0
0
0
0
0
0
0
0
0
0
0
0
0
0
0
0
0
0
0
0
0
0
0
0
0
0
0
0
0
0
0
0
0
0
0
0
0
0
0
0
0
0
0
0
0
0
0
0
0
0
0
0
0
0
0
0
0
0
0
0
0
0
0
0
0
0
0
0
0
0
0
0
0
0
0
0
0
0
0
0
0
0
0
0
0
0
0
0
0
0
0
0
0
0
0
0
0
0
0
0
0
0
0
0
0
0
0
0
0
0
0
0
0
0
0
0
0
0
0
0
0
0
0
0
0
0
0
0
0
0
0
0
0
0
0
0
0
0
0
0
0
0
0
0
0
0
0
0
0
0
0
0
0
0
0
0
0
0
0
0
0
0
0
0
0
0
0
0
0
0
0
0
0
0
0
0
0
0
0
0
0
0
0
0
0
0
0
0
0
0
0
0
0
0
0
0
0
0
0
0
0
0
0
0
0
0
0
0
0
0
0
0
0
0
0
0
0
0
0
0
0
0
0
0
0
0
0
0
0
0
0
0
0
0
0
0
0
0
0
0
0
0
0
0
0
0
0
0
0
0
0
0
0
0
0
0
0
0
0
0
0
0
0
0
0
0
0
0
0
0
0
0
0
0
0
0
0
0
0
0
0
0
0
0
0
0
0
0
0
0
0
0
0
0
0
0
0
0
0
0
0
0
0
0
0
0
0
0
0
0
0
0
0
0
0
0
0
0
0
0
0
0
0
0
0
0
0
0
0
0
0
0
0
0
0
0
0
0
0
0
0
0
0
0
0
0
0
0
0
0
0
0
0
0
0
0
0
0
0
0
0
0
0
0
0
0
0
0
0
0
0
0
0
0
0
0
0
0
0
0
0
0
0
0
0
0
0
0
0
0
0
0
0
0
0
0
0
0
0
0
0
0
0
0
0
0
0
0
0
0
0
0
0
0
0
0
0
0
0
0
0
0
0
0
0
0
0
0
0
0
0
0
0
0
0
0
0
0
0
0
0
0
0
0
0
0
0
0
0
0
0
0
0
0
0
0
0
0
0
0
0
0
0
0
0
0
0
0
0
0
0
0
0
0
0
0
0
0
0
0
0
0
0
0
0
0
0
0
0
0
0
0
0
0
0
0
0
0
0
0
0
0
0
0
0
0
0
0
0
0
0
0
0
0
0
0
0
0
0
0
0
0
0
0
0
0
0
0
0
0
0
0
0
0
0
0
0
0
0
0
0
0
0
0
0
0
0
0
0
0
0
0
0
0
0
0
0
0
0
0
0
0
0
0
0
0
0
0
0
0
0
0
0
0
0
0
0
0
0
0
0
0
0
0
0
0
0
0
0
0
0
0
0
0
0
0
0
0
0
0
0
0
0
0
0
0
0
0
0
0
0
0
0
0
0
0
0
0
0
0
0
0
0
0
0
0
0
0
0
0
0
0
0
0
0
0
0
0
0
0
0
0
0
0
0
0
0
0
0
0
0
0
0
0
0
0
0
0
0
0
0
0
0
0
0
0
0
0
0
0
0
0
0
0
0
0
0
0
0
0
0
0
0
0
0
0
0
0
0
0
0
0
0
0
0
0
0
0
0
0
0
0
0
0
0
0
0
0
0
0
0
0
0
0
0
0
0
0
0
0
0
0
0
0
0
0
0
0
0
0
0
0
0
0
0
0
0
0
0
0
0
0
0
0
0
0
0
0
0
0
0
0
0
0
0
0
0
0
0
0
0
0
0
0
0
0
0
0
0
0
0
0
0
0
0
0
0
0
0
0
0
0
0
0
0
0
0
0
0
0
0
0
0
0
0
0
0
0
0
0
0
0
0
0
0
0
0
0
0
0
0
0
0
0
0
0
0
0
0
0
0
0
0
0
0
0
0
0
0
0
0
0
0
0
0
0
0
0
0
0
0
0
0
0
0
0
0
0
0
0
0
0
0
0
0
0
0
0
0
0
0
0
0
0
0
0
0
0
0
0
0
0
0
0
0
0
0
0
0
0
0
0
0
0
0
0
0
0
0
0
0
0
0
0
0
0
0
0
0
0
0
0
0
0
0
0
0
0
0
0
0
0
0
0
0
0
0
0
0
0
0
0
0
0
0
0
0
0
0
0
0
0
0
0
0
0
0
0
0
0
0
0
0
0
0
0
0
0
0
0
0
0
0
0
0
0
0
0
0
0
0
0
0
0
0
0
0
0
0
0
0
0
0
0
0
0
0
0
0
0
0
0
0
0
0
0
0
0
0
0
0
0
0
0
0
0
0
0
0
0
0
0
0
0
0
0
0
0
0
0
0
0
0
0
0
0
0
0
0
0
0
0
0
0
0
0
0
0
0
0
0
0
0
0
0
0
0
0
0
0
0
0
0
0
0
0
0
0
0
0
0
0
0
0
0
0
0
0
0
0
0
0
0
0
0
0
0
0
0
0
0
0
0
0
0
0
0
0
0
0
0
0
0
0
0
0
0
0
0
0
0
0
0
0
0
0
0
0
0
0
0
0
0
0
0
0
0
0
0
0
0
0
0
0
0
0
0
0
0
0
0
0
0
0
0
0
0
0
0
0
0
0
0
0
0
0
0
0
0
0
0
0
0
0
0
0
0
0
0
0
0
0
0
0
0
0
0
0
0
0
0
0
0
0
0
0
0
0
0
0
0
0
0
0
0
0
0
0
0
0
0
0
0
0
0
0
0
0
0
0
0
0
0
0
0
0
0
0
0
0
0
0
0
0
0
0
0
0
0
0
0
0
0
0
0
0
0
0
0
0
0
0
0
0
0
0
0
0
0
0
0
0
0
0
0
0
0
0
0
0
0
0
0
0
0
0
0
0
0
0
0
0
0
0
0
0
0
0
0
0
0
0
0
0
0
0
0
0
0
0
0
0
0
0
0
0
0
0
0
0
0
0
0
0
0
0
0
0
0
0
0
0
0
0
0
0
0
0
0
0
0
0
0
0
0
0
0
0
0
0
0
0
0
0
0
0
0
0
0
0
0
0
0
0
0
0
0
0
0
0
0
0
0
0
0
0
0
0
0
0
0
0
0
0
0
0
0
0
0
0
0
0
0
0
0
0
0
0
0
0
0
0
0
0
0
0
0
0
0
0
0
0
0
0
0
0
0
0
0
0
0
0
0
0
0
0
0
0
0
0
0
0
0
0
0
0
0
0
0
0
0
0
0
0
0
0
0
0
0
0
0
0
0
0
0
0
0
0
0
0
0
0
0
0
0
0
0
0
0
0
0
0
0
0
0
0
0
0
0
0
0
0
0
0
0
0
0
0
0
0
0
0
0
0
0
0
0
0
0
0
0
0
0
0
0
0
0
0
0
0
0
0
0
0
0
0
0
0
0
0
0
0
0
0
0
0
0
0
0
0
0
0
0
0
0
0
0
0
0
0
0
0
0
0
0
0
0
0
0
0
0
0
0
0
0
0
0
0
0
0
0
0
0
0
0
0
0
0
0
0
0
0
0
0
0
0
0
0
0
0
0
0
0
0
0
0
0
0
0
0
0
0
0
0
0
0
0
0
0
0
0
0
0
0
0
0
0
0
0
0
0
0
0
0
0
0
0
0
0
0
0
0
0
0
0
0
0
0
0
0
0
0
0
0
0
0
0
0
0
0
0
0
0
0
0
0
1.02648
1.27061
1.11521
1.05115
1.02498
1.22208
1.03204
1.65077
1.13983
1.03704
1.07546
1.03332
1.0279
1.09361
1.10939
1.08271
1.05233
1.19627
1.10835
1.0298
1.024
1.27223
1.50949
1.03489
1.13271
1.17956
1.02498
1.08862
1.08514
1.11218
1.02862
1.11384
1.11442
1.024
1.497
1.2724
1.20475
1.04371
1.02631
1.05903
1.09351
1.024
1.05585
1.20454
1.14608
1.15227
1.16932
1.02498
1.024
1.29356
1.02498
1.04189
1.18609
1.02498
1.02498
1.39389
1.02881
1.02498
1.08876
1.06258
1.13161
1.42212
1.07613
1.05537
1.1113
1.08324
1.55697
1.24243
1.02498
1.06576
1.02498
1.03263
1.05985
1.23886
1.15198
1.11354
1.024
1.05397
1.07067
1.15966
1.03505
1.04283
1.08814
1.02499
1.21151
1.03095
1.02995
1.04459
1.29734
1.11401
1.02498
1.11083
1.06585
1.03862
1.06567
1.51337
1.15969
1.03019
1.02802
1.33687
1.02733
1.02897
1.024
1.19299
1.03031
1.02498
1.024
1.024
1.02656
1.14483
1.12596
1.02644
1.15837
1.17895
1.06223
1.13076
1.16552
1.02717
1.03097
1.27243
1.21581
1.11977
1.10424
1.03051
1.0251
1.15145
1.32094
1.04955
1.57013
1.03103
1.04587
1.09752
1.02741
1.03094
1.02498
1.03784
1.02644
1.04981
1.40309
1.02628
1.08846
1.024
1.08388
1.0786
1.04506
1.02498
1.22003
1.05238
1.23646
1.02498
1.16785
1.32415
1.21317
1.03643
1.09208
1.02605
1.05016
1.14611
1.02767
1.31794
1.19531
1.10679
1.1619
1.02498
1.16062
1.04842
1.024
1.02498
1.21175
1.03806
1.02875
1.22121
1.16073
1.38506
1.34694
1.09738
1.19971
1.14599
1.02498
1.04436
1.07091
1.42017
1.33202
1.11618
1.03157
1.40347
1.14701
1.04825
1.10537
1.02498
1.22552
1.06293
1.02498
1.1912
1.46594
1.31237
1.03711
1.04154
1.08102
1.26967
1.02498
1.09934
1.52951
1.29981
1.02642
1.16452
1.14024
1.02898
1.02498
1.024
1.02498
1.0549
1.02498
1.024
1.08551
1.03142
1.024
1.05742
1.05712
1.02786
1.02817
1.30695
1.024
1.02871
1.04755
1.04093
1.08979
1.05262
1.02617
1.52808
1.024
1.03025
1.59977
1.0428
1.27214
1.15799
1.04514
1.02498
1.02498
1.03012
1.02498
1.02929
1.07583
1.22721
1.09851
1.11033
1.02693
1.06666
1.03675
1.02805
1.1702
1.02933
1.38588
1.41673
1.03534
1.024
1.07418
1.12229
1.024
1.02498
1.02722
1.03181
1.09999
1.55431
1.024
1.02498
1.02498
1.31541
1.18626
1.05651
1.10067
1.10737
1.16599
1.28805
1.09936
1.024
1.0571
1.06201
1.12887
1.07948
1.06306
1.0753
1.20098
1.10195
1.04305
1.03783
1.05092
1.024
1.09519
1.02818
1.13043
1.50615
1.02498
1.06571
1.02644
1.2236
1.41851
1.024
1.024
1.13454
1.024
1.03177
1.11095
1.06819
1.024
1.14308
1.02832
1.04173
1.46525
1.024
1.02498
1.02498
1.74964
1.024
1.024
1.09984
1.03206
1.024
1.22288
1.02498
1.26533
1.1413
1.34271
1.09316
1.56783
1.02966
1.1396
1.024
1.29317
1.09426
1.024
1.09563
1.41307
1.02573
1.10707
1.0454
1.05629
1.21106
1.02498
1.024
1.024
1.02498
1.5253
1.16738
1.02522
1.05028
1.16274
1.02498
1.0936
1.27353
1.024
1.21246
1.11528
1.05445
1.17634
1.28391
1.02498
1.11627
1.02554
1.03104
1.02498
1.14802
1.02498
1.27515
1.024
1.03467
1.14481
1.2892
1.024
1.04579
1.05402
1.02604
1.25619
1.03986
1.36373
1.024
1.5261
1.0265
1.17372
1.024
1.34264
1.02498
1.024
1.03198
1.15627
1.0491
1.08036
1.02752
1.2055
1.02498
1.04993
1.02498
1.33314
1.66978
1.03239
1.09646
1.24629
1.024
1.05005
1.28473
1.02498
1.02498
1.024
1.46567
1.02498
1.39791
1.02498
1.02498
1.02498
1.02498
1.16073
1.02498
1.02859
1.04003
1.02731
1.87449
1.03129
1.06037
1.5906
1.03228
1.02694
1.02608
1.024
1.024
1.02602
1.02498
1.23665
1.0914
1.18466
1.03098
1.03385
1.0301
1.03265
1.02498
1.02498
1.38341
1.10765
1.04951
1.024
1.02498
1.39234
1.27824
1.05003
1.02671
1.31389
1.02498
1.15223
1.02498
1.10255
1.02498
1.14526
1.11151
1.44179
1.45642
1.024
1.22502
1.10587
1.02502
1.07765
1.06831
1.13397
1.28671
1.17399
1.06078
1.02498
1.20911
1.02498
1.02498
1.0266
1.03649
1.08668
1.12231
1.02498
1.0461
1.02498
1.56538
1.024
1.02498
1.33201
1.1477
1.024
1.20926
1.05525
1.04963
1.09156
1.02498
1.20214
1.15566
1.28941
1.02706
1.03355
1.0364
1.33209
1.1005
1.24271
1.0825
1.04406
1.16566
1.03662
1.09301
1.02498
1.024
1.024
1.15176
1.03012
1.02498
1.05165
1.04065
1.024
1.19117
1.04446
1.1587
1.06779
1.09735
1.08525
1.05917
1.06398
1.2039
1.02702
1.03169
1.21086
1.024
1.024
1.06663
1.04728
1.27638
1.024
1.31375
1.08504
1.07988
1.23557
1.02794
1.19565
1.20557
1.12967
1.05066
1.24828
1.06867
1.02498
1.05315
1.02747
1.024
1.13548
1.02803
1.15475
1.51963
1.12352
1.02616
1.24493
1.02794
1.02593
1.02498
1.02644
1.10409
1.1798
1.17157
1.09896
1.07819
1.024
1.024
1.06271
1.27387
1.024
1.024
1.28253
1.02499
1.0599
1.02838
1.03165
1.32763
1.024
1.024
1.06186
1.23622
1.02498
1.21332
1.02839
1.024
1.14743
1.08747
1.14192
1.13956
1.02668
1.02502
1.024
1.02498
1.02498
1.19899
1.32636
1.02726
1.0261
1.024
1.05898
1.11289
1.31772
1.06394
1.02498
1.03989
1.06257
1.09032
1.024
1.19717
1.02498
1.35348
1.024
1.0762
1.024
1.24164
1.0475
1.024
1.17113
1.21096
1.3286
1.024
1.29588
1.21339
1.03274
1.15628
1.05016
1.02498
1.06629
1.03227
1.02498
1.02498
1.16527
1.02498
1.024
1.44319
1.024
1.08149
1.10227
1.024
1.02498
1.02498
1.024
1.31044
1.05146
1.03602
1.09655
1.09915
1.22543
1.07548
1.12706
1.06507
1.02498
1.05113
1.09331
1.06165
1.02603
1.05912
1.024
1.11168
1.0481
1.06863
1.0423
1.11877
1.26153
1.02689
1.02738
1.024
1.22327
1.02498
1.02886
1.02498
1.02498
1.0425
1.02498
1.09225
1.33093
1.16548
1.04033
1.03536
1.43777
1.02549
1.14342
1.05271
1.51094
1.33777
1.02498
1.50248
1.32869
1.024
1.02643
1.024
1.20342
1.02828
1.06392
1.27117
1.02498
1.05106
1.02498
1.02649
1.25436
1.06395
1.39643
1.024
1.07028
1.02498
1.02975
1.02721
1.024
1.22383
1.43728
1.16081
1.02498
1.21992
1.24776
1.18699
1.03827
1.07972
1.02498
1.024
1.06664
1.024
1.14903
1.02498
1.02498
1.07787
1.27158
1.03102
1.18903
1.09055
1.02802
1.24757
1.04957
1.04243
1.07896
1.02498
1.04278
1.07495
1.39401
1.024
1.03165
1.02498
1.02498
1.04094
1.14876
1.03393
1.19815
1.15351
1.02511
1.05861
1.17104
1.02498
1.55011
1.03453
1.04189
1.03306
1.024
1.024
1.02498
1.02498
1.02765
1.0975
1.06141
1.31403
1.31799
1.13783
1.1445
1.02498
1.19281
1.0919
1.0932
1.02498
1.02498
1.26438
1.05091
1.0779
1.02498
1.27742
1.08028
1.024
1.30595
1.06359
1.27035
1.10034
1.08044
1.04846
1.12828
1.15956
1.02498
1.03927
1.02682
1.33268
1.28813
1.024
1.02498
1.12221
1.50361
1.02644
1.20332
1.03859
1.15913
1.28887
1.10813
1.0465
1.02498
1.024
1.02498
1.02929
1.03076
1.41544
1.18339
1.13304
1.03804
1.02769
1.07162
1.02498
1.02498
1.22529
1.14655
1.024
1.22979
1.03645
1.02498
1.0267
1.02604
1.10953
1.35369
1.08289
1.13523
1.08784
1.02498
1.024
1.10206
1.19801
1.26647
1.024
1.02498
1.03686
1.02498
1.02684
1.02839
1.04106
1.02498
1.113
1.23145
1.02498
1.41352
1.33528
1.27624
1.07726
1.13034
1.02646
1.20501
1.42953
1.35044
1.02498
1.03461
1.02498
1.03609
1.02498
1.024
1.024
1.17198
1.05177
1.02498
1.02498
1.19928
1.17411
1.02498
1.02498
1.33129
1.03476
1.50855
1.02498
1.024
1.04309
1.02498
1.12606
1.12975
1.02498
1.33001
1.02498
1.09284
1.02498
1.02498
1.02498
1.03725
1.024
1.44224
1.02498
1.31503
1.02498
1.04742
1.02498
1.05871
1.09252
1.10051
1.02644
1.04453
1.19105
1.03329
1.02659
1.16321
1.13899
1.02948
1.02498
1.02498
1.05943
1.024
1.02498
1.34591
1.024
1.50824
1.12993
1.03345
1.02787
1.024
1.03391
1.03791
1.41941
1.34285
1.02498
1.024
1.06727
1.05095
1.17197
1.05043
1.04006
1.11726
1.21336
1.02498
1.06965
1.0999
1.04033
1.02498
1.024
1.19339
1.02727
1.09762
1.04296
1.34371
1.36212
1.30584
1.03901
1.13553
1.04094
1.55693
1.18043
1.02683
1.2683
1.02852
1.024
1.11147
1.29768
1.05139
1.1122
1.06968
1.11427
1.18505
1.55316
1.02669
1.13282
1.02498
1.06661
1.05061
1.06418
1.03607
1.08956
1.06278
1.18127
1.03164
1.03908
1.27554
1.024
1.09846
1.10876
1.03267
1.25187
1.1364
1.02498
1.06802
1.38378
1.37167
1.07432
1.02498
1.06356
1.04117
1.12906
1.03512
1.24755
1.024
1.02498
1.06524
1.024
1.18183
1.08091
1.31997
1.22839
1.03497
1.10065
1.09228
1.02599
1.06759
1.06844
1.36732
1.02498
1.02498
1.024
1.40617
1.27038
0.881699
0.822443
0.869563
0.884622
0.829227
0.933284
0.879373
0.907392
0.873677
0.930304
0.843145
0.941707
0.820403
0.823018
1.05872
0.93895
0.964928
1.04832
0.874138
1.00123
1.35383
1.20689
0.959178
1.37424
0.843956
0.819689
1.15292
0.917759
1.37052
1.15366
0.822062
0.826451
0.841592
0.84566
0.880137
0.985406
1.19075
0.825168
1.19443
0.920588
0.976039
0.829993
1.13924
0.820161
1.02946
0.961197
1.00941
0.983087
0.840134
1.03501
0.978119
1.10882
0.995714
0.863054
0.820847
0.891758
0.819689
1.07769
1.08114
0.819689
1.13214
0.966422
0.976766
1.10441
0.82543
1.10949
0.914979
0.874082
0.855271
0.966617
0.880587
1.38969
0.852803
1.03696
1.40504
1.08598
0.905575
0.964803
1.03233
0.819689
0.848226
0.819689
0.932877
0.978532
1.02448
1.38976
1.24972
0.831561
0.964648
0.867268
1.14168
0.827525
1.0653
0.94038
0.864907
1.05918
0.957749
0.819689
0.820284
0.98822
1.39705
0.859001
1.17105
0.940078
1.14164
1.19486
0.854252
1.10662
0.8192
1.35656
0.921903
0.848651
0.820495
0.940794
0.822579
0.82806
0.821371
1.12165
1.05244
0.821956
0.834499
0.919007
0.860318
0.842134
1.43284
1.20851
0.852615
0.820907
1.20571
1.03207
0.927806
0.988748
1.05923
1.13343
0.819689
1.04301
0.920783
0.82162
0.834533
0.983324
0.897159
1.107
0.819689
1.22833
1.08379
1.10604
1.3432
0.819689
0.866036
0.841451
1.03085
0.86604
1.13735
0.934446
1.01425
0.850542
1.04469
1.14399
1.06736
0.850461
0.879729
0.870405
1.13344
0.819689
1.04903
1.22139
1.29551
1.16095
1.08984
1.48674
0.869979
0.880008
0.953913
0.936551
0.850825
0.938743
0.952869
1.1556
1.08006
0.946277
0.933451
0.907857
0.991659
0.91681
0.84039
0.964173
0.831709
0.889948
0.986381
0.875951
0.819689
0.899899
1.19252
0.968029
0.945512
0.891241
1.19277
0.847689
0.845127
1.15519
0.90392
0.874192
0.8339
0.8192
0.825264
0.858971
1.02458
0.881713
1.20259
1.01081
0.941717
0.905608
0.835858
0.829961
0.926975
1.04733
0.918172
0.9644
0.990678
0.819689
0.821078
0.85812
1.10888
0.822297
0.973528
0.819689
1.27035
1.07026
0.892151
0.843138
0.915335
0.819689
0.918285
0.950433
0.821779
1.16978
1.02183
0.823458
0.830597
1.27359
1.14107
1.2577
1.44985
0.8192
0.833438
1.02669
0.820431
0.906448
0.8192
0.913496
0.880084
0.820982
1.03139
1.06264
1.40955
0.907963
0.881764
1.12934
1.11094
0.863072
0.823833
0.819689
0.970088
0.984975
0.896511
0.866898
1.11279
1.11519
0.904947
0.929423
1.16527
1.1808
0.920183
0.819698
1.22072
0.905954
1.22414
1.19225
0.93277
0.878461
1.04126
1.30373
0.872224
0.819689
0.841544
0.8192
0.962011
1.24857
0.893793
1.59445
1.08645
0.852818
1.02325
0.920167
0.966838
0.82876
1.14238
1.02943
0.841993
0.882893
0.861322
0.99023
1.50975
0.907354
1.13791
0.827534
0.820674
0.98013
1.3234
0.97331
0.819689
0.931083
0.96464
0.973438
1.06069
0.820462
0.844752
1.2661
0.835516
0.885272
0.995083
0.838909
0.819689
0.862225
0.914752
0.962568
0.846868
1.07151
0.831466
0.986051
0.89081
1.21543
0.963097
0.891116
0.899057
1.03414
1.34021
0.821399
0.936032
0.819689
1.20938
0.95908
0.882711
0.959701
1.50788
1.09528
0.927166
1.23261
1.32234
0.947222
0.819689
0.989495
0.984008
0.925806
0.82197
0.819689
1.07028
1.07613
1.0318
0.855221
0.902891
1.09385
1.27244
0.972873
0.873397
0.874006
0.932385
0.825105
1.14984
1.06118
1.23558
0.830756
0.819689
1.16248
0.894118
1.14502
1.03426
0.953552
1.26904
1.03352
1.0903
0.978354
1.09788
0.819689
0.854946
0.819689
0.90476
0.894219
1.20784
1.08366
1.00606
0.927295
0.843068
1.09524
0.960485
1.02566
1.11265
0.824416
0.88888
0.827952
0.838369
1.11743
0.93247
1.20016
1.01414
0.825602
0.833525
0.947396
1.05039
0.99536
0.856489
1.07141
0.908439
0.927616
0.86762
1.05498
1.23958
1.02714
1.04854
0.924283
1.19818
0.932117
0.821193
1.03533
0.854475
0.953381
1.00958
0.868989
1.40134
1.24197
1.28764
1.12559
0.841933
0.92289
0.819689
0.82993
0.85742
0.825004
0.826673
0.951179
0.881299
0.819689
0.928091
0.867729
0.8192
0.868707
0.885664
0.853404
1.31255
0.83307
1.26112
1.02161
0.819905
0.827427
1.24243
1.40675
1.07621
1.09163
0.857596
0.819689
1.04222
1.08128
0.905016
0.823728
0.906968
0.908284
1.12453
1.10843
1.0182
1.24524
0.880902
0.836852
0.862703
1.17639
1.17812
0.819689
0.820314
1.20175
0.840223
1.03809
0.97234
0.864354
1.23271
0.943443
0.94804
0.997814
1.12225
0.879223
1.2327
1.36814
1.18134
1.30096
0.819689
0.8192
0.842307
1.10262
1.05967
0.884865
1.26258
1.14512
0.945094
1.31449
0.926627
0.980809
1.41441
0.819689
0.837908
1.11899
0.820069
0.909299
0.861746
0.842792
0.86142
1.14365
0.829153
0.837122
0.884846
1.06113
0.888813
1.36051
0.973861
1.10912
0.8192
0.835878
1.05006
0.826818
0.838182
0.893388
1.06441
0.849225
1.32302
1.04672
1.00105
1.0748
0.832302
0.819689
0.969861
1.07663
1.02172
0.936262
0.829897
1.0853
0.850136
0.897037
0.849644
0.867508
1.07487
0.820222
0.863832
0.824673
0.980821
0.836049
0.833104
1.20004
1.01395
1.22326
0.819689
0.828287
0.966884
0.819689
1.04581
1.06885
0.9589
0.847469
1.12186
0.827349
1.09465
0.830429
1.02301
0.861205
1.33112
0.836053
0.832662
0.875856
0.982033
0.832267
0.908004
0.820998
0.940576
1.28667
0.982477
0.855045
1.31013
0.833529
0.917138
0.825907
1.02871
0.834534
1.10908
0.916326
1.19699
0.819689
1.64117
0.893909
0.93423
0.899422
0.828748
0.866262
0.839961
1.04015
0.828516
1.12174
1.22991
1.17066
1.10317
0.828735
0.88539
0.974909
0.8192
1.00835
0.843383
1.12346
1.25182
0.868668
1.02603
0.835897
1.00033
0.824807
0.94647
0.96092
0.845401
0.829282
0.874718
0.82062
0.901519
1.13318
0.825449
1.08506
1.08602
1.06661
1.25958
0.847014
0.905326
0.859318
0.819743
0.903578
1.00797
0.981027
1.23742
0.969143
1.04331
0.827862
1.30807
0.850613
0.877072
1.207
0.881825
0.885623
0.9547
1.44228
0.937497
0.995945
1.06377
1.10311
1.07805
1.32375
0.837647
1.0451
1.31839
1.47316
0.8192
0.820691
1.13909
0.889628
0.967707
0.835609
0.955545
1.09143
0.820912
1.13242
1.12201
1.21512
1.0925
1.27088
1.10648
0.936315
0.955788
0.840713
0.865115
0.832399
0.8354
1.00647
1.15022
1.04874
0.841091
0.827079
0.845534
0.887009
0.888178
1.07561
0.939348
0.942098
0.938034
0.941644
0.820006
1.19743
1.65488
0.870479
0.819689
1.195
0.953346
1.19578
0.819689
1.12071
0.944195
0.838526
1.24977
0.963099
0.920241
0.896177
0.863447
1.0884
0.820748
1.06198
0.903558
1.15877
0.89427
0.879471
0.937563
0.8192
0.878214
1.21005
0.835776
0.898856
1.14706
0.975507
0.950518
0.819689
0.860041
1.01863
1.05115
0.93416
0.86873
0.915615
0.828196
0.821714
0.992332
1.30431
0.845793
0.894636
1.36619
1.30243
0.958467
1.26283
0.819689
0.819689
0.975039
1.33902
1.29306
0.885288
0.819689
0.876163
0.823424
0.875258
0.832682
0.836131
1.108
0.846971
0.822156
1.0583
1.611
0.946844
1.06327
0.828257
0.887441
0.879855
0.997616
0.878091
0.879527
0.821731
1.09738
0.824808
0.859807
0.950051
1.10576
0.919624
0.877988
0.98446
0.912266
1.00482
0.819689
0.823259
0.936409
1.23632
0.962449
0.858995
1.15887
0.861973
0.9625
0.878606
1.11135
0.841232
1.44587
0.894228
1.22567
1.00369
0.907348
0.887972
1.06328
0.836945
0.83918
0.832482
0.887027
1.52896
0.821226
0.849544
1.08632
0.87315
1.23147
1.10738
1.05956
0.904739
0.882011
1.0874
0.844304
1.13087
0.839446
1.07162
0.848351
1.28328
0.826677
0.981329
0.8192
1.09669
0.819689
0.825737
0.895286
0.82535
0.828948
1.07938
0.858248
0.976453
0.900393
1.1093
1.19434
0.916376
0.830279
0.882923
0.937365
1.09256
0.879104
1.48407
1.19852
1.22785
1.1993
0.946692
0.930996
1.03797
0.820363
1.12358
0.985623
0.819689
1.43893
0.865817
0.819689
0.871506
1.16593
1.22996
1.21996
1.27498
1.00457
1.15334
0.989421
0.985927
0.987395
1.00102
1.12106
0.965759
0.978034
1.06499
0.819689
1.20981
1.15214
0.830041
1.30258
0.819689
0.867533
0.87882
1.13315
0.843818
1.23144
0.997269
0.838886
0.963238
1.18817
1.49333
1.09076
0.974993
1.13502
1.54872
0.819689
1.0449
0.847777
0.865742
0.965361
0.877431
0.826775
0.8192
0.989249
0.842073
0.838599
0.974743
1.0647
1.20307
0.948991
0.984378
0.932783
1.08664
1.18285
0.964425
0.968867
0.845569
0.858868
0.905648
1.19942
0.896388
1.25737
0.985155
1.01291
0.82636
1.05234
1.20162
0.916621
1.23585
0.912513
1.21693
0.8192
1.16162
0.991488
0.832074
0.866529
1.17319
1.22314
0.822184
0.819689
1.18038
0.95353
0.819689
1.20366
1.26417
0.910499
1.11135
1.03067
0.841732
1.11978
0.865456
0.830423
1.29616
0.822961
0.875605
0.829009
0.825499
0.819689
0.822984
1.1639
1.05299
0.826131
0.957761
0.832357
0.863164
0.914409
0.917127
0.902334
1.59509
1.2846
0.8192
0.877972
1.55698
0.864221
0.842021
0.8192
1.07808
0.83875
1.15496
0.842535
0.916439
0.850723
0.819689
1.07925
0.955754
1.02015
1.10117
0.822109
0.8192
1.10389
1.15122
0.832199
0.842691
0.856443
0.912233
0.929176
1.41443
1.14645
0.830757
0.868484
0.819689
1.31831
0.887711
