1.03176
1.18541
1.58126
1.02498
1.3039
1.06005
1.03185
1.22955
1.0295
1.024
1.02498
1.02498
1.02614
1.13973
1.024
1.024
1.024
1.024
1.34267
1.02607
1.02616
1.024
1.02498
1.02498
1.02498
1.16089
1.06109
1.37119
1.02874
1.04832
1.05201
1.06751
1.09793
1.30409
1.02498
1.14217
1.02528
1.02498
1.1314
1.2219
1.19864
1.07989
1.024
1.10983
1.15541
1.31309
1.02966
1.02498
1.0528
1.02888
1.11651
1.07925
1.02986
1.04457
1.63598
1.02498
1.02498
1.024
1.02498
1.26356
1.27825
1.04223
1.20791
1.024
1.02711
1.13748
1.02886
1.04713
1.02498
1.04203
1.05005
1.0261
1.16127
1.024
1.02498
1.04203
1.05671
1.024
1.024
1.29741
1.04033
1.11513
1.02837
1.024
1.06925
1.02498
1.12718
1.024
1.18725
1.024
1.08535
1.03119
1.16319
1.02499
1.10625
1.03077
1.04765
1.02773
1.03084
1.02498
1.08159
1.02498
1.51089
1.16662
1.10371
1.21426
1.024
1.02498
1.13175
1.04423
1.02498
1.024
1.024
1.22838
1.1034
1.02524
1.11565
1.07754
1.12064
1.02498
1.024
1.02498
1.02498
1.02785
1.05367
1.04509
1.283
1.20547
1.02498
1.06879
1.15905
1.02598
1.44012
1.04413
1.22245
1.024
1.07082
1.09004
1.02627
1.42619
1.03149
1.024
1.95317
1.09083
1.03741
1.03835
1.09287
1.03892
1.2514
1.02498
1.04776
1.02498
1.02498
1.03415
1.02529
1.06232
1.0278
1.02498
1.34213
1.02587
1.08424
1.33411
1.19048
1.09423
1.13339
1.04807
1.32994
1.05603
1.11997
1.12132
1.03295
1.10496
1.32541
1.02501
1.03299
1.024
1.04753
1.14744
1.20674
1.02501
1.05085
1.024
1.06185
1.17783
1.041
1.07411
1.02498
1.02498
1.15955
1.03403
1.024
1.0289
1.12492
1.03853
1.02763
1.0731
1.02498
1.02608
1.03197
1.17049
1.04256
1.12072
1.32947
1.02498
1.11138
1.16507
1.1332
1.02885
1.02547
1.03722
1.53532
1.02498
1.05551
1.39417
1.11191
1.15228
1.02498
1.12258
1.02498
1.02812
1.05682
1.03113
1.04815
1.02498
1.02498
1.05489
1.0282
1.02549
1.34127
1.024
1.08353
1.17406
1.20772
1.65498
1.05365
1.24153
1.024
1.02502
1.04065
1.2974
1.35929
1.024
1.12335
1.11134
1.08769
1.03
1.024
1.24739
1.14675
1.12707
1.024
1.38678
1.06891
1.02498
1.11818
1.02498
1.02842
1.10109
1.03144
1.38703
1.33505
1.024
1.17195
1.02783
1.31349
1.2216
1.07142
1.02498
1.24345
1.2192
1.02498
1.48274
1.11348
1.6937
1.12853
1.22856
1.14212
1.04374
1.10881
1.21562
1.05597
1.024
1.50524
1.05993
1.24556
1.51959
1.36544
1.22693
1.15462
1.05943
1.19571
1.03771
1.02498
1.11427
1.024
1.0679
1.14849
1.07313
1.03475
1.15467
1.10839
1.16
1.16738
1.07535
1.024
1.025
1.60426
1.17521
1.08681
1.47313
1.08914
1.03027
1.024
1.07346
1.066
1.16532
1.06522
1.054
1.10473
1.11838
1.21811
1.04336
1.23814
1.02498
1.14919
1.03158
1.04655
1.05137
1.40474
1.37677
1.08692
1.02498
1.12038
1.15605
1.26989
1.22215
1.13953
1.63457
1.0893
1.02498
1.024
1.02498
1.03036
1.08338
1.15466
1.02498
1.04198
1.10392
1.02554
1.024
1.0467
1.1487
1.024
1.02498
1.23182
1.09721
1.25417
1.02498
1.024
1.024
1.02498
1.22157
1.2638
1.02498
1.05931
1.07311
1.02498
1.03936
1.19731
1.29915
1.05225
1.04937
1.02701
1.14357
1.29549
1.02498
1.08355
1.15867
1.2953
1.02498
1.05445
1.19014
1.11655
1.03306
1.213
1.02498
1.024
1.07871
1.07181
1.02647
1.04093
1.37057
1.03807
1.04272
1.02498
1.07052
1.51321
1.05447
1.14837
1.02818
1.02672
1.03898
1.024
1.02498
1.07033
1.024
1.11774
1.10741
1.15715
1.62928
1.024
1.20854
1.0524
1.02803
1.07384
1.02498
1.0328
1.02498
1.02498
1.02965
1.02498
1.02498
1.02544
1.12905
1.09947
1.10018
1.02498
1.02498
1.02498
1.04501
1.22638
1.37636
1.64568
1.02502
1.08653
1.04443
1.1781
1.13439
1.02498
1.03218
1.05172
1.16037
1.02498
1.03186
1.02498
1.02498
1.34092
1.231
1.02659
1.02498
1.02498
1.06605
1.02646
1.08716
1.024
1.13724
1.28798
1.0292
1.02498
1.024
1.03041
1.07909
1.02499
1.0613
1.04049
1.02507
1.02498
1.024
1.06037
1.02606
1.024
1.07565
1.16501
1.21364
1.02615
1.06964
1.03538
1.05563
1.024
1.28312
1.57207
1.04339
1.59353
1.06723
1.48756
1.02498
1.04802
1.024
1.05905
1.03968
1.08878
1.11305
1.02498
1.20389
1.25011
1.024
1.12642
1.09161
1.024
1.25847
1.02863
1.11019
1.32192
1.024
1.07975
1.06335
1.07411
1.32489
1.02498
1.024
1.024
1.024
1.02501
1.024
1.38245
1.20119
1.44882
1.16056
1.02498
1.02498
1.02498
1.07239
1.07043
1.02498
1.155
1.024
1.02498
1.34668
1.24028
1.41209
1.16346
1.02903
1.08067
1.024
1.04772
1.10191
1.03235
1.02534
1.06247
1.04588
1.02546
1.23699
1.0622
1.04588
1.02638
1.58392
1.1103
1.2126
1.26166
1.03533
1.08421
1.34067
1.02498
1.06588
1.1455
1.05126
1.05334
1.38894
1.34798
1.15002
1.54018
1.07738
1.05089
1.024
1.02498
1.12634
1.80072
1.26394
1.02553
1.04123
1.024
1.28754
1.03228
1.024
1.04916
1.02887
1.10746
1.06619
1.02498
1.02549
1.29447
1.07914
1.024
1.12619
1.02715
1.12749
1.02812
1.21209
1.02498
1.0849
1.09426
1.03148
1.024
1.04481
1.07086
1.06837
1.09227
1.024
1.0373
1.02498
1.02498
1.02498
1.28906
1.10153
1.14594
1.02498
1.03756
1.05033
1.23817
1.03051
1.23666
1.06159
1.024
1.482
1.06909
1.03479
1.02501
1.21897
1.18131
1.06339
1.09103
1.16274
1.0291
1.23222
1.06577
1.43363
1.02498
1.024
1.2066
1.07251
1.03194
1.03959
1.02498
1.18479
1.02498
1.03291
1.22564
1.024
1.024
1.0251
1.1339
1.02664
1.07142
1.07816
1.02498
1.25166
1.02498
1.05174
1.18702
1.45599
1.17417
1.18928
1.02585
1.02794
1.25529
1.19349
1.08614
1.024
1.02838
1.02498
1.68052
1.02498
1.16385
1.34053
1.05289
1.05364
1.02576
1.17363
1.024
1.024
1.12815
1.09174
1.0394
1.33878
1.02906
1.02498
1.02498
1.08877
1.04462
1.02592
1.04579
1.22495
1.07269
1.62503
1.24175
1.07917
1.02498
1.27517
1.11285
1.03293
1.08908
1.07031
1.08951
1.16533
1.03912
1.024
1.02498
1.02498
1.02498
1.03459
1.06849
1.02498
1.05977
1.24763
1.03963
1.07938
1.02498
1.024
1.024
1.03755
1.024
1.02498
1.02998
1.03067
1.37531
1.16404
1.22746
1.024
1.02498
1.08119
1.38253
1.05679
1.29404
1.024
1.14837
1.37833
1.02498
1.024
1.13577
1.05394
1.02498
1.02498
1.13519
1.33496
1.25417
1.05466
1.16363
1.024
1.02498
1.02498
1.07772
1.22894
1.31684
1.05606
1.08352
1.024
1.28378
1.03138
1.03855
1.21564
1.06211
1.02498
1.07495
1.02848
1.16428
1.024
1.20882
1.02936
1.10002
1.03958
1.024
1.0821
1.60068
1.02608
1.09301
1.03108
1.18139
1.37149
1.11348
1.22363
1.0545
1.02498
1.02646
1.23512
1.02599
1.13436
1.28289
1.22346
1.03388
1.21849
1.02498
1.17736
1.10102
1.03592
1.02498
1.03445
1.22217
1.02862
1.19797
1.06219
1.33984
1.06698
1.04624
1.07589
1.25008
1.20675
1.12333
1.024
1.02498
1.02498
1.02674
1.02498
1.02498
1.02659
1.02852
1.03781
1.024
1.02498
1.09826
1.03854
1.04001
1.05438
1.07778
1.02955
1.08769
1.5148
1.21772
1.15638
1.02498
1.024
1.03894
1.02498
1.1796
1.2844
1.024
1.04161
1.09267
1.04163
1.024
1.024
1.60509
1.08063
1.02649
1.024
1.024
1.02498
1.14033
1.10342
1.32423
1.07615
1.11454
1.0262
1.26388
1.02498
1.08228
1.37726
1.35275
1.13502
1.08068
1.02498
1.02627
1.05098
1.02498
1.02498
1.02498
1.02498
1.024
1.21557
1.02498
1.024
1.1273
1.024
1.03041
1.25267
1.1882
1.024
1.17119
1.09393
1.5193
1.0266
1.03219
1.024
1.02498
1.024
1.024
1.308
1.55925
1.25855
1.17666
1.024
1.04431
1.03333
1.02498
1.024
1.02966
1.04525
1.22876
1.10924
1.42792
1.03275
1.19133
1.08809
1.06586
1.024
1.19718
1.02498
1.0601
1.65616
1.03825
1.24593
1.04428
1.024
1.07463
1.15382
1.61178
1.02498
1.024
1.02498
1.36925
1.17679
1.35714
1.02617
1.06324
1.024
1.16777
1.02498
1.02612
1.024
1.05649
1.03193
1.024
1.08624
1.024
1.33062
1.024
1.04837
1.05154
1.09352
1.024
1.15305
1.03417
1.03647
1.09591
1.04661
1.06114
1.02498
1.0299
1.22051
1.14018
1.12384
1.12502
1.024
1.02498
1.12484
1.02498
1.02498
1.2187
1.24425
1.2539
1.04523
1.07677
1.78915
1.34159
1.02498
1.02498
1.04387
1.18122
1.17002
1.02498
1.02714
1.02498
1.02498
1.024
1.02959
1.024
1.024
1.3448
1.024
1.024
1.09204
1.02827
1.02498
1.18951
1.02498
1.10125
1.024
1.024
1.04887
1.024
1.0512
1.02617
1.03298
1.024
1.024
1.11132
1.71838
1.05637
1.39527
1.15069
1.47402
1.03305
1.46183
1.16458
1.19057
1.04995
1.024
1.05003
1.2841
1.024
1.2298
0.821368
0.917759
0.8192
0.862148
0.853146
1.18409
0.840601
1.1806
0.914902
1.26649
0.927321
1.13817
0.834853
0.978857
0.869166
0.832803
1.1555
0.824116
1.01888
0.819689
0.829677
0.897681
0.869172
1.33102
0.880915
0.902128
1.41496
0.878109
1.14923
0.821996
1.08964
1.04212
0.885505
0.972602
0.894459
0.899967
1.10789
1.61949
1.00777
0.882332
0.820648
1.22453
0.853657
0.926099
0.846976
0.819689
0.822796
0.884818
0.872756
1.30757
1.20866
0.936066
0.853827
0.936677
1.19413
1.07592
1.01078
0.978578
0.91876
0.997722
1.02887
0.881254
1.43592
0.99175
1.28793
1.16271
0.820311
0.992646
0.820784
0.826723
0.826873
0.819689
0.829124
0.840177
0.84947
0.95634
0.888611
1.10958
1.13759
0.849681
1.03658
0.884449
1.19419
0.830627
0.848372
0.998367
0.819689
1.21299
0.85842
0.891396
1.04575
0.966597
1.04157
0.827848
0.833731
0.982126
0.819689
0.905163
1.02296
1.02562
1.18541
1.2607
0.840123
0.838751
0.819689
0.823661
0.930575
1.23858
1.26631
1.11922
0.967908
0.912684
1.10288
1.33127
1.04296
1.19321
1.01234
0.929351
1.29361
0.849984
0.827793
0.837683
0.885262
1.17666
1.20463
0.918394
1.17124
0.826216
0.95956
0.838481
0.875102
0.931444
1.49607
0.878162
0.887651
0.837126
0.878829
0.835632
0.868296
1.13546
0.996433
0.897268
1.04583
0.897216
1.82597
0.825001
0.824055
0.918965
0.919254
0.819689
1.11577
1.12901
0.908286
1.17399
1.04356
0.940197
0.841817
0.953963
0.824783
0.828943
0.819689
1.21773
1.21949
1.30794
1.04753
0.926593
0.904943
0.928682
0.829079
0.824517
0.88635
0.980492
0.829877
0.849296
0.877789
1.2569
0.931728
0.936064
0.83307
0.869992
1.23942
0.983404
0.910326
1.15008
1.14492
0.832201
0.829307
0.8291
0.987948
1.47226
0.889745
0.82092
0.969851
0.846757
0.824829
0.942285
0.819689
0.932918
1.0073
0.902162
0.860172
0.819689
0.844692
0.821009
0.993175
1.15893
0.856256
0.853889
0.962773
0.913988
0.914455
0.954733
0.917067
0.947206
0.930806
0.883679
0.907836
1.127
0.863915
0.824261
0.952686
0.973134
1.14685
0.824765
0.941744
0.903489
0.825483
0.833477
0.890657
0.886665
0.842789
0.835703
0.849109
0.856717
0.853708
0.885046
1.19671
0.823441
1.06177
0.923693
0.823094
1.04486
0.946551
0.901723
0.8801
0.878066
0.819689
0.839796
0.819689
0.82277
0.826014
1.29658
0.940254
0.820976
0.833067
0.830922
1.06397
1.0534
0.888157
1.21642
0.82273
0.929113
0.830621
0.833964
0.863357
0.903959
0.847877
0.828138
0.819689
1.00331
0.883506
0.845182
0.84275
1.04908
0.82573
1.34131
1.23618
0.955146
1.14033
0.927552
0.831387
0.917103
0.922182
0.95242
1.4507
1.29083
1.07307
1.36628
0.833611
1.02811
0.972604
1.0044
0.909522
1.02557
0.874569
0.88987
0.884899
0.901653
0.912091
0.861353
0.840968
0.827148
0.964776
0.8192
1.37247
0.872829
0.8192
1.03218
1.2835
1.04948
1.07186
1.28657
0.864404
0.986801
0.881006
0.850711
0.82716
0.835807
1.61069
1.04529
0.915334
1.14691
0.822164
1.01506
1.01539
0.822455
0.928481
0.867808
1.36229
0.947287
0.932076
0.8192
1.10632
1.0989
1.0082
1.14234
1.04984
1.33932
0.866825
0.86113
0.819689
0.820842
0.8192
0.862755
0.959376
1.10735
0.892866
0.84749
1.09854
1.23172
0.943942
0.971366
1.02157
1.282
0.862589
1.03363
0.819689
0.865143
1.10198
0.982886
0.821997
1.08412
1.19861
1.15419
0.819689
0.891376
0.888607
1.11004
1.05456
0.935224
0.819689
0.830638
0.8192
1.25182
0.819689
0.823083
0.977025
0.894159
0.840007
0.828283
0.956872
0.969158
0.831517
0.945466
1.04551
0.870394
0.938992
0.98897
0.820336
0.819689
1.00696
1.11152
0.843863
1.128
1.35308
1.0034
0.985992
0.928839
1.15898
0.917218
1.13086
0.897016
1.30789
0.872528
0.84356
0.993041
0.933899
0.85419
1.10983
0.909863
0.891575
1.05915
1.12443
0.857865
0.92772
1.0682
0.881117
1.19821
1.01849
1.26074
1.61316
0.985546
1.06318
0.920495
0.934164
0.819727
0.819689
1.19491
0.992726
1.08986
1.15003
0.927332
0.8192
0.830734
0.988057
0.937149
0.879896
1.12586
0.898077
1.16045
0.819689
0.904025
1.04959
1.0192
0.819689
1.00773
1.03775
0.939614
1.24116
0.84793
0.933636
0.888599
0.928761
1.45784
0.82143
1.25293
0.826033
0.841842
1.23164
1.15966
0.835972
0.980415
0.901603
0.819689
0.915142
0.880974
0.819787
0.987102
0.956578
1.33114
1.17287
1.06854
0.957513
0.992725
0.832616
0.849901
0.828356
1.06952
0.892965
0.990905
0.888537
1.06186
0.859465
1.01561
1.03175
1.21914
0.997691
0.894939
1.18479
1.5808
0.846512
0.905389
1.03842
0.899025
0.825847
1.06685
1.16401
1.29955
1.0734
0.836356
0.949434
1.06022
1.22752
0.863391
0.852557
0.867527
1.36876
1.37901
0.944986
0.825326
0.968711
0.869187
1.10409
1.48636
1.05586
0.84506
0.879197
0.892284
0.973149
0.826068
0.819689
1.136
0.842966
0.823473
1.02471
1.09522
1.14777
0.912607
1.01882
0.885416
0.880945
0.887176
1.29453
1.00762
0.865433
1.0149
1.00321
1.16691
1.09623
1.28117
0.819689
1.00573
0.825527
1.11404
0.918741
1.11617
1.09698
1.03037
0.845211
1.04937
0.822128
1.33648
0.819689
0.954173
1.13968
1.27192
0.89904
1.23408
0.820392
0.991713
0.964001
0.871123
1.31234
0.819689
0.901251
0.819689
0.919602
0.895211
1.14742
0.993673
0.841611
0.93435
1.13218
1.16112
0.825358
0.821969
1.14405
0.831412
0.833814
1.31145
0.954105
0.841423
0.908354
0.860302
1.03824
0.850263
0.92165
1.08724
0.929438
1.09079
0.819689
1.05896
0.980759
0.929073
0.822171
0.831109
0.8574
0.867271
1.12251
0.875648
0.834937
1.03312
1.1667
0.820612
0.927584
1.10702
1.00467
1.00937
0.974054
0.891483
1.02613
1.18137
1.51845
0.838883
1.09851
0.823387
0.819689
0.820649
1.08316
1.20469
1.38187
0.848714
1.44013
0.977875
0.829049
0.819689
0.927597
0.871901
0.943693
1.09384
0.820433
0.898119
1.04623
0.83578
0.820888
0.971569
1.00506
0.839533
1.00246
0.889772
0.828564
0.893146
1.28398
0.93865
1.06566
0.848044
1.19931
0.8192
0.911354
0.905094
1.10647
0.91487
1.0347
1.44637
1.12274
1.27577
1.2904
1.1991
0.879692
1.02709
0.902938
0.845681
1.06868
0.886896
1.03549
1.17019
0.915705
1.20942
1.42099
0.936668
1.33379
0.909937
1.20585
0.842899
0.874102
0.823935
1.5391
0.921179
0.824677
0.860114
1.0564
0.907103
0.819689
1.04126
0.974259
1.05013
0.927738
1.07851
1.06044
1.03895
0.821704
0.962898
0.976152
0.8192
0.974444
0.828809
1.00501
1.09125
0.973743
1.04169
0.849333
1.06277
0.86205
1.3308
0.867045
0.936008
0.819689
0.819689
0.821057
1.43273
0.819689
0.825015
1.01519
1.30122
1.12951
0.819689
1.0727
1.06447
0.933191
0.839424
0.857621
1.14294
0.958892
0.953796
1.11504
1.44715
1.17185
1.17589
0.953105
0.985651
0.83974
0.927255
1.10131
0.831588
0.837675
1.21926
0.845016
0.926779
0.819689
0.849595
0.924099
0.821945
1.13131
0.847123
0.948856
1.18494
1.3476
0.969262
0.824811
1.37469
1.31142
1.01311
1.06148
0.974495
0.8192
1.14879
0.995378
1.27391
0.820525
1.28788
1.33472
0.819689
1.02592
0.834232
0.819689
1.07403
0.974274
1.12395
1.32174
0.823891
0.857459
0.826329
0.829099
1.1922
1.01642
0.938106
0.972269
0.879377
0.822314
0.876138
0.967393
0.941424
1.23756
0.82066
0.882137
0.916775
0.948468
0.822128
0.867136
1.57539
0.819689
1.01997
0.932341
0.823654
1.12896
0.819689
0.899682
0.921061
0.843648
0.902424
0.819689
1.08152
0.915973
1.02465
1.02895
1.18707
0.951178
0.828434
1.15947
0.853271
0.845057
0.822359
1.14385
0.857965
0.832972
1.00188
0.875527
0.917718
0.819689
0.955778
1.04141
1.14997
0.890192
1.36018
1.06627
0.984664
1.10665
0.924735
0.819689
0.822729
0.819871
0.920834
0.853149
1.0243
0.966656
1.16924
0.991741
0.819689
0.822312
1.12386
1.32811
1.1052
0.875954
0.840356
1.26593
1.08815
0.950095
0.855674
0.819689
0.936638
0.8192
1.29726
0.880131
1.09899
0.889532
1.11321
0.845768
1.38148
0.848356
1.57896
0.820145
0.833355
1.05246
0.885655
1.06821
0.821509
0.909219
0.824636
1.094
0.927829
0.845143
0.819689
0.841834
1.03539
0.901141
0.863282
1.01664
1.20386
1.16695
0.941519
1.12599
0.909937
1.57664
1.02533
0.822743
0.828342
0.826174
1.0422
0.819689
0.864347
1.1291
0.83918
1.21228
0.82776
1.05625
1.07204
1.32486
1.26133
1.46443
0.997321
1.08624
0.82334
0.852023
0.904651
1.47922
0.874646
0.980667
1.47202
0.992745
0.87206
1.08125
0.822633
0.925124
0.947827
1.00572
1.07374
1.08275
1.0758
0.921968
0.856563
0.935388
1.09653
0.9582
0.853705
0.861218
0.82701
0.85415
0.878126
0.942559
0.950867
0.819689
1.10035
1.05653
1.07841
0.976254
1.13178
1.29024
0.837859
1.01142
0.819689
0.819689
0.856486
1.16686
0.852973
0.8192
1.16928
1.07573
1.02667
1.23167
0.844998
1.30507
0.863667
0.848074
0.912807
0.991773
0.916901
1.07315
0.840961
1.1122
0.820394
1.05698
1.1106
0.819689
1.09327
1.0046
0.857832
0.830282
1.60697
0.839325
0.907899
0.910983
1.34688
0.880097
0.95241
1.27656
1.02911
0.899788
1.10085
0.840994
1.04706
0.892039
1.44647
0.820313
0.868771
0.88715
0.864904
0.859588
0.863866
0.872412
1.02064
1.16087
1.22225
0.910754
1.11268
0.98161
0.832384
1.01003
0.915271
0.926037
0.914484
0
0
0
0
0
0
0
0
0
0
0
0
0
0
0
0
0
0
0
0
0
0
0
0
0
0
0
0
0
0
0
0
0
0
0
0
0
0
0
0
0
0
0
0
0
0
0
0
0
0
0
0
0
0
0
0
0
0
0
0
0
0
0
0
0
0
0
0
0
0
0
0
0
0
0
0
0
0
0
0
0
0
0
0
0
0
0
0
0
0
0
0
0
0
0
0
0
0
0
0
0
0
0
0
0
0
0
0
0
0
0
0
0
0
0
0
0
0
0
0
0
0
0
0
0
0
0
0
0
0
0
0
0
0
0
0
0
0
0
0
0
0
0
0
0
0
0
0
0
0
0
0
0
0
0
0
0
0
0
0
0
0
0
0
0
0
0
0
0
0
0
0
0
0
0
0
0
0
0
0
0
0
0
0
0
0
0
0
0
0
0
0
0
0
0
0
0
0
0
0
0
0
0
0
0
0
0
0
0
0
0
0
0
0
0
0
0
0
0
0
0
0
0
0
0
0
0
0
0
0
0
0
0
0
0
0
0
0
0
0
0
0
0
0
0
0
0
0
0
0
0
0
0
0
0
0
0
0
0
0
0
0
0
0
0
0
0
0
0
0
0
0
0
0
0
0
0
0
0
0
0
0
0
0
0
0
0
0
0
0
0
0
0
0
0
0
0
0
0
0
0
0
0
0
0
0
0
0
0
0
0
0
0
0
0
0
0
0
0
0
0
0
0
0
0
0
0
0
0
0
0
0
0
0
0
0
0
0
0
0
0
0
0
0
0
0
0
0
0
0
0
0
0
0
0
0
0
0
0
0
0
0
0
0
0
0
0
0
0
0
0
0
0
0
0
0
0
0
0
0
0
0
0
0
0
0
0
0
0
0
0
0
0
0
0
0
0
0
0
0
0
0
0
0
0
0
0
0
0
0
0
0
0
0
0
0
0
0
0
0
0
0
0
0
0
0
0
0
0
0
0
0
0
0
0
0
0
0
0
0
0
0
0
0
0
0
0
0
0
0
0
0
0
0
0
0
0
0
0
0
0
0
0
0
0
0
0
0
0
0
0
0
0
0
0
0
0
0
0
0
0
0
0
0
0
0
0
0
0
0
0
0
0
0
0
0
0
0
0
0
0
0
0
0
0
0
0
0
0
0
0
0
0
0
0
0
0
0
0
0
0
0
0
0
0
0
0
0
0
0
0
0
0
0
0
0
0
0
0
0
0
0
0
0
0
0
0
0
0
0
0
0
0
0
0
0
0
0
0
0
0
0
0
0
0
0
0
0
0
0
0
0
0
0
0
0
0
0
0
0
0
0
0
0
0
0
0
0
0
0
0
0
0
0
0
0
0
0
0
0
0
0
0
0
0
0
0
0
0
0
0
0
0
0
0
0
0
0
0
0
0
0
0
0
0
0
0
0
0
0
0
0
0
0
0
0
0
0
0
0
0
0
0
0
0
0
0
0
0
0
0
0
0
0
0
0
0
0
0
0
0
0
0
0
0
0
0
0
0
0
0
0
0
0
0
0
0
0
0
0
0
0
0
0
0
0
0
0
0
0
0
0
0
0
0
0
0
0
0
0
0
0
0
0
0
0
0
0
0
0
0
0
0
0
0
0
0
0
0
0
0
0
0
0
0
0
0
0
0
0
0
0
0
0
0
0
0
0
0
0
0
0
0
0
0
0
0
0
0
0
0
0
0
0
0
0
0
0
0
0
0
0
0
0
0
0
0
0
0
0
0
0
0
0
0
0
0
0
0
0
0
0
0
0
0
0
0
0
0
0
0
0
0
0
0
0
0
0
0
0
0
0
0
0
0
0
0
0
0
0
0
0
0
0
0
0
0
0
0
0
0
0
0
0
0
0
0
0
0
0
0
0
0
0
0
0
0
0
0
0
0
0
0
0
0
0
0
0
0
0
0
0
0
0
0
0
0
0
0
0
0
0
0
0
0
0
0
0
0
0
0
0
0
0
0
0
0
0
0
0
0
0
0
0
0
0
0
0
0
0
0
0
0
0
0
0
0
0
0
0
0
0
0
0
0
0
0
0
0
0
0
0
0
0
0
0
0
0
0
0
0
0
0
0
0
0
0
0
0
0
0
0
0
0
0
0
0
0
0
0
0
0
0
0
0
0
0
0
0
0
0
0
0
0
0
0
0
0
0
0
0
0
0
0
0
0
0
0
0
0
0
0
0
0
0
0
0
0
0
0
0
0
0
0
0
0
0
0
0
0
0
0
0
0
0
0
0
0
0
0
0
0
0
0
0
0
0
0
0
0
0
0
0
0
0
0
0
0
0
0
0
0
0
0
0
0
0
0
0
0
0
0
0
0
0
0
0
0
0
0
0
0
0
0
0
0
0
0
0
0
0
0
0
0
0
0
0
0
0
0
0
0
0
0
0
0
0
0
0
0
0
0
0
0
0
0
0
0
0
0
0
0
0
0
0
0
0
0
0
0
0
0
0
0
0
0
0
0
0
0
0
0
0
0
0
0
0
0
0
0
0
0
0
0
0
0
0
0
0
0
0
0
0
0
0
0
0
0
0
0
0
0
0
0
0
0
0
0
0
0
0
0
0
0
0
0
0
0
0
0
0
0
0
0
0
0
0
0
0
0
0
0
0
0
0
0
0
0
0
0
0
0
0
0
0
0
0
0
0
0
0
0
0
0
0
0
0
0
0
0
0
0
0
0
0
0
0
0
0
0
0
0
0
0
0
0
0
0
0
0
0
0
0
0
0
0
0
0
0
0
0
0
0
0
0
0
0
0
0
0
0
0
0
0
0
0
0
0
0
0
0
0
0
0
0
0
0
0
0
0
0
0
0
0
0
0
0
0
0
0
0
0
0
0
0
0
0
0
0
0
0
0
0
0
0
0
0
0
0
0
0
0
0
0
0
0
0
0
0
0
0
0
0
0
0
0
0
0
0
0
0
0
0
0
0
0
0
0
0
0
0
0
0
0
0
0
0
0
0
0
0
0
0
0
0
0
0
0
0
0
0
0
0
0
0
0
0
0
0
0
0
0
0
0
0
0
0
0
0
0
0
0
0
0
0
0
0
0
0
0
0
0
0
0
0
0
0
0
0
0
0
0
0
0
0
0
0
0
0
0
0
0
0
0
0
0
0
0
0
0
0
0
0
0
0
0
0
0
0
0
0
0
0
0
0
0
0
0
0
0
0
0
0
0
0
0
0
0
0
0
0
0
0
0
0
0
0
0
0
0
0
0
0
0
0
0
0
0
0
0
0
0
0
0
0
0
0
0
0
0
0
0
0
0
0
0
0
0
0
0
0
0
0
0
0
0
0
0
0
0
0
0
0
0
0
0
0
0
0
0
0
0
0
0
0
0
0
0
0
0
0
0
0
0
0
0
0
0
0
0
0
0
0
0
0
0
0
0
0
0
0
0
0
0
0
0
0
0
0
0
0
0
0
0
0
0
0
0
0
0
0
0
0
0
0
0
0
0
0
0
0
0
0
0
0
0
0
0
0
0
0
0
0
0
0
0
0
0
0
0
0
0
0
0
0
0
0
0
0
0
0
0
0
0
0
0
0
0
0
0
0
0
0
0
0
0
0
0
0
0
0
0
0
0
0
0
0
0
0
0
0
0
0
0
0
0
0
0
0
0
0
0
0
0
0
0
0
0
0
0
0
0
0
0
0
0
0
0
0
0
0
0
0
0
0
0
0
0
0
0
0
0
0
0
0
0
0
0
0
0
0
0
0
0
0
0
0
0
0
0
0
0
0
0
0
0
0
0
0
0
0
0
0
0
0
0
0
0
0
0
0
0
0
0
0
0
0
0
0
0
0
0
0
0
0
0
0
0
0
0
0
0
0
0
0
0
0
0
0
0
0
0
0
0
0
0
0
0
0
0
0
0
0
0
0
0
0
0
0
0
0
0
0
0
0
0
0
0
0
0
0
0
0
0
0
0
0
0
0
0
0
0
0
0
0
0
0
0
0
0
0
0
0
0
0
0
0
0
0
0
0
0
0
0
0
0
0
0
0
0
0
0
0
0
0
0
0
0
0
0
0
0
0
0
0
0
0
0
0
0
0
0
0
0
0
0
0
0
0
0
0
0
0
0
0
0
0
0
0
0
0
0
0
0
0
0
0
0
0
0
0
0
0
0
0
0
0
0
0
0
0
0
0
0
0
0
0
0
0
0
0
0
0
0
0
0
0
0
0
0
0
0
0
0
0
0
0
0
0
0
0
0
0
0
0
0
0
0
0
0
0
0
0
0
0
0
0
0
0
0
0
0
0
0
0
0
0
0
0
0
0
0
0
0
0
0
0
0
0
0
0
0
0
0
0
0
0
0
0
0
0
0
0
0
0
0
0
0
0
0
0
0
0
0
0
0
0
0
0
0
0
0
0
0
0
0
0
0
0
0
0
0
0
0
0
0
0
0
0
0
0
0
0
0
0
0
0
0
0
0
0
0
0
0
0
0
0
0
0
0
0
0
0
0
0
0
0
0
0
0
0
0
0
0
0
0
0
0
0
0
