0
0
0
0
0
0
0
0
0
0
0
0
0
0
0
0
0
0
0
0
0
0
0
0
0
0
0
0
0
0
0
0
0
0
0
0
0
0
0
0
0
0
0
0
0
0
0
0
0
0
0
0
0
0
0
0
0
0
0
0
0
0
0
0
0
0
0
0
0
0
0
0
0
0
0
0
0
0
0
0
0
0
0
0
0
0
0
0
0
0
0
0
0
0
0
0
0
0
0
0
0
0
0
0
0
0
0
0
0
0
0
0
0
0
0
0
0
0
0
0
0
0
0
0
0
0
0
0
0
0
0
0
0
0
0
0
0
0
0
0
0
0
0
0
0
0
0
0
0
0
0
0
0
0
0
0
0
0
0
0
0
0
0
0
0
0
0
0
0
0
0
0
0
0
0
0
0
0
0
0
0
0
0
0
0
0
0
0
0
0
0
0
0
0
0
0
0
0
0
0
0
0
0
0
0
0
0
0
0
0
0
0
0
0
0
0
0
0
0
0
0
0
0
0
0
0
0
0
0
0
0
0
0
0
0
0
0
0
0
0
0
0
0
0
0
0
0
0
0
0
0
0
0
0
0
0
0
0
0
0
0
0
0
0
0
0
0
0
0
0
0
0
0
0
0
0
0
0
0
0
0
0
0
0
0
0
0
0
0
0
0
0
0
0
0
0
0
0
0
0
0
0
0
0
0
0
0
0
0
0
0
0
0
0
0
0
0
0
0
0
0
0
0
0
0
0
0
0
0
0
0
0
0
0
0
0
0
0
0
0
0
0
0
0
0
0
0
0
0
0
0
0
0
0
0
0
0
0
0
0
0
0
0
0
0
0
0
0
0
0
0
0
0
0
0
0
0
0
0
0
0
0
0
0
0
0
0
0
0
0
0
0
0
0
0
0
0
0
0
0
0
0
0
0
0
0
0
0
0
0
0
0
0
0
0
0
0
0
0
0
0
0
0
0
0
0
0
0
0
0
0
0
0
0
0
0
0
0
0
0
0
0
0
0
0
0
0
0
0
0
0
0
0
0
0
0
0
0
0
0
0
0
0
0
0
0
0
0
0
0
0
0
0
0
0
0
0
0
0
0
0
0
0
0
0
0
0
0
0
0
0
0
0
0
0
0
0
0
0
0
0
0
0
0
0
0
0
0
0
0
0
0
0
0
0
0
0
0
0
0
0
0
0
0
0
0
0
0
0
0
0
0
0
0
0
0
0
0
0
0
0
0
0
0
0
0
0
0
0
0
0
0
0
0
0
0
0
0
0
0
0
0
0
0
0
0
0
0
0
0
0
0
0
0
0
0
0
0
0
0
0
0
0
0
0
0
0
0
0
0
0
0
0
0
0
0
0
0
0
0
0
0
0
0
0
0
0
0
0
0
0
0
0
0
0
0
0
0
0
0
0
0
0
0
0
0
0
0
0
0
0
0
0
0
0
0
0
0
0
0
0
0
0
0
0
0
0
0
0
0
0
0
0
0
0
0
0
0
0
0
0
0
0
0
0
0
0
0
0
0
0
0
0
0
0
0
0
0
0
0
0
0
0
0
0
0
0
0
0
0
0
0
0
0
0
0
0
0
0
0
0
0
0
0
0
0
0
0
0
0
0
0
0
0
0
0
0
0
0
0
0
0
0
0
0
0
0
0
0
0
0
0
0
0
0
0
0
0
0
0
0
0
0
0
0
0
0
0
0
0
0
0
0
0
0
0
0
0
0
0
0
0
0
0
0
0
0
0
0
0
0
0
0
0
0
0
0
0
0
0
0
0
0
0
0
0
0
0
0
0
0
0
0
0
0
0
0
0
0
0
0
0
0
0
0
0
0
0
0
0
0
0
0
0
0
0
0
0
0
0
0
0
0
0
0
0
0
0
0
0
0
0
0
0
0
0
0
0
0
0
0
0
0
0
0
0
0
0
0
0
0
0
0
0
0
0
0
0
0
0
0
0
0
0
0
0
0
0
0
0
0
0
0
0
0
0
0
0
0
0
0
0
0
0
0
0
0
0
0
0
0
0
0
0
0
0
0
0
0
0
0
0
0
0
0
0
0
0
0
0
0
0
0
0
0
0
0
0
0
0
0
0
0
0
0
0
0
0
0
0
0
0
0
0
0
0
0
0
0
0
0
0
0
0
0
0
0
0
0
0
0
0
0
0
0
0
0
0
0
0
0
0
0
0
0
0
0
0
0
0
0
0
0
0
0
0
0
0
0
0
0
0
0
0
0
0
0
0
0
0
0
0
0
0
0
0
0
0
0
0
0
0
0
0
0
0
0
0
0
0
0
0
0
0
0
0
0
0
0
0
0
0
0
0
0
0
0
0
0
0
0
0
0
0
0
0
0
0
0
0
0
0
0
0
0
0
0
0
0
0
0
0
0
0
0
0
0
0
0
0
0
0
0
0
0
0
0
0
0
0
0
0
0
0
0
0
0
0
0
0
0
0
0
0
0
0
0
0
0
0
0
0
0
0
0
0
0
0
0
0
0
0
0
0
0
0
0
0
0
0
0
0
0
0
0
0
0
0
0
0
0
0
0
0
0
0
0
0
0
0
0
0
0
0
0
0
0
0
0
0
0
0
0
0
0
0
0
0
0
0
0
0
0
0
0
0
0
0
0
0
0
0
0
0
0
0
0
0
0
0
0
0
0
0
0
0
0
0
0
0
0
0
0
0
0
0
0
0
0
0
0
0
0
0
0
0
0
0
0
0
0
0
0
0
0
0
0
0
0
0
0
0
0
0
0
0
0
0
0
0
0
0
0
0
0
0
0
0
0
0
0
0
0
0
0
0
0
0
0
0
0
0
0
0
0
0
0
0
0
0
0
0
0
0
0
0
0
0
0
0
0
0
0
0
0
0
0
0
0
0
0
0
0
0
0
0
0
0
0
0
0
0
0
0
0
0
0
0
0
0
0
0
0
0
0
0
0
0
0
0
0
0
0
0
0
0
0
0
0
0
0
0
0
0
0
0
0
0
0
0
0
0
0
0
0
0
0
0
0
0
0
0
0
0
0
0
0
0
0
0
0
0
0
0
0
0
0
0
0
0
0
0
0
0
0
0
0
0
0
0
0
0
0
0
0
0
0
0
0
0
0
0
0
0
0
0
0
0
0
0
0
0
0
0
0
0
0
0
0
0
0
0
0
0
0
0
0
0
0
0
0
0
0
0
0
0
0
0
0
0
0
0
0
0
0
0
0
0
0
0
0
0
0
0
0
0
0
0
0
0
0
0
0
0
0
0
0
0
0
0
0
0
0
0
0
0
0
0
0
0
0
0
0
0
0
0
0
0
0
0
0
0
0
0
0
0
0
0
0
0
0
0
0
0
0
0
0
0
0
0
0
0
0
0
0
0
0
0
0
0
0
0
0
0
0
0
0
0
0
0
0
0
0
0
0
0
0
0
0
0
0
0
0
0
0
0
0
0
0
0
0
0
0
0
0
0
0
0
0
0
0
0
0
0
0
0
0
0
0
0
0
0
0
0
0
0
0
0
0
0
0
0
0
0
0
0
0
0
0
0
0
0
0
0
0
0
0
0
0
0
0
0
0
0
0
0
0
0
0
0
0
0
0
0
0
0
0
0
0
0
0
0
0
0
0
0
0
0
0
0
0
0
0
0
0
0
0
0
0
0
0
0
0
0
0
0
0
0
0
0
0
0
0
0
0
0
0
0
0
0
0
0
0
0
0
0
0
0
0
0
0
0
0
0
0
0
0
0
0
0
0
0
0
0
0
0
0
0
0
0
0
0
0
0
0
0
0
0
0
0
0
0
0
0
0
0
0
0
0
0
0
0
0
0
0
0
0
0
0
0
0
0
0
0
0
0
0
0
0
0
0
0
0
0
0
0
0
0
0
0
0
0
0
0
0
0
0
0
0
0
0
0
0
0
0
0
0
0
0
0
0
0
0
0
0
0
0
0
0
0
0
0
0
0
0
0
0
0
0
0
0
0
0
0
0
0
0
0
0
0
0
0
0
0
0
0
0
0
0
0
0
0
0
0
0
0
0
0
0
0
0
0
0
0
0
0
0
0
0
0
0
0
0
0
0
0
0
0
0
0
0
0
0
0
0
0
0
0
0
0
0
0
0
0
0
0
0
0
0
0
0
0
0
0
0
0
0
0
0
0
0
0
0
0
0
0
0
0
0
0
0
0
0
0
0
0
0
0
0
0
0
0
0
0
0
0
0
0
0
0
0
0
0
0
0
0
0
0
0
0
0
0
0
0
0
0
0
0
0
0
0
0
0
0
0
0
0
0
0
0
0
0
0
0
0
0
0
0
0
0
0
0
0
0
0
0
0
0
0
0
0
0
0
0
0
0
0
0
0
0
0
0
0
0
0
0
0
0
0
0
0
0
0
0
0
0
0
0
0
0
0
0
0
0
0
0
0
0
0
0
0
0
0
0
0
0
0
0
0
0
0
0
0
0
0
0
0
0
0
0
0
0
0
0
0
0
0
0
0
0
0
0
0
0
0
0
0
0
0
0
0
0
0
0
0
0
0
0
0
0
-1.02501
0.448178
0.243378
-0.0159433
-1.25742
0.203354
-0.590494
0.747121
0.251761
-0.45071
0.0411816
-0.915818
-0.784318
-0.0741983
0.224013
-0.0390846
-0.378895
0.308769
-0.026724
-0.621008
-1.84509
0.386256
0.664658
-0.809371
0.034116
0.341798
-1.5499
0.0797295
0.0777648
-0.000399199
-0.621408
0.255836
-0.0744618
-1.48079
0.566039
0.40773
0.243195
-0.246484
-0.685423
-0.258919
0.0793809
-1.15507
-0.13647
0.276625
0.183003
0.0798088
0.281421
-1.10383
-1.04231
0.286585
-0.786741
-0.28756
0.249169
-0.818917
-0.928899
0.603589
-0.576123
-0.751886
-0.0989474
-0.203461
0.112568
0.609974
-0.0498396
-0.894043
0.158032
-0.094109
0.697775
0.430397
-0.989279
-0.182967
-0.924479
-0.733457
-0.0227146
0.311199
0.183585
0.0966603
-2.58861
-0.36825
-0.123915
0.277509
-0.392231
-0.26039
0.03688
-0.61255
0.289517
-0.381868
-0.607883
-0.542199
0.316567
0.147385
-1.26234
0.0411968
0.123746
-0.203594
-0.214561
0.725574
0.205481
-0.667242
-0.590184
0.530609
-0.491781
-0.774701
-1.26588
0.229899
-0.453318
-1.01875
-1.40592
-2.31612
-0.805667
0.321141
-0.0599892
-0.554072
0.293822
0.185723
-0.387861
0.162752
0.108091
-0.831175
-0.487819
0.429458
0.171757
0.206348
-0.170517
-0.165442
-0.461706
0.0686722
0.513271
-0.280616
0.718815
-0.547542
-0.284449
0.158317
-0.821595
-0.32182
-0.932712
-0.271179
-0.977395
-0.133825
0.642437
-0.908489
-0.108631
-2.01079
0.0503503
-0.324938
-0.366753
-1.25998
0.0974241
-0.388239
0.260144
-0.892644
0.241772
0.431852
0.464069
-0.481529
-0.140797
-1.2623
-0.141066
0.169247
-0.776424
0.442122
0.306507
0.261387
0.070004
-1.3533
0.295379
-0.338846
-1.38004
-1.52058
0.266936
-0.297782
-0.910347
0.213347
0.206605
0.552046
0.5292
0.0537642
0.335731
0.298245
-0.962446
-0.503521
-0.139089
0.572053
0.524022
0.0390036
-0.69745
0.501296
0.258614
-0.114001
0.29966
-0.81776
0.298319
-0.0266926
-1.03996
0.151158
0.72724
0.50157
-0.435476
-0.558551
0.104247
0.414418
-1.12389
0.034305
0.61002
0.419792
-0.615349
0.207726
0.0697409
-0.921263
-1.09899
-2.12443
-0.928738
-0.269915
-0.778623
-1.123
-0.23528
-0.936205
-1.12139
-0.345145
-0.0786246
-0.426227
-0.596736
0.478593
-1.51194
-0.425455
-0.276546
-0.438247
-0.225506
-0.253081
-0.703022
0.710193
-1.39484
-0.939656
0.80379
-0.615148
0.457367
0.190694
-0.220844
-0.75992
-0.499962
-0.670355
-1.19613
-0.442133
-0.157247
0.301532
-0.0269222
0.137438
-0.677984
-0.276909
-0.5139
-0.416448
0.215106
-0.344266
0.568761
0.54878
-0.386752
-2.38784
-0.291252
0.0293567
-1.38781
-0.998802
-1.03952
-0.793739
0.0623307
0.651444
-1.50609
-0.92912
-1.70643
0.391536
0.222684
-0.461155
-0.0873568
0.131335
0.143113
0.380831
-0.0412164
-2.13904
-0.366456
-0.415614
0.0701152
-0.134512
-0.374036
-0.0714066
0.295429
0.0274465
-0.420579
-0.395289
-0.359503
-1.4139
-0.094771
-0.774181
0.108605
0.632239
-0.809147
0.113858
-0.710115
0.349553
0.552436
-2.0052
-2.46393
0.0919368
-0.890226
-0.456402
-0.1848
-0.00593577
-1.74408
0.135652
-0.578204
-0.330846
0.633086
-1.18847
-0.856118
-0.868051
0.824852
-1.64396
-1.24814
0.110004
-0.439106
-1.86908
0.456002
-0.715887
0.490851
0.0485135
0.483408
-0.0636898
0.722345
-0.379116
0.20985
-1.60488
0.363956
-0.0438611
-1.6764
0.027385
0.457306
-0.537239
-0.0730387
-0.348462
-0.0982249
0.243595
-1.08441
-3.31159
-3.3086
-0.618678
0.673979
0.143858
-0.629889
-0.555409
0.306724
-0.68576
-0.22638
0.341557
-1.27409
0.36747
0.164224
-0.168943
0.0614118
0.330851
-0.984828
0.191405
-0.843971
-0.500239
-0.953684
0.231464
-1.2798
0.415444
-1.20461
-0.442366
0.113658
0.210287
-1.53191
-0.180331
-0.269238
-1.00363
0.434468
-0.287418
0.53575
-2.41987
0.721476
-0.548455
0.217208
-1.65383
0.495479
-0.960302
-1.56852
-0.515006
0.274479
-0.366205
-0.0739445
-0.716154
0.264629
-0.964265
-0.488345
-1.16233
0.464067
0.821804
-0.641525
-0.0124735
0.271605
-1.41196
-0.102214
0.416935
-0.935316
-0.498636
-2.13082
0.523418
-1.25723
0.528507
-1.34344
-0.870351
-1.29314
-1.34894
0.0376836
-0.684933
-0.458344
-0.380808
-0.241891
0.924482
-0.498456
-0.429001
0.617153
-0.450619
-0.5043
-0.657599
-1.19512
-1.99044
-1.32404
-0.659757
0.520719
0.0454116
0.266433
-0.671945
-0.7548
-0.679902
-0.488156
-1.20071
-1.02984
0.429563
0.0208549
-0.217259
-1.39507
-0.942087
0.43191
0.454852
-0.204664
-0.539393
0.383191
-1.75762
-0.0290345
-1.09464
-0.00782547
-0.906426
0.0878733
0.0622337
0.598805
0.558486
-1.88492
0.350597
-0.127445
-0.781275
-0.134302
-0.282163
0.0418936
0.487174
0.240225
-0.069067
-0.827891
0.283393
-0.500085
-0.451028
-0.871018
-0.3769
0.00298507
0.210339
-0.828973
-0.317877
-0.81831
0.780998
-1.71311
-1.04626
0.488847
0.0350729
-1.00617
0.262631
-0.131317
-0.237497
-0.135251
-0.844346
0.286907
0.310048
0.387352
-0.890457
-0.39458
-0.497491
0.529739
-0.110128
0.362219
-0.18618
-0.515532
0.346551
-0.451858
0.00212052
-1.09619
-2.0628
-1.50968
0.138019
-0.517964
-0.976776
-0.300026
-0.618603
-1.12067
0.28418
-0.138522
0.293832
-0.173364
-0.0152444
-0.220008
-0.138922
-0.166149
0.4155
-1.09932
-0.450886
0.380986
-2.34458
-1.20861
-0.202535
-0.401243
0.465731
-1.53423
0.268097
-0.107275
-0.0684596
0.466764
-0.436763
0.207451
0.322172
-0.0841548
-0.210189
0.3155
0.0267283
-1.29379
-0.32619
-0.719355
-1.58343
0.045933
-0.768563
0.173188
0.592688
0.0879505
-1.20592
0.409649
-0.667524
-1.52508
-1.46336
-0.456008
-0.032085
0.188091
0.216552
0.100274
0.0186617
-1.83241
-1.04575
-0.212346
0.384392
-1.91323
-1.63043
0.434559
-0.518394
-0.138822
-0.903483
-0.403171
0.366548
-1.37345
-2.69838
-0.281191
0.309748
-1.17151
0.299202
-0.76612
-1.14756
0.204026
0.0669429
0.131088
0.0277537
-0.891317
-0.735822
-1.65721
-1.16044
-0.541073
0.240021
0.432439
-0.799397
-0.886645
-0.996579
-0.139847
0.209281
0.394333
-0.0710537
-0.815206
-0.391414
-0.316472
0.0201042
-1.47556
0.132637
-0.995856
0.435944
-1.12705
-0.2162
-2.1536
0.364536
-0.471615
-2.15528
0.330207
0.21846
0.506366
-2.39706
0.480036
0.341988
-0.33209
0.0588293
-0.2606
-0.593444
-0.241221
-0.804407
-0.557432
-1.63296
0.105423
-1.22084
-1.12223
0.592657
-1.44404
-0.34018
0.132392
-1.13782
-0.520119
-1.03941
-1.62979
0.545183
-0.0955599
-0.418126
0.0131765
-0.0137072
0.166285
0.0162208
0.19767
-0.249348
-0.785259
-0.336673
-0.0436585
-0.307231
-0.513943
-0.337757
-1.69904
0.160803
-0.200317
0.0768615
-0.548222
-0.0744983
0.454313
-0.600796
-0.664528
-1.40622
0.255741
-0.940818
-0.458294
-0.839929
-0.868233
-0.370156
-1.45945
0.0412959
0.433088
0.281997
-0.356248
-0.27005
0.577612
-0.620843
0.315627
-0.201969
0.631684
0.555601
-1.0378
0.598231
0.60494
-1.92102
-0.957658
-1.95801
0.453116
-0.644052
-0.232422
0.499452
-0.740065
-0.217318
-0.351002
-0.9881
0.397224
-0.203215
0.522752
-2.3223
0.036221
-1.07065
-0.0461783
-0.331906
-1.93736
0.420306
0.601414
0.0990007
-0.614585
0.260109
0.376643
0.149322
-0.328497
-0.0202745
-0.756918
-2.12733
-0.293709
-1.48536
0.249906
-1.11981
-1.26671
-0.0109281
0.349264
-0.775202
0.233532
-0.0153891
-1.01186
0.323273
-0.303026
-0.63568
-0.213879
-0.94421
-0.079001
-0.0899096
0.522399
-1.44171
-0.451949
-0.810003
-0.904937
-0.418039
0.198354
-0.373747
0.221065
0.189137
-0.520306
-0.207086
0.205234
-1.4552
0.699158
-0.479291
-0.251558
-0.584198
-1.74814
-1.87834
-0.388154
-1.3437
-0.83303
0.0799198
-0.129619
0.393966
0.4241
0.0741961
0.127007
-0.727002
0.121235
0.104668
0.0932305
-1.2563
-0.800779
0.471
-0.142442
-0.00436508
-0.851042
0.456986
-0.240239
-1.63897
0.546985
-0.143765
0.463434
-0.106013
-0.0213431
-0.244991
0.242
0.186621
-0.80799
-0.363151
-0.614524
0.463644
0.563805
-1.55572
-1.23859
0.154296
0.649297
-0.536245
0.295794
-0.726782
0.109382
0.384421
0.173639
-0.34408
-0.651863
-1.94016
-1.40392
-0.555272
-0.33099
0.547578
0.244207
0.15869
-0.332069
-0.43361
0.198895
-1.07447
-1.30878
0.205166
0.26232
-1.87818
0.482749
-0.222525
-0.851106
-0.704066
-0.643528
0.00978628
0.476473
-0.0852618
0.0550599
-0.0927003
-1.64848
-1.89203
0.167478
0.241628
0.324588
-1.39228
-0.831581
-0.331437
-1.16915
-0.746521
-0.923794
-0.245848
-1.26253
0.148372
0.234507
-0.781477
0.54361
0.357849
0.485203
-0.281926
0.166879
-0.916644
0.37527
0.565256
0.450435
-0.699302
-0.329135
-0.859789
-0.266629
-0.996566
-1.34
-1.68096
0.192647
-0.133937
-0.947258
-1.60574
0.193791
0.183608
-1.13743
-1.39482
0.520246
-0.422184
0.65007
-0.80367
-1.40665
-0.229145
-0.907009
0.107207
0.134473
-0.887965
0.413044
-0.646121
0.0420165
-1.2503
-0.831963
-0.854346
-0.46028
-2.19154
0.721959
-0.675273
0.326563
-0.820622
-0.291411
-1.2527
-0.347563
0.0494226
0.0536383
-0.930073
-0.147569
0.164091
-0.0987031
-1.02939
0.187155
-0.144259
-0.827728
-1.46724
-1.24523
-0.362702
-1.51664
-1.27163
0.492237
-1.3858
0.700237
0.0521076
-0.273249
-1.111
-1.62388
-0.667331
-0.410987
0.623144
0.54461
-1.25368
-1.35508
-0.143378
-0.325655
0.0327748
-0.238559
-0.326209
0.271066
0.368841
-0.987398
-0.251275
0.0610626
-0.652409
-1.10394
-1.8719
0.272634
-0.365664
-0.113331
-0.317205
0.468021
0.575833
0.471799
-0.703676
0.18155
-0.566874
0.68059
0.37064
-0.678589
0.307557
-0.663737
-1.59256
-0.10098
0.445729
-0.0826894
0.0950877
-0.284779
0.0220206
0.305143
0.74711
-0.68269
0.0913564
-1.0646
0.0168767
-0.177198
0.0293853
-0.598604
0.0209999
0.019109
0.181809
-0.629584
-0.335192
0.374021
-1.38484
0.000517897
-0.0315699
-0.258006
0.361136
0.128448
-1.08474
-0.070968
0.580505
0.480933
-0.315889
-0.46836
-0.415866
-0.322153
0.0229196
-0.588467
0.28764
-1.87374
-1.43953
0.102244
-1.6391
0.27043
0.124961
0.416519
0.347248
-0.320704
-0.122737
-0.104696
-0.48578
-0.267779
0.0359546
0.486359
-0.533957
-1.12791
-2.42287
0.594775
0.47231
-0.623169
-0.68519
-0.222958
-0.198647
-1.0927
-0.345637
-0.428759
0.068366
-0.439718
-0.135566
-0.419311
0.00452432
-1.22373
-1.18682
0.0597843
-0.122385
0.0428968
0.338082
-0.213054
0.0272978
0.575486
0.423953
0.0184561
0.580396
-0.72436
-1.05554
0.205532
-0.100256
0.534947
0.320833
-0.923668
-0.63374
-0.427749
-0.493554
-0.455206
0.0837547
0.44995
-0.910639
0.379475
0.154859
-0.0117689
-0.44284
0.411439
-1.06252
0.0517013
-0.0446872
-0.245171
-0.00818792
-0.486972
0.0262086
-0.192507
0.187673
0.0566573
-0.267439
-0.941081
-0.183038
-1.98077
0.281297
0.258992
-1.03657
-0.0914901
-0.00594772
-0.105173
0.279273
-1.67611
0.241377
-0.355047
-0.501839
-0.500416
-0.0617124
-0.874054
0.58133
-0.314933
-0.0623367
0.531763
0.356194
-0.235042
-0.0535272
0.189864
-0.960425
-0.576633
-1.18148
-0.280439
-0.518016
0.178323
0.558675
0.429563
-0.707577
-0.0887508
-0.45442
0.257647
-0.53983
-0.0800474
-0.0139199
-0.164737
0.26152
0.0790482
-1.39591
-0.86779
-0.0907557
0.569392
-0.981838
0.357196
0.00597098
0.196224
0.277235
-0.628397
0.402762
-1.85291
0.557131
-0.246708
-0.692641
-1.13231
0.0156012
-0.95691
-1.16138
-0.878904
0.366398
0.0623589
-0.879706
-0.706856
-0.102174
-1.8119
-0.520524
0.582435
0.365559
-0.596877
-1.27773
0.341112
-0.289996
-0.77815
-0.466619
0.0460007
0.117605
-1.61038
0.259779
-0.0952501
-0.789202
-0.410577
0.195151
-0.24198
0.232153
-1.4988
0.435003
0.215503
0.0962089
0.605062
-1.82381
-0.435503
-0.577059
0.0894345
-0.366056
0.337169
-0.637783
-0.178208
-0.9445
0.243124
0.282191
0.293352
-0.33355
-0.169532
-0.464242
0.262078
-0.831923
0.223544
0.458801
0.525545
0.413144
0.309016
0.674747
-1.33624
-0.249746
0.0302027
-1.27323
-0.201621
-0.159281
-0.0484183
0.15768
-0.0298301
-0.00840684
-0.0844196
-0.270782
0.160245
-0.238522
-0.265588
-0.250128
-0.577331
-0.632433
0.178002
-0.483337
-1.01088
-0.13457
0.317592
0.205638
-0.416323
-0.208188
0.302367
-0.279986
-0.801929
0.315106
-0.953406
-0.104007
-0.73742
-1.6797
-1.21894
-0.271282
-0.359544
-0.0873829
0.582985
0.22615
0.0630816
0.00837605
-0.565703
-0.632326
-0.0807078
0.0642911
0.0363612
-0.325443
0.193798
-1.26454
-1.70111
-0.610892
-0.137112
-0.682128
-0.626291
-1.3849
0.412963
0.329563
-1.02413
-0.530708
-0.0232924
-0.988637
-1.09577
-0.302929
-0.921371
0.270787
0.269374
-0.992859
-0.657844
0.396939
0.385595
0.555542
0.649158
-2.38546
-0.462408
-0.0408492
-1.70577
0.0247377
-1.73162
-0.32817
-0.138856
-1.08071
0.33933
0.208474
0.623792
-0.15331
-0.510537
0.229661
0.362724
-0.670715
-0.982277
-2.24599
-0.04136
-0.281327
-0.832541
-0.114009
0.249782
-0.142004
-0.258254
-0.191466
0.211736
0.433994
0.0367927
-1.56341
0.377448
-0.383837
0.43269
0.39388
-0.134024
-0.390792
0.220848
0.485633
-0.450696
-0.882338
-0.508522
-1.25518
0.117708
0.405467
-0.383993
0.708404
0.119757
-0.322889
0.0614048
-0.0288819
-0.374272
-0.790209
0.241132
0.179123
-1.07849
-0.263215
-0.31543
-0.0031567
0.616026
-0.188465
0.212017
-0.511174
-2.12153
-0.298892
0.514423
-0.108271
-1.11692
-0.125241
-0.204384
-0.0762259
-0.195728
-0.919775
-0.438612
0.3962
-0.456026
-0.751545
0.102772
-0.594546
-1.23708
-0.412247
-0.0329208
-0.0205135
-0.594691
0.240683
-0.808856
-0.0313806
-0.365853
0.297947
0.0362929
-0.278106
-0.0686661
0.223069
0.353322
-0.73601
0.0907722
-3.43609
0.398173
0.0707976
-2.13773
0.153574
0.66716
0.383247
-0.133353
0.383744
0.492251
-0.0692138
-0.963084
0.0319717
0.0128541
-0.174175
-1.55616
-2.01522
0.146121
0.248503
0.284485
-0.789009
-0.107221
-0.246211
0.353674
-0.567538
-0.219512
-0.146915
-0.169222
-0.881723
0.267491
0.211406
0.325664
-0.337917
-1.62119
0.454248
-0.358023
0.25551
-0.0249158
0.0752097
0.523469
-0.0695204
0.210294
0.0428873
0.221885
-1.54649
-0.547748
-1.37413
-0.322014
-0.434155
0.394143
-0.149263
-0.273151
-0.156476
-0.869263
0.0854365
0.0767553
-0.301533
0.186878
-0.63455
-0.116387
-0.830213
-0.368537
0.385432
-0.587309
0.431076
0.0512655
-0.491833
-0.531994
0.0907942
0.256221
-0.0758978
-0.279622
0.0929018
-1.12312
-0.693566
-0.214252
0.161103
0.466891
0.087549
0.0785277
-0.232911
0.330559
-0.157124
-1.14633
0.194385
-0.353713
-0.482188
0.120205
-0.241384
0.574729
0.403076
0.411392
0.273568
-1.59531
0.0672682
-0.971883
-0.592448
-0.331611
-0.705095
-0.720282
-0.0601308
-0.688957
-1.38186
-0.116141
-0.305739
-2.09549
-0.449441
-0.506059
-0.738884
0.518247
-0.821375
0.228436
0.122268
-1.07775
-0.632673
0.457959
0.470274
0.221603
0.194353
-0.429241
-1.47893
0.189278
0.295574
-0.0448708
-1.29171
-0.306195
-0.19337
0.265186
0.41652
0.153386
0.43599
-0.113042
-0.622881
-0.307542
0.355191
0.248893
-2.69656
-0.671412
0.455231
-0.359433
0.00821468
-0.0248779
-0.143925
0.490023
-0.0933605
-0.0828121
-0.1221
0.180414
-1.12935
0.382275
0.569822
0.411256
0.508449
-1.2775
-1.63716
-0.524964
0.354373
0.0261142
-0.422298
0.244565
0.368243
0.0432401
0.470024
-0.0684407
-0.0346175
0.617167
-1.51599
-0.334542
0.118622
-0.779902
-0.599285
-0.745568
-0.84079
-0.149311
0.302787
-0.995619
-0.529283
-0.4039
-0.0415583
-0.646464
0.609155
-0.116092
0.348198
-1.86772
-0.898286
0.167405
-1.06105
-0.791069
-0.150062
0.146861
-0.575021
0.501361
0.0522026
-0.034565
0.00928799
-0.753401
-1.19598
0.0158271
0.11379
0.203705
-0.364769
-0.782649
0.254724
-0.533028
-0.611444
-0.38711
-0.411446
0.332468
-1.1851
-0.955819
-0.897917
0.082665
-0.576922
-0.659977
0.313303
-0.00641241
0.436033
-0.99634
-0.540098
-0.163935
-1.54834
-0.0420634
0.076592
-0.0383465
-0.315279
0.253168
-0.791876
0.166674
-0.556535
0.102657
-0.295104
0.462223
-0.858237
-0.296424
-0.458681
0.060506
-0.525007
-0.187449
-0.819421
0.0634898
0.46203
0.0906489
-0.611116
0.559688
-0.783548
-0.318816
-0.775726
0.162059
-0.552587
0.117142
0.0407743
0.339449
-0.922733
0.789432
-0.081869
-0.00950181
-0.102495
-0.787588
-0.543134
-1.04977
-0.29782
-0.68381
0.258877
0.454878
0.285781
0.286453
-1.25383
-0.488183
-0.381379
-1.24443
0.0718889
-0.988161
0.202193
0.362797
-0.511576
-0.0595555
-0.774304
0.0367727
-1.03943
-0.170082
-0.029207
-0.346904
-1.63397
-0.661263
-1.20653
-0.233494
0.315531
-0.958373
0.238263
0.266461
-0.0520671
0.50435
-0.37329
-0.294753
-0.335307
-1.53427
-0.125931
0.101571
0.133924
0.319555
0.127626
0.15309
-0.497347
0.483528
-0.564281
-0.562997
0.355101
-0.134227
-0.77609
-0.702202
0.605616
-0.196366
0.00976925
0.0923618
0.158878
0.343618
0.541642
-0.627127
0.159996
0.564222
0.583046
-1.83518
-1.03548
0.268378
-0.426537
-0.265777
-0.736777
0.00110473
-0.370969
-1.11558
0.354028
0.2232
0.316303
0.0395088
0.408584
0.0874153
-0.0193818
-0.0188479
-0.846267
-0.667714
-0.605635
-0.591303
0.126593
0.227415
0.19895
-0.857919
-1.08272
-0.347491
-1.02006
-0.418551
0.189415
-0.451853
-0.574597
-0.0516246
0.0920112
-0.999497
0.32989
0.826536
-0.606125
-1.4173
0.364534
-0.0200079
0.334172
-1.02219
0.352137
-0.947562
-0.466119
0.375735
0.024238
0.0184951
-0.326126
-1.08248
0.0101606
-0.876783
0.227332
-0.255458
0.387667
-0.384778
-0.05162
0.0892721
-1.70892
-0.454057
0.504571
-1.02313
-0.360592
0.311809
-0.129846
0.103203
-1.65549
-0.202186
0.21892
0.167398
-0.0490035
-0.412148
-0.736501
-0.574511
-0.851414
-0.0400918
0.532079
-0.845038
-0.997621
0.543381
0.440549
0.140303
0.464331
-0.803583
-1.49415
0.0459931
0.520549
0.34949
-0.137981
-1.37908
-0.261477
-0.567139
-0.287739
-0.73951
-0.724135
-0.083868
-0.620182
-1.16559
0.106584
0.797081
0.0861842
0.24102
-0.63906
-0.118638
-0.366934
0.103722
-0.121403
-0.337709
-1.41116
0.0497834
-0.72101
-0.45303
0.0764228
0.157478
-0.174341
-0.251059
-0.092142
-0.581048
0.0787314
-1.14857
-1.2586
-0.0949546
0.449123
-0.026507
-0.42962
0.274504
-0.090088
0.0567499
-0.361465
0.157245
-0.420745
0.649381
-0.416995
0.450205
4.50753e-05
0.0917239
-0.321808
0.125383
-0.889913
-0.50359
-0.385105
-0.21531
0.737971
-1.41167
-0.566701
0.235511
-0.275536
0.483235
0.332629
0.347648
-0.733339
-0.657802
0.200695
-0.35831
0.26035
-0.609471
0.30668
-0.406553
0.538264
-1.44394
0.180656
-2.12742
0.00300449
-1.10917
-0.881625
-0.0908719
-0.767951
-0.510104
0.0810457
-0.485441
0.17232
-0.221059
0.370264
0.454936
-0.45658
-0.698688
-0.113443
-0.102814
0.27663
-0.657478
0.68937
0.35461
0.407899
0.401006
0.0749609
-0.072694
0.167221
-1.16901
0.200165
-0.0276895
-1.43319
0.607468
-0.492909
-0.6723
-0.873031
0.327893
0.397995
0.365761
0.362146
-0.358175
0.32611
-0.152932
0.174119
0.187388
-0.124569
0.310521
-0.0628463
-0.0294553
0.254399
-1.30704
0.394163
0.29099
-0.617177
0.50032
-1.15696
-0.364857
-0.94117
0.26223
-0.456204
0.484876
0.00397219
-0.44073
-0.423364
0.386733
0.710525
0.10416
-0.17946
0.330359
0.712476
-1.26809
0.32059
-0.588526
-0.421568
-0.0820538
-0.888885
-0.808103
-2.27225
-0.0281963
-0.510107
-0.939204
0.150702
-0.159234
0.320044
-0.0608143
0.163156
-0.319325
0.192658
0.461155
0.149226
0.215528
-0.25992
-0.331795
-0.0394723
0.363854
-0.580144
0.404413
0.0305684
-0.597499
-1.17918
0.0670174
0.398503
-0.0229628
0.435776
-0.11295
0.493574
-1.82928
0.452576
0.212051
-2.50524
-0.653997
0.33435
0.39057
-1.02621
-1.56031
0.403134
0.0460146
-1.20331
0.248335
0.48314
-0.108012
0.205155
0.213348
-0.53516
-0.148498
-0.243923
-1.19164
0.519334
-1.20783
-0.10988
-0.9239
-0.678026
-1.00041
-1.63334
0.319783
0.123712
-0.477812
0.0238551
-0.60313
-0.403895
-0.262526
-0.0274379
-0.149252
0.74661
0.579899
-1.38886
-0.192361
0.739491
-0.607707
-0.469902
-1.65234
0.255882
-0.99754
0.345926
-0.629333
-0.0293547
-0.432716
-1.11283
0.155821
-0.0342541
-0.219973
0.152711
-0.814735
-2.68506
0.317292
0.31618
-0.771415
-0.373945
-0.925511
-0.0408361
0.0367283
0.621807
0.327448
-0.651696
-0.308624
-1.3609
0.566087
-0.900234
