1.41237
1.21812
1.02498
1.04652
1.04302
1.14738
1.05435
1.05578
1.038
1.026
1.024
1.14637
1.02498
1.04035
1.08756
1.5369
1.12731
1.26763
1.18514
1.03231
1.20061
1.024
1.15665
1.02498
1.03474
1.25555
1.03901
1.18586
1.20174
1.02498
1.02885
1.024
1.16446
1.024
1.28506
1.2762
1.45805
1.024
1.024
1.03916
1.03274
1.1066
1.024
1.024
1.0286
1.04896
1.02498
1.02614
1.06764
1.12887
1.20449
1.024
1.18177
1.07818
1.15334
1.024
1.21136
1.1529
1.07267
1.0439
1.54899
1.05467
1.16752
1.05807
1.09492
1.10907
1.02498
1.02498
1.02498
1.28822
1.04612
1.11508
1.19163
1.06659
1.024
1.02711
1.35691
1.02498
1.02498
1.02872
1.02566
1.02611
1.06749
1.24002
1.06224
1.07309
1.024
1.14315
1.02498
1.04232
1.17338
1.08098
1.02498
1.024
1.02498
1.04092
1.02853
1.02498
1.024
1.13659
1.17053
1.0266
1.21406
1.27474
1.024
1.12058
1.21025
1.02498
1.5435
1.02498
1.024
1.23747
1.024
1.04165
1.024
1.0992
1.19243
1.3531
1.02622
1.02498
1.05353
1.024
1.024
1.43931
1.23481
1.25802
1.19934
1.024
1.12253
1.024
1.02498
1.0261
1.024
1.08409
1.02498
1.024
1.03634
1.024
1.19663
1.024
1.03003
1.024
1.03851
1.07983
1.03967
1.1481
1.2523
1.024
1.024
1.04689
1.36697
1.02498
1.11407
1.24713
1.04737
1.02712
1.14728
1.02835
1.10765
1.024
1.05513
1.02851
1.10181
1.04732
1.06444
1.02743
1.11924
1.07074
1.06475
1.27857
1.024
1.07351
1.024
1.06244
1.04046
1.02757
1.09896
1.18419
1.28639
1.22643
1.024
1.03204
1.05946
1.06762
1.02498
1.06261
1.024
1.024
1.09296
1.14448
1.06357
1.04334
1.02665
1.13264
1.02498
1.27444
1.0264
1.0309
1.29113
1.31135
1.024
1.06759
1.04099
1.02811
1.03687
1.1126
1.024
1.12355
1.024
1.024
1.05244
1.06711
1.27742
1.07806
1.10098
1.06138
1.02782
1.04495
1.06553
1.24916
1.02498
1.06686
1.17139
1.03497
1.2055
1.03915
1.10553
1.024
1.15796
1.20332
1.02765
1.02708
1.05821
1.02498
1.03324
1.07361
1.1349
1.17402
1.10689
1.15953
1.024
1.32279
1.024
1.07323
1.04956
1.20136
1.02937
1.14313
1.024
1.05963
1.2592
1.35658
1.03099
1.07292
1.04561
1.03212
1.10158
1.024
1.05769
1.0299
1.024
1.02498
1.03859
1.04405
1.11433
1.04765
1.02615
1.03164
1.22557
1.024
1.02498
1.17168
1.08258
1.05065
1.04573
1.02941
1.03682
1.024
1.07842
1.08275
1.02632
1.12822
1.024
1.03638
1.024
1.26927
1.22333
1.09151
1.024
1.04755
1.03348
1.024
1.02498
1.22682
1.04924
1.02897
1.024
1.15592
1.05474
1.06536
1.04012
1.03866
1.04185
1.12082
1.02686
1.02907
1.22903
1.04525
1.33523
1.36275
1.14914
1.024
1.05382
1.06113
1.02498
1.09233
1.024
1.08535
1.07991
1.06519
1.02634
1.024
1.02966
1.05439
1.02641
1.06696
1.024
1.02631
1.05926
1.02498
1.085
1.03619
1.04979
1.06364
1.02498
1.30562
1.06391
1.0523
1.28821
1.03013
1.08123
1.12537
1.10153
1.04473
1.07087
1.045
1.24233
1.024
1.16872
1.13276
1.024
1.09485
1.024
1.07466
1.02967
1.024
1.02498
1.06559
1.08908
1.17977
1.024
1.04733
1.06584
1.02894
1.02702
1.26886
1.17429
1.05007
1.02895
1.13859
1.07699
1.02705
1.02498
1.02643
1.10115
1.024
1.0594
1.13223
1.07584
1.02847
1.03311
1.1715
1.02689
1.25093
1.03751
1.21351
1.02498
1.024
1.03479
1.02798
1.05134
1.29049
1.12453
1.14121
1.18763
1.03074
1.04513
1.02498
1.21356
1.42554
1.07416
1.07114
1.046
1.06343
1.06416
1.02498
1.11907
1.024
1.21562
1.02498
1.04588
1.6601
1.02498
1.29764
1.44171
1.15873
1.02498
1.02498
1.05577
1.20718
1.024
1.04234
1.52397
1.06432
1.02498
1.024
1.03525
1.024
1.04988
1.33915
1.02498
1.0271
1.23802
1.02498
1.03726
1.02498
1.024
1.14002
1.03443
1.18226
1.02783
1.09822
1.03716
1.03948
1.1215
1.12843
1.024
1.11366
1.1617
1.30007
1.024
1.02937
1.64709
1.13198
1.02863
1.04078
1.02498
1.024
1.11701
1.02498
1.02498
1.12924
1.05706
1.54869
1.26927
1.05085
1.18599
1.07347
1.02498
1.024
1.20141
1.29429
1.02715
1.0309
1.10549
1.70926
1.25661
1.02498
1.03815
1.27956
1.03472
1.02498
1.02498
1.03101
1.07249
1.19588
1.024
1.335
1.02498
1.03376
1.4442
1.21235
1.06127
1.11414
1.024
1.02498
1.26024
1.20329
1.024
1.03036
1.05172
1.24316
1.05589
1.03391
1.024
1.02498
1.0299
1.36167
1.024
1.0666
1.03131
1.10538
1.02498
1.09259
1.05945
1.02806
1.31107
1.02498
1.02614
1.08637
1.25545
1.06271
1.024
1.02498
1.16683
1.024
1.18487
1.02498
1.024
1.10761
1.18232
1.024
1.0733
1.024
1.2774
1.30058
1.02498
1.024
1.29248
1.02498
1.09627
1.02498
1.024
1.27456
1.024
1.12893
1.024
1.02498
1.32694
1.02498
1.05794
1.024
1.024
1.60093
1.36203
1.02498
1.04741
1.10089
1.03531
1.024
1.04797
1.10077
1.08517
1.02598
1.024
1.02498
1.31457
1.23633
1.51476
1.11602
1.03028
1.52334
1.31597
1.37666
1.02498
1.0605
1.16557
1.22592
1.0794
1.024
1.06238
1.26081
1.024
1.03146
1.024
1.029
1.05157
1.02498
1.25733
1.03467
1.024
1.10112
1.05298
1.04587
1.1578
1.21101
1.03147
1.02635
1.06138
1.253
1.14693
1.02863
1.03365
1.024
1.06978
1.024
1.21383
1.08515
1.22447
1.04326
1.0862
1.024
1.22728
1.22083
1.03132
1.024
1.02598
1.3169
1.03151
1.03356
1.08282
1.02498
1.04279
1.05927
1.13673
1.13628
1.18138
1.02498
1.024
1.02886
1.11573
1.07564
1.02779
1.21541
1.03655
1.48043
1.04538
1.05798
1.024
1.02669
1.2003
1.024
1.06788
1.20201
1.0949
1.19221
1.0539
1.02498
1.02498
1.11012
1.04429
1.024
1.02641
1.23704
1.024
1.32353
1.17612
1.024
1.25228
1.02709
1.04291
1.06696
1.20318
1.0467
1.04813
1.19376
1.46043
1.0264
1.09157
1.06849
1.06433
1.02498
1.16876
1.02498
1.02498
1.10107
1.1614
1.02647
1.024
1.21714
1.06798
1.02498
1.08266
1.07612
1.15831
1.20804
1.02498
1.02498
1.02678
1.10338
1.32378
1.024
1.43928
1.02659
1.04124
1.15338
1.05177
1.024
1.07921
1.12291
1.14096
1.02498
1.16718
1.04305
1.02498
1.03034
1.02498
1.0307
1.12467
1.22645
1.024
1.32644
1.20104
1.03654
1.04785
1.03743
1.04691
1.02498
1.09977
1.02869
1.24389
1.03707
1.26184
1.04149
1.04481
1.02737
1.03727
1.02854
1.04376
1.06192
1.15546
1.12542
1.35463
1.024
1.024
1.09576
1.17624
1.33461
1.07125
1.06299
1.08045
1.16981
1.18249
1.03309
1.02504
1.28458
1.23021
1.2468
1.08957
1.024
1.44703
1.07247
1.04952
1.19392
1.08637
1.02697
1.02498
1.03206
1.09954
1.12309
1.02498
1.024
1.23408
1.08424
1.2077
1.07776
1.17786
1.11723
1.024
1.48553
1.10201
1.20919
1.52404
1.37235
1.024
1.08783
1.02839
1.024
1.02498
1.03638
1.18498
1.03966
1.11744
1.024
1.07965
1.024
1.06912
1.12456
1.08097
1.04968
1.024
1.02586
1.024
1.02498
1.1549
1.08857
1.1636
1.15667
1.15422
1.02498
1.024
1.02498
1.02498
1.02551
1.32292
1.02586
1.1809
1.024
1.073
1.107
1.02498
1.12661
1.03123
1.13151
1.024
1.02743
1.25636
1.024
1.02498
1.024
1.22206
1.16985
1.07774
1.0462
1.02864
1.02605
1.024
1.0993
1.41911
1.03098
1.28477
1.024
1.02571
1.20272
1.23977
1.024
1.14192
1.02776
1.03593
1.4466
1.32729
1.0403
1.02614
1.024
1.03417
1.08088
1.04263
1.14027
1.02863
1.07733
1.024
1.03339
1.3167
1.04057
1.024
1.05318
1.03065
1.05349
1.04569
1.30055
1.16145
1.02498
1.34651
1.02607
1.02498
1.13662
1.0263
1.34481
1.44251
1.03543
1.03462
1.14288
1.04857
1.03952
1.03615
1.02917
1.024
1.024
1.09008
1.03196
1.024
1.223
1.05666
1.0763
1.03486
1.1777
1.36296
1.04589
1.04886
1.27686
1.16026
1.02498
1.25621
1.02884
1.024
1.05368
1.27828
1.21324
1.02645
1.024
1.04554
1.12992
1.36877
1.06076
1.024
1.02498
1.05339
1.024
1.6318
1.45777
1.02624
1.024
1.024
1.024
1.14734
1.20395
1.03612
1.024
1.16356
1.22697
1.08587
1.25737
1.20933
1.38651
1.03447
1.05251
1.024
1.02498
1.09327
1.07705
1.28492
1.04009
1.07631
1.11869
1.03131
1.02882
1.024
1.02824
1.024
1.02601
1.1428
1.02498
1.024
1.02616
1.19752
1.05401
1.026
1.13611
1.19567
1.16105
1.03954
1.024
1.1712
1.04412
1.32369
1.22199
1.30018
1.024
1.02751
1.02843
1.0787
1.05699
1.07441
1.04287
1.14052
1.03623
1.04757
1.02861
1.024
1.024
1.024
1.02498
1.024
1.12093
1.02763
1.024
1.07443
1.05713
1.02759
1.03292
1.26824
1.18436
1.08967
1.03779
1.024
1.22021
1.02498
1.38837
1.024
1.02498
1.06431
1.02609
1.18027
1.02498
1.08786
1.02724
1.04538
1.07385
1.02876
1.024
0.900371
1.1933
0.910307
0.968676
1.16314
0.869036
1.02979
1.10246
0.823857
1.13383
1.10195
0.881167
1.07354
0.829118
1.26869
1.17341
0.849278
1.04021
0.862272
0.849684
1.03161
0.894607
1.29293
0.8192
0.848685
0.819689
0.823349
0.935224
0.874482
0.821559
1.24401
1.16414
0.955733
0.819689
0.998387
0.926493
0.851071
0.868116
1.03574
0.831215
1.35174
0.83413
0.819798
1.1684
0.822373
0.929965
1.12085
0.892648
0.863975
0.84724
0.868799
0.829568
1.04082
0.958051
1.67608
1.03646
1.2236
0.863988
1.31432
0.832988
0.985769
0.865265
0.987261
0.892864
0.820455
1.5884
0.920454
1.19045
0.869641
0.823829
0.830261
0.98203
0.834401
0.830805
1.02969
1.03329
1.03406
1.31573
0.87692
0.854192
0.836089
0.828515
1.22013
0.823911
0.854068
0.96183
1.20722
0.92877
0.924875
0.830945
0.827061
1.48399
1.10184
1.22523
1.00135
1.20072
0.823745
0.887915
0.943757
0.905753
0.827465
0.891231
0.8374
0.819689
1.15547
0.868661
0.882885
0.8192
0.888154
1.01486
0.870258
0.820346
1.16171
0.839244
0.873374
1.09556
1.01247
1.1392
1.02135
0.8192
1.07412
1.01441
1.01123
0.927723
0.979557
1.34255
1.51693
0.845787
0.953787
1.15443
1.04554
1.37841
1.13565
0.93352
0.832143
1.0043
0.880592
1.08348
0.945473
1.16151
0.844503
0.849053
0.819689
0.886147
1.048
0.833521
1.23042
0.837352
0.956103
0.928754
0.830043
0.843452
1.09528
0.833367
0.880111
1.0772
0.94848
0.82212
0.936597
1.2291
0.858227
1.2222
1.20374
0.912642
1.02433
1.12427
0.819689
1.05248
0.819689
0.827103
0.848431
0.89544
0.834924
0.907094
0.828145
1.14927
0.993178
0.820783
0.920464
1.00885
1.04628
0.858749
0.822058
0.889786
0.819871
1.0087
0.82353
0.839905
1.16913
0.90154
0.85538
0.819689
0.940139
0.909681
0.907073
0.82587
0.84355
1.26436
1.00998
0.95088
1.02064
1.06973
0.830688
1.00585
0.827573
1.2275
0.849389
0.845091
0.881666
0.901332
0.850694
0.822512
1.27202
0.931814
0.944471
1.21176
0.938846
1.21355
1.12891
1.15411
1.06406
1.13347
0.929989
0.89877
0.822688
1.13917
1.39215
0.846736
1.06957
1.25817
0.862909
1.01396
0.835269
0.892252
1.02427
0.997273
1.03479
0.897097
1.43611
0.844779
1.24641
0.819689
1.12211
1.13966
0.916385
0.883806
0.838271
0.849191
1.18402
0.927983
1.01572
0.873489
1.06839
1.35701
0.871771
0.96205
1.34818
0.865589
0.963388
0.845744
1.09962
0.855923
0.992895
0.819689
0.879674
0.910077
0.998634
0.956583
0.902046
1.06172
0.875617
1.00028
1.04674
0.831338
0.831519
1.10714
0.851659
1.33441
0.880016
0.982042
1.02595
0.843866
0.825904
0.835798
1.07878
0.871582
0.843357
0.846314
1.00118
1.09708
1.037
0.823534
1.18567
0.887344
1.00494
0.917991
0.821974
1.49217
0.962863
1.12189
0.927444
0.927886
0.870845
1.03331
0.938343
0.8192
1.21659
0.872127
0.848635
0.918232
0.852732
0.8192
1.18829
0.986993
1.09896
1.16508
0.911132
0.839165
1.07812
0.917858
1.1444
1.01964
0.910776
1.04976
0.91035
0.862699
0.943185
0.819689
0.909531
1.03236
0.892597
0.884035
1.09443
0.866851
0.937683
1.57384
1.24733
0.820163
0.821419
0.823965
0.819689
0.840747
0.820598
0.868512
0.851255
0.819689
1.11941
0.835225
0.969719
0.8192
1.08623
0.862367
0.820502
1.16189
0.930132
1.16798
0.920596
0.942506
1.08828
0.822971
0.822385
0.893482
0.855893
0.943815
1.26541
1.24654
1.11824
0.912342
0.986722
1.24306
0.925206
1.40124
1.08422
0.874311
0.910144
1.01772
1.21654
1.19807
1.16961
1.05394
0.91071
1.0358
1.03319
1.00422
0.941816
0.856277
0.819689
0.967356
1.1438
0.946575
0.926125
0.830721
1.21214
1.24478
0.819689
0.853622
0.869233
0.887777
0.819689
1.02507
0.82233
1.05565
0.819689
0.914668
1.0481
0.842822
1.32159
0.900808
1.1253
0.846287
1.03366
0.8192
0.849727
1.1067
0.861364
0.843441
1.03797
0.935375
1.15036
1.1759
1.03588
1.00823
0.819689
0.819689
0.942942
0.898044
1.23904
1.49257
1.32785
1.085
1.0142
0.924872
0.914208
1.05147
1.13544
0.941579
0.968234
0.940374
0.860355
1.09104
1.09227
0.826426
1.03156
1.28547
0.877173
1.2171
0.902427
0.820147
1.4069
0.945161
1.0276
0.820829
1.05458
1.05443
0.96386
1.00168
0.837209
0.819689
1.13831
1.05336
1.06056
1.01919
0.885458
1.29301
0.900223
0.859403
1.0779
0.829171
0.921295
0.834457
0.819689
0.858799
0.8192
0.819689
1.06488
0.869022
1.07501
0.826248
1.02301
0.914207
0.862949
0.829635
0.893095
1.01543
0.827655
1.16066
0.819689
0.819689
1.09089
1.04552
0.974247
1.27612
1.09938
0.819689
0.968857
0.921509
0.967767
1.00699
1.00629
0.850477
1.09312
1.01306
0.951635
0.965998
1.03687
0.85089
1.31695
0.955032
0.910495
0.819689
1.16622
0.819689
0.970852
1.07715
0.921408
0.843088
0.852818
0.985788
1.17871
1.14148
0.973957
0.949695
0.919808
0.835011
0.881583
1.10139
0.95398
0.933209
0.987173
1.01851
1.04793
1.00106
1.30655
1.28808
0.834937
1.23553
1.17995
1.30879
1.34682
0.92992
0.944657
0.822134
0.910207
0.871874
1.1641
1.22135
1.06269
0.839631
0.896009
1.25937
1.13943
0.82638
1.04373
1.05551
1.15993
0.921501
1.37677
1.01833
1.15437
0.91878
1.23019
0.834192
0.850379
1.28494
0.823324
0.939708
1.23378
0.819689
1.50389
1.45011
1.16171
0.907961
0.931766
0.874937
0.842065
0.921414
0.954321
0.874692
0.836509
0.840184
1.21344
0.869222
0.830221
1.24487
1.1195
1.3145
1.03571
0.839194
1.19128
1.12641
0.938102
0.914127
0.880159
0.981268
0.867242
1.1168
1.1541
1.11785
0.840424
0.859407
1.03678
0.955589
0.856168
0.980978
1.01521
1.04585
0.939811
0.819689
1.02066
1.10553
0.897397
1.31476
0.967155
0.819689
1.1394
0.902925
1.26013
1.06442
1.24649
0.913601
1.3595
0.931937
1.24461
0.843447
1.24915
0.965965
1.01394
1.14103
0.819689
0.844156
0.985442
0.88783
0.929382
0.947336
1.18719
0.8192
0.835328
0.95439
1.38767
1.18456
1.21512
0.916373
0.889691
0.932187
0.87874
0.944696
0.846958
1.41814
0.819689
1.12018
1.06892
0.843646
0.819689
0.831514
1.00424
1.46789
0.959984
0.931153
1.04207
0.84156
0.838429
0.945231
1.075
1.41815
1.18554
0.863727
1.0223
1.00969
1.05077
0.937249
0.823127
0.992488
0.99511
0.835655
0.850624
0.858382
0.936443
1.14718
1.07138
1.43942
0.904043
0.849627
0.833863
1.23576
1.15796
0.837867
1.21706
0.925802
0.819689
1.08648
0.856595
0.851058
0.83494
0.970375
0.827026
1.05278
0.929477
1.16072
0.852777
0.986498
1.08071
0.835135
0.858625
1.09067
0.881765
0.819689
0.821336
0.819689
0.839785
1.15147
1.25024
0.849687
1.08475
0.8192
1.15743
0.831135
0.964008
1.17685
0.843459
1.04698
1.12256
1.11328
1.01244
1.06481
0.836425
0.819689
0.984823
0.843209
0.850792
1.45617
0.819689
1.00009
0.964622
0.85031
1.13501
1.15709
0.986924
0.932039
0.877527
0.942857
0.982478
1.11317
0.848295
1.12622
1.09693
1.56155
0.829235
1.10473
0.819689
0.836304
0.870596
0.828068
0.819689
1.35763
1.26256
0.878734
0.828279
1.24443
0.992965
0.892951
0.977212
0.831572
0.821833
1.01844
0.850138
1.04514
0.892352
1.20575
1.4145
0.854688
0.898465
1.15419
1.0994
0.884664
0.895409
0.819689
1.01458
1.5328
0.868015
0.820652
0.826889
0.847809
0.843008
0.881013
0.864637
0.842814
1.38366
0.819689
1.08368
1.03014
0.819923
0.826783
0.958213
0.868805
0.835937
0.845077
0.985259
0.993627
0.91124
1.06653
1.05267
0.896938
1.30819
1.30355
0.869543
1.19526
0.949785
0.824898
0.819689
0.819689
0.997627
0.946313
1.00136
1.43103
0.947066
0.992778
1.23663
0.8192
1.01773
0.88072
1.03662
0.89753
0.8192
0.819689
1.1859
1.13125
0.909275
0.899298
0.945378
0.98994
1.05318
0.94416
0.871341
0.825283
1.00302
0.820983
0.932146
1.20034
0.841486
1.29201
1.23594
0.823231
1.16159
1.02833
0.841115
1.208
1.00563
0.8192
0.831519
1.18063
1.13111
0.89362
1.2656
1.16846
0.907789
1.10338
1.00155
0.821953
0.82571
1.28509
0.915269
0.845711
1.07474
1.30733
0.855103
0.854168
1.15343
1.34753
1.0202
0.896995
0.916261
0.826693
0.827019
1.15858
0.826642
1.23374
0.84635
0.877471
1.07446
0.823847
0.99356
0.845003
1.31589
0.874704
1.19485
1.23582
0.928103
0.828172
0.923217
1.11575
0.819689
1.12989
0.825592
0.819689
1.10361
0.87267
0.879358
1.00434
0.850422
0.8192
1.4365
0.859139
1.29758
0.886489
1.00401
0.939183
0.855549
0.902736
0.838145
1.07585
1.09389
0.998267
0.819861
0.993018
0.982922
1.02211
0.819689
1.17613
0.834927
0.865703
0.894118
0.870283
1.32201
1.28427
0.905697
0.894837
0.999558
0.871172
0.83575
0.824067
1.09018
0.84121
0.819689
0.931393
0.874662
1.14429
0.829415
1.03996
0.838979
0.847383
1.10597
0.893007
0.856436
0.902932
0.918106
1.28546
1.54975
0.890011
0.996748
1.27465
0.878839
0.979936
0.844236
0.975154
1.1399
1.05311
0.922662
0.938527
0.941713
0.940631
1.04093
1.05404
1.32345
0.819689
0.885461
1.11193
0.879551
0.943387
0.861822
1.03105
0.971828
1.27752
0.820406
0.854561
1.37946
0.827817
0.874313
0.949008
0.923822
0.832219
0.873701
1.23421
1.10412
0.819689
1.0992
0.820348
1.37571
0.996874
0.903865
0.8192
0.824555
1.14508
1.09923
0.832749
0.853382
0.826943
0.866336
0.933764
0.86887
0.875174
0
0
0
0
0
0
0
0
0
0
0
0
0
0
0
0
0
0
0
0
0
0
0
0
0
0
0
0
0
0
0
0
0
0
0
0
0
0
0
0
0
0
0
0
0
0
0
0
0
0
0
0
0
0
0
0
0
0
0
0
0
0
0
0
0
0
0
0
0
0
0
0
0
0
0
0
0
0
0
0
0
0
0
0
0
0
0
0
0
0
0
0
0
0
0
0
0
0
0
0
0
0
0
0
0
0
0
0
0
0
0
0
0
0
0
0
0
0
0
0
0
0
0
0
0
0
0
0
0
0
0
0
0
0
0
0
0
0
0
0
0
0
0
0
0
0
0
0
0
0
0
0
0
0
0
0
0
0
0
0
0
0
0
0
0
0
0
0
0
0
0
0
0
0
0
0
0
0
0
0
0
0
0
0
0
0
0
0
0
0
0
0
0
0
0
0
0
0
0
0
0
0
0
0
0
0
0
0
0
0
0
0
0
0
0
0
0
0
0
0
0
0
0
0
0
0
0
0
0
0
0
0
0
0
0
0
0
0
0
0
0
0
0
0
0
0
0
0
0
0
0
0
0
0
0
0
0
0
0
0
0
0
0
0
0
0
0
0
0
0
0
0
0
0
0
0
0
0
0
0
0
0
0
0
0
0
0
0
0
0
0
0
0
0
0
0
0
0
0
0
0
0
0
0
0
0
0
0
0
0
0
0
0
0
0
0
0
0
0
0
0
0
0
0
0
0
0
0
0
0
0
0
0
0
0
0
0
0
0
0
0
0
0
0
0
0
0
0
0
0
0
0
0
0
0
0
0
0
0
0
0
0
0
0
0
0
0
0
0
0
0
0
0
0
0
0
0
0
0
0
0
0
0
0
0
0
0
0
0
0
0
0
0
0
0
0
0
0
0
0
0
0
0
0
0
0
0
0
0
0
0
0
0
0
0
0
0
0
0
0
0
0
0
0
0
0
0
0
0
0
0
0
0
0
0
0
0
0
0
0
0
0
0
0
0
0
0
0
0
0
0
0
0
0
0
0
0
0
0
0
0
0
0
0
0
0
0
0
0
0
0
0
0
0
0
0
0
0
0
0
0
0
0
0
0
0
0
0
0
0
0
0
0
0
0
0
0
0
0
0
0
0
0
0
0
0
0
0
0
0
0
0
0
0
0
0
0
0
0
0
0
0
0
0
0
0
0
0
0
0
0
0
0
0
0
0
0
0
0
0
0
0
0
0
0
0
0
0
0
0
0
0
0
0
0
0
0
0
0
0
0
0
0
0
0
0
0
0
0
0
0
0
0
0
0
0
0
0
0
0
0
0
0
0
0
0
0
0
0
0
0
0
0
0
0
0
0
0
0
0
0
0
0
0
0
0
0
0
0
0
0
0
0
0
0
0
0
0
0
0
0
0
0
0
0
0
0
0
0
0
0
0
0
0
0
0
0
0
0
0
0
0
0
0
0
0
0
0
0
0
0
0
0
0
0
0
0
0
0
0
0
0
0
0
0
0
0
0
0
0
0
0
0
0
0
0
0
0
0
0
0
0
0
0
0
0
0
0
0
0
0
0
0
0
0
0
0
0
0
0
0
0
0
0
0
0
0
0
0
0
0
0
0
0
0
0
0
0
0
0
0
0
0
0
0
0
0
0
0
0
0
0
0
0
0
0
0
0
0
0
0
0
0
0
0
0
0
0
0
0
0
0
0
0
0
0
0
0
0
0
0
0
0
0
0
0
0
0
0
0
0
0
0
0
0
0
0
0
0
0
0
0
0
0
0
0
0
0
0
0
0
0
0
0
0
0
0
0
0
0
0
0
0
0
0
0
0
0
0
0
0
0
0
0
0
0
0
0
0
0
0
0
0
0
0
0
0
0
0
0
0
0
0
0
0
0
0
0
0
0
0
0
0
0
0
0
0
0
0
0
0
0
0
0
0
0
0
0
0
0
0
0
0
0
0
0
0
0
0
0
0
0
0
0
0
0
0
0
0
0
0
0
0
0
0
0
0
0
0
0
0
0
0
0
0
0
0
0
0
0
0
0
0
0
0
0
0
0
0
0
0
0
0
0
0
0
0
0
0
0
0
0
0
0
0
0
0
0
0
0
0
0
0
0
0
0
0
0
0
0
0
0
0
0
0
0
0
0
0
0
0
0
0
0
0
0
0
0
0
0
0
0
0
0
0
0
0
0
0
0
0
0
0
0
0
0
0
0
0
0
0
0
0
0
0
0
0
0
0
0
0
0
0
0
0
0
0
0
0
0
0
0
0
0
0
0
0
0
0
0
0
0
0
0
0
0
0
0
0
0
0
0
0
0
0
0
0
0
0
0
0
0
0
0
0
0
0
0
0
0
0
0
0
0
0
0
0
0
0
0
0
0
0
0
0
0
0
0
0
0
0
0
0
0
0
0
0
0
0
0
0
0
0
0
0
0
0
0
0
0
0
0
0
0
0
0
0
0
0
0
0
0
0
0
0
0
0
0
0
0
0
0
0
0
0
0
0
0
0
0
0
0
0
0
0
0
0
0
0
0
0
0
0
0
0
0
0
0
0
0
0
0
0
0
0
0
0
0
0
0
0
0
0
0
0
0
0
0
0
0
0
0
0
0
0
0
0
0
0
0
0
0
0
0
0
0
0
0
0
0
0
0
0
0
0
0
0
0
0
0
0
0
0
0
0
0
0
0
0
0
0
0
0
0
0
0
0
0
0
0
0
0
0
0
0
0
0
0
0
0
0
0
0
0
0
0
0
0
0
0
0
0
0
0
0
0
0
0
0
0
0
0
0
0
0
0
0
0
0
0
0
0
0
0
0
0
0
0
0
0
0
0
0
0
0
0
0
0
0
0
0
0
0
0
0
0
0
0
0
0
0
0
0
0
0
0
0
0
0
0
0
0
0
0
0
0
0
0
0
0
0
0
0
0
0
0
0
0
0
0
0
0
0
0
0
0
0
0
0
0
0
0
0
0
0
0
0
0
0
0
0
0
0
0
0
0
0
0
0
0
0
0
0
0
0
0
0
0
0
0
0
0
0
0
0
0
0
0
0
0
0
0
0
0
0
0
0
0
0
0
0
0
0
0
0
0
0
0
0
0
0
0
0
0
0
0
0
0
0
0
0
0
0
0
0
0
0
0
0
0
0
0
0
0
0
0
0
0
0
0
0
0
0
0
0
0
0
0
0
0
0
0
0
0
0
0
0
0
0
0
0
0
0
0
0
0
0
0
0
0
0
0
0
0
0
0
0
0
0
0
0
0
0
0
0
0
0
0
0
0
0
0
0
0
0
0
0
0
0
0
0
0
0
0
0
0
0
0
0
0
0
0
0
0
0
0
0
0
0
0
0
0
0
0
0
0
0
0
0
0
0
0
0
0
0
0
0
0
0
0
0
0
0
0
0
0
0
0
0
0
0
0
0
0
0
0
0
0
0
0
0
0
0
0
0
0
0
0
0
0
0
0
0
0
0
0
0
0
0
0
0
0
0
0
0
0
0
0
0
0
0
0
0
0
0
0
0
0
0
0
0
0
0
0
0
0
0
0
0
0
0
0
0
0
0
0
0
0
0
0
0
0
0
0
0
0
0
0
0
0
0
0
0
0
0
0
0
0
0
0
0
0
0
0
0
0
0
0
0
0
0
0
0
0
0
0
0
0
0
0
0
0
0
0
0
0
0
0
0
0
0
0
0
0
0
0
0
0
0
0
0
0
0
0
0
0
0
0
0
0
0
0
0
0
0
0
0
0
0
0
0
0
0
0
0
0
0
0
0
0
0
0
0
0
0
0
0
0
0
0
0
0
0
0
0
0
0
0
0
0
0
0
0
0
0
0
0
0
0
0
0
0
0
0
0
0
0
0
0
0
0
0
0
0
0
0
0
0
0
0
0
0
0
0
0
0
0
0
0
0
0
0
0
0
0
0
0
0
0
0
0
0
0
0
0
0
0
0
0
0
0
0
0
0
0
0
0
0
0
0
0
0
0
0
0
0
0
0
0
0
0
0
0
0
0
0
0
0
0
0
0
0
0
0
0
0
0
0
0
0
0
0
0
0
0
0
0
0
0
0
0
0
0
0
0
0
0
0
0
0
0
0
0
0
0
0
0
0
0
0
0
0
0
0
0
0
0
0
0
0
0
0
0
0
0
0
0
0
0
0
0
0
0
0
0
0
0
0
0
0
0
0
0
0
0
0
0
0
0
0
0
0
0
0
0
0
0
0
0
0
0
0
0
0
0
0
0
0
0
0
0
0
0
0
0
0
0
0
0
0
0
0
0
0
0
0
0
0
0
0
0
0
0
0
0
0
0
0
0
0
0
0
0
0
0
0
0
0
0
0
0
0
0
0
0
0
0
0
0
0
0
0
0
0
0
0
0
0
0
0
0
0
0
0
0
0
0
0
0
0
0
0
0
0
0
0
0
0
0
0
0
0
0
0
0
0
0
0
0
0
0
0
0
0
0
0
0
0
0
0
0
0
0
0
0
0
0
0
0
0
0
0
0
0
0
0
0
0
0
0
