0
0
0
0
0
0
0
0
0
0
0
0
0
0
0
0
0
0
0
0
0
0
0
0
0
0
0
0
0
0
0
0
0
0
0
0
0
0
0
0
0
0
0
0
0
0
0
0
0
0
0
0
0
0
0
0
0
0
0
0
0
0
0
0
0
0
0
0
0
0
0
0
0
0
0
0
0
0
0
0
0
0
0
0
0
0
0
0
0
0
0
0
0
0
0
0
0
0
0
0
0
0
0
0
0
0
0
0
0
0
0
0
0
0
0
0
0
0
0
0
0
0
0
0
0
0
0
0
0
0
0
0
0
0
0
0
0
0
0
0
0
0
0
0
0
0
0
0
0
0
0
0
0
0
0
0
0
0
0
0
0
0
0
0
0
0
0
0
0
0
0
0
0
0
0
0
0
0
0
0
0
0
0
0
0
0
0
0
0
0
0
0
0
0
0
0
0
0
0
0
0
0
0
0
0
0
0
0
0
0
0
0
0
0
0
0
0
0
0
0
0
0
0
0
0
0
0
0
0
0
0
0
0
0
0
0
0
0
0
0
0
0
0
0
0
0
0
0
0
0
0
0
0
0
0
0
0
0
0
0
0
0
0
0
0
0
0
0
0
0
0
0
0
0
0
0
0
0
0
0
0
0
0
0
0
0
0
0
0
0
0
0
0
0
0
0
0
0
0
0
0
0
0
0
0
0
0
0
0
0
0
0
0
0
0
0
0
0
0
0
0
0
0
0
0
0
0
0
0
0
0
0
0
0
0
0
0
0
0
0
0
0
0
0
0
0
0
0
0
0
0
0
0
0
0
0
0
0
0
0
0
0
0
0
0
0
0
0
0
0
0
0
0
0
0
0
0
0
0
0
0
0
0
0
0
0
0
0
0
0
0
0
0
0
0
0
0
0
0
0
0
0
0
0
0
0
0
0
0
0
0
0
0
0
0
0
0
0
0
0
0
0
0
0
0
0
0
0
0
0
0
0
0
0
0
0
0
0
0
0
0
0
0
0
0
0
0
0
0
0
0
0
0
0
0
0
0
0
0
0
0
0
0
0
0
0
0
0
0
0
0
0
0
0
0
0
0
0
0
0
0
0
0
0
0
0
0
0
0
0
0
0
0
0
0
0
0
0
0
0
0
0
0
0
0
0
0
0
0
0
0
0
0
0
0
0
0
0
0
0
0
0
0
0
0
0
0
0
0
0
0
0
0
0
0
0
0
0
0
0
0
0
0
0
0
0
0
0
0
0
0
0
0
0
0
0
0
0
0
0
0
0
0
0
0
0
0
0
0
0
0
0
0
0
0
0
0
0
0
0
0
0
0
0
0
0
0
0
0
0
0
0
0
0
0
0
0
0
0
0
0
0
0
0
0
0
0
0
0
0
0
0
0
0
0
0
0
0
0
0
0
0
0
0
0
0
0
0
0
0
0
0
0
0
0
0
0
0
0
0
0
0
0
0
0
0
0
0
0
0
0
0
0
0
0
0
0
0
0
0
0
0
0
0
0
0
0
0
0
0
0
0
0
0
0
0
0
0
0
0
0
0
0
0
0
0
0
0
0
0
0
0
0
0
0
0
0
0
0
0
0
0
0
0
0
0
0
0
0
0
0
0
0
0
0
0
0
0
0
0
0
0
0
0
0
0
0
0
0
0
0
0
0
0
0
0
0
0
0
0
0
0
0
0
0
0
0
0
0
0
0
0
0
0
0
0
0
0
0
0
0
0
0
0
0
0
0
0
0
0
0
0
0
0
0
0
0
0
0
0
0
0
0
0
0
0
0
0
0
0
0
0
0
0
0
0
0
0
0
0
0
0
0
0
0
0
0
0
0
0
0
0
0
0
0
0
0
0
0
0
0
0
0
0
0
0
0
0
0
0
0
0
0
0
0
0
0
0
0
0
0
0
0
0
0
0
0
0
0
0
0
0
0
0
0
0
0
0
0
0
0
0
0
0
0
0
0
0
0
0
0
0
0
0
0
0
0
0
0
0
0
0
0
0
0
0
0
0
0
0
0
0
0
0
0
0
0
0
0
0
0
0
0
0
0
0
0
0
0
0
0
0
0
0
0
0
0
0
0
0
0
0
0
0
0
0
0
0
0
0
0
0
0
0
0
0
0
0
0
0
0
0
0
0
0
0
0
0
0
0
0
0
0
0
0
0
0
0
0
0
0
0
0
0
0
0
0
0
0
0
0
0
0
0
0
0
0
0
0
0
0
0
0
0
0
0
0
0
0
0
0
0
0
0
0
0
0
0
0
0
0
0
0
0
0
0
0
0
0
0
0
0
0
0
0
0
0
0
0
0
0
0
0
0
0
0
0
0
0
0
0
0
0
0
0
0
0
0
0
0
0
0
0
0
0
0
0
0
0
0
0
0
0
0
0
0
0
0
0
0
0
0
0
0
0
0
0
0
0
0
0
0
0
0
0
0
0
0
0
0
0
0
0
0
0
0
0
0
0
0
0
0
0
0
0
0
0
0
0
0
0
0
0
0
0
0
0
0
0
0
0
0
0
0
0
0
0
0
0
0
0
0
0
0
0
0
0
0
0
0
0
0
0
0
0
0
0
0
0
0
0
0
0
0
0
0
0
0
0
0
0
0
0
0
0
0
0
0
0
0
0
0
0
0
0
0
0
0
0
0
0
0
0
0
0
0
0
0
0
0
0
0
0
0
0
0
0
0
0
0
0
0
0
0
0
0
0
0
0
0
0
0
0
0
0
0
0
0
0
0
0
0
0
0
0
0
0
0
0
0
0
0
0
0
0
0
0
0
0
0
0
0
0
0
0
0
0
0
0
0
0
0
0
0
0
0
0
0
0
0
0
0
0
0
0
0
0
0
0
0
0
0
0
0
0
0
0
0
0
0
0
0
0
0
0
0
0
0
0
0
0
0
0
0
0
0
0
0
0
0
0
0
0
0
0
0
0
0
0
0
0
0
0
0
0
0
0
0
0
0
0
0
0
0
0
0
0
0
0
0
0
0
0
0
0
0
0
0
0
0
0
0
0
0
0
0
0
0
0
0
0
0
0
0
0
0
0
0
0
0
0
0
0
0
0
0
0
0
0
0
0
0
0
0
0
0
0
0
0
0
0
0
0
0
0
0
0
0
0
0
0
0
0
0
0
0
0
0
0
0
0
0
0
0
0
0
0
0
0
0
0
0
0
0
0
0
0
0
0
0
0
0
0
0
0
0
0
0
0
0
0
0
0
0
0
0
0
0
0
0
0
0
0
0
0
0
0
0
0
0
0
0
0
0
0
0
0
0
0
0
0
0
0
0
0
0
0
0
0
0
0
0
0
0
0
0
0
0
0
0
0
0
0
0
0
0
0
0
0
0
0
0
0
0
0
0
0
0
0
0
0
0
0
0
0
0
0
0
0
0
0
0
0
0
0
0
0
0
0
0
0
0
0
0
0
0
0
0
0
0
0
0
0
0
0
0
0
0
0
0
0
0
0
0
0
0
0
0
0
0
0
0
0
0
0
0
0
0
0
0
0
0
0
0
0
0
0
0
0
0
0
0
0
0
0
0
0
0
0
0
0
0
0
0
0
0
0
0
0
0
0
0
0
0
0
0
0
0
0
0
0
0
0
0
0
0
0
0
0
0
0
0
0
0
0
0
0
0
0
0
0
0
0
0
0
0
0
0
0
0
0
0
0
0
0
0
0
0
0
0
0
0
0
0
0
0
0
0
0
0
0
0
0
0
0
0
0
0
0
0
0
0
0
0
0
0
0
0
0
0
0
0
0
0
0
0
0
0
0
0
0
0
0
0
0
0
0
0
0
0
0
0
0
0
0
0
0
0
0
0
0
0
0
0
0
0
0
0
0
0
0
0
0
0
0
0
0
0
0
0
0
0
0
0
0
0
0
0
0
0
0
0
0
0
0
0
0
0
0
0
0
0
0
0
0
0
0
0
0
0
0
0
0
0
0
0
0
0
0
0
0
0
0
0
0
0
0
0
0
0
0
0
0
0
0
0
0
0
0
0
0
0
0
0
0
0
0
0
0
0
0
0
0
0
0
0
0
0
0
0
0
0
0
0
0
0
0
0
0
0
0
0
0
0
0
0
0
0
0
0
0
0
0
0
0
0
0
0
0
0
0
0
0
0
0
0
0
0
0
0
0
0
0
0
0
0
0
0
0
0
0
0
0
0
0
0
0
0
0
0
0
0
0
0
0
0
0
0
0
0
0
0
0
0
0
0
0
0
0
0
0
0
0
0
0
0
0
0
0
0
0
0
0
0
0
0
0
0
0
0
0
0
0
0
0
0
0
0
0
0
0
0
0
0
0
0
0
0
0
0
0
0
0
0
0
0
0
0
0
0
0
0
0
0
0
0
0
0
0
0
0
0
0
0
0
0
0
0
0
0
0
0
0
0
0
0
0
0
0
0
0
0
0
0
0
0
0
0
0
0
0
0
0
0
0
0
0
0
0
0
0
0
0
0
0
0
0
0
0
0
0
0
0
0
0
0
0
0
0
0
0
0
0
0
0
0
0
0
0
0
0.333522
0.161056
0.770833
0.0282114
-0.215898
-0.58691
-1.15649
-0.928734
-1.28351
0.0935841
-0.119938
-0.55351
-1.11692
-1.12308
0.363722
-0.601404
0.282853
-0.901403
-0.2913
-0.311749
-0.397642
0.000474107
-0.413188
0.421123
0.385641
0.717636
0.132918
0.393203
0.719044
0.173326
-0.746383
-1.54036
0.0947339
0.235523
0.358518
-0.333323
-0.256103
-0.728786
0.469713
-0.889134
-0.539404
-0.0202412
0.115493
-0.903462
-2.00253
-0.953762
-0.950431
0.588186
-0.422627
-2.02719
0.70036
-0.319743
-0.130336
-1.88132
0.0713561
0.544028
0.396981
-0.45672
-0.978693
-0.340188
-0.0519986
-0.407985
0.628273
-0.727847
0.465358
0.440685
-0.890952
-1.0659
-0.0652166
-0.102286
-1.27814
-0.351881
-0.369338
0.0880901
0.0195596
-0.830693
0.448188
-0.411655
-0.604292
-0.770015
0.81032
0.424694
-0.427197
0.292036
0.49381
0.609638
-0.184667
0.24919
0.55744
-0.423312
-0.0303758
-0.159959
0.515994
-1.12983
0.528658
0.574341
0.468961
0.314816
0.114917
0.233609
-1.04094
-0.249202
-0.140296
0.554026
0.362291
-1.62116
-1.45599
0.206172
-0.648849
-0.201828
-0.721563
0.162793
-0.599958
0.135256
-1.26489
0.390055
-0.1026
-0.116051
0.104889
0.0445122
-1.39364
-1.73439
0.220582
0.108884
-0.867751
-1.55103
0.354935
0.170976
-0.905317
0.418279
-0.636635
-1.35984
0.0371844
0.31261
-0.395115
-0.219211
0.365106
0.428628
-0.150667
0.277316
-0.763496
-0.723362
0.468407
0.247021
-0.707683
0.352184
-0.426485
-0.547374
0.357618
0.334671
-0.87809
-0.204768
-0.38876
0.42244
-0.200861
0.228928
0.391012
-1.12413
-0.528036
-0.23104
-0.499699
-1.08863
-1.18394
-1.30144
0.0840644
-1.53285
-1.10031
-0.229909
-0.871438
-0.796043
0.270754
0.116894
-0.0301358
-2.07585
0.18897
0.355917
0.0783641
-0.489791
-0.159965
0.521057
-0.817937
0.377485
-1.57572
0.225831
0.224298
0.0597972
0.475558
-0.0176503
0.775847
0.375907
-0.202674
-0.0349325
-0.0185935
0.154488
0.84353
-1.7897
-0.0805472
0.300541
0.441146
-0.255374
-1.59447
0.112549
-1.06842
0.169754
-1.68853
0.450468
-0.394868
0.507525
0.296454
-0.0949536
0.537377
0.423929
-0.0403797
-0.141341
-1.92845
0.0306842
-0.265582
-1.05397
0.172644
-0.319413
-0.632779
-0.446899
-0.0240646
0.150293
-1.27917
0.656839
0.409811
0.218812
0.374723
0.14133
-0.810367
-0.226992
-0.802664
-0.84769
0.49872
-2.78055
0.34234
-0.0550999
-0.46879
-1.1094
0.46791
-1.64705
-0.515625
-1.23708
-1.35929
0.397445
0.634838
-1.55435
0.221879
-0.592268
-1.41459
-0.353773
-0.915932
-0.186181
0.520478
0.368922
-1.76596
-0.109277
0.283153
-0.244817
0.195165
-2.27735
0.377548
0.280388
0.0813191
0.633235
-1.13885
0.119244
0.042756
-0.306667
0.105314
-0.630041
0.699061
-0.470326
-0.704954
0.28447
0.478486
-1.68228
-0.324207
-1.64671
-0.0256222
0.498736
-0.755905
0.136031
-1.12304
-0.734714
-0.0243484
-0.373989
0.266446
-0.208341
0.24225
-0.275323
-0.291667
-1.35975
0.132956
-0.127652
0.513176
-1.08952
-0.460756
-0.0317222
-0.460945
0.168063
-0.239167
0.213731
-2.07547
0.585085
0.772102
0.0399416
-0.0468574
-0.932145
0.182286
0.539075
-1.04392
0.446882
-0.580402
-0.373656
-1.78201
-0.227267
-0.418427
0.370006
0.671165
0.687278
-0.827547
-0.0905092
-0.473769
-1.0789
-1.46013
-2.16489
0.502229
0.641467
0.149551
-0.214029
0.22216
-0.239523
-0.626254
0.243093
0.108318
0.346396
-1.62227
-0.938604
-0.408185
0.251428
0.319817
-0.65594
0.501034
-0.0921051
0.314098
0.0966052
-0.213853
-0.652768
-0.777684
-0.125207
0.0612115
0.516111
-0.0169051
-1.06892
0.0900512
-0.087274
0.251875
-0.906649
-0.942134
-0.267706
0.147757
-0.402112
-0.732273
-0.00301878
-0.548431
0.0435838
-0.162552
-1.69507
-0.0099441
0.291983
0.402656
-0.17571
0.413858
-0.161343
-0.490183
-0.946458
0.183953
0.185825
0.201713
-0.723212
-0.705041
-0.996864
-1.3252
-0.736711
0.464541
0.343611
-2.43452
0.316556
-1.4848
-1.06688
0.0448401
-0.00499075
-0.393733
-1.7028
-2.59702
0.360675
-0.525396
0.616732
-0.929316
0.637936
0.512867
-1.85319
-0.23543
-0.33945
-2.07116
-1.15978
-0.747858
-0.47099
-1.27592
-0.433439
-0.46871
-0.177631
0.267385
0.339765
-0.411282
-0.450612
-0.285034
0.31066
0.0981259
-1.48501
-0.381316
0.319987
-0.571161
0.13471
0.664148
0.520519
0.0735964
-0.242809
0.282084
0.281404
-0.483334
-0.254458
0.0931131
-1.34571
0.390229
-1.06955
0.410928
-0.029611
0.573721
-0.097698
0.219167
-0.895059
0.414257
0.648706
0.690254
-1.14519
0.0464221
-0.104938
-0.224182
-1.46117
-1.21548
-0.593881
0.396084
-1.56334
0.319453
-0.929293
0.577085
-0.849767
-0.0740364
0.357512
-0.0557565
-0.476023
0.0948631
-0.674063
-0.670257
0.161077
0.497327
0.427398
0.0404149
0.297397
-1.03518
-0.978573
-1.14468
-1.22352
-0.0645595
0.255622
-0.457338
0.324649
-0.263339
-1.70009
-0.300647
0.526955
-0.0539351
0.308937
0.620517
-0.369555
-0.416056
-0.774458
-0.205922
0.342693
-0.304497
-0.0191653
-0.353912
-0.0624381
-1.25663
-0.318409
0.11476
-1.25537
-0.261449
-0.637409
-0.3337
-0.292798
-1.15458
-0.957451
-0.140444
-0.0618119
0.0330669
0.486399
-1.51106
-0.321511
-0.190561
0.123085
-0.813271
0.415999
-0.151448
-0.256168
-1.21985
0.459734
-2.22396
0.0835721
-1.45771
-0.977649
-0.0993622
0.539096
-0.150343
-0.0232244
0.0617126
0.399966
0.000156713
-0.319398
0.133024
-1.48584
0.104648
0.613917
-0.0274984
0.394194
0.176436
0.099464
-0.44118
0.372993
-0.366134
0.107074
0.0826858
-0.282354
-0.291644
0.216956
0.139217
-0.642019
0.519492
0.636075
0.0128275
-0.877284
-0.356855
-0.00376097
0.303508
-1.16958
-0.606124
-0.0546293
0.466631
-1.04687
0.348746
-0.410825
-0.81805
0.287609
0.27758
-0.0364945
-0.493419
0.0770463
0.685075
0.479295
0.496874
0.256169
0.0513032
-0.412365
0.0603087
0.218596
-0.548826
-0.54419
-1.17086
-0.265776
-1.36961
-0.900419
0.426761
-0.235659
-0.332
-0.0385005
0.15349
-0.133161
0.496633
-0.3577
-1.24227
-0.657517
-0.99787
0.389498
-0.461384
-0.536266
-0.94244
-0.558498
0.121708
-0.477792
-0.477458
-0.0493391
-0.501297
-0.368904
-1.148
-0.333237
0.0835503
-1.39154
0.228275
0.082726
0.00566369
-0.697346
0.486975
-0.776622
0.484957
0.113118
0.17828
-0.741873
-0.212645
0.229173
-1.25588
0.199683
-1.77615
-0.915681
0.0856512
-2.15401
-0.971693
-0.233836
0.211493
-0.165228
-0.232056
-1.76726
-1.1521
-0.424896
0.0171735
-1.91733
0.0218605
0.564914
-0.900415
-0.652027
-1.52818
-0.23214
-0.720748
-0.806237
0.0362509
-1.10927
0.0574558
-0.125681
-0.366223
-0.774256
-0.616767
0.526089
0.0870826
-2.22371
-0.752988
0.0996348
-0.0236114
0.0957668
-0.229738
-0.628374
0.317552
-0.778932
0.0968415
-0.0392194
0.137667
-0.661857
-0.50701
-0.499672
-0.77465
-0.182512
-0.950144
-1.07431
-1.7101
-0.574559
-1.46503
0.538837
-0.950728
0.458545
0.600284
-0.255741
-0.0012721
0.0727018
0.338679
0.208657
-0.449366
0.186512
-0.474368
-0.1944
0.519895
0.0664252
-0.715775
-1.06925
0.107508
-0.579616
0.436379
-0.283007
-0.254314
0.276786
-0.293543
-0.20181
-0.0097017
-0.864148
-0.541271
-1.16375
-0.0336819
0.550222
-1.2822
-1.80089
-0.221584
-0.00676231
-1.06743
-0.0565892
-0.499012
-2.01978
0.319508
0.413814
-1.28891
-1.08154
-0.0967009
-2.44979
-0.454511
-0.921869
-0.411698
0.15011
0.0758519
-0.183175
0.101379
-0.161235
0.694946
-0.173013
-0.473007
-0.64862
-0.0919382
0.442711
0.242429
-0.292441
-0.449861
0.350643
-0.503503
-0.353185
-1.15423
0.0782608
-0.682748
-1.17697
-0.049029
0.741827
-0.923508
-0.128739
-0.194888
-0.0468962
-2.21244
0.732601
0.595987
-1.1684
0.119489
0.0361262
0.196873
0.18815
-0.181135
-1.40541
0.145747
-0.588492
-0.615834
0.387184
-0.407443
-0.645346
0.53385
0.664164
-1.19281
0.237785
-0.183325
0.600646
-1.06051
0.212766
0.21028
0.210048
0.399768
-0.628822
-0.281715
-1.36549
-0.321913
-1.23852
-0.511291
-0.862413
-1.43017
0.629401
-1.90355
0.197098
0.0543887
-0.354811
-1.93953
-0.258006
-2.0917
-1.08258
-0.342243
0.420505
-1.07734
-0.945103
-0.99106
0.550367
-0.426786
0.14777
0.653209
0.038368
0.585713
-0.66113
-0.871707
0.449936
-0.0620704
0.248013
-0.509177
-0.964962
-0.184618
0.540892
0.0545845
0.222849
-0.00376891
0.300638
0.203485
-0.138895
0.411166
-0.0133989
-0.026012
-2.53968
0.125589
-0.0118295
-0.910317
0.424062
-0.973446
-0.109751
0.550111
0.241099
0.166334
-0.366201
-0.559724
-0.399346
-0.316578
0.425115
0.419169
-2.31215
0.219074
-1.20078
0.51184
-0.261667
0.0838769
-1.44336
-1.35797
0.500757
0.384655
0.0161809
-1.72419
0.411013
-0.41575
-0.116402
0.271064
-0.48412
-0.000698944
0.569558
0.208868
0.518437
-1.10466
0.0637724
-1.8314
-0.290955
0.378914
-1.60003
0.48714
-0.209882
-3.16225
-0.16737
-0.940002
0.112888
-0.687675
-0.752916
0.342231
-1.62062
-0.565973
0.0699996
-0.0573371
0.390588
-1.59029
-0.429419
-0.0256435
0.59776
0.283492
-0.0120631
-1.05156
-1.10429
-0.633734
-0.962539
0.113015
-0.235175
0.672602
0.00379684
0.552371
0.000650095
-0.763695
-1.16844
-0.169705
-0.0244952
0.751656
-0.358544
-0.597564
-1.34499
-0.209907
0.247853
-0.82413
-2.44859
0.356025
-0.273685
-0.155718
-0.16578
0.457249
-1.29979
-0.333614
0.062785
-0.69828
-0.736219
0.0928862
-0.148553
0.673193
0.559512
-0.264696
-0.641438
-0.757662
-0.805106
0.320584
0.573061
-1.47239
0.331075
0.227676
-0.298572
0.43674
-0.0827677
-0.421278
0.459966
-0.104034
-0.717939
-0.421475
-0.488002
0.370055
0.0293109
0.228285
-0.223465
-1.7341
0.436206
-0.0540672
-0.186901
0.242297
-0.741063
-0.0986241
-1.12335
0.381791
-0.412903
-0.790359
-0.207915
-0.973091
-0.0683766
-0.297862
-0.547674
0.200025
-0.752901
-1.0005
-1.24322
-0.233357
-0.641382
0.182888
-0.164079
-0.0583028
-0.141519
-0.294576
0.392822
0.0108755
0.398132
-1.138
0.298186
-1.34471
0.122609
-0.3698
0.581693
0.122119
-1.05624
-0.0924924
-1.368
0.0487602
-0.347312
0.182425
-0.200755
-1.01154
-0.356517
-0.205168
0.0822501
0.665308
-0.359922
0.0849988
-0.72878
0.278445
-0.840968
-0.0947394
0.0315225
-0.627696
-1.03191
0.287733
0.313301
-0.218483
0.734397
-0.882341
-0.556951
-0.154968
-0.886186
-0.889584
-1.22256
-0.884777
-0.0198809
0.26741
-0.304112
0.417699
-0.985768
-0.733402
0.0316133
-1.87812
0.414915
-0.208101
0.517258
0.520254
0.60764
-0.112877
-1.77151
0.0682022
-0.0192966
-0.855987
0.49161
0.118863
0.466634
0.178279
-0.719088
0.0619283
-0.812832
0.203473
-0.480567
0.146739
-0.00838252
-0.927825
-0.266619
0.254532
-0.677557
-0.299219
0.00264849
-0.334451
-1.48436
-0.19195
0.428163
-0.866367
0.00418195
0.60372
-0.585317
-0.18332
-0.760175
-1.0808
0.452688
0.0190144
-0.144831
0.602142
-1.5581
0.0993149
0.130722
-0.834628
0.172654
0.516717
0.561625
-0.446669
-0.225204
0.115591
0.0601304
0.35505
0.337963
-0.435704
0.304119
-1.48902
0.254241
-0.0227157
-0.051798
-0.899119
-0.658408
-0.156508
0.41756
-0.480987
-0.478588
-0.348404
-0.4339
0.445722
0.646179
-0.495175
0.293104
0.438526
-0.39627
0.163007
-0.409476
-0.453399
-0.325738
-0.371888
-0.0332824
-1.01533
-0.33484
-0.570972
-0.932298
-0.558216
-0.975796
-0.871932
0.608117
-0.581519
0.460802
0.248579
-0.215023
-0.578985
0.474452
0.501043
-1.22315
-0.0380052
0.126825
-0.644763
0.251063
0.470884
-0.322476
-0.752579
-0.629945
-0.205219
-0.436952
0.395463
0.0241209
-1.54773
-0.318972
-0.172052
-0.0791525
0.586258
-0.36007
0.333086
0.537908
-0.212089
0.201177
0.349771
-0.482044
0.41095
-0.0322085
-1.75734
-0.491899
-0.614462
-0.34107
-0.275593
-0.373358
0.065177
0.509142
-0.215559
-0.252598
-1.95127
-0.614088
0.562679
-0.0108503
-0.812272
0.0907474
-0.579074
0.506821
-0.577144
0.0802252
0.18373
-0.653446
-1.29701
0.11736
-0.253568
-0.360055
0.508535
-0.307575
-0.416708
0.547037
0.621465
-0.190473
0.805308
0.431731
-0.383022
0.609268
-0.649755
0.0443345
-0.0255113
0.253295
-0.0680088
0.466804
0.269885
-0.0612301
-0.682622
0.119733
0.662976
0.364324
-0.047234
-1.73457
0.195945
-1.9758
-0.2429
-0.235821
-0.347898
-0.946681
-0.0650451
-0.394622
-0.904798
-0.414465
0.241069
-0.649778
0.350765
0.462373
-1.02506
0.061483
-1.46393
0.213511
0.0605458
-0.418839
0.19927
-0.452651
-0.753958
-0.0501393
0.0495626
0.523648
-0.528184
-0.671927
-1.14717
-0.636124
-1.21719
-0.467821
-0.585889
0.531123
0.719547
-0.0607418
0.365169
0.183867
-0.378961
-0.281718
0.326627
-0.248857
0.322893
0.253747
-0.106301
-0.193595
-0.59304
-1.30997
-0.283161
-0.469876
-0.12163
-0.521087
-0.917179
0.138898
0.31351
0.427679
-0.389728
0.399495
0.0841944
0.263194
-0.313999
-0.487967
0.0289353
0.24238
0.299339
-0.110978
-1.27844
0.48796
-0.381382
0.531262
-1.21451
-1.59368
0.599767
-1.40697
-0.492685
0.0394608
-0.321101
-1.1981
-0.203486
0.0246478
0.438128
-0.96826
0.406455
-0.562097
0.720762
0.361158
-0.658082
-0.360487
-0.645932
0.46951
-0.37586
0.351112
-0.131375
-0.51338
-0.0989958
0.390389
0.000438589
-0.999384
-0.787604
-0.153194
0.403184
0.544274
-0.352319
-0.0722961
0.306363
0.0471018
-1.10286
-0.489969
-0.621883
0.477759
-0.615688
0.48466
-1.30958
-0.635647
-0.0819337
-0.0405113
-0.780637
0.465
-0.557152
0.072468
-0.0857678
0.287123
0.668679
0.221131
0.568322
-1.08632
-0.177998
-0.770414
-0.105345
-0.0782725
-0.461485
-0.891607
-0.294407
0.348678
0.215928
0.690619
-0.899791
-0.493698
0.268778
-1.30893
-0.515577
-0.700653
-0.203203
0.106167
0.16541
-0.163633
-0.189946
0.482625
-0.241124
0.250582
0.201536
-0.216259
0.467912
0.162283
-2.20655
-1.32613
0.543329
0.170939
-0.219019
-1.444
-0.183195
-0.456477
-0.861832
-0.165934
-1.52615
-0.176278
0.0141629
0.267954
-0.767491
0.0428727
-0.0889744
0.0292756
-0.331568
-0.400196
0.322992
-0.156129
-0.790208
0.379962
0.24429
-0.724148
-1.01742
-1.60564
0.181042
0.194928
0.651808
-0.879046
-0.175881
-0.53339
-0.0912476
-0.187957
-0.294214
-1.34159
0.250785
0.624362
-0.404433
0.305506
0.657409
-1.4136
-0.491244
-0.0789794
-0.900085
0.247238
0.239615
-1.51298
-0.146888
-0.704826
-0.862438
-0.250978
0.0441279
-0.51127
0.472461
-0.324477
-0.596466
-0.599947
-0.0147756
-0.218419
-0.256047
-1.15766
-0.497194
-0.989371
0.229723
-0.265813
0.132048
-0.685269
-0.297851
0.0712923
0.0862144
-0.375948
-0.801999
0.27971
-0.563954
0.342258
-0.266032
-0.169107
0.568945
-0.3233
0.558298
0.280783
-0.0944477
0.104072
-0.0726123
-1.16931
0.0974253
-0.25451
-1.61984
0.700405
-1.1039
-0.540383
-0.788812
-0.382555
-1.09595
-1.00011
-0.657356
-0.49724
-0.291796
0.593191
-0.718659
0.270823
0.370294
-0.905915
-0.87815
-0.258305
0.516459
-1.39749
0.346882
0.00157037
-0.0969298
0.464111
-0.172357
-0.770365
-0.400106
-1.34015
-0.528234
-0.995455
-1.80916
-1.09585
0.0219547
-0.147887
0.168915
0.567382
0.369714
-0.113913
-1.50582
-0.271938
0.468743
0.259575
-0.531525
-1.27385
-0.671847
0.155125
0.0180792
0.479526
-0.463964
-1.03896
-2.08445
-0.0300648
0.657254
-1.09735
-0.0777992
-0.160831
-0.542591
0.226334
0.288862
0.243525
-1.74602
-1.94849
-0.958116
-1.01631
-0.575768
-0.423712
0.0523415
-0.0850292
0.445174
0.547446
0.0730503
-0.329871
0.0811389
0.0899721
-0.916249
-0.295105
0.391159
-0.571806
-0.395214
-0.979109
-0.104591
0.301903
-0.874641
0.249628
0.247062
0.426935
-0.00860467
0.073837
-0.171877
0.0288535
0.719972
0.0826314
-0.541076
0.601308
0.372502
-0.442269
-0.0526545
-0.243555
0.0646684
-0.998522
-0.0392547
-0.104014
-0.498005
-1.52068
0.392595
0.473172
-0.090947
-1.03585
-0.382914
-0.498886
-0.135128
0.0396005
0.248386
0.128096
-0.372513
-1.45077
0.197427
-0.576449
0.621131
-0.168262
0.478157
0.538551
-0.674568
0.0564948
0.0779739
-0.360458
0.495546
0.0977686
0.280245
0.438114
0.187728
0.166699
-0.612603
-1.14455
0.226098
0.255071
0.292857
0.117781
-0.0835472
-0.0237803
-0.485135
-1.51915
0.281655
-1.15627
0.447716
0.265394
0.278284
0.0635644
0.258043
-0.0954414
0.578007
0.380252
-1.67174
-0.57974
-0.293508
-0.429214
0.41181
-0.0940497
-1.89117
-1.65076
0.450229
-0.728708
-0.980928
-0.561156
0.0500445
0.301589
-0.26374
0.619462
-0.817461
-0.186927
0.23856
-0.518979
-0.218589
-0.491381
0.317448
-0.0306807
-0.690236
-1.30527
0.317748
-0.439014
-0.404332
-1.11247
-0.567943
-0.0178287
0.257937
0.506696
0.506745
0.643195
-0.899267
-0.36458
-0.394002
-0.0592774
-1.17276
-1.68444
-0.137564
-1.98782
-0.843074
-0.0346166
-0.416611
0.473506
0.46212
-1.25716
-0.176046
-1.50162
-0.81801
-1.37621
-0.109026
0.0860196
-0.220061
-0.26918
0.405506
0.360521
-0.202023
0.116795
0.0442827
0.236271
0.100499
-0.208465
-0.151976
0.282691
-0.515126
-0.570753
-1.14669
-0.1113
0.417258
0.114095
-0.566263
-0.341264
0.1005
-1.17637
-0.705627
0.254246
0.40243
0.13334
0.0565943
-0.0819399
0.494728
-0.153458
-0.80349
0.322232
0.374388
0.0943654
-0.132807
-0.359635
-0.962483
-1.67654
-0.584055
0.140589
-0.235433
0.146536
-0.993897
0.382022
-1.27271
0.257395
-0.921428
-0.337915
0.401225
-0.456683
-2.03071
0.256877
-0.820843
-1.27156
-0.484305
0.240568
-0.331967
-0.118032
-0.196462
0.203836
-0.944496
-0.235101
-0.143136
-0.0694171
0.538029
-0.0246728
-1.06372
0.0606498
-0.479528
0.263762
0.437474
0.476218
-0.201698
0.400222
-1.69098
0.57917
-0.662238
-0.179645
-0.919942
-0.363202
-0.205077
0.0200281
-0.0701094
-0.78431
0.204041
-0.994397
-0.0651551
-0.992399
-0.616386
-0.00268236
-0.716089
-0.414976
-0.888202
0.180117
-0.413821
0.00434611
-0.919175
-1.3963
-0.666806
-1.82461
-0.676749
-2.62233
-0.136622
-0.0634048
-0.228047
0.389074
-0.627596
0.53056
-0.33854
-0.256757
-0.260319
-0.758098
0.0662021
-1.07244
-1.46427
-0.175803
0.099846
-0.109433
-0.625152
-0.398333
-0.158484
-0.0542576
-0.747534
-1.16531
0.445142
-0.359387
0.358301
0.347159
-0.133117
-0.504907
0.0178647
0.819323
0.117237
-2.63958
0.174212
0.00316266
-0.0695055
-1.06387
0.161482
-1.13403
-0.278628
-0.109789
0.211983
-0.565981
-0.304111
-0.327567
-0.816537
-0.136592
-0.100326
-0.17325
0.156649
-0.704847
0.359081
-1.73178
0.49627
0.315101
-0.271859
0.119869
-1.13314
-1.48294
0.0921949
-0.0125468
0.4752
-0.406169
0.270793
-0.399697
-0.795925
-0.762458
0.226295
-0.793122
0.536412
-0.0696927
-0.193183
-0.204766
-0.313233
0.130499
-0.837176
0.388618
0.0804889
-0.775685
-0.0348697
-1.07905
-0.137278
-0.990539
-0.63509
-1.13849
-1.23281
-1.16144
-1.0664
-1.54672
0.350637
-0.269922
-0.367906
0.240024
-0.274338
0.696057
0.179483
0.0438746
0.5815
-1.26644
-0.944914
0.200071
0.379178
-0.476082
0.138288
0.133046
-0.244938
0.435187
-0.38754
-0.343925
-0.128371
0.133072
-0.899178
0.179254
0.254125
0.518604
0.209603
-0.079771
0.0925254
-0.556017
-0.332098
-0.429539
-0.519373
-0.806973
0.573426
0.0148851
-0.607776
0.226255
0.401375
0.0218653
-0.998212
-0.572086
-0.805403
0.296551
-0.698973
0.380714
-1.11724
-0.229118
-0.349558
-0.226294
0.018681
-0.178193
-1.69372
0.0874244
-0.217554
-0.437166
0.343828
-0.776941
-0.492627
0.0206295
-0.0655994
0.0976328
-0.2781
-0.60229
-0.0929439
0.436035
0.222519
0.390408
-0.0707604
-0.544927
-0.147297
-0.688449
-1.24405
-0.628363
0.116583
-0.700181
-0.584677
-0.609492
-0.525512
-0.236692
0.13493
-0.396737
-0.227419
0.164432
0.456799
0.409008
-0.0173374
-0.828683
-0.0934538
0.298241
-0.460429
-0.027251
0.0322582
-0.0102787
0.568025
0.287724
-0.132629
-0.810177
-0.382134
0.141167
-1.6526
-0.187851
0.253604
0.576032
-0.361032
-0.0206012
0.160073
0.237603
0.0475842
0.450769
-0.497461
0.134924
-0.823367
0.482095
0.430096
0.268225
0.148679
0.451641
0.743694
0.523132
0.411034
-0.279644
-1.2408
0.622197
0.360057
0.231528
0.114572
-0.436709
0.0263768
-0.585458
-0.150871
0.495494
-0.205801
0.652487
0.124047
-0.160734
-0.372497
-0.861222
0.0266997
-0.123012
0.251029
-0.0864244
0.124451
-0.26534
0.0916451
-0.193244
-0.0245435
-0.185859
0.08254
-0.869636
0.494468
0.281621
-0.520182
-0.461662
-0.98816
-0.156609
0.14092
0.370965
-0.393385
-0.312163
0.5561
-0.712512
