1.03039
1.18238
1.58459
1.02498
1.31217
1.06066
1.02926
1.26122
1.03047
1.024
1.02498
1.02498
1.02833
1.13803
1.024
1.024
1.024
1.024
1.35734
1.02648
1.02498
1.024
1.02498
1.02498
1.02498
1.15365
1.08608
1.37286
1.03041
1.04615
1.04654
1.07064
1.10564
1.32299
1.02498
1.15877
1.03224
1.02498
1.13319
1.22243
1.19722
1.09214
1.024
1.11901
1.17166
1.32348
1.02498
1.02517
1.05853
1.02618
1.12241
1.09157
1.02949
1.032
1.62599
1.02498
1.02498
1.024
1.02498
1.25441
1.28157
1.04735
1.21689
1.024
1.03136
1.13914
1.02498
1.06162
1.02516
1.04614
1.04989
1.02498
1.16614
1.024
1.02498
1.0456
1.06272
1.024
1.024
1.31822
1.04369
1.12422
1.02736
1.024
1.05867
1.02735
1.1439
1.024
1.1805
1.024
1.08992
1.02997
1.16608
1.0281
1.09582
1.0322
1.04574
1.02505
1.02848
1.02498
1.09787
1.02498
1.51364
1.16373
1.09069
1.22833
1.024
1.02498
1.14081
1.04576
1.02498
1.024
1.024
1.24121
1.10265
1.02498
1.12267
1.10625
1.1253
1.02498
1.024
1.02498
1.02498
1.02678
1.06371
1.04007
1.30812
1.21276
1.02498
1.07542
1.15831
1.03103
1.42902
1.03138
1.21557
1.024
1.06959
1.09871
1.0284
1.42848
1.0297
1.024
1.93722
1.1016
1.0381
1.03878
1.08953
1.04379
1.2729
1.02616
1.06137
1.02498
1.02615
1.03853
1.03064
1.06721
1.02768
1.02498
1.34858
1.02498
1.08372
1.33406
1.18185
1.09
1.15002
1.05803
1.30832
1.05267
1.11044
1.13772
1.02628
1.0978
1.33036
1.02498
1.03737
1.024
1.04021
1.14706
1.22569
1.02917
1.03934
1.024
1.0687
1.18143
1.04283
1.06668
1.02498
1.02498
1.15668
1.03659
1.024
1.02498
1.12882
1.03219
1.02705
1.08162
1.02793
1.02706
1.02982
1.20122
1.04844
1.12216
1.33236
1.02498
1.10263
1.15542
1.14886
1.0373
1.02498
1.03645
1.54447
1.02567
1.06306
1.38733
1.10536
1.17069
1.02672
1.12544
1.02498
1.027
1.05924
1.02623
1.05815
1.02498
1.02731
1.05777
1.02613
1.02557
1.35691
1.024
1.091
1.17328
1.19755
1.6332
1.06744
1.26364
1.024
1.02498
1.04701
1.29456
1.36622
1.02498
1.12604
1.12093
1.10241
1.03026
1.024
1.26194
1.13256
1.12229
1.024
1.39286
1.07225
1.02498
1.12015
1.02498
1.0294
1.1253
1.02498
1.40412
1.32737
1.024
1.20421
1.02498
1.33003
1.20712
1.08113
1.02498
1.25291
1.21745
1.02498
1.49595
1.09671
1.70561
1.12912
1.21428
1.14357
1.0535
1.10455
1.2315
1.05427
1.024
1.5286
1.06591
1.23826
1.53386
1.36217
1.24789
1.1444
1.06397
1.19415
1.03725
1.02498
1.10079
1.02498
1.07163
1.16773
1.06763
1.04037
1.16273
1.08977
1.17075
1.18538
1.07843
1.024
1.02498
1.59718
1.1913
1.07481
1.47862
1.08474
1.02584
1.024
1.08436
1.06173
1.15529
1.06041
1.06255
1.10055
1.13622
1.2112
1.05191
1.2376
1.02498
1.11866
1.0345
1.04742
1.0497
1.39745
1.38934
1.07186
1.02505
1.13831
1.15421
1.28162
1.2327
1.1356
1.65639
1.10922
1.02498
1.024
1.02523
1.04113
1.08567
1.15353
1.02498
1.03975
1.11774
1.02658
1.024
1.06237
1.15824
1.024
1.02498
1.20303
1.07464
1.25855
1.02918
1.024
1.024
1.02498
1.21046
1.25364
1.02498
1.06955
1.06214
1.02498
1.04078
1.21242
1.30636
1.04926
1.05009
1.02498
1.11358
1.29558
1.02498
1.07209
1.14269
1.29854
1.02498
1.05349
1.21281
1.12877
1.04337
1.21357
1.02498
1.024
1.07648
1.06747
1.02498
1.03609
1.36686
1.03883
1.04191
1.02498
1.07389
1.53022
1.05012
1.16671
1.02705
1.02498
1.03134
1.024
1.02498
1.07685
1.024
1.10668
1.12353
1.14789
1.61484
1.024
1.21903
1.0636
1.02616
1.07632
1.02498
1.02892
1.02498
1.02498
1.02817
1.02695
1.02539
1.02533
1.12796
1.1141
1.10862
1.02498
1.02498
1.02498
1.0433
1.23502
1.3867
1.66157
1.0265
1.08643
1.03474
1.18479
1.13594
1.02656
1.02958
1.06466
1.17627
1.02498
1.03461
1.02498
1.02498
1.35047
1.24395
1.02498
1.02498
1.02862
1.06152
1.02498
1.12364
1.024
1.14004
1.30038
1.02629
1.02498
1.024
1.02498
1.06992
1.02569
1.06138
1.03612
1.03005
1.02623
1.024
1.0545
1.02853
1.02498
1.09167
1.19203
1.20724
1.02518
1.07291
1.03479
1.05205
1.024
1.30252
1.58157
1.04989
1.60057
1.05346
1.48155
1.02498
1.0561
1.024
1.05441
1.04349
1.07743
1.10908
1.02498
1.23786
1.26883
1.024
1.11866
1.08819
1.024
1.26315
1.02834
1.1053
1.34229
1.024
1.07484
1.0596
1.09411
1.34643
1.02878
1.024
1.024
1.024
1.02894
1.024
1.40956
1.22287
1.45265
1.15753
1.02498
1.03071
1.02498
1.06721
1.06021
1.02498
1.16852
1.024
1.02498
1.35853
1.24233
1.42602
1.17827
1.03584
1.10344
1.024
1.05321
1.10432
1.04103
1.02498
1.06185
1.05598
1.02709
1.24242
1.05291
1.05504
1.02498
1.5915
1.11265
1.22644
1.24596
1.03794
1.08619
1.35896
1.02498
1.04366
1.16157
1.05881
1.04718
1.39169
1.34925
1.17979
1.53861
1.07333
1.04872
1.024
1.02498
1.14315
1.81089
1.26845
1.0257
1.03825
1.024
1.29054
1.03254
1.024
1.06421
1.02881
1.11507
1.0744
1.02815
1.02498
1.30424
1.07451
1.024
1.15641
1.02671
1.13131
1.02659
1.23894
1.02498
1.07741
1.10321
1.02971
1.024
1.0435
1.07567
1.07277
1.13194
1.024
1.0322
1.02498
1.02498
1.02498
1.29148
1.10869
1.15852
1.02498
1.042
1.05667
1.24757
1.02498
1.24542
1.07587
1.024
1.49461
1.07435
1.03432
1.0285
1.21837
1.18101
1.07026
1.09412
1.1733
1.02893
1.24455
1.06378
1.44229
1.02498
1.024
1.22812
1.06822
1.04256
1.03699
1.02498
1.19927
1.02498
1.02859
1.22692
1.024
1.024
1.02708
1.121
1.02498
1.05965
1.07938
1.02819
1.27572
1.0265
1.05141
1.19497
1.4556
1.18003
1.17526
1.02498
1.02755
1.25069
1.2049
1.08577
1.024
1.02674
1.02498
1.67043
1.02624
1.1625
1.36372
1.07178
1.04386
1.03016
1.19191
1.024
1.024
1.13337
1.08543
1.03974
1.34503
1.03492
1.02498
1.02498
1.09697
1.04396
1.02498
1.05142
1.23104
1.0632
1.61624
1.25486
1.06883
1.02498
1.29686
1.1067
1.03261
1.10027
1.06101
1.07776
1.16623
1.03916
1.024
1.02498
1.02783
1.02498
1.03527
1.07536
1.02499
1.06912
1.24893
1.05969
1.08302
1.02498
1.024
1.024
1.04863
1.024
1.02498
1.03374
1.03169
1.39501
1.18799
1.20139
1.024
1.02498
1.07156
1.36702
1.06415
1.30567
1.024
1.15144
1.36923
1.02498
1.024
1.14974
1.04605
1.02498
1.02519
1.13882
1.34658
1.26461
1.05653
1.14885
1.024
1.02498
1.03009
1.08416
1.22326
1.35104
1.06398
1.0829
1.024
1.29369
1.03091
1.02498
1.22197
1.0556
1.02498
1.0821
1.02712
1.16355
1.024
1.22885
1.02815
1.11379
1.03837
1.024
1.07739
1.59303
1.02809
1.0886
1.04297
1.20781
1.36527
1.12863
1.22036
1.04743
1.02498
1.02498
1.2586
1.02498
1.1412
1.28955
1.21316
1.02919
1.22375
1.02498
1.18721
1.09934
1.03216
1.02498
1.03395
1.21899
1.02498
1.19332
1.06312
1.35325
1.06788
1.04051
1.07114
1.2443
1.21359
1.11081
1.024
1.02498
1.02498
1.02767
1.02498
1.02498
1.0273
1.02498
1.02937
1.024
1.02692
1.07909
1.03429
1.04805
1.05165
1.0857
1.03689
1.09938
1.5131
1.23111
1.17508
1.02498
1.024
1.03903
1.02505
1.17798
1.27157
1.024
1.04445
1.11218
1.02994
1.024
1.024
1.61796
1.0757
1.02498
1.024
1.024
1.02755
1.15854
1.11177
1.33354
1.08568
1.10848
1.02498
1.29202
1.02498
1.07195
1.37198
1.34508
1.12579
1.09037
1.02498
1.02668
1.05556
1.02498
1.02501
1.02804
1.02498
1.024
1.2317
1.02498
1.024
1.13787
1.024
1.03474
1.27797
1.18931
1.024
1.17388
1.08992
1.52453
1.02498
1.02504
1.024
1.02757
1.024
1.024
1.31656
1.55196
1.26372
1.17149
1.024
1.03839
1.03631
1.02498
1.024
1.02759
1.03603
1.24835
1.09977
1.43917
1.03305
1.19249
1.09935
1.07048
1.024
1.22136
1.02498
1.05478
1.66367
1.03194
1.24814
1.03218
1.024
1.06207
1.16624
1.62025
1.02498
1.024
1.02498
1.37627
1.18482
1.34283
1.02909
1.09224
1.024
1.14912
1.02637
1.02649
1.024
1.06579
1.03442
1.024
1.08856
1.024
1.34711
1.024
1.04191
1.05803
1.08139
1.024
1.1614
1.03036
1.04563
1.07997
1.04076
1.07665
1.02498
1.02562
1.21196
1.12682
1.13268
1.12105
1.024
1.02498
1.11354
1.02498
1.02635
1.22371
1.24699
1.25524
1.05747
1.06197
1.79043
1.34676
1.02498
1.02961
1.04826
1.15859
1.16201
1.02498
1.02591
1.02498
1.02498
1.024
1.02498
1.024
1.024
1.35539
1.024
1.024
1.10845
1.02603
1.02498
1.17533
1.02498
1.08495
1.024
1.024
1.04136
1.024
1.04725
1.0324
1.03071
1.024
1.024
1.09457
1.72391
1.0573
1.41161
1.15146
1.50511
1.04036
1.47428
1.16258
1.18413
1.04312
1.024
1.05334
1.28346
1.024
1.23931
0.830935
0.911123
0.8192
0.860621
0.860596
1.18159
0.84832
1.19358
0.915681
1.26074
0.936952
1.1522
0.84271
0.994344
0.890347
0.846474
1.1672
0.827209
1.01716
0.819689
0.826212
0.90625
0.84693
1.31715
0.881813
0.908111
1.43935
0.890051
1.12493
0.823723
1.08909
1.03196
0.903413
0.969816
0.906318
0.892976
1.10191
1.61694
0.988451
0.878013
0.823573
1.21461
0.842763
0.917239
0.834735
0.822492
0.832159
0.869343
0.892017
1.30241
1.21984
0.919704
0.888315
0.943419
1.18743
1.05622
1.01085
0.952477
0.929844
0.968105
1.04512
0.873099
1.39967
0.972951
1.29173
1.1662
0.819716
0.987429
0.819689
0.82745
0.828437
0.819689
0.826917
0.844263
0.845139
0.935268
0.899158
1.0985
1.13253
0.861141
1.06568
0.88739
1.18587
0.825481
0.867772
1.00001
0.819923
1.24256
0.85923
0.90874
1.03672
0.969724
1.04924
0.834796
0.841076
0.97106
0.819689
0.900787
1.034
1.01155
1.18375
1.25932
0.833843
0.851051
0.819689
0.829717
0.909913
1.22696
1.27966
1.10993
0.990868
0.912339
1.10602
1.33998
1.05367
1.18967
1.0134
0.946052
1.31052
0.867912
0.82819
0.827691
0.876998
1.16913
1.19189
0.903382
1.17958
0.819774
0.985298
0.832401
0.882301
0.927852
1.49007
0.878541
0.888835
0.833697
0.874375
0.823543
0.88824
1.13104
1.00812
0.905441
1.04215
0.90123
1.84026
0.822266
0.820594
0.916005
0.915113
0.819689
1.10934
1.14357
0.904075
1.15008
1.0439
0.930596
0.841683
0.947288
0.820745
0.834828
0.819689
1.19953
1.22627
1.31877
1.05202
0.924685
0.883265
0.937149
0.828757
0.831757
0.873698
0.9557
0.826396
0.847195
0.858225
1.24059
0.961178
0.924689
0.837876
0.872734
1.23462
0.996532
0.898995
1.15326
1.15527
0.820864
0.831376
0.825045
0.989095
1.47529
0.888106
0.819689
0.975159
0.845058
0.821376
0.943561
0.819689
0.926728
1.02353
0.886795
0.876122
0.819689
0.858782
0.819724
0.989086
1.16575
0.863157
0.845079
0.968507
0.922431
0.907767
0.94474
0.925249
0.977605
0.94759
0.873536
0.887811
1.11417
0.876133
0.827867
0.957343
0.955016
1.15322
0.824604
0.957351
0.882233
0.833175
0.840559
0.891349
0.893547
0.844723
0.848259
0.857726
0.878824
0.860816
0.865074
1.22113
0.822301
1.06459
0.918561
0.821607
1.0413
0.955688
0.918995
0.882122
0.883982
0.826784
0.838668
0.819689
0.820865
0.827955
1.29003
0.944866
0.823248
0.825217
0.833868
1.06381
1.04061
0.880465
1.22703
0.8226
0.950412
0.833949
0.827217
0.855018
0.911502
0.84799
0.829072
0.819689
1.00201
0.881828
0.855725
0.828403
1.03652
0.82548
1.32014
1.25139
0.938717
1.13506
0.942959
0.830503
0.925499
0.908726
0.959333
1.46071
1.3031
1.06601
1.3735
0.830962
1.05173
0.981371
1.01531
0.907084
1.03613
0.88274
0.899725
0.887963
0.892033
0.909729
0.865494
0.863603
0.827789
0.962545
0.8192
1.38872
0.876491
0.8192
1.0592
1.26396
1.05021
1.0737
1.27943
0.874765
0.985387
0.900363
0.858168
0.829224
0.841623
1.61599
1.04778
0.918134
1.13654
0.819689
1.03476
1.03318
0.819689
0.92672
0.875251
1.34777
0.93798
0.94141
0.8192
1.10691
1.08771
1.01162
1.12321
1.04507
1.33216
0.869044
0.871624
0.819689
0.82202
0.8192
0.860532
0.935108
1.10524
0.884275
0.856124
1.08516
1.21842
0.958109
0.992789
1.03105
1.28865
0.863563
1.02819
0.819689
0.867256
1.08202
0.957196
0.822214
1.07401
1.19987
1.16557
0.819689
0.88897
0.881213
1.11662
1.06056
0.939767
0.819689
0.829603
0.8192
1.26064
0.819689
0.821539
0.989855
0.893007
0.847358
0.822724
0.970923
0.974179
0.832278
0.934864
1.04758
0.878983
0.953035
0.974414
0.829191
0.819689
1.00319
1.09957
0.838137
1.1186
1.35436
0.999235
1.00377
0.907715
1.16091
0.937282
1.13485
0.883064
1.31494
0.879473
0.84247
0.995606
0.936753
0.859118
1.08755
0.884617
0.923059
1.05946
1.1223
0.850822
0.933383
1.04173
0.879633
1.20505
1.02076
1.24707
1.6301
1.01336
1.06362
0.921938
0.944302
0.823385
0.819689
1.18738
1.00137
1.07682
1.17012
0.918725
0.8192
0.827029
0.965451
0.929993
0.892636
1.12472
0.904195
1.1686
0.819689
0.894946
1.05085
1.01405
0.819689
1.01756
1.02661
0.916318
1.24676
0.837967
0.943577
0.888818
0.936181
1.45687
0.824316
1.26514
0.824917
0.846766
1.22333
1.15136
0.850907
0.993287
0.902691
0.819689
0.922597
0.890222
0.819689
0.975789
0.950272
1.34568
1.18582
1.08329
0.94933
1.00337
0.829692
0.858761
0.825174
1.06209
0.885631
1.00862
0.894401
1.04171
0.867412
1.02204
1.03455
1.21902
0.996799
0.888712
1.18377
1.57781
0.834333
0.907837
1.03106
0.90057
0.8272
1.06218
1.14011
1.30127
1.07107
0.853568
0.93974
1.07329
1.22149
0.845735
0.864064
0.87643
1.37042
1.37036
0.959327
0.824919
0.971651
0.858994
1.10553
1.48401
1.04811
0.850543
0.885264
0.894796
0.98807
0.824223
0.819689
1.11786
0.837574
0.833958
1.00361
1.09053
1.16648
0.93089
1.00229
0.895398
0.885278
0.89171
1.3057
0.997644
0.880567
1.02655
1.01231
1.17137
1.09758
1.28968
0.819689
1.01871
0.828008
1.09178
0.90258
1.11823
1.10213
1.04397
0.832421
1.04681
0.819689
1.34054
0.819689
0.947685
1.14402
1.27069
0.91267
1.23459
0.82195
0.990462
0.967324
0.877982
1.31159
0.819689
0.905851
0.819689
0.937996
0.880763
1.15317
0.997618
0.847046
0.945565
1.14291
1.14822
0.825297
0.822517
1.15054
0.820646
0.8475
1.30149
0.952385
0.842768
0.911639
0.862312
1.04337
0.867483
0.937004
1.08467
0.919897
1.09085
0.819995
1.08364
0.989743
0.903321
0.828734
0.826271
0.870906
0.855009
1.1121
0.874003
0.84792
1.02472
1.17168
0.838453
0.926415
1.12164
1.00843
0.981426
0.977676
0.876133
1.02505
1.18018
1.53088
0.848096
1.08244
0.822186
0.819689
0.819874
1.09396
1.21268
1.38444
0.844362
1.42124
0.983963
0.831341
0.819689
0.905496
0.8639
0.924828
1.10983
0.824654
0.91888
1.04397
0.835334
0.819689
0.971975
1.02671
0.844016
1.01894
0.887275
0.824767
0.904057
1.28822
0.931265
1.07706
0.845257
1.17418
0.8192
0.918465
0.910348
1.09313
0.915025
1.02028
1.45071
1.09593
1.26603
1.30481
1.20414
0.894437
1.01939
0.885676
0.845982
1.04765
0.886842
1.05331
1.17451
0.925644
1.21684
1.40528
0.93492
1.3516
0.914801
1.2057
0.83404
0.875363
0.821661
1.55051
0.918741
0.821954
0.866863
1.04209
0.890388
0.826967
1.04198
0.970221
1.0594
0.920059
1.07998
1.04208
1.02835
0.825346
0.958373
0.985668
0.8192
0.978782
0.827457
1.0034
1.08932
0.961473
1.04389
0.8513
1.084
0.874239
1.30121
0.870726
0.930106
0.822273
0.823393
0.819689
1.4377
0.822286
0.829691
1.01541
1.29743
1.12818
0.819689
1.08228
1.06608
0.930015
0.838223
0.848501
1.13348
0.978468
0.947881
1.09715
1.45844
1.18457
1.19069
0.957995
0.996587
0.832019
0.925529
1.10003
0.839969
0.845022
1.21158
0.861888
0.917918
0.819689
0.841614
0.898579
0.828427
1.16134
0.846806
0.928847
1.18553
1.35523
0.96434
0.833516
1.37221
1.32043
1.01215
1.05293
1.00128
0.8192
1.1546
0.972371
1.28251
0.819914
1.28703
1.3302
0.819689
1.03045
0.839978
0.822064
1.09167
0.986866
1.10858
1.32647
0.820082
0.866368
0.822736
0.843611
1.17063
1.01806
0.937019
0.980932
0.883043
0.827582
0.876177
0.974767
0.947763
1.22545
0.819689
0.875803
0.90719
0.957374
0.822496
0.881121
1.55815
0.819689
1.03188
0.947861
0.821646
1.12728
0.819689
0.908073
0.915664
0.831341
0.917636
0.819689
1.07118
0.91756
1.00562
1.03068
1.17148
0.94693
0.820153
1.1538
0.855694
0.854695
0.82233
1.14739
0.864348
0.829404
0.990914
0.866273
0.920699
0.820422
0.973854
1.03141
1.15972
0.893234
1.36789
1.08489
0.989069
1.10227
0.91707
0.819689
0.830416
0.819689
0.923496
0.85068
1.00857
0.973929
1.16002
0.96405
0.819689
0.819965
1.12006
1.33047
1.09859
0.884436
0.842853
1.29453
1.09923
0.956102
0.853739
0.819689
0.930888
0.8192
1.28364
0.879045
1.11611
0.904089
1.10556
0.847075
1.38468
0.848555
1.58801
0.82034
0.843026
1.06186
0.900168
1.05666
0.820797
0.902052
0.832291
1.08925
0.931958
0.848405
0.819689
0.855182
1.04009
0.921517
0.857946
0.995959
1.18294
1.15674
0.941967
1.14448
0.914864
1.56875
1.02264
0.820933
0.825091
0.828419
1.05616
0.819689
0.867215
1.12416
0.833299
1.22809
0.827827
1.05634
1.0598
1.33103
1.26303
1.46042
0.999762
1.10198
0.819689
0.856771
0.904915
1.47472
0.879695
0.979937
1.46258
0.98007
0.875607
1.08022
0.836372
0.941706
0.949881
1.00542
1.05528
1.07145
1.04881
0.922926
0.886525
0.910931
1.09226
0.965753
0.869767
0.861955
0.827127
0.843831
0.874983
0.961671
0.940799
0.819689
1.10131
1.05343
1.08014
0.958789
1.12069
1.27783
0.854213
1.01443
0.819689
0.819689
0.844905
1.1742
0.849595
0.819689
1.17278
1.07809
1.04644
1.21931
0.847624
1.29676
0.853387
0.847364
0.919571
1.00288
0.916176
1.08966
0.832147
1.09062
0.819689
1.06643
1.11097
0.82039
1.09361
1.00164
0.876859
0.828133
1.59493
0.841401
0.891443
0.916188
1.36063
0.883735
0.964671
1.27103
1.01551
0.911838
1.10302
0.838698
1.02579
0.904764
1.45398
0.823167
0.871356
0.895762
0.867952
0.85863
0.864312
0.881782
1.03729
1.18927
1.23556
0.900279
1.11155
0.9818
0.835168
1.00184
0.914584
0.943451
0.889514
0
0
0
0
0
0
0
0
0
0
0
0
0
0
0
0
0
0
0
0
0
0
0
0
0
0
0
0
0
0
0
0
0
0
0
0
0
0
0
0
0
0
0
0
0
0
0
0
0
0
0
0
0
0
0
0
0
0
0
0
0
0
0
0
0
0
0
0
0
0
0
0
0
0
0
0
0
0
0
0
0
0
0
0
0
0
0
0
0
0
0
0
0
0
0
0
0
0
0
0
0
0
0
0
0
0
0
0
0
0
0
0
0
0
0
0
0
0
0
0
0
0
0
0
0
0
0
0
0
0
0
0
0
0
0
0
0
0
0
0
0
0
0
0
0
0
0
0
0
0
0
0
0
0
0
0
0
0
0
0
0
0
0
0
0
0
0
0
0
0
0
0
0
0
0
0
0
0
0
0
0
0
0
0
0
0
0
0
0
0
0
0
0
0
0
0
0
0
0
0
0
0
0
0
0
0
0
0
0
0
0
0
0
0
0
0
0
0
0
0
0
0
0
0
0
0
0
0
0
0
0
0
0
0
0
0
0
0
0
0
0
0
0
0
0
0
0
0
0
0
0
0
0
0
0
0
0
0
0
0
0
0
0
0
0
0
0
0
0
0
0
0
0
0
0
0
0
0
0
0
0
0
0
0
0
0
0
0
0
0
0
0
0
0
0
0
0
0
0
0
0
0
0
0
0
0
0
0
0
0
0
0
0
0
0
0
0
0
0
0
0
0
0
0
0
0
0
0
0
0
0
0
0
0
0
0
0
0
0
0
0
0
0
0
0
0
0
0
0
0
0
0
0
0
0
0
0
0
0
0
0
0
0
0
0
0
0
0
0
0
0
0
0
0
0
0
0
0
0
0
0
0
0
0
0
0
0
0
0
0
0
0
0
0
0
0
0
0
0
0
0
0
0
0
0
0
0
0
0
0
0
0
0
0
0
0
0
0
0
0
0
0
0
0
0
0
0
0
0
0
0
0
0
0
0
0
0
0
0
0
0
0
0
0
0
0
0
0
0
0
0
0
0
0
0
0
0
0
0
0
0
0
0
0
0
0
0
0
0
0
0
0
0
0
0
0
0
0
0
0
0
0
0
0
0
0
0
0
0
0
0
0
0
0
0
0
0
0
0
0
0
0
0
0
0
0
0
0
0
0
0
0
0
0
0
0
0
0
0
0
0
0
0
0
0
0
0
0
0
0
0
0
0
0
0
0
0
0
0
0
0
0
0
0
0
0
0
0
0
0
0
0
0
0
0
0
0
0
0
0
0
0
0
0
0
0
0
0
0
0
0
0
0
0
0
0
0
0
0
0
0
0
0
0
0
0
0
0
0
0
0
0
0
0
0
0
0
0
0
0
0
0
0
0
0
0
0
0
0
0
0
0
0
0
0
0
0
0
0
0
0
0
0
0
0
0
0
0
0
0
0
0
0
0
0
0
0
0
0
0
0
0
0
0
0
0
0
0
0
0
0
0
0
0
0
0
0
0
0
0
0
0
0
0
0
0
0
0
0
0
0
0
0
0
0
0
0
0
0
0
0
0
0
0
0
0
0
0
0
0
0
0
0
0
0
0
0
0
0
0
0
0
0
0
0
0
0
0
0
0
0
0
0
0
0
0
0
0
0
0
0
0
0
0
0
0
0
0
0
0
0
0
0
0
0
0
0
0
0
0
0
0
0
0
0
0
0
0
0
0
0
0
0
0
0
0
0
0
0
0
0
0
0
0
0
0
0
0
0
0
0
0
0
0
0
0
0
0
0
0
0
0
0
0
0
0
0
0
0
0
0
0
0
0
0
0
0
0
0
0
0
0
0
0
0
0
0
0
0
0
0
0
0
0
0
0
0
0
0
0
0
0
0
0
0
0
0
0
0
0
0
0
0
0
0
0
0
0
0
0
0
0
0
0
0
0
0
0
0
0
0
0
0
0
0
0
0
0
0
0
0
0
0
0
0
0
0
0
0
0
0
0
0
0
0
0
0
0
0
0
0
0
0
0
0
0
0
0
0
0
0
0
0
0
0
0
0
0
0
0
0
0
0
0
0
0
0
0
0
0
0
0
0
0
0
0
0
0
0
0
0
0
0
0
0
0
0
0
0
0
0
0
0
0
0
0
0
0
0
0
0
0
0
0
0
0
0
0
0
0
0
0
0
0
0
0
0
0
0
0
0
0
0
0
0
0
0
0
0
0
0
0
0
0
0
0
0
0
0
0
0
0
0
0
0
0
0
0
0
0
0
0
0
0
0
0
0
0
0
0
0
0
0
0
0
0
0
0
0
0
0
0
0
0
0
0
0
0
0
0
0
0
0
0
0
0
0
0
0
0
0
0
0
0
0
0
0
0
0
0
0
0
0
0
0
0
0
0
0
0
0
0
0
0
0
0
0
0
0
0
0
0
0
0
0
0
0
0
0
0
0
0
0
0
0
0
0
0
0
0
0
0
0
0
0
0
0
0
0
0
0
0
0
0
0
0
0
0
0
0
0
0
0
0
0
0
0
0
0
0
0
0
0
0
0
0
0
0
0
0
0
0
0
0
0
0
0
0
0
0
0
0
0
0
0
0
0
0
0
0
0
0
0
0
0
0
0
0
0
0
0
0
0
0
0
0
0
0
0
0
0
0
0
0
0
0
0
0
0
0
0
0
0
0
0
0
0
0
0
0
0
0
0
0
0
0
0
0
0
0
0
0
0
0
0
0
0
0
0
0
0
0
0
0
0
0
0
0
0
0
0
0
0
0
0
0
0
0
0
0
0
0
0
0
0
0
0
0
0
0
0
0
0
0
0
0
0
0
0
0
0
0
0
0
0
0
0
0
0
0
0
0
0
0
0
0
0
0
0
0
0
0
0
0
0
0
0
0
0
0
0
0
0
0
0
0
0
0
0
0
0
0
0
0
0
0
0
0
0
0
0
0
0
0
0
0
0
0
0
0
0
0
0
0
0
0
0
0
0
0
0
0
0
0
0
0
0
0
0
0
0
0
0
0
0
0
0
0
0
0
0
0
0
0
0
0
0
0
0
0
0
0
0
0
0
0
0
0
0
0
0
0
0
0
0
0
0
0
0
0
0
0
0
0
0
0
0
0
0
0
0
0
0
0
0
0
0
0
0
0
0
0
0
0
0
0
0
0
0
0
0
0
0
0
0
0
0
0
0
0
0
0
0
0
0
0
0
0
0
0
0
0
0
0
0
0
0
0
0
0
0
0
0
0
0
0
0
0
0
0
0
0
0
0
0
0
0
0
0
0
0
0
0
0
0
0
0
0
0
0
0
0
0
0
0
0
0
0
0
0
0
0
0
0
0
0
0
0
0
0
0
0
0
0
0
0
0
0
0
0
0
0
0
0
0
0
0
0
0
0
0
0
0
0
0
0
0
0
0
0
0
0
0
0
0
0
0
0
0
0
0
0
0
0
0
0
0
0
0
0
0
0
0
0
0
0
0
0
0
0
0
0
0
0
0
0
0
0
0
0
0
0
0
0
0
0
0
0
0
0
0
0
0
0
0
0
0
0
0
0
0
0
0
0
0
0
0
0
0
0
0
0
0
0
0
0
0
0
0
0
0
0
0
0
0
0
0
0
0
0
0
0
0
0
0
0
0
0
0
0
0
0
0
0
0
0
0
0
0
0
0
0
0
0
0
0
0
0
0
0
0
0
0
0
0
0
0
0
0
0
0
0
0
0
0
0
0
0
0
0
0
0
0
0
0
0
0
0
0
0
0
0
0
0
0
0
0
0
0
0
0
0
0
0
0
0
0
0
0
0
0
0
0
0
0
0
0
0
0
0
0
0
0
0
0
0
0
0
0
0
0
0
0
0
0
0
0
0
0
0
0
0
0
0
0
0
0
0
0
0
0
0
0
0
0
0
0
0
0
0
0
0
0
0
0
0
0
0
0
0
0
0
0
0
0
0
0
0
0
0
0
0
0
0
0
0
0
0
0
0
0
0
0
0
0
0
0
0
0
0
0
0
0
0
0
0
0
0
0
0
0
0
0
0
0
0
0
0
0
0
0
0
0
0
0
0
0
0
0
0
0
0
0
0
0
0
0
0
0
0
0
0
0
0
0
0
0
0
0
0
0
0
0
0
0
0
0
0
0
0
0
0
0
0
0
0
0
0
0
0
0
0
0
0
0
0
0
0
0
0
0
0
0
0
0
0
0
0
0
0
0
0
0
0
0
0
0
0
0
0
0
0
0
0
0
0
0
0
0
0
0
0
0
0
0
0
0
0
0
0
0
0
0
0
0
0
0
0
0
0
0
0
0
0
0
0
0
0
0
0
0
0
0
0
0
0
0
0
0
0
0
0
0
0
0
0
0
0
0
0
0
0
0
0
0
0
0
0
0
0
0
0
0
0
0
0
0
0
0
0
0
0
0
0
0
0
0
0
0
0
0
0
0
0
0
0
0
0
0
0
0
0
0
0
0
0
0
0
0
0
0
0
0
0
0
0
0
0
0
0
0
0
0
0
0
0
0
0
0
0
0
0
0
0
0
0
0
0
0
0
