0
0
0
0
0
0
0
0
0
0
0
0
0
0
0
0
0
0
0
0
0
0
0
0
0
0
0
0
0
0
0
0
0
0
0
0
0
0
0
0
0
0
0
0
0
0
0
0
0
0
0
0
0
0
0
0
0
0
0
0
0
0
0
0
0
0
0
0
0
0
0
0
0
0
0
0
0
0
0
0
0
0
0
0
0
0
0
0
0
0
0
0
0
0
0
0
0
0
0
0
0
0
0
0
0
0
0
0
0
0
0
0
0
0
0
0
0
0
0
0
0
0
0
0
0
0
0
0
0
0
0
0
0
0
0
0
0
0
0
0
0
0
0
0
0
0
0
0
0
0
0
0
0
0
0
0
0
0
0
0
0
0
0
0
0
0
0
0
0
0
0
0
0
0
0
0
0
0
0
0
0
0
0
0
0
0
0
0
0
0
0
0
0
0
0
0
0
0
0
0
0
0
0
0
0
0
0
0
0
0
0
0
0
0
0
0
0
0
0
0
0
0
0
0
0
0
0
0
0
0
0
0
0
0
0
0
0
0
0
0
0
0
0
0
0
0
0
0
0
0
0
0
0
0
0
0
0
0
0
0
0
0
0
0
0
0
0
0
0
0
0
0
0
0
0
0
0
0
0
0
0
0
0
0
0
0
0
0
0
0
0
0
0
0
0
0
0
0
0
0
0
0
0
0
0
0
0
0
0
0
0
0
0
0
0
0
0
0
0
0
0
0
0
0
0
0
0
0
0
0
0
0
0
0
0
0
0
0
0
0
0
0
0
0
0
0
0
0
0
0
0
0
0
0
0
0
0
0
0
0
0
0
0
0
0
0
0
0
0
0
0
0
0
0
0
0
0
0
0
0
0
0
0
0
0
0
0
0
0
0
0
0
0
0
0
0
0
0
0
0
0
0
0
0
0
0
0
0
0
0
0
0
0
0
0
0
0
0
0
0
0
0
0
0
0
0
0
0
0
0
0
0
0
0
0
0
0
0
0
0
0
0
0
0
0
0
0
0
0
0
0
0
0
0
0
0
0
0
0
0
0
0
0
0
0
0
0
0
0
0
0
0
0
0
0
0
0
0
0
0
0
0
0
0
0
0
0
0
0
0
0
0
0
0
0
0
0
0
0
0
0
0
0
0
0
0
0
0
0
0
0
0
0
0
0
0
0
0
0
0
0
0
0
0
0
0
0
0
0
0
0
0
0
0
0
0
0
0
0
0
0
0
0
0
0
0
0
0
0
0
0
0
0
0
0
0
0
0
0
0
0
0
0
0
0
0
0
0
0
0
0
0
0
0
0
0
0
0
0
0
0
0
0
0
0
0
0
0
0
0
0
0
0
0
0
0
0
0
0
0
0
0
0
0
0
0
0
0
0
0
0
0
0
0
0
0
0
0
0
0
0
0
0
0
0
0
0
0
0
0
0
0
0
0
0
0
0
0
0
0
0
0
0
0
0
0
0
0
0
0
0
0
0
0
0
0
0
0
0
0
0
0
0
0
0
0
0
0
0
0
0
0
0
0
0
0
0
0
0
0
0
0
0
0
0
0
0
0
0
0
0
0
0
0
0
0
0
0
0
0
0
0
0
0
0
0
0
0
0
0
0
0
0
0
0
0
0
0
0
0
0
0
0
0
0
0
0
0
0
0
0
0
0
0
0
0
0
0
0
0
0
0
0
0
0
0
0
0
0
0
0
0
0
0
0
0
0
0
0
0
0
0
0
0
0
0
0
0
0
0
0
0
0
0
0
0
0
0
0
0
0
0
0
0
0
0
0
0
0
0
0
0
0
0
0
0
0
0
0
0
0
0
0
0
0
0
0
0
0
0
0
0
0
0
0
0
0
0
0
0
0
0
0
0
0
0
0
0
0
0
0
0
0
0
0
0
0
0
0
0
0
0
0
0
0
0
0
0
0
0
0
0
0
0
0
0
0
0
0
0
0
0
0
0
0
0
0
0
0
0
0
0
0
0
0
0
0
0
0
0
0
0
0
0
0
0
0
0
0
0
0
0
0
0
0
0
0
0
0
0
0
0
0
0
0
0
0
0
0
0
0
0
0
0
0
0
0
0
0
0
0
0
0
0
0
0
0
0
0
0
0
0
0
0
0
0
0
0
0
0
0
0
0
0
0
0
0
0
0
0
0
0
0
0
0
0
0
0
0
0
0
0
0
0
0
0
0
0
0
0
0
0
0
0
0
0
0
0
0
0
0
0
0
0
0
0
0
0
0
0
0
0
0
0
0
0
0
0
0
0
0
0
0
0
0
0
0
0
0
0
0
0
0
0
0
0
0
0
0
0
0
0
0
0
0
0
0
0
0
0
0
0
0
0
0
0
0
0
0
0
0
0
0
0
0
0
0
0
0
0
0
0
0
0
0
0
0
0
0
0
0
0
0
0
0
0
0
0
0
0
0
0
0
0
0
0
0
0
0
0
0
0
0
0
0
0
0
0
0
0
0
0
0
0
0
0
0
0
0
0
0
0
0
0
0
0
0
0
0
0
0
0
0
0
0
0
0
0
0
0
0
0
0
0
0
0
0
0
0
0
0
0
0
0
0
0
0
0
0
0
0
0
0
0
0
0
0
0
0
0
0
0
0
0
0
0
0
0
0
0
0
0
0
0
0
0
0
0
0
0
0
0
0
0
0
0
0
0
0
0
0
0
0
0
0
0
0
0
0
0
0
0
0
0
0
0
0
0
0
0
0
0
0
0
0
0
0
0
0
0
0
0
0
0
0
0
0
0
0
0
0
0
0
0
0
0
0
0
0
0
0
0
0
0
0
0
0
0
0
0
0
0
0
0
0
0
0
0
0
0
0
0
0
0
0
0
0
0
0
0
0
0
0
0
0
0
0
0
0
0
0
0
0
0
0
0
0
0
0
0
0
0
0
0
0
0
0
0
0
0
0
0
0
0
0
0
0
0
0
0
0
0
0
0
0
0
0
0
0
0
0
0
0
0
0
0
0
0
0
0
0
0
0
0
0
0
0
0
0
0
0
0
0
0
0
0
0
0
0
0
0
0
0
0
0
0
0
0
0
0
0
0
0
0
0
0
0
0
0
0
0
0
0
0
0
0
0
0
0
0
0
0
0
0
0
0
0
0
0
0
0
0
0
0
0
0
0
0
0
0
0
0
0
0
0
0
0
0
0
0
0
0
0
0
0
0
0
0
0
0
0
0
0
0
0
0
0
0
0
0
0
0
0
0
0
0
0
0
0
0
0
0
0
0
0
0
0
0
0
0
0
0
0
0
0
0
0
0
0
0
0
0
0
0
0
0
0
0
0
0
0
0
0
0
0
0
0
0
0
0
0
0
0
0
0
0
0
0
0
0
0
0
0
0
0
0
0
0
0
0
0
0
0
0
0
0
0
0
0
0
0
0
0
0
0
0
0
0
0
0
0
0
0
0
0
0
0
0
0
0
0
0
0
0
0
0
0
0
0
0
0
0
0
0
0
0
0
0
0
0
0
0
0
0
0
0
0
0
0
0
0
0
0
0
0
0
0
0
0
0
0
0
0
0
0
0
0
0
0
0
0
0
0
0
0
0
0
0
0
0
0
0
0
0
0
0
0
0
0
0
0
0
0
0
0
0
0
0
0
0
0
0
0
0
0
0
0
0
0
0
0
0
0
0
0
0
0
0
0
0
0
0
0
0
0
0
0
0
0
0
0
0
0
0
0
0
0
0
0
0
0
0
0
0
0
0
0
0
0
0
0
0
0
0
0
0
0
0
0
0
0
0
0
0
0
0
0
0
0
0
0
0
0
0
0
0
0
0
0
0
0
0
0
0
0
0
0
0
0
0
0
0
0
0
0
0
0
0
0
0
0
0
0
0
0
0
0
0
0
0
0
0
0
0
0
0
0
0
0
0
0
0
0
0
0
0
0
0
0
0
0
0
0
0
0
0
0
0
0
0
0
0
0
0
0
0
0
0
0
0
0
0
0
0
0
0
0
0
0
0
0
0
0
0
0
0
0
0
0
0
0
0
0
0
0
0
0
0
0
0
0
0
0
0
0
0
0
0
0
0
0
0
0
0
0
0
0
0
0
0
0
0
0
0
0
0
0
0
0
0
0
0
0
0
0
0
0
0
0
0
0
0
0
0
0
0
0
0
0
0
0
0
0
0
0
0
0
0
0
0
0
0
0
0
0
0
0
0
0
0
0
0
0
0
0
0
0
0
0
0
0
0
0
0
0
0
0
0
0
0
0
0
0
0
0
0
0
0
0
0
0
0
0
0
0
0
0
0
0
0
0
0
0
0
0
0
0
0
0
0
0
0
0
0
0
0
0
0
0
0
0
0
0
0
0
0
0
0
0
0
0
0
0
0
0
0
0
0
0
0
0
0
0
0
0
0
0
0
0
0
0
0
0
0
0
0
0
0
0
0
0
0
0
0
0
0
0
0
0
0
0
0
0
0
0
0
0
0
0
0
0
0
0
0
0
0
0
0
0
0
0
0
0
0
0
0
0
0
0
0
0
0
0
0
0
0
0
0
0
0
-1.02055
0.366545
0.215773
-0.0760543
-1.38748
0.296421
-0.561247
0.772818
0.215016
-0.583683
0.109822
-1.00921
-0.756693
0.0779278
0.190474
-0.219099
-0.371636
0.327886
0.025312
-0.62682
-1.86708
0.44277
0.592399
-0.947103
0.130034
0.274991
-1.40358
0.00456323
-0.00258519
0.0201044
-0.499797
0.204961
0.0415499
-1.5301
0.605264
0.391323
0.320687
-0.165811
-0.82873
-0.360647
0.0897645
-1.06063
-0.25081
0.335782
0.188843
-0.0412435
0.341109
-1.12435
-1.09444
0.245454
-0.857724
-0.190384
0.216064
-0.815052
-0.886091
0.519231
-0.532507
-0.814625
-0.150807
-0.317177
0.117625
0.669146
0.0206617
-0.935874
0.226796
-0.117932
0.707012
0.427256
-0.995279
-0.107421
-1.12193
-0.667501
-0.00936896
0.360894
0.143877
0.0140498
-2.26725
-0.419095
-0.106727
0.306469
-0.257851
-0.377507
-0.0231452
-0.626498
0.331351
-0.431132
-0.497966
-0.525973
0.360562
0.125889
-1.37276
0.0813778
0.228106
-0.19504
-0.191178
0.709536
0.0416974
-0.682356
-0.645145
0.531932
-0.429287
-0.635461
-1.36342
0.187157
-0.39144
-0.86883
-1.44997
-2.31118
-0.896646
0.269276
-0.00842608
-0.493779
0.204002
0.144351
-0.448031
0.18298
0.134971
-0.860325
-0.622054
0.382031
0.280371
0.244635
-0.170903
-0.0610938
-0.474554
0.0260225
0.4692
-0.263274
0.733105
-0.694039
-0.562461
0.126712
-0.937871
-0.525733
-0.973507
-0.197571
-1.05539
-0.254195
0.563673
-0.902207
-0.070318
-2.08429
-0.0281674
-0.359344
-0.249909
-1.20101
0.0362355
-0.488519
0.282265
-0.838929
0.198995
0.441793
0.450148
-0.46242
-0.0279017
-1.32231
-0.165954
0.0686505
-0.941605
0.428489
0.250967
0.263692
0.0671107
-1.40609
0.278409
-0.419798
-1.5403
-1.62036
0.326915
-0.494744
-0.972451
0.200373
0.146824
0.530085
0.526488
-0.0334095
0.219487
0.275127
-1.0333
-0.586061
-0.265242
0.530567
0.532568
0.0173114
-0.790283
0.521507
0.358391
-0.166798
0.265401
-0.939049
0.336077
-0.0892962
-1.06385
0.238917
0.722957
0.424431
-0.48345
-0.742924
0.0628197
0.30125
-1.23684
0.0827296
0.651409
0.397831
-0.555065
0.252414
0.0926119
-0.967217
-1.21118
-2.05907
-0.930869
-0.166824
-0.906275
-1.29402
-0.324246
-0.772965
-1.17442
-0.281781
-0.132143
-0.389178
-0.57287
0.435347
-1.56627
-0.4962
-0.214307
-0.426187
-0.314911
-0.2228
-0.759833
0.690597
-1.41186
-1.03063
0.788009
-0.638531
0.392273
0.245906
-0.196151
-0.86267
-0.527353
-0.780446
-1.18506
-0.532485
-0.0835644
0.303529
-0.122789
0.0422096
-0.57601
-0.291898
-0.48098
-0.501476
0.232982
-0.370738
0.566459
0.576733
-0.382651
-2.52166
-0.13402
-0.0631099
-1.55223
-1.024
-1.08211
-0.801736
-0.0365886
0.602551
-1.52827
-0.896534
-1.8058
0.429709
0.0683985
-0.472131
-0.208425
-0.0142556
0.223565
0.390304
0.0337252
-2.23837
-0.271644
-0.428069
0.125751
-0.0351938
-0.273915
-0.224409
0.349591
-0.0643665
-0.433641
-0.409921
-0.470427
-1.49353
-0.0509316
-0.761619
0.146561
0.638912
-0.797847
0.14344
-0.826096
0.349226
0.525555
-1.92449
-2.48477
0.142574
-0.87287
-0.530347
-0.0932946
-0.00385771
-1.59407
0.103495
-0.874184
-0.296489
0.615552
-1.24654
-0.730247
-0.926267
0.846598
-1.5744
-1.19171
0.107677
-0.402722
-1.6925
0.454379
-0.603146
0.464144
0.0643561
0.449189
0.0622416
0.742743
-0.532001
0.0814666
-1.66628
0.434246
0.145354
-1.7344
-0.000585697
0.483691
-0.627916
-0.130692
-0.459756
-0.121951
0.178032
-1.05708
-3.27102
-3.43412
-0.442077
0.69057
0.0733763
-0.795709
-0.430169
0.312407
-0.57355
-0.23911
0.406607
-1.4477
0.355359
0.146691
-0.152152
0.185564
0.259674
-0.934591
0.22659
-0.872955
-0.591313
-1.00544
0.286217
-0.922154
0.417916
-1.36797
-0.464989
0.0500726
0.228728
-1.39198
-0.315169
-0.29717
-0.898006
0.355909
-0.212346
0.525942
-2.41507
0.66932
-0.66412
0.185405
-1.76467
0.544171
-0.978411
-1.35325
-0.470572
0.232176
-0.219919
-0.120118
-0.801857
0.407095
-0.918273
-0.441163
-1.2375
0.499796
0.82897
-0.654286
0.0330368
0.246426
-1.37316
-0.24148
0.373415
-1.15391
-0.60735
-2.2468
0.52017
-1.24361
0.574985
-1.1899
-1.08908
-1.30265
-1.31285
0.060818
-0.81364
-0.664953
-0.407286
-0.316232
0.940985
-0.663082
-0.375704
0.576806
-0.529011
-0.44924
-0.653228
-1.22233
-1.928
-1.34762
-0.687079
0.58477
-0.0388312
0.175082
-0.67029
-0.683334
-0.714619
-0.53625
-1.17372
-0.912264
0.375958
0.0405026
-0.235064
-1.46324
-1.14763
0.408092
0.477574
-0.244789
-0.597201
0.358499
-1.73731
0.0746685
-1.07914
0.0224581
-1.00335
0.0369868
0.0221852
0.593235
0.587311
-1.90088
0.339242
-0.104635
-0.87369
0.0321476
-0.307027
-0.107047
0.506572
0.318471
-0.089677
-0.760103
0.265815
-0.606319
-0.500171
-0.949317
-0.407445
0.0544011
0.112746
-1.04575
-0.264341
-0.797581
0.773234
-1.98429
-1.1347
0.447147
0.0675648
-1.08575
0.108794
-0.129143
-0.16766
-0.289245
-0.961713
0.178304
0.328291
0.383261
-1.00203
-0.618915
-0.603312
0.502485
-0.219957
0.290874
-0.209721
-0.547907
0.299941
-0.417265
0.0261193
-1.1334
-2.06411
-1.54996
0.205102
-0.478253
-0.977822
-0.344339
-0.661696
-1.06063
0.348345
-0.1403
0.242415
-0.078237
-0.0188898
-0.158182
-0.0322367
-0.20688
0.375541
-1.1711
-0.386596
0.348917
-2.50599
-1.32671
-0.242157
-0.312669
0.382065
-1.4754
0.31859
0.0345023
-0.0720167
0.414697
-0.49238
0.125677
0.36372
-0.0813825
-0.151826
0.247053
0.086634
-1.31337
-0.391429
-0.676794
-1.58241
0.182729
-0.754492
0.194577
0.584003
0.0327168
-1.20447
0.428071
-0.671674
-1.42791
-1.35669
-0.483743
-0.116643
0.118058
0.0974999
0.0727723
0.13704
-1.88162
-0.998527
-0.300073
0.420847
-2.01538
-1.55765
0.374071
-0.513959
-0.0288434
-0.802392
-0.519089
0.378704
-1.3522
-2.54975
-0.275539
0.311254
-1.16804
0.362859
-0.861466
-1.11501
0.14397
0.0842522
-0.0583347
0.0334782
-0.994236
-0.775274
-1.66198
-1.37051
-0.763073
0.232661
0.419853
-0.844716
-0.746925
-1.198
-0.130266
0.289547
0.390701
-0.227202
-0.812647
-0.289029
-0.268648
-0.0333038
-1.49808
0.104524
-0.989973
0.351438
-1.16905
-0.210874
-2.27107
0.270986
-0.437027
-2.17941
0.369806
0.247604
0.437741
-2.31186
0.431096
0.342264
-0.429509
0.0907962
-0.191715
-0.572106
-0.243497
-0.88947
-0.732502
-1.76102
-0.0408178
-1.25453
-1.1622
0.610987
-1.46792
-0.27486
0.190315
-1.36908
-0.524814
-1.0316
-1.76893
0.389782
-0.064582
-0.518306
0.0679778
-0.189233
0.163196
0.00332139
0.0884256
-0.304259
-0.774023
-0.391869
-0.0404925
-0.32804
-0.506169
-0.428363
-1.57633
0.138242
-0.259855
-0.0960197
-0.59292
0.0363435
0.413107
-0.706296
-0.76004
-1.41398
0.238813
-0.991283
-0.298142
-0.76756
-0.871929
-0.302881
-1.42635
-0.0333108
0.458317
0.304792
-0.411259
-0.236856
0.683215
-0.658296
0.331952
-0.148798
0.66576
0.536443
-1.08854
0.623639
0.598173
-1.91568
-1.06927
-1.88102
0.403239
-0.782246
-0.231635
0.534354
-0.693329
-0.206227
-0.394396
-1.07386
0.387999
-0.277869
0.496322
-2.51359
-0.101143
-1.14824
-0.141479
-0.321706
-1.87144
0.388738
0.597001
0.0533829
-0.744708
0.295338
0.371328
0.106025
-0.387613
-0.127994
-0.692213
-2.18074
-0.202251
-1.60235
0.233935
-1.10477
-1.27515
-0.0771875
0.278765
-0.926237
0.126189
-0.0110822
-1.20115
0.271375
-0.421124
-0.623711
-0.10731
-1.07708
-0.0817334
-0.233314
0.527256
-1.57528
-0.494208
-0.709408
-0.843243
-0.65001
0.184471
-0.364584
0.127817
0.116828
-0.561571
-0.200284
0.14965
-1.55464
0.677254
-0.527227
-0.170014
-0.556289
-1.56817
-1.81138
-0.433216
-1.39901
-0.877118
0.170823
-0.222211
0.468122
0.44892
0.0518034
0.121442
-0.591066
0.0837472
0.136978
0.205074
-1.13663
-0.78026
0.403377
-0.214844
-0.0477177
-1.0114
0.508724
-0.244356
-1.47009
0.460837
-0.0150336
0.456332
-0.255454
-0.00643491
-0.134966
0.144849
0.234677
-1.00039
-0.307584
-0.538465
0.472858
0.45591
-1.54484
-1.2854
0.177942
0.623892
-0.476344
0.288591
-0.688965
0.232111
0.326299
0.0797662
-0.312638
-0.696985
-1.98327
-1.57687
-0.526676
-0.373903
0.60109
0.300072
0.147416
-0.282737
-0.542557
0.141759
-1.29327
-1.21503
0.246855
0.120508
-1.78088
0.3899
-0.247731
-0.887236
-0.834392
-0.741657
0.0177857
0.490833
-0.077562
0.0637286
-0.10042
-1.77842
-1.79078
0.207138
0.343794
0.284043
-1.65372
-0.939278
-0.378166
-1.08362
-1.04505
-0.93377
-0.317665
-1.17273
0.142664
0.223952
-0.635283
0.517556
0.401986
0.428911
-0.457259
0.229037
-0.967184
0.398597
0.588319
0.509909
-0.698455
-0.194133
-0.853156
-0.272059
-0.832221
-1.20492
-1.5087
0.18034
-0.170598
-0.95149
-1.66029
0.166525
0.10741
-1.23538
-1.47126
0.548037
-0.66911
0.556591
-0.828922
-1.35624
-0.35234
-1.06983
0.0807324
0.0549722
-0.959227
0.41655
-0.61895
0.0432617
-1.11878
-0.93536
-0.847606
-0.493679
-2.32502
0.696871
-0.803535
0.397162
-0.802759
-0.448343
-1.44627
-0.176085
0.113981
0.156838
-1.19018
-0.227231
0.14499
-0.162515
-1.07279
0.165951
-0.368473
-0.764358
-1.47552
-1.25132
-0.541971
-1.39946
-1.20723
0.513077
-1.28947
0.631255
0.0338737
-0.27581
-1.03568
-1.70914
-0.665083
-0.468615
0.612055
0.513701
-1.00465
-1.26341
-0.184369
-0.266252
0.0353762
-0.199556
-0.489787
0.224857
0.362367
-1.27251
-0.174638
0.0374877
-0.608489
-1.05361
-1.87152
0.163014
-0.513431
-0.24762
-0.327593
0.485958
0.617813
0.490583
-0.654166
0.187453
-0.554178
0.66157
0.399432
-0.558943
0.253924
-0.658885
-1.51845
-0.070483
0.466234
-0.000752826
0.0472585
-0.368685
-0.0940342
0.365638
0.687854
-0.830411
0.155481
-1.08131
0.0338918
-0.383638
-0.0289355
-0.552919
0.0677487
-0.0607343
0.0895138
-0.572001
-0.395086
0.349811
-1.4251
-0.160346
-0.128779
-0.356692
0.366597
0.0437447
-1.05507
0.0567125
0.522234
0.464652
-0.357218
-0.597603
-0.380418
-0.372078
-0.0570486
-0.622759
0.320012
-1.68038
-1.45046
0.158494
-1.65749
0.225387
0.122337
0.481484
0.412381
-0.354466
0.041973
-0.0539079
-0.560626
-0.270168
0.0911257
0.507801
-0.592701
-1.09213
-2.4973
0.578091
0.405059
-0.652646
-0.833606
-0.211867
-0.253248
-1.15024
-0.34354
-0.505287
0.0531945
-0.602139
-0.0626569
-0.39996
-0.0275172
-1.0286
-1.22973
0.00351221
-0.116352
-0.0412277
0.414305
-0.405633
0.00702098
0.600407
0.367152
0.0494565
0.573941
-0.708785
-0.906183
0.249106
-0.16823
0.483563
0.278848
-1.05862
-0.565361
-0.359321
-0.414646
-0.470498
0.122666
0.396899
-0.82333
0.367939
0.124054
0.0619423
-0.554944
0.376904
-0.897882
-0.00439521
-0.0343461
-0.200921
0.045958
-0.409501
0.0605105
-0.176823
0.219245
0.0520758
-0.157633
-0.958805
-0.183355
-1.82692
0.270713
0.24011
-1.05424
-0.192749
-0.0306079
-0.149973
0.336397
-1.66641
0.249341
-0.386245
-0.504666
-0.560031
-0.0762803
-0.769311
0.561389
-0.459399
-0.0832477
0.538325
0.265469
-0.176024
-0.03923
0.157516
-0.932967
-0.462097
-1.09946
-0.239423
-0.589246
0.194535
0.597453
0.400458
-0.709951
-0.107764
-0.398228
0.146213
-0.59853
-0.0947935
-0.056464
-0.109023
0.187328
0.0444375
-1.45076
-0.994217
-0.147607
0.553382
-0.952743
0.424025
0.0682486
0.182825
0.16784
-0.861879
0.313996
-1.90695
0.611291
-0.310555
-0.629708
-1.00935
-0.0792103
-1.16174
-1.23709
-0.744196
0.393852
0.106527
-0.820956
-0.646014
-0.0700948
-1.73382
-0.455281
0.588514
0.397562
-0.692087
-1.42269
0.424121
-0.271148
-0.792562
-0.461802
-0.060796
0.0838683
-1.46828
0.229504
0.00112908
-0.733357
-0.4394
0.182207
-0.292811
0.254723
-1.40899
0.460256
0.275647
0.0103887
0.615058
-1.70039
-0.475945
-0.563522
0.0779816
-0.409509
0.304654
-0.652432
-0.135653
-1.10658
0.255703
0.332961
0.327805
-0.238758
-0.207813
-0.412972
0.313627
-0.743814
0.267834
0.43697
0.491535
0.37436
0.32023
0.644382
-1.41965
-0.333097
0.0147474
-1.47241
-0.283413
-0.222201
0.0645451
0.259974
-0.0155289
-0.0564311
-0.0798555
-0.254601
0.106182
-0.262101
-0.238356
-0.304814
-0.654951
-0.69612
0.0688832
-0.548741
-1.09764
0.0425629
0.359147
0.225264
-0.466742
-0.41367
0.343423
-0.402284
-0.70409
0.358628
-0.866142
-0.115235
-0.713977
-1.58461
-1.14
-0.321687
-0.237405
-0.0380613
0.535643
0.0347818
0.121381
0.0203602
-0.630101
-0.508797
-0.0797814
0.0569607
0.0443738
-0.321264
0.147301
-1.24057
-1.67595
-0.616374
-0.0419261
-0.604089
-0.691218
-1.48189
0.413125
0.302
-1.01421
-0.642881
-0.00399247
-0.906891
-1.12159
-0.30777
-0.917582
0.204057
0.264519
-0.879279
-0.587245
0.417886
0.38388
0.56188
0.66053
-2.41021
-0.526269
-0.116973
-1.55351
0.0183222
-1.72697
-0.414666
-0.217922
-0.9717
0.344344
0.214717
0.521316
0.019105
-0.430156
0.260164
0.341258
-0.677298
-0.993274
-2.19904
-0.04551
-0.269498
-0.790867
-0.15938
0.24072
-0.0948006
-0.284262
-0.12634
0.247569
0.468023
-0.0504265
-1.40884
0.454754
-0.408861
0.395346
0.429013
-0.0408468
-0.407354
0.136131
0.524116
-0.606732
-0.789982
-0.542439
-1.20201
0.113052
0.422589
-0.303595
0.696977
0.064348
-0.490505
0.0742552
0.0519579
-0.443006
-0.805877
0.229207
0.110183
-1.00678
-0.337004
-0.342013
-0.0387824
0.624039
-0.276785
0.149192
-0.467386
-2.13018
-0.199875
0.52109
0.0227328
-1.12477
-0.105543
-0.120555
0.0224249
-0.0850521
-0.915793
-0.480094
0.435792
-0.464669
-0.666021
0.158763
-0.534517
-1.30209
-0.347444
-0.0510546
-0.10353
-0.66727
0.166388
-0.74974
-0.0235877
-0.282276
0.353785
0.0415846
-0.334715
-0.0105493
0.286246
0.367101
-0.703632
0.106668
-3.21675
0.391821
-0.0936365
-2.1722
0.100795
0.673914
0.375025
-0.0893759
0.367293
0.488734
-0.0596508
-0.986455
-0.0108266
-0.0715974
-0.234302
-1.64707
-2.09661
0.304679
0.216113
0.286061
-0.704543
-0.18925
-0.219724
0.439333
-0.696642
-0.173051
-0.182216
-0.172708
-0.909997
0.280637
0.134715
0.288891
-0.418085
-1.55125
0.444866
-0.266569
0.278634
-0.246658
0.0687946
0.486356
-0.124638
0.266244
-0.0407864
0.147807
-1.55037
-0.640605
-1.52106
-0.228848
-0.611991
0.416283
-0.143788
-0.374049
-0.147932
-1.00709
0.0835752
0.137556
-0.314462
0.167383
-0.663019
-0.314238
-0.880005
-0.493963
0.345698
-0.774047
0.465199
0.0153362
-0.453838
-0.497826
0.0481498
0.228895
-0.0394166
-0.308241
0.130353
-1.14343
-0.598144
-0.359301
0.169388
0.534489
0.0471111
0.126392
-0.318641
0.363983
-0.185528
-1.19923
0.193556
-0.335226
-0.646456
0.189825
-0.156889
0.63036
0.375639
0.43901
0.254052
-1.56091
0.0205439
-1.07951
-0.541009
-0.296037
-0.702126
-0.679213
-0.0235348
-0.685552
-1.53295
-0.07746
-0.311225
-2.02547
-0.296154
-0.567103
-0.832203
0.536173
-0.824585
0.359103
0.221387
-1.05495
-0.727522
0.393393
0.441409
0.263145
0.119494
-0.348193
-1.38836
0.163516
0.247424
-0.0139824
-1.45853
-0.324774
-0.300843
0.318539
0.451481
0.171968
0.471519
-0.10673
-0.441867
-0.364354
0.308289
0.280871
-2.84407
-0.657247
0.430215
-0.516962
0.0654309
0.00799502
-0.246232
0.447772
-0.0828152
-0.140675
-0.12973
0.166501
-1.06307
0.373492
0.555324
0.404117
0.523861
-1.2224
-1.60961
-0.449989
0.308474
0.0457618
-0.354605
0.286639
0.393022
0.0269303
0.476631
-0.100708
0.0996665
0.616725
-1.41268
-0.42967
0.174871
-0.828477
-0.600445
-0.764531
-1.08393
-0.252731
0.289449
-0.84802
-0.429825
-0.250355
0.00838749
-0.790478
0.5628
-0.156758
0.329629
-1.91654
-0.867265
0.194781
-1.24272
-0.749394
-0.169109
0.00447201
-0.570643
0.480405
0.0638146
-0.0141959
0.104654
-0.773405
-1.40235
-0.0921345
0.243144
0.18221
-0.460166
-0.759284
0.299502
-0.57099
-0.488622
-0.496445
-0.393309
0.308562
-1.1695
-0.894554
-0.901883
0.20331
-0.769797
-0.607592
0.328421
0.0786353
0.4237
-1.0378
-0.532035
-0.220581
-1.55735
0.0249084
0.0606616
-0.0756597
-0.436331
0.299105
-0.666022
0.15381
-0.385858
0.0694605
-0.256338
0.455372
-0.862305
-0.328558
-0.612803
0.0396726
-0.587349
-0.168682
-0.853794
0.0146145
0.521302
0.0158229
-0.38814
0.500537
-0.763895
-0.330814
-0.694044
0.0496687
-0.53229
0.112642
-0.0876326
0.371229
-0.93785
0.816319
-0.0975687
-0.0168903
-0.0588572
-0.699224
-0.524429
-1.02693
-0.246903
-0.791975
0.264783
0.38076
0.142306
0.261064
-1.20956
-0.461715
-0.266777
-1.24869
0.116063
-0.947747
0.225643
0.390905
-0.469869
0.0273632
-0.804436
0.0171378
-1.09722
-0.228802
-0.0202149
-0.361581
-1.55297
-0.766494
-1.25293
-0.20554
0.340626
-0.832568
0.332435
0.313994
-0.138561
0.576889
-0.411568
-0.225837
-0.381578
-1.47963
-0.128245
0.0848667
0.17549
0.328794
0.0786893
0.120989
-0.612201
0.432677
-0.395963
-0.490769
0.388912
-0.180457
-0.831967
-0.662123
0.604061
-0.149375
-0.028297
0.0440551
0.0934715
0.349172
0.54241
-0.541481
0.15113
0.510194
0.615
-1.6879
-0.926706
0.249094
-0.335112
-0.27054
-0.947994
-0.0171162
-0.353709
-1.20475
0.261718
0.261351
0.281768
-0.011179
0.392112
0.127481
0.0151937
-0.0625905
-0.774481
-0.6841
-0.541901
-0.673981
0.100438
0.210612
0.262888
-0.834426
-1.00221
-0.387571
-1.03625
-0.460406
0.230317
-0.398608
-0.385435
-0.115119
0.0811446
-0.918426
0.323546
0.80942
-0.639608
-1.48268
0.316561
-0.0511464
0.396979
-1.00503
0.388893
-0.992535
-0.236268
0.430301
0.054824
0.0308366
-0.223585
-0.971336
-0.131468
-0.699481
0.144831
-0.383306
0.281606
-0.326935
-0.157585
0.0494378
-1.46306
-0.558727
0.455492
-1.15438
-0.476995
0.265782
-0.123967
-0.146736
-1.75937
-0.20821
0.143435
0.1092
-0.0393269
-0.436037
-0.903885
-0.557776
-0.923699
-0.0994969
0.541896
-0.913601
-0.966157
0.624425
0.441911
0.132414
0.532594
-0.853889
-1.31541
0.146116
0.534572
0.358382
-0.197962
-1.42153
-0.401784
-0.558552
-0.387442
-0.719492
-0.862379
-0.0573355
-0.6224
-1.09549
0.0673696
0.744146
0.0319291
0.304252
-0.572945
-0.138291
-0.351128
0.00651666
-0.121217
-0.268968
-1.34449
0.0703852
-0.644632
-0.226791
0.0493256
0.214122
-0.29105
-0.175773
0.0346326
-0.739409
0.202972
-1.19594
-1.27777
-0.155344
0.405609
-0.108087
-0.44613
0.250901
-0.131463
0.0966685
-0.318041
0.0569356
-0.402744
0.659032
-0.421631
0.426041
0.0947458
-0.06469
-0.469338
0.0977757
-0.914409
-0.49402
-0.477337
-0.229714
0.776557
-1.49669
-0.54742
0.26999
-0.23803
0.444565
0.321506
0.332992
-0.695054
-0.600606
0.270611
-0.465334
0.243091
-0.670634
0.222473
-0.320982
0.478618
-1.36225
-0.0303777
-2.06658
0.0531621
-1.10976
-1.0504
-0.211137
-0.92368
-0.593706
-0.0722511
-0.47384
0.182026
-0.332733
0.270905
0.436619
-0.419557
-0.696834
-0.124326
-0.163305
0.22822
-0.634022
0.70031
0.361335
0.400035
0.342109
-0.0272279
-0.12413
0.164423
-1.25831
0.0873732
0.0376881
-1.51142
0.639739
-0.46506
-0.734232
-0.924735
0.314123
0.406789
0.299206
0.347678
-0.347019
0.347009
-0.0590254
0.142264
0.150359
-0.27354
0.129308
0.0557275
-0.00390392
0.256484
-1.3833
0.459274
0.289471
-0.488815
0.450911
-1.23285
-0.440567
-0.871163
0.232166
-0.381099
0.44605
-0.0451753
-0.55448
-0.244584
0.395666
0.670498
0.123904
-0.170112
0.405781
0.727525
-1.14355
0.289226
-0.666263
-0.427529
0.0104037
-0.943963
-0.676439
-2.41589
-0.000462086
-0.590722
-0.930944
0.109745
-0.0479156
0.347266
-0.0338551
0.187727
-0.480534
0.208877
0.484749
0.0259008
0.229962
-0.149357
-0.302121
-0.138852
0.320971
-0.642049
0.387031
0.0386393
-0.546395
-1.41365
0.13836
0.455895
0.00894433
0.396501
-0.0975753
0.515438
-2.00571
0.426954
0.317048
-2.4469
-0.644024
0.336038
0.338042
-0.814989
-1.72187
0.367228
-0.0421843
-1.33793
0.196561
0.419265
-0.0403302
0.156798
0.226504
-0.536074
-0.131257
-0.308053
-1.15724
0.497393
-1.1633
-0.0731393
-0.814761
-0.717681
-0.915225
-1.64856
0.39492
0.135452
-0.543796
0.055188
-0.612291
-0.334954
-0.138178
0.0117412
0.0574517
0.760303
0.57202
-1.41212
-0.239594
0.744167
-0.641232
-0.444496
-1.72545
0.31008
-1.01916
0.397308
-0.740004
-0.046427
-0.333181
-1.253
0.140401
-0.0214252
-0.26513
0.223114
-0.984295
-2.78088
0.36254
0.281885
-0.701097
-0.33772
-0.926727
0.0246061
0.0656269
0.587327
0.366567
-0.711906
-0.253582
-1.50711
0.523068
-0.949732
