0
0
0
0
0
0
0
0
0
0
0
0
0
0
0
0
0
0
0
0
0
0
0
0
0
0
0
0
0
0
0
0
0
0
0
0
0
0
0
0
0
0
0
0
0
0
0
0
0
0
0
0
0
0
0
0
0
0
0
0
0
0
0
0
0
0
0
0
0
0
0
0
0
0
0
0
0
0
0
0
0
0
0
0
0
0
0
0
0
0
0
0
0
0
0
0
0
0
0
0
0
0
0
0
0
0
0
0
0
0
0
0
0
0
0
0
0
0
0
0
0
0
0
0
0
0
0
0
0
0
0
0
0
0
0
0
0
0
0
0
0
0
0
0
0
0
0
0
0
0
0
0
0
0
0
0
0
0
0
0
0
0
0
0
0
0
0
0
0
0
0
0
0
0
0
0
0
0
0
0
0
0
0
0
0
0
0
0
0
0
0
0
0
0
0
0
0
0
0
0
0
0
0
0
0
0
0
0
0
0
0
0
0
0
0
0
0
0
0
0
0
0
0
0
0
0
0
0
0
0
0
0
0
0
0
0
0
0
0
0
0
0
0
0
0
0
0
0
0
0
0
0
0
0
0
0
0
0
0
0
0
0
0
0
0
0
0
0
0
0
0
0
0
0
0
0
0
0
0
0
0
0
0
0
0
0
0
0
0
0
0
0
0
0
0
0
0
0
0
0
0
0
0
0
0
0
0
0
0
0
0
0
0
0
0
0
0
0
0
0
0
0
0
0
0
0
0
0
0
0
0
0
0
0
0
0
0
0
0
0
0
0
0
0
0
0
0
0
0
0
0
0
0
0
0
0
0
0
0
0
0
0
0
0
0
0
0
0
0
0
0
0
0
0
0
0
0
0
0
0
0
0
0
0
0
0
0
0
0
0
0
0
0
0
0
0
0
0
0
0
0
0
0
0
0
0
0
0
0
0
0
0
0
0
0
0
0
0
0
0
0
0
0
0
0
0
0
0
0
0
0
0
0
0
0
0
0
0
0
0
0
0
0
0
0
0
0
0
0
0
0
0
0
0
0
0
0
0
0
0
0
0
0
0
0
0
0
0
0
0
0
0
0
0
0
0
0
0
0
0
0
0
0
0
0
0
0
0
0
0
0
0
0
0
0
0
0
0
0
0
0
0
0
0
0
0
0
0
0
0
0
0
0
0
0
0
0
0
0
0
0
0
0
0
0
0
0
0
0
0
0
0
0
0
0
0
0
0
0
0
0
0
0
0
0
0
0
0
0
0
0
0
0
0
0
0
0
0
0
0
0
0
0
0
0
0
0
0
0
0
0
0
0
0
0
0
0
0
0
0
0
0
0
0
0
0
0
0
0
0
0
0
0
0
0
0
0
0
0
0
0
0
0
0
0
0
0
0
0
0
0
0
0
0
0
0
0
0
0
0
0
0
0
0
0
0
0
0
0
0
0
0
0
0
0
0
0
0
0
0
0
0
0
0
0
0
0
0
0
0
0
0
0
0
0
0
0
0
0
0
0
0
0
0
0
0
0
0
0
0
0
0
0
0
0
0
0
0
0
0
0
0
0
0
0
0
0
0
0
0
0
0
0
0
0
0
0
0
0
0
0
0
0
0
0
0
0
0
0
0
0
0
0
0
0
0
0
0
0
0
0
0
0
0
0
0
0
0
0
0
0
0
0
0
0
0
0
0
0
0
0
0
0
0
0
0
0
0
0
0
0
0
0
0
0
0
0
0
0
0
0
0
0
0
0
0
0
0
0
0
0
0
0
0
0
0
0
0
0
0
0
0
0
0
0
0
0
0
0
0
0
0
0
0
0
0
0
0
0
0
0
0
0
0
0
0
0
0
0
0
0
0
0
0
0
0
0
0
0
0
0
0
0
0
0
0
0
0
0
0
0
0
0
0
0
0
0
0
0
0
0
0
0
0
0
0
0
0
0
0
0
0
0
0
0
0
0
0
0
0
0
0
0
0
0
0
0
0
0
0
0
0
0
0
0
0
0
0
0
0
0
0
0
0
0
0
0
0
0
0
0
0
0
0
0
0
0
0
0
0
0
0
0
0
0
0
0
0
0
0
0
0
0
0
0
0
0
0
0
0
0
0
0
0
0
0
0
0
0
0
0
0
0
0
0
0
0
0
0
0
0
0
0
0
0
0
0
0
0
0
0
0
0
0
0
0
0
0
0
0
0
0
0
0
0
0
0
0
0
0
0
0
0
0
0
0
0
0
0
0
0
0
0
0
0
0
0
0
0
0
0
0
0
0
0
0
0
0
0
0
0
0
0
0
0
0
0
0
0
0
0
0
0
0
0
0
0
0
0
0
0
0
0
0
0
0
0
0
0
0
0
0
0
0
0
0
0
0
0
0
0
0
0
0
0
0
0
0
0
0
0
0
0
0
0
0
0
0
0
0
0
0
0
0
0
0
0
0
0
0
0
0
0
0
0
0
0
0
0
0
0
0
0
0
0
0
0
0
0
0
0
0
0
0
0
0
0
0
0
0
0
0
0
0
0
0
0
0
0
0
0
0
0
0
0
0
0
0
0
0
0
0
0
0
0
0
0
0
0
0
0
0
0
0
0
0
0
0
0
0
0
0
0
0
0
0
0
0
0
0
0
0
0
0
0
0
0
0
0
0
0
0
0
0
0
0
0
0
0
0
0
0
0
0
0
0
0
0
0
0
0
0
0
0
0
0
0
0
0
0
0
0
0
0
0
0
0
0
0
0
0
0
0
0
0
0
0
0
0
0
0
0
0
0
0
0
0
0
0
0
0
0
0
0
0
0
0
0
0
0
0
0
0
0
0
0
0
0
0
0
0
0
0
0
0
0
0
0
0
0
0
0
0
0
0
0
0
0
0
0
0
0
0
0
0
0
0
0
0
0
0
0
0
0
0
0
0
0
0
0
0
0
0
0
0
0
0
0
0
0
0
0
0
0
0
0
0
0
0
0
0
0
0
0
0
0
0
0
0
0
0
0
0
0
0
0
0
0
0
0
0
0
0
0
0
0
0
0
0
0
0
0
0
0
0
0
0
0
0
0
0
0
0
0
0
0
0
0
0
0
0
0
0
0
0
0
0
0
0
0
0
0
0
0
0
0
0
0
0
0
0
0
0
0
0
0
0
0
0
0
0
0
0
0
0
0
0
0
0
0
0
0
0
0
0
0
0
0
0
0
0
0
0
0
0
0
0
0
0
0
0
0
0
0
0
0
0
0
0
0
0
0
0
0
0
0
0
0
0
0
0
0
0
0
0
0
0
0
0
0
0
0
0
0
0
0
0
0
0
0
0
0
0
0
0
0
0
0
0
0
0
0
0
0
0
0
0
0
0
0
0
0
0
0
0
0
0
0
0
0
0
0
0
0
0
0
0
0
0
0
0
0
0
0
0
0
0
0
0
0
0
0
0
0
0
0
0
0
0
0
0
0
0
0
0
0
0
0
0
0
0
0
0
0
0
0
0
0
0
0
0
0
0
0
0
0
0
0
0
0
0
0
0
0
0
0
0
0
0
0
0
0
0
0
0
0
0
0
0
0
0
0
0
0
0
0
0
0
0
0
0
0
0
0
0
0
0
0
0
0
0
0
0
0
0
0
0
0
0
0
0
0
0
0
0
0
0
0
0
0
0
0
0
0
0
0
0
0
0
0
0
0
0
0
0
0
0
0
0
0
0
0
0
0
0
0
0
0
0
0
0
0
0
0
0
0
0
0
0
0
0
0
0
0
0
0
0
0
0
0
0
0
0
0
0
0
0
0
0
0
0
0
0
0
0
0
0
0
0
0
0
0
0
0
0
0
0
0
0
0
0
0
0
0
0
0
0
0
0
0
0
0
0
0
0
0
0
0
0
0
0
0
0
0
0
0
0
0
0
0
0
0
0
0
0
0
0
0
0
0
0
0
0
0
0
0
0
0
0
0
0
0
0
0
0
0
0
0
0
0
0
0
0
0
0
0
0
0
0
0
0
0
0
0
0
0
0
0
0
0
0
0
0
0
0
0
0
0
0
0
0
0
0
0
0
0
0
0
0
0
0
0
0
0
0
0
0
0
0
0
0
0
0
0
0
0
0
0
0
0
0
0
0
0
0
0
0
0
0
0
0
0
0
0
0
0
0
0
0
0
0
0
0
0
0
0
0
0
0
0
0
0
0
0
0
0
0
0
0
0
0
0
0
0
0
0
0
0
0
0
0
0
0
0
0
0
0
0
0
0
0
0
0
0
0
0
0
0
0
0
0
0
0
0
0
0
0
0
0
0
0
0
0
0
0
0
0
0
0
0
0
0
0
0
0
0
0
0
0
0
0
0
0
0
0
0
0
0
0
0
0
0
0
0
0
0
0
0
0
0
0
0
0
0
0
0
0
0
0
0
0
0
0
0
0
0
0
0
0
0
0
0
0
0
0
0
0
0
0
0
0
0
0
0
0
0
0
0
0
0
0
0
0
0
0
0
0
0
0
0
0
0
0
0
0
0
0
0
0
0
0
0
0
0
0
0
0
0
0
0
0
0
0
0
0
0
0
0
0
0
-1.10897
0.382298
0.219558
-0.129384
-1.3615
0.267554
-0.530159
0.769143
0.240576
-0.486389
0.0673806
-0.889071
-0.717005
0.0340907
0.232902
0.0170158
-0.364306
0.317022
-0.0127725
-0.506105
-1.84859
0.406527
0.578627
-0.85393
0.059636
0.29786
-1.51245
0.108499
0.141001
-0.00323766
-0.513399
0.244574
-0.0145777
-1.47558
0.609156
0.371251
0.285396
-0.130126
-0.59143
-0.374445
0.0176997
-1.0592
-0.159997
0.301522
0.0862828
0.126565
0.316572
-1.0556
-1.04272
0.312875
-0.855921
-0.227663
0.246258
-0.785525
-0.878581
0.595337
-0.546439
-0.914581
-0.0288587
-0.221662
0.166433
0.600832
0.133535
-0.979579
0.167645
-0.00886601
0.709518
0.385804
-1.06504
-0.11924
-0.841922
-0.600091
-0.0970685
0.315031
0.274866
0.132632
-2.46408
-0.327328
-0.122795
0.305456
-0.300742
-0.275548
0.00922037
-0.746206
0.382592
-0.473219
-0.465118
-0.480394
0.33229
0.188608
-1.28401
0.0251527
0.130494
-0.347699
-0.215346
0.733894
0.171554
-0.576905
-0.539196
0.530599
-0.58701
-0.673683
-1.31678
0.19725
-0.503179
-0.940825
-1.61457
-2.18806
-0.7152
0.242764
-0.0361312
-0.462914
0.249158
0.252833
-0.3629
0.0983376
0.120062
-0.996696
-0.58788
0.443854
0.185883
0.161843
-0.164218
-0.0915256
-0.473092
0.0721398
0.565064
-0.191139
0.697442
-0.553742
-0.269094
0.208242
-0.817237
-0.385233
-0.869493
-0.351747
-0.921266
-0.208411
0.654049
-0.844565
0.0435072
-2.02216
0.016593
-0.233157
-0.327613
-1.08452
0.117338
-0.299849
0.341211
-1.02855
0.249707
0.519537
0.466662
-0.457394
-0.137901
-1.1815
-0.154173
0.166359
-0.866978
0.460368
0.27382
0.37865
0.122464
-1.27432
0.327436
-0.367961
-1.34478
-1.43352
0.250484
-0.365392
-0.7045
0.232525
0.213396
0.561294
0.541156
-0.0129031
0.283078
0.306752
-0.872849
-0.50841
-0.155764
0.550921
0.5488
0.0829416
-0.683843
0.539743
0.274754
-0.151434
0.246094
-0.803609
0.326114
0.0152068
-1.16649
0.182496
0.687574
0.493228
-0.482682
-0.550191
0.0867063
0.453634
-1.12091
0.0360741
0.617282
0.369844
-0.587377
0.229525
0.111698
-0.947809
-1.17473
-2.20048
-0.734554
-0.311546
-0.956947
-1.13566
-0.182263
-0.869197
-1.09561
-0.335444
-0.123607
-0.421615
-0.704567
0.468543
-1.46731
-0.406192
-0.150616
-0.443924
-0.108655
-0.23936
-0.66199
0.728375
-1.34974
-0.890703
0.795728
-0.510959
0.384036
0.249619
-0.20316
-0.765393
-0.478103
-0.673826
-1.13239
-0.405369
-0.0666186
0.295971
-0.0736134
0.151303
-0.542376
-0.136911
-0.404788
-0.455711
0.247696
-0.532226
0.587353
0.548704
-0.304578
-2.36836
-0.247621
0.00105904
-1.40892
-1.11583
-0.981431
-0.858692
0.0338194
0.631717
-1.47213
-0.848912
-1.58843
0.416731
0.16018
-0.482004
-0.0144995
0.0880252
0.238084
0.423178
0.0121592
-2.16833
-0.288923
-0.409436
-0.0150345
0.0070255
-0.335588
-0.130641
0.314388
0.0554085
-0.496693
-0.334374
-0.329173
-1.36916
-0.0590388
-0.781256
0.138612
0.656268
-0.832673
0.0877347
-0.778183
0.366551
0.560168
-2.09428
-2.47057
0.158273
-0.97438
-0.506068
-0.165717
-0.04127
-1.66627
0.0818596
-0.639384
-0.263643
0.642037
-1.1859
-0.891499
-0.762707
0.792283
-1.6644
-1.08603
0.0851809
-0.443929
-1.76685
0.471478
-0.672324
0.479635
0.00609945
0.421337
0.00354319
0.678187
-0.393466
0.237492
-1.68818
0.289259
0.07491
-1.71143
0.0262685
0.517153
-0.662117
-0.119585
-0.329215
-0.0979508
0.334013
-0.973438
-3.25278
-3.23635
-0.585251
0.697963
0.153143
-0.67773
-0.425494
0.359184
-0.630529
-0.226247
0.412191
-1.28383
0.304958
0.1004
-0.18997
0.186978
0.384965
-0.922928
0.150057
-0.755598
-0.493092
-1.04944
0.243389
-1.13261
0.431619
-1.2339
-0.414659
0.164073
0.255352
-1.45662
-0.184926
-0.19752
-0.904714
0.421741
-0.368041
0.480233
-2.3476
0.719399
-0.551448
0.237314
-1.63157
0.447034
-0.862529
-1.44723
-0.517943
0.2424
-0.254807
-0.104105
-0.767084
0.252576
-0.897262
-0.453276
-1.03839
0.442737
0.789254
-0.502449
-0.0807796
0.290504
-1.38211
-0.130781
0.384613
-1.09174
-0.509709
-2.22944
0.579064
-1.3486
0.58582
-1.23453
-0.992256
-1.29446
-1.23467
-0.00690901
-0.627619
-0.49614
-0.284103
-0.266568
0.922981
-0.603798
-0.442363
0.578009
-0.579604
-0.581488
-0.651106
-1.27226
-1.92816
-1.36853
-0.684683
0.556027
0.083313
0.2783
-0.625017
-0.74893
-0.673144
-0.447461
-1.12041
-0.893256
0.360195
0.0988367
-0.296007
-1.57836
-1.07202
0.426064
0.528608
-0.267375
-0.655275
0.398055
-1.48325
0.0167035
-1.26433
0.0558923
-0.898146
0.0672771
0.119016
0.5606
0.580206
-1.91637
0.367688
-0.0456368
-0.863828
-0.0839193
-0.215203
0.0131966
0.542819
0.258372
-0.102464
-0.857334
0.279923
-0.434897
-0.363737
-0.943047
-0.397948
-0.0165867
0.182291
-0.894136
-0.309821
-0.825866
0.785502
-1.67974
-1.00351
0.529764
0.110408
-1.13063
0.293826
-0.078675
-0.215568
-0.163201
-0.829978
0.24409
0.348454
0.372303
-1.00309
-0.484425
-0.571063
0.51348
-0.138806
0.211733
-0.124044
-0.60917
0.345173
-0.444326
0.0169976
-1.10486
-2.01805
-1.48212
0.239149
-0.485704
-0.992895
-0.246182
-0.58052
-1.23568
0.262056
-0.122378
0.305858
-0.040932
0.00930527
-0.209109
-0.212167
-0.122286
0.380523
-1.0817
-0.461335
0.396933
-2.42159
-1.21963
-0.250545
-0.433666
0.467286
-1.54626
0.322115
-0.126493
-0.0559643
0.394798
-0.479642
0.30576
0.310184
-0.0771787
-0.145098
0.337383
0.0786816
-1.19271
-0.254127
-0.598901
-1.47767
0.181514
-0.754478
0.194537
0.615902
0.140186
-1.05583
0.47189
-0.574099
-1.38848
-1.31124
-0.491876
-0.0599747
0.213496
0.247892
0.155936
0.118646
-1.83277
-1.06857
-0.28159
0.317523
-1.94453
-1.55931
0.418471
-0.47842
-0.0490247
-0.822925
-0.547361
0.390463
-1.37718
-2.59728
-0.190458
0.295695
-1.23962
0.317731
-0.813125
-1.06599
0.145129
0.0724771
0.146432
-0.0150587
-1.07934
-0.753165
-1.57639
-1.27183
-0.590424
0.223726
0.387939
-0.778886
-0.818472
-1.01886
-0.14507
0.236045
0.33027
-0.0589863
-0.736856
-0.471114
-0.337829
0.0369716
-1.5124
0.128034
-0.996159
0.373425
-1.22507
-0.223864
-2.08171
0.372665
-0.445373
-2.09266
0.317707
0.200833
0.487436
-2.26147
0.489361
0.372677
-0.461214
-0.0278586
-0.177276
-0.627348
-0.199288
-0.788695
-0.500283
-1.79223
0.0393032
-1.29
-1.21985
0.548422
-1.3667
-0.285104
0.150571
-1.24048
-0.646689
-1.0018
-1.72021
0.540701
-0.0251579
-0.413275
0.0971459
-0.00319617
0.272413
0.0379662
0.108534
-0.174474
-0.841376
-0.404857
0.0406981
-0.308123
-0.555009
-0.401084
-1.53103
0.128599
-0.361177
0.00896065
-0.578434
0.104024
0.403921
-0.630074
-0.725029
-1.35267
0.223152
-1.03276
-0.28907
-0.744554
-0.89566
-0.268777
-1.43602
0.0579683
0.523544
0.361886
-0.482945
-0.179981
0.583489
-0.632123
0.350719
-0.189015
0.663872
0.507994
-0.951365
0.627443
0.672478
-1.98169
-0.94522
-1.99153
0.374854
-0.602302
-0.233614
0.468866
-0.755695
-0.215605
-0.310643
-0.974112
0.43396
-0.208262
0.46248
-2.44276
0.0822021
-1.05014
-0.0623576
-0.334389
-1.92765
0.428093
0.630935
0.0899353
-0.718776
0.314618
0.392974
0.0290438
-0.302449
-0.0401635
-0.815818
-2.17258
-0.140525
-1.41593
0.345127
-1.03982
-1.19781
-0.0246217
0.332545
-0.761612
0.22738
-0.0210954
-1.05462
0.344174
-0.319817
-0.550772
-0.101558
-0.892902
-0.0805699
-0.100381
0.523253
-1.46355
-0.313146
-0.84381
-0.886744
-0.339286
0.197817
-0.406877
0.265458
0.211847
-0.588467
-0.15018
0.233392
-1.4735
0.699638
-0.469002
-0.168229
-0.583706
-1.73885
-1.85529
-0.327733
-1.28197
-0.695166
0.0889938
-0.129687
0.397522
0.459912
0.112841
0.100578
-0.623751
0.0316897
0.127611
0.121084
-1.22145
-0.78037
0.435732
-0.133147
-0.0473405
-0.834319
0.452409
-0.15445
-1.52521
0.531322
-0.0714611
0.368723
-0.191374
0.0685611
-0.168167
0.203605
0.173066
-0.809795
-0.340842
-0.464031
0.470085
0.521225
-1.55879
-1.20888
0.146339
0.627827
-0.409459
0.298695
-0.571356
0.0722526
0.346358
0.212712
-0.324756
-0.769286
-1.93278
-1.47459
-0.611082
-0.309587
0.564174
0.190585
0.18399
-0.258818
-0.492199
0.199736
-1.1476
-1.3539
0.252177
0.162173
-1.74716
0.392213
-0.387859
-0.935112
-0.688792
-0.654209
-0.0200523
0.477535
-0.017204
0.126076
-0.0916532
-1.57024
-1.75678
0.21682
0.28005
0.261577
-1.58351
-0.818834
-0.337641
-1.15134
-0.684745
-0.869768
-0.233235
-1.09043
0.158842
0.264834
-0.740904
0.482761
0.377083
0.471395
-0.20562
0.19011
-0.993027
0.367466
0.53916
0.46722
-0.654557
-0.39414
-0.823208
-0.296373
-0.976826
-1.29932
-1.67059
0.208393
-0.00458249
-0.878917
-1.56969
0.186342
0.158845
-1.25503
-1.20155
0.523216
-0.480734
0.652838
-0.660065
-1.51266
-0.27075
-1.08831
0.0671629
-0.00823558
-0.907691
0.406254
-0.765458
-0.0134485
-1.11173
-0.830959
-0.864038
-0.421664
-2.22847
0.733088
-0.644852
0.335877
-0.802256
-0.289224
-1.33167
-0.172909
0.0931355
0.0630139
-1.0109
-0.158962
0.196115
-0.15451
-1.08832
0.245052
-0.264764
-0.724326
-1.42935
-1.25008
-0.357189
-1.49965
-1.07763
0.518017
-1.48489
0.673285
0.0271914
-0.139632
-1.06049
-1.6369
-0.771256
-0.302578
0.600121
0.549241
-1.20603
-1.33068
-0.0990635
-0.333371
0.0521288
-0.168644
-0.335445
0.230309
0.412321
-0.937986
-0.174528
0.0699515
-0.646024
-1.0807
-1.81899
0.260045
-0.428975
-0.091735
-0.367784
0.420919
0.58182
0.460396
-0.61991
0.182253
-0.426701
0.701664
0.435572
-0.572602
0.277061
-0.646469
-1.71809
-0.00822926
0.446521
-0.0674276
0.133239
-0.280546
0.0109131
0.321321
0.726775
-0.551438
0.11404
-0.975513
-0.0249805
-0.123119
-0.0416171
-0.588442
0.0594262
-0.0432484
0.160446
-0.539302
-0.395654
0.369937
-1.45719
-0.00480687
-0.0367003
-0.253099
0.322257
0.103997
-0.992932
-0.0330857
0.559632
0.457407
-0.27585
-0.531844
-0.29336
-0.402956
0.00321181
-0.617897
0.285036
-1.83479
-1.49383
0.148037
-1.59582
0.319034
0.139979
0.42473
0.363223
-0.361267
0.0165358
-0.0683983
-0.539809
-0.324262
0.0477105
0.484878
-0.526468
-1.15516
-2.39256
0.574545
0.471179
-0.548415
-0.794796
-0.332609
-0.222127
-1.18145
-0.418603
-0.473942
0.075842
-0.519835
-0.183689
-0.384244
0.0417834
-1.10482
-1.20459
-0.0355276
-0.15595
0.00218911
0.331217
-0.27864
0.0252585
0.586245
0.426696
0.0861701
0.569236
-0.638107
-1.05655
0.263051
-0.0267385
0.536994
0.323043
-0.948676
-0.705448
-0.439861
-0.56792
-0.432801
0.0764796
0.431349
-0.830524
0.366067
0.179165
-0.0385565
-0.552168
0.396035
-1.08274
0.0310512
-0.00331954
-0.293871
-0.0402962
-0.564414
0.0417025
-0.0826617
0.194701
0.0826991
-0.245868
-0.915671
-0.18473
-1.92977
0.274424
0.308504
-1.16157
-0.177489
0.00865807
-0.220484
0.248015
-1.64263
0.257592
-0.412611
-0.633407
-0.486581
-0.0504839
-0.771483
0.51183
-0.412956
-0.107786
0.551046
0.315722
-0.181703
-0.031158
0.0923922
-0.905469
-0.437791
-1.1795
-0.262712
-0.671511
0.247582
0.611618
0.434821
-0.71817
-0.183819
-0.394682
0.256261
-0.604282
-0.150293
-0.016552
-0.143349
0.228404
0.0850505
-1.40539
-0.745748
-0.045125
0.59049
-0.884207
0.363438
0.0123961
0.244935
0.252081
-0.67691
0.35815
-1.89895
0.534885
-0.237157
-0.620024
-1.15419
-0.0524087
-0.901277
-1.1728
-0.785376
0.326078
0.108787
-0.879978
-0.674135
-0.0152455
-1.88918
-0.562417
0.600225
0.403182
-0.517952
-1.24022
0.380572
-0.316976
-0.770998
-0.462688
-0.00102506
0.0858391
-1.65888
0.272406
-0.0955097
-0.750284
-0.347432
0.18516
-0.160965
0.216004
-1.485
0.440352
0.25218
0.0176848
0.565359
-1.83192
-0.48535
-0.740269
0.11791
-0.38833
0.259468
-0.554971
-0.137926
-1.11187
0.271779
0.254426
0.293163
-0.284195
-0.133518
-0.439705
0.302417
-0.851485
0.255052
0.488173
0.471089
0.393673
0.309955
0.711263
-1.47701
-0.229548
0.0725587
-1.40582
-0.224036
-0.201528
-0.0174108
0.229159
-0.0213411
0.0532948
-0.0210959
-0.363959
0.127865
-0.222135
-0.290136
-0.312216
-0.577763
-0.689423
0.135633
-0.566624
-1.0353
0.00546437
0.325187
0.215672
-0.328052
-0.168262
0.276275
-0.364627
-0.797925
0.263414
-1.05359
-0.0859798
-0.857506
-1.7698
-1.32775
-0.300422
-0.297357
-0.100262
0.577016
0.229914
0.125739
0.024322
-0.722337
-0.496368
-0.111548
0.0682042
0.0333272
-0.330059
0.203486
-1.21887
-1.59546
-0.67598
-0.0783562
-0.733515
-0.739148
-1.36836
0.484488
0.280866
-1.0699
-0.535894
-0.0941552
-0.940149
-1.3014
-0.230019
-0.979678
0.214973
0.317139
-0.910252
-0.502099
0.434324
0.412713
0.530074
0.680601
-2.44257
-0.414423
0.0220189
-1.64034
-0.00776252
-1.81057
-0.258021
-0.234931
-0.883885
0.334765
0.220279
0.583792
-0.139342
-0.410089
0.165818
0.356717
-0.721541
-0.987328
-2.32995
-0.115615
-0.273676
-0.977742
-0.212039
0.286938
-0.105539
-0.270038
-0.233643
0.198705
0.37022
-0.0309252
-1.53555
0.439209
-0.375645
0.431447
0.34726
-0.0879062
-0.486869
0.202775
0.421589
-0.525504
-0.970751
-0.499559
-1.20814
0.10489
0.41065
-0.532316
0.699219
0.0849095
-0.411924
0.0665289
0.0483703
-0.365759
-0.636446
0.244606
0.21073
-1.12581
-0.305938
-0.352598
0.00277229
0.672515
-0.191219
0.163423
-0.628344
-2.21254
-0.508001
0.540013
-0.101119
-0.944866
-0.152227
-0.125881
-0.0662951
-0.201304
-1.03873
-0.406454
0.448616
-0.441982
-0.799656
0.100517
-0.675479
-1.24249
-0.484562
-0.0114141
-0.120239
-0.538013
0.291096
-0.904774
-0.120128
-0.344537
0.325063
0.0791505
-0.257768
-0.0112527
0.204273
0.36775
-0.718201
0.0915616
-3.53915
0.419675
0.0728782
-2.17064
-0.0152814
0.687984
0.40216
-0.0585806
0.33395
0.512189
-0.108439
-0.955196
-0.0501371
0.0512353
-0.126464
-1.63355
-2.07227
0.245473
0.282352
0.236792
-0.72958
-0.0457759
-0.2403
0.414583
-0.609727
-0.127908
-0.156565
-0.189141
-0.976382
0.261103
0.186336
0.383227
-0.326603
-1.67282
0.416021
-0.34374
0.267469
-0.0269822
0.0568271
0.570311
-0.11401
0.259746
-0.00847175
0.215067
-1.4883
-0.468274
-1.44039
-0.175036
-0.391755
0.398201
-0.187272
-0.381126
-0.11545
-0.908317
0.00493693
0.00546928
-0.27927
0.0844343
-0.715257
-0.265566
-0.843472
-0.240582
0.271536
-0.65419
0.467796
0.0527351
-0.605578
-0.625477
0.10327
0.207279
-0.0980727
-0.308091
0.164778
-1.13423
-0.722839
-0.13061
0.074539
0.50012
0.0539969
0.148638
-0.26964
0.385909
-0.161236
-1.12559
0.183122
-0.333286
-0.584747
0.160732
-0.226265
0.589657
0.408322
0.422056
0.213311
-1.60238
0.0905642
-1.05395
-0.570984
-0.321464
-0.641506
-0.685104
-0.0547242
-0.713974
-1.49807
-0.071262
-0.225472
-2.07293
-0.348866
-0.521664
-0.707712
0.55592
-0.728567
0.213984
0.152763
-1.09869
-0.576389
0.427384
0.461206
0.179311
0.165578
-0.332539
-1.39981
0.19497
0.300168
-0.0302506
-1.44225
-0.227851
-0.204731
0.266228
0.455024
0.0984239
0.508567
-0.128834
-0.630518
-0.312253
0.372236
0.27206
-2.77523
-0.587393
0.433882
-0.391024
-0.0653757
-0.0355492
-0.19583
0.487758
-0.111482
0.000775982
-0.043949
0.205348
-1.00603
0.370671
0.579895
0.446527
0.459176
-1.15217
-1.68578
-0.513941
0.396004
0.111161
-0.464241
0.348081
0.32841
0.0634259
0.529368
0.00371857
-0.0109043
0.609186
-1.4936
-0.336051
0.0821676
-0.931024
-0.569158
-0.878423
-1.00307
-0.219435
0.31285
-0.994659
-0.561527
-0.400471
-0.0119058
-0.766428
0.568945
-0.113135
0.284327
-1.92144
-0.728649
0.222961
-1.08681
-0.737844
-0.192741
0.0401308
-0.60459
0.481129
0.0844442
-0.0410671
-0.0162238
-0.838116
-1.25469
0.0697566
0.150962
0.147368
-0.374974
-0.900153
0.253212
-0.584776
-0.665357
-0.480632
-0.488225
0.289159
-1.19043
-0.992654
-0.980762
0.0296963
-0.659094
-0.649817
0.306258
-0.00591334
0.419915
-0.964376
-0.477611
-0.204911
-1.59992
0.00102942
0.0146499
-0.103848
-0.404044
0.245872
-0.771083
0.158473
-0.492445
0.089192
-0.146031
0.487167
-0.89623
-0.270642
-0.401241
-0.0141884
-0.522627
-0.128816
-0.890267
0.0052838
0.546583
0.0525207
-0.449025
0.498257
-0.879662
-0.390089
-0.758264
0.115318
-0.641012
0.132323
-0.0111145
0.33811
-0.992744
0.776893
-0.0829088
0.0193033
-0.0333663
-0.760796
-0.64569
-0.965958
-0.379697
-0.717264
0.285063
0.387368
0.199206
0.220949
-1.21978
-0.352786
-0.382509
-1.30582
0.12071
-0.96119
0.190433
0.381396
-0.499286
0.0151425
-0.71206
0.00712732
-1.02676
-0.120989
-0.00426982
-0.236818
-1.64677
-0.703719
-1.24008
-0.264536
0.275708
-1.0409
0.238895
0.234413
-0.143023
0.493999
-0.360187
-0.219437
-0.304304
-1.48985
-0.272335
0.0849461
0.0981024
0.290229
0.131007
0.132113
-0.599393
0.478014
-0.524095
-0.538545
0.356064
-0.110725
-0.855622
-0.766305
0.613921
-0.131704
-0.0254412
0.0194382
0.151846
0.339152
0.531093
-0.594139
0.171924
0.538529
0.605335
-1.78299
-0.964976
0.272357
-0.404947
-0.330486
-0.767155
0.00260814
-0.450164
-1.08602
0.333115
0.235115
0.31818
0.0388185
0.424845
0.0861394
0.0730793
-0.0851846
-0.998006
-0.649675
-0.595543
-0.638067
0.0705017
0.183347
0.22798
-0.95024
-1.03047
-0.273955
-1.14157
-0.520924
0.175157
-0.405481
-0.594582
-0.102136
0.0673287
-0.967225
0.290015
0.821669
-0.647582
-1.37514
0.335305
0.0440978
0.378205
-1.01966
0.366649
-0.881866
-0.329327
0.375361
-0.0284201
0.0819594
-0.202774
-1.0747
-0.0502344
-0.827727
0.12821
-0.28394
0.359061
-0.363615
-0.10148
0.0198647
-1.69116
-0.471744
0.469583
-1.10055
-0.367083
0.300908
-0.0890014
0.096433
-1.56926
-0.258868
0.198313
0.137362
-0.0332148
-0.34649
-0.671901
-0.677594
-0.844528
0.035003
0.579478
-0.787113
-1.03754
0.583328
0.507528
0.0874152
0.483756
-0.773956
-1.57304
-0.0566867
0.534817
0.353125
-0.0805524
-1.39716
-0.269197
-0.513356
-0.246163
-0.549844
-0.720004
-0.0163612
-0.498746
-1.09134
0.0418171
0.78016
0.112673
0.29353
-0.617222
-0.136338
-0.293728
0.109432
-0.131282
-0.399191
-1.5192
0.0863876
-0.633329
-0.365593
0.0795739
0.21607
-0.192221
-0.185672
-0.0237308
-0.616585
0.183327
-1.15937
-1.28234
-0.0810483
0.395478
0.00424218
-0.374066
0.286606
-0.163187
0.0187046
-0.344153
0.166279
-0.450152
0.637437
-0.336595
0.479446
0.0838797
-0.0109994
-0.339505
0.170876
-0.937971
-0.369229
-0.418589
-0.249583
0.740426
-1.59067
-0.65246
0.224665
-0.207136
0.425453
0.318554
0.331219
-0.870309
-0.611872
0.258757
-0.36247
0.306443
-0.617951
0.262428
-0.440862
0.514828
-1.51587
0.00053356
-2.24879
-0.0046028
-1.06298
-0.940667
-0.174351
-0.820015
-0.542765
0.0146301
-0.476254
0.181134
-0.321038
0.387964
0.405265
-0.600937
-0.648685
-0.0262124
-0.16484
0.182813
-0.739741
0.712379
0.386491
0.412317
0.406277
0.0239433
-0.0741889
0.213368
-1.14377
0.195713
-0.00136753
-1.47343
0.625718
-0.44444
-0.668511
-1.07701
0.29242
0.434874
0.366651
0.348863
-0.301487
0.297294
-0.128954
0.166256
0.204609
-0.285114
0.292797
-0.0144131
-0.00285138
0.239101
-1.27881
0.431213
0.316909
-0.468383
0.454183
-1.12707
-0.343192
-0.95563
0.221235
-0.293753
0.482795
0.054066
-0.374333
-0.392374
0.394191
0.721265
0.0572032
-0.150015
0.384683
0.659908
-1.33446
0.288581
-0.593547
-0.438977
-0.0478161
-1.02839
-0.754267
-2.22182
-0.0411189
-0.46135
-0.865541
0.0977911
-0.0314865
0.364093
-0.0432099
0.204917
-0.43417
0.15499
0.379676
0.0619532
0.234245
-0.206253
-0.326112
-0.0784091
0.339073
-0.603554
0.414108
0.00507396
-0.577845
-1.29137
0.142447
0.437874
-0.0397106
0.410619
-0.0683696
0.518164
-1.87219
0.414654
0.254119
-2.48197
-0.485487
0.305839
0.354308
-0.988545
-1.60702
0.400017
0.0106959
-1.27968
0.335301
0.406002
-0.126779
0.237824
0.188846
-0.461908
-0.192906
-0.308404
-1.18396
0.50732
-1.35648
-0.139027
-0.949736
-0.698052
-0.998063
-1.64139
0.397871
0.114111
-0.53173
0.0574921
-0.677883
-0.501192
-0.272193
-0.0319965
-0.171952
0.743119
0.536523
-1.42724
-0.180697
0.715673
-0.671058
-0.466864
-1.71209
0.288965
-1.05485
0.322331
-0.607437
-0.0981526
-0.413067
-1.11778
0.182501
-0.0133753
-0.262312
0.0370258
-0.920958
-2.63351
0.39046
0.261732
-0.71967
-0.464642
-0.854454
-0.0380141
0.0560492
0.573246
0.344511
-0.681064
-0.18806
-1.44362
0.542796
-0.839774
