0
0
0
0
0
0
0
0
0
0
0
0
0
0
0
0
0
0
0
0
0
0
0
0
0
0
0
0
0
0
0
0
0
0
0
0
0
0
0
0
0
0
0
0
0
0
0
0
0
0
0
0
0
0
0
0
0
0
0
0
0
0
0
0
0
0
0
0
0
0
0
0
0
0
0
0
0
0
0
0
0
0
0
0
0
0
0
0
0
0
0
0
0
0
0
0
0
0
0
0
0
0
0
0
0
0
0
0
0
0
0
0
0
0
0
0
0
0
0
0
0
0
0
0
0
0
0
0
0
0
0
0
0
0
0
0
0
0
0
0
0
0
0
0
0
0
0
0
0
0
0
0
0
0
0
0
0
0
0
0
0
0
0
0
0
0
0
0
0
0
0
0
0
0
0
0
0
0
0
0
0
0
0
0
0
0
0
0
0
0
0
0
0
0
0
0
0
0
0
0
0
0
0
0
0
0
0
0
0
0
0
0
0
0
0
0
0
0
0
0
0
0
0
0
0
0
0
0
0
0
0
0
0
0
0
0
0
0
0
0
0
0
0
0
0
0
0
0
0
0
0
0
0
0
0
0
0
0
0
0
0
0
0
0
0
0
0
0
0
0
0
0
0
0
0
0
0
0
0
0
0
0
0
0
0
0
0
0
0
0
0
0
0
0
0
0
0
0
0
0
0
0
0
0
0
0
0
0
0
0
0
0
0
0
0
0
0
0
0
0
0
0
0
0
0
0
0
0
0
0
0
0
0
0
0
0
0
0
0
0
0
0
0
0
0
0
0
0
0
0
0
0
0
0
0
0
0
0
0
0
0
0
0
0
0
0
0
0
0
0
0
0
0
0
0
0
0
0
0
0
0
0
0
0
0
0
0
0
0
0
0
0
0
0
0
0
0
0
0
0
0
0
0
0
0
0
0
0
0
0
0
0
0
0
0
0
0
0
0
0
0
0
0
0
0
0
0
0
0
0
0
0
0
0
0
0
0
0
0
0
0
0
0
0
0
0
0
0
0
0
0
0
0
0
0
0
0
0
0
0
0
0
0
0
0
0
0
0
0
0
0
0
0
0
0
0
0
0
0
0
0
0
0
0
0
0
0
0
0
0
0
0
0
0
0
0
0
0
0
0
0
0
0
0
0
0
0
0
0
0
0
0
0
0
0
0
0
0
0
0
0
0
0
0
0
0
0
0
0
0
0
0
0
0
0
0
0
0
0
0
0
0
0
0
0
0
0
0
0
0
0
0
0
0
0
0
0
0
0
0
0
0
0
0
0
0
0
0
0
0
0
0
0
0
0
0
0
0
0
0
0
0
0
0
0
0
0
0
0
0
0
0
0
0
0
0
0
0
0
0
0
0
0
0
0
0
0
0
0
0
0
0
0
0
0
0
0
0
0
0
0
0
0
0
0
0
0
0
0
0
0
0
0
0
0
0
0
0
0
0
0
0
0
0
0
0
0
0
0
0
0
0
0
0
0
0
0
0
0
0
0
0
0
0
0
0
0
0
0
0
0
0
0
0
0
0
0
0
0
0
0
0
0
0
0
0
0
0
0
0
0
0
0
0
0
0
0
0
0
0
0
0
0
0
0
0
0
0
0
0
0
0
0
0
0
0
0
0
0
0
0
0
0
0
0
0
0
0
0
0
0
0
0
0
0
0
0
0
0
0
0
0
0
0
0
0
0
0
0
0
0
0
0
0
0
0
0
0
0
0
0
0
0
0
0
0
0
0
0
0
0
0
0
0
0
0
0
0
0
0
0
0
0
0
0
0
0
0
0
0
0
0
0
0
0
0
0
0
0
0
0
0
0
0
0
0
0
0
0
0
0
0
0
0
0
0
0
0
0
0
0
0
0
0
0
0
0
0
0
0
0
0
0
0
0
0
0
0
0
0
0
0
0
0
0
0
0
0
0
0
0
0
0
0
0
0
0
0
0
0
0
0
0
0
0
0
0
0
0
0
0
0
0
0
0
0
0
0
0
0
0
0
0
0
0
0
0
0
0
0
0
0
0
0
0
0
0
0
0
0
0
0
0
0
0
0
0
0
0
0
0
0
0
0
0
0
0
0
0
0
0
0
0
0
0
0
0
0
0
0
0
0
0
0
0
0
0
0
0
0
0
0
0
0
0
0
0
0
0
0
0
0
0
0
0
0
0
0
0
0
0
0
0
0
0
0
0
0
0
0
0
0
0
0
0
0
0
0
0
0
0
0
0
0
0
0
0
0
0
0
0
0
0
0
0
0
0
0
0
0
0
0
0
0
0
0
0
0
0
0
0
0
0
0
0
0
0
0
0
0
0
0
0
0
0
0
0
0
0
0
0
0
0
0
0
0
0
0
0
0
0
0
0
0
0
0
0
0
0
0
0
0
0
0
0
0
0
0
0
0
0
0
0
0
0
0
0
0
0
0
0
0
0
0
0
0
0
0
0
0
0
0
0
0
0
0
0
0
0
0
0
0
0
0
0
0
0
0
0
0
0
0
0
0
0
0
0
0
0
0
0
0
0
0
0
0
0
0
0
0
0
0
0
0
0
0
0
0
0
0
0
0
0
0
0
0
0
0
0
0
0
0
0
0
0
0
0
0
0
0
0
0
0
0
0
0
0
0
0
0
0
0
0
0
0
0
0
0
0
0
0
0
0
0
0
0
0
0
0
0
0
0
0
0
0
0
0
0
0
0
0
0
0
0
0
0
0
0
0
0
0
0
0
0
0
0
0
0
0
0
0
0
0
0
0
0
0
0
0
0
0
0
0
0
0
0
0
0
0
0
0
0
0
0
0
0
0
0
0
0
0
0
0
0
0
0
0
0
0
0
0
0
0
0
0
0
0
0
0
0
0
0
0
0
0
0
0
0
0
0
0
0
0
0
0
0
0
0
0
0
0
0
0
0
0
0
0
0
0
0
0
0
0
0
0
0
0
0
0
0
0
0
0
0
0
0
0
0
0
0
0
0
0
0
0
0
0
0
0
0
0
0
0
0
0
0
0
0
0
0
0
0
0
0
0
0
0
0
0
0
0
0
0
0
0
0
0
0
0
0
0
0
0
0
0
0
0
0
0
0
0
0
0
0
0
0
0
0
0
0
0
0
0
0
0
0
0
0
0
0
0
0
0
0
0
0
0
0
0
0
0
0
0
0
0
0
0
0
0
0
0
0
0
0
0
0
0
0
0
0
0
0
0
0
0
0
0
0
0
0
0
0
0
0
0
0
0
0
0
0
0
0
0
0
0
0
0
0
0
0
0
0
0
0
0
0
0
0
0
0
0
0
0
0
0
0
0
0
0
0
0
0
0
0
0
0
0
0
0
0
0
0
0
0
0
0
0
0
0
0
0
0
0
0
0
0
0
0
0
0
0
0
0
0
0
0
0
0
0
0
0
0
0
0
0
0
0
0
0
0
0
0
0
0
0
0
0
0
0
0
0
0
0
0
0
0
0
0
0
0
0
0
0
0
0
0
0
0
0
0
0
0
0
0
0
0
0
0
0
0
0
0
0
0
0
0
0
0
0
0
0
0
0
0
0
0
0
0
0
0
0
0
0
0
0
0
0
0
0
0
0
0
0
0
0
0
0
0
0
0
0
0
0
0
0
0
0
0
0
0
0
0
0
0
0
0
0
0
0
0
0
0
0
0
0
0
0
0
0
0
0
0
0
0
0
0
0
0
0
0
0
0
0
0
0
0
0
0
0
0
0
0
0
0
0
0
0
0
0
0
0
0
0
0
0
0
0
0
0
0
0
0
0
0
0
0
0
0
0
0
0
0
0
0
0
0
0
0
0
0
0
0
0
0
0
0
0
0
0
0
0
0
0
0
0
0
0
0
0
0
0
0
0
0
0
0
0
0
0
0
0
0
0
0
0
0
0
0
0
0
0
0
0
0
0
0
0
0
0
0
0
0
0
0
0
0
0
0
0
0
0
0
0
0
0
0
0
0
0
0
0
0
0
0
0
0
0
0
0
0
0
0
0
0
0
0
0
0
0
0
0
0
0
0
0
0
0
0
0
0
0
0
0
0
0
0
0
0
0
0
0
0
0
0
0
0
0
0
0
0
0
0
0
0
0
0
0
0
0
0
0
0
0
0
0
0
0
0
0
0
0
0
0
0
0
0
0
0
0
0
0
0
0
0
0
0
0
0
0
0
0
0
0
0
0
0
0
0
0
0
0
0
0
0
0
0
0
0
0
0
0
0
0
0
0
0
0
0
0
0
0
0
0
0
0
0
0
0
0
0
0
0
0
0
0
0
0
0
0
0
0
0
0
0
0
0
0
0
0
0
0
0
0
0
0
0
0
0
0
0
0
0
0
0
0
0
0
0
0
0
0
0
0
0
0
0
0
0
0
0
0
0
0
0
0
0
0
0
0
0
0
0
0
0
0
0
0
0
0
0
0
0
0
0
0
0
0
0
0
0
0
0
0
0
0
0
0
0
0
0
0
0
0
0
0
0
0
0
0
0
0
0
0
0
0
0
0
0
0
0
0
0
0
0
0
0
0
0
0
0
0.517865
-1.25641
-0.0585403
0.429716
-0.551262
0.280124
-0.817834
-1.50632
-0.165735
0.29546
-1.07792
-0.875521
-0.01495
0.264732
0.0104768
-0.612761
-0.882032
-0.425948
0.00375496
-1.79331
-0.568508
-0.382242
-1.54709
-1.18211
-0.785287
0.383832
0.196914
0.384718
-1.23717
0.287837
-1.22789
-0.699961
-0.126722
0.237977
-0.233706
-1.00789
-0.314828
-0.586796
0.030282
0.61274
-0.150831
0.162858
-0.216992
-0.245949
0.0892004
-0.103927
0.107932
0.163759
-0.319674
0.338612
-0.616791
-0.833536
-1.17081
0.337575
-0.84282
0.435362
0.215349
0.301126
-0.423769
-0.691315
-0.253008
-0.146432
0.23309
-0.554375
0.0891192
-0.373904
0.65888
-0.780008
-0.0189959
-0.432284
-0.427346
0.125249
-0.988414
0.417425
-0.165535
0.253192
0.18142
-1.67567
-0.0690509
-0.301204
-0.933448
-0.119504
-0.219851
0.408936
-0.198263
-1.62901
-0.375589
-0.44614
-1.82957
-1.71511
0.451267
-0.258915
-0.982953
-0.575823
0.0742296
0.169815
-1.38328
-1.5168
-0.97355
-0.3271
-1.41898
-0.883267
-0.388338
0.0761741
0.195396
-0.611948
0.200358
0.185086
0.606668
0.502738
-0.189913
0.523985
-1.10045
0.0692944
0.336017
0.3849
-0.398853
-0.0117223
-0.406307
-0.410973
-0.34592
0.55645
-0.590004
0.114144
0.639375
-0.962664
-0.0890571
-1.39955
-1.01518
0.148726
0.402466
0.379189
0.280258
0.324166
-1.6904
-0.358523
-1.99507
-0.604684
0.10837
0.540487
-0.262143
0.403952
-0.693257
0.196895
-1.12583
0.35348
-1.03141
0.506089
0.106905
0.239806
-1.4041
0.66243
0.215212
-0.106106
-1.14787
-0.639023
-1.5605
-1.1257
-1.22557
-1.76576
-0.514006
0.0707034
-0.0830489
-0.0711498
-0.399683
-1.18206
-1.04542
0.20374
-0.852013
-0.150314
-0.186065
-0.404993
-0.535073
-0.711423
-1.90958
0.396014
-0.120927
0.161194
-0.699251
0.210935
0.178973
-1.13863
0.115265
-0.0784383
-0.213259
-1.62656
0.0752728
-1.47988
0.360746
0.423817
-0.353644
-0.104986
-0.283946
-1.00244
0.013786
-1.41084
0.112897
-0.547915
-0.298742
-0.463497
-1.02957
-1.20239
-2.71412
-0.812962
0.0892977
0.0621194
0.54848
-0.308457
-1.91321
0.268288
0.745515
-1.4241
-0.30489
-0.348875
0.670784
-1.95462
-0.332302
0.395608
-0.801406
0.412514
-1.4809
-0.77425
-0.288001
0.216254
0.871919
-0.352946
-0.926664
0.6461
-0.356543
-0.633401
-0.368299
-1.19715
-0.35266
-0.0441265
0.370781
0.00601876
-0.261085
-0.582035
-0.35193
-1.04927
-0.865649
-0.619951
0.65631
0.0568611
0.162534
-0.755468
-0.928612
0.0982523
0.153241
0.0536504
0.019
-0.802407
0.147074
-1.33774
0.0236274
-0.0818259
0.242392
-0.399359
0.394041
-1.11563
0.300464
-1.44976
-1.4665
-0.727994
0.22375
0.488706
-0.261469
-1.73157
0.313213
0.655329
0.443407
-0.0217568
0.685559
0.341431
-0.648067
0.441626
-1.58453
-0.621784
-1.09143
-0.14002
-0.576971
0.534254
-0.388782
-0.490784
0.124986
0.382097
-0.927431
0.575067
-0.411887
-0.448106
0.26927
0.473642
-0.989202
0.595351
-1.13444
-0.0119356
-1.79219
0.71197
0.474632
0.74716
-0.968324
-0.602062
0.170102
-1.09348
-0.307113
0.0285587
0.309604
-0.58329
0.587148
-1.08134
0.153071
-0.52869
-0.852734
0.0701561
-0.255725
-0.134889
-0.910419
-0.812898
-0.624897
-1.04604
0.250638
-0.0906523
-0.72157
-1.0221
-0.747262
-1.22143
-0.611328
0.162858
0.450067
-0.652463
0.127713
0.302371
0.350198
-0.853222
-0.0211919
-0.246195
-0.107507
-0.153613
-1.6424
-1.59333
0.155542
0.027985
-0.479481
0.516889
0.592332
-1.51898
0.237889
-0.184152
-0.372941
0.763875
0.116821
-1.0348
0.438541
0.244338
0.0585141
0.599323
-1.44026
0.128799
0.377915
0.0722463
-1.45165
0.365155
0.722562
-2.33006
-1.05665
0.309416
0.439325
0.341177
0.607967
0.236262
-1.3904
-0.951012
0.240974
0.1621
0.0752517
0.173129
0.609528
-0.938135
0.113463
0.245897
0.0879577
-1.30781
-0.338695
0.559403
0.23156
-0.534468
0.0708045
-0.665199
0.243488
0.134696
0.0562742
-0.623966
-0.138097
0.69452
0.13902
-1.0818
0.36821
0.726311
-1.03279
0.793508
-0.191582
0.276692
-0.19082
-1.78063
-0.563017
-2.18128
0.159325
-0.0900233
-1.48549
0.16734
-0.0756473
-1.68582
-0.233762
-0.923842
-0.281189
-0.0807096
-0.34103
-0.0256268
0.543746
0.351341
-1.20528
0.564004
0.755262
0.704254
-0.815153
0.679125
-0.0597621
-0.849024
0.539989
-1.21295
-1.23372
-0.528441
-0.280624
-1.20346
-1.85175
0.287463
-0.699917
0.451112
-0.833399
-0.109663
-0.514092
0.0960989
-0.341386
-0.679907
-1.03053
-0.90495
-0.841805
0.316177
0.470639
-1.23225
-1.64662
-0.299896
-0.110689
-0.0271215
-0.633191
0.0252448
-0.673909
-0.0550656
-0.447565
-0.724526
-0.24912
-0.422282
-0.419129
-1.67778
-0.440847
-0.701565
-0.22133
-1.61489
-0.845997
-0.387567
-0.673183
0.84954
-0.12588
-0.912227
0.0955595
-0.453127
-0.247029
-0.231501
0.215212
0.263342
-0.00590888
0.608508
0.49727
-0.375874
-0.843656
-0.253706
0.916597
-1.57298
-0.180002
-0.982909
-0.0130887
-0.498308
-0.541173
-0.519075
-0.437832
0.192089
-0.42851
-0.261135
-1.30442
0.520374
-1.36368
-0.916598
-0.237655
-0.452508
0.631202
-0.255959
0.252298
0.0929591
0.225016
-0.145698
-0.883519
-1.43071
-1.17557
0.0234161
-0.50854
-0.0316085
-1.13816
-0.236749
-0.616292
0.0419543
-0.733825
-0.917318
0.175363
-0.267695
-0.546087
-0.0871006
-1.02807
0.252977
-0.779612
-0.257125
-0.313334
0.378023
-0.844453
-0.642899
0.204605
-0.375315
-2.0724
-0.107308
0.101152
-0.154824
-0.27377
-1.68962
0.486041
-0.776712
0.127464
0.393296
0.0993628
0.476366
0.272996
-0.470642
0.366253
-1.00438
-1.29436
0.590411
-1.49913
0.2131
-1.06661
-0.709982
-0.531978
-0.930257
-0.391074
0.336738
0.42951
0.320865
-1.39607
0.275514
-1.12445
-1.00468
0.223468
0.0623263
-0.836626
-0.511491
-0.79483
-0.455289
0.139601
0.258587
-0.182841
0.262697
0.0559946
-0.820009
-1.04215
0.105823
0.564948
-0.597642
-0.917591
0.228764
0.243603
-0.627865
-0.318979
0.178269
0.159288
-1.4347
-0.986716
-0.416149
0.0367438
-0.175229
0.676819
-0.776303
-1.11356
-0.983024
-0.604709
-0.673335
-1.104
0.627364
-1.42537
-1.02142
0.668775
-1.17997
-0.2572
0.39534
0.169368
0.240168
-0.331662
-0.490064
0.157279
-0.265302
-1.22934
-0.195413
-0.178434
0.0898576
0.588804
-0.93923
-1.27042
0.359927
-0.356199
-0.936141
-1.21295
-0.966933
0.293052
0.456078
-0.798476
0.737725
0.234901
0.29208
0.0164487
-1.01491
-0.255818
-0.693303
-1.82179
-0.0706013
-0.186071
0.432378
-1.05967
-1.09294
-1.49002
-0.417802
-0.23393
0.161372
-2.24847
-1.52038
-0.545258
-0.207963
-1.12273
0.21934
-0.47161
0.100202
0.424096
-1.12676
-0.542835
0.603629
-0.258256
-0.161217
-2.01178
-0.539411
0.245757
0.0107227
-1.32178
0.0697712
-0.64545
0.849523
0.196244
0.0525655
-0.899073
-0.273408
-1.63602
-0.115363
-1.55719
-1.49291
0.38744
-0.30606
-0.508416
0.400918
-0.237671
-0.909455
-0.978065
-1.53296
0.109009
-1.0783
-0.758048
-0.40641
0.24876
-1.26594
-0.0906559
0.533463
-0.318474
0.401263
-0.523143
-0.884662
0.158522
-0.00280485
-0.833782
0.123159
-1.07159
0.109592
-0.603392
-0.945334
-0.469174
-0.555698
0.303779
-0.314284
-1.45385
0.597348
0.0343377
-0.154702
0.178721
-0.461975
0.365975
-0.0316024
0.291823
-0.941951
0.260085
-0.98796
-0.136837
-0.217651
-0.695252
-0.357264
0.588538
-1.27343
0.600273
-0.27747
-0.731153
-0.911256
-0.538207
0.214302
0.38848
-0.085884
-0.277997
0.386853
-1.05226
-0.0101124
-1.14084
0.265767
-0.616112
-0.0709626
0.13793
-1.04469
0.392862
-0.136189
-0.257684
-1.28274
-0.721468
-0.906064
0.642589
0.169601
0.0478476
0.466577
0.207177
-1.10392
-0.529819
-0.0804366
-1.03922
-0.0556717
0.182948
0.196588
-0.111803
-2.51634
0.19097
-0.28517
-0.631354
0.386181
-0.119338
0.307506
0.771684
-0.328802
-1.2671
-1.52765
0.48444
0.293624
-0.0037857
0.537502
-0.436664
-0.99435
-0.282365
-1.10731
0.083462
-1.059
0.57495
-0.0555759
-0.914595
-1.72068
-0.229882
0.294002
0.140061
-0.504058
0.505622
0.760201
0.258381
-0.347058
-0.17788
-0.950243
-1.07925
-0.933079
-0.0874103
0.213986
-0.723169
-1.79795
0.0318335
-1.19521
-0.452887
0.26067
-1.67933
0.420486
-1.47869
-1.74309
-1.13494
-0.959971
-1.24641
0.575568
-1.59387
-1.00852
-0.712092
0.763298
0.0598856
-0.78739
-1.41735
-1.25392
-0.196705
-0.529434
0.0401835
-0.476373
-0.0841796
-0.979002
0.275135
-1.06599
0.0446687
-0.226506
-2.32446
-1.00138
-0.813712
-0.294831
-1.03517
0.318265
-0.691102
-0.634248
0.0675814
0.615018
0.354901
-0.235023
0.178305
-0.575917
0.452593
-0.0723505
0.0565411
-0.532314
0.122521
0.609263
-0.26244
0.134228
-1.20974
-1.56932
-0.162094
0.239418
-1.59779
0.612597
0.476442
-1.41343
0.0939828
-0.505564
0.433542
-0.0692449
-1.55331
-1.59293
0.158358
-0.658981
-1.16792
-0.191008
-0.180084
-0.612231
0.202674
-0.422405
-0.82023
0.0879407
-0.0458018
0.393914
0.132608
-0.146556
-0.931992
0.0409019
-0.193131
-0.527755
-0.023157
-0.432342
-0.496262
-0.601762
-1.9942
-1.17191
-1.22617
-0.709826
-0.971629
0.188553
0.432467
0.0546383
-0.762453
-0.508119
-0.166705
-1.44009
-0.841192
-1.21922
-0.379535
-0.209338
0.233328
-1.37541
-0.858652
0.366534
0.270031
-1.86724
-0.933461
-0.106583
-1.29795
-0.878552
-1.30966
-0.1937
0.209677
-0.812935
-0.418604
-0.61232
-0.310681
-0.527531
-0.647378
-0.900967
0.299595
0.49264
-0.950872
0.368429
-0.158218
-0.53498
0.720875
-0.466761
0.112753
-0.0317608
-0.26745
-0.668959
0.491927
0.329969
-0.65624
-0.383866
-1.11741
-1.59907
0.0192551
0.528398
0.236076
-1.18263
-0.589906
0.318614
-1.50964
0.470189
-0.164881
-0.388427
0.516908
0.225835
-0.857653
-0.479218
0.382379
-0.0614556
0.108043
-0.588297
0.13528
0.564519
-1.59285
-1.19335
-0.183191
-1.27834
-0.781146
-1.19993
-0.510154
-0.855727
-0.910147
-0.047715
-0.030644
-2.12901
-1.20082
-0.938511
0.0933292
0.365492
0.540146
0.340096
0.320809
-0.0951382
-0.372976
-1.39034
-0.946361
0.151721
-0.0978822
-0.688986
-0.233066
-0.0425659
0.413351
-0.36376
0.129134
0.546213
-0.0920784
-1.42118
0.0590941
-0.93003
-1.09691
-0.0865793
0.130224
-0.482698
0.146692
-0.294143
-0.864343
0.157127
-0.876219
-0.726862
0.0390448
0.254028
-0.65191
0.561778
0.111271
0.339473
0.119032
-1.20981
-0.261488
-1.10932
-0.831693
0.0717
0.0213718
-0.938971
0.739479
-0.790599
-0.0702892
-0.97473
-0.669736
-0.0647064
0.127355
-0.321964
0.236952
-0.522281
0.501156
0.27532
0.516995
-0.0537365
-0.210524
0.00715227
0.10611
0.536401
-0.554894
0.272349
0.253584
0.0674334
0.195954
0.438624
-0.376486
0.257473
0.485841
0.335454
0.392807
-0.499725
0.226598
-0.671141
-0.487997
0.459784
-0.27033
0.183519
-1.5487
0.200912
-0.864712
-0.0701964
0.118037
0.609142
-0.125656
0.571671
-0.665607
-1.07515
-2.25891
0.384803
0.0727743
-0.812177
0.359311
-0.435918
0.474797
0.147155
0.482567
0.433132
-0.154262
-0.200942
-0.539494
0.524888
0.73745
0.403927
0.0195286
-0.497152
-0.209783
-0.0291517
0.0140559
0.646034
-1.52455
-0.121877
-0.0198022
0.30076
0.0451477
-0.0456647
-0.0314053
0.0699342
0.111609
0.402469
0.203214
0.393103
0.442042
-0.0632198
-0.435959
-0.398511
0.268985
-0.263233
-0.46116
-0.900702
0.178484
0.0759176
0.196645
-0.906918
-0.151439
-0.0802585
-1.38119
-0.374792
0.105661
-1.7536
0.0809751
-1.62337
0.353418
-0.525695
0.267275
0.0708092
0.206546
-0.142618
0.281586
-0.361658
0.361854
0.232822
-0.504614
-0.289663
-0.000947269
-0.0294741
0.423501
-1.48577
-0.760076
-0.449772
-0.0745357
0.269592
0.0348364
0.434284
0.0163385
-0.918288
0.282299
-0.525571
-0.486036
-1.35334
0.138383
0.0678025
-1.1824
-0.650903
0.251531
-0.312698
-0.637102
0.360154
0.287176
-0.555151
-1.2363
-0.374746
-0.171132
0.253765
0.0359964
0.149568
0.213133
0.0576193
-0.777623
-0.0895794
-0.289245
-0.562632
-1.0503
-0.760434
-0.961395
0.219784
0.014829
0.392511
0.156144
0.206585
0.394806
-0.32664
-1.0798
0.446594
0.0215072
-0.208349
0.16349
0.025072
-1.24627
-0.698655
0.386662
-0.397425
-0.300105
-0.752047
-0.564846
-1.08808
-0.668291
0.381915
0.546992
-0.997564
-0.781211
0.589068
-0.200877
-1.04129
0.222585
0.0433384
-0.574349
-0.909164
0.268361
-1.77568
-1.26268
0.118952
-0.410824
-1.87711
-0.705608
-0.909708
-0.949628
-0.378736
-0.292002
-0.481217
-0.337668
0.253012
0.603789
0.00340074
0.00304188
-0.744348
0.466702
-0.0279989
0.152647
-0.271779
-0.13376
-0.0915051
0.375087
0.110849
-0.207907
-0.54083
-0.16656
-0.716377
0.0705692
-0.379387
-0.156758
-0.180854
-0.489252
-0.15014
0.339903
-0.490496
-1.58313
-0.474517
-0.808223
0.483477
-0.122411
0.42778
0.129815
-0.0757584
0.00961862
-1.62958
0.0517041
0.254522
-0.0314354
0.113247
-1.29108
-1.10491
0.0529596
0.502322
-1.3976
-1.26242
-0.306124
-0.0166342
-1.38878
-0.419627
0.451231
-0.486354
-0.408992
0.149093
0.025868
-0.31333
-0.0676665
-0.487801
0.255444
0.666142
-0.538454
-0.222068
-1.05679
-0.310699
0.0925903
-0.779487
-1.1087
-0.742336
0.450831
0.0593441
-0.318522
0.234031
-1.42511
-0.593438
-0.394688
-0.0306573
0.109596
-0.824696
0.223148
-0.019419
0.287088
0.371102
-0.157409
-0.226586
0.391759
0.366644
-1.47353
0.176192
-1.39948
-0.816788
-0.642295
-0.655388
-0.0251035
0.463054
-0.393772
-0.476085
-0.021574
-0.967912
-0.69763
-1.2145
-0.349133
-0.128621
0.292459
0.341038
-1.03926
0.0642639
-0.131567
-0.0587571
0.363716
0.154813
-0.177482
0.442208
-0.345402
-0.00590706
-0.501084
-0.00731136
-0.668569
-0.292462
0.0374671
0.107363
-0.850059
-0.474717
-0.183266
-0.996063
0.114052
0.445
-0.314186
0.272469
0.368897
0.118166
0.284678
0.11661
0.102153
-0.488745
-0.446647
-0.863997
-0.278173
0.0572393
-0.544631
0.474078
0.147499
-0.0847838
-0.375125
-0.729803
-0.958115
-0.136823
0.628949
-0.313474
-0.327924
-0.455099
-0.279211
-0.911692
0.201776
-1.01991
0.300252
0.171229
-1.27989
0.158824
0.262272
-1.07773
-0.244573
0.289319
-1.28699
-0.799851
-0.678527
-0.0445756
-0.0528567
-0.230343
-0.73534
-1.42059
-1.13208
-0.146465
0.0446212
-0.385475
0.31887
0.59899
-1.30609
0.45319
0.386541
-2.03903
0.00344052
-2.0399
0.297679
0.560094
0.363355
0.0101742
-0.567422
0.336418
-0.266261
-0.545228
-0.560448
0.716878
0.382994
0.11137
-0.143348
-0.0399445
0.0490539
-1.58076
-0.653753
0.536656
-0.879543
-0.908419
0.314123
-1.46237
0.394566
-0.236405
-1.0954
-1.546
-0.380969
0.347968
0.337502
0.269989
0.210865
0.302465
0.28485
0.111652
-1.3677
0.127833
-0.309779
-0.346317
0.179257
-0.550783
-0.760095
-0.249005
-0.045538
-0.774686
0.474054
0.0466745
0.11644
-0.101842
0.509735
-0.79474
-1.48462
-0.156637
0.0352277
-0.78784
0.636317
-0.0749459
0.454713
-0.781426
0.100425
-0.314633
-0.45357
-0.280797
-0.818352
0.160582
-0.285155
0.1201
0.0204033
-0.805363
-0.284017
-0.737502
0.355584
-3.03669
0.0956886
-0.525248
0.0219473
0.461849
0.166115
-0.67978
0.247034
0.240912
0.213242
0.295916
-1.4704
0.239435
-0.573096
0.356488
0.714402
-0.258503
-0.862833
-0.998755
-0.876667
-1.23813
0.263476
-1.33503
0.248741
-0.447257
-0.425655
-0.106685
-0.415607
0.237875
0.701737
-1.58597
-0.44559
0.157963
0.260251
0.30834
0.117254
0.529591
-0.33072
-0.0441192
0.519868
-0.512728
-0.745865
-0.1008
0.27037
-0.0373909
-0.179153
-0.11786
-0.577213
-0.167424
-0.842653
-0.66074
-0.508489
-0.61918
-1.14215
0.18198
0.0203579
0.517009
-0.297151
-0.476039
-0.672729
-0.802407
0.0266015
0.472817
-0.306163
-0.789889
0.3189
-1.24803
-0.135224
-0.0595035
-0.462772
-1.55336
0.396194
0.536361
-1.13973
-0.498998
0.222568
-0.283219
-1.00414
-1.19553
0.0362951
0.430799
0.61377
-0.631024
0.0730832
-1.32943
0.356626
0.394192
-0.745743
-0.0298193
-0.488167
-0.458216
0.352794
0.576797
0.0476736
0.162758
0.302762
0.119073
-2.16747
-0.423044
-1.00976
0.0686654
-1.26178
-0.881932
0.359742
0.442476
-0.611889
-0.784428
0.0955262
0.160397
0.303982
-0.822966
-0.952292
-1.21631
-0.875547
-0.371043
-0.197249
0.305031
0.471131
-0.234106
-0.172472
0.196375
0.772833
0.29011
-0.755088
0.0707549
0.134263
0.0973907
-0.391775
0.0256224
0.422395
0.551807
-0.100219
0.834624
-1.40153
0.385456
0.167686
-0.230898
0.267719
-0.302316
-0.860253
-1.06783
-0.657746
-0.511844
-0.497187
-0.231394
-0.997852
-0.468038
-0.820839
0.54681
-0.429111
-0.15981
-0.0598231
0.409819
0.169014
-0.011095
0.456451
0.323587
0.203793
-1.19563
-0.126045
0.0111932
-0.46664
0.597938
-0.233277
-1.0039
0.165629
0.4249
-0.647581
0.236543
-0.165582
-0.475082
-0.00765963
0.214608
-0.0982309
0.33381
-0.362511
-0.198031
-0.0568574
-0.731469
-0.681392
-1.03883
-0.853507
-1.21432
-0.276637
-0.508548
-0.0459703
0.472932
0.190384
0.148958
-0.403348
-1.445
0.603187
0.2898
-1.03231
0.292513
0.0607903
-0.653276
0.296645
0.197579
-1.0603
-0.0604463
0.331272
-0.394713
-0.0459526
-0.950109
0.532454
-1.75066
-0.199972
0.220773
0.101491
0.256633
0.366037
-0.0103667
0.158488
-0.104699
0.716168
0.183278
-0.722445
-0.952411
0.295857
-0.203748
-0.384105
-0.842423
0.131455
-0.223235
-0.382003
-0.504564
0.619053
0.181127
-0.728472
0.0635477
-0.291011
-0.685506
0.0723908
0.50221
-0.141579
-0.823591
-0.307217
-0.332287
0.252422
-0.0556874
0.310879
-0.590865
-0.304814
-0.87736
-0.467828
0.0576533
-0.168619
0.20352
-0.148845
-0.173117
-0.226341
-0.509049
0.743497
-0.557473
0.281455
-0.206606
-2.09725
-0.0489261
-0.566944
-0.423677
-0.123874
-0.432737
-0.387162
-1.0753
0.433664
0.107445
-1.22773
-0.772633
-1.80659
0.125355
-0.0671464
-0.502037
-0.262799
-0.617286
0.42595
-1.05772
0.186576
-0.0810437
0.0881702
-0.506525
-0.482245
0.374934
-0.0604644
-0.60079
0.296326
-0.00220406
-0.64976
0.567177
-0.0316795
-1.67313
-0.517642
-0.0810985
-1.01456
0.816914
0.097499
-0.840629
0.527879
-0.163469
0.500437
0.421683
0.60393
0.429622
0.820078
-0.412018
-0.543642
-0.1566
0.363697
0.46868
-0.988001
-0.819515
0.43263
-1.08548
0.367295
-0.00120397
-0.229604
0.153014
0.00712935
0.279401
-0.377452
-1.13299
0.27039
0.113868
-0.884731
-0.671609
0.219218
0.389215
0.00978896
-0.726619
-0.223031
0.167365
-0.544561
0.409849
0.197735
-1.22196
-0.417843
-0.0507094
0.19552
0.265206
-0.793435
-0.241916
0.458876
0.500704
-0.70733
-0.640851
0.373101
-1.10073
0.0802988
0.223799
-1.59348
0.0923002
-1.05677
-0.301966
0.221024
0.222656
0.312879
0.349092
0.420944
-0.453055
0.298818
-0.417989
-0.454152
0.0398855
0.577362
-1.19004
0.384319
-0.911587
-0.128507
0.144107
0.0495256
0.147495
-0.435896
-1.03594
0.245346
0.270501
-1.0929
-0.458949
-0.149634
-2.07486
0.395375
-0.66461
-0.433443
0.42465
0.0452413
0.526865
-0.528331
-0.182939
-0.264951
-0.492424
0.0236601
-0.897336
0.406093
-0.554263
0.191075
-0.0164238
0.198119
-1.25231
-0.196923
-0.260867
0.296325
0.0129636
-0.875031
-0.21595
-0.213785
-0.473798
0.195936
0.173334
0.314345
-0.0549856
-0.699196
0.641695
-0.772653
0.393094
-0.515064
-0.299732
-0.0721403
0.0774868
0.138653
0.172306
-1.42246
0.716684
0.0396887
-0.6622
-1.60805
-0.0376488
-0.0873784
-0.927075
-0.734276
0.03675
-0.1538
-0.266188
-0.110859
-1.37586
0.865367
-0.507375
0.224774
0.70721
0.196116
-1.54366
-0.220495
0.489873
-0.0544127
0.290604
-0.0252637
0.277167
0.323726
-1.24223
-1.77708
0.606204
-0.0861793
-0.97274
-0.852956
-0.889572
0.73366
-0.0220841
-1.22155
-0.289884
-0.34293
-0.3094
0.250615
0.444016
0.51014
-0.269646
0.118404
-0.769558
0.343235
-0.255002
-0.600476
-0.0553611
0.202566
0.480334
0.483321
-0.0581655
0.527868
-0.0439631
-0.992843
-1.51373
0.336901
-0.349693
0.664561
-0.101961
0.385623
-0.109651
0.491781
0.173777
0.431934
-0.150734
-0.524317
0.369317
-0.0113949
-0.638624
-0.0393809
-0.960208
-0.361823
0.0666602
0.422583
0.270425
0.530336
-0.727784
0.257021
0.238211
0.412825
-0.439898
-0.365192
0.113363
-0.026786
-0.294264
-1.39242
0.261241
0.314603
-0.281463
-0.380732
-0.00308139
0.25404
0.2302
0.175134
-0.148126
-0.316231
0.07006
-1.6663
-0.95974
