0
0
0
0
0
0
0
0
0
0
0
0
0
0
0
0
0
0
0
0
0
0
0
0
0
0
0
0
0
0
0
0
0
0
0
0
0
0
0
0
0
0
0
0
0
0
0
0
0
0
0
0
0
0
0
0
0
0
0
0
0
0
0
0
0
0
0
0
0
0
0
0
0
0
0
0
0
0
0
0
0
0
0
0
0
0
0
0
0
0
0
0
0
0
0
0
0
0
0
0
0
0
0
0
0
0
0
0
0
0
0
0
0
0
0
0
0
0
0
0
0
0
0
0
0
0
0
0
0
0
0
0
0
0
0
0
0
0
0
0
0
0
0
0
0
0
0
0
0
0
0
0
0
0
0
0
0
0
0
0
0
0
0
0
0
0
0
0
0
0
0
0
0
0
0
0
0
0
0
0
0
0
0
0
0
0
0
0
0
0
0
0
0
0
0
0
0
0
0
0
0
0
0
0
0
0
0
0
0
0
0
0
0
0
0
0
0
0
0
0
0
0
0
0
0
0
0
0
0
0
0
0
0
0
0
0
0
0
0
0
0
0
0
0
0
0
0
0
0
0
0
0
0
0
0
0
0
0
0
0
0
0
0
0
0
0
0
0
0
0
0
0
0
0
0
0
0
0
0
0
0
0
0
0
0
0
0
0
0
0
0
0
0
0
0
0
0
0
0
0
0
0
0
0
0
0
0
0
0
0
0
0
0
0
0
0
0
0
0
0
0
0
0
0
0
0
0
0
0
0
0
0
0
0
0
0
0
0
0
0
0
0
0
0
0
0
0
0
0
0
0
0
0
0
0
0
0
0
0
0
0
0
0
0
0
0
0
0
0
0
0
0
0
0
0
0
0
0
0
0
0
0
0
0
0
0
0
0
0
0
0
0
0
0
0
0
0
0
0
0
0
0
0
0
0
0
0
0
0
0
0
0
0
0
0
0
0
0
0
0
0
0
0
0
0
0
0
0
0
0
0
0
0
0
0
0
0
0
0
0
0
0
0
0
0
0
0
0
0
0
0
0
0
0
0
0
0
0
0
0
0
0
0
0
0
0
0
0
0
0
0
0
0
0
0
0
0
0
0
0
0
0
0
0
0
0
0
0
0
0
0
0
0
0
0
0
0
0
0
0
0
0
0
0
0
0
0
0
0
0
0
0
0
0
0
0
0
0
0
0
0
0
0
0
0
0
0
0
0
0
0
0
0
0
0
0
0
0
0
0
0
0
0
0
0
0
0
0
0
0
0
0
0
0
0
0
0
0
0
0
0
0
0
0
0
0
0
0
0
0
0
0
0
0
0
0
0
0
0
0
0
0
0
0
0
0
0
0
0
0
0
0
0
0
0
0
0
0
0
0
0
0
0
0
0
0
0
0
0
0
0
0
0
0
0
0
0
0
0
0
0
0
0
0
0
0
0
0
0
0
0
0
0
0
0
0
0
0
0
0
0
0
0
0
0
0
0
0
0
0
0
0
0
0
0
0
0
0
0
0
0
0
0
0
0
0
0
0
0
0
0
0
0
0
0
0
0
0
0
0
0
0
0
0
0
0
0
0
0
0
0
0
0
0
0
0
0
0
0
0
0
0
0
0
0
0
0
0
0
0
0
0
0
0
0
0
0
0
0
0
0
0
0
0
0
0
0
0
0
0
0
0
0
0
0
0
0
0
0
0
0
0
0
0
0
0
0
0
0
0
0
0
0
0
0
0
0
0
0
0
0
0
0
0
0
0
0
0
0
0
0
0
0
0
0
0
0
0
0
0
0
0
0
0
0
0
0
0
0
0
0
0
0
0
0
0
0
0
0
0
0
0
0
0
0
0
0
0
0
0
0
0
0
0
0
0
0
0
0
0
0
0
0
0
0
0
0
0
0
0
0
0
0
0
0
0
0
0
0
0
0
0
0
0
0
0
0
0
0
0
0
0
0
0
0
0
0
0
0
0
0
0
0
0
0
0
0
0
0
0
0
0
0
0
0
0
0
0
0
0
0
0
0
0
0
0
0
0
0
0
0
0
0
0
0
0
0
0
0
0
0
0
0
0
0
0
0
0
0
0
0
0
0
0
0
0
0
0
0
0
0
0
0
0
0
0
0
0
0
0
0
0
0
0
0
0
0
0
0
0
0
0
0
0
0
0
0
0
0
0
0
0
0
0
0
0
0
0
0
0
0
0
0
0
0
0
0
0
0
0
0
0
0
0
0
0
0
0
0
0
0
0
0
0
0
0
0
0
0
0
0
0
0
0
0
0
0
0
0
0
0
0
0
0
0
0
0
0
0
0
0
0
0
0
0
0
0
0
0
0
0
0
0
0
0
0
0
0
0
0
0
0
0
0
0
0
0
0
0
0
0
0
0
0
0
0
0
0
0
0
0
0
0
0
0
0
0
0
0
0
0
0
0
0
0
0
0
0
0
0
0
0
0
0
0
0
0
0
0
0
0
0
0
0
0
0
0
0
0
0
0
0
0
0
0
0
0
0
0
0
0
0
0
0
0
0
0
0
0
0
0
0
0
0
0
0
0
0
0
0
0
0
0
0
0
0
0
0
0
0
0
0
0
0
0
0
0
0
0
0
0
0
0
0
0
0
0
0
0
0
0
0
0
0
0
0
0
0
0
0
0
0
0
0
0
0
0
0
0
0
0
0
0
0
0
0
0
0
0
0
0
0
0
0
0
0
0
0
0
0
0
0
0
0
0
0
0
0
0
0
0
0
0
0
0
0
0
0
0
0
0
0
0
0
0
0
0
0
0
0
0
0
0
0
0
0
0
0
0
0
0
0
0
0
0
0
0
0
0
0
0
0
0
0
0
0
0
0
0
0
0
0
0
0
0
0
0
0
0
0
0
0
0
0
0
0
0
0
0
0
0
0
0
0
0
0
0
0
0
0
0
0
0
0
0
0
0
0
0
0
0
0
0
0
0
0
0
0
0
0
0
0
0
0
0
0
0
0
0
0
0
0
0
0
0
0
0
0
0
0
0
0
0
0
0
0
0
0
0
0
0
0
0
0
0
0
0
0
0
0
0
0
0
0
0
0
0
0
0
0
0
0
0
0
0
0
0
0
0
0
0
0
0
0
0
0
0
0
0
0
0
0
0
0
0
0
0
0
0
0
0
0
0
0
0
0
0
0
0
0
0
0
0
0
0
0
0
0
0
0
0
0
0
0
0
0
0
0
0
0
0
0
0
0
0
0
0
0
0
0
0
0
0
0
0
0
0
0
0
0
0
0
0
0
0
0
0
0
0
0
0
0
0
0
0
0
0
0
0
0
0
0
0
0
0
0
0
0
0
0
0
0
0
0
0
0
0
0
0
0
0
0
0
0
0
0
0
0
0
0
0
0
0
0
0
0
0
0
0
0
0
0
0
0
0
0
0
0
0
0
0
0
0
0
0
0
0
0
0
0
0
0
0
0
0
0
0
0
0
0
0
0
0
0
0
0
0
0
0
0
0
0
0
0
0
0
0
0
0
0
0
0
0
0
0
0
0
0
0
0
0
0
0
0
0
0
0
0
0
0
0
0
0
0
0
0
0
0
0
0
0
0
0
0
0
0
0
0
0
0
0
0
0
0
0
0
0
0
0
0
0
0
0
0
0
0
0
0
0
0
0
0
0
0
0
0
0
0
0
0
0
0
0
0
0
0
0
0
0
0
0
0
0
0
0
0
0
0
0
0
0
0
0
0
0
0
0
0
0
0
0
0
0
0
0
0
0
0
0
0
0
0
0
0
0
0
0
0
0
0
0
0
0
0
0
0
0
0
0
0
0
0
0
0
0
0
0
0
0
0
0
0
0
0
0
0
0
0
0
0
0
0
0
0
0
0
0
0
0
0
0
0
0
0
0
0
0
0
0
0
0
0
0
0
0
0
0
0
0
0
0
0
0
0
0
0
0
0
0
0
0
0
0
0
0
0
0
0
0
0
0
0
0
0
0
0
0
0
0
0
0
0
0
0
0
0
0
0
0
0
0
0
0
0
0
0
0
0
0
0
0
0
0
0
0
0
0
0
0
0
0
0
0
0
0
0
0
0
0
0
0
0
0
0
0
0
0
0
0
0
0
0
0
0
0
0
0
0
0
0
0
0
0
0
0
0
0
0
0
0
0
0
0
0
0
0
0
0
0
0
0
0
0
0
0
0
0
0
0
0
0
0
0
0
0
0
0
0
0
0
0
0
0
0
0
0
0
0
0
0
0
0
0
0
0
0
0
0
0
0
0
0
0
0
0
0
0
0
0
0
0
0
0
0
0
0
0
0
0
0
0
0
0
0
0
0
0
0
0
0
0
0
0
0
0
0
0
0
0
0
0
0
0
0
0
0
0
0
0
0
0
0
0
0
0
0
0
0
0
0
0
0
0
0
0
0
0
0
0
0
0
0
0
0
0
0
0
0
0
0
0
0
0
0
0
0
0
0
0
0
0
0
0
0
0
0
0
0
0
0
0
0
0
0
0
0
0
0
0
0
0
0
0
0
0
0
0
0
0
0
0
0
0
0
0
0
0
0
0
0
0.288703
0.0999128
0.799683
-0.135251
-0.191378
-0.534196
-1.16198
-1.00872
-1.23195
0.0879574
-0.0862191
-0.672401
-1.07831
-1.10134
0.365751
-0.518562
0.20499
-0.834868
-0.279316
-0.405049
-0.438254
0.0460475
-0.487391
0.446361
0.324816
0.711566
0.149058
0.390447
0.700024
0.124249
-0.758922
-1.45359
0.106027
0.219462
0.357486
-0.329468
-0.285477
-0.716306
0.447731
-0.953164
-0.486809
-0.0120968
0.175446
-0.820165
-1.99526
-0.996
-0.892338
0.551455
-0.36715
-1.99541
0.662166
-0.328656
-0.104206
-1.89361
-0.0290609
0.471782
0.411997
-0.432714
-1.04214
-0.418917
-0.162794
-0.482034
0.621704
-0.730333
0.403912
0.36094
-0.77044
-1.12073
-0.00619764
-0.108067
-1.36095
-0.410025
-0.302005
-0.00141664
0.0333778
-0.789906
0.451368
-0.53083
-0.528879
-0.754984
0.775503
0.419834
-0.40554
0.317465
0.435898
0.599286
-0.327448
0.230403
0.488968
-0.436587
-0.0653987
-0.109761
0.531878
-1.05408
0.505053
0.517369
0.42417
0.28765
0.141666
0.233697
-1.08643
-0.221192
-0.107017
0.478376
0.296176
-1.64356
-1.38246
0.225771
-0.651805
-0.235287
-0.878514
0.184842
-0.554739
0.0948725
-1.29105
0.342616
-0.163852
-0.243686
0.0315123
0.00765241
-1.35226
-1.81163
0.162514
0.0826617
-0.961082
-1.54896
0.37222
0.122113
-0.912922
0.447458
-0.612104
-1.34973
-0.0107847
0.268698
-0.474893
-0.204537
0.3839
0.451518
-0.190706
0.234733
-0.737357
-0.676289
0.418277
0.279841
-0.633217
0.36397
-0.392285
-0.494748
0.362751
0.25478
-0.846968
-0.163083
-0.446659
0.435326
-0.307323
0.166704
0.339899
-1.06153
-0.57014
-0.352543
-0.503104
-1.06622
-1.15306
-1.31373
0.0396811
-1.58298
-1.1195
-0.298171
-0.823703
-0.782809
0.193383
0.118384
-0.046308
-2.11406
0.218965
0.401067
0.0614118
-0.50903
-0.0830842
0.49841
-0.759037
0.344213
-1.54271
0.208576
0.181861
0.017707
0.429631
0.00879049
0.738398
0.351604
-0.247051
-0.0432327
-0.0260509
0.0282201
0.838892
-1.67319
-0.210242
0.263068
0.423856
-0.380899
-1.53125
0.137483
-1.03194
0.226856
-1.60355
0.389117
-0.384722
0.506107
0.246058
-0.0682822
0.477417
0.334532
-0.0204275
-0.116598
-1.88657
-0.00206813
-0.197201
-1.06338
0.210686
-0.321453
-0.382654
-0.416855
-0.032772
0.0552884
-1.25332
0.60924
0.417203
0.202592
0.388375
0.211066
-0.759841
-0.285342
-0.821008
-0.783018
0.47537
-2.67112
0.344155
-0.056869
-0.397679
-1.07352
0.462023
-1.47952
-0.547813
-1.20963
-1.34931
0.390103
0.584167
-1.58312
0.240665
-0.579629
-1.38956
-0.404617
-0.842256
-0.135825
0.513013
0.351616
-1.70799
-0.172417
0.300927
-0.192612
0.149285
-2.22254
0.370473
0.268767
-0.0150175
0.606672
-1.05904
0.0977613
0.0968146
-0.441342
0.0551899
-0.684562
0.6644
-0.453362
-0.604759
0.295867
0.440684
-1.71837
-0.334018
-1.61601
0.0246013
0.512127
-0.782704
0.0504139
-1.05166
-0.717885
-0.0553701
-0.40305
0.24745
-0.229342
0.247189
-0.23444
-0.210872
-1.33915
0.155775
-0.142689
0.483779
-0.999195
-0.357703
-0.0648847
-0.453427
0.146675
-0.267266
0.223469
-2.0105
0.556257
0.772782
-0.0492466
-0.0113345
-0.983641
0.0571016
0.540589
-1.01258
0.447266
-0.662587
-0.429246
-1.75347
-0.257896
-0.461619
0.393243
0.632716
0.650256
-0.820184
-0.084127
-0.483904
-0.965682
-1.45288
-2.07087
0.491656
0.656908
0.155706
-0.283099
0.186917
-0.235358
-0.591089
0.19879
0.0390099
0.371558
-1.59069
-0.944917
-0.387664
0.269829
0.273377
-0.616488
0.507742
-0.0503547
0.298781
0.0691266
-0.223
-0.58836
-0.711676
-0.156437
0.0295593
0.452654
-0.0119088
-0.942644
0.0462851
-0.136472
0.175972
-0.864272
-0.997683
-0.293414
0.0275042
-0.461376
-0.750468
0.0570422
-0.557834
0.0227042
-0.189158
-1.68513
0.00216074
0.334291
0.398553
-0.243725
0.387442
-0.121481
-0.455032
-0.875876
0.216479
0.185261
0.229301
-0.7394
-0.675678
-0.895694
-1.26301
-0.703196
0.394509
0.310084
-2.40936
0.285512
-1.49113
-1.04784
0.11761
-0.0969546
-0.457009
-1.62373
-2.48671
0.371186
-0.560781
0.589105
-1.02711
0.57424
0.486015
-1.83755
-0.344454
-0.386433
-2.00946
-1.101
-0.779532
-0.511076
-1.31008
-0.428521
-0.370268
-0.185143
0.228374
0.377316
-0.431307
-0.461977
-0.309217
0.333798
0.0910933
-1.38732
-0.433567
0.296665
-0.670283
0.21443
0.647698
0.476624
0.0359741
-0.216178
0.212235
0.341776
-0.436987
-0.214695
0.0483919
-1.3662
0.309384
-1.01028
0.407608
-0.0202764
0.594667
-0.0814834
0.189608
-0.869299
0.41467
0.626869
0.639363
-1.12979
0.0519101
-0.111863
-0.275079
-1.43441
-1.14223
-0.677612
0.393632
-1.6124
0.337209
-0.920732
0.495388
-0.924331
-0.130008
0.388086
-0.0676308
-0.432673
0.0744459
-0.660251
-0.761608
0.12102
0.511775
0.411444
0.0468326
0.375356
-0.897654
-0.996321
-1.09371
-1.18206
-0.0258701
0.292537
-0.541029
0.269093
-0.333342
-1.66858
-0.303701
0.443163
-0.185374
0.324643
0.601061
-0.318115
-0.373926
-0.819543
-0.293806
0.396017
-0.304859
0.0332726
-0.282457
-0.0431814
-1.1747
-0.30361
0.075048
-1.20326
-0.264567
-0.581878
-0.348952
-0.195717
-1.13272
-0.895908
-0.126419
-0.084557
0.0427091
0.480321
-1.46913
-0.332757
-0.245184
0.0805025
-0.795688
0.400183
-0.19534
-0.253379
-1.29192
0.425721
-2.17212
0.136582
-1.5204
-0.879364
-0.0804918
0.446544
-0.141355
-0.124357
-0.0447488
0.407404
0.0199769
-0.283532
0.160753
-1.44859
0.086443
0.595507
-0.0164217
0.311976
0.176954
0.0663788
-0.485815
0.400743
-0.328435
0.0996423
-0.0084103
-0.257009
-0.316816
0.207924
0.106531
-0.532376
0.503592
0.639316
0.104121
-0.817188
-0.315475
-0.0152992
0.302754
-1.06032
-0.579719
-0.172716
0.460612
-0.851301
0.392178
-0.447235
-0.833207
0.272058
0.287741
0.041265
-0.477121
0.148191
0.655039
0.454577
0.494251
0.189847
0.0906211
-0.414037
0.0964096
0.186905
-0.590052
-0.521749
-1.26978
-0.144117
-1.39564
-0.821195
0.438357
-0.341075
-0.303339
-0.0178899
0.146743
-0.167593
0.467076
-0.355224
-1.31608
-0.634993
-0.943028
0.335301
-0.55695
-0.448498
-0.870129
-0.536331
0.0705514
-0.507683
-0.550769
-0.0167281
-0.520637
-0.334665
-1.12545
-0.400311
0.00795379
-1.42539
0.248277
0.0768528
-0.0345472
-0.736072
0.464079
-0.794697
0.412711
0.13568
0.19094
-0.627873
-0.275557
0.213323
-1.1807
0.219924
-1.76701
-1.0102
0.0928718
-2.0116
-0.975002
-0.278474
0.225992
-0.160044
-0.155064
-1.65584
-1.14774
-0.426813
0.0824152
-1.84934
-0.0441249
0.474299
-0.9526
-0.69526
-1.52462
-0.211696
-0.771937
-0.828381
0.0207317
-0.947756
0.059579
-0.149286
-0.36873
-0.864973
-0.618934
0.500513
0.0124656
-2.11419
-0.688367
0.0719472
-0.0174273
0.0673364
-0.306731
-0.658036
0.268827
-0.784565
-0.00294399
-0.0660408
0.123571
-0.683733
-0.550606
-0.428471
-0.777857
-0.170551
-1.03329
-1.15447
-1.74932
-0.613233
-1.45784
0.532485
-0.898689
0.448201
0.59078
-0.239087
0.00752573
0.0506567
0.358432
0.171716
-0.447686
0.149465
-0.424487
-0.202911
0.526537
0.086382
-0.589603
-1.04021
0.0389918
-0.497196
0.392333
-0.332638
-0.202204
0.284657
-0.257878
-0.181406
-0.105011
-0.835002
-0.559796
-1.12056
-0.0127898
0.558502
-1.25153
-1.69793
-0.172838
-0.0142525
-1.10699
-0.115062
-0.523963
-2.08145
0.286485
0.374214
-1.2985
-1.08552
-0.105859
-2.47562
-0.515287
-0.943294
-0.590504
0.12865
0.100886
-0.166854
0.140504
-0.109104
0.674665
-0.0711844
-0.502823
-0.606968
-0.137491
0.457418
0.239802
-0.32806
-0.499146
0.339208
-0.494764
-0.453383
-1.20104
0.00437222
-0.753877
-1.14422
-0.0622248
0.733537
-0.940681
-0.100279
-0.242813
-0.099035
-2.24607
0.698826
0.561277
-1.23895
0.0786289
0.0177092
0.177062
0.252831
-0.193838
-1.33227
0.143678
-0.642721
-0.64843
0.339201
-0.42111
-0.53031
0.544544
0.625395
-1.17838
0.139175
-0.146895
0.538369
-0.998966
0.208634
0.268351
0.204671
0.410618
-0.715113
-0.201004
-1.36641
-0.271859
-1.18892
-0.383792
-0.801216
-1.38355
0.624478
-1.83331
0.197179
0.0114235
-0.403394
-1.83755
-0.381448
-2.04383
-1.1037
-0.311932
0.394396
-1.1214
-0.907225
-0.951807
0.519191
-0.35323
0.141704
0.675194
0.0659485
0.574364
-0.556524
-0.903826
0.45676
0.0381347
0.205627
-0.570908
-0.936886
-0.128583
0.512208
0.00950776
0.135852
0.0691841
0.224107
0.149348
-0.14417
0.368877
-0.0174987
0.0520597
-2.48397
0.150194
0.0210125
-0.866116
0.374275
-0.956321
-0.0854074
0.526997
0.179843
0.154803
-0.369703
-0.727416
-0.474039
-0.252632
0.448415
0.380662
-2.18723
0.233126
-1.26998
0.500255
-0.217466
0.112587
-1.32595
-1.35686
0.47832
0.409247
-0.00508442
-1.60391
0.383985
-0.463311
-0.107723
0.252765
-0.568464
0.00847753
0.561109
0.183489
0.458579
-1.13018
-0.00857363
-1.72792
-0.263293
0.332119
-1.43749
0.474066
-0.149052
-3.01294
-0.077481
-1.0271
0.117232
-0.72576
-0.689461
0.358155
-1.60689
-0.631573
-0.0155811
-0.101563
0.367321
-1.45456
-0.46094
0.00513273
0.588757
0.275523
0.0050338
-1.11524
-0.983051
-0.720178
-1.0519
0.20624
-0.263983
0.652825
0.0353272
0.516437
-0.0175658
-0.89152
-1.17411
-0.188383
-0.0240506
0.741848
-0.458623
-0.604349
-1.23895
-0.252636
0.162874
-0.890988
-2.3818
0.273034
-0.224982
-0.182309
-0.0890719
0.420115
-1.25994
-0.419481
0.0687986
-0.581962
-0.688086
0.0875226
-0.197543
0.631518
0.51876
-0.278379
-0.540549
-0.680735
-0.719474
0.272644
0.581388
-1.3905
0.377994
0.212297
-0.275233
0.364763
-0.161007
-0.405592
0.447641
-0.0571758
-0.659852
-0.437644
-0.532798
0.323454
0.134053
0.296054
-0.230677
-1.66624
0.434962
-0.0924738
-0.135949
0.237098
-0.678907
-0.0984545
-1.16888
0.381304
-0.372768
-0.733704
-0.345495
-0.947726
-0.055655
-0.315038
-0.549394
0.174227
-0.727657
-0.990101
-1.19788
-0.279497
-0.539361
0.0972874
-0.212754
-0.163369
-0.137697
-0.359679
0.370848
0.0272991
0.384647
-1.17862
0.266513
-1.18797
0.148982
-0.418745
0.577669
0.028206
-1.02474
-0.127531
-1.36779
0.0236349
-0.315649
0.216997
-0.278666
-1.06094
-0.294846
-0.162673
0.101967
0.68697
-0.38952
0.124366
-0.673452
0.280057
-0.763826
0.00578738
0.000167288
-0.624068
-0.911735
0.256294
0.333337
-0.228639
0.718466
-0.963636
-0.546378
-0.0793397
-0.833488
-0.811819
-1.23962
-0.909333
0.0320081
0.250143
-0.295069
0.406504
-1.02379
-0.680502
-0.0117436
-1.86131
0.450087
-0.238907
0.526047
0.495328
0.616217
-0.00790381
-1.71673
0.109283
-0.00595093
-0.83088
0.461177
0.128344
0.473486
0.151483
-0.678647
0.0054991
-0.840945
0.21766
-0.454052
0.181168
0.00155372
-0.856543
-0.23972
0.208351
-0.632774
-0.254211
-0.0194752
-0.285278
-1.47303
-0.142746
0.350976
-0.969174
0.0325485
0.543549
-0.530282
-0.232985
-0.717998
-0.908501
0.42879
0.0320701
-0.134723
0.557587
-1.51703
0.157099
0.132797
-0.902434
0.106858
0.479086
0.555932
-0.412348
-0.200092
0.103528
0.0295035
0.340791
0.297844
-0.502185
0.270831
-1.48715
0.232284
-0.0626226
0.0344116
-0.878959
-0.594566
-0.0847314
0.438202
-0.438705
-0.379986
-0.361907
-0.467892
0.482892
0.622288
-0.594689
0.317587
0.477267
-0.468078
0.126441
-0.336093
-0.46769
-0.300307
-0.477067
-0.0569964
-1.04424
-0.409377
-0.605777
-0.861908
-0.466738
-0.979913
-0.955232
0.605422
-0.598832
0.49462
0.175709
-0.201619
-0.542947
0.460571
0.471182
-1.19203
-0.0955495
0.10751
-0.503823
0.241204
0.459867
-0.409694
-0.708361
-0.692268
-0.151011
-0.494831
0.400969
0.0609419
-1.56228
-0.414918
-0.149826
-0.0530351
0.535525
-0.411418
0.328248
0.548136
-0.211999
0.183999
0.367069
-0.490473
0.472725
-0.0542975
-1.69364
-0.474304
-0.70349
-0.306303
-0.256111
-0.381365
0.0693223
0.493016
-0.225592
-0.246879
-2.02046
-0.652879
0.536931
0.0353827
-0.728777
0.0722232
-0.577515
0.495689
-0.614337
0.102714
0.216288
-0.584595
-1.26909
0.083316
-0.211055
-0.280432
0.478634
-0.314131
-0.40614
0.521951
0.589039
-0.111368
0.783394
0.48779
-0.328514
0.631617
-0.655349
0.0823095
-0.0850009
0.200108
-0.0711131
0.466459
0.218454
-0.112498
-0.819576
0.0917998
0.662872
0.300416
-0.0199481
-1.73499
0.072014
-1.84993
-0.188009
-0.147456
-0.353877
-0.917925
-0.0600889
-0.440893
-1.02747
-0.336232
0.25383
-0.617593
0.33377
0.490398
-1.01263
0.0806129
-1.40984
0.260607
0.0442721
-0.421685
0.215177
-0.474107
-0.670131
-0.0451617
0.0592361
0.521667
-0.555511
-0.658382
-1.10665
-0.807789
-1.09737
-0.384152
-0.519908
0.529669
0.753475
-0.0512032
0.324475
0.238838
-0.450195
-0.262803
0.297491
-0.245146
0.293886
0.251106
-0.0496357
-0.175969
-0.553939
-1.2376
-0.23061
-0.448647
-0.0652764
-0.510261
-0.914396
0.14652
0.29383
0.473759
-0.382885
0.373904
0.139355
0.21465
-0.306622
-0.596667
0.0406096
0.194425
0.312855
-0.126151
-1.28255
0.439885
-0.40517
0.532296
-1.20232
-1.62284
0.594365
-1.46859
-0.505635
0.0495026
-0.249738
-1.14987
-0.113398
0.00531623
0.420123
-0.987538
0.344872
-0.515396
0.675893
0.343314
-0.67583
-0.342964
-0.567667
0.48265
-0.34581
0.351378
-0.172752
-0.421629
-0.179571
0.329124
-0.0126079
-0.961407
-0.666757
-0.0976132
0.396957
0.496457
-0.271578
-0.0661005
0.301306
-0.00377248
-1.12613
-0.397626
-0.652319
0.39986
-0.729048
0.472964
-1.23686
-0.652465
-0.142524
-0.0182645
-0.729808
0.459731
-0.581815
0.101565
-0.0963463
0.255611
0.626805
0.227105
0.576805
-1.06906
-0.172721
-0.746819
-0.0979344
-0.0594502
-0.430362
-0.920634
-0.303976
0.337215
0.188017
0.668583
-0.871086
-0.41236
0.213798
-1.26748
-0.462203
-0.769044
-0.219821
0.11024
0.0842013
-0.182875
-0.0727344
0.449734
-0.14147
0.256302
0.176211
-0.209338
0.40659
0.202412
-2.26988
-1.22104
0.496279
0.0373766
-0.2857
-1.35141
-0.214466
-0.411305
-0.709149
-0.128145
-1.50877
-0.16893
0.0352316
0.289884
-0.727366
0.0366142
-0.135222
0.0500053
-0.309452
-0.385261
0.304475
-0.0839846
-0.792855
0.38008
0.202325
-0.749159
-0.957998
-1.63031
0.195647
0.193913
0.627099
-0.985945
-0.261429
-0.578756
-0.139311
-0.250658
-0.32197
-1.29582
0.225769
0.611527
-0.387254
0.322357
0.630744
-1.35906
-0.450264
-0.0651271
-0.838897
0.228212
0.1813
-1.53209
-0.0452727
-0.744902
-0.852085
-0.275696
0.0366157
-0.503758
0.468307
-0.318738
-0.543396
-0.660244
0.0229612
-0.144954
-0.172957
-1.20942
-0.45498
-0.92858
0.215493
-0.241407
0.167249
-0.574754
-0.242302
0.0642057
0.0277901
-0.406615
-0.730031
0.22163
-0.53687
0.320897
-0.188047
-0.14886
0.513225
-0.355292
0.513157
0.28552
-0.225367
0.00509017
-0.0907093
-1.16934
0.106687
-0.244114
-1.63633
0.661738
-1.13151
-0.543737
-0.690129
-0.39825
-1.01061
-1.04195
-0.656116
-0.567095
-0.260764
0.586819
-0.653897
0.154324
0.415143
-0.855104
-0.837699
-0.285129
0.490193
-1.36474
0.345672
0.066567
-0.112025
0.455415
-0.259696
-0.784999
-0.383825
-1.30614
-0.510011
-0.940862
-1.70508
-1.12172
-0.105012
-0.110704
0.137742
0.501991
0.35616
-0.176475
-1.48208
-0.336742
0.467764
0.273247
-0.483727
-1.34359
-0.653908
0.0626066
0.0322015
0.468882
-0.391929
-1.05282
-2.03203
-0.0192148
0.622172
-1.10388
-0.0158516
-0.171792
-0.509364
0.268028
0.260343
0.318436
-1.73718
-1.8875
-0.775265
-1.03976
-0.529163
-0.4656
0.0588475
-0.101871
0.463606
0.525869
0.0842999
-0.297481
0.012843
0.0882671
-0.867038
-0.321303
0.346447
-0.530669
-0.406828
-0.903492
-0.176434
0.305901
-0.822709
0.278574
0.23564
0.461289
0.0321202
0.00329009
-0.177161
0.0387622
0.706664
0.0161746
-0.574165
0.525402
0.388918
-0.4718
-0.01619
-0.225793
0.0738978
-0.988664
-0.000699314
-0.0628843
-0.441677
-1.47596
0.393442
0.493703
-0.160962
-0.960789
-0.269602
-0.440153
-0.0579292
0.0438857
0.270717
0.128709
-0.40081
-1.46203
0.143044
-0.560479
0.565687
-0.0814464
0.483267
0.514535
-0.632029
0.0413509
0.070985
-0.35613
0.472376
0.113599
0.236078
0.444085
0.172836
0.168129
-0.559015
-1.10049
0.278054
0.258892
0.317443
0.0986042
-0.0736602
-0.0495807
-0.492932
-1.363
0.22118
-1.13219
0.473328
0.261175
0.192714
0.0467805
0.273659
-0.157678
0.518932
0.337404
-1.53699
-0.49403
-0.28708
-0.404693
0.401307
-0.190789
-1.92337
-1.62891
0.469287
-0.786654
-0.829948
-0.551387
-0.0236828
0.310052
-0.209675
0.563061
-0.668535
-0.220978
0.214461
-0.573175
-0.278805
-0.405484
0.306268
-0.0227278
-0.670172
-1.24212
0.306614
-0.484486
-0.248988
-1.09528
-0.569403
-0.0364576
0.206662
0.488212
0.553584
0.652722
-0.926214
-0.389246
-0.391689
-0.0558163
-1.13564
-1.49201
-0.100432
-1.84902
-0.893814
-0.0595115
-0.351373
0.473001
0.494553
-1.28989
-0.123692
-1.43926
-0.706855
-1.34301
-0.0770479
0.0772858
-0.241969
-0.301582
0.399291
0.399957
-0.201418
0.0892292
-0.00294583
0.248219
0.15006
-0.236646
-0.142299
0.277356
-0.479367
-0.62038
-1.06094
-0.131097
0.386998
0.0885879
-0.525078
-0.303302
0.10201
-1.21802
-0.664367
0.231562
0.428635
0.086009
0.0853065
-0.100802
0.479223
-0.194638
-0.722713
0.316029
0.358029
0.16788
-0.189328
-0.357206
-0.901479
-1.599
-0.533519
0.186983
-0.155402
0.0637913
-0.984143
0.402953
-1.26265
0.191578
-0.997208
-0.33904
0.424758
-0.37724
-2.04122
0.331715
-0.92371
-1.20391
-0.425128
0.24998
-0.348974
-0.0653801
-0.245092
0.213733
-0.968761
-0.205934
-0.0963733
-0.095204
0.502575
0.0205496
-1.00285
0.109036
-0.508341
0.20013
0.457962
0.442717
-0.240378
0.390403
-1.63525
0.59228
-0.694868
-0.200134
-0.85619
-0.30811
-0.155623
0.0429871
-0.026491
-0.704138
0.235005
-1.09481
-0.120811
-0.946607
-0.575523
0.0486472
-0.623513
-0.337259
-0.840882
0.172609
-0.404118
-0.00439335
-0.826787
-1.39822
-0.620412
-1.7335
-0.690295
-2.54214
-0.133524
-0.103155
-0.196531
0.32128
-0.607755
0.509568
-0.306998
-0.342582
-0.236483
-0.674647
0.0679705
-0.98117
-1.57837
-0.192273
0.116514
-0.145302
-0.566947
-0.414024
-0.077085
-0.0698548
-0.788417
-1.09062
0.440683
-0.505711
0.314915
0.332952
-0.0824159
-0.482297
-0.0506534
0.786936
0.135168
-2.55323
0.267858
-0.00875823
-0.105711
-1.0068
0.159024
-1.05108
-0.283407
-0.144395
0.264328
-0.560424
-0.433488
-0.28289
-0.767556
-0.0477693
-0.0466413
-0.0950898
0.192461
-0.713356
0.31581
-1.62008
0.500683
0.360241
-0.275544
0.0637766
-0.998464
-1.34426
0.147377
-0.0161249
0.389064
-0.414615
0.247892
-0.304117
-0.754588
-0.816102
0.25867
-0.863301
0.514406
-0.0665935
-0.183451
-0.218513
-0.237479
0.182361
-0.87996
0.40409
0.0655931
-0.769126
-0.0645147
-1.06406
-0.143738
-0.961926
-0.584078
-1.03344
-1.21332
-1.09814
-1.09629
-1.48751
0.373968
-0.266983
-0.357345
0.247326
-0.271598
0.647352
0.204606
0.105726
0.530083
-1.18259
-0.98793
0.138181
0.436784
-0.464676
0.120866
0.0816753
-0.226197
0.393179
-0.286045
-0.351918
-0.187892
0.0687018
-0.847834
0.154901
0.180384
0.508281
0.222453
-0.0892771
0.0848634
-0.519353
-0.293487
-0.454813
-0.485496
-0.825898
0.577936
-0.0277041
-0.651368
0.215866
0.38096
0.0407444
-0.903935
-0.567303
-0.829156
0.267502
-0.69938
0.446564
-1.09833
-0.173754
-0.306614
-0.202719
-0.0224965
-0.206731
-1.72098
0.0729414
-0.17366
-0.450529
0.364221
-0.730782
-0.505344
-0.00146915
-0.162556
0.0307736
-0.320573
-0.660752
-0.0613709
0.447804
0.229704
0.432872
-0.0951103
-0.551978
-0.157302
-0.756911
-1.27896
-0.594624
0.123045
-0.703847
-0.582601
-0.689471
-0.605395
-0.191833
0.131913
-0.368613
-0.247359
0.191309
0.418842
0.380588
-0.000935879
-0.761483
-0.168155
0.252811
-0.481928
0.060676
0.0170935
-0.0669249
0.575072
0.338238
-0.157666
-0.805469
-0.426368
0.0879147
-1.57831
-0.262338
0.268927
0.592424
-0.438227
0.0500285
0.167062
0.192991
0.093163
0.415712
-0.417118
0.0960343
-0.831013
0.489186
0.423723
0.245696
0.138318
0.457553
0.749461
0.447117
0.373008
-0.215877
-1.28533
0.661208
0.29335
0.164232
0.175867
-0.415952
0.00573291
-0.585192
-0.0941081
0.516274
-0.134218
0.649995
0.134749
-0.14952
-0.320864
-0.779447
-0.00607899
-0.12257
0.233426
-0.0653054
0.0919516
-0.282696
0.178831
-0.119607
0.0398789
-0.2233
0.11643
-0.830005
0.494767
0.289298
-0.505617
-0.421516
-0.965202
-0.13633
0.143061
0.394497
-0.441441
-0.248367
0.534556
-0.771662
