0
0
0
0
0
0
0
0
0
0
0
0
0
0
0
0
0
0
0
0
0
0
0
0
0
0
0
0
0
0
0
0
0
0
0
0
0
0
0
0
0
0
0
0
0
0
0
0
0
0
0
0
0
0
0
0
0
0
0
0
0
0
0
0
0
0
0
0
0
0
0
0
0
0
0
0
0
0
0
0
0
0
0
0
0
0
0
0
0
0
0
0
0
0
0
0
0
0
0
0
0
0
0
0
0
0
0
0
0
0
0
0
0
0
0
0
0
0
0
0
0
0
0
0
0
0
0
0
0
0
0
0
0
0
0
0
0
0
0
0
0
0
0
0
0
0
0
0
0
0
0
0
0
0
0
0
0
0
0
0
0
0
0
0
0
0
0
0
0
0
0
0
0
0
0
0
0
0
0
0
0
0
0
0
0
0
0
0
0
0
0
0
0
0
0
0
0
0
0
0
0
0
0
0
0
0
0
0
0
0
0
0
0
0
0
0
0
0
0
0
0
0
0
0
0
0
0
0
0
0
0
0
0
0
0
0
0
0
0
0
0
0
0
0
0
0
0
0
0
0
0
0
0
0
0
0
0
0
0
0
0
0
0
0
0
0
0
0
0
0
0
0
0
0
0
0
0
0
0
0
0
0
0
0
0
0
0
0
0
0
0
0
0
0
0
0
0
0
0
0
0
0
0
0
0
0
0
0
0
0
0
0
0
0
0
0
0
0
0
0
0
0
0
0
0
0
0
0
0
0
0
0
0
0
0
0
0
0
0
0
0
0
0
0
0
0
0
0
0
0
0
0
0
0
0
0
0
0
0
0
0
0
0
0
0
0
0
0
0
0
0
0
0
0
0
0
0
0
0
0
0
0
0
0
0
0
0
0
0
0
0
0
0
0
0
0
0
0
0
0
0
0
0
0
0
0
0
0
0
0
0
0
0
0
0
0
0
0
0
0
0
0
0
0
0
0
0
0
0
0
0
0
0
0
0
0
0
0
0
0
0
0
0
0
0
0
0
0
0
0
0
0
0
0
0
0
0
0
0
0
0
0
0
0
0
0
0
0
0
0
0
0
0
0
0
0
0
0
0
0
0
0
0
0
0
0
0
0
0
0
0
0
0
0
0
0
0
0
0
0
0
0
0
0
0
0
0
0
0
0
0
0
0
0
0
0
0
0
0
0
0
0
0
0
0
0
0
0
0
0
0
0
0
0
0
0
0
0
0
0
0
0
0
0
0
0
0
0
0
0
0
0
0
0
0
0
0
0
0
0
0
0
0
0
0
0
0
0
0
0
0
0
0
0
0
0
0
0
0
0
0
0
0
0
0
0
0
0
0
0
0
0
0
0
0
0
0
0
0
0
0
0
0
0
0
0
0
0
0
0
0
0
0
0
0
0
0
0
0
0
0
0
0
0
0
0
0
0
0
0
0
0
0
0
0
0
0
0
0
0
0
0
0
0
0
0
0
0
0
0
0
0
0
0
0
0
0
0
0
0
0
0
0
0
0
0
0
0
0
0
0
0
0
0
0
0
0
0
0
0
0
0
0
0
0
0
0
0
0
0
0
0
0
0
0
0
0
0
0
0
0
0
0
0
0
0
0
0
0
0
0
0
0
0
0
0
0
0
0
0
0
0
0
0
0
0
0
0
0
0
0
0
0
0
0
0
0
0
0
0
0
0
0
0
0
0
0
0
0
0
0
0
0
0
0
0
0
0
0
0
0
0
0
0
0
0
0
0
0
0
0
0
0
0
0
0
0
0
0
0
0
0
0
0
0
0
0
0
0
0
0
0
0
0
0
0
0
0
0
0
0
0
0
0
0
0
0
0
0
0
0
0
0
0
0
0
0
0
0
0
0
0
0
0
0
0
0
0
0
0
0
0
0
0
0
0
0
0
0
0
0
0
0
0
0
0
0
0
0
0
0
0
0
0
0
0
0
0
0
0
0
0
0
0
0
0
0
0
0
0
0
0
0
0
0
0
0
0
0
0
0
0
0
0
0
0
0
0
0
0
0
0
0
0
0
0
0
0
0
0
0
0
0
0
0
0
0
0
0
0
0
0
0
0
0
0
0
0
0
0
0
0
0
0
0
0
0
0
0
0
0
0
0
0
0
0
0
0
0
0
0
0
0
0
0
0
0
0
0
0
0
0
0
0
0
0
0
0
0
0
0
0
0
0
0
0
0
0
0
0
0
0
0
0
0
0
0
0
0
0
0
0
0
0
0
0
0
0
0
0
0
0
0
0
0
0
0
0
0
0
0
0
0
0
0
0
0
0
0
0
0
0
0
0
0
0
0
0
0
0
0
0
0
0
0
0
0
0
0
0
0
0
0
0
0
0
0
0
0
0
0
0
0
0
0
0
0
0
0
0
0
0
0
0
0
0
0
0
0
0
0
0
0
0
0
0
0
0
0
0
0
0
0
0
0
0
0
0
0
0
0
0
0
0
0
0
0
0
0
0
0
0
0
0
0
0
0
0
0
0
0
0
0
0
0
0
0
0
0
0
0
0
0
0
0
0
0
0
0
0
0
0
0
0
0
0
0
0
0
0
0
0
0
0
0
0
0
0
0
0
0
0
0
0
0
0
0
0
0
0
0
0
0
0
0
0
0
0
0
0
0
0
0
0
0
0
0
0
0
0
0
0
0
0
0
0
0
0
0
0
0
0
0
0
0
0
0
0
0
0
0
0
0
0
0
0
0
0
0
0
0
0
0
0
0
0
0
0
0
0
0
0
0
0
0
0
0
0
0
0
0
0
0
0
0
0
0
0
0
0
0
0
0
0
0
0
0
0
0
0
0
0
0
0
0
0
0
0
0
0
0
0
0
0
0
0
0
0
0
0
0
0
0
0
0
0
0
0
0
0
0
0
0
0
0
0
0
0
0
0
0
0
0
0
0
0
0
0
0
0
0
0
0
0
0
0
0
0
0
0
0
0
0
0
0
0
0
0
0
0
0
0
0
0
0
0
0
0
0
0
0
0
0
0
0
0
0
0
0
0
0
0
0
0
0
0
0
0
0
0
0
0
0
0
0
0
0
0
0
0
0
0
0
0
0
0
0
0
0
0
0
0
0
0
0
0
0
0
0
0
0
0
0
0
0
0
0
0
0
0
0
0
0
0
0
0
0
0
0
0
0
0
0
0
0
0
0
0
0
0
0
0
0
0
0
0
0
0
0
0
0
0
0
0
0
0
0
0
0
0
0
0
0
0
0
0
0
0
0
0
0
0
0
0
0
0
0
0
0
0
0
0
0
0
0
0
0
0
0
0
0
0
0
0
0
0
0
0
0
0
0
0
0
0
0
0
0
0
0
0
0
0
0
0
0
0
0
0
0
0
0
0
0
0
0
0
0
0
0
0
0
0
0
0
0
0
0
0
0
0
0
0
0
0
0
0
0
0
0
0
0
0
0
0
0
0
0
0
0
0
0
0
0
0
0
0
0
0
0
0
0
0
0
0
0
0
0
0
0
0
0
0
0
0
0
0
0
0
0
0
0
0
0
0
0
0
0
0
0
0
0
0
0
0
0
0
0
0
0
0
0
0
0
0
0
0
0
0
0
0
0
0
0
0
0
0
0
0
0
0
0
0
0
0
0
0
0
0
0
0
0
0
0
0
0
0
0
0
0
0
0
0
0
0
0
0
0
0
0
0
0
0
0
0
0
0
0
0
0
0
0
0
0
0
0
0
0
0
0
0
0
0
0
0
0
0
0
0
0
0
0
0
0
0
0
0
0
0
0
0
0
0
0
0
0
0
0
0
0
0
0
0
0
0
0
0
0
0
0
0
0
0
0
0
0
0
0
0
0
0
0
0
0
0
0
0
0
0
0
0
0
0
0
0
0
0
0
0
0
0
0
0
0
0
0
0
0
0
0
0
0
0
0
0
0
0
0
0
0
0
0
0
0
0
0
0
0
0
0
0
0
0
0
0
0
0
0
0
0
0
0
0
0
0
0
0
0
0
0
0
0
0
0
0
0
0
0
0
0
0
0
0
0
0
0
0
0
0
0
0
0
0
0
0
0
0
0
0
0
0
0
0
0
0
0
0
0
0
0
0
0
0
0
0
0
0
0
0
0
0
0
0
0
0
0
0
0
0
0
0
0
0
0
0
0
0
0
0
0
0
0
0
0
0
0
0
0
0
0
0
0
0
0
0
0
0
0
0
0
0
0
0
0
0
0
0
0
0
0
0
0
0
0
0
0
0
0
0
0
0
0
0
0
0
0
0
0
0
0
0
0
0
0
0
0
0
0
0
0
0
0
0
0
0
0
0
0
0
0
0
0
0
0
0
0
0
0
0
0
0
0
0
0
0
0
0
0
0
0
0
0
0
0
0
0
0
0
0
0
0
0
0
0
0
0
0
0
0
0
0
0
0
0
0
0
0
0
0
0
0
0
0
0
0
0
0
0
0
0
0
0
0
0
0
0
0
0
0
0
0
0
0
0
0
0
0
0
0
0
0
0
0
0
0
0
0
0
0
0
0
0
0
0
0
0
0
0
0
0
0
-1.06917
0.45886
0.19583
-0.0624558
-1.29664
0.27264
-0.542506
0.741469
0.327627
-0.437597
0.147785
-0.957197
-0.762957
-0.0219787
0.185574
-0.0763048
-0.418285
0.220671
-0.072094
-0.628932
-1.91786
0.40357
0.596341
-0.824577
0.0543147
0.306415
-1.54308
0.0965504
0.0584875
0.0762536
-0.592022
0.206043
0.0294481
-1.62127
0.552958
0.403484
0.325165
-0.241296
-0.749516
-0.353446
0.153128
-1.10783
-0.104107
0.251303
0.234516
-0.0357078
0.313454
-1.0696
-1.00543
0.31572
-0.835867
-0.357565
0.147292
-0.847349
-0.977552
0.611395
-0.531047
-0.69355
-0.0532237
-0.197982
0.066518
0.628222
-0.0199543
-0.767697
0.202281
-0.110243
0.71981
0.407749
-1.10232
-0.167696
-1.0636
-0.706386
-0.15529
0.327229
0.168624
0.10863
-2.49677
-0.295876
-0.100894
0.237085
-0.321289
-0.266073
0.036544
-0.68479
0.256949
-0.313349
-0.442663
-0.590122
0.319546
0.167425
-1.25389
0.0740043
0.0924394
-0.216317
-0.244103
0.703507
0.123082
-0.70356
-0.67421
0.500002
-0.492274
-0.710746
-1.22009
0.152858
-0.438899
-0.901504
-1.36407
-2.24321
-0.846399
0.284397
-0.0958631
-0.513998
0.221122
0.222757
-0.291665
0.225494
0.149246
-0.896941
-0.469498
0.417546
0.235612
0.232586
-0.173191
-0.120544
-0.558857
-0.029129
0.474044
-0.251767
0.699839
-0.500971
-0.31563
0.206881
-0.821759
-0.411328
-1.10952
-0.321382
-0.865401
-0.113986
0.626839
-0.844248
-0.0536482
-2.14764
-0.0797304
-0.239806
-0.275582
-1.07485
0.0936857
-0.434449
0.30391
-0.851567
0.173565
0.509832
0.517089
-0.434911
-0.114249
-1.10628
-0.2258
0.197188
-0.835449
0.440555
0.243305
0.297351
0.0266268
-1.30977
0.272823
-0.251762
-1.36244
-1.43353
0.24216
-0.367342
-0.9248
0.176616
0.197364
0.554388
0.538176
0.0336061
0.311528
0.261839
-0.978407
-0.403555
-0.132486
0.548499
0.505374
0.11581
-0.707308
0.551222
0.257448
-0.0617962
0.264726
-0.854525
0.308009
-0.046144
-0.94728
0.11624
0.70065
0.472414
-0.497046
-0.605863
0.0947708
0.412691
-1.13469
0.0250285
0.612594
0.414355
-0.683984
0.171379
0.00948307
-1.00679
-1.17606
-2.042
-1.02773
-0.328753
-0.745475
-1.18023
-0.297512
-0.991542
-1.10697
-0.339192
0.000252119
-0.379258
-0.83
0.530601
-1.42274
-0.491258
-0.307732
-0.349513
-0.240164
-0.226199
-0.682957
0.686692
-1.36092
-0.91578
0.764375
-0.550426
0.404407
0.276947
-0.223302
-0.659558
-0.477746
-0.66038
-1.04475
-0.472114
-0.135981
0.349399
-0.0350881
0.096004
-0.572688
-0.139293
-0.423927
-0.491973
0.248012
-0.351028
0.555216
0.585401
-0.391959
-2.33821
-0.261872
0.00462077
-1.55823
-1.07076
-1.03508
-0.794656
-0.0145472
0.671261
-1.49449
-0.935033
-1.68025
0.364209
0.0775634
-0.501821
-0.132674
0.135037
0.190314
0.42141
0.0121138
-2.20306
-0.385614
-0.341978
0.0361462
-0.00300602
-0.327812
-0.0663481
0.347886
-0.0618692
-0.45971
-0.25846
-0.347849
-1.40179
-0.0638737
-0.762039
0.165489
0.698332
-0.888281
0.102882
-0.756848
0.343329
0.537322
-2.0928
-2.59743
0.178377
-0.91665
-0.446734
-0.0278118
-0.159655
-1.65722
0.042645
-0.79851
-0.319258
0.61104
-1.38117
-0.914041
-0.914396
0.863341
-1.63424
-1.28359
0.050121
-0.398167
-1.79334
0.464691
-0.710405
0.442152
-0.0202898
0.48957
0.0305447
0.68995
-0.420514
0.186003
-1.651
0.381371
-0.0517833
-1.67937
-0.0161826
0.516492
-0.633609
-0.101565
-0.34974
-0.123396
0.268485
-0.900261
-3.2876
-3.44549
-0.668401
0.672507
0.144519
-0.817765
-0.405822
0.218995
-0.616034
-0.185601
0.415421
-1.3843
0.35476
0.115384
-0.176121
0.148548
0.314954
-0.984869
0.200136
-0.784822
-0.427028
-1.04925
0.275965
-1.13982
0.384086
-1.28853
-0.449718
0.158819
0.270629
-1.49497
-0.120623
-0.175206
-0.840778
0.383586
-0.288555
0.492849
-2.39073
0.737426
-0.690448
0.307252
-1.64938
0.515468
-0.992431
-1.41763
-0.528244
0.230463
-0.384442
0.0219639
-0.718233
0.22929
-0.927888
-0.559285
-1.05772
0.442591
0.815709
-0.669409
-0.0367014
0.312032
-1.46048
-0.136372
0.359758
-1.14067
-0.520861
-2.16222
0.494033
-1.36861
0.600579
-1.29475
-0.950199
-1.44302
-1.33911
0.139682
-0.783943
-0.576653
-0.304821
-0.356965
0.927519
-0.593248
-0.371983
0.613116
-0.575175
-0.497479
-0.676922
-1.20912
-1.92744
-1.31215
-0.737187
0.529535
0.0648475
0.214551
-0.754059
-0.840827
-0.679543
-0.389262
-1.09479
-1.04452
0.408351
0.121296
-0.276866
-1.4738
-1.03596
0.454706
0.412846
-0.337595
-0.6352
0.379789
-1.79884
0.0476522
-1.05665
0.0458254
-0.975113
0.0918393
0.141316
0.586525
0.50612
-1.7986
0.364178
-0.0459443
-0.843953
-0.123891
-0.24172
-0.0961967
0.504901
0.295152
-0.116641
-0.816391
0.251434
-0.50983
-0.401532
-1.02496
-0.235327
0.0274089
0.178619
-0.822011
-0.269162
-0.873253
0.738854
-1.78716
-0.920739
0.46313
0.0748772
-1.07642
0.2701
-0.143515
-0.264404
-0.2034
-0.827015
0.212474
0.35406
0.380237
-0.929658
-0.408636
-0.566817
0.487771
-0.0457668
0.340412
-0.235199
-0.551735
0.33055
-0.490566
-0.112912
-0.88915
-2.12467
-1.36578
0.147993
-0.548608
-0.934404
-0.251069
-0.547489
-1.12776
0.256035
-0.189989
0.210029
-0.149972
0.00392148
-0.123345
-0.18729
-0.14084
0.341011
-1.09768
-0.433954
0.36139
-2.45659
-1.34756
-0.236647
-0.435081
0.414417
-1.62754
0.325071
-0.0310201
0.0230904
0.435814
-0.437268
0.175378
0.312037
-0.115059
-0.311677
0.319039
-0.0440757
-1.1931
-0.329028
-0.733756
-1.61304
0.157786
-0.864621
0.166852
0.591795
0.164831
-1.24936
0.425475
-0.645733
-1.57801
-1.37083
-0.515534
-0.043791
0.14482
0.185475
0.16417
0.0105569
-1.87193
-1.13732
-0.221576
0.378664
-1.87329
-1.61957
0.351732
-0.505365
-0.147661
-0.913638
-0.438153
0.418502
-1.26244
-2.63927
-0.173425
0.355968
-1.24704
0.421616
-0.757783
-1.15509
0.165882
0.0425288
0.134527
-0.0716119
-0.843437
-0.762951
-1.63243
-1.38052
-0.579464
0.249987
0.435822
-0.861605
-0.891871
-1.12446
-0.0677376
0.204226
0.427784
-0.131366
-0.723732
-0.516887
-0.313538
-0.0146606
-1.51621
0.0835548
-0.937762
0.292686
-1.20994
-0.146519
-2.10822
0.315238
-0.419236
-2.12822
0.364754
0.244854
0.453428
-2.3027
0.425087
0.353286
-0.400931
-0.0162706
-0.172504
-0.63906
-0.129272
-0.931223
-0.528135
-1.74036
0.0726089
-1.20278
-1.05582
0.598061
-1.50058
-0.325869
0.169569
-1.25234
-0.606462
-1.102
-1.55257
0.491692
-0.0417301
-0.464544
0.0524574
-0.0318599
0.151454
0.0025211
0.167367
-0.292041
-0.805826
-0.387871
-0.0276459
-0.393609
-0.575473
-0.459572
-1.59057
0.176791
-0.237882
0.0504027
-0.473936
0.137399
0.424894
-0.753572
-0.650179
-1.50434
0.193938
-1.07547
-0.349902
-0.773973
-0.895836
-0.396194
-1.50465
0.0294731
0.438595
0.23484
-0.356656
-0.169792
0.626795
-0.712101
0.320098
-0.209476
0.636588
0.511221
-0.996411
0.665167
0.678533
-1.972
-1.00215
-2.06418
0.422295
-0.70452
-0.355521
0.475836
-0.733933
-0.296754
-0.341592
-1.00533
0.398157
-0.210409
0.488453
-2.46458
-0.137396
-1.10435
-0.111656
-0.330723
-1.87639
0.431367
0.622205
0.124685
-0.701705
0.249521
0.413199
0.0749182
-0.26658
-0.0570866
-0.755871
-2.1991
-0.290071
-1.54139
0.30231
-1.08589
-1.35398
-0.0990085
0.380048
-0.851368
0.159807
0.00646514
-1.01664
0.395263
-0.29235
-0.514154
-0.168037
-0.981601
-0.206438
-0.144418
0.517836
-1.33382
-0.442505
-0.939603
-0.91106
-0.522026
0.102255
-0.363772
0.171411
0.133564
-0.589552
-0.181872
0.133846
-1.4981
0.690533
-0.397092
-0.286516
-0.547243
-1.72758
-1.7894
-0.257719
-1.29603
-0.870454
0.163477
-0.142261
0.410052
0.436663
0.108787
0.186196
-0.690134
0.0836108
0.0908801
0.141264
-1.31731
-0.853121
0.410394
-0.090791
-0.122344
-0.816091
0.444927
-0.185964
-1.58653
0.480355
-0.060774
0.367156
-0.20858
-0.050266
-0.139663
0.217527
0.173738
-0.953143
-0.234337
-0.507243
0.506049
0.521806
-1.6442
-1.26344
0.114628
0.638297
-0.453352
0.327723
-0.655207
0.0344843
0.342016
0.165473
-0.480571
-0.69419
-1.93579
-1.46947
-0.504189
-0.346627
0.603188
0.266537
0.154862
-0.288149
-0.530898
0.216084
-1.25253
-1.45504
0.164098
0.187572
-1.76096
0.378541
-0.244104
-0.946131
-0.698931
-0.662045
-0.101723
0.509307
-0.124358
0.00335787
-0.0360591
-1.64438
-1.95521
0.183779
0.286986
0.306253
-1.52657
-0.780411
-0.291383
-1.02041
-0.785216
-1.0514
-0.255182
-1.25247
0.180973
0.239839
-0.771494
0.445942
0.417369
0.466641
-0.310621
0.15843
-0.938236
0.327861
0.580767
0.448331
-0.789343
-0.283799
-0.962988
-0.327632
-0.824591
-1.31497
-1.76961
0.196752
-0.0262443
-0.981134
-1.64787
0.187992
0.0926251
-1.18871
-1.34088
0.539187
-0.527816
0.607105
-0.785434
-1.43296
-0.428455
-0.912832
0.0454172
0.045066
-0.933207
0.419002
-0.669038
0.0113695
-1.10422
-0.860777
-0.853547
-0.336092
-2.30545
0.659515
-0.693645
0.363665
-0.729463
-0.265759
-1.25942
-0.196619
0.0582874
0.0903742
-0.987576
-0.182442
0.0870879
-0.168521
-1.11635
0.167897
-0.215531
-0.761058
-1.51392
-1.21077
-0.501192
-1.43036
-1.20751
0.529104
-1.25536
0.660549
0.00547371
-0.258561
-0.973002
-1.83652
-0.711343
-0.344187
0.568718
0.539917
-1.16505
-1.30978
-0.219796
-0.252531
0.120494
-0.27893
-0.367578
0.136528
0.369938
-1.09438
-0.228891
0.0270138
-0.654569
-1.15432
-2.06878
0.173831
-0.386596
-0.145756
-0.418762
0.411732
0.561396
0.492072
-0.772945
0.119366
-0.434069
0.655641
0.473634
-0.498213
0.307326
-0.58487
-1.57883
0.0283548
0.471017
-0.00098704
0.116009
-0.205393
-0.04436
0.334955
0.712937
-0.689457
0.147366
-1.03379
-0.027048
-0.260612
-0.0819302
-0.618314
0.00966949
0.0222927
0.164716
-0.722376
-0.381819
0.378287
-1.33674
0.0286183
-0.134046
-0.300425
0.350906
0.126649
-0.986224
0.000677193
0.609069
0.500965
-0.305592
-0.487823
-0.358134
-0.389925
0.0491791
-0.545866
0.246761
-1.77192
-1.41856
0.0579886
-1.64846
0.227179
0.0990341
0.429203
0.360097
-0.293753
-0.0367301
0.00279077
-0.441393
-0.30798
0.0888711
0.490181
-0.586178
-1.19883
-2.47983
0.581918
0.499205
-0.550432
-0.826081
-0.163723
-0.237576
-1.20105
-0.416148
-0.586089
-0.0147466
-0.575032
-0.177961
-0.337847
0.062766
-1.10818
-1.15434
0.0594247
-0.220905
-0.0488921
0.373932
-0.27983
0.0048018
0.585005
0.417084
0.0347383
0.573952
-0.689324
-0.979811
0.241602
-0.0555984
0.523309
0.2722
-0.958566
-0.696446
-0.334898
-0.453718
-0.549761
0.0652609
0.374357
-0.992897
0.346293
0.18959
-0.038175
-0.548754
0.430884
-1.10568
0.0142711
-0.0393028
-0.31857
0.00579182
-0.453882
0.108653
-0.140315
0.222153
0.116658
-0.312452
-0.913245
-0.22716
-2.00646
0.259713
0.296821
-1.15075
-0.166657
-0.0144802
-0.127857
0.285262
-1.71808
0.22402
-0.425466
-0.567165
-0.587092
-0.0407937
-0.674232
0.56986
-0.405667
-0.016897
0.530195
0.253442
-0.189417
-0.0299619
0.138216
-1.02307
-0.546693
-1.22713
-0.207721
-0.636137
0.142529
0.555638
0.430094
-0.70331
-0.204041
-0.399672
0.196416
-0.654763
-0.0565434
-0.073175
-0.150005
0.234435
0.0710215
-1.51918
-0.78653
-0.0821155
0.540323
-0.909058
0.38047
-0.0315311
0.16103
0.195704
-0.714071
0.356671
-1.91448
0.567809
-0.316057
-0.644561
-1.23064
-0.106648
-0.981699
-1.13755
-0.892743
0.303674
0.104051
-0.848275
-0.742777
0.0275152
-1.77313
-0.598929
0.59641
0.424991
-0.520997
-1.28574
0.360242
-0.322099
-0.709252
-0.450578
-0.0277701
0.0720372
-1.62753
0.251803
-0.0932503
-0.75114
-0.388244
0.140887
-0.225138
0.196478
-1.45799
0.45886
0.241071
0.0702664
0.610483
-1.88256
-0.41605
-0.744825
0.112272
-0.215642
0.302115
-0.60849
-0.192423
-1.13071
0.325995
0.311289
0.277064
-0.282446
-0.136686
-0.393713
0.293978
-0.840838
0.2673
0.497478
0.528603
0.362826
0.282144
0.685039
-1.50741
-0.328874
0.0127835
-1.36437
-0.153381
-0.179533
-0.0946454
0.20758
-0.0382285
-0.0615701
-0.0880452
-0.321045
0.142984
-0.282017
-0.256466
-0.327796
-0.556972
-0.575911
0.149176
-0.526231
-1.04739
0.0124855
0.358416
0.235273
-0.4359
-0.345481
0.288791
-0.311769
-0.865313
0.287927
-0.966537
-0.073511
-0.782751
-1.81508
-1.09005
-0.392948
-0.361752
-0.0565482
0.586607
0.149179
0.0477401
0.00824603
-0.596416
-0.544649
-0.160245
-0.037148
0.0154947
-0.406238
0.129039
-1.2963
-1.7743
-0.664368
-0.14541
-0.715353
-0.794276
-1.45142
0.385003
0.343069
-1.00646
-0.552781
-0.0507252
-0.84124
-1.27655
-0.273716
-0.947849
0.296141
0.22717
-0.852687
-0.536428
0.406805
0.334739
0.543033
0.668583
-2.44414
-0.501932
-0.104435
-1.71264
-0.0259055
-1.81822
-0.215529
-0.141603
-1.01664
0.287951
0.266409
0.599365
-0.0612708
-0.470647
0.259391
0.385339
-0.687809
-0.995599
-2.24995
0.0628447
-0.217704
-0.991553
-0.145565
0.251128
-0.118528
-0.283969
-0.242885
0.233128
0.391434
-0.00128864
-1.38521
0.407141
-0.40815
0.487512
0.350071
-0.024493
-0.444688
0.254137
0.491699
-0.579994
-0.953607
-0.493055
-1.40886
0.102184
0.413998
-0.378485
0.740832
0.161424
-0.375871
0.149712
0.0283941
-0.431868
-0.65171
0.238481
0.175866
-1.05125
-0.309122
-0.378808
-0.0472253
0.604095
-0.267663
0.151325
-0.524562
-2.12682
-0.220607
0.490456
-0.0306978
-1.08236
-0.0868608
-0.179079
-0.0644705
-0.142207
-0.96869
-0.452336
0.405563
-0.440271
-0.685137
0.1205
-0.649429
-1.20265
-0.324511
-0.00288452
-0.0955427
-0.617083
0.280696
-0.71254
-0.0379124
-0.355597
0.254457
-0.0343358
-0.237147
-0.0600898
0.190693
0.373476
-0.731199
0.152787
-3.49816
0.376891
0.0362206
-2.27168
0.102188
0.685466
0.418583
-0.111904
0.316007
0.464596
-0.0402474
-1.10199
-0.0441682
0.0464668
-0.191992
-1.55556
-2.01751
0.220842
0.27575
0.224394
-0.766844
-0.0490394
-0.229677
0.389402
-0.584886
-0.149983
-0.199076
-0.202343
-0.924429
0.186682
0.14026
0.295966
-0.330656
-1.69393
0.334532
-0.318248
0.312811
-0.0618172
0.0419729
0.584241
-0.0362835
0.264181
0.0277672
0.209445
-1.56826
-0.509211
-1.35636
-0.221554
-0.506105
0.410638
-0.195807
-0.231146
-0.119208
-1.10514
0.19527
0.0456794
-0.304152
0.0906048
-0.704449
-0.211965
-0.867961
-0.374809
0.34233
-0.643401
0.417737
0.0453253
-0.562019
-0.6704
0.119738
0.238702
-0.0226215
-0.350392
0.196815
-1.13409
-0.797132
-0.29094
0.144321
0.482564
-0.0300466
0.120039
-0.234625
0.375362
-0.105854
-1.14218
0.117549
-0.331607
-0.638415
0.181874
-0.26508
0.515924
0.396873
0.453689
0.298687
-1.67889
0.0768911
-1.10244
-0.582142
-0.342328
-0.706264
-0.767817
0.0151859
-0.770487
-1.48138
-0.0231282
-0.288546
-2.16311
-0.49235
-0.560843
-0.831323
0.486382
-0.772797
0.194165
0.209079
-0.983778
-0.671721
0.383303
0.441948
0.164643
0.206061
-0.300694
-1.41275
0.128307
0.31198
-0.0409884
-1.43447
-0.129797
-0.335316
0.22672
0.444346
0.0923269
0.53868
-0.0963005
-0.603493
-0.306772
0.364748
0.236342
-2.69164
-0.600356
0.463377
-0.446706
0.00465333
-0.052659
-0.195666
0.531293
-0.132673
-0.115313
0.00877731
0.24425
-1.04281
0.406285
0.595555
0.405884
0.472557
-1.14208
-1.67275
-0.479766
0.341234
0.0798847
-0.369541
0.260136
0.302655
0.0362857
0.467364
-0.0501805
-0.0414159
0.61053
-1.5435
-0.418237
0.0441233
-0.991085
-0.608665
-0.86277
-0.934889
-0.267435
0.376619
-0.928712
-0.470776
-0.460315
-0.0193692
-0.75036
0.628561
-0.0793844
0.284155
-1.82015
-0.793111
0.212707
-1.15335
-0.747581
-0.155722
0.055822
-0.578391
0.490009
0.0347848
-0.0291403
0.047952
-0.80472
-1.3326
-0.0286979
0.0980612
0.239886
-0.469259
-0.700989
0.247661
-0.459242
-0.564618
-0.368865
-0.422085
0.323019
-1.04941
-0.832083
-0.889324
0.0937518
-0.643703
-0.610786
0.28652
0.010904
0.532015
-1.00576
-0.600639
-0.252545
-1.64899
-0.0315661
-0.0370817
-0.0402441
-0.409247
0.254236
-0.634741
0.142189
-0.509552
0.159606
-0.293379
0.4766
-0.881503
-0.216825
-0.423891
0.0244148
-0.591376
-0.23875
-0.723893
0.034561
0.51921
0.054795
-0.512599
0.537637
-0.885817
-0.365203
-0.811739
0.147637
-0.584785
0.158452
-0.0158295
0.321851
-0.945526
0.842489
-0.152316
0.0504176
-0.0461174
-0.653809
-0.569209
-0.962572
-0.2597
-0.595932
0.255266
0.412028
0.233915
0.163264
-1.30474
-0.496019
-0.419719
-1.30319
0.148299
-0.929224
0.238198
0.394971
-0.553299
-0.0213707
-0.705142
0.0151458
-1.18044
-0.15472
0.036372
-0.343121
-1.67944
-0.619196
-1.17501
-0.314098
0.244055
-0.88838
0.250958
0.192451
-0.116003
0.564431
-0.441452
-0.210404
-0.344876
-1.55348
-0.174338
0.178206
0.0881163
0.304896
0.0312756
0.0731713
-0.613135
0.47567
-0.493888
-0.481881
0.352488
-0.220357
-0.901409
-0.831375
0.585773
-0.206111
-0.00153379
0.0789155
0.164269
0.310792
0.588819
-0.699612
0.119547
0.607296
0.575471
-1.94117
-1.01534
0.223129
-0.497216
-0.403432
-0.70856
-0.00486269
-0.399946
-1.09522
0.281496
0.244771
0.348689
0.0413393
0.441459
0.137805
0.0639834
-0.0181226
-0.894053
-0.649454
-0.610172
-0.515012
0.0875422
0.145059
0.204727
-0.932803
-1.15695
-0.37771
-1.0308
-0.431597
0.211868
-0.364951
-0.604422
-0.0278112
0.103479
-0.983469
0.268532
0.822273
-0.6937
-1.44649
0.287816
-0.0248668
0.356007
-1.05718
0.395057
-0.93715
-0.377481
0.385113
0.0738219
0.0762587
-0.370625
-1.00269
-0.0999598
-0.87565
0.164524
-0.356142
0.315703
-0.404336
-0.106302
0.0096957
-1.60436
-0.506999
0.462451
-1.02016
-0.335141
0.297974
-0.128631
-0.0114669
-1.70432
-0.224767
0.157053
0.105728
-0.0634829
-0.320461
-0.837234
-0.669614
-0.809648
-0.00331086
0.558696
-0.763858
-1.00491
0.569294
0.436309
0.0652996
0.478244
-0.88929
-1.48707
0.0687325
0.527795
0.336112
-0.224445
-1.40259
-0.307066
-0.553151
-0.347926
-0.63306
-0.858155
0.0252942
-0.705592
-1.08068
0.0983135
0.786237
0.0690847
0.303045
-0.525853
-0.06234
-0.278705
0.0705175
-0.129301
-0.304769
-1.4479
0.0141799
-0.687412
-0.373776
0.0554201
0.191805
-0.249906
-0.257449
-0.0598788
-0.647694
0.162377
-1.29027
-1.36168
-0.0792018
0.361085
-0.14483
-0.410339
0.253853
-0.0932552
0.0573192
-0.473728
0.139187
-0.478683
0.633386
-0.353005
0.444532
0.0338705
0.0249059
-0.408574
0.123987
-0.874858
-0.450331
-0.500863
-0.261988
0.71939
-1.47183
-0.604112
0.293094
-0.332432
0.453706
0.287823
0.340609
-0.786813
-0.670417
0.187421
-0.314005
0.306774
-0.642391
0.245436
-0.384016
0.537219
-1.51517
0.0728649
-2.1293
0.0357073
-1.07955
-0.898761
-0.108566
-0.925762
-0.503419
0.00409216
-0.463602
0.199226
-0.247345
0.355186
0.421973
-0.529571
-0.643968
-0.0816559
-0.169991
0.268004
-0.778962
0.692577
0.391064
0.367788
0.37448
0.0542339
-0.0292817
0.197996
-1.20399
0.172964
-0.0593219
-1.37147
0.619525
-0.495832
-0.709397
-1.02454
0.32098
0.38154
0.328776
0.353393
-0.386211
0.321849
-0.0974833
0.222473
0.18598
-0.132118
0.254466
-0.0588503
0.070506
0.295337
-1.3479
0.401437
0.280169
-0.649138
0.484552
-1.16239
-0.373787
-0.947989
0.254095
-0.349013
0.435401
0.00135935
-0.415718
-0.346028
0.389794
0.679408
0.0457853
-0.280917
0.386378
0.664622
-1.20219
0.252965
-0.670743
-0.510195
-0.166424
-1.03502
-0.704305
-2.35197
-0.0258693
-0.507995
-0.872273
0.137439
-0.118236
0.441443
-0.0288505
0.260459
-0.448158
0.151852
0.42339
0.137841
0.228392
-0.267784
-0.38028
-0.0234493
0.34291
-0.648783
0.417576
0.0641296
-0.69791
-1.30787
0.156007
0.460253
-0.0715081
0.38721
-0.100742
0.485017
-1.98267
0.445333
0.19785
-2.52318
-0.635187
0.279669
0.343007
-1.06136
-1.43083
0.369686
-0.00633092
-1.26762
0.232151
0.440105
-0.0622098
0.199902
0.171969
-0.601474
-0.193157
-0.288847
-1.33056
0.495639
-1.20101
-0.168806
-0.905024
-0.786887
-0.899247
-1.5907
0.403849
0.122055
-0.494088
0.0983957
-0.583797
-0.481994
-0.218891
-0.0174555
-0.0219
0.731199
0.539306
-1.35246
-0.225035
0.73108
-0.755982
-0.373943
-1.60996
0.208816
-1.09526
0.370301
-0.623634
-0.0745116
-0.386622
-1.1176
0.241289
0.0180544
-0.296106
0.189209
-0.882636
-2.9035
0.340728
0.284583
-0.544636
-0.334294
-1.04661
-0.046481
-0.00966262
0.641979
0.306938
-0.718674
-0.336519
-1.37797
0.504577
-0.882946
