0.633254
0.300034
-0.905805
-0.314992
-0.361014
0.0636821
-0.321565
-0.401757
-0.521366
-0.329675
-2.08867
0.229796
-1.12906
-0.160659
0.0116755
0.602326
0.173976
0.451437
0.147972
-0.441276
0.338949
-1.65478
0.112135
-1.07902
-0.329208
0.42351
-0.503731
0.48475
0.301412
-0.835721
-0.662505
-0.765959
0.269321
-1.38055
0.531107
0.387867
0.584613
-1.84302
-1.58122
-0.265844
-0.215458
0.0676457
-0.82058
-1.73504
-0.128345
-0.16218
-0.756151
-0.802514
-0.180489
0.231666
0.238569
-1.79478
0.339883
-0.138201
0.158387
-2.17041
0.31181
0.24018
0.0222483
-0.380771
0.707873
-0.0618235
0.238754
-0.0473076
-0.0493381
0.0931191
-1.01499
-0.972819
-1.17891
0.441203
-0.214218
0.13953
0.329105
-0.0446597
-1.28255
-0.246289
0.615452
-0.898968
-1.61985
-0.779362
-0.549027
-0.855915
-0.184421
0.389576
-0.266514
-0.0626566
-1.48821
-0.089639
-0.838158
-0.40789
0.0877116
-0.0143477
-0.649575
-1.81551
-0.872818
-0.109123
-1.09865
-0.918708
-0.900559
0.0910425
0.272256
-0.901316
0.401197
0.3986
-1.24664
0.154833
0.148296
-0.956283
0.547814
-0.764262
-1.34572
0.42981
-0.850437
-0.286824
-1.06159
0.128449
0.222891
0.612684
-0.715151
-0.974334
-0.138327
-1.40283
-1.56159
0.565438
0.346088
0.42729
0.379138
-1.67059
-0.0906349
-0.663101
-0.735477
-0.629243
-1.71692
-0.0682042
-1.07924
-2.49623
-0.683994
-1.8903
0.294157
-2.87248
-0.501566
-1.84688
-0.560172
-0.10114
-0.447858
0.178165
0.262207
-1.52794
-2.53004
-0.228869
0.495019
-1.12891
0.171915
0.403127
-0.216601
-1.38963
0.196244
-0.597364
0.0141482
-1.78678
-0.119761
-0.77159
0.0350267
-0.257484
-0.191496
-0.726479
0.191955
-0.107281
-0.285145
0.49584
-2.54454
0.0276524
-0.922265
0.0927456
-0.265232
-0.922067
0.107801
0.337226
0.368016
0.290136
-1.98215
-0.547172
0.0376757
-0.201242
-0.919408
0.25998
-0.709805
-1.09909
-0.133388
0.265908
-0.245522
-0.142201
-1.02453
0.380763
-0.844291
0.516266
-1.08053
-0.969826
0.456872
0.425472
-2.18948
-0.233223
-0.460953
-0.47162
-0.373229
0.326386
-2.61563
-0.0107391
-1.0984
-1.01874
0.00459059
0.0588818
0.250413
0.156172
-0.0160419
-0.184277
-0.941395
-0.17152
-0.109274
0.342925
-1.21209
-0.0756899
0.269313
-0.535129
0.285529
-0.300666
-0.0735177
-1.63307
0.250795
0.394268
-0.736372
-0.493254
-0.0849224
-0.845607
-0.721073
-0.11235
0.132236
0.0150199
-0.0496801
0.0860894
-1.59939
0.497324
-1.50012
-0.0760596
-0.376881
0.255753
-0.861209
0.114951
-0.904311
-0.168932
0.318664
0.574467
-0.673128
-0.177209
-0.0868143
-0.345616
-0.0352755
-1.189
-0.383102
-0.51386
-1.31032
-0.976603
-0.606888
-0.0434773
0.15778
-0.200998
-0.781659
-0.477389
0.403983
-2.24001
-1.41302
0.331635
-0.0198371
-0.125912
-0.274463
-0.660923
-0.451556
-1.38454
-0.028566
0.100414
-0.791755
0.229874
-1.41151
-0.541565
-2.39757
0.253242
0.409509
-0.052117
-0.851858
-0.348414
-0.822836
-2.1359
-0.988925
0.376242
-0.226574
-0.727444
-1.2
-0.0651355
-0.26187
-0.209938
-0.484284
-0.323562
-0.00767312
0.20582
-0.938215
-0.955707
0.409722
-0.182876
0.476413
0.439054
0.216384
-0.801381
-0.0397425
-0.0883314
-0.830607
0.0864644
-1.6552
0.180525
-0.0246853
-0.165825
-0.948949
-1.25703
-0.388479
0.00120969
-1.11619
0.00984218
-1.92199
-1.232
-0.328746
-1.46963
0.00802598
-0.190842
-0.185175
-0.142529
-1.20779
0.464501
0.111178
-0.42534
0.24199
-0.427145
0.0250242
-0.0785616
0.137936
-0.270437
0.0131514
-0.790421
0.348868
-1.07162
0.179988
0.186168
-1.58455
0.000873394
-1.84965
0.102709
-0.785791
-2.04125
-0.853934
-0.250608
0.18123
0.378293
-2.69747
0.091311
-0.0013589
-0.902568
-0.741789
0.448593
0.292705
-0.207338
-1.06423
0.209385
-0.0787252
-1.00475
-0.846808
-0.814219
0.175674
-1.40764
-0.381681
0.083882
-0.275425
-0.883481
-0.64826
0.157497
-0.460062
0.504375
-0.432298
0.301792
-0.576946
-2.61122
-0.488559
-0.832003
-0.268287
0.42192
0.170026
0.196895
0.32481
-0.50964
-0.240898
-0.725256
0.398101
0.601927
-0.00829507
0.0664213
-0.478886
-0.209677
-0.333971
-0.951944
0.18048
-2.14399
0.362864
-0.977669
-0.303321
0.77889
-1.5114
0.4991
0.598802
0.249981
-0.717306
-0.873591
-0.0248117
0.391418
-1.95305
-0.352212
0.730831
-0.0931416
-0.857024
-1.44074
-0.475548
-1.28862
-0.233221
0.450525
-0.510507
-0.641044
0.378785
-1.46882
-0.372597
-0.813173
-1.09078
0.125087
-0.546218
0.313685
-0.493244
-0.0374608
-0.246377
-0.527424
0.17544
0.00266906
-1.45156
0.00596822
0.443478
0.444875
-1.33388
-0.543098
0.828796
0.173854
-0.74878
-0.215399
-0.61959
-1.24786
0.249453
-1.13674
-0.734229
0.216593
-0.224185
0.670476
0.312493
-0.287766
0.263372
0.0424226
-1.09992
-1.04275
0.283626
0.470085
-0.72083
-0.590103
0.0828795
0.799803
0.371059
-0.666922
-0.506518
0.421472
-0.444796
-1.23698
-1.34251
-0.32863
-0.0985427
0.198172
-2.03001
0.494688
-1.1429
-0.239737
0.517734
0.363618
-0.117314
-0.099956
-1.34241
-1.22649
0.358896
0.193162
-1.47282
-0.582255
-0.340304
0.381613
-0.289232
-0.380344
-1.6263
-0.613418
-0.698103
0.535248
-1.15668
-0.284428
-0.195719
0.142262
-0.991846
-0.0780959
-0.21126
-0.647318
0.529218
-1.47869
-0.821892
0.0506549
0.35104
-0.0869608
-2.27462
-0.97304
0.342045
-1.65628
0.371876
-0.905342
-1.47041
0.0962216
0.200435
-0.734798
-0.243414
-1.37576
0.511045
0.390349
-0.660968
-2.3587
0.450494
-1.42806
0.213087
-0.870776
-1.48417
0.43195
-1.60607
0.185398
-1.58043
-0.934791
0.374552
-1.33506
-0.105087
-1.75297
-2.04929
0.709843
0.538362
-1.27808
-0.228638
-0.0830845
-0.458706
-1.69618
-0.203696
0.0353241
-0.106217
-1.11466
-2.80637
-0.545329
0.549678
0.393941
0.655286
0.00181167
-0.317994
0.5819
0.481536
0.528861
-0.974809
-0.246416
0.283834
0.317848
-0.21757
-2.22548
-0.292815
0.513708
-1.98253
-0.640833
-0.988428
-1.02436
-0.146471
-0.657481
0.35172
-0.317052
-1.08255
0.121808
-0.872355
-0.204298
0.160205
0.486163
-0.805395
-0.974263
-0.16709
0.390517
0.303202
-0.319095
-0.553123
-2.28967
-0.0731821
-1.85172
0.264322
-0.14476
0.399935
-0.406516
0.124166
-1.37242
0.336585
0.289102
-0.47704
-1.98154
-1.42115
0.477363
-0.449055
-0.303982
-0.160757
-0.732339
-0.497252
-0.425904
0.251684
0.11634
0.0211074
-0.880881
-1.03432
-0.782673
0.0541412
-0.134475
-1.19021
0.361773
-0.372683
0.661127
-0.113872
-0.224138
-1.04398
-0.699209
0.179474
-1.92964
-0.414456
0.521968
-0.0529994
0.454147
-0.222059
-0.558102
-1.07271
0.0279845
-0.585271
-1.24792
-0.674294
0.391749
-1.41307
0.473758
0.199194
-1.59374
0.499633
-0.774382
-0.490166
-0.106406
0.241089
-0.000279335
-0.485211
0.151699
0.596976
-0.963028
-0.276343
-0.249756
-0.0340625
-1.07793
0.256118
-0.918307
-1.21856
-0.0576096
0.251198
-1.10754
-1.27745
0.367429
-0.341647
-0.800306
-0.024153
-0.0739387
0.261248
0.343662
-1.05383
-0.691151
-0.331577
0.0277219
0.462971
-2.41277
0.65324
-0.517238
-0.564258
0.114108
-0.00585307
-0.811972
0.019685
0.0117071
0.190878
-0.8612
0.227236
-0.250363
-0.654613
-0.54466
-1.34762
-0.654441
0.152403
0.380562
-1.22154
0.504688
0.187654
-0.272574
-0.190156
-0.244048
-0.388213
-0.57016
0.148691
-0.699841
0.306649
-0.360984
0.488608
-0.515055
-0.107074
-0.551018
-0.26255
-0.397266
-0.217208
-0.169319
0.110626
0.227944
0.505116
-1.93525
-1.56195
0.0692386
0.24814
0.485795
-0.0326155
-0.00932536
-0.204572
0.404736
0.310005
-0.5013
-0.907893
0.439263
0.346763
0.186034
-0.121679
-1.77752
0.567652
-0.120673
-0.01522
0.368421
0.0437902
-0.592138
-1.34044
-0.851613
0.0412136
0.186271
-0.624248
-1.31249
0.51056
-0.227837
0.358978
0.0846663
0.343228
0.243588
-1.29003
0.576577
-0.0663858
0.319184
0.716764
0.523055
-1.26647
0.0379654
-0.666627
-2.64589
-1.35089
-0.192404
0.369183
-0.265661
0.0290039
-1.73379
-0.0519028
-1.1534
-0.0474715
0.109684
-0.0666968
-0.464684
-1.05969
-0.685212
-1.30363
-0.763521
0.178867
-0.103514
0.0845238
0.340882
0.170002
-0.942646
-1.36631
-0.694518
-0.440494
-0.765935
0.296086
-0.613232
0.369757
-2.25522
-0.269178
0.0501794
-0.95941
0.313566
-0.267686
0.153809
-1.89372
-1.19155
0.408459
-1.21464
-0.65611
-1.62654
0.350261
0.235714
-0.0930194
-0.222868
-0.872408
-0.764067
-1.56079
-0.0380585
0.600392
-0.222935
0.497784
-1.92685
-0.791397
0.33927
0.445361
-2.20273
0.257327
-1.07505
-0.190497
0.537314
0.473786
-0.378439
-0.753873
-1.6725
-0.323635
0.123933
-0.279074
0.258241
-0.643115
0.0140724
-1.27717
-0.612779
0.412909
-0.429338
-2.41292
-0.0776371
-0.731853
-0.299612
-0.32405
0.405563
0.190116
-0.932021
0.626349
-0.754261
-0.738681
0.213275
-0.820402
0.680236
0.613124
-0.500041
-0.557049
0.147252
-0.552157
-0.374626
-0.544064
-0.767462
-2.22636
-1.91473
-0.200133
-0.476236
-2.40377
0.317211
-0.108068
-0.0490414
-0.330272
0.272292
0.651438
-0.187995
-0.0892069
0.462098
0.30621
-1.07885
0.390628
-0.568842
-1.57262
-0.134551
0.298608
0.17604
-0.641181
-2.36059
-0.350363
0.214354
0.458781
-0.140576
-1.34115
-1.02725
-0.0351439
-1.25408
0.75534
0.651436
-0.722524
-1.85116
-1.56317
-1.2356
0.180704
0.272952
-0.627686
-2.2305
0.159649
0.33243
-0.0214863
0.43988
0.40867
0.635191
-0.620631
-0.389074
-1.94061
-1.25212
0.143696
0.0273143
0.391116
-0.320092
0.0124359
-0.0691076
-0.41311
-0.680289
-1.748
-0.847475
-2.24365
-0.8492
0.297711
-0.603339
-1.86883
-0.408978
0.136443
-0.186794
-0.382467
0.299249
0.280598
0.294389
-0.595529
-1.22294
0.424954
-0.230518
0.541047
0.163381
0.461914
-1.43905
-0.825578
-0.406892
0.167008
-0.36391
-0.121281
-0.158039
0.0406125
-0.0323228
-0.327104
-0.547819
-1.16748
-1.35135
-1.53466
-1.126
-1.09233
0.03369
-0.605088
-2.17798
0.0503518
-0.128015
-0.485086
-0.495499
0.481652
0.405009
0.0230051
-0.382144
-1.21944
0.32774
-1.36466
0.564081
-1.23569
-0.781327
-0.0474057
-0.421729
0.315401
-1.06535
-0.0179902
-0.610541
-0.448091
-0.442824
-0.492149
-1.45546
-0.171296
0.0270205
-1.14315
-0.0161697
0.299858
-0.857245
-0.225949
0.20562
-0.563069
0.117487
0.139617
-0.211377
0.14009
-1.09275
0.427482
0.3641
-0.549119
0.243693
-0.252464
-0.193381
0.172123
-0.19759
0.478748
-2.07432
-0.260924
-2.05088
-1.28275
0.0481117
-0.225577
-0.749058
0.429215
0.125442
0.0284456
-1.42564
0.038027
-0.402895
-0.558939
-1.61578
0.0471201
-1.31385
0.574328
-0.752686
-0.723077
0.246875
-2.0569
0.0534907
0.300155
-0.686707
-0.440366
-0.929843
-0.635181
-0.49222
0.00999107
-0.324248
0.795074
0.0889975
0.405131
-0.322197
0.559551
-2.04039
0.139122
-0.555627
-0.0404482
-0.216165
-0.72749
0.736683
-0.0723638
0.331301
-0.211748
-0.917853
-1.34305
-0.175736
-0.621636
-0.378068
0.175407
-0.0811677
0.0507448
0.400409
-0.263487
-0.612613
-0.427741
-0.828199
0.223128
-1.06079
-0.708386
-0.942929
0.419019
-1.44735
-0.025916
-0.391794
-0.6125
0.702308
0.320163
0.326617
0.173859
0.468476
-0.990209
-0.0923814
-0.11986
-0.277327
-0.416452
-0.118964
-0.279116
-0.954386
0.170096
-0.337501
-0.946904
-2.01568
-0.193744
0.215532
-0.473566
-0.522438
0.323969
-1.10029
-0.203955
0.259112
-0.615495
0.26352
0.249355
-2.09028
0.290764
-0.351917
0.0476476
-0.0914781
-0.392102
0.538324
0.642532
-0.599532
-0.0248181
0.203103
-0.00714248
0.568075
0.304194
-0.0112678
-0.543713
0.154607
-0.173259
0.142846
0.03937
0.325483
-0.608252
-0.455431
-1.0082
-0.615533
-0.138482
-0.730078
0.385955
-0.323263
0.105026
-0.0733411
-0.828246
-0.839113
0.133435
-0.790906
-0.840643
0.297913
-1.13139
-0.787075
-0.438347
0.469528
-0.73311
0.292544
0.328087
-0.212991
0.105072
0.284819
-0.80191
0.160798
-1.06983
-0.499921
-0.49005
-1.47503
-0.49299
-0.190579
-0.869732
0.255036
0.161615
-1.02513
-0.168552
-0.378488
0.0430027
-0.196768
-1.49166
-0.278227
-1.42964
0.244354
-0.732422
-1.30791
0.2255
-1.14277
-0.465723
-1.06167
-0.209223
-0.265109
-0.0929831
-0.603629
-0.382603
0.468481
0.0783886
0.0317547
0.249248
0.196356
-0.186449
0.175205
-0.990821
0.266077
-0.305227
-0.929704
-0.0212963
-0.413324
-0.342169
-1.87791
0.395278
-0.0576451
-0.0313218
0.391691
-0.762518
0.461181
0.282303
-0.386697
0.271729
0.270317
-0.221598
-0.409129
-0.930142
0.291848
0.560645
-1.04623
-0.0542667
0.357308
-0.476194
0.177488
-0.947417
0.0788392
0.0853843
0.0293128
-0.0982576
-0.122078
0.602212
-0.524684
0.450991
-1.09735
0.249271
0.335476
-0.245399
-0.137611
-0.665836
-0.512675
0.16955
-0.131996
0.101148
-0.164205
0.152167
0.573041
-2.1202
0.244015
0.548409
-0.905062
0.151739
-0.537815
0.0868656
-0.213589
-0.316285
-1.11318
-0.157378
-0.08851
-0.366285
-0.478045
-1.54238
0.0211462
-0.541487
0.112245
0.175366
-1.60701
-0.672304
0.283888
-0.3332
0.552533
-0.232954
-0.150109
0.169792
-0.966177
-0.566157
-0.795708
0.384873
-0.463207
-0.496859
-0.251173
0.00115576
0.341598
-0.0926309
-0.781459
0.0263324
0.0432544
0.220115
-0.893243
-1.40558
0.545149
0.142617
0.369848
0.0795096
-0.0498801
-0.449946
-0.343948
-0.466643
-2.54282
0.280666
-0.136969
-0.62889
-0.133768
-0.602112
-1.58735
0.39901
-0.158423
0.150348
0.253151
-0.960098
-1.38938
0.149513
-0.330242
0.261456
0.0636329
-0.225659
0.333256
-0.223037
-0.526902
-0.0464242
-0.598952
-0.380307
-0.0860148
-0.577878
-0.379746
0.342789
-0.352661
0.0242984
0.715574
0.369158
-0.496808
-0.882571
-0.440298
-1.29095
-0.738959
-0.817543
-0.40569
-0.353189
-1.48302
-0.258845
-0.7738
0.0338938
-1.52677
0.0889039
-0.259932
-0.828289
0.337391
-0.177918
0.425428
-0.24461
-0.14898
-0.216319
-0.996152
-0.853094
-0.711783
-0.210845
-0.266295
0.468749
0.0954681
0.186249
-0.716741
0.193023
0.504227
-0.0227806
0.512975
0.217328
-0.337054
-0.201398
0.119339
0.460313
0.417411
0.273323
0.349041
-0.283177
0.106203
-0.0668648
-0.270927
-0.138847
-1.14627
-1.59545
-0.200365
0.21377
-0.379448
-0.258596
-0.518329
0.252991
0.452519
-1.49623
-0.302187
-0.301146
-0.207536
-0.981451
0.0743561
-1.21388
-0.0187277
-1.74296
-0.321831
0.153322
-0.818545
0.596943
-0.196882
0.171219
-0.600374
0.202195
-1.93646
-0.393333
0.349692
-0.533091
-0.790283
0.072515
-0.066831
-0.186018
0.356641
0.0147346
0.141295
-2.0367
-1.2533
-0.352586
-0.159668
0.4704
0.540181
0.44163
-0.0634992
0.27775
0.138182
-0.362512
-0.377106
0.210595
-0.0424267
-0.73087
-0.126332
-0.769761
0.278985
0.136843
-0.594457
0.219652
0.51559
-0.836792
0.154329
-0.47229
-1.33208
0.611337
-0.108379
-0.0855142
-0.959161
0.160785
0.159226
-0.295842
-0.619644
-0.468802
-1.44706
0.269271
0.261024
-0.00102663
0.0255351
-0.848493
0.586654
-0.35689
-0.637493
0.135528
-1.16696
-0.266523
-1.05087
-1.5267
-1.25882
-2.01058
-0.904462
0.163933
-0.378769
0.0795604
-1.26295
-0.0160266
-0.343366
-0.226819
-0.849937
-0.329406
-0.347566
-0.677929
0.36407
-1.02471
-1.06661
0.309869
0.315433
0.134407
0.435294
0.138057
-1.03792
-0.295406
-0.193122
-0.69981
-0.327926
0.0342827
-0.34963
0.319835
-0.156267
0.0555156
0.0171757
0.151078
-0.440915
0.491091
-0.262024
-0.145336
-1.58129
0.496442
-0.84741
-0.0785573
0.124328
-0.124935
-0.64901
-0.642988
-0.450852
0.261219
0.391813
0.142086
-0.366084
0.106284
-0.437012
-0.506358
0.225321
0.0134589
-0.125472
0.179926
0.219838
-0.115317
0.245938
0.454533
0.495696
-0.634868
0.440802
0.267823
0.533508
0.379202
-0.0161467
0.144016
-0.910582
-0.268328
-0.827024
0.458776
0.213597
0.089674
-1.3391
-0.465356
0.414187
0.379785
-1.17555
0.296449
0.0599721
0.361738
-0.0142197
0.437485
-0.430614
0.316858
-0.265386
0.0539122
-0.596763
-0.380029
0.397311
-1.7314
-0.196734
0.4115
-1.0963
0.6672
0.686345
0.476294
-0.114453
-1.09661
-0.312952
-0.761073
0.112515
-1.06454
-0.126784
-0.512695
-0.839448
0.276191
-0.369731
-0.455966
0.504778
0.0421769
0.4467
0.131344
-0.375704
0.187194
0.254794
-0.037868
-0.3814
-0.0155277
-1.21524
-0.362323
0.157788
0.285503
0.115725
-0.729008
-1.00048
0.193182
-0.0856384
-0.39038
0.0182012
0.247686
0.10605
-0.541134
-1.32414
-0.122319
0.278868
-0.367016
0.487333
-0.199836
-0.689195
0.393413
-0.0577844
0.479671
-0.785386
0.495116
-0.055858
0.556288
-0.0625439
0.559952
-0.300826
0.440183
0.110411
0.0653333
0.424282
-2.01297
-0.316818
-0.0522266
-0.432749
-0.0470122
-0.378793
0.381567
-1.76084
-1.46062
0.14851
0.636864
0.407215
0.312909
0.000678517
-0.140352
-0.0298157
-0.0739311
-0.0525217
-0.379044
0.637832
-1.16998
-0.41609
-0.140972
-0.729997
-0.935562
-0.809578
-0.154929
0.626235
-0.0752148
0.0769378
0.209116
-1.02327
-0.386555
0.137662
0.206096
0.483435
0.275433
-0.714512
0.177451
0.251944
-0.0997567
0.160343
-1.27872
0.00645969
0.0831528
-0.664967
-0.197023
-1.11971
-0.050445
0.255103
0.268487
0.591499
-0.403011
-0.428059
-0.769984
0.417807
0.40813
-0.317632
0.232096
-0.680348
-1.45173
0.310576
-0.191382
-0.454754
-0.404962
-0.539447
-1.92271
0.0190476
0.0742201
0.120095
-0.310817
-0.231472
0.156952
-1.25682
-0.869794
-0.0767507
-0.0535161
-1.57331
-1.1489
-1.35602
-0.7954
-0.286597
0.357794
-0.647685
0.110142
-1.56598
0.333102
-0.938646
0.0951172
0.255799
-0.403039
0.130563
0.236169
0.338273
0.0680025
0.136423
-0.702725
-0.945271
-0.189179
-0.097362
-0.43082
0.647563
-1.64059
-1.22663
0.0433466
-0.51561
0.290968
0.348306
-0.450063
-1.01575
-0.22349
-0.553401
-0.401125
0.332444
-0.353404
0.271872
0.318973
0.703407
-0.57378
0.262818
-0.888218
-0.414277
-0.273399
-0.647098
-1.76784
0.449848
0.243419
-0.263914
-1.3585
0.544269
0.174649
-1.20505
-0.501078
-0.577768
-1.32523
0.0195277
-0.484618
0.250592
-0.395188
0.195721
0.616858
-0.441046
-0.0597373
0.399437
0.266299
-0.540181
-0.154818
-0.801387
0.0628265
0.6416
-0.297293
-0.952359
-1.01047
-0.33583
-0.316576
-0.126333
-0.191585
-1.03994
0.540997
-1.18404
0.143875
-0.00958041
-1.22094
-0.903753
0.0919916
-1.02932
-1.32667
-0.654431
-0.258562
0.0343615
-0.835317
-0.123498
0.124179
-0.052491
0.472658
0.357724
-0.675861
0.441616
-0.0194857
-1.05209
-1.1262
-1.28377
-0.443645
-0.0938162
0.173667
0.656034
-0.610585
0.113472
0.448962
-0.785194
-0.422342
-0.416902
0.213449
-0.778395
-1.57798
-0.942361
0.314226
0.293267
-0.0281964
-0.378511
-0.189137
0.0248179
0.20793
0.0602025
-0.269982
-0.670134
0.0379487
-0.75584
-0.223474
0.457345
-0.663123
0.415079
0.434379
-0.773718
0.375724
0.124581
-0.675788
0.417744
0.154588
-2.42136
-0.517661
0.384029
0.237988
-0.159632
0.349178
0.39708
-0.999885
-0.0943283
-0.160158
-0.605331
-0.653721
0.462083
0.0268866
-0.492992
-0.0381928
0.419336
-0.326107
-0.540604
0.36343
0.556999
0.300963
-0.149128
-0.139446
-1.59433
-0.778207
0.0995512
-0.578661
0.444378
-0.321908
-0.224252
0.199268
-0.744634
-0.121501
-0.288232
0.568634
-0.716146
0.422797
0.396409
-0.266088
-0.887658
-0.553021
0.304344
-1.96498
0.37119
-1.07734
-1.09546
0.222416
-0.625588
-0.121996
0.0144395
-0.393134
-1.34949
0.692854
-0.75669
0.521593
-0.265464
-1.01628
-0.333656
-0.427221
-0.00919639
-0.416131
0.127522
-0.297114
-0.0857971
-1.41354
0.101668
0.117846
0.0325141
-1.18621
0.173656
-0.148848
-0.441936
-0.141943
-0.245314
0.495347
0.496833
-0.480155
-0.0694234
0.0864503
-0.322418
-0.392119
-0.769833
0.200672
-1.27568
-2.02973
-0.0991265
-0.440919
0.19162
-0.625556
0.0959272
-1.26744
-0.330739
-0.0309221
-0.215941
-0.322684
-0.0809411
-0.074639
0.574041
0.6663
-0.0774377
0.15522
0.324449
-0.0632364
0.0372031
-0.910641
0.0886388
0.35935
0.0627944
-0.302868
0.0386818
0.024173
-0.338313
0.221324
0.328808
0.494065
-1.07003
-0.151668
0.235965
-0.104285
-0.225287
-0.848243
0.128073
-0.652517
0.562734
-1.37074
-0.255687
0.479514
-0.523402
-0.382498
-0.126566
-0.0756916
-0.902607
-0.207645
0.43018
0.139704
-1.4803
0.332971
-1.25739
0.65582
0.0261369
-0.256964
-1.84381
-1.98601
0.14361
0.231253
-0.65507
-0.386245
-0.418273
-0.51329
-0.266422
-0.858846
-0.233871
0
0
0
0
0
0
0
0
0
0
0
0
0
0
0
0
0
0
0
0
0
0
0
0
0
0
0
0
0
0
0
0
0
0
0
0
0
0
0
0
0
0
0
0
0
0
0
0
0
0
0
0
0
0
0
0
0
0
0
0
0
0
0
0
0
0
0
0
0
0
0
0
0
0
0
0
0
0
0
0
0
0
0
0
0
0
0
0
0
0
0
0
0
0
0
0
0
0
0
0
0
0
0
0
0
0
0
0
0
0
0
0
0
0
0
0
0
0
0
0
0
0
0
0
0
0
0
0
0
0
0
0
0
0
0
0
0
0
0
0
0
0
0
0
0
0
0
0
0
0
0
0
0
0
0
0
0
0
0
0
0
0
0
0
0
0
0
0
0
0
0
0
0
0
0
0
0
0
0
0
0
0
0
0
0
0
0
0
0
0
0
0
0
0
0
0
0
0
0
0
0
0
0
0
0
0
0
0
0
0
0
0
0
0
0
0
0
0
0
0
0
0
0
0
0
0
0
0
0
0
0
0
0
0
0
0
0
0
0
0
0
0
0
0
0
0
0
0
0
0
0
0
0
0
0
0
0
0
0
0
0
0
0
0
0
0
0
0
0
0
0
0
0
0
0
0
0
0
0
0
0
0
0
0
0
0
0
0
0
0
0
0
0
0
0
0
0
0
0
0
0
0
0
0
0
0
0
0
0
0
0
0
0
0
0
0
0
0
0
0
0
0
0
0
0
0
0
0
0
0
0
0
0
0
0
0
0
0
0
0
0
0
0
0
0
0
0
0
0
0
0
0
0
0
0
0
0
0
0
0
0
0
0
0
0
0
0
0
0
0
0
0
0
0
0
0
0
0
0
0
0
0
0
0
0
0
0
0
0
0
0
0
0
0
0
0
0
0
0
0
0
0
0
0
0
0
0
0
0
0
0
0
0
0
0
0
0
0
0
0
0
0
0
0
0
0
0
0
0
0
0
0
0
0
0
0
0
0
0
0
0
0
0
0
0
0
0
0
0
0
0
0
0
0
0
0
0
0
0
0
0
0
0
0
0
0
0
0
0
0
0
0
0
0
0
0
0
0
0
0
0
0
0
0
0
0
0
0
0
0
0
0
0
0
0
0
0
0
0
0
0
0
0
0
0
0
0
0
0
0
0
0
0
0
0
0
0
0
0
0
0
0
0
0
0
0
0
0
0
0
0
0
0
0
0
0
0
0
0
0
0
0
0
0
0
0
0
0
0
0
0
0
0
0
0
0
0
0
0
0
0
0
0
0
0
0
0
0
0
0
0
0
0
0
0
0
0
0
0
0
0
0
0
0
0
0
0
0
0
0
0
0
0
0
0
0
0
0
0
0
0
0
0
0
0
0
0
0
0
0
0
0
0
0
0
0
0
0
0
0
0
0
0
0
0
0
0
0
0
0
0
0
0
0
0
0
0
0
0
0
0
0
0
0
0
0
0
0
0
0
0
0
0
0
0
0
0
0
0
0
0
0
0
0
0
0
0
0
0
0
0
0
0
0
0
0
0
0
0
0
0
0
0
0
0
0
0
0
0
0
0
0
0
0
0
0
0
0
0
0
0
0
0
0
0
0
0
0
0
0
0
0
0
0
0
0
0
0
0
0
0
0
0
0
0
0
0
0
0
0
0
0
0
0
0
0
0
0
0
0
0
0
0
0
0
0
0
0
0
0
0
0
0
0
0
0
0
0
0
0
0
0
0
0
0
0
0
0
0
0
0
0
0
0
0
0
0
0
0
0
0
0
0
0
0
0
0
0
0
0
0
0
0
0
0
0
0
0
0
0
0
0
0
0
0
0
0
0
0
0
0
0
0
0
0
0
0
0
0
0
0
0
0
0
0
0
0
0
0
0
0
0
0
0
0
0
0
0
0
0
0
0
0
0
0
0
0
0
0
0
0
0
0
0
0
0
0
0
0
0
0
0
0
0
0
0
0
0
0
0
0
0
0
0
0
0
0
0
0
0
0
0
0
0
0
0
0
0
0
0
0
0
0
0
0
0
0
0
0
0
0
0
0
0
0
0
0
0
0
0
0
0
0
0
0
0
0
0
0
0
0
0
0
0
0
0
0
0
0
0
0
0
0
0
0
0
0
0
0
0
0
0
0
0
0
0
0
0
0
0
0
0
0
0
0
0
0
0
0
0
0
0
0
0
0
0
0
0
0
0
0
0
0
0
0
0
0
0
0
0
0
0
0
0
0
0
0
0
0
0
0
0
0
0
0
0
0
0
0
0
0
0
0
0
0
0
0
0
0
0
0
0
0
0
0
0
0
0
0
0
0
0
0
0
0
0
0
0
0
0
0
0
0
0
0
0
0
0
0
0
0
0
0
0
0
0
0
0
0
0
0
0
0
0
0
0
0
0
0
0
0
0
0
0
0
0
0
0
0
0
0
0
0
0
0
0
0
0
0
0
0
0
0
0
0
0
0
0
0
0
0
0
0
0
0
0
0
0
0
0
0
0
0
0
0
0
0
0
0
0
0
0
0
0
0
0
0
0
0
0
0
0
0
0
0
0
0
0
0
0
0
0
0
0
0
0
0
0
0
0
0
0
0
0
0
0
0
0
0
0
0
0
0
0
0
0
0
0
0
0
0
0
0
0
0
0
0
0
0
0
0
0
0
0
0
0
0
0
0
0
0
0
0
0
0
0
0
0
0
0
0
0
0
0
0
0
0
0
0
0
0
0
0
0
0
0
0
0
0
0
0
0
0
0
0
0
0
0
0
0
0
0
0
0
0
0
0
0
0
0
0
0
0
0
0
0
0
0
0
0
0
0
0
0
0
0
0
0
0
0
0
0
0
0
0
0
0
0
0
0
0
0
0
0
0
0
0
0
0
0
0
0
0
0
0
0
0
0
0
0
0
0
0
0
0
0
0
0
0
0
0
0
0
0
0
0
0
0
0
0
0
0
0
0
0
0
0
0
0
0
0
0
0
0
0
0
0
0
0
0
0
0
0
0
0
0
0
0
0
0
0
0
0
0
0
0
0
0
0
0
0
0
0
0
0
0
0
0
0
0
0
0
0
0
0
0
0
0
0
0
0
0
0
0
0
0
0
0
0
0
0
0
0
0
0
0
0
0
0
0
0
0
0
0
0
0
0
0
0
0
0
0
0
0
0
0
0
0
0
0
0
0
0
0
0
0
0
0
0
0
0
0
0
0
0
0
0
0
0
0
0
0
0
0
0
0
0
0
0
0
0
0
0
0
0
0
0
0
0
0
0
0
0
0
0
0
0
0
0
0
0
0
0
0
0
0
0
0
0
0
0
0
0
0
0
0
0
0
0
0
0
0
0
0
0
0
0
0
0
0
0
0
0
0
0
0
0
0
0
0
0
0
0
0
0
0
0
0
0
0
0
0
0
0
0
0
0
0
0
0
0
0
0
0
0
0
0
0
0
0
0
0
0
0
0
0
0
0
0
0
0
0
0
0
0
0
0
0
0
0
0
0
0
0
0
0
0
0
0
0
0
0
0
0
0
0
0
0
0
0
0
0
0
0
0
0
0
0
0
0
0
0
0
0
0
0
0
0
0
0
0
0
0
0
0
0
0
0
0
0
0
0
0
0
0
0
0
0
0
0
0
0
0
0
0
0
0
0
0
0
0
0
0
0
0
0
0
0
0
0
0
0
0
0
0
0
0
0
0
0
0
0
0
0
0
0
0
0
0
0
0
0
0
0
0
0
0
0
0
0
0
0
0
0
0
0
0
0
0
0
0
0
0
0
0
0
0
0
0
0
0
0
0
0
0
0
0
0
0
0
0
0
0
0
0
0
0
0
0
0
0
0
0
0
0
0
0
0
0
0
0
0
0
0
0
0
0
0
0
0
0
0
0
0
0
0
0
0
0
0
0
0
0
0
0
0
0
0
0
0
0
0
0
0
0
0
0
0
0
0
0
0
0
0
0
0
0
0
0
0
0
0
0
0
0
0
0
0
0
0
0
0
0
0
0
0
0
0
0
0
0
0
0
0
0
0
0
0
0
0
0
0
0
0
0
0
0
0
0
0
0
0
0
0
0
0
0
0
0
0
0
0
0
0
0
0
0
0
0
0
0
0
0
0
0
0
0
0
0
0
0
0
0
0
0
0
0
0
0
0
0
0
0
0
0
0
0
0
0
0
0
0
0
0
0
0
0
0
0
0
0
0
0
0
0
0
0
0
0
0
0
0
0
0
0
0
0
0
0
0
0
0
0
0
0
0
0
0
0
0
0
0
0
0
0
0
0
0
0
0
0
0
0
0
0
0
0
0
0
0
0
0
0
0
0
0
0
0
0
0
0
0
0
0
0
0
0
0
0
0
0
0
0
0
0
0
0
0
0
0
0
0
0
0
0
0
0
0
0
0
0
0
0
0
0
0
0
0
0
0
0
0
0
0
0
0
0
0
0
0
0
0
0
0
0
0
0
0
0
0
0
0
0
0
0
0
0
0
0
0
0
0
0
0
0
0
0
0
0
0
0
0
0
0
0
0
0
0
0
0
