0
0
0
0
0
0
0
0
0
0
0
0
0
0
0
0
0
0
0
0
0
0
0
0
0
0
0
0
0
0
0
0
0
0
0
0
0
0
0
0
0
0
0
0
0
0
0
0
0
0
0
0
0
0
0
0
0
0
0
0
0
0
0
0
0
0
0
0
0
0
0
0
0
0
0
0
0
0
0
0
0
0
0
0
0
0
0
0
0
0
0
0
0
0
0
0
0
0
0
0
0
0
0
0
0
0
0
0
0
0
0
0
0
0
0
0
0
0
0
0
0
0
0
0
0
0
0
0
0
0
0
0
0
0
0
0
0
0
0
0
0
0
0
0
0
0
0
0
0
0
0
0
0
0
0
0
0
0
0
0
0
0
0
0
0
0
0
0
0
0
0
0
0
0
0
0
0
0
0
0
0
0
0
0
0
0
0
0
0
0
0
0
0
0
0
0
0
0
0
0
0
0
0
0
0
0
0
0
0
0
0
0
0
0
0
0
0
0
0
0
0
0
0
0
0
0
0
0
0
0
0
0
0
0
0
0
0
0
0
0
0
0
0
0
0
0
0
0
0
0
0
0
0
0
0
0
0
0
0
0
0
0
0
0
0
0
0
0
0
0
0
0
0
0
0
0
0
0
0
0
0
0
0
0
0
0
0
0
0
0
0
0
0
0
0
0
0
0
0
0
0
0
0
0
0
0
0
0
0
0
0
0
0
0
0
0
0
0
0
0
0
0
0
0
0
0
0
0
0
0
0
0
0
0
0
0
0
0
0
0
0
0
0
0
0
0
0
0
0
0
0
0
0
0
0
0
0
0
0
0
0
0
0
0
0
0
0
0
0
0
0
0
0
0
0
0
0
0
0
0
0
0
0
0
0
0
0
0
0
0
0
0
0
0
0
0
0
0
0
0
0
0
0
0
0
0
0
0
0
0
0
0
0
0
0
0
0
0
0
0
0
0
0
0
0
0
0
0
0
0
0
0
0
0
0
0
0
0
0
0
0
0
0
0
0
0
0
0
0
0
0
0
0
0
0
0
0
0
0
0
0
0
0
0
0
0
0
0
0
0
0
0
0
0
0
0
0
0
0
0
0
0
0
0
0
0
0
0
0
0
0
0
0
0
0
0
0
0
0
0
0
0
0
0
0
0
0
0
0
0
0
0
0
0
0
0
0
0
0
0
0
0
0
0
0
0
0
0
0
0
0
0
0
0
0
0
0
0
0
0
0
0
0
0
0
0
0
0
0
0
0
0
0
0
0
0
0
0
0
0
0
0
0
0
0
0
0
0
0
0
0
0
0
0
0
0
0
0
0
0
0
0
0
0
0
0
0
0
0
0
0
0
0
0
0
0
0
0
0
0
0
0
0
0
0
0
0
0
0
0
0
0
0
0
0
0
0
0
0
0
0
0
0
0
0
0
0
0
0
0
0
0
0
0
0
0
0
0
0
0
0
0
0
0
0
0
0
0
0
0
0
0
0
0
0
0
0
0
0
0
0
0
0
0
0
0
0
0
0
0
0
0
0
0
0
0
0
0
0
0
0
0
0
0
0
0
0
0
0
0
0
0
0
0
0
0
0
0
0
0
0
0
0
0
0
0
0
0
0
0
0
0
0
0
0
0
0
0
0
0
0
0
0
0
0
0
0
0
0
0
0
0
0
0
0
0
0
0
0
0
0
0
0
0
0
0
0
0
0
0
0
0
0
0
0
0
0
0
0
0
0
0
0
0
0
0
0
0
0
0
0
0
0
0
0
0
0
0
0
0
0
0
0
0
0
0
0
0
0
0
0
0
0
0
0
0
0
0
0
0
0
0
0
0
0
0
0
0
0
0
0
0
0
0
0
0
0
0
0
0
0
0
0
0
0
0
0
0
0
0
0
0
0
0
0
0
0
0
0
0
0
0
0
0
0
0
0
0
0
0
0
0
0
0
0
0
0
0
0
0
0
0
0
0
0
0
0
0
0
0
0
0
0
0
0
0
0
0
0
0
0
0
0
0
0
0
0
0
0
0
0
0
0
0
0
0
0
0
0
0
0
0
0
0
0
0
0
0
0
0
0
0
0
0
0
0
0
0
0
0
0
0
0
0
0
0
0
0
0
0
0
0
0
0
0
0
0
0
0
0
0
0
0
0
0
0
0
0
0
0
0
0
0
0
0
0
0
0
0
0
0
0
0
0
0
0
0
0
0
0
0
0
0
0
0
0
0
0
0
0
0
0
0
0
0
0
0
0
0
0
0
0
0
0
0
0
0
0
0
0
0
0
0
0
0
0
0
0
0
0
0
0
0
0
0
0
0
0
0
0
0
0
0
0
0
0
0
0
0
0
0
0
0
0
0
0
0
0
0
0
0
0
0
0
0
0
0
0
0
0
0
0
0
0
0
0
0
0
0
0
0
0
0
0
0
0
0
0
0
0
0
0
0
0
0
0
0
0
0
0
0
0
0
0
0
0
0
0
0
0
0
0
0
0
0
0
0
0
0
0
0
0
0
0
0
0
0
0
0
0
0
0
0
0
0
0
0
0
0
0
0
0
0
0
0
0
0
0
0
0
0
0
0
0
0
0
0
0
0
0
0
0
0
0
0
0
0
0
0
0
0
0
0
0
0
0
0
0
0
0
0
0
0
0
0
0
0
0
0
0
0
0
0
0
0
0
0
0
0
0
0
0
0
0
0
0
0
0
0
0
0
0
0
0
0
0
0
0
0
0
0
0
0
0
0
0
0
0
0
0
0
0
0
0
0
0
0
0
0
0
0
0
0
0
0
0
0
0
0
0
0
0
0
0
0
0
0
0
0
0
0
0
0
0
0
0
0
0
0
0
0
0
0
0
0
0
0
0
0
0
0
0
0
0
0
0
0
0
0
0
0
0
0
0
0
0
0
0
0
0
0
0
0
0
0
0
0
0
0
0
0
0
0
0
0
0
0
0
0
0
0
0
0
0
0
0
0
0
0
0
0
0
0
0
0
0
0
0
0
0
0
0
0
0
0
0
0
0
0
0
0
0
0
0
0
0
0
0
0
0
0
0
0
0
0
0
0
0
0
0
0
0
0
0
0
0
0
0
0
0
0
0
0
0
0
0
0
0
0
0
0
0
0
0
0
0
0
0
0
0
0
0
0
0
0
0
0
0
0
0
0
0
0
0
0
0
0
0
0
0
0
0
0
0
0
0
0
0
0
0
0
0
0
0
0
0
0
0
0
0
0
0
0
0
0
0
0
0
0
0
0
0
0
0
0
0
0
0
0
0
0
0
0
0
0
0
0
0
0
0
0
0
0
0
0
0
0
0
0
0
0
0
0
0
0
0
0
0
0
0
0
0
0
0
0
0
0
0
0
0
0
0
0
0
0
0
0
0
0
0
0
0
0
0
0
0
0
0
0
0
0
0
0
0
0
0
0
0
0
0
0
0
0
0
0
0
0
0
0
0
0
0
0
0
0
0
0
0
0
0
0
0
0
0
0
0
0
0
0
0
0
0
0
0
0
0
0
0
0
0
0
0
0
0
0
0
0
0
0
0
0
0
0
0
0
0
0
0
0
0
0
0
0
0
0
0
0
0
0
0
0
0
0
0
0
0
0
0
0
0
0
0
0
0
0
0
0
0
0
0
0
0
0
0
0
0
0
0
0
0
0
0
0
0
0
0
0
0
0
0
0
0
0
0
0
0
0
0
0
0
0
0
0
0
0
0
0
0
0
0
0
0
0
0
0
0
0
0
0
0
0
0
0
0
0
0
0
0
0
0
0
0
0
0
0
0
0
0
0
0
0
0
0
0
0
0
0
0
0
0
0
0
0
0
0
0
0
0
0
0
0
0
0
0
0
0
0
0
0
0
0
0
0
0
0
0
0
0
0
0
0
0
0
0
0
0
0
0
0
0
0
0
0
0
0
0
0
0
0
0
0
0
0
0
0
0
0
0
0
0
0
0
0
0
0
0
0
0
0
0
0
0
0
0
0
0
0
0
0
0
0
0
0
0
0
0
0
0
0
0
0
0
0
0
0
0
0
0
0
0
0
0
0
0
0
0
0
0
0
0
0
0
0
0
0
0
0
0
0
0
0
0
0
0
0
0
0
0
0
0
0
0
0
0
0
0
0
0
0
0
0
0
0
0
0
0
0
0
0
0
0
0
0
0
0
0
0
0
0
0
0
0
0
0
0
0
0
0
0
0
0
0
0
0
0
0
0
0
0
0
0
0
0
0
0
0
0
0
0
0
0
0
0
0
0
0
0
0
0
0
0
0
0
0
0
0
0
0
0
0
0
0
0
0
0
0
0
0
0
0
0
0
0
0
0
0
0
0
0
0
0
0
0
0
0
0
0
0
0
0
0
0
0
0
0
0
0
0
0
0
0
0
0
0
0
0
0
0
0
0
0
0
0
0
0
0
0
0
0
0
0
0
0
0
0
0
0
0
0
0
0
0
0
0
0
0
0
0
0
0
0
0
0
0
0
0
0
0
0
0
0
0
0
0
0
0
0
0
0
0
0
0
0
0
0
0
0
0
0
0
-1.11861
0.443697
0.248915
-0.032416
-1.28516
0.215766
-0.653607
0.740269
0.27132
-0.515626
0.0948936
-0.906012
-0.545331
-0.056467
0.252562
-0.110975
-0.419165
0.347281
-0.0359747
-0.613988
-1.85018
0.387214
0.56577
-0.679108
0.0154733
0.308142
-1.3699
0.147643
0.216016
0.0329256
-0.565438
0.268651
-0.139973
-1.59604
0.617002
0.421377
0.229987
-0.166446
-0.716903
-0.279448
0.111265
-1.05031
-0.121437
0.267393
0.116371
-0.0283353
0.366006
-1.08874
-1.21924
0.31745
-0.877278
-0.308589
0.27235
-0.789273
-0.770446
0.58423
-0.573907
-0.927627
-0.0494623
-0.161558
0.0507522
0.603758
0.031834
-0.931027
0.247469
-0.0614818
0.726796
0.347362
-1.04629
-0.11884
-1.06966
-0.596631
-0.00096349
0.314786
0.147613
0.0872576
-2.607
-0.422544
-0.184169
0.250903
-0.508881
-0.404941
0.0264656
-0.68768
0.307281
-0.432109
-0.405618
-0.558719
0.322941
0.0978998
-1.32805
0.0666178
0.145639
-0.266047
-0.212301
0.693685
0.0484695
-0.612983
-0.573795
0.524626
-0.490776
-0.801799
-1.37704
0.291678
-0.386534
-0.919174
-1.49979
-2.28065
-0.856068
0.328026
-0.107294
-0.474294
0.22949
0.269819
-0.367229
0.0414664
0.1484
-0.778777
-0.582519
0.383121
0.26955
0.180217
-0.0702715
-0.102341
-0.657273
0.00647612
0.511385
-0.215886
0.700712
-0.541663
-0.208493
0.195116
-0.76345
-0.30873
-0.955253
-0.333518
-0.942499
-0.101213
0.564803
-0.920761
0.0226578
-2.06962
-0.0308628
-0.228211
-0.277807
-1.16376
0.126908
-0.444162
0.300138
-0.904252
0.152041
0.421111
0.464408
-0.394348
-0.155597
-1.21056
-0.212206
0.182188
-0.839547
0.417201
0.320396
0.246113
0.0980096
-1.25864
0.296598
-0.304381
-1.45026
-1.55971
0.291406
-0.309093
-0.932719
0.192429
0.172886
0.506515
0.574047
0.028607
0.290869
0.281738
-0.957491
-0.515767
-0.117386
0.562054
0.535509
0.0605081
-0.690589
0.476148
0.271763
-0.112159
0.215816
-0.858151
0.333424
0.00244789
-0.940883
0.161737
0.688469
0.468637
-0.47842
-0.652096
0.0599136
0.350264
-1.10567
0.0339319
0.593596
0.400287
-0.632422
0.173611
0.0146017
-1.09062
-1.25201
-2.17273
-0.841878
-0.218667
-0.803687
-1.11268
-0.211737
-0.869569
-1.1485
-0.339668
-0.0765922
-0.403078
-0.584088
0.501601
-1.43601
-0.355056
-0.230685
-0.416081
-0.239118
-0.30107
-0.646572
0.683928
-1.30083
-0.697289
0.761654
-0.624567
0.355905
0.241396
-0.16805
-0.745363
-0.492012
-0.571628
-1.08886
-0.43494
-0.216516
0.314341
-0.0186907
0.0451972
-0.527118
-0.125657
-0.437901
-0.420359
0.23097
-0.441211
0.600367
0.528236
-0.304901
-2.43663
-0.303705
0.023055
-1.43541
-1.02557
-1.09993
-0.855695
0.0248556
0.640653
-1.42373
-0.984019
-1.68345
0.371939
0.0712036
-0.588188
-0.01219
0.0456658
0.248618
0.386311
-0.0705686
-2.27966
-0.395
-0.325343
0.0686538
-0.092912
-0.323615
-0.100128
0.346103
-0.117276
-0.396365
-0.215763
-0.300146
-1.33217
-0.177307
-0.725784
0.210555
0.649018
-0.828597
0.120713
-0.620057
0.362229
0.537545
-1.94719
-2.67606
0.101296
-0.945027
-0.468673
-0.213938
0.0779096
-1.65344
0.0593771
-0.701479
-0.262511
0.573393
-1.29209
-0.789251
-0.934647
0.825186
-1.77552
-1.33819
0.107276
-0.43057
-1.75631
0.449381
-0.740524
0.410489
0.0653165
0.389177
0.00833236
0.680352
-0.494028
0.274872
-1.58355
0.36028
0.0796308
-1.85455
0.131146
0.550186
-0.583427
-0.0434526
-0.352953
-0.232265
0.276855
-0.911
-3.29335
-3.35029
-0.597822
0.679975
0.111978
-0.831572
-0.379511
0.301712
-0.583651
-0.237832
0.38082
-1.25114
0.297918
0.0966461
-0.0921126
0.0960048
0.327289
-0.942634
0.160967
-0.669942
-0.455566
-0.984598
0.269812
-1.0907
0.313369
-1.36014
-0.36099
0.117553
0.309332
-1.57567
-0.237536
-0.190799
-0.826271
0.432944
-0.334143
0.510978
-2.28112
0.714188
-0.545423
0.21799
-1.63236
0.49887
-0.877526
-1.42969
-0.528417
0.260416
-0.296733
-0.0460163
-0.747985
0.234059
-1.02266
-0.580126
-1.20127
0.449812
0.841295
-0.640234
0.0194745
0.21226
-1.46831
-0.171093
0.354585
-1.15677
-0.443162
-2.08385
0.508736
-1.47988
0.518085
-1.35931
-0.953759
-1.21001
-1.2998
0.0190512
-0.668622
-0.509215
-0.418912
-0.309819
0.960978
-0.628842
-0.342892
0.582455
-0.505085
-0.497075
-0.596261
-1.13549
-2.16152
-1.24433
-0.651789
0.50873
-0.00670317
0.214506
-0.637402
-0.831755
-0.620509
-0.555846
-1.12609
-0.996081
0.44704
0.0594022
-0.197231
-1.63856
-1.0295
0.379696
0.467118
-0.193952
-0.517326
0.435674
-1.61094
0.0861446
-1.26876
0.0799078
-1.01871
0.103121
0.0578246
0.558715
0.475436
-2.00125
0.340854
-0.0990349
-0.822199
-0.202274
-0.143786
-0.117857
0.472063
0.18814
-0.158856
-0.894661
0.258194
-0.465084
-0.464054
-0.939397
-0.356617
-0.0613311
0.234204
-0.803674
-0.254011
-0.905251
0.759121
-1.78189
-0.837345
0.495096
0.0974873
-1.10239
0.244254
-0.12642
-0.184608
-0.14948
-0.852884
0.259504
0.330871
0.354054
-0.867332
-0.499204
-0.581517
0.485233
-0.252813
0.290123
-0.126361
-0.463562
0.332496
-0.43601
-0.00944662
-1.19495
-2.10771
-1.50467
0.208152
-0.518778
-0.871242
-0.226693
-0.600945
-1.22752
0.293675
-0.165323
0.328154
-0.0511698
0.0396023
-0.233223
-0.161883
-0.132271
0.423086
-1.06712
-0.421152
0.305854
-2.37385
-1.36531
-0.232648
-0.393965
0.428674
-1.59874
0.297343
-0.118796
-0.0678877
0.38403
-0.436022
0.19748
0.347316
-0.0457462
-0.215655
0.286385
0.022895
-1.24368
-0.24379
-0.692506
-1.46743
0.0851572
-0.787977
0.19996
0.53672
0.105876
-1.26201
0.429743
-0.757145
-1.36872
-1.2868
-0.472214
0.045211
0.151892
0.20597
0.0938426
0.101684
-1.96472
-0.990945
-0.223329
0.335931
-1.97409
-1.67006
0.346854
-0.5189
-0.0545667
-0.824632
-0.52699
0.419283
-1.48076
-2.69894
-0.275849
0.303783
-1.24144
0.252399
-0.884003
-1.18378
0.173921
0.0232746
0.0666505
-0.0460252
-0.837845
-0.56616
-1.60525
-1.23386
-0.660203
0.307699
0.465198
-0.774856
-0.924187
-1.14939
-0.129034
0.232272
0.349574
-0.20027
-0.817702
-0.283783
-0.371826
-0.0532539
-1.39576
0.0492487
-1.08541
0.377844
-1.20516
-0.161948
-2.07944
0.359355
-0.449883
-2.07609
0.30301
0.227436
0.506849
-2.26424
0.457409
0.400953
-0.456687
0.0949586
-0.281045
-0.704909
-0.204095
-0.895865
-0.669538
-1.60105
-0.00541675
-1.17508
-1.18331
0.503266
-1.42838
-0.23599
0.116632
-1.11183
-0.574915
-1.14881
-1.70774
0.492169
-0.0356391
-0.453909
0.0338095
0.0546218
0.172291
-0.0249204
0.156623
-0.271726
-0.923137
-0.416789
-0.0812311
-0.286765
-0.720684
-0.421923
-1.66414
0.0931714
-0.258555
0.0255819
-0.562625
0.0472804
0.464909
-0.679547
-0.76126
-1.31975
0.283932
-0.949787
-0.500035
-0.684204
-0.893836
-0.385787
-1.41371
0.00325919
0.403859
0.342621
-0.422296
-0.231155
0.583891
-0.695489
0.285639
-0.125789
0.668911
0.526655
-1.11099
0.662924
0.64451
-1.82717
-0.959757
-1.89165
0.435692
-0.768186
-0.270752
0.477614
-0.794358
-0.199672
-0.374265
-1.08725
0.425986
-0.175313
0.474498
-2.59577
0.048998
-1.05007
-0.0831818
-0.360052
-1.93211
0.392118
0.520522
0.0496634
-0.737151
0.2848
0.353563
0.0267367
-0.303986
-0.134398
-0.756252
-2.16524
-0.267769
-1.50084
0.392817
-1.15393
-1.24765
-0.0677132
0.396444
-0.916067
0.216742
0.0606112
-1.08176
0.378218
-0.444573
-0.458715
-0.196814
-0.939109
-0.0673589
-0.123034
0.516492
-1.51219
-0.455102
-0.872278
-0.834066
-0.540141
0.127498
-0.417109
0.199812
0.163424
-0.485927
-0.220543
0.205199
-1.46676
0.656343
-0.372947
-0.250046
-0.614335
-1.64265
-1.69357
-0.402429
-1.37384
-0.872689
0.1045
-0.200187
0.466203
0.396834
0.239018
0.0356203
-0.631148
0.116483
0.011586
0.14219
-1.2815
-0.933603
0.411007
-0.101015
0.0107472
-0.81342
0.421345
-0.0887513
-1.70834
0.44306
0.0229664
0.406304
-0.202327
0.0130836
-0.179812
0.129691
0.115105
-0.856132
-0.311107
-0.427577
0.474685
0.527488
-1.68915
-1.25511
0.180953
0.61392
-0.43315
0.280849
-0.622138
0.0870129
0.339591
0.150638
-0.524007
-0.80095
-1.92278
-1.63175
-0.602221
-0.335555
0.60147
0.229458
0.230764
-0.263381
-0.348549
0.143457
-1.06614
-1.23616
0.194222
0.16536
-1.71121
0.423915
-0.279867
-0.892201
-0.898658
-0.776624
-0.0152208
0.506739
-0.104413
0.16383
0.0128895
-1.4699
-1.81889
0.120231
0.322572
0.29814
-1.62817
-0.788215
-0.294204
-1.14886
-0.752093
-1.00791
-0.212228
-1.14875
0.230789
0.271223
-0.798981
0.51278
0.407205
0.484671
-0.175567
0.14681
-0.899252
0.332817
0.590073
0.414545
-0.788643
-0.260463
-0.909208
-0.30225
-0.8361
-1.34149
-1.7025
0.24518
-0.191647
-1.02007
-1.54166
0.110663
0.099306
-1.25432
-1.36671
0.592076
-0.464385
0.57598
-0.894687
-1.43697
-0.252326
-1.10503
0.119635
0.0820073
-1.10671
0.444729
-0.785864
0.0880708
-1.14967
-0.840023
-0.863823
-0.437157
-2.48102
0.694042
-0.721749
0.346158
-0.752592
-0.263351
-1.36127
-0.196913
0.185154
0.0452789
-1.13102
-0.287499
0.167031
-0.25615
-1.10528
0.202951
-0.307792
-0.54992
-1.39039
-1.35844
-0.400654
-1.56667
-1.1178
0.496085
-1.25661
0.634213
0.109964
-0.164576
-0.976295
-1.75343
-0.746277
-0.260839
0.552606
0.468993
-1.26745
-1.34172
-0.274545
-0.301868
0.0685285
-0.260991
-0.379775
0.205799
0.362036
-1.04951
-0.179593
0.106262
-0.641646
-1.14747
-1.90775
0.234887
-0.471134
-0.103225
-0.462165
0.442341
0.578151
0.468552
-0.752157
0.229234
-0.431696
0.653492
0.491281
-0.55467
0.295063
-0.679517
-1.64488
-0.0783018
0.408835
-0.1422
0.185677
-0.343102
-0.0551372
0.300848
0.737059
-0.448991
0.0490628
-1.17404
-0.137153
-0.21123
-0.0847079
-0.488998
0.0646933
0.00151295
0.164497
-0.604609
-0.456522
0.38878
-1.37433
-0.00718826
-0.11402
-0.291609
0.340357
0.138305
-0.981643
-0.0608369
0.538065
0.487274
-0.473874
-0.602977
-0.386339
-0.300331
-0.0525096
-0.656705
0.245209
-1.94136
-1.47979
0.12868
-1.60695
0.269876
0.13988
0.417946
0.31481
-0.269767
-0.044529
-0.0275524
-0.440059
-0.281911
0.0841302
0.466437
-0.52246
-1.07952
-2.53085
0.584399
0.479741
-0.566503
-0.866809
-0.214689
-0.194021
-1.09999
-0.390409
-0.564919
0.124576
-0.571324
-0.196749
-0.469374
0.0304406
-1.25342
-1.10661
-0.0178399
-0.199245
-0.00630902
0.310896
-0.259071
0.00338155
0.546814
0.421519
-0.049929
0.580351
-0.72804
-0.894331
0.191019
-0.0442931
0.513277
0.281731
-1.07641
-0.678716
-0.472106
-0.604108
-0.615358
0.0305221
0.418639
-0.872699
0.392466
0.179267
-0.0282814
-0.482627
0.445118
-0.991585
0.0749505
-0.0127324
-0.375539
-0.00221328
-0.488827
0.114783
-0.284783
0.206179
0.0778891
-0.299664
-0.910955
-0.198078
-1.99166
0.259009
0.299201
-1.11419
-0.0929151
-0.010169
-0.23662
0.253457
-1.7384
0.263866
-0.430956
-0.549545
-0.475876
0.0334029
-0.750475
0.572253
-0.290548
-0.117331
0.569035
0.331266
-0.115089
0.00834411
0.172854
-1.01281
-0.463959
-1.2299
-0.221254
-0.629236
0.183859
0.609942
0.453582
-0.6877
-0.215887
-0.450946
0.212102
-0.60449
-0.0582031
-0.0337954
-0.19783
0.275508
0.17142
-1.35844
-0.86354
-0.0786648
0.491066
-0.942669
0.367788
0.0397367
0.127581
0.360589
-0.688822
0.387104
-2.00458
0.515308
-0.306578
-0.558688
-1.08982
-0.16698
-0.986793
-1.33348
-0.937399
0.340361
0.138893
-0.868999
-0.687674
-0.0130201
-1.77472
-0.535213
0.604633
0.394166
-0.607971
-1.34996
0.387262
-0.439209
-0.774159
-0.47995
-0.00869793
0.0557396
-1.69026
0.267433
-0.144018
-0.471992
-0.384386
0.172657
-0.236696
0.162508
-1.39475
0.369655
0.194393
0.0631517
0.595575
-2.03251
-0.40254
-0.760523
0.141112
-0.2515
0.280277
-0.729943
-0.139217
-1.08781
0.354027
0.234895
0.245069
-0.329114
-0.103155
-0.311117
0.330784
-0.835304
0.261519
0.495741
0.473226
0.394401
0.282933
0.658034
-1.39123
-0.334118
-0.039382
-1.3853
-0.243595
-0.108033
-0.0278117
0.185752
0.028209
-0.115537
-0.0947889
-0.285711
0.13238
-0.302378
-0.298221
-0.341845
-0.645007
-0.64651
0.16016
-0.46595
-1.01631
0.0101692
0.323231
0.171714
-0.494947
-0.34323
0.344998
-0.424874
-0.931059
0.351219
-1.13991
-0.194296
-0.742896
-1.67246
-1.33535
-0.338368
-0.409891
-0.0586181
0.583728
0.148475
0.0935573
0.0297453
-0.641244
-0.508166
-0.0925416
-0.0286261
0.0544149
-0.478515
0.17326
-1.24039
-1.70816
-0.744648
-0.213277
-0.688756
-0.854866
-1.37684
0.381386
0.291336
-1.09374
-0.71072
-0.0801607
-1.11989
-1.26806
-0.379742
-0.940537
0.264963
0.302644
-0.975031
-0.497065
0.384326
0.400336
0.554546
0.636476
-2.44851
-0.597611
-0.0654628
-1.64307
-0.0462689
-1.76265
-0.273408
-0.272211
-1.03731
0.326851
0.153738
0.630373
-0.130293
-0.452008
0.272493
0.341122
-0.682422
-1.01152
-2.24287
-0.11183
-0.322304
-0.992101
-0.0811302
0.214945
-0.0594736
-0.336704
-0.227142
0.246082
0.404152
0.0317757
-1.62885
0.368252
-0.320539
0.37043
0.314634
-0.112905
-0.495045
0.220917
0.519441
-0.577256
-0.977386
-0.654014
-1.31137
0.0480795
0.378589
-0.371396
0.750671
0.105811
-0.387011
0.121093
-0.0446205
-0.371162
-0.700466
0.323511
0.229948
-1.13216
-0.382537
-0.290031
-0.0327115
0.641794
-0.273262
0.108487
-0.585867
-2.18444
-0.364629
0.502463
-0.154115
-1.11641
-0.0915383
-0.170216
-0.0911377
-0.0965865
-1.03482
-0.422926
0.458475
-0.400527
-0.682173
0.123236
-0.617217
-1.34063
-0.357081
0.0278963
-0.0310073
-0.575986
0.254966
-0.833893
-0.0617625
-0.374584
0.294756
0.0519985
-0.290252
0.00747258
0.303452
0.33832
-0.72573
0.0936187
-3.53368
0.369059
0.0392269
-2.21573
0.126788
0.656774
0.366171
-0.116365
0.324239
0.526787
-0.0680332
-1.07733
-0.0716518
0.0301438
-0.106573
-1.6378
-1.92141
0.254312
0.253787
0.251133
-0.680678
-0.123155
-0.135287
0.386183
-0.709656
-0.139837
-0.163006
-0.272325
-1.02577
0.299079
0.214446
0.290205
-0.362829
-1.63812
0.491998
-0.306134
0.314545
-0.157372
0.0462985
0.535417
-0.0365185
0.195472
-0.0737659
0.237133
-1.44091
-0.513861
-1.41827
-0.243485
-0.421592
0.342743
-0.206219
-0.317178
-0.171841
-0.978505
0.128013
0.10964
-0.353071
0.186545
-0.752271
-0.249795
-0.842096
-0.240587
0.420582
-0.594047
0.457559
0.106085
-0.590909
-0.518796
0.104423
0.201907
-0.0116954
-0.299944
0.181018
-1.11232
-0.743509
-0.226111
0.168975
0.510348
0.00209431
0.165462
-0.247346
0.380753
-0.257327
-1.12684
0.172933
-0.304877
-0.699004
0.124028
-0.239772
0.536747
0.444978
0.397581
0.197605
-1.55356
0.0771779
-1.25271
-0.564264
-0.357411
-0.84731
-0.788015
-0.087686
-0.70789
-1.491
-0.0185493
-0.285932
-2.12672
-0.42426
-0.506943
-0.832611
0.553413
-0.755177
0.234924
0.206638
-0.976094
-0.63906
0.429654
0.482847
0.23729
0.121533
-0.315333
-1.57119
0.156042
0.279632
0.0325582
-1.51723
-0.190135
-0.245296
0.270876
0.463341
0.124953
0.440674
-0.0620278
-0.583076
-0.247973
0.356027
0.282385
-2.88009
-0.638202
0.406594
-0.464229
-0.0358921
-0.0961867
-0.14838
0.486395
-0.000855214
-0.0491849
-0.0551753
0.176474
-1.11118
0.413918
0.560058
0.407379
0.496511
-1.43208
-1.66675
-0.473576
0.380696
-0.00823392
-0.462381
0.277357
0.399901
0.0241109
0.496151
-0.0636801
0.00155959
0.630492
-1.62637
-0.306928
0.0899142
-0.990476
-0.744633
-1.03467
-0.945161
-0.341765
0.331217
-1.01701
-0.551494
-0.32185
0.0206879
-0.719785
0.581642
-0.111187
0.341428
-1.9809
-0.825031
0.17379
-0.941149
-0.757671
-0.154642
0.0326391
-0.573864
0.481024
-0.018723
-0.0317663
0.167342
-0.76429
-1.30811
-0.014586
0.163734
0.229471
-0.554549
-0.863537
0.176959
-0.521242
-0.569658
-0.538884
-0.30103
0.365748
-1.19952
-0.726605
-0.991408
0.0541926
-0.51308
-0.68536
0.276185
-0.00167618
0.453284
-0.813873
-0.61751
-0.159134
-1.67516
0.0164916
0.0867108
-0.133647
-0.370897
0.248406
-0.695011
0.219923
-0.532709
0.113679
-0.328283
0.434006
-0.845337
-0.261805
-0.552909
0.0374167
-0.646644
-0.0998318
-0.802871
0.0871309
0.475869
0.130531
-0.51566
0.542941
-0.820773
-0.312269
-0.851523
0.119211
-0.52717
0.117221
-0.0269927
0.334302
-1.03506
0.794059
-0.0894445
0.0185724
0.00194559
-0.764742
-0.519605
-0.919635
-0.513359
-0.746462
0.274486
0.448603
0.176922
0.232631
-1.22599
-0.427046
-0.408932
-1.16789
0.182585
-0.884323
0.121656
0.464784
-0.567361
-0.05526
-0.817574
-0.0177171
-0.982391
-0.206121
-0.0418038
-0.259752
-1.70217
-0.749047
-1.17712
-0.210911
0.281695
-0.909122
0.266583
0.247866
-0.188864
0.513088
-0.438699
-0.168807
-0.354141
-1.6417
-0.12787
0.200012
0.074838
0.296293
0.0418858
0.118478
-0.492587
0.479794
-0.564492
-0.533345
0.380232
-0.259462
-0.869586
-0.792435
0.60794
-0.324177
0.0460693
0.0764448
0.21789
0.295504
0.561701
-0.552871
0.195239
0.528349
0.618373
-1.7436
-0.941461
0.252135
-0.393349
-0.354043
-0.696793
-0.00457621
-0.381761
-1.17886
0.350917
0.215314
0.32597
0.0130405
0.389893
0.158348
0.05208
-0.134764
-0.935332
-0.583346
-0.579424
-0.498233
-0.0170036
0.175249
0.243355
-1.01361
-1.0507
-0.289019
-1.08159
-0.517299
0.145611
-0.411155
-0.608817
-0.192807
0.0747304
-1.09217
0.285761
0.841058
-0.654504
-1.47432
0.333846
-0.120434
0.367583
-1.05931
0.352649
-1.00867
-0.278534
0.319195
0.0104309
0.0121767
-0.45038
-1.06462
-0.0271958
-0.843794
0.164206
-0.332415
0.268343
-0.369488
-0.13524
0.0336042
-1.66223
-0.465821
0.528016
-1.07844
-0.448029
0.310197
-0.1124
0.0540536
-1.70902
-0.216098
0.241264
0.0460593
-0.116197
-0.384635
-0.780028
-0.70719
-0.661752
0.0755748
0.59775
-0.818156
-1.09366
0.501179
0.50574
0.0958656
0.507822
-0.935969
-1.47693
0.0297464
0.468857
0.295375
-0.200479
-1.35191
-0.226204
-0.588295
-0.31341
-0.640242
-0.72028
0.04955
-0.684065
-0.974931
0.151256
0.759333
0.0890985
0.245959
-0.702688
-0.159994
-0.328801
0.124101
-0.128709
-0.443009
-1.45068
-0.041573
-0.561843
-0.373692
0.0959487
0.20502
-0.194458
-0.298067
0.022672
-0.704629
0.169689
-1.23164
-1.29945
-0.00448323
0.366649
-0.0300658
-0.410936
0.201088
-0.162275
0.0584036
-0.342766
0.151632
-0.44392
0.635674
-0.425725
0.438282
0.0905939
0.0375147
-0.351947
0.143208
-0.998699
-0.487514
-0.479812
-0.220151
0.694021
-1.40829
-0.570976
0.212494
-0.169402
0.398521
0.295379
0.301422
-0.866199
-0.653494
0.169818
-0.411482
0.238714
-0.641705
0.262646
-0.358531
0.580386
-1.57731
0.0477057
-2.11445
-0.00679591
-1.11484
-0.895154
-0.217201
-0.83336
-0.493099
-0.00625224
-0.469338
0.23819
-0.268762
0.401664
0.41391
-0.508581
-0.675908
-0.133623
-0.294482
0.191238
-0.672169
0.662435
0.386925
0.358781
0.431645
0.0642235
0.0501668
0.212581
-1.16131
0.246093
-0.0827142
-1.36682
0.609637
-0.448645
-0.590016
-0.877601
0.290201
0.405947
0.277598
0.369811
-0.365612
0.245698
-0.174354
0.188594
0.103664
-0.256427
0.226619
0.00519071
0.0578579
0.301822
-1.39548
0.385304
0.261207
-0.40159
0.461054
-1.28671
-0.476366
-0.950311
0.20663
-0.327694
0.460586
-0.00440871
-0.484234
-0.25202
0.38277
0.709596
0.0441721
-0.220344
0.367984
0.668238
-1.26464
0.315389
-0.680734
-0.498935
-0.0159906
-0.965057
-0.913578
-2.41554
-0.0160438
-0.463312
-0.921199
0.14685
-0.0671902
0.345724
0.00800995
0.292902
-0.498453
0.218425
0.459123
0.126474
0.217524
-0.299244
-0.35287
-0.0914778
0.255871
-0.681341
0.411633
0.108261
-0.607712
-1.46445
0.091584
0.374912
-0.103624
0.391524
-0.0618227
0.515575
-1.79011
0.442947
0.204277
-2.63156
-0.491104
0.251577
0.37257
-0.993472
-1.56377
0.433304
-0.0430636
-1.21078
0.294585
0.394117
-0.0289971
0.24674
0.115263
-0.520994
-0.25573
-0.275713
-1.27777
0.517341
-1.30918
-0.107135
-0.957839
-0.63401
-1.03321
-1.58552
0.334208
0.103327
-0.511934
-0.0161113
-0.550972
-0.526255
-0.254106
-0.0109941
-0.246981
0.776371
0.527473
-1.2744
-0.200429
0.73426
-0.786972
-0.33415
-1.63448
0.180618
-1.10557
0.348576
-0.759803
0.00128283
-0.321953
-1.20245
0.153291
-0.0325767
-0.244803
0.131659
-0.695745
-2.74459
0.395687
0.31657
-0.717818
-0.300829
-1.03736
-0.0111609
0.0152742
0.620165
0.323651
-0.644702
-0.146185
-1.49215
0.530988
-0.938997
