0
0
0
0
0
0
0
0
0
0
0
0
0
0
0
0
0
0
0
0
0
0
0
0
0
0
0
0
0
0
0
0
0
0
0
0
0
0
0
0
0
0
0
0
0
0
0
0
0
0
0
0
0
0
0
0
0
0
0
0
0
0
0
0
0
0
0
0
0
0
0
0
0
0
0
0
0
0
0
0
0
0
0
0
0
0
0
0
0
0
0
0
0
0
0
0
0
0
0
0
0
0
0
0
0
0
0
0
0
0
0
0
0
0
0
0
0
0
0
0
0
0
0
0
0
0
0
0
0
0
0
0
0
0
0
0
0
0
0
0
0
0
0
0
0
0
0
0
0
0
0
0
0
0
0
0
0
0
0
0
0
0
0
0
0
0
0
0
0
0
0
0
0
0
0
0
0
0
0
0
0
0
0
0
0
0
0
0
0
0
0
0
0
0
0
0
0
0
0
0
0
0
0
0
0
0
0
0
0
0
0
0
0
0
0
0
0
0
0
0
0
0
0
0
0
0
0
0
0
0
0
0
0
0
0
0
0
0
0
0
0
0
0
0
0
0
0
0
0
0
0
0
0
0
0
0
0
0
0
0
0
0
0
0
0
0
0
0
0
0
0
0
0
0
0
0
0
0
0
0
0
0
0
0
0
0
0
0
0
0
0
0
0
0
0
0
0
0
0
0
0
0
0
0
0
0
0
0
0
0
0
0
0
0
0
0
0
0
0
0
0
0
0
0
0
0
0
0
0
0
0
0
0
0
0
0
0
0
0
0
0
0
0
0
0
0
0
0
0
0
0
0
0
0
0
0
0
0
0
0
0
0
0
0
0
0
0
0
0
0
0
0
0
0
0
0
0
0
0
0
0
0
0
0
0
0
0
0
0
0
0
0
0
0
0
0
0
0
0
0
0
0
0
0
0
0
0
0
0
0
0
0
0
0
0
0
0
0
0
0
0
0
0
0
0
0
0
0
0
0
0
0
0
0
0
0
0
0
0
0
0
0
0
0
0
0
0
0
0
0
0
0
0
0
0
0
0
0
0
0
0
0
0
0
0
0
0
0
0
0
0
0
0
0
0
0
0
0
0
0
0
0
0
0
0
0
0
0
0
0
0
0
0
0
0
0
0
0
0
0
0
0
0
0
0
0
0
0
0
0
0
0
0
0
0
0
0
0
0
0
0
0
0
0
0
0
0
0
0
0
0
0
0
0
0
0
0
0
0
0
0
0
0
0
0
0
0
0
0
0
0
0
0
0
0
0
0
0
0
0
0
0
0
0
0
0
0
0
0
0
0
0
0
0
0
0
0
0
0
0
0
0
0
0
0
0
0
0
0
0
0
0
0
0
0
0
0
0
0
0
0
0
0
0
0
0
0
0
0
0
0
0
0
0
0
0
0
0
0
0
0
0
0
0
0
0
0
0
0
0
0
0
0
0
0
0
0
0
0
0
0
0
0
0
0
0
0
0
0
0
0
0
0
0
0
0
0
0
0
0
0
0
0
0
0
0
0
0
0
0
0
0
0
0
0
0
0
0
0
0
0
0
0
0
0
0
0
0
0
0
0
0
0
0
0
0
0
0
0
0
0
0
0
0
0
0
0
0
0
0
0
0
0
0
0
0
0
0
0
0
0
0
0
0
0
0
0
0
0
0
0
0
0
0
0
0
0
0
0
0
0
0
0
0
0
0
0
0
0
0
0
0
0
0
0
0
0
0
0
0
0
0
0
0
0
0
0
0
0
0
0
0
0
0
0
0
0
0
0
0
0
0
0
0
0
0
0
0
0
0
0
0
0
0
0
0
0
0
0
0
0
0
0
0
0
0
0
0
0
0
0
0
0
0
0
0
0
0
0
0
0
0
0
0
0
0
0
0
0
0
0
0
0
0
0
0
0
0
0
0
0
0
0
0
0
0
0
0
0
0
0
0
0
0
0
0
0
0
0
0
0
0
0
0
0
0
0
0
0
0
0
0
0
0
0
0
0
0
0
0
0
0
0
0
0
0
0
0
0
0
0
0
0
0
0
0
0
0
0
0
0
0
0
0
0
0
0
0
0
0
0
0
0
0
0
0
0
0
0
0
0
0
0
0
0
0
0
0
0
0
0
0
0
0
0
0
0
0
0
0
0
0
0
0
0
0
0
0
0
0
0
0
0
0
0
0
0
0
0
0
0
0
0
0
0
0
0
0
0
0
0
0
0
0
0
0
0
0
0
0
0
0
0
0
0
0
0
0
0
0
0
0
0
0
0
0
0
0
0
0
0
0
0
0
0
0
0
0
0
0
0
0
0
0
0
0
0
0
0
0
0
0
0
0
0
0
0
0
0
0
0
0
0
0
0
0
0
0
0
0
0
0
0
0
0
0
0
0
0
0
0
0
0
0
0
0
0
0
0
0
0
0
0
0
0
0
0
0
0
0
0
0
0
0
0
0
0
0
0
0
0
0
0
0
0
0
0
0
0
0
0
0
0
0
0
0
0
0
0
0
0
0
0
0
0
0
0
0
0
0
0
0
0
0
0
0
0
0
0
0
0
0
0
0
0
0
0
0
0
0
0
0
0
0
0
0
0
0
0
0
0
0
0
0
0
0
0
0
0
0
0
0
0
0
0
0
0
0
0
0
0
0
0
0
0
0
0
0
0
0
0
0
0
0
0
0
0
0
0
0
0
0
0
0
0
0
0
0
0
0
0
0
0
0
0
0
0
0
0
0
0
0
0
0
0
0
0
0
0
0
0
0
0
0
0
0
0
0
0
0
0
0
0
0
0
0
0
0
0
0
0
0
0
0
0
0
0
0
0
0
0
0
0
0
0
0
0
0
0
0
0
0
0
0
0
0
0
0
0
0
0
0
0
0
0
0
0
0
0
0
0
0
0
0
0
0
0
0
0
0
0
0
0
0
0
0
0
0
0
0
0
0
0
0
0
0
0
0
0
0
0
0
0
0
0
0
0
0
0
0
0
0
0
0
0
0
0
0
0
0
0
0
0
0
0
0
0
0
0
0
0
0
0
0
0
0
0
0
0
0
0
0
0
0
0
0
0
0
0
0
0
0
0
0
0
0
0
0
0
0
0
0
0
0
0
0
0
0
0
0
0
0
0
0
0
0
0
0
0
0
0
0
0
0
0
0
0
0
0
0
0
0
0
0
0
0
0
0
0
0
0
0
0
0
0
0
0
0
0
0
0
0
0
0
0
0
0
0
0
0
0
0
0
0
0
0
0
0
0
0
0
0
0
0
0
0
0
0
0
0
0
0
0
0
0
0
0
0
0
0
0
0
0
0
0
0
0
0
0
0
0
0
0
0
0
0
0
0
0
0
0
0
0
0
0
0
0
0
0
0
0
0
0
0
0
0
0
0
0
0
0
0
0
0
0
0
0
0
0
0
0
0
0
0
0
0
0
0
0
0
0
0
0
0
0
0
0
0
0
0
0
0
0
0
0
0
0
0
0
0
0
0
0
0
0
0
0
0
0
0
0
0
0
0
0
0
0
0
0
0
0
0
0
0
0
0
0
0
0
0
0
0
0
0
0
0
0
0
0
0
0
0
0
0
0
0
0
0
0
0
0
0
0
0
0
0
0
0
0
0
0
0
0
0
0
0
0
0
0
0
0
0
0
0
0
0
0
0
0
0
0
0
0
0
0
0
0
0
0
0
0
0
0
0
0
0
0
0
0
0
0
0
0
0
0
0
0
0
0
0
0
0
0
0
0
0
0
0
0
0
0
0
0
0
0
0
0
0
0
0
0
0
0
0
0
0
0
0
0
0
0
0
0
0
0
0
0
0
0
0
0
0
0
0
0
0
0
0
0
0
0
0
0
0
0
0
0
0
0
0
0
0
0
0
0
0
0
0
0
0
0
0
0
0
0
0
0
0
0
0
0
0
0
0
0
0
0
0
0
0
0
0
0
0
0
0
0
0
0
0
0
0
0
0
0
0
0
0
0
0
0
0
0
0
0
0
0
0
0
0
0
0
0
0
0
0
0
0
0
0
0
0
0
0
0
0
0
0
0
0
0
0
0
0
0
0
0
0
0
0
0
0
0
0
0
0
0
0
0
0
0
0
0
0
0
0
0
0
0
0
0
0
0
0
0
0
0
0
0
0
0
0
0
0
0
0
0
0
0
0
0
0
0
0
0
0
0
0
0
0
0
0
0
0
0
0
0
0
0
0
0
0
0
0
0
0
0
0
0
0
0
0
0
0
0
0
0
0
0
0
0
0
0
0
0
0
0
0
0
0
0
0
0
0
0
0
0
0
0
0
0
0
0
0
0
0
0
0
0
0
0
0
0
0
0
0
0
0
0
0
0
0
0
0
0
0
0
0
0
0
0
0
0
0
0
0
0
0
0
0
0
0
0
0
0
0
0
0
0
0
0
0
0
0
0
0
0
0
0
0
0
0
0
0
0
0
0
0
0
0
0
0
0
0
0
0
0
0
0
0
0
0
0
0
0
0
0
0
0
0
0
0
0
0
0
0
0
0
0
0
0
0
0
0
0
0
0
0
0
0
-1.05533
0.425227
0.218104
-0.0609904
-1.19617
0.210014
-0.566588
0.778678
0.275163
-0.380278
0.078358
-0.833573
-0.66188
-0.0180383
0.194629
-0.109418
-0.369054
0.293697
-0.0061671
-0.539847
-1.83645
0.428499
0.602858
-0.862181
0.0445314
0.295075
-1.54207
0.212589
0.08449
0.0552605
-0.565433
0.292005
0.0158491
-1.5663
0.546774
0.410288
0.347353
-0.169412
-0.654603
-0.292366
0.126441
-1.16499
-0.0243261
0.222243
0.167748
0.055864
0.317958
-0.976338
-1.10949
0.353235
-0.897287
-0.284555
0.213441
-0.856538
-0.764281
0.547703
-0.47059
-0.807572
-0.0530897
-0.231449
0.0599623
0.605019
-0.0687508
-0.766333
0.214652
-0.0433053
0.737419
0.358872
-0.81219
-0.153057
-0.946605
-0.702903
-0.0936376
0.329851
0.239432
0.118174
-2.47752
-0.443826
-0.0971216
0.283932
-0.401511
-0.321182
0.148176
-0.665881
0.381561
-0.213327
-0.494935
-0.515782
0.310506
0.223248
-1.26233
0.0519326
0.183901
-0.128272
-0.21088
0.717292
0.137037
-0.581405
-0.664872
0.512148
-0.523702
-0.736752
-1.37779
0.17942
-0.534175
-0.913628
-1.48765
-2.21513
-0.805153
0.353572
-0.0139894
-0.399893
0.191033
0.30929
-0.311335
0.145669
0.168537
-0.900368
-0.49598
0.406069
0.250971
0.188267
-0.155856
-0.0710386
-0.441788
0.0592161
0.49295
-0.216929
0.69387
-0.460873
-0.343704
0.134722
-0.813432
-0.42702
-0.855684
-0.165459
-0.927271
-0.123094
0.602288
-0.992754
-0.00360482
-1.96399
-0.0904794
-0.123677
-0.163276
-1.12038
0.0986754
-0.419732
0.334955
-0.801269
0.225907
0.470441
0.536029
-0.436055
-0.104861
-1.22927
-0.247841
0.256818
-0.675188
0.470255
0.277951
0.268318
-0.00487854
-1.3614
0.268783
-0.343866
-1.39059
-1.54169
0.244715
-0.497839
-0.797155
0.0419718
0.242862
0.489684
0.605925
0.0363378
0.297177
0.362514
-0.915355
-0.477055
-0.124157
0.547533
0.579717
0.0550901
-0.703118
0.539878
0.250947
-0.056098
0.306747
-0.835436
0.340694
-0.017295
-1.08995
0.130321
0.706683
0.435278
-0.427977
-0.529455
-0.0481836
0.357033
-1.09054
0.0378322
0.614535
0.410429
-0.651569
0.219752
0.0733625
-1.02008
-1.30663
-2.01561
-0.874861
-0.236858
-0.82292
-1.08494
-0.321968
-0.939355
-1.14568
-0.244211
-0.158378
-0.352319
-0.69358
0.516618
-1.37471
-0.536447
-0.154375
-0.433308
-0.193773
-0.314041
-0.623379
0.684274
-1.32753
-0.872869
0.75111
-0.634651
0.431526
0.221422
-0.169711
-0.649248
-0.524438
-0.705012
-1.13815
-0.351588
-0.16347
0.358019
-0.133159
0.0948748
-0.61704
-0.121203
-0.404151
-0.349194
0.22534
-0.4904
0.587276
0.572608
-0.313933
-2.40683
-0.177277
0.129066
-1.46361
-1.06152
-0.978464
-0.712464
0.0919754
0.631584
-1.53052
-0.950302
-1.68311
0.375881
0.160039
-0.400684
-0.122946
0.12264
0.215959
0.436721
-0.0198296
-2.15641
-0.309863
-0.282701
0.059102
-0.0347909
-0.238919
-0.105542
0.28896
-0.0108085
-0.421258
-0.274896
-0.18691
-1.43455
0.0456124
-0.743041
0.121432
0.644402
-0.92831
0.153346
-0.690554
0.362471
0.531082
-2.1089
-2.61238
0.154943
-0.96901
-0.569787
-0.143961
-0.0106509
-1.64062
0.107722
-0.635071
-0.296203
0.583445
-1.34217
-0.728506
-0.900044
0.829547
-1.60198
-1.28333
0.0784613
-0.452332
-1.82334
0.461316
-0.66936
0.441404
0.0734729
0.467468
0.0280809
0.697446
-0.437263
0.253264
-1.67605
0.350261
-0.0414792
-1.69457
-0.0583628
0.495082
-0.554777
-0.0626867
-0.402797
-0.1015
0.25357
-0.852042
-3.37617
-3.33557
-0.641188
0.712214
0.117198
-0.677371
-0.337402
0.282258
-0.594105
-0.193882
0.313553
-1.2456
0.25606
0.119496
-0.200285
0.155831
0.307738
-0.934206
0.272647
-0.847207
-0.500893
-1.00536
0.234742
-1.19587
0.358518
-1.15561
-0.493022
0.100735
0.226248
-1.52367
-0.0888903
-0.0723738
-0.935927
0.446877
-0.258924
0.49747
-2.34593
0.730915
-0.553664
0.293625
-1.74218
0.513641
-1.06627
-1.53243
-0.543833
0.309648
-0.409761
-0.069391
-0.710716
0.286926
-1.00605
-0.449683
-1.07155
0.503408
0.834711
-0.535111
-0.0304015
0.223025
-1.43043
-0.176249
0.397285
-1.05147
-0.520228
-2.10668
0.542409
-1.33369
0.532652
-1.26766
-0.940319
-1.26597
-1.16657
0.0359218
-0.679551
-0.558099
-0.290449
-0.291391
0.933511
-0.628557
-0.412002
0.555782
-0.536844
-0.534683
-0.491215
-1.12055
-2.04857
-1.24613
-0.648645
0.508778
0.0820401
0.2451
-0.618464
-0.726413
-0.615469
-0.450014
-1.13572
-0.923092
0.392526
0.0386278
-0.224364
-1.58197
-1.09612
0.368578
0.420641
-0.296129
-0.576796
0.383325
-1.77956
0.0498088
-1.18477
-0.00806177
-0.968764
0.0895892
-0.000796443
0.585748
0.536002
-1.93119
0.39393
-0.000899741
-0.835561
-0.104598
-0.258489
0.0093654
0.531903
0.278389
-0.0894582
-0.854732
0.275086
-0.377501
-0.465067
-1.03175
-0.405105
-0.00456856
0.223983
-0.842837
-0.20045
-0.744896
0.755832
-1.89265
-0.940576
0.515919
0.0975359
-1.0849
0.300458
-0.0658522
-0.134376
-0.200435
-0.898944
0.187994
0.329715
0.363491
-0.9433
-0.317224
-0.465555
0.499374
-0.0827536
0.298685
-0.165561
-0.499735
0.300838
-0.413464
-0.0210753
-1.06901
-2.05657
-1.40553
0.216095
-0.470922
-0.894267
-0.215347
-0.640787
-1.04667
0.299688
-0.174841
0.221357
-0.208249
0.079113
-0.207516
-0.13629
-0.299584
0.439621
-1.0015
-0.450525
0.406833
-2.40789
-1.29684
-0.284972
-0.2953
0.433562
-1.544
0.309989
-0.0212892
0.0218867
0.38389
-0.467301
0.103006
0.285439
-0.0717866
-0.235505
0.308335
0.074423
-1.20965
-0.224752
-0.717713
-1.4639
0.132791
-0.774887
0.229722
0.541288
0.0891497
-1.25263
0.423011
-0.711968
-1.48476
-1.35
-0.492595
-0.103416
0.199545
0.230343
0.137855
0.147379
-1.89445
-1.05454
-0.287112
0.369016
-1.91392
-1.56473
0.375033
-0.500854
0.041622
-0.797551
-0.369217
0.406665
-1.43317
-2.56407
-0.198633
0.289609
-1.26967
0.329794
-0.798304
-1.11698
0.134061
0.0697251
0.188184
-0.000984155
-0.883158
-0.660379
-1.5922
-1.2773
-0.546137
0.250627
0.478279
-0.686492
-0.773571
-1.18181
-0.0623853
0.341817
0.426326
-0.0939193
-0.744437
-0.414069
-0.259125
-0.0460196
-1.33426
0.132814
-0.921769
0.392699
-1.20972
-0.225853
-2.05534
0.303404
-0.438941
-2.19229
0.371849
0.265272
0.49921
-2.24159
0.508843
0.391135
-0.335499
0.102098
-0.178111
-0.662248
-0.329541
-0.809458
-0.675014
-1.63335
0.0520157
-1.15579
-1.15925
0.520131
-1.42465
-0.295939
0.129538
-1.11954
-0.687878
-0.943741
-1.6213
0.457905
-0.0537409
-0.53474
0.0537412
0.0154028
0.286971
0.0397773
0.162687
-0.250562
-0.720738
-0.344024
0.0119537
-0.361147
-0.544786
-0.334756
-1.61196
0.150071
-0.330674
-0.0445706
-0.453926
0.103464
0.411181
-0.704467
-0.652661
-1.41458
0.332856
-1.03857
-0.325806
-0.764607
-0.658462
-0.43135
-1.40133
-0.00588102
0.401366
0.263259
-0.477711
-0.193183
0.591422
-0.620862
0.368188
-0.223172
0.706763
0.501322
-0.973161
0.642246
0.577576
-1.94436
-0.867363
-1.80435
0.451614
-0.750331
-0.230234
0.516282
-0.847778
-0.280075
-0.185048
-1.01234
0.402446
-0.179714
0.491135
-2.50297
0.0288655
-1.15325
-0.132371
-0.359835
-1.78416
0.408207
0.611472
0.118428
-0.673702
0.278698
0.407374
0.0402836
-0.249888
-0.0997514
-0.728088
-2.10611
-0.173304
-1.5053
0.242731
-1.0781
-1.24712
-0.0381276
0.367781
-0.885281
0.19219
-0.092
-0.944665
0.344036
-0.276951
-0.628106
-0.122631
-1.00491
-0.118758
-0.0963443
0.552027
-1.45827
-0.426815
-0.872978
-0.808168
-0.593823
0.198014
-0.343621
0.221038
0.157196
-0.552671
-0.183097
0.196358
-1.41073
0.678188
-0.404441
-0.138235
-0.567815
-1.75607
-1.86035
-0.296398
-1.32995
-0.828641
0.14099
-0.161091
0.393261
0.430771
0.0546366
0.17211
-0.551672
0.0882341
0.179128
0.0412637
-1.21017
-0.861267
0.420604
-0.184936
-0.0197166
-0.846602
0.449665
-0.153466
-1.59433
0.504056
-0.042873
0.400304
-0.135099
-0.0363227
-0.110042
0.240584
0.14208
-0.812356
-0.343384
-0.478506
0.497337
0.532017
-1.70664
-1.2217
0.255423
0.624334
-0.454745
0.275626
-0.637824
0.0608996
0.373645
0.0740963
-0.362102
-0.691219
-1.8557
-1.58137
-0.509028
-0.388393
0.598729
0.241431
0.248337
-0.335568
-0.521502
0.244491
-1.15566
-1.39277
0.191974
0.168088
-1.82735
0.429279
-0.287339
-0.865164
-0.728695
-0.764661
0.014553
0.500659
-0.0976634
0.0652702
-0.0756604
-1.64679
-1.85742
0.231803
0.332852
0.339327
-1.47143
-0.899836
-0.238965
-1.09974
-0.84975
-0.837866
-0.18703
-1.24682
0.164096
0.201764
-0.753378
0.497648
0.370126
0.443307
-0.191698
0.130226
-0.998145
0.406242
0.565356
0.528793
-0.767057
-0.35876
-0.873202
-0.250171
-0.936605
-1.33278
-1.56946
0.20942
-0.121762
-0.859997
-1.53553
0.158545
0.145139
-1.19501
-1.33547
0.499301
-0.553482
0.602773
-0.809437
-1.2939
-0.344676
-1.15875
0.0567995
0.0278439
-0.945606
0.425821
-0.63059
0.0489248
-1.03477
-0.930312
-0.808554
-0.347408
-2.2943
0.703804
-0.663473
0.361088
-0.729062
-0.334243
-1.29926
-0.211683
0.160342
0.0377564
-1.08154
-0.220372
0.176183
-0.223772
-1.04343
0.162933
-0.213957
-0.750082
-1.41218
-1.10575
-0.320535
-1.44108
-1.2065
0.619145
-1.45217
0.696141
0.0378798
-0.256853
-0.975825
-1.72144
-0.643039
-0.33313
0.616325
0.540471
-1.02746
-1.37646
-0.247954
-0.229004
0.0238461
-0.254163
-0.408969
0.248789
0.380596
-0.963341
-0.15734
0.0647921
-0.597432
-1.06827
-1.86903
0.218503
-0.342326
-0.14791
-0.530894
0.387699
0.574534
0.526091
-0.767149
0.227837
-0.434745
0.634823
0.430687
-0.457752
0.308989
-0.535345
-1.75287
-0.00969738
0.482933
-0.0129675
0.12818
-0.222701
-0.0499326
0.297832
0.71757
-0.558352
0.246077
-1.04746
0.058824
-0.291486
0.00334107
-0.610469
0.00953096
-0.0704273
0.159414
-0.629486
-0.45122
0.373988
-1.36701
0.057026
-0.0510867
-0.214985
0.406174
0.118854
-1.05872
0.0730074
0.585736
0.505645
-0.273475
-0.572576
-0.346768
-0.369667
-0.0710328
-0.626468
0.331407
-1.85273
-1.40982
-0.0484869
-1.61032
0.297968
0.0827654
0.397375
0.358385
-0.252925
-0.0523911
0.0164866
-0.488982
-0.310925
0.0391289
0.424214
-0.593336
-1.04868
-2.47323
0.550855
0.439371
-0.668023
-0.751539
-0.203968
-0.210873
-1.2048
-0.355035
-0.487508
0.0945276
-0.611687
-0.0823873
-0.502434
0.0133635
-1.13185
-1.07492
0.0183241
-0.130328
-0.042678
0.364836
-0.237916
0.0219713
0.606964
0.400097
0.00683593
0.5943
-0.618723
-1.044
0.232342
-0.0944314
0.57295
0.292276
-0.94277
-0.585959
-0.427906
-0.55335
-0.520606
0.12538
0.437225
-0.76065
0.366522
0.109094
-0.223201
-0.575377
0.42055
-0.974556
-0.0153991
-0.0176183
-0.285829
-0.023289
-0.347395
0.042725
-0.184325
0.110143
0.0665943
-0.312962
-0.96646
-0.180589
-1.89539
0.297579
0.252605
-1.04499
-0.177606
-0.00437288
-0.190978
0.265488
-1.70542
0.252372
-0.44611
-0.461895
-0.549303
-0.0741507
-0.686139
0.539136
-0.373328
-0.0896434
0.550735
0.309325
-0.145705
0.0207345
0.126802
-0.904288
-0.388785
-1.22096
-0.287482
-0.556249
0.145115
0.549067
0.450052
-0.715982
-0.160345
-0.550558
0.242535
-0.771394
-0.195063
-0.0545645
-0.114779
0.238512
0.104405
-1.39987
-0.882725
-0.0847418
0.582794
-0.886164
0.320948
0.0928606
0.195738
0.208191
-0.617301
0.323379
-1.91159
0.572134
-0.285026
-0.578761
-1.02325
-0.092118
-1.02831
-1.27523
-0.817421
0.305858
0.0703038
-0.902986
-0.605137
-0.0466528
-1.68101
-0.526224
0.62867
0.409023
-0.571311
-1.31432
0.373448
-0.304365
-0.909085
-0.399927
0.0252159
0.100897
-1.38553
0.269757
-0.0490349
-0.618547
-0.509033
0.147938
-0.166388
0.183091
-1.42409
0.489351
0.220124
0.0538492
0.578042
-1.71818
-0.416061
-0.697726
0.10242
-0.311038
0.273562
-0.667951
-0.0883302
-1.053
0.25375
0.37191
0.32011
-0.29364
-0.147602
-0.345654
0.304161
-0.82611
0.203083
0.474032
0.537097
0.415985
0.344597
0.683617
-1.40668
-0.239398
0.0516629
-1.34756
-0.173077
-0.273454
0.00331073
0.208194
0.000689402
0.0140223
-0.0910691
-0.329512
0.141562
-0.279895
-0.274242
-0.271937
-0.603601
-0.704967
0.0921345
-0.582078
-0.992192
0.0597512
0.33073
0.221106
-0.380199
-0.231311
0.309419
-0.276072
-0.720794
0.311342
-0.82088
-0.0888185
-0.823526
-1.62044
-1.16704
-0.331651
-0.40414
-0.0982438
0.608266
0.104918
0.102164
-0.00798948
-0.664683
-0.55744
-0.166336
-0.0438206
0.071596
-0.267889
0.213738
-1.27643
-1.70076
-0.665749
-0.227959
-0.784805
-0.813987
-1.50204
0.412048
0.27577
-0.980238
-0.650975
-0.058694
-0.970871
-1.21361
-0.298265
-1.07257
0.273012
0.25134
-0.97441
-0.558357
0.427912
0.320888
0.542434
0.680121
-2.35826
-0.604503
-0.0175987
-1.63254
-0.00851374
-1.79699
-0.333044
-0.316067
-0.992281
0.35513
0.199398
0.605502
-0.104414
-0.327833
0.230016
0.382697
-0.660827
-0.941983
-2.25954
-0.112355
-0.209011
-0.953822
-0.220393
0.29115
-0.0393094
-0.280139
-0.158192
0.248639
0.401032
-0.0594025
-1.6708
0.400384
-0.41054
0.430528
0.34291
-0.0627286
-0.403013
0.219612
0.508644
-0.540013
-0.933599
-0.499308
-1.19098
0.140896
0.336106
-0.38915
0.711379
0.135478
-0.38156
0.138659
-0.00946911
-0.49582
-0.655916
0.310202
0.206787
-1.02782
-0.331948
-0.403137
-0.0327211
0.630529
-0.253861
0.192949
-0.507746
-2.09619
-0.387149
0.524978
-0.107978
-1.20684
-0.0891856
-0.169057
-0.0845547
-0.170239
-1.01882
-0.432947
0.400821
-0.465545
-0.7854
0.130476
-0.660195
-1.23554
-0.481272
-0.0510748
-0.00546451
-0.645789
0.293543
-0.94208
-0.0277128
-0.377587
0.305247
0.0662072
-0.283808
-0.0469034
0.221031
0.386642
-0.488282
0.155981
-3.44514
0.41376
-0.0433146
-2.14508
0.139429
0.660546
0.403562
-0.0449026
0.393893
0.473133
0.0499147
-0.921399
-0.0290627
0.0527014
-0.18534
-1.57073
-2.01887
0.264603
0.240299
0.190264
-0.738839
-0.109831
-0.122464
0.405425
-0.667385
-0.099932
-0.175722
-0.203457
-0.957503
0.239296
0.222329
0.350493
-0.39346
-1.48853
0.466373
-0.389372
0.309866
-0.085518
-0.0304258
0.525333
-0.077867
0.247072
0.0713275
0.274436
-1.55405
-0.589211
-1.30833
-0.226461
-0.444418
0.375207
-0.137619
-0.23973
-0.187854
-0.92075
0.0795714
0.0731701
-0.361316
0.0989667
-0.647879
-0.133323
-0.842601
-0.406501
0.338003
-0.555951
0.394668
0.0408796
-0.515027
-0.57485
0.155503
0.246672
-0.137215
-0.330917
0.162576
-1.00437
-0.69816
-0.196294
0.212427
0.533192
0.0149757
0.115542
-0.194434
0.396327
-0.203728
-1.11513
0.218223
-0.319009
-0.630309
0.217916
-0.281677
0.518883
0.388344
0.480676
0.340041
-1.61983
0.0905534
-1.11523
-0.567286
-0.301589
-0.647235
-0.675842
-0.118684
-0.792762
-1.4083
-0.00600723
-0.316626
-2.08054
-0.437785
-0.56655
-0.789879
0.489423
-0.771596
0.225141
0.172662
-1.17257
-0.709496
0.421705
0.46483
0.125981
0.189547
-0.306673
-1.43422
0.15192
0.19991
-0.0162663
-1.48642
-0.152946
-0.268329
0.228066
0.392625
0.150062
0.520077
-0.0915631
-0.6207
-0.350563
0.38214
0.306509
-2.81241
-0.579188
0.463334
-0.430938
0.0276939
-0.0199771
-0.233028
0.503739
-0.106511
-0.0590845
-0.0452016
0.213088
-1.05011
0.423655
0.589932
0.383251
0.491483
-1.22535
-1.54802
-0.571048
0.407817
0.00486137
-0.418311
0.286122
0.341013
-0.0180744
0.434926
-0.015189
-0.0501836
0.61292
-1.55946
-0.349014
0.0770173
-0.902341
-0.621015
-0.946337
-0.897249
-0.25257
0.317848
-0.915964
-0.573032
-0.284972
-0.0340309
-0.61938
0.548278
-0.0923543
0.3199
-1.93627
-0.845458
0.211174
-1.10998
-0.683276
-0.133048
0.0400939
-0.713589
0.450808
0.0721149
-0.0332112
0.0888981
-0.71792
-1.25093
-0.0211653
0.159235
0.233226
-0.450635
-0.902321
0.311537
-0.511947
-0.628636
-0.565113
-0.390102
0.357842
-1.11734
-0.82224
-0.845182
0.134284
-0.578699
-0.598658
0.275636
-0.0153421
0.414892
-0.898963
-0.617658
-0.0904674
-1.44422
0.00570768
0.103338
-0.0369323
-0.469475
0.292228
-0.728182
0.185659
-0.387537
0.145626
-0.318198
0.470038
-0.849545
-0.275345
-0.455193
0.0318578
-0.65928
-0.133091
-0.719319
-0.0245355
0.525975
0.0876175
-0.387814
0.532228
-0.802017
-0.3714
-0.81339
0.162133
-0.6006
0.13592
-0.0091969
0.294849
-0.970979
0.77333
-0.0593276
0.0241601
0.0175986
-0.856923
-0.514389
-1.02663
-0.449011
-0.653985
0.332308
0.462981
0.226255
0.186175
-1.21475
-0.465897
-0.333678
-1.25133
0.0898249
-0.948073
0.245323
0.414585
-0.498237
-0.0128824
-0.752015
0.0577871
-1.16806
-0.130006
0.0248543
-0.293283
-1.51339
-0.73568
-1.25587
-0.317736
0.31479
-0.899958
0.231297
0.259096
-0.115919
0.512157
-0.399746
-0.193536
-0.328379
-1.48073
-0.0985832
0.197426
0.152778
0.248945
-0.00788645
0.0728792
-0.411673
0.478636
-0.460526
-0.539388
0.356621
-0.0904912
-0.816668
-0.766725
0.636181
-0.202035
0.0306732
0.0388778
0.158636
0.304464
0.583838
-0.580543
0.190291
0.600203
0.619757
-1.67715
-0.932872
0.194661
-0.398093
-0.329124
-0.724051
-0.0100546
-0.359095
-1.0561
0.264306
0.191418
0.363696
0.0494842
0.395229
0.0834019
0.0083579
0.0491965
-0.894058
-0.624511
-0.668584
-0.595465
0.116626
0.13609
0.208817
-0.887889
-1.04782
-0.343343
-0.938635
-0.507921
0.236195
-0.403317
-0.549522
-0.0716211
0.0460769
-0.852822
0.272701
0.813537
-0.604522
-1.48792
0.30639
-0.121387
0.43451
-1.08891
0.302129
-0.967445
-0.46092
0.388892
-0.0127805
0.0282452
-0.257245
-1.14107
-0.114484
-0.801206
0.189488
-0.485051
0.310565
-0.394398
-0.13019
0.096668
-1.4821
-0.445327
0.514182
-0.981647
-0.381324
0.354605
-0.0416981
0.0598317
-1.7953
-0.283337
0.116655
0.138309
0.0557381
-0.429817
-0.706097
-0.612953
-0.786799
0.0748971
0.536514
-0.899266
-1.00302
0.608996
0.462434
0.123282
0.505318
-0.884724
-1.47006
0.113377
0.517294
0.375151
-0.094155
-1.3261
-0.358835
-0.52273
-0.301032
-0.606589
-0.736005
-0.0291953
-0.675384
-1.04232
0.125974
0.761779
0.0479015
0.335938
-0.619254
-0.227365
-0.315713
0.0385107
-0.0816092
-0.231494
-1.42715
0.035517
-0.669323
-0.250562
0.0787232
0.186537
-0.21985
-0.175915
0.00855826
-0.521471
0.232565
-1.14804
-1.24394
-0.0476611
0.394738
-0.0385246
-0.357821
0.250684
-0.0946007
0.026088
-0.455552
0.135625
-0.485741
0.646288
-0.385895
0.483893
0.120105
-0.0609139
-0.350891
0.104635
-0.878114
-0.490053
-0.513622
-0.213892
0.708097
-1.34947
-0.592986
0.240499
-0.276401
0.427351
0.365306
0.365948
-0.87963
-0.644725
0.275537
-0.291969
0.286718
-0.62813
0.170112
-0.438051
0.499432
-1.5456
0.100466
-2.23095
0.05158
-1.03528
-0.950888
-0.212769
-0.874685
-0.463726
0.045453
-0.459041
0.240986
-0.294938
0.382125
0.432212
-0.474515
-0.682365
-0.151413
-0.298957
0.255794
-0.628801
0.708904
0.387604
0.409318
0.377614
-0.00123195
-0.0824968
0.215803
-1.29045
0.102457
-0.0862639
-1.36748
0.656197
-0.493597
-0.701198
-0.949012
0.311405
0.441231
0.364977
0.295758
-0.410023
0.275317
-0.0889551
0.220162
0.165032
-0.205441
0.262788
-0.0108848
0.0183813
0.3159
-1.45396
0.442133
0.300804
-0.624972
0.443653
-1.17458
-0.352783
-0.816831
0.240638
-0.383297
0.435493
-0.0656133
-0.425513
-0.312719
0.349452
0.71829
0.0810876
-0.119562
0.354508
0.67931
-1.25366
0.322577
-0.538103
-0.405612
0.0630952
-0.960385
-0.780257
-2.26338
0.00841771
-0.550565
-1.03093
0.112099
-0.135646
0.387625
-0.0988532
0.24314
-0.479028
0.218688
0.454067
0.12649
0.196654
-0.160092
-0.394312
-0.00281769
0.337197
-0.619469
0.446143
0.0709542
-0.562015
-1.26222
0.10052
0.472267
-0.0235826
0.403968
-0.108605
0.505619
-1.90858
0.420881
0.182543
-2.59769
-0.500644
0.286087
0.371326
-0.949584
-1.6596
0.358384
0.0499692
-1.26618
0.299977
0.441679
-0.100486
0.243504
0.148407
-0.51723
-0.128315
-0.290098
-1.27204
0.541761
-1.33006
-0.218429
-0.881371
-0.608801
-1.0143
-1.56377
0.394921
0.139839
-0.471706
0.0223815
-0.661766
-0.425613
-0.136871
0.0152881
-0.116999
0.760852
0.606253
-1.37715
-0.162969
0.759454
-0.71224
-0.393559
-1.59598
0.237163
-1.02867
0.400949
-0.623652
-0.063907
-0.392228
-1.06189
0.153413
-0.0134907
-0.232001
0.19626
-0.909281
-2.7827
0.324862
0.312932
-0.738006
-0.4332
-0.924235
0.00751941
-0.0232784
0.60749
0.305691
-0.671109
-0.28303
-1.32115
0.520528
-0.965487
