0
0
0
0
0
0
0
0
0
0
0
0
0
0
0
0
0
0
0
0
0
0
0
0
0
0
0
0
0
0
0
0
0
0
0
0
0
0
0
0
0
0
0
0
0
0
0
0
0
0
0
0
0
0
0
0
0
0
0
0
0
0
0
0
0
0
0
0
0
0
0
0
0
0
0
0
0
0
0
0
0
0
0
0
0
0
0
0
0
0
0
0
0
0
0
0
0
0
0
0
0
0
0
0
0
0
0
0
0
0
0
0
0
0
0
0
0
0
0
0
0
0
0
0
0
0
0
0
0
0
0
0
0
0
0
0
0
0
0
0
0
0
0
0
0
0
0
0
0
0
0
0
0
0
0
0
0
0
0
0
0
0
0
0
0
0
0
0
0
0
0
0
0
0
0
0
0
0
0
0
0
0
0
0
0
0
0
0
0
0
0
0
0
0
0
0
0
0
0
0
0
0
0
0
0
0
0
0
0
0
0
0
0
0
0
0
0
0
0
0
0
0
0
0
0
0
0
0
0
0
0
0
0
0
0
0
0
0
0
0
0
0
0
0
0
0
0
0
0
0
0
0
0
0
0
0
0
0
0
0
0
0
0
0
0
0
0
0
0
0
0
0
0
0
0
0
0
0
0
0
0
0
0
0
0
0
0
0
0
0
0
0
0
0
0
0
0
0
0
0
0
0
0
0
0
0
0
0
0
0
0
0
0
0
0
0
0
0
0
0
0
0
0
0
0
0
0
0
0
0
0
0
0
0
0
0
0
0
0
0
0
0
0
0
0
0
0
0
0
0
0
0
0
0
0
0
0
0
0
0
0
0
0
0
0
0
0
0
0
0
0
0
0
0
0
0
0
0
0
0
0
0
0
0
0
0
0
0
0
0
0
0
0
0
0
0
0
0
0
0
0
0
0
0
0
0
0
0
0
0
0
0
0
0
0
0
0
0
0
0
0
0
0
0
0
0
0
0
0
0
0
0
0
0
0
0
0
0
0
0
0
0
0
0
0
0
0
0
0
0
0
0
0
0
0
0
0
0
0
0
0
0
0
0
0
0
0
0
0
0
0
0
0
0
0
0
0
0
0
0
0
0
0
0
0
0
0
0
0
0
0
0
0
0
0
0
0
0
0
0
0
0
0
0
0
0
0
0
0
0
0
0
0
0
0
0
0
0
0
0
0
0
0
0
0
0
0
0
0
0
0
0
0
0
0
0
0
0
0
0
0
0
0
0
0
0
0
0
0
0
0
0
0
0
0
0
0
0
0
0
0
0
0
0
0
0
0
0
0
0
0
0
0
0
0
0
0
0
0
0
0
0
0
0
0
0
0
0
0
0
0
0
0
0
0
0
0
0
0
0
0
0
0
0
0
0
0
0
0
0
0
0
0
0
0
0
0
0
0
0
0
0
0
0
0
0
0
0
0
0
0
0
0
0
0
0
0
0
0
0
0
0
0
0
0
0
0
0
0
0
0
0
0
0
0
0
0
0
0
0
0
0
0
0
0
0
0
0
0
0
0
0
0
0
0
0
0
0
0
0
0
0
0
0
0
0
0
0
0
0
0
0
0
0
0
0
0
0
0
0
0
0
0
0
0
0
0
0
0
0
0
0
0
0
0
0
0
0
0
0
0
0
0
0
0
0
0
0
0
0
0
0
0
0
0
0
0
0
0
0
0
0
0
0
0
0
0
0
0
0
0
0
0
0
0
0
0
0
0
0
0
0
0
0
0
0
0
0
0
0
0
0
0
0
0
0
0
0
0
0
0
0
0
0
0
0
0
0
0
0
0
0
0
0
0
0
0
0
0
0
0
0
0
0
0
0
0
0
0
0
0
0
0
0
0
0
0
0
0
0
0
0
0
0
0
0
0
0
0
0
0
0
0
0
0
0
0
0
0
0
0
0
0
0
0
0
0
0
0
0
0
0
0
0
0
0
0
0
0
0
0
0
0
0
0
0
0
0
0
0
0
0
0
0
0
0
0
0
0
0
0
0
0
0
0
0
0
0
0
0
0
0
0
0
0
0
0
0
0
0
0
0
0
0
0
0
0
0
0
0
0
0
0
0
0
0
0
0
0
0
0
0
0
0
0
0
0
0
0
0
0
0
0
0
0
0
0
0
0
0
0
0
0
0
0
0
0
0
0
0
0
0
0
0
0
0
0
0
0
0
0
0
0
0
0
0
0
0
0
0
0
0
0
0
0
0
0
0
0
0
0
0
0
0
0
0
0
0
0
0
0
0
0
0
0
0
0
0
0
0
0
0
0
0
0
0
0
0
0
0
0
0
0
0
0
0
0
0
0
0
0
0
0
0
0
0
0
0
0
0
0
0
0
0
0
0
0
0
0
0
0
0
0
0
0
0
0
0
0
0
0
0
0
0
0
0
0
0
0
0
0
0
0
0
0
0
0
0
0
0
0
0
0
0
0
0
0
0
0
0
0
0
0
0
0
0
0
0
0
0
0
0
0
0
0
0
0
0
0
0
0
0
0
0
0
0
0
0
0
0
0
0
0
0
0
0
0
0
0
0
0
0
0
0
0
0
0
0
0
0
0
0
0
0
0
0
0
0
0
0
0
0
0
0
0
0
0
0
0
0
0
0
0
0
0
0
0
0
0
0
0
0
0
0
0
0
0
0
0
0
0
0
0
0
0
0
0
0
0
0
0
0
0
0
0
0
0
0
0
0
0
0
0
0
0
0
0
0
0
0
0
0
0
0
0
0
0
0
0
0
0
0
0
0
0
0
0
0
0
0
0
0
0
0
0
0
0
0
0
0
0
0
0
0
0
0
0
0
0
0
0
0
0
0
0
0
0
0
0
0
0
0
0
0
0
0
0
0
0
0
0
0
0
0
0
0
0
0
0
0
0
0
0
0
0
0
0
0
0
0
0
0
0
0
0
0
0
0
0
0
0
0
0
0
0
0
0
0
0
0
0
0
0
0
0
0
0
0
0
0
0
0
0
0
0
0
0
0
0
0
0
0
0
0
0
0
0
0
0
0
0
0
0
0
0
0
0
0
0
0
0
0
0
0
0
0
0
0
0
0
0
0
0
0
0
0
0
0
0
0
0
0
0
0
0
0
0
0
0
0
0
0
0
0
0
0
0
0
0
0
0
0
0
0
0
0
0
0
0
0
0
0
0
0
0
0
0
0
0
0
0
0
0
0
0
0
0
0
0
0
0
0
0
0
0
0
0
0
0
0
0
0
0
0
0
0
0
0
0
0
0
0
0
0
0
0
0
0
0
0
0
0
0
0
0
0
0
0
0
0
0
0
0
0
0
0
0
0
0
0
0
0
0
0
0
0
0
0
0
0
0
0
0
0
0
0
0
0
0
0
0
0
0
0
0
0
0
0
0
0
0
0
0
0
0
0
0
0
0
0
0
0
0
0
0
0
0
0
0
0
0
0
0
0
0
0
0
0
0
0
0
0
0
0
0
0
0
0
0
0
0
0
0
0
0
0
0
0
0
0
0
0
0
0
0
0
0
0
0
0
0
0
0
0
0
0
0
0
0
0
0
0
0
0
0
0
0
0
0
0
0
0
0
0
0
0
0
0
0
0
0
0
0
0
0
0
0
0
0
0
0
0
0
0
0
0
0
0
0
0
0
0
0
0
0
0
0
0
0
0
0
0
0
0
0
0
0
0
0
0
0
0
0
0
0
0
0
0
0
0
0
0
0
0
0
0
0
0
0
0
0
0
0
0
0
0
0
0
0
0
0
0
0
0
0
0
0
0
0
0
0
0
0
0
0
0
0
0
0
0
0
0
0
0
0
0
0
0
0
0
0
0
0
0
0
0
0
0
0
0
0
0
0
0
0
0
0
0
0
0
0
0
0
0
0
0
0
0
0
0
0
0
0
0
0
0
0
0
0
0
0
0
0
0
0
0
0
0
0
0
0
0
0
0
0
0
0
0
0
0
0
0
0
0
0
0
0
0
0
0
0
0
0
0
0
0
0
0
0
0
0
0
0
0
0
0
0
0
0
0
0
0
0
0
0
0
0
0
0
0
0
0
0
0
0
0
0
0
0
0
0
0
0
0
0
0
0
0
0
0
0
0
0
0
0
0
0
0
0
0
0
0
0
0
0
0
0
0
0
0
0
0
0
0
0
0
0
0
0
0
0
0
0
0
0
0
0
0
0
0
0
0
0
0
0
0
0
0
0
0
0
0
0
0
0
0
0
0
0
0
0
0
0
0
0
0
0
0
0
0
0
0
0
0
0
0
0
0
0
0
0
0
0
0
0
0
0
0
0
0
0
0
0
0
0
0
0
0
0
0
0
0
0
0
0
0
0
0
0
0
0
0
0
0
0
0
0
0
0
0
0
0
0
0
0
0
0
0
0
0
0
0
0
0
0
0
0
0
0
0
0
0
0
0
0
0
0
0
0
0
0
0
0
0
0
0
0
0
0
0
0
0
0
0
0
0
0
0
0
0
0
0
0
0
0
0
0
0
0
0
0
0
0
0
0
0
0
0
0
0
0
0
0
0
0
0
0
0
0
0
1.02891
1.25962
1.09974
1.06718
1.02498
1.22084
1.02814
1.63526
1.12401
1.03621
1.0849
1.03267
1.02856
1.0988
1.09955
1.09275
1.04127
1.18761
1.11905
1.02916
1.024
1.26291
1.51015
1.02885
1.11429
1.16164
1.02498
1.09275
1.07982
1.10943
1.03094
1.10534
1.1018
1.024
1.48954
1.26274
1.19406
1.06081
1.02498
1.06236
1.0882
1.024
1.05752
1.23685
1.13871
1.15131
1.16797
1.024
1.024
1.27533
1.02498
1.04404
1.18166
1.02843
1.02613
1.38291
1.02626
1.02851
1.08702
1.06139
1.11734
1.41465
1.06967
1.06788
1.10602
1.07773
1.5662
1.23556
1.02498
1.06309
1.02624
1.02537
1.05234
1.23172
1.16964
1.11714
1.024
1.04632
1.06555
1.13198
1.03927
1.04829
1.08402
1.03144
1.2036
1.0377
1.0283
1.04245
1.30796
1.12337
1.02498
1.10057
1.07513
1.03291
1.05567
1.51689
1.16209
1.02726
1.03458
1.32915
1.03018
1.02498
1.024
1.18969
1.03112
1.02498
1.024
1.024
1.02498
1.15081
1.10865
1.03222
1.15801
1.17858
1.04539
1.13926
1.15936
1.02498
1.02741
1.2653
1.22181
1.11281
1.10636
1.03122
1.02842
1.15271
1.33555
1.04951
1.56142
1.03183
1.05076
1.09043
1.02534
1.03985
1.02498
1.03008
1.02498
1.04377
1.38515
1.02498
1.08715
1.024
1.09657
1.08529
1.05085
1.028
1.22912
1.03617
1.22511
1.02498
1.15924
1.34948
1.21613
1.04112
1.09398
1.02789
1.04987
1.16519
1.02498
1.29755
1.18171
1.10421
1.14183
1.02498
1.16911
1.0292
1.024
1.02498
1.19017
1.03909
1.02498
1.19643
1.14704
1.39557
1.36192
1.09975
1.19083
1.1379
1.02498
1.04215
1.07068
1.43463
1.32466
1.10732
1.02633
1.38543
1.16259
1.06197
1.11232
1.02498
1.22643
1.0646
1.02602
1.16512
1.47081
1.29151
1.03004
1.03965
1.06128
1.26841
1.02498
1.09075
1.52521
1.287
1.02713
1.16505
1.13739
1.04107
1.02498
1.024
1.02575
1.05981
1.02498
1.024
1.07692
1.0263
1.024
1.05136
1.05226
1.02617
1.02498
1.3051
1.024
1.04086
1.04066
1.04087
1.07821
1.04389
1.02498
1.53989
1.024
1.02505
1.59265
1.03948
1.26207
1.16409
1.0547
1.02498
1.02498
1.03034
1.02498
1.03026
1.07863
1.2175
1.0996
1.11649
1.02824
1.06717
1.04131
1.02654
1.16077
1.02577
1.39221
1.42458
1.02977
1.024
1.09138
1.126
1.024
1.024
1.02652
1.03258
1.09551
1.54844
1.024
1.02498
1.024
1.32848
1.19442
1.03069
1.08593
1.11861
1.17215
1.27962
1.09439
1.024
1.04885
1.05975
1.12681
1.07394
1.06047
1.07406
1.20044
1.10142
1.04429
1.03192
1.04117
1.024
1.07986
1.02504
1.15328
1.50757
1.02519
1.06612
1.02498
1.22147
1.41972
1.024
1.024
1.16242
1.024
1.03035
1.087
1.06366
1.024
1.14325
1.02926
1.04851
1.43724
1.024
1.02498
1.02498
1.72392
1.024
1.024
1.1272
1.03187
1.024
1.21284
1.02498
1.27624
1.11627
1.3262
1.09525
1.55489
1.02498
1.14268
1.024
1.29913
1.08582
1.024
1.10743
1.37133
1.02589
1.10858
1.05212
1.05713
1.2072
1.02612
1.024
1.024
1.02822
1.53527
1.16043
1.02498
1.036
1.1547
1.03003
1.06626
1.26867
1.024
1.20871
1.11601
1.07843
1.18236
1.2681
1.02498
1.11316
1.02886
1.03048
1.02498
1.15961
1.02498
1.26933
1.024
1.02498
1.13753
1.27551
1.024
1.04955
1.05209
1.02498
1.22035
1.03506
1.34271
1.024
1.50662
1.02827
1.16227
1.024
1.34211
1.02498
1.024
1.03162
1.15843
1.05082
1.09408
1.02652
1.18641
1.02498
1.0465
1.02498
1.32597
1.67458
1.02781
1.09913
1.22805
1.024
1.06225
1.27125
1.02498
1.02677
1.024
1.465
1.02498
1.38527
1.02498
1.02498
1.02498
1.02499
1.18447
1.02498
1.02768
1.04866
1.03932
1.87657
1.03086
1.05069
1.5953
1.03284
1.02836
1.02546
1.024
1.024
1.02498
1.02498
1.24832
1.07634
1.18636
1.03123
1.02498
1.02959
1.03178
1.02498
1.02498
1.37581
1.13244
1.05355
1.024
1.02498
1.36787
1.27531
1.04785
1.02498
1.32632
1.02498
1.14643
1.02498
1.09745
1.02498
1.14053
1.10571
1.43195
1.4463
1.024
1.20582
1.11425
1.02851
1.06266
1.06272
1.1362
1.28608
1.17688
1.0504
1.02498
1.1968
1.02498
1.02498
1.02498
1.03953
1.09102
1.10184
1.02498
1.06142
1.02715
1.57258
1.024
1.02498
1.33545
1.14636
1.024
1.21943
1.04908
1.05571
1.08396
1.03003
1.1944
1.15802
1.28825
1.02498
1.03327
1.0379
1.31716
1.10516
1.22779
1.076
1.02498
1.1743
1.0365
1.10733
1.02498
1.024
1.024
1.15892
1.03653
1.02498
1.05904
1.03993
1.024
1.18578
1.03937
1.16032
1.06771
1.08343
1.07575
1.04309
1.05348
1.21811
1.02498
1.04034
1.20672
1.024
1.024
1.05412
1.04604
1.28321
1.024
1.31904
1.09045
1.07727
1.23769
1.03465
1.18328
1.21277
1.13533
1.05982
1.23002
1.07216
1.02498
1.06531
1.02498
1.024
1.11314
1.02644
1.16063
1.53689
1.13426
1.02628
1.22787
1.03303
1.024
1.02498
1.03344
1.10145
1.18116
1.15272
1.0981
1.07705
1.024
1.024
1.05299
1.23597
1.024
1.024
1.29582
1.03279
1.06747
1.02498
1.02617
1.31801
1.024
1.024
1.06357
1.2411
1.02498
1.22677
1.03401
1.024
1.15081
1.07152
1.14274
1.11282
1.02498
1.02506
1.024
1.02769
1.02622
1.18372
1.33756
1.02498
1.02498
1.024
1.06915
1.13056
1.30992
1.06111
1.02498
1.03782
1.04511
1.10163
1.024
1.18613
1.02498
1.33625
1.024
1.07037
1.024
1.25385
1.05153
1.024
1.18346
1.19893
1.32843
1.024
1.28478
1.21857
1.05435
1.1626
1.0515
1.02691
1.06015
1.02878
1.02498
1.02498
1.13808
1.02498
1.024
1.45129
1.024
1.08358
1.10586
1.024
1.02551
1.02552
1.024
1.29521
1.06363
1.03374
1.12357
1.10774
1.22134
1.07592
1.11407
1.0493
1.02584
1.03349
1.10292
1.05977
1.02514
1.05028
1.024
1.10038
1.04906
1.07306
1.04167
1.12166
1.27364
1.02876
1.02498
1.024
1.24508
1.02498
1.02847
1.02923
1.02498
1.051
1.03167
1.09342
1.33261
1.16923
1.04624
1.04442
1.43258
1.02498
1.14373
1.04103
1.51057
1.3388
1.02499
1.4947
1.31007
1.024
1.02631
1.024
1.21228
1.02852
1.05984
1.25675
1.02498
1.04208
1.02779
1.02498
1.26616
1.06195
1.38103
1.024
1.08364
1.02498
1.02498
1.03251
1.024
1.20268
1.39451
1.16055
1.02498
1.23145
1.24304
1.17953
1.03129
1.06722
1.02498
1.024
1.05365
1.024
1.14798
1.02828
1.02498
1.0693
1.24891
1.02714
1.1867
1.0959
1.03206
1.26256
1.05043
1.0323
1.07406
1.02875
1.05229
1.08111
1.41737
1.024
1.03453
1.02502
1.02645
1.03875
1.1335
1.03661
1.18058
1.15531
1.02749
1.05678
1.17197
1.02498
1.55254
1.05055
1.0366
1.03044
1.024
1.024
1.03503
1.02498
1.02498
1.10823
1.06413
1.31813
1.29824
1.13623
1.14641
1.02498
1.18479
1.0816
1.08037
1.02498
1.02654
1.25805
1.06549
1.08752
1.02498
1.26408
1.06023
1.024
1.29165
1.07173
1.26871
1.10684
1.0752
1.03926
1.12298
1.16025
1.02733
1.03758
1.02498
1.33549
1.28416
1.024
1.02498
1.10605
1.50844
1.0312
1.18474
1.03114
1.15938
1.28315
1.10271
1.05528
1.02826
1.024
1.02498
1.02778
1.03177
1.41538
1.17965
1.13306
1.03725
1.0286
1.06401
1.02498
1.02498
1.19264
1.1507
1.024
1.21727
1.04254
1.02498
1.02498
1.02942
1.11531
1.36697
1.0758
1.12877
1.08384
1.02498
1.024
1.08492
1.1767
1.25701
1.024
1.02498
1.04718
1.02498
1.02859
1.02498
1.03981
1.02498
1.12073
1.21381
1.02498
1.4028
1.34692
1.26496
1.06027
1.13507
1.02498
1.18007
1.42523
1.35146
1.02498
1.03548
1.02551
1.03684
1.02498
1.024
1.024
1.15302
1.04882
1.02498
1.02498
1.20415
1.16686
1.02498
1.02498
1.33467
1.03761
1.51049
1.02498
1.024
1.04902
1.02656
1.11889
1.13304
1.024
1.34213
1.02498
1.08257
1.02498
1.02813
1.02814
1.02498
1.024
1.45206
1.02647
1.30255
1.02508
1.05437
1.024
1.0454
1.11038
1.10761
1.02668
1.04432
1.20513
1.0288
1.02499
1.16238
1.12373
1.03303
1.02498
1.02498
1.04439
1.024
1.02498
1.34492
1.024
1.47198
1.11722
1.03252
1.02498
1.024
1.02702
1.04025
1.40788
1.32278
1.02498
1.024
1.06749
1.04391
1.12973
1.0603
1.03161
1.13328
1.22764
1.02498
1.0762
1.08844
1.03404
1.02498
1.024
1.18492
1.03857
1.07447
1.03679
1.34861
1.35933
1.30019
1.04469
1.13305
1.02918
1.52624
1.19292
1.02757
1.26124
1.02952
1.024
1.10895
1.30489
1.05082
1.11288
1.0623
1.11658
1.19366
1.55362
1.02498
1.11192
1.02843
1.08337
1.06015
1.04928
1.03307
1.10461
1.06218
1.17969
1.02992
1.03244
1.2742
1.024
1.11277
1.09972
1.04333
1.26311
1.12608
1.02498
1.06473
1.37266
1.36263
1.0838
1.03223
1.05397
1.04468
1.11809
1.03153
1.25651
1.024
1.02498
1.08199
1.024
1.18435
1.08073
1.29699
1.25167
1.03278
1.09994
1.10302
1.02819
1.05301
1.06365
1.35776
1.02667
1.02498
1.024
1.40801
1.27213
0.888423
0.822512
0.881094
0.875107
0.839704
0.940729
0.897803
0.909588
0.857573
0.909178
0.853106
0.93182
0.820303
0.819757
1.04728
0.937062
0.961198
1.06743
0.874583
1.0013
1.33899
1.19156
0.986566
1.37668
0.842111
0.819689
1.14598
0.914306
1.37651
1.14227
0.825001
0.833118
0.843092
0.842009
0.871514
0.995496
1.18584
0.825626
1.19032
0.937297
0.975987
0.833859
1.13124
0.819689
1.04055
0.944516
1.03551
0.976351
0.838524
1.0371
0.957423
1.11448
0.982892
0.863539
0.822187
0.904072
0.819689
1.1027
1.06487
0.819689
1.14672
0.980457
0.968595
1.09594
0.820845
1.09833
0.916797
0.895503
0.870117
0.974446
0.893927
1.38301
0.858245
1.0222
1.40788
1.08749
0.920567
0.954211
1.02019
0.829026
0.846099
0.82533
0.925493
0.974083
1.04059
1.40162
1.27193
0.829573
0.962144
0.857664
1.14381
0.829162
1.06347
0.937595
0.861312
1.05037
0.955743
0.819689
0.819689
0.979207
1.38555
0.860732
1.17924
0.938122
1.11883
1.1844
0.853235
1.10634
0.8192
1.37578
0.909504
0.854553
0.825484
0.934049
0.824334
0.835173
0.827506
1.10152
1.02971
0.824364
0.824501
0.911723
0.848677
0.84288
1.43401
1.19463
0.854317
0.826324
1.21851
1.02163
0.954626
0.990255
1.05815
1.14535
0.819689
1.04998
0.930369
0.829692
0.830684
0.977943
0.887248
1.1212
0.819689
1.22853
1.07346
1.1295
1.35079
0.819689
0.86005
0.834465
1.01516
0.849938
1.1209
0.926351
1.02204
0.848762
1.05365
1.14462
1.06638
0.859237
0.868352
0.872209
1.12473
0.825716
1.02777
1.20954
1.31292
1.1488
1.07776
1.48158
0.893702
0.874851
0.957129
0.929019
0.867462
0.918424
0.962427
1.1482
1.0887
0.925849
0.956602
0.930985
1.02101
0.907073
0.848126
0.967967
0.830786
0.874376
1.00056
0.893872
0.819689
0.917864
1.19961
0.993551
0.971361
0.888915
1.21033
0.849194
0.858672
1.13582
0.920561
0.882619
0.828143
0.8192
0.82773
0.845739
1.01432
0.875911
1.20747
1.01336
0.956167
0.899855
0.832832
0.833525
0.929068
1.06945
0.932447
0.962753
0.996207
0.819689
0.819689
0.858249
1.12179
0.823238
0.97937
0.819689
1.27353
1.08143
0.898635
0.856043
0.917284
0.823543
0.942492
0.961513
0.819689
1.15004
1.02126
0.833448
0.829287
1.2846
1.12373
1.25575
1.42402
0.8192
0.825702
1.03959
0.822454
0.902291
0.8192
0.914408
0.875372
0.819689
1.05305
1.03829
1.39546
0.905436
0.871726
1.10525
1.10133
0.853799
0.823346
0.819689
0.963449
0.994501
0.893721
0.862049
1.10766
1.12709
0.892511
0.900528
1.18387
1.16216
0.947418
0.819689
1.21298
0.912198
1.24047
1.1597
0.9528
0.851988
1.06248
1.31786
0.863654
0.819689
0.846768
0.8192
0.961017
1.2436
0.871964
1.58172
1.10217
0.861177
1.02338
0.912525
0.973936
0.825647
1.14686
1.04066
0.842722
0.880948
0.878993
0.978943
1.51676
0.898429
1.10837
0.83584
0.819689
1.01073
1.35496
0.983681
0.820016
0.922451
0.951114
0.975254
1.04939
0.823437
0.844243
1.26188
0.84203
0.90097
0.997012
0.835701
0.819689
0.876139
0.903515
0.939397
0.844109
1.08967
0.823759
0.997453
0.889703
1.2245
0.942599
0.893767
0.89863
1.01678
1.34496
0.821453
0.939826
0.819689
1.18899
0.964402
0.88207
0.956086
1.49087
1.10196
0.921215
1.22716
1.35227
0.939298
0.82042
1.01093
0.983837
0.932631
0.823309
0.819689
1.08724
1.08072
1.01492
0.867099
0.904401
1.10783
1.27932
0.984609
0.876937
0.882199
0.917836
0.824956
1.16333
1.045
1.24525
0.828744
0.819689
1.15912
0.886581
1.13505
1.04101
0.945866
1.26009
1.04893
1.0875
0.969443
1.08619
0.819689
0.846491
0.819689
0.899776
0.887059
1.21523
1.102
1.02444
0.921978
0.821669
1.10501
0.970874
1.05508
1.08029
0.836406
0.884118
0.827919
0.840279
1.11745
0.919552
1.21946
0.999021
0.824204
0.83096
0.967554
1.05917
0.974904
0.853544
1.06708
0.899924
0.925007
0.87598
1.05285
1.23779
1.01421
1.06112
0.916567
1.18893
0.926333
0.819689
1.01733
0.851244
0.934416
1.0105
0.881662
1.39615
1.22891
1.27838
1.11615
0.863486
0.945469
0.820005
0.827662
0.857662
0.820213
0.83174
0.962534
0.856842
0.819689
0.921614
0.871663
0.8192
0.846201
0.878539
0.848097
1.30584
0.832631
1.2887
1.02245
0.819689
0.844822
1.2564
1.40323
1.0766
1.08436
0.863617
0.819689
1.02213
1.08794
0.915264
0.819689
0.894098
0.896294
1.116
1.10898
1.01527
1.23811
0.881649
0.839076
0.868512
1.17135
1.16501
0.819689
0.821743
1.22776
0.84773
1.04043
0.935298
0.85917
1.23744
0.94802
0.949928
0.994279
1.11696
0.871326
1.21769
1.37536
1.20636
1.29289
0.819689
0.8192
0.845865
1.09908
1.06584
0.901903
1.28471
1.15349
0.967787
1.32663
0.938953
1.00354
1.41698
0.8192
0.835618
1.1218
0.824162
0.916239
0.86062
0.847487
0.866014
1.14486
0.830314
0.826654
0.900561
1.06799
0.886641
1.34919
0.960369
1.13049
0.8192
0.83395
1.07636
0.819689
0.828896
0.891629
1.06569
0.839654
1.32983
1.06154
0.986195
1.08287
0.837683
0.819689
0.956022
1.07697
0.993993
0.944298
0.831346
1.08015
0.841259
0.906054
0.851281
0.855031
1.07806
0.819689
0.872026
0.82738
0.974766
0.839106
0.832369
1.21889
1.03326
1.1976
0.819689
0.83629
0.952606
0.819689
1.03122
1.07062
0.965683
0.838918
1.11405
0.828093
1.10437
0.834087
1.01461
0.871075
1.32732
0.832234
0.8344
0.858727
1.00978
0.834424
0.911442
0.819728
0.915849
1.31037
0.983453
0.84086
1.30774
0.834751
0.917785
0.833701
1.00252
0.838262
1.09611
0.923487
1.17422
0.819827
1.62288
0.894421
0.916057
0.886044
0.821933
0.86375
0.850907
1.03796
0.828102
1.10364
1.21969
1.17603
1.09097
0.830901
0.903625
0.964172
0.8192
0.968711
0.842496
1.10645
1.27343
0.864296
1.03219
0.839738
0.995613
0.821967
0.965823
0.957682
0.864186
0.830434
0.879273
0.819689
0.902132
1.14862
0.835058
1.08788
1.08303
1.08524
1.24945
0.838019
0.907204
0.864316
0.820556
0.922306
1.03511
0.972005
1.22729
0.973213
1.04326
0.833852
1.30989
0.831916
0.886204
1.18339
0.886219
0.887585
0.954808
1.45289
0.932714
0.987229
1.06663
1.10394
1.10808
1.3405
0.842265
1.05145
1.31035
1.47492
0.8192
0.822151
1.13891
0.882218
0.974867
0.831829
0.97202
1.08105
0.819689
1.15233
1.11045
1.21224
1.08382
1.25442
1.12094
0.930188
0.958513
0.848275
0.86521
0.843097
0.839999
1.00122
1.16089
1.04276
0.846232
0.823037
0.842606
0.887632
0.883729
1.06285
0.917066
0.930221
0.95742
0.932758
0.819689
1.19068
1.63841
0.885678
0.8192
1.19141
0.947621
1.19382
0.819689
1.10578
0.938684
0.834542
1.26393
0.968432
0.944983
0.896346
0.856499
1.09137
0.822676
1.04297
0.907305
1.17353
0.926518
0.876794
0.941321
0.8192
0.865804
1.22789
0.850152
0.891017
1.1322
0.976055
0.965622
0.819689
0.860116
1.01551
1.04834
0.931957
0.863066
0.91815
0.830956
0.825147
0.988271
1.29742
0.851303
0.897973
1.38665
1.26541
0.947667
1.26852
0.823462
0.819689
0.961681
1.33035
1.29965
0.873608
0.821063
0.895751
0.823783
0.895268
0.826214
0.829254
1.10593
0.844159
0.819689
1.06651
1.59887
0.93668
1.05255
0.828167
0.890685
0.882927
1.00874
0.852396
0.873589
0.827579
1.1116
0.826576
0.877364
0.95629
1.08222
0.921645
0.870818
0.986387
0.911371
1.02882
0.821943
0.82712
0.947097
1.23929
0.960963
0.834154
1.15954
0.866125
0.98224
0.862676
1.1077
0.830304
1.45972
0.886842
1.19715
0.993892
0.908525
0.902166
1.03655
0.829384
0.840294
0.848347
0.874217
1.53879
0.819689
0.844877
1.06981
0.882116
1.21668
1.10688
1.06198
0.872229
0.870241
1.07252
0.844728
1.13813
0.850095
1.06357
0.839015
1.29309
0.824498
0.981903
0.8192
1.07289
0.819689
0.826481
0.88562
0.826092
0.822429
1.08947
0.851203
0.979422
0.901986
1.11968
1.17943
0.924768
0.833605
0.891783
0.940327
1.10087
0.872247
1.48127
1.18247
1.24764
1.19189
0.947816
0.929845
1.04198
0.819689
1.13414
0.987031
0.819689
1.444
0.877463
0.823504
0.860131
1.18917
1.21715
1.19868
1.27006
1.02589
1.14758
0.975563
1.01476
1.01229
0.969923
1.09891
0.962701
0.979553
1.07775
0.819689
1.18518
1.15049
0.824879
1.26973
0.819689
0.879962
0.880794
1.10837
0.853576
1.22305
0.998817
0.856362
0.955419
1.20541
1.4886
1.09258
0.948165
1.11952
1.56316
0.819689
1.05407
0.848854
0.873565
0.994709
0.851435
0.828611
0.8192
1.00832
0.831239
0.837086
0.982252
1.06844
1.21672
0.980232
0.987218
0.963754
1.07851
1.17972
0.978455
0.974953
0.848271
0.858378
0.894879
1.17032
0.904399
1.26714
0.97785
1.01493
0.838927
1.05179
1.18885
0.900487
1.19942
0.922688
1.19672
0.8192
1.17898
1.01097
0.822647
0.880706
1.16263
1.22732
0.819689
0.819689
1.16643
0.960664
0.819689
1.19642
1.29782
0.902426
1.1013
1.05882
0.844546
1.1088
0.844809
0.829046
1.29988
0.827708
0.897321
0.820485
0.829925
0.821216
0.819689
1.17999
1.06531
0.840962
0.945382
0.84069
0.851988
0.899468
0.908537
0.902957
1.59309
1.29378
0.8192
0.874202
1.53837
0.854267
0.850878
0.8192
1.09306
0.857239
1.16788
0.837487
0.89757
0.848245
0.819689
1.09354
0.964466
1.02405
1.11897
0.820048
0.8192
1.12413
1.15611
0.820309
0.868706
0.834913
0.907352
0.90787
1.41453
1.18247
0.829567
0.876873
0.819689
1.32804
0.913465
