-0.507095
-1.71403
-0.534374
0.212207
0.120229
0.656252
-2.82833
-1.02939
-0.502398
0.356931
-0.356895
0.221495
-0.194132
0.0304997
-0.152211
-0.195667
-0.33726
-0.827122
0.615002
-1.41938
-0.101189
-1.16506
-2.60859
0.0770851
-0.640861
-1.55706
-0.794658
-0.411391
0.0753036
-0.429983
-0.56681
-0.744142
0.0866689
-1.17903
-0.16492
0.0881537
-0.220406
-1.58718
-0.408776
0.315965
0.401981
-0.823324
-1.11761
-0.13362
0.687095
-1.35538
-0.353203
0.244805
0.0147816
-0.232114
-0.745522
-1.16952
-1.03899
-1.03237
-0.673589
0.359429
0.200252
-0.334301
0.145828
-0.404912
-0.907698
0.61291
0.71937
-0.846861
-0.361155
0.559197
0.26273
-0.279451
-0.642254
-0.626099
-0.116206
0.316434
0.184254
-1.35536
0.692923
0.0364978
0.120818
-0.509951
0.364055
-0.0428148
-1.75581
-0.552738
-0.304494
-0.274999
-0.130872
-0.538189
0.375232
-2.23151
0.414803
-1.22668
-1.10929
0.156542
0.032154
0.0768561
0.496883
-0.0693626
-0.800097
-1.96528
-0.113262
-0.891851
-1.6187
-0.0494534
0.517807
-0.0901662
-0.598045
-1.12383
-0.940209
-0.614923
-0.415047
-1.31579
-0.0866488
-0.586658
-0.390086
-0.624686
-0.0428624
-0.251397
-0.202715
-1.12016
-0.846318
-0.201599
-0.259237
-1.20622
-0.56744
-0.44396
-0.993552
-1.27061
-0.285404
-0.569226
-0.481163
-1.42384
-0.678823
-0.421013
0.398282
-1.82923
0.558054
0.453665
-0.77587
-0.926315
-0.776742
-0.718593
-1.41891
-1.20854
-0.967234
0.32433
0.388342
0.330587
-0.67538
0.0777041
0.0508591
0.225773
-0.591831
-0.82392
0.110656
-0.14568
0.118107
0.0989661
-0.829928
0.063886
-1.04209
0.492309
0.31017
0.60736
0.189135
-0.929738
-0.600169
-1.73288
-2.11535
0.14828
-0.507359
0.452507
0.0496237
-1.32271
-0.0290488
-2.375
-0.922141
-0.020221
-1.30112
-0.796119
0.497439
-0.0520234
0.5325
-1.25985
0.414111
-0.140313
-0.473172
0.336502
-0.52797
0.676796
-0.855752
0.343507
-0.345941
0.186041
0.134093
0.640236
0.170557
-1.60181
-0.508169
0.048169
-1.20537
0.577858
0.0530323
-1.04451
-0.77985
-0.0153922
0.0266127
0.25455
0.146876
-0.501818
-0.0402105
0.18061
-0.997305
0.423551
-0.476593
0.316232
-0.767683
0.15607
-1.37291
-0.0732706
0.294713
-0.358907
-1.92316
-0.433634
-1.45389
0.39612
-0.0168072
-0.48003
-0.481236
0.3517
-0.972189
-0.709624
0.599869
-1.20381
0.138836
-1.33125
0.833773
0.295801
0.74488
-1.73282
-0.822748
0.170823
-0.860896
-0.548775
-0.885517
-0.65489
-0.777138
0.315495
-0.375397
-0.627457
-0.0166798
-1.43717
-1.28816
-0.349655
0.247046
-1.02249
0.349379
-0.640036
-0.725741
-0.426357
-0.367543
-0.603694
-0.547467
-1.81878
-2.05569
-0.109784
-0.219823
0.163279
-0.905525
0.182727
0.323051
-2.5817
0.369271
-0.363296
0.229855
0.268093
-0.53377
-1.78308
0.279714
-0.478517
-0.177927
-0.94692
0.164722
-2.13606
-0.806172
-0.355058
0.511551
0.340874
0.408043
-0.790988
0.786766
-0.0969796
-0.307928
-1.37996
-1.10852
-0.90517
-1.2939
0.101257
-0.237766
0.332467
0.465097
0.550516
0.168551
0.451154
0.326496
-0.806171
-0.40984
-0.660249
-1.30708
-0.00182498
0.290659
-0.162096
0.325814
-0.834444
0.308302
-0.697267
-0.190535
-0.54382
-1.30521
0.273163
-1.5692
1.09595
-0.204657
-0.561512
0.128427
-0.623753
-1.23055
0.345127
-0.173839
-0.3854
-0.881782
-0.217285
-0.325687
-0.239647
-0.427578
-0.740355
-0.934929
-0.0291269
-1.05571
-2.01222
0.274754
-0.462194
0.619001
0.0817518
-0.0391331
0.297364
-1.9263
-0.756761
-0.91318
-0.74068
-1.28352
-1.31945
0.812018
-0.624852
-0.268162
-0.394438
-1.26756
0.372637
-0.933807
-2.12699
-0.41481
-2.01433
0.196561
0.288524
-0.156526
-1.30453
0.00112135
-1.10495
-1.50657
0.0547548
0.0378279
-1.23695
0.212608
0.183039
-0.0259142
-0.633365
-1.58214
-0.403963
-0.286389
0.726697
-1.49814
-0.487562
0.0574399
-0.167441
-1.80339
-0.0654132
0.19934
0.192947
0.223766
-1.51588
0.229648
0.345855
-1.06957
-1.33122
-0.338521
-0.843887
-2.00578
-1.68203
0.022201
-0.411003
-0.488254
-0.110685
0.00438713
0.567289
-0.00713761
0.362021
-0.38279
-1.34814
-0.0324521
-0.427124
0.163165
-1.68268
-1.40326
0.00694202
0.519454
-0.458073
-0.084146
-0.662623
-0.124341
0.162001
-0.393286
-0.195004
-0.680361
-0.922573
0.343987
-0.587327
-1.06444
-0.030392
-0.057425
-0.950284
-0.502481
0.129298
0.188998
0.187463
0.16568
-1.26835
0.227923
0.15459
-1.22572
-0.195151
-1.08704
-1.20133
0.390514
0.179643
-0.285504
0.0689638
0.428236
0.235952
0.204183
-0.867996
-1.13597
-0.782867
0.847603
-1.00476
-0.561575
-0.253735
0.0263129
0.428769
0.397422
0.349458
0.59896
-0.859653
-0.816868
0.210106
-0.277591
0.484832
0.496449
0.225118
-0.146851
0.13162
-0.216719
0.24755
-0.0599355
0.0272407
-0.14755
-0.27013
-0.0294695
-0.933653
-0.280322
-0.834296
-0.341189
0.372888
0.440926
-0.232191
0.404763
-1.17712
-1.5525
-1.11729
-0.623575
-0.381166
-0.178437
-0.873288
-1.40969
-0.773297
-1.42849
-1.82751
0.0850815
0.0234866
-0.272277
0.59607
0.417116
0.0784295
-0.761684
-0.0351641
-0.595664
-0.128145
-0.48194
-1.1204
0.527968
0.493949
0.898475
0.127232
-0.22792
0.376682
-0.205895
-0.0410809
-0.659688
0.415091
0.104002
-1.24194
-0.243563
0.287248
0.387388
-0.160975
-0.473456
0.12271
0.229725
-1.98012
-0.474848
-1.29891
-0.788113
-1.45313
-0.150095
0.295178
-0.870576
0.454924
-0.0962105
-0.191036
0.172375
-0.00428052
0.343083
-2.00644
0.0773753
-0.725163
-0.704106
-0.117201
-0.457722
-0.10157
0.32994
-2.27469
-1.18687
0.49524
0.508239
-0.661987
-0.483981
0.244239
-0.729567
-0.685114
-1.30471
-0.189006
-0.107521
-1.27544
-1.45844
-0.90384
-2.73453
0.0620959
0.0447857
-1.59253
-0.701359
-0.654025
0.46876
-0.90472
-1.0961
0.23225
0.489692
0.284058
-1.03179
-0.331207
0.178862
-1.72739
-1.30876
-0.900849
-0.681444
0.598799
0.0793787
-1.08196
-1.11995
-0.443845
-0.967607
0.06189
-0.228887
-0.0273302
-0.354371
-0.374156
-0.932549
0.0385178
-0.624855
-1.44906
-0.0585682
-2.06097
-0.658482
0.136503
-0.0844034
-0.581467
-1.1349
-0.140532
-0.209786
-0.857598
-1.352
-1.8383
-1.28914
-1.06871
-0.268566
0.228868
0.459934
-0.142834
-0.306558
-0.421952
-0.0469048
0.0891433
-1.74597
0.104526
0.0621569
-0.0326928
-0.306625
-0.52276
0.422124
0.234396
-0.43913
0.599308
0.52679
-1.07835
0.121075
-1.65728
0.0350444
-1.41032
0.176752
-1.02122
-0.862646
-0.90614
0.417154
-0.553807
-1.86725
0.460466
-0.00371352
0.358281
-0.379362
-1.05953
0.049234
-0.19426
-0.597792
-0.0111755
-1.261
0.0742856
-0.417438
0.349559
-0.378546
-0.112331
0.397562
-0.533711
-0.869443
-1.23325
-0.0329282
-0.209177
0.116724
-0.455247
-1.29037
-1.09163
-0.0960157
0.266599
0.562468
-1.77565
-1.16845
0.158851
-1.22939
-1.61539
0.181268
0.404782
-1.06367
-1.15275
-0.696255
0.214766
-1.24994
-2.04904
0.246828
0.250158
-0.0933448
-0.202309
-0.216336
0.136256
-1.82949
-0.368465
-1.03949
-2.14278
-0.520222
-0.30345
-1.87484
0.240015
0.433372
-1.82354
0.409621
-0.836643
0.215294
-0.273227
-0.557021
0.200535
0.694578
0.343349
0.391042
-0.186329
-1.18332
-0.24735
0.310299
0.612043
0.491114
-2.6101
-1.2307
-1.43157
0.223485
-0.622381
0.166921
0.358004
-0.412951
0.349015
-0.184007
-1.80169
0.435549
-1.10643
-1.53157
0.226242
-1.39218
-0.0169931
0.0808443
-0.76106
0.354316
-0.747198
0.337822
0.245014
-1.65977
0.435307
-1.25967
-2.233
0.341214
-0.796939
-0.821439
0.192724
-0.820207
-2.39808
0.131198
-0.450447
-0.490566
-0.374182
-0.806318
-0.13702
0.24164
-0.907212
-0.826075
-0.0169255
-0.290183
-1.35306
-0.46697
0.393555
0.514361
0.27021
-1.20101
0.15062
0.599639
-0.258365
-0.693554
0.306469
-0.97121
-0.176415
0.0666514
0.556408
0.458239
-1.44319
-0.513831
-0.213486
0.437368
-1.1237
-1.28214
0.328231
0.591667
-0.885348
-0.412301
-0.92505
-0.340979
-2.20373
-0.581104
-1.43707
0.770154
-0.332626
0.496106
-1.29564
0.202719
0.212839
0.0266583
-1.8961
0.345032
-1.32271
-0.540862
0.285092
-1.84535
-0.388951
-0.858329
0.083855
0.448333
-1.65256
-1.0643
-0.576781
0.230959
-0.510333
0.351299
-1.51039
0.491353
0.171173
-0.465616
-1.94024
0.327007
0.313414
-0.061926
-0.71853
-0.442924
-1.15551
-0.928306
-1.62422
-1.03947
-1.42517
-1.35604
0.751572
-0.944565
-0.138638
0.532939
-1.70739
-1.44496
-1.6932
-1.07126
0.0217554
-0.808594
0.112688
0.10351
-0.999902
-0.00276168
-1.9128
0.217936
0.415578
-0.121738
-1.03836
-0.593896
-0.873133
0.11377
-0.920411
0.167131
-1.95092
-0.423922
-0.586196
-0.462944
-1.58569
-0.793077
-0.0490897
-0.755317
0.461619
-0.862206
-0.171782
0.271322
0.546448
-0.0257163
-0.484206
-0.115054
-0.278579
0.0374229
0.275386
-0.812421
0.289376
-1.00445
-0.11134
0.193605
-0.90014
0.367239
-0.687732
-0.465676
0.407409
-0.336643
0.411228
-0.622835
0.144187
-0.260148
-0.638139
0.113412
-1.55696
-0.11482
-0.64999
-1.8814
-0.282623
-0.977052
-0.337262
-0.849569
-0.0232126
-0.762169
0.911727
0.110346
0.11892
-1.42384
-0.352213
0.382224
-0.454803
-0.953803
-0.640474
0.0739918
0.231233
0.0457023
-0.247624
0.526132
-0.397261
-0.308418
0.291007
-0.0674111
-0.859164
-0.0566981
-1.30825
-0.154364
0.615706
-0.584094
-0.408048
-0.0126137
0.110966
-1.06505
-0.539999
-0.852944
0.111688
-2.11668
-0.19578
-0.457147
-1.16061
0.340644
-0.463388
0.0520841
-0.547209
0.0496317
-0.594117
0.457747
-0.160513
-0.616725
-1.041
-0.667417
-0.403008
-1.01132
-0.702243
-1.23327
-0.0567877
-1.03088
-0.80994
-0.688786
-0.458619
-0.861013
-0.750123
-0.435908
0.214176
-0.269512
0.055509
-0.185904
-1.13592
0.00385081
0.0859675
0.0842734
-0.384989
0.470214
-0.242868
-0.383767
0.197724
-0.928232
-0.0773035
-0.133761
-1.55464
0.199378
-1.36494
-1.05591
0.387463
-0.595571
-0.469032
0.102828
0.39489
-0.318997
-0.587683
0.324846
-1.10448
-0.681132
-0.447954
-1.75821
0.402275
-0.828729
-1.00275
0.24171
-2.46098
-0.841299
-0.229556
0.237135
-0.461473
-0.685987
0.355773
-0.12564
-0.328421
-0.595639
0.236132
0.0866717
0.270671
-0.0507433
-1.54206
-0.631625
-0.214238
0.38605
-0.650182
0.187175
0.190606
-0.320436
-1.02964
-0.908455
-0.716074
-1.72561
-0.510102
-0.388578
-0.723107
-0.759866
0.641642
0.384537
-0.0119081
0.0934195
0.301917
-0.222657
-0.449412
-0.854567
-0.945598
-0.0139669
-1.01179
-0.093279
0.36713
-1.22663
-0.375707
-1.70704
-0.112399
-0.769298
-0.195067
0.366066
0.656043
-0.157614
-0.295838
0.367279
0.230868
-1.28587
-0.247151
0.127303
0.275822
-0.332294
-1.10873
-0.507469
-0.0885152
-0.140242
-1.10299
0.0854564
-0.827866
-0.916828
0.460705
-0.271672
-0.0212328
-0.327429
-0.306859
0.0410253
-1.14868
0.159168
-0.20261
-0.80988
-0.825113
-0.0147163
-0.0689161
0.0476483
0.0634405
0.496865
0.385354
0.108689
-0.34875
0.223401
0.286143
-1.03288
-1.81314
-0.54899
-0.0938478
-0.910694
0.238568
-0.496237
-0.622767
-0.00695221
-1.68694
0.359125
0.668767
-0.328982
0.124136
0.0178775
-0.167665
0.260968
-0.325389
-0.436085
0.249196
-0.372926
-0.400274
-0.839137
-0.359715
0.154216
0.188888
-0.29253
-0.188046
0.230638
0.354799
-0.314001
-1.20889
-0.00835316
-0.654067
-0.425469
0.241817
-0.741637
-0.265576
-0.0494857
-0.445719
-1.45208
-0.174743
0.34104
-0.623776
0.435422
-0.381701
0.56332
-0.169483
0.348829
0.306142
0.551538
0.470877
-1.40215
0.461343
-0.259266
0.152955
0.305452
0.231914
-0.388691
-0.297267
0.213269
-0.11032
-0.733027
-0.341983
0.182157
-0.204284
0.20331
-0.00314214
-0.00463714
0.101323
-0.401235
0.121192
-0.97059
0.337333
0.295893
-0.987528
0.333156
-0.87102
0.145848
0.645131
-0.941082
-0.336517
0.447471
0.0865406
0.411286
-0.8357
-0.184726
-0.603597
-0.124232
-0.281865
-1.71761
-1.86157
-0.0473585
0.710226
-0.213767
0.349978
-0.205197
-0.530968
-1.1921
0.352195
-0.00758491
0.281534
0.138291
0.227148
-0.544703
0.111451
-0.0157101
-0.230505
-0.538515
0.304595
0.158572
-1.36068
-0.439788
-1.06034
0.395667
-1.0483
0.113819
0.163579
-0.348996
0.723641
0.235552
-0.348536
0.00779666
0.05767
-0.051424
-0.228501
0.872148
0.277056
-0.995506
-0.509464
-0.478905
0.272132
-0.603738
-1.27325
-1.25062
-1.4762
-0.646858
0.062781
-0.466374
-0.36902
-0.674789
-0.33447
0.00162071
-0.733843
-0.0263349
-0.13544
0.596414
-0.192552
-0.268118
-0.490167
-0.617152
0.489346
-1.44794
-0.0444558
0.071541
-0.142163
0.304774
0.0679149
0.153772
0.327111
-0.586201
0.412473
-0.465869
0.338712
0.68473
-0.838746
0.24209
-1.03975
0.71589
-1.42171
-0.734259
-1.0057
-0.00542672
0.380509
0.184858
0.32961
-0.339935
-0.166083
-1.47112
0.120387
-0.872628
0.0375941
-0.271684
0.166904
-0.315342
0.629226
-0.00284998
-0.0483815
0.1844
-0.648785
-0.603031
0.152861
-0.944512
0.147448
-0.15861
0.344724
0.252781
0.469848
-0.0691996
-0.323155
0.60601
0.522303
-0.804816
-0.964438
0.456389
0.265112
-0.343041
-0.367262
0.664845
-1.2681
-1.18888
0.181686
-1.21995
0.0673293
0.324405
-0.372017
-0.708774
-1.08629
-0.686335
-1.08008
0.123778
-1.22472
-0.0533671
0.512129
0.411902
0.511981
-0.776896
-0.20492
0.273355
-1.12049
0.200761
-1.15712
-0.50036
-0.465754
-0.665364
0.282045
-0.478173
0.139316
-0.332452
-0.414517
-0.414786
-0.275816
0.0365969
-0.685547
0.0859118
0.50769
0.813114
-0.0929306
-0.651996
-0.091233
-0.22439
-0.170045
0.431158
0.307491
-0.0302317
-0.194969
-0.141359
-0.122085
-0.0337419
0.685366
-0.518688
0.521312
0.574008
-0.399605
0.113293
-0.0301653
-0.432453
0.149291
-0.560482
-0.13013
-0.228364
0.0876318
0.317037
-0.223828
-1.04276
0.0755175
0.557599
0.432188
0.559074
0.094951
0.207438
-0.824171
-0.235889
-0.184776
-0.67276
-0.198213
0.240574
0.384884
0.395199
-0.565949
0.105007
-0.0433121
-0.271322
-0.682475
-0.357312
0.214803
-1.68245
0.186821
0.282659
-0.911217
-0.201622
-0.572263
-0.161749
0.217908
0.580229
-0.424177
-0.708893
-0.578475
-0.665336
0.313606
-1.27574
-1.40492
0.261515
0.465778
0.0835903
-0.317035
0.217242
0.806981
0.174569
0.673378
-0.253859
-0.352535
-0.753726
-0.140784
-0.311353
-0.609173
-0.168984
-0.857724
-0.388203
0.184022
0.517923
-0.196403
-0.238455
-0.643813
-0.0148631
-0.94038
-0.134929
0.0996981
0.31111
0.383234
-0.177665
-0.0743688
0.447799
-0.730037
-0.965339
0.59642
0.532577
-0.164162
-0.555373
-0.26609
0.499669
0.20184
-0.103068
0.497491
-0.106537
0.337901
-0.892599
-1.2778
0.361075
0.565905
-0.878754
0.396488
-1.44075
-0.565599
-1.95612
-0.130181
-0.339421
0.0450505
-0.82921
-0.24184
-1.49269
-0.19568
-0.950406
-0.708961
-0.560781
0.273889
-0.158153
-0.585773
0.452467
-0.879048
-0.345032
-0.0935355
-0.51829
-0.47403
0.261844
0.500289
-0.63129
0.268214
-0.201496
0.433831
-0.703134
-0.544844
-0.793238
0.415424
0.486183
0.496807
0.034635
-0.308618
0.232287
-0.3361
-0.991113
0.457072
-0.266324
-0.208462
0.0825541
0.180124
0.0969774
0.110042
-1.50412
-0.104166
0.159866
-0.998644
-0.0811955
-0.467627
0.215553
0.116085
-0.279004
-1.42532
0.48232
-0.687248
0.0638994
0.208207
-0.528402
-0.961891
-0.434493
-0.0877194
-0.648584
0.309071
-0.393779
-0.413919
0.472273
-0.250986
-0.924188
-0.563985
-0.0309111
0.0695773
0.0899325
0.109956
-0.984211
0.46148
0.0448502
-0.195866
-0.918311
-0.214827
0.414035
-1.06127
0.090627
-0.151901
-0.00612864
0.534855
-0.819133
-0.248574
-0.313234
-0.697574
0.154881
-0.268885
0.0917372
-0.626543
-0.43627
-0.214659
-0.744445
-0.453825
0.358889
-0.278198
-0.0867686
-0.751085
0.725992
-0.166658
-0.922747
-0.152019
-0.339598
0.28469
-0.323139
-0.10547
0.135676
-0.555498
0.513447
0.0322487
-1.19082
0.414418
-1.55681
0.179714
-0.134691
0.476173
-0.327484
0.498688
0.7761
-0.613212
-0.704594
-0.98961
-0.0727625
0.388068
0.276066
0.507627
0.113563
0.150615
0.419912
-0.442464
-0.974853
-0.0761229
-0.133182
-0.847272
-0.341461
0.687424
0.0464455
0.184212
0.506768
-0.401116
-0.690766
-0.0276801
-0.375671
-0.581599
0.0563075
-2.48105
0.13088
-0.549002
-0.385706
-0.689544
-0.410226
0.582882
0.607379
-0.332834
0.416481
-0.593747
-0.404724
-0.812579
0.21425
0.051521
-1.33168
0.207239
0.698218
-0.0885815
0.213889
-0.941998
0.189486
0.518639
0.188494
0.473743
0.470492
0.462739
0.360817
-0.82841
-0.844931
-0.452705
0.28149
0.2004
-0.85971
-0.197593
0.453657
-0.0607153
-0.666202
0.214609
-0.689288
-1.83497
0.104795
-0.223911
-0.113307
0.217178
-0.304941
-0.586806
-0.681962
-0.752108
0.192496
-0.89578
0.632688
0.369282
-0.373493
-1.12169
0.338791
-0.741935
-0.502065
0.125715
0.615169
-0.25834
-0.632061
-0.613024
-0.27003
-0.600024
-0.0209407
-0.622643
-0.412364
-0.464829
-0.217251
-1.41832
0.28891
0.12697
0.429983
0.847609
0.361623
0.397729
-1.36233
-2.15697
-0.546317
0.376545
-0.245461
-1.0419
0.618052
-0.769171
0.519932
-0.507476
-0.840779
0.0119128
0.603506
0.426674
-0.244485
0.314164
-0.564224
0.516421
0.10708
-0.344794
0.0777943
-0.55855
-0.179867
0.363275
-0.47485
0.438343
-0.0593877
-0.644153
-0.338635
-1.48856
-0.312105
-0.158648
-0.339012
0.269392
0.13251
0.324927
-0.12882
-0.322834
-0.041609
0.610173
-0.0585808
-0.903633
0.34739
-0.827561
0.207134
-0.1041
-0.0784196
-0.586069
-0.923164
0.195748
-0.168861
0.330045
0.43024
-0.105732
0.0316468
0.480645
-0.413378
0.105303
0.468121
-0.734419
0.25258
-0.367516
-0.0981763
0.188527
0.197116
-0.62955
-0.376639
-0.279449
-0.296355
-0.942448
-0.0656618
-0.221375
0.434252
-0.555402
-0.606931
-0.609425
-1.65206
-0.00994082
0.0585128
-0.557174
0.120456
-0.254492
0.142034
-0.0010146
0.467337
-0.83774
0.224457
-0.765282
0.0167487
-0.956166
-0.602272
0.21998
-1.01049
-1.47167
0.289337
-0.0484147
-0.83859
0.139001
0.407747
-0.771695
-0.223123
-0.382244
0.0775608
0.506332
-1.22034
-0.121733
0.470743
0.306522
-0.338848
-0.449574
-0.315733
0.250467
0.433998
-0.512564
-0.470076
0.224316
-0.101924
0.115709
0.524142
0.149949
0.438848
-0.691294
-0.508713
0.109485
0.160117
0.176242
0.39181
-0.263787
-0.226287
0.069858
-1.12283
-0.616367
0.168785
-0.782062
-0.503767
-0.977835
-0.851068
0.148053
-0.492615
-0.11744
0.0561722
-0.248362
0.458279
-0.0433834
-0.624384
-0.495394
-0.0939683
0.176173
0.668231
-1.48044
-0.0701785
0.129959
0.143375
-0.603656
0.133647
-0.702094
-0.142008
-0.928533
-0.146453
0.498837
-1.03299
0.0232911
-1.25494
0.0988359
0.0680973
-0.141081
0.213652
-0.250796
-0.367374
0.593565
0.117811
0.507603
-1.3455
0.596746
0.123864
0.328907
-0.147822
-0.465221
0.417697
0.241727
-0.268984
-0.369071
0.537907
-0.4419
-1.05176
-0.00080705
-0.483735
-0.278207
-0.800931
-0.029915
-0.308182
0.296905
-0.240317
0.233899
0.395928
0.358909
0.314681
0.268862
-0.443827
-0.822483
-0.295766
-0.29187
-0.374182
-0.434099
-0.550008
0.293365
-0.519511
0.230979
-0.773937
-0.43528
-0.696697
0.0738324
-0.276758
-1.6405
0.20411
-0.795229
0.507762
0.166275
0.172702
0.404802
-0.225395
-1.39195
0.35208
0.212638
-0.238026
0.373544
-0.327596
0.213177
0.227011
0.427462
-0.715544
-0.467256
0.0300797
0.189216
0.280989
-0.481926
0.514799
0.373122
0.213079
-1.27577
0.644409
-0.499167
0.295606
0.255208
-1.07395
-0.0599797
-0.22701
0.0496175
0.0878009
0.110406
0.0623835
-0.194095
0.24516
-0.196719
-0.796232
-0.767529
0.0186816
0.477179
-0.0120311
0.314087
0.226134
0.261235
-1.0959
-0.555001
0.218069
0.165112
0.387562
0.58452
0.190138
-0.0418642
-0.450385
-2.11542
0.644388
0.495494
-0.998568
-0.348854
0.0436993
0.42588
-0.408051
0.196356
-0.0980997
0.182263
0.225693
-0.676044
0.0909751
-1.0055
-1.24523
0.0751887
-0.154324
0.0884255
-0.167228
0.315119
0.375097
0.263491
0.0129127
0.0304191
-0.496343
0.116729
-0.249664
-0.972491
0.00392509
-0.460779
0.122352
0.431954
0.291286
0.391813
-0.344903
-0.585276
0.413264
-0.943245
-0.0874431
-0.307202
0.298629
-0.650194
-0.43652
0.556009
-1.0875
-0.152975
0.439592
-1.87387
0.378415
0.260507
-0.91333
-0.338109
-0.623273
-0.0685388
0.351287
0.348522
-0.157681
0.107604
0
0
0
0
0
0
0
0
0
0
0
0
0
0
0
0
0
0
0
0
0
0
0
0
0
0
0
0
0
0
0
0
0
0
0
0
0
0
0
0
0
0
0
0
0
0
0
0
0
0
0
0
0
0
0
0
0
0
0
0
0
0
0
0
0
0
0
0
0
0
0
0
0
0
0
0
0
0
0
0
0
0
0
0
0
0
0
0
0
0
0
0
0
0
0
0
0
0
0
0
0
0
0
0
0
0
0
0
0
0
0
0
0
0
0
0
0
0
0
0
0
0
0
0
0
0
0
0
0
0
0
0
0
0
0
0
0
0
0
0
0
0
0
0
0
0
0
0
0
0
0
0
0
0
0
0
0
0
0
0
0
0
0
0
0
0
0
0
0
0
0
0
0
0
0
0
0
0
0
0
0
0
0
0
0
0
0
0
0
0
0
0
0
0
0
0
0
0
0
0
0
0
0
0
0
0
0
0
0
0
0
0
0
0
0
0
0
0
0
0
0
0
0
0
0
0
0
0
0
0
0
0
0
0
0
0
0
0
0
0
0
0
0
0
0
0
0
0
0
0
0
0
0
0
0
0
0
0
0
0
0
0
0
0
0
0
0
0
0
0
0
0
0
0
0
0
0
0
0
0
0
0
0
0
0
0
0
0
0
0
0
0
0
0
0
0
0
0
0
0
0
0
0
0
0
0
0
0
0
0
0
0
0
0
0
0
0
0
0
0
0
0
0
0
0
0
0
0
0
0
0
0
0
0
0
0
0
0
0
0
0
0
0
0
0
0
0
0
0
0
0
0
0
0
0
0
0
0
0
0
0
0
0
0
0
0
0
0
0
0
0
0
0
0
0
0
0
0
0
0
0
0
0
0
0
0
0
0
0
0
0
0
0
0
0
0
0
0
0
0
0
0
0
0
0
0
0
0
0
0
0
0
0
0
0
0
0
0
0
0
0
0
0
0
0
0
0
0
0
0
0
0
0
0
0
0
0
0
0
0
0
0
0
0
0
0
0
0
0
0
0
0
0
0
0
0
0
0
0
0
0
0
0
0
0
0
0
0
0
0
0
0
0
0
0
0
0
0
0
0
0
0
0
0
0
0
0
0
0
0
0
0
0
0
0
0
0
0
0
0
0
0
0
0
0
0
0
0
0
0
0
0
0
0
0
0
0
0
0
0
0
0
0
0
0
0
0
0
0
0
0
0
0
0
0
0
0
0
0
0
0
0
0
0
0
0
0
0
0
0
0
0
0
0
0
0
0
0
0
0
0
0
0
0
0
0
0
0
0
0
0
0
0
0
0
0
0
0
0
0
0
0
0
0
0
0
0
0
0
0
0
0
0
0
0
0
0
0
0
0
0
0
0
0
0
0
0
0
0
0
0
0
0
0
0
0
0
0
0
0
0
0
0
0
0
0
0
0
0
0
0
0
0
0
0
0
0
0
0
0
0
0
0
0
0
0
0
0
0
0
0
0
0
0
0
0
0
0
0
0
0
0
0
0
0
0
0
0
0
0
0
0
0
0
0
0
0
0
0
0
0
0
0
0
0
0
0
0
0
0
0
0
0
0
0
0
0
0
0
0
0
0
0
0
0
0
0
0
0
0
0
0
0
0
0
0
0
0
0
0
0
0
0
0
0
0
0
0
0
0
0
0
0
0
0
0
0
0
0
0
0
0
0
0
0
0
0
0
0
0
0
0
0
0
0
0
0
0
0
0
0
0
0
0
0
0
0
0
0
0
0
0
0
0
0
0
0
0
0
0
0
0
0
0
0
0
0
0
0
0
0
0
0
0
0
0
0
0
0
0
0
0
0
0
0
0
0
0
0
0
0
0
0
0
0
0
0
0
0
0
0
0
0
0
0
0
0
0
0
0
0
0
0
0
0
0
0
0
0
0
0
0
0
0
0
0
0
0
0
0
0
0
0
0
0
0
0
0
0
0
0
0
0
0
0
0
0
0
0
0
0
0
0
0
0
0
0
0
0
0
0
0
0
0
0
0
0
0
0
0
0
0
0
0
0
0
0
0
0
0
0
0
0
0
0
0
0
0
0
0
0
0
0
0
0
0
0
0
0
0
0
0
0
0
0
0
0
0
0
0
0
0
0
0
0
0
0
0
0
0
0
0
0
0
0
0
0
0
0
0
0
0
0
0
0
0
0
0
0
0
0
0
0
0
0
0
0
0
0
0
0
0
0
0
0
0
0
0
0
0
0
0
0
0
0
0
0
0
0
0
0
0
0
0
0
0
0
0
0
0
0
0
0
0
0
0
0
0
0
0
0
0
0
0
0
0
0
0
0
0
0
0
0
0
0
0
0
0
0
0
0
0
0
0
0
0
0
0
0
0
0
0
0
0
0
0
0
0
0
0
0
0
0
0
0
0
0
0
0
0
0
0
0
0
0
0
0
0
0
0
0
0
0
0
0
0
0
0
0
0
0
0
0
0
0
0
0
0
0
0
0
0
0
0
0
0
0
0
0
0
0
0
0
0
0
0
0
0
0
0
0
0
0
0
0
0
0
0
0
0
0
0
0
0
0
0
0
0
0
0
0
0
0
0
0
0
0
0
0
0
0
0
0
0
0
0
0
0
0
0
0
0
0
0
0
0
0
0
0
0
0
0
0
0
0
0
0
0
0
0
0
0
0
0
0
0
0
0
0
0
0
0
0
0
0
0
0
0
0
0
0
0
0
0
0
0
0
0
0
0
0
0
0
0
0
0
0
0
0
0
0
0
0
0
0
0
0
0
0
0
0
0
0
0
0
0
0
0
0
0
0
0
0
0
0
0
0
0
0
0
0
0
0
0
0
0
0
0
0
0
0
0
0
0
0
0
0
0
0
0
0
0
0
0
0
0
0
0
0
0
0
0
0
0
0
0
0
0
0
0
0
0
0
0
0
0
0
0
0
0
0
0
0
0
0
0
0
0
0
0
0
0
0
0
0
0
0
0
0
0
0
0
0
0
0
0
0
0
0
0
0
0
0
0
0
0
0
0
0
0
0
0
0
0
0
0
0
0
0
0
0
0
0
0
0
0
0
0
0
0
0
0
0
0
0
0
0
0
0
0
0
0
0
0
0
0
0
0
0
0
0
0
0
0
0
0
0
0
0
0
0
0
0
0
0
0
0
0
0
0
0
0
0
0
0
0
0
0
0
0
0
0
0
0
0
0
0
0
0
0
0
0
0
0
0
0
0
0
0
0
0
0
0
0
0
0
0
0
0
0
0
0
0
0
0
0
0
0
0
0
0
0
0
0
0
0
0
0
0
0
0
0
0
0
0
0
0
0
0
0
0
0
0
0
0
0
0
0
0
0
0
0
0
0
0
0
0
0
0
0
0
0
0
0
0
0
0
0
0
0
0
0
0
0
0
0
0
0
0
0
0
0
0
0
0
0
0
0
0
0
0
0
0
0
0
0
0
0
0
0
0
0
0
0
0
0
0
0
0
0
0
0
0
0
0
0
0
0
0
0
0
0
0
0
0
0
0
0
0
0
0
0
0
0
0
0
0
0
0
0
0
0
0
0
0
0
0
0
0
0
0
0
0
0
0
0
0
0
0
0
0
0
0
0
0
0
0
0
0
0
0
0
0
0
0
0
0
0
0
0
0
0
0
0
0
0
0
0
0
0
0
0
0
0
0
0
0
0
0
0
0
0
0
0
0
0
0
0
0
0
0
0
0
0
0
0
0
0
0
0
0
0
0
0
0
0
0
0
0
0
0
0
0
0
0
0
0
0
0
0
0
0
0
0
0
0
0
0
0
0
0
0
0
0
0
0
0
0
0
0
0
0
0
0
0
0
0
0
0
0
0
0
0
0
0
0
0
0
0
0
0
0
0
0
0
0
0
0
0
0
0
0
0
0
0
0
0
0
0
0
0
0
0
0
0
0
0
0
0
0
0
0
0
0
0
0
0
0
0
0
0
0
0
0
0
0
0
0
0
0
0
0
0
0
0
0
0
0
0
0
0
0
0
0
0
0
0
0
0
0
0
0
0
0
0
0
0
0
0
0
0
0
0
0
0
0
0
0
0
0
0
0
0
0
0
0
0
0
0
0
0
0
0
0
0
0
0
0
0
0
0
0
0
0
0
0
0
0
0
0
0
0
0
0
0
0
0
0
0
0
0
0
0
0
0
0
0
0
0
0
0
0
0
0
0
0
0
0
0
0
0
0
0
0
0
0
0
0
0
0
0
0
0
0
0
0
0
0
0
0
0
0
0
0
0
0
0
0
0
0
0
0
0
0
0
0
0
0
0
0
0
0
0
0
0
0
0
0
0
0
0
0
0
0
0
0
0
0
0
0
0
0
0
0
0
0
0
0
0
0
0
0
0
0
0
0
0
0
0
0
0
0
0
0
0
0
0
0
0
0
0
0
0
0
0
0
0
0
0
0
0
0
0
0
0
0
0
0
0
0
0
0
0
0
0
0
0
0
0
0
0
0
0
0
0
0
0
0
0
0
0
0
0
0
0
0
0
0
0
0
0
0
0
0
0
0
0
0
0
0
