0
0
0
0
0
0
0
0
0
0
0
0
0
0
0
0
0
0
0
0
0
0
0
0
0
0
0
0
0
0
0
0
0
0
0
0
0
0
0
0
0
0
0
0
0
0
0
0
0
0
0
0
0
0
0
0
0
0
0
0
0
0
0
0
0
0
0
0
0
0
0
0
0
0
0
0
0
0
0
0
0
0
0
0
0
0
0
0
0
0
0
0
0
0
0
0
0
0
0
0
0
0
0
0
0
0
0
0
0
0
0
0
0
0
0
0
0
0
0
0
0
0
0
0
0
0
0
0
0
0
0
0
0
0
0
0
0
0
0
0
0
0
0
0
0
0
0
0
0
0
0
0
0
0
0
0
0
0
0
0
0
0
0
0
0
0
0
0
0
0
0
0
0
0
0
0
0
0
0
0
0
0
0
0
0
0
0
0
0
0
0
0
0
0
0
0
0
0
0
0
0
0
0
0
0
0
0
0
0
0
0
0
0
0
0
0
0
0
0
0
0
0
0
0
0
0
0
0
0
0
0
0
0
0
0
0
0
0
0
0
0
0
0
0
0
0
0
0
0
0
0
0
0
0
0
0
0
0
0
0
0
0
0
0
0
0
0
0
0
0
0
0
0
0
0
0
0
0
0
0
0
0
0
0
0
0
0
0
0
0
0
0
0
0
0
0
0
0
0
0
0
0
0
0
0
0
0
0
0
0
0
0
0
0
0
0
0
0
0
0
0
0
0
0
0
0
0
0
0
0
0
0
0
0
0
0
0
0
0
0
0
0
0
0
0
0
0
0
0
0
0
0
0
0
0
0
0
0
0
0
0
0
0
0
0
0
0
0
0
0
0
0
0
0
0
0
0
0
0
0
0
0
0
0
0
0
0
0
0
0
0
0
0
0
0
0
0
0
0
0
0
0
0
0
0
0
0
0
0
0
0
0
0
0
0
0
0
0
0
0
0
0
0
0
0
0
0
0
0
0
0
0
0
0
0
0
0
0
0
0
0
0
0
0
0
0
0
0
0
0
0
0
0
0
0
0
0
0
0
0
0
0
0
0
0
0
0
0
0
0
0
0
0
0
0
0
0
0
0
0
0
0
0
0
0
0
0
0
0
0
0
0
0
0
0
0
0
0
0
0
0
0
0
0
0
0
0
0
0
0
0
0
0
0
0
0
0
0
0
0
0
0
0
0
0
0
0
0
0
0
0
0
0
0
0
0
0
0
0
0
0
0
0
0
0
0
0
0
0
0
0
0
0
0
0
0
0
0
0
0
0
0
0
0
0
0
0
0
0
0
0
0
0
0
0
0
0
0
0
0
0
0
0
0
0
0
0
0
0
0
0
0
0
0
0
0
0
0
0
0
0
0
0
0
0
0
0
0
0
0
0
0
0
0
0
0
0
0
0
0
0
0
0
0
0
0
0
0
0
0
0
0
0
0
0
0
0
0
0
0
0
0
0
0
0
0
0
0
0
0
0
0
0
0
0
0
0
0
0
0
0
0
0
0
0
0
0
0
0
0
0
0
0
0
0
0
0
0
0
0
0
0
0
0
0
0
0
0
0
0
0
0
0
0
0
0
0
0
0
0
0
0
0
0
0
0
0
0
0
0
0
0
0
0
0
0
0
0
0
0
0
0
0
0
0
0
0
0
0
0
0
0
0
0
0
0
0
0
0
0
0
0
0
0
0
0
0
0
0
0
0
0
0
0
0
0
0
0
0
0
0
0
0
0
0
0
0
0
0
0
0
0
0
0
0
0
0
0
0
0
0
0
0
0
0
0
0
0
0
0
0
0
0
0
0
0
0
0
0
0
0
0
0
0
0
0
0
0
0
0
0
0
0
0
0
0
0
0
0
0
0
0
0
0
0
0
0
0
0
0
0
0
0
0
0
0
0
0
0
0
0
0
0
0
0
0
0
0
0
0
0
0
0
0
0
0
0
0
0
0
0
0
0
0
0
0
0
0
0
0
0
0
0
0
0
0
0
0
0
0
0
0
0
0
0
0
0
0
0
0
0
0
0
0
0
0
0
0
0
0
0
0
0
0
0
0
0
0
0
0
0
0
0
0
0
0
0
0
0
0
0
0
0
0
0
0
0
0
0
0
0
0
0
0
0
0
0
0
0
0
0
0
0
0
0
0
0
0
0
0
0
0
0
0
0
0
0
0
0
0
0
0
0
0
0
0
0
0
0
0
0
0
0
0
0
0
0
0
0
0
0
0
0
0
0
0
0
0
0
0
0
0
0
0
0
0
0
0
0
0
0
0
0
0
0
0
0
0
0
0
0
0
0
0
0
0
0
0
0
0
0
0
0
0
0
0
0
0
0
0
0
0
0
0
0
0
0
0
0
0
0
0
0
0
0
0
0
0
0
0
0
0
0
0
0
0
0
0
0
0
0
0
0
0
0
0
0
0
0
0
0
0
0
0
0
0
0
0
0
0
0
0
0
0
0
0
0
0
0
0
0
0
0
0
0
0
0
0
0
0
0
0
0
0
0
0
0
0
0
0
0
0
0
0
0
0
0
0
0
0
0
0
0
0
0
0
0
0
0
0
0
0
0
0
0
0
0
0
0
0
0
0
0
0
0
0
0
0
0
0
0
0
0
0
0
0
0
0
0
0
0
0
0
0
0
0
0
0
0
0
0
0
0
0
0
0
0
0
0
0
0
0
0
0
0
0
0
0
0
0
0
0
0
0
0
0
0
0
0
0
0
0
0
0
0
0
0
0
0
0
0
0
0
0
0
0
0
0
0
0
0
0
0
0
0
0
0
0
0
0
0
0
0
0
0
0
0
0
0
0
0
0
0
0
0
0
0
0
0
0
0
0
0
0
0
0
0
0
0
0
0
0
0
0
0
0
0
0
0
0
0
0
0
0
0
0
0
0
0
0
0
0
0
0
0
0
0
0
0
0
0
0
0
0
0
0
0
0
0
0
0
0
0
0
0
0
0
0
0
0
0
0
0
0
0
0
0
0
0
0
0
0
0
0
0
0
0
0
0
0
0
0
0
0
0
0
0
0
0
0
0
0
0
0
0
0
0
0
0
0
0
0
0
0
0
0
0
0
0
0
0
0
0
0
0
0
0
0
0
0
0
0
0
0
0
0
0
0
0
0
0
0
0
0
0
0
0
0
0
0
0
0
0
0
0
0
0
0
0
0
0
0
0
0
0
0
0
0
0
0
0
0
0
0
0
0
0
0
0
0
0
0
0
0
0
0
0
0
0
0
0
0
0
0
0
0
0
0
0
0
0
0
0
0
0
0
0
0
0
0
0
0
0
0
0
0
0
0
0
0
0
0
0
0
0
0
0
0
0
0
0
0
0
0
0
0
0
0
0
0
0
0
0
0
0
0
0
0
0
0
0
0
0
0
0
0
0
0
0
0
0
0
0
0
0
0
0
0
0
0
0
0
0
0
0
0
0
0
0
0
0
0
0
0
0
0
0
0
0
0
0
0
0
0
0
0
0
0
0
0
0
0
0
0
0
0
0
0
0
0
0
0
0
0
0
0
0
0
0
0
0
0
0
0
0
0
0
0
0
0
0
0
0
0
0
0
0
0
0
0
0
0
0
0
0
0
0
0
0
0
0
0
0
0
0
0
0
0
0
0
0
0
0
0
0
0
0
0
0
0
0
0
0
0
0
0
0
0
0
0
0
0
0
0
0
0
0
0
0
0
0
0
0
0
0
0
0
0
0
0
0
0
0
0
0
0
0
0
0
0
0
0
0
0
0
0
0
0
0
0
0
0
0
0
0
0
0
0
0
0
0
0
0
0
0
0
0
0
0
0
0
0
0
0
0
0
0
0
0
0
0
0
0
0
0
0
0
0
0
0
0
0
0
0
0
0
0
0
0
0
0
0
0
0
0
0
0
0
0
0
0
0
0
0
0
0
0
0
0
0
0
0
0
0
0
0
0
0
0
0
0
0
0
0
0
0
0
0
0
0
0
0
0
0
0
0
0
0
0
0
0
0
0
0
0
0
0
0
0
0
0
0
0
0
0
0
0
0
0
0
0
0
0
0
0
0
0
0
0
0
0
0
0
0
0
0
0
0
0
0
0
0
0
0
0
0
0
0
0
0
0
0
0
0
0
0
0
0
0
0
0
0
0
0
0
0
0
0
0
0
0
0
0
0
0
0
0
0
0
0
0
0
0
0
0
0
0
0
0
0
0
0
0
0
0
0
0
0
0
0
0
0
0
0
0
0
0
0
0
0
0
0
0
0
0
0
0
0
0
0
0
0
0
0
0
0
0
0
0
0
0
0
0
0
0
0
0
0
0
0
0
0
0
0
0
0
0
0
0
0
0
0
0
0
0
0
0
0
0
0
0
0
0
0
0
0
0
0
0
0
0
0
0
0
0
0
0
0
0
0
0
0
0
0
0
0
0
0
0
0
0
0
0
0
0
0
0
0
0
0
0
0
0
0
0
0
0
0
0
0
0
0
0
0
0
0
0
0
0
0
0
0
0
0
0
0
0
0
0
0
0
0
0
0
0
0
0
0
0
0
1.30931
1.024
1.08664
1.3043
1.0265
1.19865
1.02516
1.024
1.05191
1.16365
1.024
1.02498
1.03308
1.13901
1.08879
1.02714
1.024
1.0255
1.1029
1.024
1.02499
1.02648
1.024
1.024
1.02498
1.26432
1.1173
1.21521
1.024
1.28933
1.024
1.024
1.03553
1.16268
1.03552
1.024
1.05405
1.02865
1.07969
1.3029
1.04713
1.13018
1.05237
1.05214
1.15174
1.064
1.09661
1.09581
1.03833
1.13658
1.02683
1.02498
1.024
1.1906
1.024
1.41149
1.2471
1.11294
1.02642
1.03149
1.03401
1.05422
1.0855
1.02675
1.12583
1.02582
1.41149
1.02519
1.05103
1.02648
1.03175
1.15568
1.02498
1.2308
1.03488
1.17982
1.12933
1.024
1.09099
1.05223
1.024
1.04654
1.0561
1.25328
1.05285
1.024
1.05507
1.03368
1.024
1.024
1.25334
1.03599
1.024
1.02667
1.05518
1.12352
1.024
1.024
1.024
1.04847
1.024
1.024
1.02707
1.08289
1.1738
1.02519
1.18487
1.17748
1.43367
1.40099
1.03838
1.29098
1.02498
1.07133
1.19153
1.35715
1.03475
1.08965
1.03492
1.04029
1.02662
1.43022
1.02498
1.1166
1.48649
1.024
1.05601
1.024
1.024
1.12017
1.26458
1.31761
1.19973
1.178
1.024
1.02836
1.024
1.02498
1.11692
1.42826
1.05586
1.34293
1.02498
1.09236
1.024
1.18661
1.02498
1.29614
1.15836
1.20506
1.024
1.44962
1.12258
1.0609
1.024
1.03272
1.024
1.024
1.02498
1.024
1.03159
1.15487
1.05844
1.03193
1.03101
1.024
1.024
1.11852
1.02498
1.03093
1.02561
1.02498
1.02951
1.02498
1.024
1.33008
1.07017
1.12802
1.02498
1.10878
1.03008
1.024
1.12445
1.08356
1.04193
1.024
1.09275
1.024
1.22599
1.29801
1.0274
1.06854
1.02813
1.02498
1.06694
1.024
1.1664
1.02887
1.0341
1.05067
1.02498
1.02824
1.024
1.02534
1.12549
1.06807
1.28205
1.04624
1.024
1.26606
1.62659
1.024
1.04409
1.04879
1.40993
1.024
1.0559
1.30551
1.02654
1.19136
1.024
1.02498
1.05593
1.11427
1.59361
1.03164
1.02686
1.44677
1.04151
1.03092
1.03178
1.02498
1.02498
1.1033
1.16845
1.07678
1.06145
1.02498
1.03275
1.02498
1.02498
1.02527
1.41139
1.08493
1.15531
1.02582
1.024
1.08226
1.10057
1.05828
1.03181
1.0315
1.15635
1.02498
1.11622
1.08975
1.20469
1.02516
1.31001
1.024
1.20497
1.024
1.024
1.02498
1.14796
1.28972
1.0427
1.024
1.26655
1.43028
1.24743
1.05852
1.48175
1.23271
1.03748
1.3417
1.024
1.03574
1.024
1.0386
1.02569
1.32371
1.04693
1.0276
1.10363
1.25777
1.024
1.39433
1.02498
1.02938
1.20572
1.21498
1.02498
1.37295
1.02498
1.10024
1.024
1.56927
1.23538
1.67598
1.024
1.03598
1.15865
1.02668
1.04034
1.10652
1.16115
1.04012
1.28258
1.024
1.09534
1.02498
1.02498
1.09428
1.05057
1.06285
1.02498
1.02549
1.02498
1.02498
1.12787
1.04792
1.02912
1.024
1.02498
1.024
1.02542
1.07121
1.27958
1.02498
1.17316
1.15427
1.22753
1.02498
1.06848
1.05714
1.10311
1.0532
1.024
1.024
1.07939
1.11998
1.02509
1.30785
1.46097
1.024
1.19342
1.04093
1.03373
1.65231
1.15448
1.024
1.21893
1.08751
1.103
1.44056
1.024
1.13449
1.26754
1.12696
1.024
1.22469
1.54381
1.024
1.024
1.15441
1.25722
1.19089
1.34067
1.13982
1.024
1.02498
1.21414
1.15662
1.07192
1.1546
1.4203
1.024
1.09214
1.21521
1.0808
1.024
1.04117
1.38076
1.15163
1.02571
1.10142
1.02498
1.19653
1.15915
1.09443
1.0386
1.03654
1.5548
1.04183
1.02498
1.25415
1.52043
1.024
1.62785
1.04256
1.15578
1.02885
1.024
1.04301
1.024
1.10304
1.08602
1.024
1.10109
1.09172
1.024
1.03931
1.02498
1.04084
1.06336
1.0816
1.09633
1.28745
1.24021
1.024
1.31759
1.56881
1.49668
1.024
1.42102
1.06859
1.02581
1.3233
1.024
1.024
1.02498
1.03933
1.024
1.024
1.20893
1.02498
1.27698
1.02498
1.0791
1.02782
1.09025
1.03047
1.02498
1.02498
1.02498
1.024
1.23764
1.25166
1.024
1.024
1.04726
1.0485
1.06109
1.02947
1.09355
1.02498
1.08694
1.0319
1.03024
1.06714
1.02667
1.03015
1.024
1.04681
1.02815
1.07229
1.024
1.0317
1.03936
1.02906
1.69342
1.05277
1.02498
1.04955
1.0257
1.03081
1.03393
1.1278
1.17123
1.08438
1.39589
1.25262
1.04446
1.02592
1.02827
1.83723
1.024
1.03944
1.024
1.0876
1.02498
1.03384
1.02851
1.03386
1.12262
1.05546
1.03441
1.024
1.43803
1.024
1.02498
1.06077
1.04029
1.3621
1.031
1.15886
1.13688
1.15346
1.07462
1.02498
1.024
1.024
1.09147
1.03966
1.05388
1.024
1.04282
1.02878
1.13962
1.02498
1.024
1.13115
1.0311
1.02515
1.06987
1.024
1.16291
1.02498
1.03773
1.03169
1.17146
1.024
1.02702
1.09172
1.02766
1.024
1.054
1.0958
1.06577
1.07705
1.024
1.28948
1.024
1.14017
1.16536
1.09236
1.25664
1.26043
1.03012
1.16235
1.024
1.024
1.51186
1.024
1.09234
1.024
1.02498
1.02803
1.02498
1.04386
1.15281
1.25735
1.20509
1.024
1.18397
1.024
1.024
1.15058
1.07629
1.024
1.03816
1.02498
1.03479
1.09675
1.14536
1.04793
1.2073
1.11277
1.02498
1.024
1.11448
1.39987
1.02649
1.02828
1.16861
1.18985
1.02498
1.04746
1.14854
1.15699
1.024
1.02498
1.04048
1.16697
1.04517
1.47963
1.02498
1.02498
1.024
1.02811
1.02498
1.024
1.37969
1.024
1.02498
1.46472
1.024
1.05612
1.20487
1.07299
1.09495
1.03519
1.03241
1.18705
1.08456
1.024
1.0297
1.06791
1.14708
1.38425
1.02525
1.024
1.3379
1.03226
1.02498
1.024
1.02498
1.1331
1.19262
1.02498
1.54352
1.21397
1.17758
1.04127
1.024
1.09515
1.02498
1.024
1.07504
1.03576
1.15581
1.024
1.024
1.024
1.03993
1.04131
1.09415
1.024
1.024
1.03583
1.03404
1.02498
1.162
1.02498
1.125
1.25604
1.024
1.02498
1.44209
1.03729
1.03072
1.024
1.02806
1.12916
1.12663
1.024
1.13544
1.02498
1.57477
1.11214
1.08107
1.03045
1.07116
1.024
1.04026
1.024
1.024
1.18459
1.03531
1.03387
1.21682
1.0277
1.02498
1.024
1.024
1.06065
1.024
1.02561
1.05242
1.19812
1.024
1.05066
1.32972
1.04149
1.23266
1.02498
1.02498
1.15695
1.08061
1.02804
1.13307
1.024
1.14396
1.03275
1.02498
1.02722
1.06171
1.15221
1.03369
1.024
1.31205
1.1505
1.05328
1.13492
1.03345
1.188
1.06297
1.22355
1.024
1.12757
1.0266
1.05325
1.04968
1.02498
1.02498
1.30012
1.024
1.37233
1.05922
1.02498
1.0268
1.02901
1.19189
1.298
1.10736
1.06117
1.21712
1.024
1.10663
1.02498
1.1054
1.02569
1.05756
1.14235
1.024
1.14719
1.04371
1.05142
1.024
1.03235
1.02498
1.37695
1.11666
1.16064
1.31869
1.08442
1.024
1.03114
1.08519
1.024
1.04639
1.14909
1.20175
1.06445
1.024
1.15357
1.04466
1.0284
1.21066
1.0656
1.19866
1.57031
1.07002
1.024
1.024
1.18885
1.3017
1.09127
1.42187
1.0291
1.024
1.03813
1.024
1.11826
1.02498
1.39901
1.03464
1.024
1.024
1.05977
1.21933
1.1404
1.02877
1.34215
1.61333
1.21902
1.02498
1.04861
1.02498
1.02498
1.024
1.06681
1.1497
1.02498
1.024
1.06148
1.02498
1.02499
1.15936
1.024
1.22971
1.024
1.024
1.024
1.02549
1.024
1.26269
1.024
1.02498
1.02697
1.57079
1.06721
1.02498
1.024
1.02498
1.04807
1.02841
1.11184
1.02966
1.06772
1.02498
1.28162
1.02498
1.0481
1.03294
1.024
1.024
1.0282
1.03506
1.024
1.25455
1.02498
1.02649
1.0636
1.4472
1.15626
1.06969
1.13674
1.02617
1.31689
1.0896
1.06305
1.02498
1.08857
1.44727
1.02589
1.11954
1.024
1.024
1.04389
1.14805
1.024
1.50961
1.38082
1.024
1.13535
1.0251
1.28737
1.05907
1.024
1.024
1.12825
1.02951
1.024
1.03139
1.05523
1.03059
1.1132
1.03212
1.02498
1.10015
1.07788
1.3374
1.13986
1.07905
1.024
1.10827
1.03099
1.0286
1.10776
1.02707
1.024
1.02728
1.024
1.024
1.02498
1.02498
1.02498
1.12285
1.2658
1.10461
1.02633
1.04
1.05281
1.024
1.02815
1.02498
1.04352
1.08037
1.16676
1.024
1.02498
1.24635
1.17652
1.024
1.02498
1.07814
1.024
1.024
1.024
1.04486
1.13244
1.02547
1.02561
1.02574
1.03023
1.04944
1.02498
1.02498
1.17487
1.27265
1.02498
1.17957
1.06712
1.025
1.63505
1.03455
1.06774
1.08158
1.03527
1.02498
1.24762
1.16071
1.02498
1.02843
1.02498
1.024
1.05588
1.40424
1.15011
1.024
1.02498
1.21793
1.024
1.30115
1.05924
1.02965
1.36275
1.23021
1.02498
1.02526
1.19087
1.09688
1.17176
1.03448
1.09554
1.343
1.024
1.02498
1.02846
1.024
1.03088
1.024
1.05555
1.02758
1.02816
1.04482
1.06843
1.024
1.02568
1.02656
1.09823
1.17569
1.31521
1.22576
1.22344
1.05446
1.03131
1.024
1.024
1.0815
1.07002
1.02547
1.06271
1.08602
1.22935
1.03291
1.11924
1.38975
0.972449
0.819689
1.0601
0.824338
0.8192
0.985528
0.909773
0.850189
0.932735
0.898289
0.83246
0.980484
0.819689
0.847862
0.952998
1.1023
0.828103
1.23642
1.00891
1.10202
0.98397
0.8192
0.945448
0.82882
0.819689
0.966012
0.943817
0.819689
1.4252
0.834262
0.954018
0.820421
0.819689
0.859301
0.960291
0.931456
1.0691
0.825911
1.20278
1.09939
1.37103
0.93798
0.880932
0.930931
1.0701
1.18906
0.833481
1.0923
0.993356
1.0114
1.10454
1.25484
0.845105
1.00871
1.26503
1.15828
1.23403
0.833042
1.09506
0.826585
0.844459
1.21369
0.831952
1.06924
0.819771
1.10505
0.825525
0.910555
1.00913
1.40219
0.939963
1.28063
0.824464
0.830979
0.8192
1.14448
1.03556
0.885286
1.08906
0.896478
1.22924
1.00348
1.38037
1.22746
0.946559
0.883066
0.848237
1.28584
1.61594
1.22079
1.00722
0.856441
0.855584
0.911059
0.883017
1.39871
0.8192
0.874464
1.12551
1.09791
1.01778
1.03833
0.887929
0.943026
0.98823
1.13887
1.09066
1.10868
1.13927
0.896813
0.846298
0.899381
1.05471
0.896516
0.84946
0.823143
1.01095
0.936446
1.12231
0.825318
0.912244
0.948342
0.819689
0.90109
0.988899
0.8192
0.909712
0.819689
1.15146
0.840355
1.01784
0.965541
1.05126
1.01958
1.0558
0.856719
1.10341
1.03925
0.834451
0.846559
0.953452
0.978456
1.14837
0.8192
0.855009
0.876273
0.92581
1.18519
0.971428
1.20231
0.944868
0.821675
1.10729
0.856359
0.87105
0.8192
1.00679
0.961729
0.8192
0.832333
0.975092
0.836692
0.849012
1.18528
1.12643
0.846183
0.8192
0.850617
0.869216
1.21993
0.959642
0.980818
0.957867
0.967474
0.826216
0.894137
0.865569
0.829876
0.839185
0.827238
0.824457
1.04823
0.873511
1.10897
1.04013
1.0462
1.11294
0.91174
0.8192
1.16892
0.96622
0.847602
1.009
0.946224
0.819689
0.828104
1.21372
0.865051
0.867785
0.821295
0.821401
0.819689
0.825566
1.17815
1.24749
0.836865
0.837303
1.27608
0.85362
0.819689
1.063
0.955488
0.891058
0.820365
1.10898
0.819689
0.8192
0.937711
0.858712
0.8192
0.82726
0.822008
0.867746
0.844548
0.833713
0.835881
0.850926
1.08592
1.42684
0.921861
1.00718
0.827885
1.2305
0.999921
1.00796
0.854943
0.916362
0.939927
1.14607
0.988752
0.901359
0.832822
0.876814
0.819689
1.05625
0.842347
0.8952
0.958628
0.864349
0.944489
1.03826
0.849542
0.8192
0.826269
0.853203
1.29587
0.885718
1.12458
1.02464
0.94313
0.9478
0.823556
0.910461
1.03977
0.959352
0.984211
0.819689
0.819689
1.01634
1.27881
0.8192
0.819689
0.846861
1.03653
0.8192
0.825747
1.1905
0.828434
0.845815
1.00135
0.932069
0.84066
0.956054
0.869856
1.01536
1.57939
0.827457
0.840459
0.823125
0.839256
0.946554
0.825094
0.82029
0.831087
1.23383
0.977909
0.832376
1.04783
0.826628
0.827423
0.831324
0.928606
0.984716
0.819689
1.09951
0.867613
0.984244
1.18669
0.882781
0.878843
1.18728
1.2378
0.819689
1.08353
0.819689
0.82158
0.822582
0.827631
0.995495
1.17547
0.839732
0.842509
0.942123
0.819689
0.824324
0.819689
0.892188
0.90017
1.08871
1.11368
0.819689
0.933555
0.856806
0.917112
1.18914
0.95868
0.916422
1.15968
0.835887
1.02445
0.821616
0.879673
0.842493
0.859239
0.923986
0.986534
0.821558
0.829177
0.871568
0.82677
0.945161
1.27808
0.823261
0.999802
1.15738
1.02806
1.01683
1.11614
1.07455
0.842143
0.83225
0.821667
0.887503
0.901462
0.822308
1.23185
0.976632
0.875467
0.85048
0.845866
0.819689
1.0081
1.46913
0.866249
0.864694
0.847245
0.853651
0.819689
1.04922
0.819689
1.17317
1.00812
0.828715
0.943925
1.18314
0.8192
0.916005
1.09866
0.821418
0.82334
0.819689
0.939717
0.897004
0.860129
0.834883
0.819689
0.819689
0.877681
0.932106
0.844592
1.1084
1.37963
0.819689
1.18219
1.1045
0.8192
0.866563
0.819689
1.23112
1.28357
1.20335
0.927311
0.843603
1.10795
0.94453
0.821383
0.845885
1.5531
1.12801
0.96322
0.926213
0.960453
0.97709
0.819689
0.891986
1.23389
0.820409
0.870936
1.08466
0.821627
1.26863
0.869766
0.819689
0.8192
0.834373
1.07914
1.23037
1.13078
1.06602
1.08175
1.17265
1.03365
0.840071
1.0525
0.8628
0.874379
1.06829
0.839138
0.827514
0.930686
0.912133
0.819789
1.29422
1.12715
0.996327
0.945606
1.2591
0.822607
0.8192
0.881325
0.968907
0.819734
1.37539
0.852885
1.12994
0.830686
0.960268
0.855477
0.863068
0.852776
0.827537
1.0189
0.890813
0.991531
0.991875
0.851699
0.889863
0.822696
1.11635
0.8192
0.948003
0.843255
1.0782
1.17181
0.971561
0.853745
1.00233
1.04769
1.19038
1.09903
0.819689
1.12573
0.859156
1.22846
1.46504
0.906768
0.820673
0.821036
0.821904
0.819689
1.04004
0.822198
0.950473
0.822972
0.864808
0.873857
0.833949
1.08897
1.52034
0.819689
0.82605
0.992946
1.11198
1.15442
1.00155
1.28029
0.862549
0.944612
1.27725
0.822422
0.820001
0.881369
1.07759
0.88477
0.939449
0.977337
0.825394
0.911704
0.836346
0.906801
0.822458
0.823983
0.819689
1.03302
0.942957
1.19042
0.833007
0.844115
0.82472
0.872185
0.949493
1.28381
0.872253
0.830203
0.999608
0.820061
0.958259
0.887753
0.829722
0.819689
1.15473
1.31253
0.819689
0.822535
0.9845
0.902934
0.819689
0.822859
1.05604
1.34202
1.29856
0.822507
0.934139
0.8192
1.12471
1.10074
0.822057
0.962634
0.843725
0.856235
1.18363
1.42528
0.951473
1.00798
1.01506
1.09536
0.8192
0.8468
0.858619
1.01388
0.825212
0.819689
1.07817
1.16633
0.90364
0.824454
0.920591
1.1386
1.09897
0.821518
0.819689
0.819689
0.821464
0.840083
0.878356
1.16861
1.26036
0.832467
0.87146
0.975774
1.56545
1.17378
0.861576
0.916144
1.01567
0.994471
0.847026
0.937411
1.28947
1.35041
0.941767
1.73363
0.8192
1.21231
0.981626
0.854816
1.09388
0.913652
0.82402
0.819689
0.837236
0.827571
0.840024
0.905605
0.819689
0.850734
0.81972
1.29147
0.936031
0.876608
0.944445
1.22177
0.953731
0.953731
1.23723
1.13288
1.07906
0.819689
0.927889
0.920569
0.836331
1.25821
0.858957
0.847424
1.07188
1.20929
0.879839
1.01696
0.890184
0.835825
0.991722
1.03568
0.88718
1.15043
0.850763
0.982163
0.970634
0.954159
0.820421
0.819689
0.819689
0.819689
0.846935
0.877012
0.916589
1.28869
0.980987
1.02316
0.860798
0.819777
1.38724
1.0616
0.820426
1.08479
0.949428
0.829258
1.09126
1.01665
0.822988
0.926588
1.17961
0.879728
0.887596
0.819794
1.24622
0.8192
0.8897
1.05401
0.96844
1.22765
1.15922
0.896222
0.993147
0.921889
1.53207
0.993763
0.912651
0.819689
1.09058
0.878227
0.897359
0.8192
1.04184
0.89398
0.838722
0.833807
1.40222
1.0682
0.845015
0.964931
0.857188
0.886519
1.0329
1.22468
0.881749
0.820414
0.884571
0.903117
1.05694
0.918687
1.06635
0.90678
0.852781
0.858522
0.828384
0.914193
0.87583
0.974427
0.87492
0.873792
0.944784
0.832074
1.53629
0.884376
1.01803
0.881995
0.8192
0.932339
0.823489
0.837242
0.877543
0.878114
0.904542
0.821877
1.26912
0.999864
0.819689
0.865013
0.8192
0.928293
1.01063
0.827708
0.856924
0.845789
1.19154
0.842588
1.02999
0.985935
1.06526
0.831202
0.832619
1.12307
0.913361
0.838063
1.11102
1.02594
0.821879
1.3134
0.940571
0.8192
0.840836
0.913152
0.819689
1.63493
0.985169
0.820328
1.34685
0.885162
1.27427
1.29
1.36462
1.2324
1.61202
0.823715
0.960843
0.901778
1.18419
1.24323
0.819773
0.822116
1.21651
0.819689
1.2254
0.965999
0.884438
1.01325
0.900579
1.11429
0.872272
0.819689
1.04852
1.05259
0.830286
0.83826
1.02124
1.15031
1.0139
0.820686
0.884493
1.08215
0.875395
1.13223
0.995702
0.8192
0.851209
0.952933
1.02525
1.02938
0.861473
0.897539
1.24336
1.19368
0.830029
0.82443
1.19109
0.835632
0.941501
1.05708
0.819689
0.955696
0.819689
0.848067
1.04487
1.19706
1.09891
1.24033
1.23868
0.86001
1.12301
0.855156
0.843104
0.99267
1.34327
0.820388
1.04734
0.819689
0.911431
0.99052
0.928451
1.04073
0.859396
0.87513
1.07463
1.08365
0.819689
0.84334
0.925601
0.8192
1.1245
0.824451
0.873136
1.17864
0.993465
1.28518
0.845243
0.879072
0.848203
0.822952
0.955538
0.819689
1.20533
0.839354
0.997258
1.06238
1.03677
0.819689
0.861767
0.882702
1.16561
0.867444
0.830536
0.83563
0.896296
0.832976
0.952059
1.12058
1.16552
0.931859
0.819709
1.38542
0.84114
1.17516
0.862176
0.85076
0.947243
1.04442
1.04215
1.05829
0.8192
1.50459
0.908947
0.830802
0.8192
0.87521
1.02767
0.820797
0.838024
0.959514
0.850258
0.940498
0.923673
0.825191
1.76336
0.823324
1.00197
1.48643
0.913729
0.8192
0.9706
1.3576
0.909989
1.12538
0.837993
1.13272
1.15763
0.822537
0.819689
1.37406
0.921685
0.823048
0.825755
0.819689
1.6565
0.999755
0.819689
0.947806
0.839765
0.860902
1.05564
1.21391
1.25006
0.835793
0.941304
0.81984
1.12076
0.857367
0.841507
1.03764
1.07179
1.26067
1.19256
0.926475
1.29165
0.907242
0.866718
0.819689
1.2167
0.898131
1.44455
0.893688
1.10289
0.872611
1.22566
0.934482
1.1233
0.854543
0.850014
1.21834
0.98526
0.821324
0.939775
0.819689
0.9272
0.981197
1.15936
1.0404
1.29608
0.819689
1.10203
1.0122
1.20327
0.84221
0.868979
0.965686
0.930676
0.950426
0.819689
1.06903
1.05803
0.852264
0.879088
0.940956
1.15251
1.04065
1.11633
0.855917
0.843493
1.05414
0.8192
0.845979
