1.02654
1.17702
1.56142
1.02498
1.31241
1.06663
1.03043
1.25399
1.02498
1.024
1.02498
1.02498
1.02657
1.13461
1.024
1.024
1.024
1.024
1.35586
1.02927
1.02498
1.024
1.02498
1.02498
1.02498
1.15642
1.0795
1.34814
1.02593
1.0455
1.04393
1.06731
1.09465
1.30849
1.02498
1.15076
1.0285
1.02498
1.1167
1.21949
1.16968
1.07701
1.024
1.11326
1.17067
1.29764
1.03067
1.02506
1.05509
1.02517
1.10627
1.08559
1.03179
1.04011
1.59961
1.02498
1.02498
1.024
1.02498
1.26025
1.25494
1.03413
1.2092
1.024
1.02522
1.12126
1.03427
1.05915
1.02498
1.0331
1.04646
1.02911
1.16626
1.024
1.02498
1.04621
1.06026
1.024
1.024
1.30562
1.04287
1.11055
1.0305
1.024
1.05539
1.02768
1.13004
1.024
1.18969
1.024
1.06898
1.02586
1.14086
1.02712
1.09794
1.03134
1.05181
1.0303
1.02726
1.02539
1.06451
1.02498
1.51107
1.16943
1.10005
1.23818
1.024
1.02498
1.12887
1.03547
1.02498
1.024
1.024
1.23179
1.10363
1.02502
1.10258
1.08736
1.13255
1.02498
1.024
1.02498
1.02498
1.02766
1.04814
1.03634
1.26951
1.18068
1.02642
1.06728
1.16054
1.02498
1.42841
1.03541
1.20924
1.024
1.07119
1.10443
1.02771
1.40021
1.0306
1.024
1.93302
1.09906
1.03428
1.0303
1.08767
1.04128
1.25756
1.02498
1.05528
1.02498
1.02498
1.03461
1.02498
1.05873
1.02498
1.02498
1.34084
1.02498
1.05986
1.30837
1.17695
1.08611
1.14403
1.05515
1.31116
1.04639
1.10386
1.14625
1.02736
1.08801
1.32253
1.02498
1.02991
1.024
1.03938
1.14587
1.19952
1.02751
1.04663
1.024
1.06681
1.15602
1.03579
1.07988
1.02498
1.0285
1.1456
1.04044
1.024
1.02505
1.09997
1.03021
1.02778
1.0948
1.02498
1.02979
1.03367
1.1712
1.04066
1.09491
1.33766
1.02498
1.10219
1.15927
1.12729
1.02498
1.02498
1.0326
1.52223
1.02498
1.07125
1.38539
1.11239
1.15666
1.02498
1.11373
1.02498
1.02691
1.06177
1.02517
1.04258
1.02498
1.02498
1.05543
1.02625
1.02498
1.30691
1.024
1.07489
1.15209
1.18345
1.59657
1.06711
1.23903
1.024
1.02505
1.04741
1.29906
1.3574
1.024
1.10112
1.1029
1.08657
1.02498
1.024
1.22122
1.13239
1.13085
1.024
1.37554
1.08348
1.02498
1.10277
1.0255
1.02658
1.09099
1.02503
1.38598
1.32279
1.024
1.18941
1.02498
1.30479
1.19414
1.06646
1.02498
1.24915
1.22512
1.02915
1.46584
1.08808
1.69863
1.10859
1.21239
1.14328
1.04681
1.11269
1.22631
1.06165
1.024
1.50542
1.06029
1.22443
1.49106
1.3578
1.2263
1.1311
1.06381
1.1827
1.03958
1.02498
1.112
1.024
1.07499
1.14539
1.06806
1.03853
1.17283
1.08912
1.15907
1.16131
1.07343
1.024
1.02498
1.58386
1.16966
1.07513
1.46476
1.08548
1.02498
1.024
1.08001
1.06584
1.16721
1.05522
1.0464
1.07717
1.1364
1.22201
1.0637
1.23643
1.02498
1.13598
1.03488
1.03943
1.04562
1.38344
1.36852
1.08388
1.02498
1.1124
1.14032
1.27225
1.2244
1.11723
1.61315
1.08036
1.02498
1.024
1.02713
1.04752
1.06645
1.13812
1.02498
1.04284
1.10489
1.02498
1.024
1.05289
1.14901
1.024
1.02498
1.22205
1.07242
1.23511
1.02498
1.024
1.024
1.02498
1.19109
1.24447
1.02498
1.06519
1.05765
1.02498
1.03099
1.20393
1.27666
1.0452
1.04331
1.03146
1.1321
1.31169
1.0265
1.07667
1.14901
1.30521
1.02498
1.05911
1.1799
1.10431
1.03812
1.20447
1.02649
1.024
1.06613
1.05647
1.02675
1.03934
1.3808
1.05131
1.05199
1.02498
1.08024
1.49995
1.04821
1.15335
1.02498
1.02649
1.04334
1.024
1.02498
1.07707
1.024
1.09789
1.12871
1.14869
1.6102
1.024
1.20526
1.06558
1.02498
1.07695
1.02729
1.029
1.0267
1.02498
1.03145
1.02893
1.02498
1.025
1.13788
1.11136
1.10006
1.02498
1.0251
1.02498
1.04703
1.20061
1.37499
1.61993
1.02498
1.08999
1.03719
1.17791
1.13696
1.02738
1.03272
1.03932
1.16719
1.02498
1.02635
1.02498
1.024
1.34862
1.2215
1.02498
1.02498
1.02524
1.05374
1.02948
1.09044
1.024
1.14033
1.27089
1.03056
1.024
1.024
1.02732
1.06233
1.02498
1.06931
1.03273
1.03177
1.02498
1.024
1.0563
1.02498
1.024
1.07811
1.16186
1.20461
1.02498
1.07636
1.03617
1.04139
1.024
1.30103
1.57291
1.05041
1.56714
1.0577
1.46413
1.02498
1.04314
1.024
1.04943
1.04322
1.0805
1.12574
1.02498
1.22821
1.2537
1.024
1.10565
1.09135
1.024
1.25179
1.02891
1.13175
1.34779
1.024
1.06781
1.06645
1.09616
1.3051
1.02498
1.024
1.024
1.024
1.02639
1.024
1.37807
1.19546
1.4384
1.14995
1.02498
1.02868
1.02498
1.07013
1.05608
1.02498
1.15406
1.024
1.02498
1.35337
1.23465
1.40145
1.16622
1.02863
1.10749
1.024
1.06162
1.09183
1.0342
1.02565
1.06003
1.05538
1.03066
1.21518
1.04686
1.04974
1.03124
1.56139
1.10616
1.21692
1.24421
1.04685
1.07057
1.31903
1.02508
1.04587
1.14232
1.03497
1.0429
1.35614
1.34144
1.12996
1.52792
1.06294
1.0353
1.024
1.02498
1.12231
1.80167
1.24312
1.02498
1.04544
1.024
1.28945
1.03122
1.024
1.05403
1.02498
1.11593
1.06294
1.02498
1.02498
1.26917
1.0792
1.024
1.15733
1.02663
1.11665
1.02749
1.21192
1.02498
1.08986
1.09943
1.02516
1.024
1.03551
1.05646
1.08567
1.09633
1.024
1.03432
1.02498
1.02498
1.02498
1.27311
1.08651
1.1364
1.02498
1.04934
1.04548
1.24054
1.03862
1.22006
1.06657
1.024
1.44205
1.05513
1.0325
1.02498
1.21661
1.16132
1.05391
1.07993
1.16557
1.02753
1.23255
1.04279
1.41008
1.02498
1.024
1.22835
1.06358
1.03051
1.03904
1.03063
1.18313
1.02498
1.02627
1.20428
1.024
1.024
1.02498
1.1336
1.02498
1.0722
1.07215
1.02793
1.2638
1.02498
1.05065
1.17219
1.46138
1.18356
1.19087
1.02498
1.03435
1.23682
1.16907
1.09841
1.024
1.02722
1.02645
1.66289
1.02498
1.14834
1.3481
1.05741
1.04287
1.02553
1.18996
1.024
1.024
1.13654
1.08429
1.03624
1.34596
1.03466
1.02498
1.02498
1.08538
1.03825
1.02498
1.05574
1.21719
1.04917
1.57915
1.22627
1.0675
1.02498
1.26573
1.1203
1.03617
1.09197
1.06128
1.07168
1.16197
1.03981
1.024
1.02498
1.03553
1.02498
1.031
1.06898
1.02498
1.05061
1.22142
1.04524
1.086
1.02498
1.024
1.024
1.02654
1.024
1.02498
1.02498
1.03812
1.37201
1.15595
1.20784
1.024
1.02498
1.07965
1.36759
1.05329
1.29768
1.024
1.15913
1.36781
1.02498
1.024
1.15071
1.05431
1.02498
1.02644
1.13827
1.32016
1.23935
1.06095
1.14123
1.024
1.02498
1.02498
1.07055
1.20715
1.328
1.04568
1.0827
1.024
1.25536
1.02563
1.03826
1.22232
1.0521
1.02933
1.06925
1.03094
1.15368
1.024
1.20247
1.02926
1.0952
1.03999
1.024
1.07644
1.56763
1.0257
1.09694
1.03835
1.17471
1.35995
1.10105
1.17874
1.05337
1.02498
1.02498
1.21162
1.02498
1.12747
1.26612
1.20271
1.02838
1.19198
1.02498
1.17004
1.08725
1.04391
1.02498
1.03484
1.21245
1.02616
1.18463
1.05367
1.3323
1.07261
1.04129
1.07669
1.22194
1.18857
1.12579
1.024
1.02498
1.02498
1.02516
1.02498
1.02498
1.02836
1.02637
1.03974
1.024
1.02498
1.08469
1.03637
1.04003
1.04651
1.07783
1.02899
1.08975
1.48493
1.20507
1.15139
1.02498
1.024
1.02952
1.02498
1.17763
1.25586
1.024
1.03463
1.08762
1.03209
1.024
1.024
1.60293
1.06201
1.02787
1.024
1.024
1.02498
1.16233
1.11911
1.31496
1.07534
1.09415
1.02555
1.26223
1.02498
1.0712
1.35823
1.33153
1.12333
1.08076
1.02498
1.02498
1.0399
1.02498
1.02618
1.02498
1.02498
1.024
1.23071
1.02498
1.024
1.12098
1.024
1.02764
1.25678
1.16705
1.024
1.17292
1.09717
1.52589
1.02498
1.03149
1.024
1.02498
1.024
1.024
1.28685
1.55349
1.25695
1.17629
1.024
1.03258
1.03906
1.02498
1.024
1.03002
1.03659
1.23792
1.07699
1.42971
1.03721
1.16811
1.07585
1.07795
1.024
1.20604
1.02498
1.05686
1.6294
1.03107
1.24074
1.02705
1.024
1.06346
1.15278
1.62164
1.02498
1.024
1.02498
1.38812
1.17032
1.35169
1.02498
1.06121
1.024
1.14918
1.02645
1.0289
1.024
1.06076
1.03216
1.024
1.11386
1.024
1.32753
1.024
1.04188
1.05825
1.08353
1.024
1.15569
1.02844
1.04269
1.0746
1.03008
1.04524
1.03032
1.03223
1.18062
1.11905
1.12658
1.10639
1.024
1.02498
1.10697
1.02502
1.02498
1.1978
1.25337
1.26179
1.04106
1.06063
1.74014
1.33622
1.02738
1.02716
1.04307
1.17568
1.17773
1.02498
1.02498
1.02852
1.02498
1.024
1.02653
1.024
1.024
1.33511
1.024
1.024
1.09503
1.02498
1.02498
1.16679
1.02498
1.07793
1.024
1.024
1.04111
1.024
1.05123
1.02498
1.03157
1.024
1.024
1.10559
1.7247
1.04743
1.38861
1.13559
1.48299
1.0384
1.44289
1.15981
1.18403
1.05659
1.024
1.06412
1.28231
1.024
1.2363
0.823418
0.909165
0.8192
0.876486
0.855554
1.20176
0.844817
1.19161
0.930332
1.24528
0.919561
1.13658
0.833218
1.00159
0.875022
0.833036
1.19037
0.821769
1.01219
0.819689
0.831217
0.890309
0.859696
1.31769
0.884757
0.901088
1.41543
0.879049
1.15553
0.82055
1.09582
1.03111
0.912054
0.987671
0.886484
0.904775
1.09626
1.61629
0.960016
0.885442
0.821392
1.23234
0.845883
0.949389
0.842451
0.823487
0.829825
0.87051
0.855699
1.30126
1.20906
0.93921
0.879843
0.933061
1.19093
1.08091
0.99007
0.984362
0.910738
0.988015
1.04999
0.883447
1.42063
1.00348
1.28853
1.1588
0.819689
0.988072
0.823184
0.831778
0.826378
0.819689
0.831161
0.830619
0.851417
0.968998
0.897488
1.09727
1.11582
0.859444
1.04573
0.871732
1.17048
0.823831
0.839194
0.983725
0.819689
1.22243
0.853602
0.884133
1.05508
0.972389
1.05713
0.830947
0.842661
0.967524
0.819689
0.894341
1.02666
1.01529
1.18982
1.25566
0.84725
0.837685
0.819689
0.827524
0.930231
1.22722
1.24403
1.11367
0.980282
0.912807
1.09083
1.34306
1.05179
1.1975
0.993067
0.922965
1.27763
0.844562
0.824653
0.823195
0.886249
1.15917
1.1817
0.923265
1.15585
0.821972
0.966877
0.845805
0.883037
0.920082
1.4667
0.889091
0.875563
0.837873
0.872264
0.821591
0.885819
1.11671
0.998951
0.908399
1.06097
0.93165
1.82993
0.819729
0.824377
0.913239
0.926931
0.819689
1.11724
1.12005
0.903185
1.16434
1.0511
0.930911
0.836502
0.940012
0.822949
0.834445
0.819689
1.20182
1.19862
1.33128
1.04713
0.907392
0.868074
0.922026
0.822506
0.82476
0.897496
0.981607
0.831287
0.875363
0.859503
1.23389
0.962193
0.926114
0.830389
0.879177
1.24456
1.00529
0.916803
1.1332
1.13797
0.831313
0.825359
0.824895
0.999796
1.47533
0.903452
0.82668
0.996537
0.845853
0.824613
0.954809
0.819689
0.919422
1.00646
0.889146
0.853245
0.819689
0.863243
0.819689
0.983876
1.16739
0.852891
0.847935
0.954474
0.918208
0.906788
0.950835
0.921624
0.947792
0.954219
0.883227
0.894004
1.11593
0.879296
0.827275
0.94552
0.959735
1.14278
0.819689
0.960929
0.892646
0.82106
0.825105
0.892892
0.899662
0.842589
0.845005
0.84242
0.871827
0.868351
0.851218
1.21481
0.825266
1.0802
0.951837
0.823996
1.02356
0.9494
0.917254
0.881325
0.888493
0.825569
0.838056
0.819689
0.823823
0.820654
1.30981
0.937062
0.821552
0.835472
0.842188
1.08164
1.03383
0.889834
1.20974
0.819689
0.942703
0.829942
0.833907
0.857839
0.89447
0.831477
0.835639
0.819689
1.00561
0.881932
0.844419
0.837604
1.0509
0.829674
1.33066
1.24071
0.934829
1.09576
0.94041
0.831259
0.927344
0.937414
0.965263
1.46909
1.2846
1.08411
1.35984
0.837769
1.0415
0.960905
0.993824
0.905446
1.02528
0.89789
0.888698
0.879605
0.903473
0.907375
0.865477
0.847758
0.822365
0.977639
0.8192
1.38505
0.856948
0.8192
1.03549
1.29412
1.05659
1.07657
1.2701
0.866615
0.977798
0.914191
0.853482
0.824285
0.83781
1.60357
1.05154
0.914317
1.13506
0.819689
1.01803
1.02876
0.820865
0.939992
0.884138
1.3457
0.944754
0.940144
0.8192
1.08054
1.07814
1.02289
1.14136
1.07491
1.33586
0.877593
0.864442
0.820277
0.829203
0.8192
0.857689
0.939336
1.1242
0.87053
0.86309
1.06631
1.22505
0.937201
0.971653
1.04291
1.27616
0.867289
1.04571
0.819689
0.851686
1.10778
0.947624
0.823931
1.12416
1.19693
1.14298
0.819689
0.90957
0.874448
1.13191
1.06045
0.935134
0.819689
0.827832
0.8192
1.27574
0.819689
0.828493
0.981123
0.891297
0.83699
0.82085
0.985608
0.976095
0.83008
0.9135
1.03859
0.865837
0.955387
0.989131
0.821633
0.819689
1.00858
1.08298
0.849087
1.13604
1.34928
0.985438
0.991836
0.897404
1.19419
0.92794
1.12824
0.872626
1.31537
0.866727
0.858451
0.97218
0.925434
0.864609
1.09969
0.886733
0.893215
1.06795
1.11759
0.8448
0.927831
1.05272
0.8708
1.19907
1.00561
1.25362
1.61171
1.01376
1.06425
0.901127
0.9303
0.823178
0.819689
1.182
1.01917
1.09308
1.18063
0.911802
0.8192
0.822517
0.965681
0.928086
0.866949
1.12506
0.911382
1.17606
0.819689
0.909452
1.06742
1.01752
0.819689
0.99663
1.02825
0.918655
1.25964
0.844853
0.925855
0.891486
0.920274
1.46471
0.82958
1.26664
0.823889
0.831968
1.23563
1.14283
0.84461
0.980544
0.911062
0.819763
0.903702
0.875094
0.824698
0.96876
0.942405
1.34799
1.17738
1.07147
0.944065
1.00439
0.826748
0.84026
0.825509
1.03242
0.886914
0.995262
0.888289
1.05223
0.842899
1.03271
1.06504
1.20468
1.00362
0.914966
1.17234
1.59438
0.845496
0.932499
1.0402
0.886603
0.828064
1.08667
1.1124
1.30465
1.0668
0.831767
0.946857
1.05809
1.25246
0.86491
0.868663
0.864545
1.35979
1.36486
0.974345
0.829071
0.967164
0.857126
1.10737
1.48534
1.03711
0.83919
0.878877
0.872692
0.982057
0.825898
0.819689
1.1114
0.844546
0.829372
1.00095
1.12495
1.14598
0.915476
1.03319
0.89536
0.8904
0.890943
1.30197
0.991989
0.879131
1.02864
1.01403
1.15835
1.12056
1.27646
0.822123
1.00444
0.826493
1.09455
0.938507
1.12411
1.12907
1.05872
0.836207
1.0733
0.822422
1.31091
0.819689
0.949429
1.14808
1.2871
0.895964
1.23124
0.821563
0.986543
0.935861
0.876866
1.28965
0.820554
0.89836
0.822725
0.908561
0.900638
1.13976
0.977515
0.86223
0.907908
1.14473
1.14273
0.820179
0.820629
1.16141
0.8257
0.836232
1.32061
0.966897
0.858496
0.913718
0.849181
1.049
0.86811
0.931987
1.05589
0.941096
1.07312
0.823546
1.05101
1.00039
0.885982
0.82767
0.826391
0.847592
0.87641
1.08826
0.873411
0.835695
1.03054
1.16671
0.827484
0.939193
1.11732
1.01898
0.98724
0.978262
0.882405
1.02822
1.18844
1.53203
0.836309
1.07084
0.820009
0.819689
0.823217
1.08071
1.21568
1.36409
0.845645
1.41186
0.986161
0.829493
0.819689
0.920915
0.860098
0.933813
1.08039
0.820883
0.909177
1.02821
0.838247
0.819689
0.968845
1.03159
0.834757
1.01415
0.870996
0.829063
0.901284
1.28991
0.935065
1.0606
0.845428
1.1694
0.8192
0.916179
0.901432
1.06845
0.911711
1.01017
1.44574
1.1229
1.27516
1.32717
1.17556
0.882677
1.04222
0.907433
0.836668
1.06393
0.883994
1.03931
1.17532
0.922644
1.21215
1.40972
0.941186
1.35799
0.91173
1.21703
0.840078
0.873995
0.823152
1.55966
0.897767
0.819689
0.860826
1.05889
0.89098
0.819932
1.0353
0.972332
1.0481
0.918975
1.08425
1.03785
1.00644
0.819689
0.955741
0.998342
0.8192
0.995623
0.823138
0.996196
1.04689
0.955347
1.01336
0.84513
1.08074
0.857118
1.29575
0.856398
0.931261
0.819689
0.819689
0.819689
1.44032
0.82238
0.820966
1.01903
1.28305
1.12584
0.819689
1.05578
1.07247
0.931602
0.837183
0.856888
1.1402
0.962902
0.957433
1.11311
1.46238
1.15308
1.21058
0.953441
1.00548
0.841678
0.930359
1.07439
0.829844
0.844833
1.23321
0.858053
0.919781
0.819689
0.856491
0.888055
0.822657
1.1556
0.834026
0.918338
1.16998
1.34069
0.941603
0.837464
1.36378
1.313
0.998955
1.07432
0.979408
0.8192
1.15183
0.981337
1.25735
0.819689
1.27278
1.31506
0.819689
0.994334
0.837304
0.819689
1.07529
0.97488
1.14352
1.32956
0.821536
0.865405
0.826036
0.842378
1.18215
1.01532
0.949008
0.959293
0.88145
0.826567
0.871942
0.976401
0.929495
1.22575
0.819689
0.870488
0.922589
0.970416
0.821091
0.871175
1.59046
0.819689
1.01948
0.918026
0.822339
1.10884
0.819689
0.910117
0.897512
0.83206
0.915233
0.819689
1.06515
0.917026
1.04462
1.02924
1.19828
0.935729
0.823513
1.17608
0.848419
0.838297
0.819689
1.17017
0.858166
0.836222
0.970322
0.868664
0.920699
0.822814
0.979545
1.03001
1.15943
0.894862
1.3502
1.06342
1.00406
1.09463
0.928279
0.819759
0.824868
0.826328
0.930239
0.859161
1.01459
0.98366
1.16143
0.960086
0.819689
0.822068
1.14854
1.31076
1.10878
0.889252
0.837604
1.30447
1.0809
0.943791
0.86115
0.820634
0.941962
0.8192
1.28712
0.878816
1.13456
0.890446
1.07
0.856591
1.36991
0.850998
1.56837
0.820524
0.849485
1.04959
0.919208
1.06649
0.819689
0.899791
0.829938
1.09785
0.931581
0.840213
0.819689
0.843216
1.02864
0.910736
0.870448
1.00533
1.17509
1.14753
0.930393
1.13237
0.917287
1.57101
1.02339
0.823324
0.820695
0.822881
1.038
0.819689
0.858713
1.11282
0.832846
1.22308
0.836286
1.0392
1.06458
1.3415
1.2526
1.43525
1.00339
1.08943
0.826748
0.853044
0.904217
1.45206
0.863494
0.969633
1.46432
1.00177
0.879506
1.0773
0.829456
0.948906
0.93316
1.01768
1.04173
1.10327
1.09055
0.916933
0.882936
0.92142
1.08571
0.968725
0.86466
0.845839
0.826925
0.859056
0.878134
0.968248
0.946555
0.819689
1.10823
1.0708
1.07241
0.969957
1.13221
1.26127
0.839644
1.02088
0.81971
0.819689
0.859739
1.17459
0.851316
0.8192
1.17413
1.03824
1.04334
1.19883
0.853073
1.30095
0.859785
0.853778
0.896791
0.998006
0.953723
1.02472
0.85304
1.11346
0.820558
1.06543
1.09096
0.819689
1.07217
0.992803
0.880104
0.822228
1.61622
0.831064
0.898798
0.888405
1.34459
0.865293
0.947334
1.29507
0.999857
0.888823
1.13293
0.847309
1.03433
0.886959
1.45334
0.820524
0.871195
0.915933
0.861909
0.865979
0.873353
0.884702
1.02982
1.17235
1.19946
0.91414
1.11139
0.991992
0.831821
1.0112
0.910652
0.937641
0.891071
0
0
0
0
0
0
0
0
0
0
0
0
0
0
0
0
0
0
0
0
0
0
0
0
0
0
0
0
0
0
0
0
0
0
0
0
0
0
0
0
0
0
0
0
0
0
0
0
0
0
0
0
0
0
0
0
0
0
0
0
0
0
0
0
0
0
0
0
0
0
0
0
0
0
0
0
0
0
0
0
0
0
0
0
0
0
0
0
0
0
0
0
0
0
0
0
0
0
0
0
0
0
0
0
0
0
0
0
0
0
0
0
0
0
0
0
0
0
0
0
0
0
0
0
0
0
0
0
0
0
0
0
0
0
0
0
0
0
0
0
0
0
0
0
0
0
0
0
0
0
0
0
0
0
0
0
0
0
0
0
0
0
0
0
0
0
0
0
0
0
0
0
0
0
0
0
0
0
0
0
0
0
0
0
0
0
0
0
0
0
0
0
0
0
0
0
0
0
0
0
0
0
0
0
0
0
0
0
0
0
0
0
0
0
0
0
0
0
0
0
0
0
0
0
0
0
0
0
0
0
0
0
0
0
0
0
0
0
0
0
0
0
0
0
0
0
0
0
0
0
0
0
0
0
0
0
0
0
0
0
0
0
0
0
0
0
0
0
0
0
0
0
0
0
0
0
0
0
0
0
0
0
0
0
0
0
0
0
0
0
0
0
0
0
0
0
0
0
0
0
0
0
0
0
0
0
0
0
0
0
0
0
0
0
0
0
0
0
0
0
0
0
0
0
0
0
0
0
0
0
0
0
0
0
0
0
0
0
0
0
0
0
0
0
0
0
0
0
0
0
0
0
0
0
0
0
0
0
0
0
0
0
0
0
0
0
0
0
0
0
0
0
0
0
0
0
0
0
0
0
0
0
0
0
0
0
0
0
0
0
0
0
0
0
0
0
0
0
0
0
0
0
0
0
0
0
0
0
0
0
0
0
0
0
0
0
0
0
0
0
0
0
0
0
0
0
0
0
0
0
0
0
0
0
0
0
0
0
0
0
0
0
0
0
0
0
0
0
0
0
0
0
0
0
0
0
0
0
0
0
0
0
0
0
0
0
0
0
0
0
0
0
0
0
0
0
0
0
0
0
0
0
0
0
0
0
0
0
0
0
0
0
0
0
0
0
0
0
0
0
0
0
0
0
0
0
0
0
0
0
0
0
0
0
0
0
0
0
0
0
0
0
0
0
0
0
0
0
0
0
0
0
0
0
0
0
0
0
0
0
0
0
0
0
0
0
0
0
0
0
0
0
0
0
0
0
0
0
0
0
0
0
0
0
0
0
0
0
0
0
0
0
0
0
0
0
0
0
0
0
0
0
0
0
0
0
0
0
0
0
0
0
0
0
0
0
0
0
0
0
0
0
0
0
0
0
0
0
0
0
0
0
0
0
0
0
0
0
0
0
0
0
0
0
0
0
0
0
0
0
0
0
0
0
0
0
0
0
0
0
0
0
0
0
0
0
0
0
0
0
0
0
0
0
0
0
0
0
0
0
0
0
0
0
0
0
0
0
0
0
0
0
0
0
0
0
0
0
0
0
0
0
0
0
0
0
0
0
0
0
0
0
0
0
0
0
0
0
0
0
0
0
0
0
0
0
0
0
0
0
0
0
0
0
0
0
0
0
0
0
0
0
0
0
0
0
0
0
0
0
0
0
0
0
0
0
0
0
0
0
0
0
0
0
0
0
0
0
0
0
0
0
0
0
0
0
0
0
0
0
0
0
0
0
0
0
0
0
0
0
0
0
0
0
0
0
0
0
0
0
0
0
0
0
0
0
0
0
0
0
0
0
0
0
0
0
0
0
0
0
0
0
0
0
0
0
0
0
0
0
0
0
0
0
0
0
0
0
0
0
0
0
0
0
0
0
0
0
0
0
0
0
0
0
0
0
0
0
0
0
0
0
0
0
0
0
0
0
0
0
0
0
0
0
0
0
0
0
0
0
0
0
0
0
0
0
0
0
0
0
0
0
0
0
0
0
0
0
0
0
0
0
0
0
0
0
0
0
0
0
0
0
0
0
0
0
0
0
0
0
0
0
0
0
0
0
0
0
0
0
0
0
0
0
0
0
0
0
0
0
0
0
0
0
0
0
0
0
0
0
0
0
0
0
0
0
0
0
0
0
0
0
0
0
0
0
0
0
0
0
0
0
0
0
0
0
0
0
0
0
0
0
0
0
0
0
0
0
0
0
0
0
0
0
0
0
0
0
0
0
0
0
0
0
0
0
0
0
0
0
0
0
0
0
0
0
0
0
0
0
0
0
0
0
0
0
0
0
0
0
0
0
0
0
0
0
0
0
0
0
0
0
0
0
0
0
0
0
0
0
0
0
0
0
0
0
0
0
0
0
0
0
0
0
0
0
0
0
0
0
0
0
0
0
0
0
0
0
0
0
0
0
0
0
0
0
0
0
0
0
0
0
0
0
0
0
0
0
0
0
0
0
0
0
0
0
0
0
0
0
0
0
0
0
0
0
0
0
0
0
0
0
0
0
0
0
0
0
0
0
0
0
0
0
0
0
0
0
0
0
0
0
0
0
0
0
0
0
0
0
0
0
0
0
0
0
0
0
0
0
0
0
0
0
0
0
0
0
0
0
0
0
0
0
0
0
0
0
0
0
0
0
0
0
0
0
0
0
0
0
0
0
0
0
0
0
0
0
0
0
0
0
0
0
0
0
0
0
0
0
0
0
0
0
0
0
0
0
0
0
0
0
0
0
0
0
0
0
0
0
0
0
0
0
0
0
0
0
0
0
0
0
0
0
0
0
0
0
0
0
0
0
0
0
0
0
0
0
0
0
0
0
0
0
0
0
0
0
0
0
0
0
0
0
0
0
0
0
0
0
0
0
0
0
0
0
0
0
0
0
0
0
0
0
0
0
0
0
0
0
0
0
0
0
0
0
0
0
0
0
0
0
0
0
0
0
0
0
0
0
0
0
0
0
0
0
0
0
0
0
0
0
0
0
0
0
0
0
0
0
0
0
0
0
0
0
0
0
0
0
0
0
0
0
0
0
0
0
0
0
0
0
0
0
0
0
0
0
0
0
0
0
0
0
0
0
0
0
0
0
0
0
0
0
0
0
0
0
0
0
0
0
0
0
0
0
0
0
0
0
0
0
0
0
0
0
0
0
0
0
0
0
0
0
0
0
0
0
0
0
0
0
0
0
0
0
0
0
0
0
0
0
0
0
0
0
0
0
0
0
0
0
0
0
0
0
0
0
0
0
0
0
0
0
0
0
0
0
0
0
0
0
0
0
0
0
0
0
0
0
0
0
0
0
0
0
0
0
0
0
0
0
0
0
0
0
0
0
0
0
0
0
0
0
0
0
0
0
0
0
0
0
0
0
0
0
0
0
0
0
0
0
0
0
0
0
0
0
0
0
0
0
0
0
0
0
0
0
0
0
0
0
0
0
0
0
0
0
0
0
0
0
0
0
0
0
0
0
0
0
0
0
0
0
0
0
0
0
0
0
0
0
0
0
0
0
0
0
0
0
0
0
0
0
0
0
0
0
0
0
0
0
0
0
0
0
0
0
0
0
0
0
0
0
0
0
0
0
0
0
0
0
0
0
0
0
0
0
0
0
0
0
0
0
0
0
0
0
0
0
0
0
0
0
0
0
0
0
0
0
0
0
0
0
0
0
0
0
0
0
0
0
0
0
0
0
0
0
0
0
0
0
0
0
0
0
0
0
0
0
0
0
0
0
0
0
0
0
0
0
0
0
0
0
0
0
0
0
0
0
0
0
0
0
0
0
0
0
0
0
0
0
0
0
0
0
0
0
0
0
0
0
0
0
0
0
0
0
0
0
0
0
0
0
0
0
0
0
0
0
0
0
0
0
0
0
0
0
0
0
0
0
0
0
0
0
0
0
0
0
0
0
0
0
0
0
0
0
0
0
0
0
0
0
0
0
0
0
0
0
0
0
0
0
0
0
0
0
0
0
0
0
0
0
0
0
0
0
0
0
0
0
0
0
0
0
0
0
0
0
0
0
0
0
0
0
0
0
0
0
0
0
0
0
0
0
0
0
0
0
0
0
0
0
0
0
0
0
0
0
0
0
0
0
0
0
0
0
0
0
0
0
0
0
0
0
0
0
0
0
0
0
0
0
0
0
0
0
0
0
0
0
0
0
0
0
0
0
0
0
0
0
0
0
0
0
0
0
0
0
0
0
0
0
0
0
0
0
0
0
0
0
0
0
0
0
0
0
0
0
0
0
0
0
0
0
0
0
0
0
0
0
0
0
0
0
0
0
0
0
0
0
0
0
0
0
0
0
0
0
0
0
0
0
0
0
0
0
0
0
0
0
0
0
0
0
0
0
0
0
0
0
0
0
0
0
0
0
0
0
0
0
0
0
0
0
0
0
0
0
0
0
0
0
0
0
0
0
0
0
0
0
0
0
0
0
0
0
0
0
0
0
0
0
0
0
0
0
0
0
0
0
0
0
0
0
0
0
0
0
0
0
0
0
0
0
0
0
0
0
0
0
0
0
0
0
0
0
0
0
