0
0
0
0
0
0
0
0
0
0
0
0
0
0
0
0
0
0
0
0
0
0
0
0
0
0
0
0
0
0
0
0
0
0
0
0
0
0
0
0
0
0
0
0
0
0
0
0
0
0
0
0
0
0
0
0
0
0
0
0
0
0
0
0
0
0
0
0
0
0
0
0
0
0
0
0
0
0
0
0
0
0
0
0
0
0
0
0
0
0
0
0
0
0
0
0
0
0
0
0
0
0
0
0
0
0
0
0
0
0
0
0
0
0
0
0
0
0
0
0
0
0
0
0
0
0
0
0
0
0
0
0
0
0
0
0
0
0
0
0
0
0
0
0
0
0
0
0
0
0
0
0
0
0
0
0
0
0
0
0
0
0
0
0
0
0
0
0
0
0
0
0
0
0
0
0
0
0
0
0
0
0
0
0
0
0
0
0
0
0
0
0
0
0
0
0
0
0
0
0
0
0
0
0
0
0
0
0
0
0
0
0
0
0
0
0
0
0
0
0
0
0
0
0
0
0
0
0
0
0
0
0
0
0
0
0
0
0
0
0
0
0
0
0
0
0
0
0
0
0
0
0
0
0
0
0
0
0
0
0
0
0
0
0
0
0
0
0
0
0
0
0
0
0
0
0
0
0
0
0
0
0
0
0
0
0
0
0
0
0
0
0
0
0
0
0
0
0
0
0
0
0
0
0
0
0
0
0
0
0
0
0
0
0
0
0
0
0
0
0
0
0
0
0
0
0
0
0
0
0
0
0
0
0
0
0
0
0
0
0
0
0
0
0
0
0
0
0
0
0
0
0
0
0
0
0
0
0
0
0
0
0
0
0
0
0
0
0
0
0
0
0
0
0
0
0
0
0
0
0
0
0
0
0
0
0
0
0
0
0
0
0
0
0
0
0
0
0
0
0
0
0
0
0
0
0
0
0
0
0
0
0
0
0
0
0
0
0
0
0
0
0
0
0
0
0
0
0
0
0
0
0
0
0
0
0
0
0
0
0
0
0
0
0
0
0
0
0
0
0
0
0
0
0
0
0
0
0
0
0
0
0
0
0
0
0
0
0
0
0
0
0
0
0
0
0
0
0
0
0
0
0
0
0
0
0
0
0
0
0
0
0
0
0
0
0
0
0
0
0
0
0
0
0
0
0
0
0
0
0
0
0
0
0
0
0
0
0
0
0
0
0
0
0
0
0
0
0
0
0
0
0
0
0
0
0
0
0
0
0
0
0
0
0
0
0
0
0
0
0
0
0
0
0
0
0
0
0
0
0
0
0
0
0
0
0
0
0
0
0
0
0
0
0
0
0
0
0
0
0
0
0
0
0
0
0
0
0
0
0
0
0
0
0
0
0
0
0
0
0
0
0
0
0
0
0
0
0
0
0
0
0
0
0
0
0
0
0
0
0
0
0
0
0
0
0
0
0
0
0
0
0
0
0
0
0
0
0
0
0
0
0
0
0
0
0
0
0
0
0
0
0
0
0
0
0
0
0
0
0
0
0
0
0
0
0
0
0
0
0
0
0
0
0
0
0
0
0
0
0
0
0
0
0
0
0
0
0
0
0
0
0
0
0
0
0
0
0
0
0
0
0
0
0
0
0
0
0
0
0
0
0
0
0
0
0
0
0
0
0
0
0
0
0
0
0
0
0
0
0
0
0
0
0
0
0
0
0
0
0
0
0
0
0
0
0
0
0
0
0
0
0
0
0
0
0
0
0
0
0
0
0
0
0
0
0
0
0
0
0
0
0
0
0
0
0
0
0
0
0
0
0
0
0
0
0
0
0
0
0
0
0
0
0
0
0
0
0
0
0
0
0
0
0
0
0
0
0
0
0
0
0
0
0
0
0
0
0
0
0
0
0
0
0
0
0
0
0
0
0
0
0
0
0
0
0
0
0
0
0
0
0
0
0
0
0
0
0
0
0
0
0
0
0
0
0
0
0
0
0
0
0
0
0
0
0
0
0
0
0
0
0
0
0
0
0
0
0
0
0
0
0
0
0
0
0
0
0
0
0
0
0
0
0
0
0
0
0
0
0
0
0
0
0
0
0
0
0
0
0
0
0
0
0
0
0
0
0
0
0
0
0
0
0
0
0
0
0
0
0
0
0
0
0
0
0
0
0
0
0
0
0
0
0
0
0
0
0
0
0
0
0
0
0
0
0
0
0
0
0
0
0
0
0
0
0
0
0
0
0
0
0
0
0
0
0
0
0
0
0
0
0
0
0
0
0
0
0
0
0
0
0
0
0
0
0
0
0
0
0
0
0
0
0
0
0
0
0
0
0
0
0
0
0
0
0
0
0
0
0
0
0
0
0
0
0
0
0
0
0
0
0
0
0
0
0
0
0
0
0
0
0
0
0
0
0
0
0
0
0
0
0
0
0
0
0
0
0
0
0
0
0
0
0
0
0
0
0
0
0
0
0
0
0
0
0
0
0
0
0
0
0
0
0
0
0
0
0
0
0
0
0
0
0
0
0
0
0
0
0
0
0
0
0
0
0
0
0
0
0
0
0
0
0
0
0
0
0
0
0
0
0
0
0
0
0
0
0
0
0
0
0
0
0
0
0
0
0
0
0
0
0
0
0
0
0
0
0
0
0
0
0
0
0
0
0
0
0
0
0
0
0
0
0
0
0
0
0
0
0
0
0
0
0
0
0
0
0
0
0
0
0
0
0
0
0
0
0
0
0
0
0
0
0
0
0
0
0
0
0
0
0
0
0
0
0
0
0
0
0
0
0
0
0
0
0
0
0
0
0
0
0
0
0
0
0
0
0
0
0
0
0
0
0
0
0
0
0
0
0
0
0
0
0
0
0
0
0
0
0
0
0
0
0
0
0
0
0
0
0
0
0
0
0
0
0
0
0
0
0
0
0
0
0
0
0
0
0
0
0
0
0
0
0
0
0
0
0
0
0
0
0
0
0
0
0
0
0
0
0
0
0
0
0
0
0
0
0
0
0
0
0
0
0
0
0
0
0
0
0
0
0
0
0
0
0
0
0
0
0
0
0
0
0
0
0
0
0
0
0
0
0
0
0
0
0
0
0
0
0
0
0
0
0
0
0
0
0
0
0
0
0
0
0
0
0
0
0
0
0
0
0
0
0
0
0
0
0
0
0
0
0
0
0
0
0
0
0
0
0
0
0
0
0
0
0
0
0
0
0
0
0
0
0
0
0
0
0
0
0
0
0
0
0
0
0
0
0
0
0
0
0
0
0
0
0
0
0
0
0
0
0
0
0
0
0
0
0
0
0
0
0
0
0
0
0
0
0
0
0
0
0
0
0
0
0
0
0
0
0
0
0
0
0
0
0
0
0
0
0
0
0
0
0
0
0
0
0
0
0
0
0
0
0
0
0
0
0
0
0
0
0
0
0
0
0
0
0
0
0
0
0
0
0
0
0
0
0
0
0
0
0
0
0
0
0
0
0
0
0
0
0
0
0
0
0
0
0
0
0
0
0
0
0
0
0
0
0
0
0
0
0
0
0
0
0
0
0
0
0
0
0
0
0
0
0
0
0
0
0
0
0
0
0
0
0
0
0
0
0
0
0
0
0
0
0
0
0
0
0
0
0
0
0
0
0
0
0
0
0
0
0
0
0
0
0
0
0
0
0
0
0
0
0
0
0
0
0
0
0
0
0
0
0
0
0
0
0
0
0
0
0
0
0
0
0
0
0
0
0
0
0
0
0
0
0
0
0
0
0
0
0
0
0
0
0
0
0
0
0
0
0
0
0
0
0
0
0
0
0
0
0
0
0
0
0
0
0
0
0
0
0
0
0
0
0
0
0
0
0
0
0
0
0
0
0
0
0
0
0
0
0
0
0
0
0
0
0
0
0
0
0
0
0
0
0
0
0
0
0
0
0
0
0
0
0
0
0
0
0
0
0
0
0
0
0
0
0
0
0
0
0
0
0
0
0
0
0
0
0
0
0
0
0
0
0
0
0
0
0
0
0
0
0
0
0
0
0
0
0
0
0
0
0
0
0
0
0
0
0
0
0
0
0
0
0
0
0
0
0
0
0
0
0
0
0
0
0
0
0
0
0
0
0
0
0
0
0
0
0
0
0
0
0
0
0
0
0
0
0
0
0
0
0
0
0
0
0
0
0
0
0
0
0
0
0
0
0
0
0
0
0
0
0
0
0
0
0
0
0
0
0
0
0
0
0
0
0
0
0
0
0
0
0
0
0
0
0
0
0
0
0
0
0
0
0
0
0
0
0
0
0
0
0
0
0
0
0
0
0
0
0
0
0
0
0
0
0
0
0
0
0
0
0
0
0
0
0
0
0
0
0
0
0
0
0
0
0
0
0
0
0
0
0
0
0
0
0
0
0
0
0
0
0
0
0
0
0
0
0
0
0
0
0
0
0
0
0
0
0
0
0
0
0
0
0
0
0
0
0
0
0
0
0
0
0
0
0
0
0
0
0
0
0
0
0
0
0
0
0
0
0
0
0
0
0
0
0
0
0
0
0
0
0
0
0
0
0
0
0
0
0
0
0
0
0
0
0
0
0
-1.01037
0.464925
0.186769
-0.0155759
-1.26187
0.203196
-0.552233
0.772182
0.279298
-0.527186
0.032711
-0.868474
-0.657906
0.00123837
0.215629
-0.0716158
-0.483639
0.33062
0.00122213
-0.639758
-1.79357
0.349602
0.599563
-0.630474
0.0952736
0.369516
-1.42492
0.109479
0.0965498
0.0607051
-0.498985
0.234571
-0.131113
-1.46011
0.586994
0.402758
0.335795
-0.131706
-0.716027
-0.308888
0.0623651
-1.08868
-0.112565
0.266145
0.103804
0.0456199
0.271766
-1.1047
-1.08317
0.313093
-0.918665
-0.383166
0.245304
-0.794241
-0.846798
0.550897
-0.504405
-0.891915
0.0249586
-0.259517
0.133945
0.624565
-0.0069642
-0.848199
0.167521
-0.0546277
0.675517
0.389335
-1.00196
-0.165802
-0.886308
-0.673562
-0.0133475
0.364482
0.222038
0.135726
-2.61657
-0.346538
-0.195356
0.267803
-0.445941
-0.34013
-0.014729
-0.791166
0.342028
-0.350562
-0.405371
-0.570481
0.277811
0.188915
-1.16498
0.0430362
0.143492
-0.253297
-0.190317
0.701009
0.141299
-0.584251
-0.668555
0.559563
-0.61828
-0.72281
-1.30957
0.251849
-0.510088
-1.02701
-1.44057
-2.06498
-0.782733
0.305259
-0.076705
-0.473333
0.203195
0.118658
-0.352584
0.136734
0.101315
-0.753776
-0.581856
0.411532
0.158782
0.276067
-0.194116
-0.107045
-0.555593
0.10024
0.505108
-0.286317
0.738451
-0.51784
-0.215157
0.0917237
-0.803808
-0.376795
-0.939032
-0.257416
-1.05963
-0.0931286
0.597679
-0.903521
-0.0193877
-2.05265
0.035619
-0.246055
-0.314735
-1.1364
0.141181
-0.319835
0.333997
-0.938711
0.210083
0.473866
0.44789
-0.286057
-0.0879892
-1.2689
-0.282323
0.191821
-0.751543
0.369056
0.268467
0.260853
0.0906511
-1.2586
0.279341
-0.316634
-1.4077
-1.54753
0.316457
-0.344512
-0.84455
0.133624
0.263073
0.504463
0.591295
-0.0333723
0.273348
0.280304
-0.932181
-0.369832
-0.0775887
0.519236
0.562498
0.0790351
-0.652922
0.558783
0.200742
-0.096191
0.293774
-0.834852
0.334775
-0.0283035
-1.00176
0.156437
0.681139
0.461548
-0.404394
-0.605777
0.0670473
0.420351
-1.15006
0.022296
0.615172
0.408872
-0.600097
0.177797
0.0967384
-0.878953
-1.16845
-2.19285
-0.809945
-0.22656
-0.717687
-1.13224
-0.201647
-0.797458
-1.06585
-0.327262
-0.0764299
-0.414329
-0.68645
0.479139
-1.37056
-0.527546
-0.348701
-0.363352
-0.173082
-0.197138
-0.642179
0.689623
-1.22415
-0.888342
0.82996
-0.654287
0.369976
0.265432
-0.171502
-0.756491
-0.511868
-0.681055
-1.09191
-0.488233
-0.134582
0.306078
-0.109875
0.119646
-0.503041
-0.193987
-0.418133
-0.479645
0.263413
-0.430055
0.567033
0.578575
-0.231645
-2.40878
-0.312683
0.0205402
-1.44188
-1.06371
-1.14854
-0.79774
0.0378071
0.679986
-1.40962
-0.872726
-1.78007
0.41891
0.0761804
-0.495652
-0.110547
0.115353
0.185634
0.424473
0.0137756
-2.29312
-0.286447
-0.339461
0.0636602
-0.0268907
-0.290304
-0.0924754
0.326448
0.0604173
-0.475713
-0.271047
-0.221973
-1.44808
-0.155395
-0.794025
0.189284
0.62462
-0.832182
0.0354574
-0.72329
0.359037
0.532207
-1.9595
-2.5836
0.135905
-0.909526
-0.413925
-0.100038
0.0020446
-1.6833
0.129366
-0.729829
-0.281714
0.61967
-1.27229
-0.830223
-0.944823
0.842166
-1.66504
-1.24938
0.0789995
-0.435383
-1.81455
0.477974
-0.731131
0.425396
0.0594763
0.459526
0.00643786
0.681828
-0.470144
0.243578
-1.61034
0.329928
-0.0746922
-1.67374
0.0132917
0.536755
-0.581706
-0.0337166
-0.349573
-0.0572836
0.27071
-0.981379
-3.20299
-3.22916
-0.57198
0.673733
0.145798
-0.776243
-0.453295
0.288818
-0.644757
-0.293511
0.417632
-1.25394
0.341612
0.142702
-0.0984765
0.198874
0.300559
-1.00462
0.196935
-0.795294
-0.463283
-1.0976
0.192142
-1.24416
0.409269
-1.30442
-0.350172
0.058473
0.317292
-1.55502
-0.18007
-0.176244
-0.904837
0.410783
-0.217708
0.5219
-2.3733
0.714515
-0.540446
0.225015
-1.74413
0.53055
-0.847573
-1.47121
-0.422104
0.229376
-0.315168
-0.0133917
-0.802032
0.295028
-0.980003
-0.474118
-1.09883
0.426516
0.830969
-0.651402
-0.0572759
0.289917
-1.54695
-0.121615
0.402106
-1.12491
-0.4301
-1.99117
0.561573
-1.24555
0.521546
-1.26349
-0.858252
-1.22654
-1.31453
-0.0028657
-0.64256
-0.498154
-0.326593
-0.179346
0.937957
-0.559742
-0.321408
0.612504
-0.493904
-0.500477
-0.58342
-1.21789
-2.05802
-1.3375
-0.658837
0.502443
0.0576194
0.270461
-0.582387
-0.836441
-0.741924
-0.558957
-1.0159
-0.889489
0.426706
0.0317787
-0.24885
-1.52757
-0.974324
0.504168
0.459892
-0.179095
-0.603146
0.369478
-1.69876
0.0530751
-1.14825
0.0100591
-0.970368
0.0576927
0.0786601
0.605354
0.553633
-1.97169
0.33185
0.0418464
-0.837994
-0.209415
-0.212682
-0.121323
0.556466
0.300559
-0.197671
-0.814792
0.3081
-0.455415
-0.411658
-0.90615
-0.317857
-0.0521376
0.207004
-0.862031
-0.21202
-0.813141
0.80652
-1.74443
-0.893282
0.511952
0.0871429
-1.09596
0.277524
-0.129052
-0.272169
-0.121605
-0.811575
0.255171
0.308757
0.393874
-0.921233
-0.364278
-0.554863
0.541154
-0.128644
0.269198
-0.223694
-0.490233
0.359898
-0.375423
0.0122091
-1.20094
-2.05694
-1.47349
0.122525
-0.521968
-0.925163
-0.21462
-0.553765
-1.20256
0.303558
-0.0980823
0.264883
-0.204709
0.0165267
-0.196915
-0.181983
-0.200331
0.39274
-1.00809
-0.353441
0.38022
-2.36113
-1.32998
-0.140656
-0.369614
0.448955
-1.54091
0.289107
-0.0660657
3.30697e-06
0.459323
-0.340158
0.249352
0.258207
-0.103523
-0.284527
0.310903
0.072747
-1.24651
-0.165186
-0.602155
-1.57431
0.11707
-0.685391
0.227057
0.571615
0.0675185
-1.19023
0.409842
-0.791981
-1.4101
-1.38824
-0.484261
0.0161892
0.21281
0.229248
0.164675
0.137428
-1.86291
-1.09448
-0.277381
0.387831
-1.91474
-1.74196
0.395985
-0.472126
-0.0494199
-0.769988
-0.374089
0.400616
-1.37459
-2.62939
-0.195197
0.296261
-1.14572
0.308067
-0.767564
-1.10024
0.163571
-0.0062375
0.0544419
-0.0680467
-0.849196
-0.754391
-1.49267
-1.30726
-0.587337
0.267149
0.381967
-0.793358
-0.772351
-1.08342
-0.0974831
0.247616
0.411227
-0.1959
-0.674698
-0.43318
-0.262523
-0.121031
-1.39679
0.190094
-0.938341
0.353777
-1.32031
-0.156801
-2.10472
0.352342
-0.457711
-2.04538
0.328161
0.234483
0.493274
-2.30565
0.453751
0.340045
-0.452533
0.0154359
-0.261867
-0.611662
-0.147173
-0.839009
-0.620373
-1.60052
0.0194127
-1.18324
-1.08115
0.567716
-1.38781
-0.304924
0.101539
-1.11725
-0.537544
-1.02594
-1.66586
0.486315
-0.0942226
-0.398169
0.0696448
0.0756744
0.196934
-0.0112014
0.160548
-0.178392
-0.836388
-0.398588
-0.00518112
-0.38481
-0.716199
-0.492909
-1.67992
0.193261
-0.265406
-0.0593681
-0.440379
0.0109522
0.420508
-0.600854
-0.659018
-1.36382
0.331698
-1.09866
-0.400088
-0.705411
-0.929957
-0.344051
-1.2056
0.0302045
0.442729
0.299841
-0.374925
-0.338866
0.58656
-0.627412
0.301524
-0.228897
0.645334
0.522283
-1.00505
0.65549
0.66816
-1.95216
-0.990464
-1.79765
0.438578
-0.61715
-0.278994
0.504467
-0.790031
-0.27723
-0.319118
-0.965052
0.455604
-0.217015
0.463721
-2.49699
0.0605209
-1.00831
-0.131817
-0.34936
-1.87518
0.448679
0.58622
0.139707
-0.578055
0.347774
0.347347
0.0940682
-0.268387
0.0261127
-0.833899
-2.05944
-0.321696
-1.56766
0.271391
-1.10213
-1.29726
-0.0652005
0.321051
-0.737171
0.201008
0.0425468
-0.920491
0.360134
-0.25932
-0.466001
-0.25332
-0.876254
-0.118316
-0.132254
0.554635
-1.48713
-0.465629
-0.879911
-0.814569
-0.398615
0.102987
-0.422728
0.200484
0.12239
-0.599231
-0.205119
0.182186
-1.4357
0.706231
-0.455609
-0.182726
-0.545362
-1.8493
-1.78613
-0.310014
-1.30044
-0.751286
0.126027
-0.115812
0.424423
0.471941
0.113281
0.157187
-0.594792
0.134537
0.0338612
0.101325
-1.34658
-0.90657
0.381833
-0.168485
-0.089142
-0.780626
0.467486
-0.172874
-1.64618
0.495167
-0.0895269
0.380114
-0.108942
0.000607889
-0.166942
0.196486
0.146363
-0.949132
-0.361177
-0.478102
0.433699
0.554996
-1.60889
-1.14033
0.234436
0.622183
-0.381286
0.311547
-0.671669
0.0927474
0.383322
0.165923
-0.483554
-0.704789
-1.86644
-1.50156
-0.650884
-0.372489
0.585858
0.302726
0.233111
-0.255566
-0.522425
0.180473
-1.17806
-1.35022
0.205687
0.200758
-1.71219
0.397643
-0.211967
-0.828017
-0.821099
-0.749774
0.0240137
0.525495
-0.0435922
0.095791
-0.0544411
-1.55299
-1.84948
0.186148
0.244567
0.311055
-1.56769
-0.87051
-0.28869
-1.0831
-0.737219
-0.776925
-0.193685
-1.18558
0.0879563
0.305322
-0.731877
0.49779
0.404773
0.448413
-0.300838
0.166551
-0.91159
0.402831
0.541733
0.418973
-0.616508
-0.349006
-0.898593
-0.168305
-0.831807
-1.32542
-1.65861
0.191827
-0.0720088
-0.932585
-1.58994
0.206569
0.0772272
-1.22469
-1.28358
0.516349
-0.538104
0.574469
-0.75595
-1.417
-0.240703
-1.05645
0.0173097
0.040555
-0.951357
0.400316
-0.622681
-0.00950372
-1.1426
-0.791896
-0.863578
-0.3906
-2.35568
0.725272
-0.683029
0.29586
-0.699469
-0.280305
-1.46475
-0.207819
0.110969
0.110088
-1.09825
-0.185598
0.202934
-0.118438
-0.943852
0.225473
-0.238008
-0.626198
-1.27614
-1.21368
-0.37187
-1.43507
-1.23674
0.510191
-1.38503
0.640049
0.0395648
-0.213204
-1.06781
-1.5514
-0.639811
-0.346164
0.593081
0.515823
-1.16513
-1.34984
-0.123903
-0.266276
-0.0604236
-0.265526
-0.319764
0.291752
0.374422
-1.13026
-0.152379
0.0549173
-0.644587
-1.09505
-1.84973
0.241752
-0.463051
-0.0324729
-0.429436
0.461492
0.606881
0.466347
-0.730528
0.0963832
-0.498985
0.665218
0.434815
-0.557833
0.289697
-0.580142
-1.72774
-0.0907809
0.422033
-0.0341821
0.165786
-0.203507
-0.00496092
0.316433
0.737597
-0.634096
0.127074
-1.03083
-0.0386401
-0.233515
-0.0660066
-0.649435
-0.0149662
0.0216817
0.160682
-0.464296
-0.48021
0.364429
-1.49022
0.0645153
-0.101474
-0.251771
0.378435
0.114409
-1.02104
-0.092889
0.551465
0.512267
-0.402297
-0.521116
-0.453627
-0.412403
-0.00944255
-0.604457
0.341135
-1.79885
-1.40154
0.0602639
-1.60664
0.219265
0.0975327
0.382594
0.312867
-0.299936
-0.0630429
-0.10238
-0.516636
-0.31033
0.0747787
0.490144
-0.548643
-1.07692
-2.47586
0.560148
0.469695
-0.59434
-0.747055
-0.233924
-0.151047
-1.14777
-0.339095
-0.420961
0.0981463
-0.591423
-0.142282
-0.35236
0.0062592
-1.19926
-1.01744
-0.0226966
-0.167467
0.00683362
0.298753
-0.174664
0.0668483
0.552958
0.371386
-0.0318054
0.564424
-0.597912
-0.858478
0.240241
-0.102135
0.522306
0.274502
-0.849524
-0.684335
-0.421254
-0.532725
-0.548016
0.0786917
0.43108
-0.918374
0.397715
0.135953
-0.170104
-0.492903
0.419052
-0.983754
0.00347673
0.10253
-0.293283
0.0144233
-0.544244
0.0339389
-0.157211
0.208115
0.0495321
-0.312341
-1.02749
-0.211327
-1.91404
0.252967
0.295969
-1.19492
-0.18948
-0.00659226
-0.123198
0.308183
-1.67053
0.293674
-0.316907
-0.632863
-0.467875
-0.0289766
-0.790026
0.564318
-0.28682
-0.064712
0.55901
0.296217
-0.126194
-0.0114772
0.164864
-0.95958
-0.511905
-1.24105
-0.321562
-0.641118
0.153619
0.571254
0.430316
-0.622447
-0.161262
-0.410395
0.241521
-0.734092
-0.165811
-0.00946822
-0.144611
0.282105
0.146054
-1.37045
-0.747441
-0.00686493
0.501724
-0.913572
0.311968
0.0159732
0.189095
0.272202
-0.636358
0.355196
-1.89165
0.518308
-0.209006
-0.606664
-1.24805
-0.0559596
-0.8369
-1.17499
-0.834194
0.375235
0.0570066
-0.86113
-0.633917
-0.0242474
-1.80565
-0.585839
0.619514
0.39207
-0.565383
-1.26863
0.440563
-0.403479
-0.822691
-0.464684
0.000333419
0.135839
-1.60466
0.257589
-0.0890705
-0.619573
-0.422929
0.22082
-0.228886
0.234869
-1.59035
0.415824
0.276973
0.0498081
0.59697
-1.96467
-0.453133
-0.775842
0.0396475
-0.294431
0.291106
-0.695768
-0.143767
-1.04492
0.296708
0.298361
0.248226
-0.284693
-0.217877
-0.461472
0.294754
-0.877067
0.247995
0.475407
0.506641
0.360476
0.311307
0.666886
-1.32675
-0.217245
0.0632703
-1.33106
-0.328735
-0.211918
-0.108571
0.18232
0.041748
0.0165106
-0.0733245
-0.280873
0.0496073
-0.270387
-0.25968
-0.365611
-0.612854
-0.643365
0.157168
-0.444155
-0.925824
-0.0205551
0.358843
0.241668
-0.294777
-0.280894
0.285281
-0.299308
-0.784243
0.286835
-0.934094
-0.109729
-0.747826
-1.59971
-1.19313
-0.281853
-0.328455
-0.0767168
0.571577
0.245052
0.0819211
-0.0125694
-0.616882
-0.58115
-0.0634594
0.012486
0.0206278
-0.425879
0.116943
-1.25934
-1.69525
-0.638634
-0.162088
-0.654665
-0.837214
-1.31783
0.387364
0.272861
-1.03121
-0.609448
-0.0875301
-0.985161
-1.22745
-0.243479
-0.959326
0.218358
0.282974
-0.947237
-0.470707
0.397405
0.354108
0.546653
0.708501
-2.50043
-0.484292
-0.0111833
-1.60698
0.00212852
-1.77737
-0.330236
-0.140915
-1.03692
0.311978
0.245447
0.590207
-0.152151
-0.448978
0.208459
0.385035
-0.594901
-0.987619
-2.25924
-0.0991647
-0.192177
-0.940985
-0.144353
0.241378
-0.0417146
-0.312644
-0.188928
0.180115
0.353626
-0.0165263
-1.42437
0.339455
-0.38452
0.3702
0.367869
-0.129924
-0.49304
0.232301
0.489096
-0.572829
-0.999858
-0.478235
-1.35654
0.0875523
0.415734
-0.44929
0.754401
0.171506
-0.427115
0.147913
-0.0758065
-0.373934
-0.69784
0.217984
0.20953
-1.07052
-0.336602
-0.289025
0.0150849
0.662658
-0.163498
0.246028
-0.565607
-2.169
-0.376061
0.514078
-0.0572373
-1.19022
-0.183523
-0.201684
0.0474187
-0.155334
-0.944309
-0.464083
0.430249
-0.436212
-0.762893
0.17749
-0.616844
-1.1592
-0.425852
-0.0435566
-0.00659924
-0.530256
0.243641
-0.948449
-0.0499849
-0.324823
0.25188
0.0361785
-0.232114
-0.0442376
0.189615
0.420534
-0.672828
0.124986
-3.44139
0.424265
-0.0393722
-2.13067
0.109061
0.664959
0.390438
-0.14026
0.3933
0.449208
-0.0176993
-0.966042
-0.043591
0.0679707
-0.159321
-1.50515
-1.97357
0.172361
0.269154
0.267425
-0.721375
-0.0973128
-0.188222
0.365195
-0.505206
-0.193527
-0.233083
-0.239442
-0.951814
0.264914
0.230587
0.28614
-0.402914
-1.67399
0.430748
-0.337118
0.385951
-0.137316
0.0666012
0.520312
-0.00324234
0.213438
0.0360662
0.286265
-1.50856
-0.434772
-1.267
-0.192304
-0.47525
0.362384
-0.260062
-0.171817
-0.078167
-0.912793
0.0773124
0.124278
-0.265652
0.12285
-0.700273
-0.207011
-0.852366
-0.274965
0.319589
-0.609326
0.407439
0.0742427
-0.501706
-0.56118
-0.0097983
0.18544
-0.122026
-0.255311
0.161338
-0.979656
-0.692327
-0.295389
0.16263
0.468693
-0.00500482
0.107019
-0.216504
0.352378
-0.265787
-1.14599
0.204997
-0.382705
-0.639823
0.172847
-0.215286
0.57088
0.438404
0.442899
0.259468
-1.52565
0.118228
-1.039
-0.588927
-0.398029
-0.732756
-0.785755
-0.0521451
-0.660617
-1.39041
0.0380625
-0.313092
-2.06334
-0.50491
-0.490192
-0.771699
0.511739
-0.661334
0.207402
0.150355
-1.08669
-0.674402
0.429495
0.443557
0.157598
0.209922
-0.412703
-1.45593
0.194889
0.261551
-0.0510374
-1.54511
-0.122345
-0.281335
0.261429
0.435352
0.0933419
0.52899
-0.165246
-0.662591
-0.409421
0.411347
0.241467
-2.67581
-0.647662
0.49201
-0.448526
-0.0262254
-0.0436795
-0.164491
0.485822
-0.140344
-0.0730015
-0.067884
0.191773
-1.06502
0.381058
0.612626
0.435872
0.459055
-1.29359
-1.53092
-0.465236
0.334983
0.0782519
-0.54741
0.267358
0.28828
0.0964208
0.420895
-0.0663471
-0.0766152
0.599705
-1.51804
-0.367965
0.0547084
-0.966002
-0.58037
-0.973958
-1.01852
-0.281298
0.308413
-1.05242
-0.508315
-0.423436
-0.000968681
-0.575651
0.622027
-0.0480347
0.328088
-1.96472
-0.833785
0.21769
-0.990045
-0.670822
-0.231611
0.0873026
-0.640422
0.484007
0.0586489
0.0313337
0.069462
-0.74129
-1.35943
0.0113376
0.107673
0.271267
-0.433733
-0.755983
0.261224
-0.508356
-0.627124
-0.494371
-0.379109
0.33017
-1.12385
-0.914846
-0.881939
0.0913794
-0.572526
-0.538011
0.260827
0.00528031
0.467095
-0.925895
-0.654047
-0.102692
-1.5049
-0.061661
0.0615063
-0.0502418
-0.448885
0.283942
-0.703411
0.181484
-0.51475
0.0820231
-0.235183
0.460014
-0.851569
-0.229669
-0.438132
0.0443139
-0.597999
-0.146045
-0.809872
0.0267487
0.548657
0.0822593
-0.452433
0.519308
-0.826748
-0.311251
-0.839459
0.133288
-0.593615
0.173766
0.00994245
0.304664
-0.914118
0.787121
-0.0727237
-0.0467615
-0.0406903
-0.829682
-0.561569
-1.0153
-0.363914
-0.661058
0.290047
0.447997
0.266678
0.194283
-1.24059
-0.401529
-0.393491
-1.29127
0.147688
-1.07215
0.219105
0.332389
-0.473356
0.00316713
-0.761549
-0.00546741
-0.955291
-0.14827
-0.0250022
-0.316894
-1.69445
-0.676361
-1.2319
-0.233018
0.251179
-0.937994
0.271189
0.2303
-0.090171
0.502514
-0.35943
-0.156531
-0.26115
-1.63613
-0.143227
0.174543
0.102544
0.273102
0.0540711
0.0821262
-0.542831
0.447458
-0.541001
-0.588317
0.398701
-0.276579
-0.821274
-0.800734
0.623242
-0.18876
-0.0264528
0.0586502
0.189558
0.303542
0.571956
-0.703985
0.119895
0.538671
0.585714
-1.8137
-1.0113
0.264366
-0.498224
-0.3349
-0.753826
0.0355504
-0.39832
-1.12495
0.272362
0.239286
0.350752
-0.0481362
0.423121
0.0704824
-0.0431508
-0.00766257
-0.862555
-0.641065
-0.634984
-0.540663
0.0478724
0.0842651
0.207958
-0.878513
-1.02024
-0.361029
-1.01045
-0.480649
0.201572
-0.352415
-0.581525
-0.00471565
0.0265283
-0.889978
0.301065
0.806797
-0.61149
-1.38458
0.321565
-0.0547017
0.3879
-1.01212
0.354972
-1.02267
-0.442477
0.378513
0.0893852
0.0559722
-0.379223
-0.992352
0.00434275
-0.98247
0.228408
-0.392854
0.363551
-0.427739
-0.116493
0.0851975
-1.58014
-0.44483
0.492356
-1.16329
-0.426915
0.344426
-0.142102
0.0397832
-1.5709
-0.207489
0.181016
0.0381046
-0.0907852
-0.357448
-0.753748
-0.739331
-0.860671
0.050735
0.52061
-0.84389
-0.965806
0.544044
0.477081
0.104521
0.483791
-0.741226
-1.49186
0.0319415
0.521087
0.31907
-0.146646
-1.32418
-0.304235
-0.555498
-0.365553
-0.646132
-0.675305
0.0355484
-0.567262
-1.07799
0.0833349
0.799695
0.0973384
0.273863
-0.653991
-0.212131
-0.352687
0.129134
-0.204837
-0.49861
-1.39704
0.052062
-0.721105
-0.382388
0.029737
0.195578
-0.204451
-0.159073
-0.0298206
-0.529031
0.202309
-1.20267
-1.30883
-0.0441312
0.418307
-0.0638834
-0.45204
0.283995
-0.142284
-0.028161
-0.481139
0.180636
-0.472736
0.640614
-0.385139
0.479239
0.0117416
-0.00464651
-0.364846
0.106949
-0.86383
-0.490457
-0.439434
-0.316715
0.749132
-1.38051
-0.63058
0.183272
-0.316594
0.397183
0.291607
0.301834
-0.865796
-0.571548
0.254819
-0.410118
0.259803
-0.665698
0.191788
-0.334734
0.549733
-1.5406
0.11669
-2.21649
0.0808922
-0.950011
-0.907634
-0.172971
-0.856466
-0.523987
0.0224368
-0.55593
0.137291
-0.3221
0.404317
0.439431
-0.588183
-0.629842
-0.117358
-0.261635
0.223626
-0.71492
0.656151
0.36091
0.468257
0.3258
0.0350028
-0.0069002
0.174192
-1.18944
0.184774
0.0148635
-1.41005
0.621914
-0.428793
-0.724784
-0.847186
0.323839
0.354081
0.375729
0.37219
-0.28194
0.334679
-0.110456
0.138262
0.227415
-0.144086
0.324489
0.0157553
-0.0280077
0.232842
-1.35206
0.411647
0.258218
-0.588842
0.469063
-1.18411
-0.310194
-0.894917
0.279737
-0.264146
0.444391
0.0554076
-0.492726
-0.257607
0.394046
0.711074
0.0486845
-0.138534
0.352866
0.696622
-1.2925
0.308421
-0.678557
-0.516974
-0.0760467
-0.970268
-0.767163
-2.31547
-0.0558739
-0.581194
-0.889451
0.120353
-0.15844
0.396984
-0.0664864
0.252723
-0.397093
0.1699
0.440384
0.115023
0.161625
-0.214518
-0.452516
-0.0409303
0.35793
-0.652725
0.392309
0.0422656
-0.619711
-1.22607
0.0583426
0.472057
-0.109384
0.416503
-0.128355
0.506882
-1.82045
0.457038
0.232783
-2.56516
-0.508057
0.284894
0.355352
-0.986948
-1.56707
0.374182
0.00827866
-1.23337
0.189569
0.461258
-0.199954
0.215746
0.154317
-0.53604
-0.107678
-0.330459
-1.32876
0.492408
-1.33925
-0.146115
-1.05888
-0.722432
-0.896319
-1.59895
0.366611
0.120459
-0.556224
0.0994607
-0.729844
-0.485697
-0.304479
0.0474648
-0.120919
0.731127
0.582843
-1.3484
-0.171348
0.714972
-0.630404
-0.393483
-1.67652
0.292743
-1.11606
0.310372
-0.700454
-0.0378132
-0.408518
-1.15095
0.207345
0.0733776
-0.281829
0.0976944
-0.781223
-2.69602
0.307452
0.335067
-0.752639
-0.320472
-1.00071
-0.0203927
0.03533
0.593994
0.292341
-0.65154
-0.263892
-1.42576
0.536371
-0.966135
