1.03008
1.024
1.03406
1.12994
1.106
1.41752
1.024
1.02613
1.02571
1.21458
1.03542
1.11861
1.03769
1.11594
1.03508
1.03687
1.03163
1.02968
1.37634
1.024
1.06201
1.02498
1.024
1.06824
1.02698
1.024
1.02498
1.02632
1.1487
1.03843
1.02498
1.02538
1.09642
1.024
1.06792
1.08981
1.04777
1.024
1.02591
1.12061
1.28997
1.024
1.02498
1.05133
1.45707
1.024
1.03703
1.14281
1.06432
1.04395
1.02498
1.024
1.02498
1.02498
1.024
1.15632
1.11696
1.03003
1.12146
1.0356
1.024
1.4513
1.54835
1.02498
1.03756
1.22375
1.22187
1.05366
1.02498
1.03085
1.02946
1.18887
1.11746
1.024
1.38713
1.05646
1.12167
1.03179
1.24807
1.05186
1.024
1.02946
1.05187
1.02881
1.05017
1.02597
1.2222
1.024
1.22068
1.024
1.024
1.10794
1.08518
1.16371
1.19288
1.04597
1.024
1.024
1.05938
1.02498
1.024
1.0436
1.27277
1.05187
1.02519
1.024
1.02915
1.02498
1.02947
1.024
1.0534
1.02498
1.03835
1.02735
1.09539
1.04811
1.06732
1.02498
1.02498
1.05964
1.05857
1.024
1.02665
1.03076
1.02498
1.02498
1.02498
1.02923
1.03481
1.024
1.02498
1.04387
1.21338
1.024
1.32397
1.18397
1.02498
1.024
1.024
1.02974
1.024
1.024
1.02526
1.19592
1.24442
1.23227
1.02498
1.0709
1.04396
1.10319
1.02787
1.02498
1.10777
1.04502
1.1451
1.07202
1.02498
1.11308
1.02498
1.23227
1.18787
1.39401
1.14096
1.024
1.02498
1.024
1.024
1.13553
1.02674
1.25361
1.14279
1.024
1.05412
1.024
1.02498
1.08244
1.024
1.0264
1.3228
1.03487
1.30128
1.024
1.15363
1.06924
1.03358
1.22343
1.03181
1.50099
1.02803
1.19432
1.0333
1.11031
1.12529
1.41774
1.13402
1.024
1.02498
1.07793
1.024
1.39858
1.05948
1.02498
1.03043
1.06908
1.07495
1.17566
1.12114
1.025
1.07997
1.11546
1.02498
1.24671
1.02498
1.15496
1.02498
1.10163
1.024
1.07361
1.1525
1.02906
1.024
1.04288
1.024
1.25353
1.07717
1.02798
1.02806
1.24044
1.02498
1.02974
1.36363
1.02498
1.11301
1.024
1.76238
1.20048
1.62937
1.024
1.024
1.19328
1.02665
1.02701
1.024
1.02539
1.02628
1.20404
1.03283
1.02829
1.08958
1.024
1.024
1.05237
1.16255
1.02498
1.18673
1.03426
1.02498
1.03883
1.02661
1.02498
1.02857
1.024
1.024
1.07274
1.06382
1.11253
1.02498
1.09827
1.21969
1.024
1.16024
1.02978
1.20021
1.15981
1.02889
1.024
1.17702
1.0407
1.05596
1.024
1.11165
1.024
1.024
1.02685
1.34431
1.23653
1.31815
1.02498
1.5561
1.03099
1.04052
1.024
1.024
1.02498
1.024
1.138
1.02962
1.19993
1.30351
1.3422
1.06096
1.20067
1.14068
1.024
1.02889
1.03046
1.024
1.07303
1.16096
1.06037
1.17534
1.02498
1.16553
1.02498
1.03108
1.03342
1.024
1.15551
1.024
2.06445
1.0473
1.03172
1.12217
1.03129
1.024
1.22471
1.05123
1.03439
1.02498
1.07564
1.05891
1.06138
1.03249
1.02498
1.024
1.0442
1.02498
1.024
1.1303
1.02562
1.44429
1.06929
1.0821
1.14505
1.024
1.02498
1.02498
1.02498
1.02498
1.024
1.62163
1.02498
1.04361
1.02804
1.02498
1.14329
1.02498
1.024
1.02498
1.024
1.18617
1.13584
1.0385
1.024
1.08549
1.024
1.024
1.09482
1.07015
1.024
1.15207
1.09798
1.10116
1.02793
1.024
1.04402
1.03811
1.49215
1.02498
1.04364
1.05375
1.04828
1.024
1.0447
1.18071
1.14851
1.12735
1.024
1.15706
1.18629
1.024
1.024
1.02517
1.024
1.024
1.024
1.10372
1.0365
1.03854
1.05322
1.07796
1.35111
1.11122
1.21728
1.02743
1.02498
1.04102
1.03203
1.17724
1.024
1.024
1.06606
1.3861
1.03458
1.09604
1.02498
1.10746
1.16405
1.02923
1.05191
1.02498
1.024
1.17088
1.02502
1.024
1.07015
1.05377
1.02498
1.02531
1.13866
1.1401
1.0859
1.13163
1.024
1.11385
1.12164
1.024
1.03031
1.02504
1.024
1.26531
1.09267
1.03607
1.07569
1.2033
1.15358
1.08187
1.03255
1.024
1.02498
1.74461
1.02498
1.02498
1.04125
1.10387
1.27282
1.26389
1.16196
1.42992
1.024
1.02498
1.09496
1.02978
1.41255
1.26515
1.08281
1.06795
1.10354
1.10751
1.15803
1.06548
1.05925
1.05534
1.03208
1.07978
1.02716
1.04745
1.02498
1.02615
1.2981
1.38597
1.0321
1.20749
1.024
1.024
1.024
1.02498
1.03517
1.04987
1.024
1.024
1.02498
1.024
1.024
1.13273
1.06121
1.03138
1.37096
1.36362
1.13189
1.02498
1.07083
1.02944
1.03278
1.02498
1.024
1.40944
1.22471
1.84023
1.08418
1.04733
1.20768
1.03201
1.09073
1.02498
1.23885
1.09994
1.024
1.03759
1.22618
1.15501
1.03905
1.03051
1.10815
1.19544
1.024
1.02784
1.024
1.02534
1.024
1.04468
1.13887
1.02498
1.19895
1.07113
1.05768
1.05525
1.03714
1.2937
1.024
1.0716
1.02686
1.02498
1.04879
1.03436
1.04308
1.16712
1.024
1.024
1.2967
1.42899
1.02498
1.02498
1.07278
1.02541
1.02498
1.024
1.10903
1.05093
1.024
1.024
1.02544
1.024
1.05661
1.07013
1.024
1.02749
1.02498
1.28619
1.024
1.02498
1.18473
1.28084
1.13984
1.024
1.03863
1.16792
1.024
1.024
1.02498
1.02498
1.33155
1.08076
1.02498
1.024
1.02886
1.024
1.14939
1.06796
1.05815
1.053
1.03082
1.024
1.10004
1.02498
1.024
1.09123
1.024
1.02498
1.14656
1.0556
1.02498
1.024
1.04757
1.04781
1.02498
1.024
1.024
1.024
1.024
1.02903
1.1848
1.36219
1.04597
1.02517
1.0263
1.05903
1.06039
1.024
1.08912
1.06376
1.086
1.04315
1.04957
1.18094
1.11028
1.03109
1.33808
1.21184
1.02498
1.12981
1.024
1.08436
1.024
1.19838
1.02498
1.02498
1.02696
1.27108
1.0407
1.024
1.18316
1.06787
1.18985
1.0324
1.024
1.05693
1.0458
1.03126
1.06581
1.024
1.07808
1.0517
1.19
1.04346
1.03237
1.20372
1.02498
1.02498
1.02498
1.15138
1.03022
1.14761
1.03017
1.024
1.024
1.06849
1.15452
1.3401
1.024
1.024
1.08531
1.024
1.024
1.09002
1.20994
1.02498
1.024
1.02498
1.07724
1.02498
1.024
1.10385
1.14742
1.03661
1.02588
1.03842
1.06615
1.024
1.02829
1.02498
1.024
1.02498
1.05029
1.024
1.1645
1.35117
1.024
1.25001
1.02677
1.12185
1.03392
1.02797
1.10528
1.34003
1.12723
1.16841
1.04327
1.02673
1.03722
1.10673
1.5111
1.27757
1.024
1.024
1.024
1.08723
1.02498
1.11558
1.24458
1.02807
1.19242
1.03232
1.024
1.24461
1.024
1.024
1.16758
1.024
1.08592
1.13086
1.02498
1.19536
1.024
1.16979
1.15729
1.024
1.24662
1.024
1.024
1.13629
1.02498
1.02522
1.14871
1.02498
1.024
1.11342
1.03872
1.03384
1.02916
1.02498
1.04374
1.24711
1.02498
1.02498
1.10315
1.03639
1.02498
1.02498
1.19623
1.25401
1.17473
1.024
1.06909
1.32383
1.02889
1.02498
1.20973
1.024
1.03672
1.08984
1.36725
1.18425
1.024
1.02675
1.04549
1.12734
1.02498
1.024
1.18767
1.40242
1.02498
1.02498
1.02546
1.03523
1.024
1.02597
1.024
1.60781
1.02522
1.32847
1.024
1.12705
1.1098
1.05673
1.024
1.30163
1.024
1.02503
1.20602
1.024
1.02664
1.02498
1.10434
1.279
1.024
1.024
1.02523
1.16886
1.02498
1.14397
1.024
1.28069
1.16416
1.03003
1.024
1.16963
1.19161
1.09465
1.02498
1.03145
1.024
1.024
1.024
1.024
1.024
1.024
1.53894
1.02498
1.03905
1.33538
1.024
1.024
1.024
1.024
1.10535
1.02498
1.13273
1.12923
1.024
1.09988
1.024
1.15257
1.20681
1.05504
1.0272
1.02576
1.02498
1.07605
1.02498
1.10634
1.024
1.02616
1.02498
1.03129
1.024
1.024
1.08042
1.02498
1.26442
1.02498
1.05935
1.13518
1.32956
1.09457
1.02498
1.03419
1.03029
1.08979
1.13137
1.02752
1.11253
1.02498
1.06598
1.12671
1.02498
1.21808
1.02498
1.03198
1.20628
1.03188
1.20693
1.024
1.0819
1.04245
1.03147
1.09867
1.024
1.06053
1.0255
1.024
1.05986
1.02763
1.02924
1.02498
1.06219
1.024
1.81236
1.09678
1.06081
1.024
1.03212
1.17782
1.03498
1.024
1.02498
1.11037
1.11005
1.06883
1.02539
1.34562
1.05451
1.03163
1.14919
1.03048
1.02686
1.09831
1.024
1.04417
1.39122
1.02498
1.03434
1.12181
1.07029
1.02498
1.03349
1.02498
1.09157
1.024
1.04041
1.0492
1.024
1.2291
1.02733
1.05872
1.02498
1.06269
1.03002
1.19517
1.07279
1.02498
1.024
1.02498
1.02951
1.02537
1.02498
1.024
1.0568
1.02498
1.024
1.02676
1.02498
1.02498
1.02963
1.03254
1.15538
1.03131
1.10622
1.04736
1.02593
1.06859
1.07389
1.07247
1.03527
1.23439
1.03793
1.02557
1.15608
1.024
1.0414
1.02946
1.024
1.11922
1.024
1.024
1.33928
1.02621
1.02498
1.06583
1.22437
1.03013
1.02852
1.17993
1.02498
1.02962
1.02498
1.024
1.27083
1.024
1.024
1.10023
1.024
1.02498
1.03769
1.23633
1.02528
1.024
1.19172
1.04017
1.03702
0.863803
1.11923
0.989928
1.06789
0.867232
0.8192
0.82216
0.903326
1.13895
0.8192
0.974606
0.959527
0.850563
0.819689
0.819689
0.823675
0.820849
0.836394
0.859981
0.819689
0.819766
1.3649
1.23072
0.932966
1.0345
1.11326
0.958209
0.93254
0.822142
0.819689
0.8989
0.826648
0.963451
1.11668
0.82457
0.839418
0.8192
0.899313
0.886376
0.855175
1.13727
1.43516
0.865457
0.88206
1.14126
0.991546
0.819689
0.875793
0.921889
1.16199
0.863402
0.820974
0.915171
0.918096
0.893021
0.819689
1.11235
0.821092
0.819689
1.13564
0.900927
1.0133
0.841493
0.828656
0.897504
0.819689
0.974999
0.852181
0.820508
0.83534
0.936599
0.894191
0.99369
0.947529
1.24284
1.242
1.04963
0.86742
1.07513
1.09603
0.827267
0.819689
0.833561
0.862834
0.823401
1.06125
0.8517
0.835286
0.933703
0.8192
1.07051
1.45525
0.840604
0.928463
0.868633
0.863394
1.08582
0.882689
0.905106
1.16934
0.835886
0.867717
0.821619
0.845541
0.976893
0.971042
0.865439
0.866653
1.06821
1.07756
1.05646
0.831351
0.899908
0.824303
0.846265
1.02641
0.819689
0.853083
0.895795
0.835155
0.8192
0.93719
1.13821
0.822882
1.19046
0.864784
1.31641
0.922657
1.04295
1.09467
1.28888
1.15892
0.821053
1.20339
0.886073
0.989715
1.05965
1.23455
0.941166
0.834194
1.14059
0.929719
0.828193
0.922221
1.03273
0.892399
1.05054
0.910352
0.864107
0.906059
0.867459
0.966943
0.819689
1.10331
1.11598
0.8192
1.12162
0.819775
0.941009
1.42945
0.819689
0.819689
1.22258
0.998374
1.14139
0.819689
0.853981
0.830967
0.94311
0.854192
0.83071
0.8192
0.887996
1.42246
0.912902
1.03665
0.995663
0.820001
0.819689
1.23692
1.01268
1.06437
0.978935
0.981995
0.858113
0.938765
0.911821
0.877918
0.852633
1.11625
1.0384
0.828205
0.906522
0.821268
1.12929
0.823384
0.908448
1.06924
0.843289
1.47302
1.07297
0.849282
0.993523
1.09292
0.932271
0.909509
1.67397
1.02
0.819689
0.885911
0.833931
1.08384
0.831484
0.8192
0.819689
0.819689
0.823944
0.985923
0.859629
0.930583
0.829821
0.88782
0.894765
0.851778
0.915194
0.892173
1.33551
0.906304
0.853308
0.836247
0.8255
1.20264
0.819689
0.971658
1.03013
0.871099
1.0814
0.907376
1.07607
1.06978
0.832714
1.1852
0.834074
1.15075
1.45393
0.819689
1.10052
0.957546
1.43305
0.8192
0.819689
0.819689
1.06177
1.20178
1.14304
1.13155
0.845264
0.878783
0.8192
1.00912
0.821386
1.00368
0.856894
1.03122
0.870737
1.38373
0.891626
0.910668
1.17635
0.820964
0.819852
1.02683
0.819689
1.1507
0.862432
1.1781
1.06358
1.34687
0.972654
0.887848
1.40486
1.23429
0.822854
0.846842
1.12094
1.08599
0.825331
0.893862
1.49556
0.8192
0.820271
1.02504
0.819689
0.949248
1.03637
0.929491
0.837493
0.859576
0.876974
0.819689
0.99873
0.8192
0.851853
1.25408
1.20133
1.24354
0.824045
0.829102
1.12374
0.819689
1.01101
0.819689
0.905135
0.863305
0.894207
1.12624
0.869094
0.981088
0.850822
0.824317
0.839266
0.855079
1.04007
0.827738
0.958088
1.21214
1.63774
0.85971
0.819689
0.965019
0.869956
0.846494
1.21008
1.15023
0.87478
0.879483
0.835068
0.859322
1.07688
1.43195
0.824302
1.20909
1.35383
0.852463
1.05394
0.890598
0.826502
0.97942
0.832107
0.945084
0.861326
0.978524
1.04192
0.86994
0.820781
0.964407
1.41488
1.14969
1.32874
0.975041
1.05926
0.82803
0.86079
0.975478
0.827315
0.880395
0.984706
1.10994
1.23931
0.826616
0.961749
0.990312
0.983641
0.825918
0.867541
1.08623
0.819689
1.01664
1.04773
0.829079
0.905633
0.825726
0.954205
1.03063
1.45618
0.913896
0.824296
0.855737
0.846184
1.17352
0.819689
0.819689
1.06786
1.16749
1.01427
0.86209
1.06113
1.56731
1.00503
1.47396
0.946352
0.942944
0.819689
0.997948
0.971971
0.886621
0.8831
0.819689
0.888614
1.00806
1.26139
0.842666
0.847133
0.836513
0.937651
0.821847
0.886033
1.03717
1.07635
1.10271
0.838952
1.05996
1.23412
0.82212
0.831374
1.46834
1.3346
0.911022
0.822995
0.932334
1.25469
1.05359
0.967506
1.19879
0.905525
1.13903
0.819689
0.819689
1.14671
1.26673
0.836775
1.15312
0.819689
0.825729
0.819689
0.91464
0.847453
0.993191
0.840948
0.891553
0.853015
0.931214
0.822447
0.822348
0.823387
1.11885
0.866925
0.819689
1.27521
0.820295
0.832196
0.846976
0.831927
0.824598
1.07903
1.27409
0.832906
1.00902
0.98417
1.16911
0.82743
0.857273
0.821522
1.17939
1.25637
1.31683
0.939178
0.901383
1.05925
0.895371
0.8192
1.16647
0.917265
0.988038
0.942207
1.03209
0.902052
1.03466
0.8192
0.913875
1.05122
0.827909
0.887636
0.826399
0.998273
0.963108
0.829171
0.819689
1.24551
0.866935
1.00045
1.02916
0.819695
0.821181
0.856661
0.944745
0.820478
0.984493
0.827021
0.869715
1.21849
0.849802
0.821161
0.831866
0.930298
0.913388
1.05178
1.09202
0.819689
1.20152
0.929582
0.894962
0.87005
0.83886
1.26987
0.819689
0.939405
0.914705
0.990689
1.25816
0.819689
0.889767
0.837548
0.825613
1.04798
0.848649
1.02132
0.825652
0.859938
0.892121
0.8192
0.967479
1.05011
0.960849
0.91208
0.82
1.56833
0.952872
0.855886
0.89693
0.855106
1.16033
0.846753
0.903766
1.03175
0.854371
1.22024
0.892464
0.8192
1.12547
0.8192
0.987291
0.83464
1.25709
0.874561
1.26043
1.59021
0.833187
0.8211
0.819689
0.922497
1.26632
1.1497
1.18003
1.08597
1.00787
1.23227
0.867239
0.823182
0.914607
0.879012
0.911457
0.834095
1.55517
0.917959
1.04331
1.21125
0.829662
0.819689
0.957326
0.846643
0.823752
0.977589
0.8192
1.02134
0.824365
0.828789
0.881315
0.836536
1.27722
1.42039
0.885791
1.16207
0.867464
0.825192
0.840646
0.972939
0.875758
0.833019
1.00474
1.50346
0.852308
1.11784
0.819689
1.01893
1.28553
1.039
1.15915
1.1773
1.36873
1.11289
0.82078
0.819689
0.87458
1.11751
1.12297
0.864043
0.890361
1.23179
0.890773
0.832389
1.10551
0.846941
0.8192
0.982567
0.849718
0.977171
1.1268
0.857976
0.86606
0.83141
0.849948
1.03562
0.819689
1.3587
1.07542
0.830657
0.8192
1.16666
0.819689
0.821442
0.979777
1.45928
0.856477
0.868753
0.84462
0.859518
0.819859
1.04985
0.822461
0.84416
0.820335
0.873148
0.819689
1.08028
0.966066
1.1913
1.69403
1.10586
1.25289
0.8192
0.8192
0.824833
1.19032
0.832707
0.841967
1.31588
0.819905
1.24353
0.876884
0.819689
0.921875
1.33751
1.19475
0.847043
1.14266
0.886011
1.17076
1.07129
0.949647
0.92149
0.822699
0.918513
1.15266
0.849245
1.12239
0.983542
0.977388
0.899256
0.8192
0.835635
0.910898
0.825997
1.17607
0.983198
1.13067
0.837358
0.901701
1.00378
1.40229
0.909872
0.821091
1.09104
0.824347
1.08915
0.937603
0.923104
0.819689
0.819689
0.971848
0.857911
1.11716
1.20378
0.831192
0.891893
1.30825
0.891679
0.900571
1.27203
0.824792
1.16986
0.860807
0.899422
1.02944
1.15838
0.819696
0.88065
0.853221
0.859501
0.819689
0.885273
0.863369
1.11097
0.820149
0.822222
0.839238
0.819689
1.099
0.956631
0.821895
1.12252
0.890081
1.01109
0.952201
1.18786
0.890989
0.949522
0.834458
0.955851
0.822426
0.820127
0.963392
0.819689
0.838233
1.18559
0.983637
0.819689
0.931677
1.13692
0.826379
0.87068
0.863349
0.961821
1.32474
0.819689
0.908204
1.16935
1.0456
0.89517
0.852742
0.840204
1.10836
1.16522
0.828001
0.834217
1.01928
0.873722
1.09683
1.37693
0.958823
1.20668
0.840146
0.860331
1.10281
1.06011
0.984547
1.20206
0.836101
0.844103
1.12038
0.819865
0.823429
0.994914
0.819689
0.830284
0.819689
0.907811
0.972976
0.830367
0.855855
0.985322
0.895573
1.25644
1.01189
0.821962
0.839288
0.962615
1.10469
1.46657
0.819689
0.954519
0.99714
1.03356
0.819689
1.01609
0.820323
0.897018
0.840556
0.879234
1.37328
0.819689
0.876151
0.8192
1.13246
1.04053
0.874639
1.01006
0.842635
0.853409
1.3752
1.08673
1.27319
0.8192
1.35754
0.994561
1.00678
0.855886
0.827403
1.06491
1.15032
0.858759
0.849401
1.33098
0.822794
0.822172
0.913344
0.825679
0.880954
0.826221
0.943451
0.855535
1.16455
0.904534
0.956859
1.25088
1.10105
1.05702
1.14923
0.824292
0.825619
0.837117
0.879909
0.839279
0.849375
0.830348
1.09261
0.819689
1.0312
0.819689
0.844382
0.825144
0.960954
0.855965
0.8192
1.10064
0.825397
1.27576
1.09424
0.999494
1.11722
0.912928
0.8192
1.08826
1.17202
0.937972
1.14373
0.886016
1.01305
1.04366
1.18195
0.824499
0.829953
0.956736
1.11615
1.04966
0.828558
1.30748
1.10735
0.997212
0.8192
1.42856
0.834105
1.10049
1.09942
0.828967
0.83789
0.8654
0.982037
0.964683
1.01202
0.899116
0.895133
1.14255
0.845835
0.819689
0.834694
0.884812
1.25975
0.934362
1.17845
1.2027
1.05647
0.826752
0.860786
1.11849
1.06418
1.16016
1.34443
1.02056
0.99047
0.842222
0.8192
1.39816
1.17493
0.819689
0.830361
0.876537
1.08374
0.905365
1.04168
0.916046
0.9957
1.1596
0.83035
0.981542
0.8192
0.819794
0.975358
0.948806
0.97965
0.922117
1.07822
1.12543
0.982079
0.926558
1.10454
0.844274
0.946919
0.868131
0.819689
0.962476
0.846897
1.05818
1.15202
1.0997
1.12802
0.831658
0.819689
1.19636
0.837732
0.916797
0.837394
1.03026
0.819689
0.830573
1.27784
0.821439
0.929014
1.18002
0.8192
1.23388
1.13352
0.823051
0.85233
0.821834
0.901463
1.28372
1.09164
0.901621
0.940192
0
0
0
0
0
0
0
0
0
0
0
0
0
0
0
0
0
0
0
0
0
0
0
0
0
0
0
0
0
0
0
0
0
0
0
0
0
0
0
0
0
0
0
0
0
0
0
0
0
0
0
0
0
0
0
0
0
0
0
0
0
0
0
0
0
0
0
0
0
0
0
0
0
0
0
0
0
0
0
0
0
0
0
0
0
0
0
0
0
0
0
0
0
0
0
0
0
0
0
0
0
0
0
0
0
0
0
0
0
0
0
0
0
0
0
0
0
0
0
0
0
0
0
0
0
0
0
0
0
0
0
0
0
0
0
0
0
0
0
0
0
0
0
0
0
0
0
0
0
0
0
0
0
0
0
0
0
0
0
0
0
0
0
0
0
0
0
0
0
0
0
0
0
0
0
0
0
0
0
0
0
0
0
0
0
0
0
0
0
0
0
0
0
0
0
0
0
0
0
0
0
0
0
0
0
0
0
0
0
0
0
0
0
0
0
0
0
0
0
0
0
0
0
0
0
0
0
0
0
0
0
0
0
0
0
0
0
0
0
0
0
0
0
0
0
0
0
0
0
0
0
0
0
0
0
0
0
0
0
0
0
0
0
0
0
0
0
0
0
0
0
0
0
0
0
0
0
0
0
0
0
0
0
0
0
0
0
0
0
0
0
0
0
0
0
0
0
0
0
0
0
0
0
0
0
0
0
0
0
0
0
0
0
0
0
0
0
0
0
0
0
0
0
0
0
0
0
0
0
0
0
0
0
0
0
0
0
0
0
0
0
0
0
0
0
0
0
0
0
0
0
0
0
0
0
0
0
0
0
0
0
0
0
0
0
0
0
0
0
0
0
0
0
0
0
0
0
0
0
0
0
0
0
0
0
0
0
0
0
0
0
0
0
0
0
0
0
0
0
0
0
0
0
0
0
0
0
0
0
0
0
0
0
0
0
0
0
0
0
0
0
0
0
0
0
0
0
0
0
0
0
0
0
0
0
0
0
0
0
0
0
0
0
0
0
0
0
0
0
0
0
0
0
0
0
0
0
0
0
0
0
0
0
0
0
0
0
0
0
0
0
0
0
0
0
0
0
0
0
0
0
0
0
0
0
0
0
0
0
0
0
0
0
0
0
0
0
0
0
0
0
0
0
0
0
0
0
0
0
0
0
0
0
0
0
0
0
0
0
0
0
0
0
0
0
0
0
0
0
0
0
0
0
0
0
0
0
0
0
0
0
0
0
0
0
0
0
0
0
0
0
0
0
0
0
0
0
0
0
0
0
0
0
0
0
0
0
0
0
0
0
0
0
0
0
0
0
0
0
0
0
0
0
0
0
0
0
0
0
0
0
0
0
0
0
0
0
0
0
0
0
0
0
0
0
0
0
0
0
0
0
0
0
0
0
0
0
0
0
0
0
0
0
0
0
0
0
0
0
0
0
0
0
0
0
0
0
0
0
0
0
0
0
0
0
0
0
0
0
0
0
0
0
0
0
0
0
0
0
0
0
0
0
0
0
0
0
0
0
0
0
0
0
0
0
0
0
0
0
0
0
0
0
0
0
0
0
0
0
0
0
0
0
0
0
0
0
0
0
0
0
0
0
0
0
0
0
0
0
0
0
0
0
0
0
0
0
0
0
0
0
0
0
0
0
0
0
0
0
0
0
0
0
0
0
0
0
0
0
0
0
0
0
0
0
0
0
0
0
0
0
0
0
0
0
0
0
0
0
0
0
0
0
0
0
0
0
0
0
0
0
0
0
0
0
0
0
0
0
0
0
0
0
0
0
0
0
0
0
0
0
0
0
0
0
0
0
0
0
0
0
0
0
0
0
0
0
0
0
0
0
0
0
0
0
0
0
0
0
0
0
0
0
0
0
0
0
0
0
0
0
0
0
0
0
0
0
0
0
0
0
0
0
0
0
0
0
0
0
0
0
0
0
0
0
0
0
0
0
0
0
0
0
0
0
0
0
0
0
0
0
0
0
0
0
0
0
0
0
0
0
0
0
0
0
0
0
0
0
0
0
0
0
0
0
0
0
0
0
0
0
0
0
0
0
0
0
0
0
0
0
0
0
0
0
0
0
0
0
0
0
0
0
0
0
0
0
0
0
0
0
0
0
0
0
0
0
0
0
0
0
0
0
0
0
0
0
0
0
0
0
0
0
0
0
0
0
0
0
0
0
0
0
0
0
0
0
0
0
0
0
0
0
0
0
0
0
0
0
0
0
0
0
0
0
0
0
0
0
0
0
0
0
0
0
0
0
0
0
0
0
0
0
0
0
0
0
0
0
0
0
0
0
0
0
0
0
0
0
0
0
0
0
0
0
0
0
0
0
0
0
0
0
0
0
0
0
0
0
0
0
0
0
0
0
0
0
0
0
0
0
0
0
0
0
0
0
0
0
0
0
0
0
0
0
0
0
0
0
0
0
0
0
0
0
0
0
0
0
0
0
0
0
0
0
0
0
0
0
0
0
0
0
0
0
0
0
0
0
0
0
0
0
0
0
0
0
0
0
0
0
0
0
0
0
0
0
0
0
0
0
0
0
0
0
0
0
0
0
0
0
0
0
0
0
0
0
0
0
0
0
0
0
0
0
0
0
0
0
0
0
0
0
0
0
0
0
0
0
0
0
0
0
0
0
0
0
0
0
0
0
0
0
0
0
0
0
0
0
0
0
0
0
0
0
0
0
0
0
0
0
0
0
0
0
0
0
0
0
0
0
0
0
0
0
0
0
0
0
0
0
0
0
0
0
0
0
0
0
0
0
0
0
0
0
0
0
0
0
0
0
0
0
0
0
0
0
0
0
0
0
0
0
0
0
0
0
0
0
0
0
0
0
0
0
0
0
0
0
0
0
0
0
0
0
0
0
0
0
0
0
0
0
0
0
0
0
0
0
0
0
0
0
0
0
0
0
0
0
0
0
0
0
0
0
0
0
0
0
0
0
0
0
0
0
0
0
0
0
0
0
0
0
0
0
0
0
0
0
0
0
0
0
0
0
0
0
0
0
0
0
0
0
0
0
0
0
0
0
0
0
0
0
0
0
0
0
0
0
0
0
0
0
0
0
0
0
0
0
0
0
0
0
0
0
0
0
0
0
0
0
0
0
0
0
0
0
0
0
0
0
0
0
0
0
0
0
0
0
0
0
0
0
0
0
0
0
0
0
0
0
0
0
0
0
0
0
0
0
0
0
0
0
0
0
0
0
0
0
0
0
0
0
0
0
0
0
0
0
0
0
0
0
0
0
0
0
0
0
0
0
0
0
0
0
0
0
0
0
0
0
0
0
0
0
0
0
0
0
0
0
0
0
0
0
0
0
0
0
0
0
0
0
0
0
0
0
0
0
0
0
0
0
0
0
0
0
0
0
0
0
0
0
0
0
0
0
0
0
0
0
0
0
0
0
0
0
0
0
0
0
0
0
0
0
0
0
0
0
0
0
0
0
0
0
0
0
0
0
0
0
0
0
0
0
0
0
0
0
0
0
0
0
0
0
0
0
0
0
0
0
0
0
0
0
0
0
0
0
0
0
0
0
0
0
0
0
0
0
0
0
0
0
0
0
0
0
0
0
0
0
0
0
0
0
0
0
0
0
0
0
0
0
0
0
0
0
0
0
0
0
0
0
0
0
0
0
0
0
0
0
0
0
0
0
0
0
0
0
0
0
0
0
0
0
0
0
0
0
0
0
0
0
0
0
0
0
0
0
0
0
0
0
0
0
0
0
0
0
0
0
0
0
0
0
0
0
0
0
0
0
0
0
0
0
0
0
0
0
0
0
0
0
0
0
0
0
0
0
0
0
0
0
0
0
0
0
0
0
0
0
0
0
0
0
0
0
0
0
0
0
0
0
0
0
0
0
0
0
0
0
0
0
0
0
0
0
0
0
0
0
0
0
0
0
0
0
0
0
0
0
0
0
0
0
0
0
0
0
0
0
0
0
0
0
0
0
0
0
0
0
0
0
0
0
0
0
0
0
0
0
0
0
0
0
0
0
0
0
0
0
0
0
0
0
0
0
0
0
0
0
0
0
0
0
0
0
0
0
0
0
0
0
0
0
0
0
0
0
0
0
0
0
0
0
0
0
0
0
0
0
0
0
0
0
0
0
0
0
0
0
0
0
0
0
0
0
0
0
0
0
0
0
0
0
0
0
0
0
0
0
0
0
0
0
0
0
0
0
0
0
0
0
0
0
0
0
0
0
0
0
0
0
0
0
0
0
0
0
0
0
0
0
0
0
0
0
0
0
0
0
0
0
0
0
0
0
0
0
0
0
0
0
0
0
0
0
0
0
0
0
0
0
0
0
0
0
0
0
0
0
0
0
0
0
0
0
0
0
0
0
0
0
0
0
0
0
0
0
0
0
0
0
0
0
0
0
0
0
0
0
0
0
0
0
0
0
0
0
0
0
0
0
0
0
0
0
0
0
0
0
0
0
0
0
0
0
0
0
0
0
0
0
0
0
0
0
0
0
0
0
0
0
0
0
0
0
0
0
0
0
0
0
0
0
0
0
0
0
0
