0
0
0
0
0
0
0
0
0
0
0
0
0
0
0
0
0
0
0
0
0
0
0
0
0
0
0
0
0
0
0
0
0
0
0
0
0
0
0
0
0
0
0
0
0
0
0
0
0
0
0
0
0
0
0
0
0
0
0
0
0
0
0
0
0
0
0
0
0
0
0
0
0
0
0
0
0
0
0
0
0
0
0
0
0
0
0
0
0
0
0
0
0
0
0
0
0
0
0
0
0
0
0
0
0
0
0
0
0
0
0
0
0
0
0
0
0
0
0
0
0
0
0
0
0
0
0
0
0
0
0
0
0
0
0
0
0
0
0
0
0
0
0
0
0
0
0
0
0
0
0
0
0
0
0
0
0
0
0
0
0
0
0
0
0
0
0
0
0
0
0
0
0
0
0
0
0
0
0
0
0
0
0
0
0
0
0
0
0
0
0
0
0
0
0
0
0
0
0
0
0
0
0
0
0
0
0
0
0
0
0
0
0
0
0
0
0
0
0
0
0
0
0
0
0
0
0
0
0
0
0
0
0
0
0
0
0
0
0
0
0
0
0
0
0
0
0
0
0
0
0
0
0
0
0
0
0
0
0
0
0
0
0
0
0
0
0
0
0
0
0
0
0
0
0
0
0
0
0
0
0
0
0
0
0
0
0
0
0
0
0
0
0
0
0
0
0
0
0
0
0
0
0
0
0
0
0
0
0
0
0
0
0
0
0
0
0
0
0
0
0
0
0
0
0
0
0
0
0
0
0
0
0
0
0
0
0
0
0
0
0
0
0
0
0
0
0
0
0
0
0
0
0
0
0
0
0
0
0
0
0
0
0
0
0
0
0
0
0
0
0
0
0
0
0
0
0
0
0
0
0
0
0
0
0
0
0
0
0
0
0
0
0
0
0
0
0
0
0
0
0
0
0
0
0
0
0
0
0
0
0
0
0
0
0
0
0
0
0
0
0
0
0
0
0
0
0
0
0
0
0
0
0
0
0
0
0
0
0
0
0
0
0
0
0
0
0
0
0
0
0
0
0
0
0
0
0
0
0
0
0
0
0
0
0
0
0
0
0
0
0
0
0
0
0
0
0
0
0
0
0
0
0
0
0
0
0
0
0
0
0
0
0
0
0
0
0
0
0
0
0
0
0
0
0
0
0
0
0
0
0
0
0
0
0
0
0
0
0
0
0
0
0
0
0
0
0
0
0
0
0
0
0
0
0
0
0
0
0
0
0
0
0
0
0
0
0
0
0
0
0
0
0
0
0
0
0
0
0
0
0
0
0
0
0
0
0
0
0
0
0
0
0
0
0
0
0
0
0
0
0
0
0
0
0
0
0
0
0
0
0
0
0
0
0
0
0
0
0
0
0
0
0
0
0
0
0
0
0
0
0
0
0
0
0
0
0
0
0
0
0
0
0
0
0
0
0
0
0
0
0
0
0
0
0
0
0
0
0
0
0
0
0
0
0
0
0
0
0
0
0
0
0
0
0
0
0
0
0
0
0
0
0
0
0
0
0
0
0
0
0
0
0
0
0
0
0
0
0
0
0
0
0
0
0
0
0
0
0
0
0
0
0
0
0
0
0
0
0
0
0
0
0
0
0
0
0
0
0
0
0
0
0
0
0
0
0
0
0
0
0
0
0
0
0
0
0
0
0
0
0
0
0
0
0
0
0
0
0
0
0
0
0
0
0
0
0
0
0
0
0
0
0
0
0
0
0
0
0
0
0
0
0
0
0
0
0
0
0
0
0
0
0
0
0
0
0
0
0
0
0
0
0
0
0
0
0
0
0
0
0
0
0
0
0
0
0
0
0
0
0
0
0
0
0
0
0
0
0
0
0
0
0
0
0
0
0
0
0
0
0
0
0
0
0
0
0
0
0
0
0
0
0
0
0
0
0
0
0
0
0
0
0
0
0
0
0
0
0
0
0
0
0
0
0
0
0
0
0
0
0
0
0
0
0
0
0
0
0
0
0
0
0
0
0
0
0
0
0
0
0
0
0
0
0
0
0
0
0
0
0
0
0
0
0
0
0
0
0
0
0
0
0
0
0
0
0
0
0
0
0
0
0
0
0
0
0
0
0
0
0
0
0
0
0
0
0
0
0
0
0
0
0
0
0
0
0
0
0
0
0
0
0
0
0
0
0
0
0
0
0
0
0
0
0
0
0
0
0
0
0
0
0
0
0
0
0
0
0
0
0
0
0
0
0
0
0
0
0
0
0
0
0
0
0
0
0
0
0
0
0
0
0
0
0
0
0
0
0
0
0
0
0
0
0
0
0
0
0
0
0
0
0
0
0
0
0
0
0
0
0
0
0
0
0
0
0
0
0
0
0
0
0
0
0
0
0
0
0
0
0
0
0
0
0
0
0
0
0
0
0
0
0
0
0
0
0
0
0
0
0
0
0
0
0
0
0
0
0
0
0
0
0
0
0
0
0
0
0
0
0
0
0
0
0
0
0
0
0
0
0
0
0
0
0
0
0
0
0
0
0
0
0
0
0
0
0
0
0
0
0
0
0
0
0
0
0
0
0
0
0
0
0
0
0
0
0
0
0
0
0
0
0
0
0
0
0
0
0
0
0
0
0
0
0
0
0
0
0
0
0
0
0
0
0
0
0
0
0
0
0
0
0
0
0
0
0
0
0
0
0
0
0
0
0
0
0
0
0
0
0
0
0
0
0
0
0
0
0
0
0
0
0
0
0
0
0
0
0
0
0
0
0
0
0
0
0
0
0
0
0
0
0
0
0
0
0
0
0
0
0
0
0
0
0
0
0
0
0
0
0
0
0
0
0
0
0
0
0
0
0
0
0
0
0
0
0
0
0
0
0
0
0
0
0
0
0
0
0
0
0
0
0
0
0
0
0
0
0
0
0
0
0
0
0
0
0
0
0
0
0
0
0
0
0
0
0
0
0
0
0
0
0
0
0
0
0
0
0
0
0
0
0
0
0
0
0
0
0
0
0
0
0
0
0
0
0
0
0
0
0
0
0
0
0
0
0
0
0
0
0
0
0
0
0
0
0
0
0
0
0
0
0
0
0
0
0
0
0
0
0
0
0
0
0
0
0
0
0
0
0
0
0
0
0
0
0
0
0
0
0
0
0
0
0
0
0
0
0
0
0
0
0
0
0
0
0
0
0
0
0
0
0
0
0
0
0
0
0
0
0
0
0
0
0
0
0
0
0
0
0
0
0
0
0
0
0
0
0
0
0
0
0
0
0
0
0
0
0
0
0
0
0
0
0
0
0
0
0
0
0
0
0
0
0
0
0
0
0
0
0
0
0
0
0
0
0
0
0
0
0
0
0
0
0
0
0
0
0
0
0
0
0
0
0
0
0
0
0
0
0
0
0
0
0
0
0
0
0
0
0
0
0
0
0
0
0
0
0
0
0
0
0
0
0
0
0
0
0
0
0
0
0
0
0
0
0
0
0
0
0
0
0
0
0
0
0
0
0
0
0
0
0
0
0
0
0
0
0
0
0
0
0
0
0
0
0
0
0
0
0
0
0
0
0
0
0
0
0
0
0
0
0
0
0
0
0
0
0
0
0
0
0
0
0
0
0
0
0
0
0
0
0
0
0
0
0
0
0
0
0
0
0
0
0
0
0
0
0
0
0
0
0
0
0
0
0
0
0
0
0
0
0
0
0
0
0
0
0
0
0
0
0
0
0
0
0
0
0
0
0
0
0
0
0
0
0
0
0
0
0
0
0
0
0
0
0
0
0
0
0
0
0
0
0
0
0
0
0
0
0
0
0
0
0
0
0
0
0
0
0
0
0
0
0
0
0
0
0
0
0
0
0
0
0
0
0
0
0
0
0
0
0
0
0
0
0
0
0
0
0
0
0
0
0
0
0
0
0
0
0
0
0
0
0
0
0
0
0
0
0
0
0
0
0
0
0
0
0
0
0
0
0
0
0
0
0
0
0
0
0
0
0
0
0
0
0
0
0
0
0
0
0
0
0
0
0
0
0
0
0
0
0
0
0
0
0
0
0
0
0
0
0
0
0
0
0
0
0
0
0
0
0
0
0
0
0
0
0
0
0
0
0
0
0
0
0
0
0
0
0
0
0
0
0
0
0
0
0
0
0
0
0
0
0
0
0
0
0
0
0
0
0
0
0
0
0
0
0
0
0
0
0
0
0
0
0
0
0
0
0
0
0
0
0
0
0
0
0
0
0
0
0
0
0
0
0
0
0
0
0
0
0
0
0
0
0
0
0
0
0
0
0
0
0
0
0
0
0
0
0
0
0
0
0
0
0
0
0
0
0
0
0
0
0
0
0
0
0
0
0
0
0
0
0
0
0
0
0
0
0
0
0
0
0
0
0
0
0
0
0
0
0
0
0
0
0
0
0
0
0
0
0
0
0
0
0
0
0
0
0
0
0
0
0
0
0
0
0
0
0
0
0
0
0
0
0
0
0
0
0
0
0
0
0
0
0
0
0
0
0
0
0
0
0
0
0
0
0
0
0
0
0
0
0
0
0
0
0
0
0
0
0
0
0
0
0
0
0
0
1.15804
1.15613
1.5866
1.04098
1.01049
1.00992
0.999024
1.00302
1.00286
1.10991
1.06373
1.00447
0.999024
0.999978
1.2377
1.00685
1.2075
1.00368
1.01185
1.01442
1.01131
1.0766
1.0126
1.28275
1.31345
1.57868
1.13009
1.13773
1.48232
1.15771
1.00505
0.999024
1.10277
1.11192
1.21181
1.03185
1.02258
1.00522
1.32776
0.999978
1.00579
1.05498
1.05293
0.999978
0.999024
0.999979
0.999978
1.34384
1.01902
0.999024
1.55371
1.00783
1.09645
0.999024
1.06379
1.2912
1.21715
1.01801
1.00235
1.01383
1.04015
1.03386
1.36539
1.00076
1.27386
1.23328
1.00362
0.999024
1.11032
1.03853
0.999024
1.01593
1.00562
1.12377
1.06182
1.00062
1.32481
0.999978
1.00635
0.999978
1.65344
1.22846
1.01024
1.10876
1.25585
1.43343
1.01916
1.17066
1.29768
1.02289
1.10472
1.02018
1.35603
0.999024
1.28613
1.34507
1.30315
1.19614
1.07014
1.12572
0.999024
1.03461
1.03761
1.31415
1.18181
0.999024
0.999024
1.16289
0.999978
1.00184
1.00534
1.16497
1.01922
1.16027
0.999978
1.30827
1.03051
1.04749
1.11383
1.06161
0.999024
0.999024
1.14572
1.09863
1.00182
0.999024
1.19099
1.12891
0.999978
1.24634
1.00199
0.999024
1.06905
1.20604
1.01965
1.03519
1.23056
1.27974
1.03175
1.19626
0.999978
1.00195
1.36906
1.16783
1.00167
1.23861
1.00956
1.0139
1.21265
1.21272
1.01235
1.05685
1.00835
1.21929
1.04308
1.08824
1.27685
0.999024
1.00261
1.0442
1.00516
0.999024
0.999024
0.999024
1.11908
0.999024
0.999024
1.02581
0.999978
1.00228
1.13646
1.124
1.08384
0.999024
1.18111
1.29467
1.07009
1.0221
1.06685
1.43504
1.00136
1.20504
0.999024
1.19252
1.0908
1.13386
1.35565
1.06639
1.60304
1.2196
1.01346
1.07187
1.11496
1.12467
1.67242
0.999024
1.0577
1.14627
1.25595
1.02137
0.999024
1.10361
0.999978
1.14792
0.999024
1.24498
1.01486
1.34
1.15017
1.09533
1.33733
1.23883
1.01367
1.06604
0.999024
1.12259
1.02468
0.999978
1.13693
1.04359
1.00854
1.0117
1.04077
1.12008
0.999978
1.32269
1.31828
1.17305
1.29625
1.20224
1.00308
1.02281
0.999978
0.999978
1.38587
0.999024
1.19377
1.06961
1.04936
0.999024
1.31156
0.999978
1.01029
0.999978
0.999024
1.24315
1.49183
0.999024
1.2167
0.999978
0.999024
1.01565
0.999978
1.05075
1.2385
1.22306
0.999024
1.04615
1.12277
1.04048
1.14087
0.999024
1.22112
1.25818
1.12888
1.41306
0.999024
1.11666
1.07337
1.03293
1.12112
1.0034
1.50411
1.00733
0.999024
1.26271
1.16633
0.999024
1.00879
0.999024
1.05753
1.29826
1.00171
1.11907
0.999978
1.00142
1.10282
1.02018
1.14445
1.04429
1.18564
1.03843
1.03121
0.999024
1.1504
1.0243
1.27334
0.999978
1.01218
1.09782
1.00318
1.1261
1.02497
1.16863
0.999024
1.42401
1.58394
1.10656
1.08209
1.00189
1.05808
1.42649
0.999024
1.18161
1.00807
1.00932
0.999024
1.05816
1.00143
1.21285
1.48736
1.47074
0.999978
1.07312
1.00004
0.999978
0.999024
0.999024
1.38629
1.48881
1.12351
1.002
1.11855
1.03408
0.999024
1.17652
1.10572
1.27319
0.999024
0.999024
1.00582
1.11425
1.20797
1.00361
1.24484
1.0574
1.23223
1.10626
1.05753
0.999985
1.0048
1.04605
1.05957
1.3212
1.08915
0.999978
1.09578
1.02711
1.13715
0.999978
1.00239
1.04124
1.09838
1.01101
1.00358
1.12244
1.00401
1.05728
1.03733
0.999024
1.0863
1.24985
1.28639
1.01223
1.224
1.04775
1.01764
0.999978
1.07109
1.17476
1.14514
1.00801
0.999978
1.00815
0.999024
0.999978
1.26909
1.17648
0.999024
1.1789
0.999024
0.999024
1.12084
1.06072
1.01243
0.999024
0.999024
1.27275
1.00188
1.41834
0.999978
1.377
1.35539
0.999024
1.03497
1.01111
0.999024
0.999024
0.999978
1.00904
0.999024
1.00004
1.0019
1.03256
1.27258
1.24388
1.00737
1.01324
1.03345
1.21032
1.0451
0.999024
1.017
1.21181
1.00274
1.18272
1.49274
1.35719
1.04058
1.02342
1.20038
1.19905
1.00321
1.0079
1.06485
0.999024
1.13909
0.999978
1.2278
1.11976
1.41276
1.06417
1.09455
1.00213
1.30459
1.5006
1.57853
0.999024
1.06618
1.07205
1.02136
0.999024
0.999024
1.0051
1.24494
0.999024
1.1279
1.00127
1.28829
1.00042
1.06001
1.26777
1.05255
1.01114
1.12983
1.00175
1.0013
1.12765
1.21726
1.27658
1.12681
1.22277
0.999978
0.999978
0.999978
0.999024
1.046
1.16293
1.00994
1.21285
1.00806
0.999024
1.04217
1.42194
1.05627
1.2076
1.4042
1.02424
1.0067
1.00362
1.03027
1.29513
1.02381
1.12184
1.04056
1.06367
0.999978
1.02255
1.08873
0.999024
1.01941
1.00109
1.0165
1.01118
0.999024
0.999978
1.05278
1.0496
1.06536
1.22294
0.999024
1.02685
1.01058
1.08952
0.999978
1.24941
1.01078
1.03077
0.999024
1.26757
0.999024
1.10471
0.999024
0.999978
1.01374
1.24784
1.04811
1.06573
1.03366
1.31493
1.1071
1.01799
1.15752
0.999024
1.09148
1.44339
1.09273
1.17626
1.13094
1.12505
1.04452
1.17473
1.013
1.08538
1.08369
1.02436
1.03726
1.13184
1.11341
1.00585
1.31697
1.41559
1.10093
1.00442
1.01298
1.02991
1.14898
0.999978
1.03096
1.07277
1.30431
0.999978
1.22279
1.01161
1.00339
1.18654
1.19776
1.07475
1.01002
1.06784
1.45708
1.30435
1.23375
1.10834
1.08894
1.02149
1.17793
1.11902
1.00392
1.0071
0.999024
1.05458
0.999024
0.999024
1.20564
1.04368
1.00629
1.048
1.13041
1.02633
1.29893
1.0206
1.00192
0.999978
0.999978
1.24644
1.00441
1.00918
0.999978
1.02378
1.18276
1.0504
1.00478
1.08286
1.00947
1.01437
0.999024
1.02015
1.09637
0.999024
1.14659
1.0537
1.0696
0.999985
1.31282
0.999024
1.26942
1.09301
1.15297
1.00435
1.05986
1.18823
0.999024
1.11238
0.999024
0.999978
1.12769
0.999024
0.999024
1.04644
1.17786
1.0425
1.03411
0.999024
0.999024
1.01368
1.04088
0.999024
1.10784
1.40256
0.999978
0.999978
0.999024
1.04467
0.999978
0.999978
1.06268
0.999024
1.10039
1.0548
1.00764
1.00228
1.00599
1.36563
1.08124
0.999024
0.999978
1.09763
1.07212
1.14548
1.01337
0.999978
1.18276
1.01256
1.07424
1.086
1.10326
1.0036
1.01206
1.01054
1.00193
1.04674
0.999978
0.999978
0.999024
1.00135
0.999024
1.36206
1.00017
1.27636
1.432
1.05712
1.08874
1.0579
1.2269
1.14207
1.00822
1.23121
1.00827
1.04285
1.27537
1.09581
1.00019
1.00126
1.10346
1.00047
1.1886
1.00398
1.0097
1.1508
1.02445
1.02331
1.12671
0.999978
1.00147
0.999024
1.05909
1.25457
1.00136
0.999024
1.02294
1.13381
0.999978
1.11206
1.01636
0.999024
1.21346
1.25046
0.999024
0.999978
1.04331
0.999024
1.01121
0.999024
1.00752
1.10481
1.103
1.01012
1.10048
1.03907
1.40502
1.03866
1.00259
1.00205
1.06491
1.24215
1.18769
1.04794
1.00525
1.20041
1.01154
1.00827
0.999978
1.08355
1.00593
0.999024
1.03813
1.58222
1.00002
1.03728
1.05021
1.02019
0.999024
1.6365
1.35627
0.999024
1.14971
1.12753
1.10679
1.20509
1.03728
0.999024
1.145
1.00155
1.0064
1.27584
1.02292
1.00057
1.44299
1.45385
0.999024
1.16228
1.03336
1.35396
1.00169
1.14074
1.17004
1.1497
1.18645
1.00416
1.01757
0.999024
1.02902
0.999024
1.02017
0.999024
0.999024
1.42194
0.999024
1.18027
1.06569
1.00361
0.999024
1.00353
0.999024
0.999024
1.01366
1.25917
0.999024
0.999978
0.999978
1.33411
1.0206
1.05366
1.50483
1.08566
1.3828
1.00848
0.999978
1.24055
1.10416
1.19087
1.00289
0.999978
1.02794
1.39557
1.08534
1.13442
1.09938
1.15986
1.09611
1.08122
1.26811
1.07411
1.065
0.999024
1.09472
1.08286
1.00947
1.18522
1.00223
1.09232
1.43878
1.15031
1.07884
1.02554
0.999978
1.03285
1.0256
1.25566
1.25029
0.999024
1.16639
0.999978
1.43097
1.02235
1.06549
0.999024
0.999978
1.25701
1.30798
1.06997
0.999024
1.27939
1.0235
1.08813
1.15253
1.01233
1.04143
1.32676
1.14757
1.40842
0.999978
1.03935
0.999024
1.01203
1.17749
0.999978
1.29186
1.02379
0.999024
1.03077
1.00066
1.06781
1.00222
0.999978
1.22854
0.999024
1.00004
1.07278
1.02043
1.21902
0.999024
1.00674
1.09042
1.44976
1.2285
1.12116
0.999024
0.999024
1.0076
0.999978
1.14751
1.04598
1.49238
1.03978
1.34516
1.10005
0.999978
0.999024
1.02973
1.07026
1.51969
1.01372
1.00213
0.999024
1.01886
1.18578
1.00171
0.999024
1.1542
1.00099
1.01421
1.06368
1.26666
0.999024
1.00582
1.16674
1.00133
1.00816
1.12567
1.04292
1.50049
1.41193
1.01615
1.00524
1.00276
0.999978
1.20188
1.38661
0.999024
1.17132
1.144
1.01004
1.31087
1.05087
1.00844
1.3569
1.04123
1.00516
1.01852
1.005
1.17249
1.11013
1.21584
1.06985
0.999024
1.29842
1.07104
1.06031
1.1117
1.00892
1.03222
0.999978
1.25054
1.02273
0.999024
1.01994
1.00317
1.04947
1.01735
1.01081
1.12582
1.00217
0.999979
0.999024
1.03795
1.00786
1.08727
1.02664
1.02475
1.06014
1.03411
1.23922
1.0764
1.23921
0.999978
1.22733
0.999024
1.11616
1.02051
1.46765
1.12339
0.999978
1.01283
0.999024
1.08606
1.0342
1.08397
1.0042
0.999024
1.02525
1.02769
1.06721
1.47157
1.03315
1.13204
1.00451
1.20182
0.999978
0.985339
0.951375
0.803961
0.801827
1.10882
1.22775
0.90483
1.46793
0.800066
0.800784
0.982237
0.842159
0.805052
0.800855
0.805266
0.935633
1.09161
0.838827
1.23652
0.808564
0.806665
1.04575
0.799219
1.15286
0.853532
1.25524
1.32122
1.37031
0.875373
0.807546
1.04845
1.0864
0.814265
1.33873
0.996907
1.13808
0.989459
0.814778
0.880122
0.822173
0.959018
0.8921
0.946031
0.90043
0.823399
0.82848
1.1498
0.838103
0.844816
0.970551
0.883214
0.799219
0.876884
1.11506
0.801575
0.950834
1.40133
0.849543
0.841527
0.879408
0.799697
1.09542
0.95161
0.986625
1.27797
0.799697
0.974408
0.974095
0.799698
0.95081
1.27513
1.36403
0.852173
0.865627
1.00416
0.964407
1.24604
1.08186
0.88995
1.04237
0.799697
1.05796
0.899576
0.957739
0.805972
0.829501
0.92277
1.19095
0.805967
0.853238
0.839201
0.813881
1.15823
1.45156
0.8118
1.03949
1.14783
0.997559
1.04657
0.940068
0.863581
0.896501
0.807939
0.864529
0.802834
0.837556
0.910333
0.811547
0.882757
0.799814
0.800497
1.39538
0.832909
1.13719
1.05123
0.827314
0.814115
1.2376
1.14745
0.799697
0.89074
0.977687
0.821146
1.02679
1.16045
1.04398
0.871043
0.80747
0.881298
0.809472
1.17593
0.993689
0.799697
0.858624
1.01566
0.886739
1.29042
0.824428
1.10589
1.29393
0.890567
0.96844
1.15353
0.830373
1.2667
0.938405
0.799219
0.851324
0.803624
0.831876
0.853986
0.828984
0.981608
1.32271
0.878964
0.854626
0.799219
0.815999
1.26328
0.966201
0.807625
0.98312
0.808179
1.22151
0.864246
1.02737
1.01389
0.819554
0.801455
1.00241
0.824811
0.829058
1.22862
0.814153
0.918174
1.19772
1.25318
0.855076
1.60907
1.19989
0.983241
1.39854
0.818324
0.950976
0.922736
1.09355
0.904228
1.21585
1.10501
0.961603
0.806615
1.07145
1.3972
1.23108
0.894588
0.799697
0.925539
0.799219
1.01823
0.872435
0.8311
0.800874
0.928065
0.860535
0.799717
0.830877
1.08257
0.859373
1.04241
1.26638
0.802091
0.967023
0.799219
1.12461
1.03407
0.827012
1.11122
0.893424
0.909419
0.970577
0.931408
1.21158
0.834395
0.827859
0.8011
0.920781
0.833181
0.855678
0.830104
1.33181
1.49229
1.04935
1.07451
1.03381
0.829007
0.873246
1.0961
1.0032
1.2089
1.13814
0.889591
0.874449
0.816696
0.812696
0.833185
0.852202
0.913651
0.873755
0.823188
0.948773
1.05397
1.2306
0.998069
1.16687
0.966478
1.05056
0.871879
0.823634
0.976698
0.986757
1.06717
0.88735
0.799697
1.25809
0.811448
1.28487
0.799219
0.799219
1.33883
0.804101
0.832482
1.00266
0.915632
0.804727
0.931888
0.895848
1.1843
0.799697
1.24667
0.869021
1.44456
1.10543
0.803411
0.836623
0.840883
1.33634
0.814033
1.15765
1.00657
0.84063
0.91209
1.21553
0.915948
0.808621
0.816904
0.886569
1.08593
1.24336
0.835056
0.999269
1.23393
0.916522
0.860359
0.824584
0.806304
1.23271
0.803332
1.30002
0.799219
0.809649
0.847653
0.898311
0.830392
1.20369
0.828776
0.974052
0.961471
1.14569
1.42107
1.0216
1.36967
0.799833
0.974825
0.800996
0.885668
0.984758
0.811015
0.806
0.843822
1.05637
1.0249
1.43566
0.830463
0.81165
1.06488
0.803711
0.821477
0.843038
0.880727
1.01349
1.00405
0.857207
0.914671
1.34685
0.899542
1.05121
1.01903
0.863655
1.06665
1.10747
0.821401
0.799219
1.27039
1.15107
0.839577
0.799697
0.899071
0.828822
0.808349
0.842328
0.799697
0.912519
0.90133
1.11984
0.825026
0.958137
0.880834
0.953286
0.882295
0.834505
1.11085
0.916579
0.855998
1.19197
1.02643
0.99259
0.819364
0.799219
1.02053
1.0845
1.33996
0.799697
0.865561
0.851849
0.903769
0.959511
0.820551
0.799697
1.14833
1.36796
0.92717
1.16289
1.40278
0.799697
0.873214
1.0277
0.812181
1.03922
1.02665
0.799219
0.90568
0.820949
0.812987
0.847962
0.947409
0.834475
1.39424
0.856415
0.827755
0.829777
0.946462
0.985116
0.869936
0.800697
0.864805
0.804168
1.06053
0.836963
0.971516
0.803126
0.824174
0.918696
0.998669
0.829429
0.863065
1.09348
0.80492
1.06677
0.882704
0.837436
1.22905
0.835362
1.38129
1.10503
0.969686
0.94852
0.926983
0.799704
0.931597
0.845926
0.799219
1.44634
0.839769
0.8326
0.800789
0.899628
0.805842
0.811584
0.892369
0.826168
0.96794
1.41297
0.811013
1.04346
1.18271
0.799697
0.802572
0.880285
1.32337
0.799697
1.14054
1.1042
0.909917
1.24995
0.894684
0.80491
0.860787
0.799697
0.881455
0.83679
0.799219
0.801563
0.933525
1.0149
0.917674
1.2684
1.0517
0.912879
0.799219
0.839669
1.15592
1.11546
0.836663
0.81937
0.816262
0.94116
0.978305
1.19971
0.843892
0.800293
0.799219
0.908323
1.43888
0.799697
0.889298
0.884525
0.81904
1.08718
1.05879
1.10956
0.799697
0.799219
0.809999
0.802987
0.806679
0.863568
1.03415
0.901763
1.28263
1.29477
0.972443
0.872519
1.03409
0.959378
0.799219
0.83475
1.18857
0.826084
0.930041
0.834003
0.920411
1.10608
0.802145
1.04707
1.04266
1.18965
0.910525
0.929167
0.897291
0.943256
1.52487
0.948001
0.813825
1.3217
1.15178
0.912633
0.926513
0.866203
0.990467
0.802467
0.92062
0.979008
0.848474
0.825913
1.17538
1.22882
0.896898
0.803852
0.817492
0.836226
0.967967
0.973223
1.07586
1.01049
0.813907
0.808656
1.12501
0.847239
1.34925
0.914466
1.1605
1.21054
0.857421
1.01742
1.05844
0.847304
1.26075
1.02962
1.06284
1.19747
1.02405
0.992294
0.806679
0.87001
1.06579
1.1241
1.06514
1.09337
0.868529
0.965088
0.813069
0.82629
1.08617
0.802244
1.29498
1.12232
1.03366
0.998613
1.13771
0.886909
1.29976
1.07558
0.799219
0.813581
1.13376
0.855105
1.25493
0.882637
0.799219
0.799697
1.24849
0.816352
0.810046
0.803617
1.00629
1.15842
0.951639
1.29168
0.808842
0.893975
1.09601
0.808914
0.915939
0.860301
1.01356
0.923808
0.818023
0.799697
1.12831
0.831305
0.854781
0.803549
0.832658
0.923424
1.06787
1.25933
1.24471
1.45367
0.806749
0.854925
0.861646
0.90629
0.799697
0.862191
0.856685
0.803255
0.799219
0.882711
0.863675
1.28311
1.22332
0.799219
0.870948
0.80499
0.806602
0.805815
0.880108
0.972538
0.864526
0.829779
1.12039
1.24489
0.847284
1.00631
0.929217
1.15092
1.01621
0.914298
0.868427
1.12095
0.80616
0.827484
0.812131
0.882132
1.22673
0.929677
0.825846
0.857948
0.983965
0.804326
0.807922
1.0946
1.20774
0.950205
1.00887
0.86512
1.21226
0.989825
0.814139
1.16881
1.17011
0.982226
0.85103
0.846167
0.799697
0.799219
0.81232
0.998515
0.869644
0.975175
0.799219
1.13227
0.799697
0.918831
0.848674
0.862868
1.22212
0.832575
0.799697
1.11151
0.809894
0.799697
0.879335
1.07558
0.858186
0.92547
0.856929
1.04557
0.801191
0.958165
0.918626
0.915554
1.24491
0.883054
0.802973
0.952246
0.864896
1.0788
1.27492
1.19805
0.817983
1.13582
0.805843
1.31407
0.808113
0.829922
0.802021
0.84433
0.837425
0.985476
0.904891
0.803079
1.04669
0.812883
0.849411
0.847095
0.812843
0.993282
0.808232
0.83431
0.799697
1.03038
0.844037
0.951651
0.80255
0.799978
0.874317
0.799219
0.842686
0.799219
0.974517
0.891515
0.882922
1.16129
0.820038
1.29077
0.970513
0.865444
0.873724
0.821346
1.02632
0.801521
0.799697
0.890194
1.02963
0.903895
0.80778
0.832436
0.903294
0.926579
0.817314
0.799697
1.16159
0.867083
1.11162
1.1118
0.906405
0.831323
0.993239
1.6525
0.993798
0.799697
1.11824
0.912976
0.891624
0.799697
0.970643
0.799219
0.868505
0.859637
1.1275
0.844754
0.840878
0.895712
0.852286
0.861576
0.94642
0.889161
0.996619
0.821722
1.11391
0.799219
1.2302
1.11673
0.880694
0.922645
0.799697
0.832275
0.971391
0.9619
1.18668
0.819276
1.10464
0.862344
0.807688
0.80166
1.05934
0.808836
1.14701
0.913296
0.950644
0.881853
0.851401
1.09982
0.802786
1.19764
1.03293
0.830822
0.892289
0.799219
0.91017
0.799705
0.810478
0.811728
0.803824
0.805927
0.803713
0.799219
1.11527
1.00765
0.989792
1.03547
0.949457
1.3344
1.02191
0.920344
1.2715
0.81209
0.799821
1.00998
1.2403
0.810465
0.969628
1.0046
0.872854
1.14811
0.841074
0.836537
0.893775
0.972934
0.811237
0.981524
1.09787
1.28142
1.21729
0.846419
0.891275
0.83529
0.826152
0.828308
0.83043
0.826254
1.32953
0.959651
0.814761
1.02915
1.14151
1.0057
0.801384
0.814524
0.826978
1.09888
0.803583
1.21684
0.799697
0.871638
0.954188
0.89733
0.930917
0.877257
0.808252
0.995905
0.984239
0.832994
1.15132
0.799697
0.957563
0.974488
1.0143
1.0452
0.953803
0.875014
0.993884
1.16566
1.02616
1.17813
0.88198
0.869449
0.887989
0.801231
0.813841
0.814669
1.0049
0.813882
0.820957
0.833008
0.819007
1.06597
0.967751
0.846824
0.906171
0.954701
1.14057
1.16566
0.903445
0.811827
0.918703
1.12614
0.963871
0.971093
0.894562
0.92398
1.44444
1.15697
0.927639
0.805059
0.825075
0.947401
0.824214
0.865471
1.06901
1.30314
0.808526
0.925423
1.01799
1.01945
0.88608
1.19286
0.907676
0.944412
0.813
1.22529
1.23668
1.06989
0.98694
1.22284
1.63868
1.24136
1.12114
0.835915
0.799219
1.41542
1.17495
1.02863
1.08808
0.815935
0.902382
0.883235
0.871104
1.24524
0.858914
1.43094
1.00539
0.824809
0.83857
0.849608
0.913931
0.926947
1.04285
0.854187
0.958284
0.966081
1.0744
0.877459
0.94448
0.914261
0.955441
0.800527
1.2606
1.06741
0.810137
0.863035
0.809742
0.894548
0.981869
1.15557
0.839412
0.938923
1.31926
0.809605
