0
0
0
0
0
0
0
0
0
0
0
0
0
0
0
0
0
0
0
0
0
0
0
0
0
0
0
0
0
0
0
0
0
0
0
0
0
0
0
0
0
0
0
0
0
0
0
0
0
0
0
0
0
0
0
0
0
0
0
0
0
0
0
0
0
0
0
0
0
0
0
0
0
0
0
0
0
0
0
0
0
0
0
0
0
0
0
0
0
0
0
0
0
0
0
0
0
0
0
0
0
0
0
0
0
0
0
0
0
0
0
0
0
0
0
0
0
0
0
0
0
0
0
0
0
0
0
0
0
0
0
0
0
0
0
0
0
0
0
0
0
0
0
0
0
0
0
0
0
0
0
0
0
0
0
0
0
0
0
0
0
0
0
0
0
0
0
0
0
0
0
0
0
0
0
0
0
0
0
0
0
0
0
0
0
0
0
0
0
0
0
0
0
0
0
0
0
0
0
0
0
0
0
0
0
0
0
0
0
0
0
0
0
0
0
0
0
0
0
0
0
0
0
0
0
0
0
0
0
0
0
0
0
0
0
0
0
0
0
0
0
0
0
0
0
0
0
0
0
0
0
0
0
0
0
0
0
0
0
0
0
0
0
0
0
0
0
0
0
0
0
0
0
0
0
0
0
0
0
0
0
0
0
0
0
0
0
0
0
0
0
0
0
0
0
0
0
0
0
0
0
0
0
0
0
0
0
0
0
0
0
0
0
0
0
0
0
0
0
0
0
0
0
0
0
0
0
0
0
0
0
0
0
0
0
0
0
0
0
0
0
0
0
0
0
0
0
0
0
0
0
0
0
0
0
0
0
0
0
0
0
0
0
0
0
0
0
0
0
0
0
0
0
0
0
0
0
0
0
0
0
0
0
0
0
0
0
0
0
0
0
0
0
0
0
0
0
0
0
0
0
0
0
0
0
0
0
0
0
0
0
0
0
0
0
0
0
0
0
0
0
0
0
0
0
0
0
0
0
0
0
0
0
0
0
0
0
0
0
0
0
0
0
0
0
0
0
0
0
0
0
0
0
0
0
0
0
0
0
0
0
0
0
0
0
0
0
0
0
0
0
0
0
0
0
0
0
0
0
0
0
0
0
0
0
0
0
0
0
0
0
0
0
0
0
0
0
0
0
0
0
0
0
0
0
0
0
0
0
0
0
0
0
0
0
0
0
0
0
0
0
0
0
0
0
0
0
0
0
0
0
0
0
0
0
0
0
0
0
0
0
0
0
0
0
0
0
0
0
0
0
0
0
0
0
0
0
0
0
0
0
0
0
0
0
0
0
0
0
0
0
0
0
0
0
0
0
0
0
0
0
0
0
0
0
0
0
0
0
0
0
0
0
0
0
0
0
0
0
0
0
0
0
0
0
0
0
0
0
0
0
0
0
0
0
0
0
0
0
0
0
0
0
0
0
0
0
0
0
0
0
0
0
0
0
0
0
0
0
0
0
0
0
0
0
0
0
0
0
0
0
0
0
0
0
0
0
0
0
0
0
0
0
0
0
0
0
0
0
0
0
0
0
0
0
0
0
0
0
0
0
0
0
0
0
0
0
0
0
0
0
0
0
0
0
0
0
0
0
0
0
0
0
0
0
0
0
0
0
0
0
0
0
0
0
0
0
0
0
0
0
0
0
0
0
0
0
0
0
0
0
0
0
0
0
0
0
0
0
0
0
0
0
0
0
0
0
0
0
0
0
0
0
0
0
0
0
0
0
0
0
0
0
0
0
0
0
0
0
0
0
0
0
0
0
0
0
0
0
0
0
0
0
0
0
0
0
0
0
0
0
0
0
0
0
0
0
0
0
0
0
0
0
0
0
0
0
0
0
0
0
0
0
0
0
0
0
0
0
0
0
0
0
0
0
0
0
0
0
0
0
0
0
0
0
0
0
0
0
0
0
0
0
0
0
0
0
0
0
0
0
0
0
0
0
0
0
0
0
0
0
0
0
0
0
0
0
0
0
0
0
0
0
0
0
0
0
0
0
0
0
0
0
0
0
0
0
0
0
0
0
0
0
0
0
0
0
0
0
0
0
0
0
0
0
0
0
0
0
0
0
0
0
0
0
0
0
0
0
0
0
0
0
0
0
0
0
0
0
0
0
0
0
0
0
0
0
0
0
0
0
0
0
0
0
0
0
0
0
0
0
0
0
0
0
0
0
0
0
0
0
0
0
0
0
0
0
0
0
0
0
0
0
0
0
0
0
0
0
0
0
0
0
0
0
0
0
0
0
0
0
0
0
0
0
0
0
0
0
0
0
0
0
0
0
0
0
0
0
0
0
0
0
0
0
0
0
0
0
0
0
0
0
0
0
0
0
0
0
0
0
0
0
0
0
0
0
0
0
0
0
0
0
0
0
0
0
0
0
0
0
0
0
0
0
0
0
0
0
0
0
0
0
0
0
0
0
0
0
0
0
0
0
0
0
0
0
0
0
0
0
0
0
0
0
0
0
0
0
0
0
0
0
0
0
0
0
0
0
0
0
0
0
0
0
0
0
0
0
0
0
0
0
0
0
0
0
0
0
0
0
0
0
0
0
0
0
0
0
0
0
0
0
0
0
0
0
0
0
0
0
0
0
0
0
0
0
0
0
0
0
0
0
0
0
0
0
0
0
0
0
0
0
0
0
0
0
0
0
0
0
0
0
0
0
0
0
0
0
0
0
0
0
0
0
0
0
0
0
0
0
0
0
0
0
0
0
0
0
0
0
0
0
0
0
0
0
0
0
0
0
0
0
0
0
0
0
0
0
0
0
0
0
0
0
0
0
0
0
0
0
0
0
0
0
0
0
0
0
0
0
0
0
0
0
0
0
0
0
0
0
0
0
0
0
0
0
0
0
0
0
0
0
0
0
0
0
0
0
0
0
0
0
0
0
0
0
0
0
0
0
0
0
0
0
0
0
0
0
0
0
0
0
0
0
0
0
0
0
0
0
0
0
0
0
0
0
0
0
0
0
0
0
0
0
0
0
0
0
0
0
0
0
0
0
0
0
0
0
0
0
0
0
0
0
0
0
0
0
0
0
0
0
0
0
0
0
0
0
0
0
0
0
0
0
0
0
0
0
0
0
0
0
0
0
0
0
0
0
0
0
0
0
0
0
0
0
0
0
0
0
0
0
0
0
0
0
0
0
0
0
0
0
0
0
0
0
0
0
0
0
0
0
0
0
0
0
0
0
0
0
0
0
0
0
0
0
0
0
0
0
0
0
0
0
0
0
0
0
0
0
0
0
0
0
0
0
0
0
0
0
0
0
0
0
0
0
0
0
0
0
0
0
0
0
0
0
0
0
0
0
0
0
0
0
0
0
0
0
0
0
0
0
0
0
0
0
0
0
0
0
0
0
0
0
0
0
0
0
0
0
0
0
0
0
0
0
0
0
0
0
0
0
0
0
0
0
0
0
0
0
0
0
0
0
0
0
0
0
0
0
0
0
0
0
0
0
0
0
0
0
0
0
0
0
0
0
0
0
0
0
0
0
0
0
0
0
0
0
0
0
0
0
0
0
0
0
0
0
0
0
0
0
0
0
0
0
0
0
0
0
0
0
0
0
0
0
0
0
0
0
0
0
0
0
0
0
0
0
0
0
0
0
0
0
0
0
0
0
0
0
0
0
0
0
0
0
0
0
0
0
0
0
0
0
0
0
0
0
0
0
0
0
0
0
0
0
0
0
0
0
0
0
0
0
0
0
0
0
0
0
0
0
0
0
0
0
0
0
0
0
0
0
0
0
0
0
0
0
0
0
0
0
0
0
0
0
0
0
0
0
0
0
0
0
0
0
0
0
0
0
0
0
0
0
0
0
0
0
0
0
0
0
0
0
0
0
0
0
0
0
0
0
0
0
0
0
0
0
0
0
0
0
0
0
0
0
0
0
0
0
0
0
0
0
0
0
0
0
0
0
0
0
0
0
0
0
0
0
0
0
0
0
0
0
0
0
0
0
0
0
0
0
0
0
0
0
0
0
0
0
0
0
0
0
0
0
0
0
0
0
0
0
0
0
0
0
0
0
0
0
0
0
0
0
0
0
0
0
0
0
0
0
0
0
0
0
0
0
0
0
0
0
0
0
0
0
0
0
0
0
0
0
0
0
0
0
0
0
0
0
0
0
0
0
0
0
0
0
0
0
0
0
0
0
0
0
0
0
0
0
0
0
0
0
0
0
0
0
0
0
0
0
0
0
0
0
0
0
0
0
0
0
0
0
0
0
0
0
0
0
0
0
0
0
0
0
0
0
0
0
0
0
0
0
0
0
0
0
0
0
0
0
0
0
0
0
0
0
0
0
0
0
0
0
0
0
0
0
0
0
0
0
0
0
0
0
0
0
0
0
0
0
0
0
0
0
0
0
0
0
0
0
0
0
0
0
0
0
0
0
0
0
0
0
0
0
0
0
0
0
0
0
0
0
0
0
0
0
0
0
0
0
0
0
0
0
0
0
0
0
0
0
0
0
0
0
0
0
0
0
0
0
0
0
0
0
0
0
0
0
0
0
0
0
0
0
0
0
0
-1.10058
0.430246
0.231259
-0.10374
-1.32173
0.292311
-0.56031
0.771435
0.282633
-0.438415
0.162889
-1.03785
-0.742261
0.00593418
0.219471
-0.110271
-0.422262
0.320349
0.0527932
-0.493869
-1.76135
0.427792
0.646044
-0.813155
0.108275
0.326234
-1.50261
0.0609627
0.0942791
0.00624175
-0.622544
0.295648
-0.103838
-1.54079
0.56693
0.409366
0.332667
-0.165126
-0.713778
-0.28277
0.107777
-1.14218
-0.132596
0.271469
0.122438
0.0910814
0.286908
-1.0049
-0.931876
0.335471
-0.843716
-0.34996
0.234588
-0.808094
-0.871479
0.582669
-0.438424
-0.836738
-0.0383582
-0.273688
0.114607
0.620279
0.0464033
-0.868338
0.255792
0.00204135
0.705577
0.412777
-1.01048
-0.115665
-0.953797
-0.700163
-0.0245613
0.417779
0.180591
0.112269
-2.50923
-0.347052
-0.167902
0.301693
-0.364987
-0.349619
0.0530332
-0.644442
0.307304
-0.322063
-0.50011
-0.409699
0.324481
0.113886
-1.1574
0.102246
0.133543
-0.229683
-0.25413
0.707013
0.0804713
-0.567875
-0.705222
0.528224
-0.520114
-0.671025
-1.22788
0.276207
-0.415857
-0.968366
-1.39973
-2.11758
-0.773724
0.338869
0.0119129
-0.537513
0.276265
0.222343
-0.485714
0.214486
0.0976243
-0.788758
-0.530209
0.423718
0.285398
0.212063
-0.0564159
-0.149296
-0.43061
0.0853667
0.550214
-0.325446
0.710388
-0.594545
-0.298344
0.233466
-0.882618
-0.422746
-0.857579
-0.301353
-0.977704
-0.204936
0.588215
-0.94189
-0.0310803
-2.06509
0.0303086
-0.14181
-0.341222
-1.18111
0.11534
-0.528515
0.345339
-0.991506
0.289826
0.459134
0.49776
-0.466959
-0.1033
-1.13399
-0.22039
0.19251
-0.886982
0.399709
0.282278
0.352545
0.0824086
-1.39577
0.334878
-0.224257
-1.4737
-1.62418
0.254658
-0.370749
-0.959477
0.225357
0.267572
0.527507
0.565366
0.119807
0.295187
0.275309
-0.938502
-0.4795
-0.0504662
0.566822
0.541368
-0.0841372
-0.759586
0.527957
0.221408
-0.120894
0.21364
-0.782411
0.372566
-0.067672
-1.0424
0.198501
0.724913
0.449751
-0.473809
-0.574364
0.0560426
0.389419
-1.03695
0.0988377
0.620849
0.449436
-0.628571
0.172674
0.0952376
-0.769513
-1.24456
-2.16801
-0.882795
-0.21306
-0.741851
-1.12017
-0.296157
-0.730231
-1.04481
-0.379696
-0.173514
-0.380337
-0.57882
0.537727
-1.41381
-0.501579
-0.289705
-0.351004
-0.267939
-0.260891
-0.729404
0.704988
-1.28397
-0.956999
0.814612
-0.468128
0.407107
0.203967
-0.241386
-0.717447
-0.457214
-0.704845
-1.03682
-0.426121
-0.209453
0.26681
-0.078633
0.140131
-0.686182
-0.131076
-0.446651
-0.391682
0.219744
-0.481469
0.617982
0.574251
-0.279086
-2.45681
-0.256389
-0.0611069
-1.41431
-1.02182
-0.943201
-0.894302
-0.0532033
0.637976
-1.36773
-0.885671
-1.68923
0.448781
0.112779
-0.424069
-0.142164
0.0917556
0.200258
0.431323
-0.0732487
-2.17169
-0.326459
-0.349397
0.00677948
-0.124949
-0.239934
-0.136127
0.317762
0.0615471
-0.378754
-0.214162
-0.291876
-1.48637
-0.0499456
-0.735228
0.112363
0.685047
-0.762496
0.123174
-0.710655
0.37207
0.553589
-2.00874
-2.32762
0.200688
-0.825605
-0.48838
-0.176082
-0.0830508
-1.58392
0.0994418
-0.574069
-0.278722
0.619083
-1.2751
-0.7391
-0.807948
0.844438
-1.68182
-1.14042
0.119386
-0.461663
-1.74448
0.502624
-0.558425
0.423581
0.0461198
0.485095
-0.0434107
0.665994
-0.517694
0.228948
-1.66439
0.335544
0.0380965
-1.66221
0.008564
0.499006
-0.62957
-0.121578
-0.464628
-0.138342
0.269331
-0.875425
-3.27841
-3.17705
-0.694919
0.704591
0.211143
-0.744178
-0.515578
0.312991
-0.683797
-0.111305
0.407309
-1.22076
0.353988
0.187735
-0.181861
0.111315
0.25146
-0.891645
0.209801
-0.743925
-0.427901
-0.975405
0.232256
-1.11806
0.36481
-1.203
-0.369726
0.140559
0.229469
-1.45675
-0.324572
-0.267658
-0.900397
0.419069
-0.311432
0.561616
-2.41482
0.716007
-0.603779
0.280786
-1.77954
0.514255
-0.870276
-1.43537
-0.482954
0.292196
-0.349182
-0.0294725
-0.730045
0.287257
-0.977171
-0.420523
-1.15504
0.478917
0.812205
-0.743201
-0.0464056
0.310434
-1.34275
-0.142422
0.430696
-1.00545
-0.448691
-2.17067
0.570319
-1.23481
0.565167
-1.33882
-1.0104
-1.26857
-1.30033
0.0303161
-0.642293
-0.51585
-0.297842
-0.187004
0.924391
-0.626944
-0.325909
0.646354
-0.503249
-0.50551
-0.615267
-1.18269
-2.02017
-1.25958
-0.731413
0.571765
0.00862848
0.231043
-0.488635
-0.862306
-0.70598
-0.622591
-1.11275
-0.970961
0.422275
0.0288648
-0.297457
-1.47889
-1.15207
0.426373
0.444222
-0.234707
-0.576843
0.365949
-1.67131
0.104989
-1.19695
0.0276924
-0.915111
0.0887374
0.0425328
0.549591
0.584687
-1.92717
0.377545
-0.0914002
-0.88222
-0.11361
-0.295916
0.064772
0.507989
0.303354
-0.063132
-0.786844
0.286813
-0.575937
-0.477468
-0.878208
-0.415439
-0.0919776
0.233705
-0.914254
-0.283825
-0.823325
0.798335
-1.77142
-1.01615
0.508762
0.0582486
-1.00143
0.229651
-0.0871291
-0.250164
-0.190012
-0.830857
0.238945
0.405894
0.387786
-0.945299
-0.390291
-0.505214
0.50795
-0.143768
0.272705
-0.0858082
-0.599103
0.333856
-0.476407
0.0354195
-1.14484
-2.17468
-1.4237
0.180248
-0.585036
-0.867629
-0.228767
-0.667129
-1.17982
0.306547
-0.0950891
0.263233
-0.0748288
-0.0150219
-0.123826
-0.0414011
-0.223362
0.432829
-1.15013
-0.442913
0.388398
-2.32577
-1.38151
-0.171276
-0.424593
0.516123
-1.56715
0.287671
-0.0548536
0.0141514
0.441975
-0.47407
0.159375
0.416381
-0.0695232
-0.139378
0.291417
0.0818563
-1.12328
-0.225823
-0.653126
-1.50792
0.128282
-0.801461
0.155966
0.600034
0.0866045
-1.11749
0.431547
-0.758322
-1.43388
-1.2143
-0.49604
-0.0750078
0.145246
0.165893
0.0707368
0.155982
-2.04289
-1.04269
-0.295686
0.33252
-1.86474
-1.63293
0.432302
-0.439956
-0.00338873
-0.854416
-0.506656
0.363745
-1.31584
-2.70939
-0.366417
0.350282
-1.23274
0.354403
-0.766434
-1.20955
0.173315
0.0404757
0.133366
0.11249
-0.853124
-0.641552
-1.6606
-1.13888
-0.615791
0.31329
0.422292
-0.713339
-0.756939
-0.9821
-0.104622
0.216456
0.395666
-0.145997
-0.692498
-0.335269
-0.349718
0.0380354
-1.41247
0.169544
-0.935374
0.426689
-1.1742
-0.12191
-2.07596
0.290906
-0.412229
-2.07526
0.283225
0.256996
0.50231
-2.31531
0.491661
0.377823
-0.34075
0.0477904
-0.296994
-0.52607
-0.243191
-0.964997
-0.582027
-1.59215
0.0508612
-1.16599
-1.05167
0.569441
-1.4024
-0.350321
0.141051
-1.22832
-0.61534
-1.00499
-1.64263
0.46807
-0.0458565
-0.424726
-0.059312
0.0420916
0.133079
-0.0378864
0.187884
-0.150213
-0.781531
-0.446631
0.0326952
-0.266072
-0.607888
-0.322394
-1.60864
0.129985
-0.220645
-0.0416222
-0.419538
0.0655898
0.47202
-0.574823
-0.772898
-1.30731
0.321586
-1.01733
-0.308705
-0.795922
-0.732252
-0.38201
-1.44075
0.00514024
0.449934
0.322102
-0.39712
-0.291438
0.611849
-0.531113
0.303535
-0.190642
0.687739
0.493115
-0.918559
0.617822
0.657971
-1.93188
-0.797204
-1.91193
0.443155
-0.737124
-0.238519
0.465746
-0.696783
-0.209403
-0.397332
-1.01545
0.400555
-0.159328
0.515122
-2.41259
0.00371951
-1.09144
-0.0200648
-0.310696
-2.03969
0.430941
0.627054
0.0800187
-0.568456
0.247152
0.382678
0.17082
-0.348954
-0.0273206
-0.638446
-2.0947
-0.276656
-1.44882
0.350849
-1.21477
-1.28681
0.018311
0.32326
-0.899261
0.261516
0.0221862
-1.04873
0.352842
-0.22792
-0.541058
-0.212678
-0.911079
-0.0583483
-0.11395
0.535455
-1.438
-0.441316
-0.699744
-0.804684
-0.479822
0.12111
-0.309149
0.190619
0.100944
-0.542796
-0.220938
0.173321
-1.38353
0.705076
-0.492143
-0.180565
-0.477482
-1.67614
-1.91637
-0.287715
-1.21418
-0.724666
0.137435
-0.147821
0.394554
0.48731
0.0760709
0.194221
-0.590362
0.155486
0.110745
0.10512
-1.29545
-0.721439
0.442951
-0.133126
-0.079265
-0.810607
0.488678
-0.178415
-1.63207
0.530734
-0.103301
0.425303
-0.0903636
-0.0874833
-0.229202
0.173347
0.127442
-0.81382
-0.301906
-0.552422
0.491817
0.524262
-1.47622
-1.31766
0.168357
0.630874
-0.389394
0.309607
-0.729827
0.0411676
0.396174
0.195918
-0.348693
-0.686483
-2.00757
-1.56201
-0.545179
-0.316698
0.600154
0.215952
0.309097
-0.279018
-0.485449
0.145458
-1.22644
-1.31807
0.191894
0.1898
-1.78503
0.392581
-0.344031
-0.841032
-0.738824
-0.647847
0.0300462
0.526985
-0.155623
0.155947
-0.108839
-1.70704
-1.79749
0.198607
0.285032
0.309788
-1.42401
-0.735565
-0.330625
-1.199
-0.647544
-0.79106
-0.253357
-1.12645
0.140173
0.250152
-0.837219
0.524775
0.378016
0.481347
-0.157006
0.230524
-0.882517
0.370996
0.598539
0.41197
-0.86433
-0.303459
-0.818239
-0.379324
-0.950269
-1.43332
-1.43744
0.179657
-0.0687517
-0.825405
-1.59563
0.229799
0.190441
-1.17467
-1.28195
0.537986
-0.428059
0.572322
-0.799248
-1.34418
-0.259214
-0.966812
0.124849
0.131178
-0.868854
0.44719
-0.626754
0.0375499
-1.15716
-0.908842
-0.935771
-0.460069
-2.23616
0.700773
-0.778151
0.329521
-0.713335
-0.224777
-1.30485
-0.241644
0.110707
0.0621026
-1.04136
-0.240344
0.116763
-0.230667
-0.962673
0.204033
-0.180232
-0.849711
-1.32605
-1.21262
-0.378987
-1.39005
-1.15934
0.598092
-1.33799
0.642398
0.0285751
-0.318445
-1.17784
-1.58355
-0.621895
-0.355136
0.608063
0.497702
-1.24748
-1.20788
-0.174881
-0.302133
0.0107908
-0.261546
-0.383695
0.232317
0.402221
-0.913508
-0.20812
0.0726843
-0.587355
-1.00971
-1.8305
0.311347
-0.402552
-0.0978224
-0.435623
0.475732
0.57095
0.523367
-0.575428
0.194238
-0.595593
0.661255
0.460755
-0.543469
0.267706
-0.736883
-1.63756
0.0934809
0.449521
-0.0384849
0.0710531
-0.333433
0.00632091
0.322074
0.702181
-0.618848
0.106918
-1.02529
0.00340139
-0.173392
-0.0644621
-0.536123
0.0939811
0.019344
0.138685
-0.642392
-0.401112
0.42526
-1.2627
0.0405194
-0.0503414
-0.265372
0.382351
0.142163
-1.10986
-0.0532592
0.578472
0.488981
-0.322335
-0.485655
-0.392328
-0.416302
0.0225636
-0.592861
0.324919
-1.745
-1.45542
0.120342
-1.56006
0.266138
0.106619
0.518511
0.336345
-0.389392
-0.148042
0.0138665
-0.528497
-0.178586
0.0659317
0.464284
-0.540953
-1.14867
-2.39812
0.536478
0.460855
-0.492822
-0.877189
-0.178393
-0.253941
-1.10478
-0.36637
-0.483325
0.0496607
-0.567905
-0.0210892
-0.321187
-0.0173991
-1.13472
-1.15953
0.0770244
-0.0880883
0.0125743
0.352796
-0.186541
0.0946157
0.560162
0.43545
-0.0255356
0.589714
-0.710811
-0.98837
0.229974
-0.08489
0.505336
0.37664
-1.01076
-0.648901
-0.328074
-0.566838
-0.390135
0.0937454
0.424272
-0.795081
0.374274
0.18406
-0.129975
-0.569705
0.40386
-0.979973
0.0805337
0.019753
-0.181035
0.0241215
-0.434411
0.100239
-0.1152
0.207709
0.109013
-0.339668
-1.08833
-0.237663
-1.82124
0.303688
0.242338
-0.987966
-0.0634345
-0.0388688
-0.119565
0.340938
-1.64288
0.276134
-0.340168
-0.521026
-0.479415
-0.0135562
-0.707327
0.549567
-0.410222
-0.115752
0.552818
0.31996
-0.192416
-0.0138183
0.13383
-1.00452
-0.561819
-1.10189
-0.190867
-0.515219
0.2088
0.563254
0.414053
-0.719208
-0.135532
-0.529653
0.165202
-0.668511
-0.140954
-0.0189501
-0.123952
0.282444
0.0920537
-1.31089
-0.776339
-0.0477318
0.587699
-0.92374
0.395745
0.025779
0.231687
0.29033
-0.667336
0.40512
-2.00663
0.584919
-0.244132
-0.584628
-1.15363
-0.00598139
-0.916505
-1.11501
-0.787125
0.300786
0.116378
-0.812174
-0.578447
0.0102023
-1.68003
-0.55429
0.493564
0.442124
-0.545872
-1.25717
0.380985
-0.340856
-0.702547
-0.359591
0.0734286
0.152698
-1.56627
0.25169
-0.0179839
-0.668746
-0.432341
0.249233
-0.211332
0.201109
-1.43343
0.457771
0.205434
0.159359
0.596025
-1.7797
-0.51877
-0.629768
0.0851331
-0.357657
0.279386
-0.527466
-0.136899
-0.974753
0.25266
0.313948
0.282888
-0.343292
-0.221705
-0.318116
0.321379
-0.766675
0.209154
0.485738
0.496231
0.380073
0.320216
0.647364
-1.41483
-0.280233
0.0317077
-1.21004
-0.206298
-0.235471
0.0719894
0.225112
0.0306275
-0.0466761
-0.149275
-0.374565
0.0900124
-0.177535
-0.219198
-0.292733
-0.666345
-0.669072
0.159525
-0.484632
-0.933716
0.0135439
0.287931
0.181313
-0.341268
-0.264926
0.297579
-0.342539
-0.780078
0.288439
-1.03194
-0.147892
-0.724661
-1.84398
-1.24643
-0.344746
-0.309678
-0.142348
0.598433
0.155328
0.0982291
0.0312371
-0.623905
-0.567655
-0.0596031
0.0464812
0.0596478
-0.32027
0.207144
-1.14023
-1.58235
-0.633355
-0.0736572
-0.602657
-0.641303
-1.36404
0.42358
0.245977
-0.943947
-0.57332
-0.0384022
-1.00093
-1.11263
-0.274059
-0.97122
0.210516
0.253552
-0.857759
-0.577246
0.401233
0.396815
0.541392
0.692861
-2.36217
-0.448443
0.0166921
-1.56219
0.00770205
-1.75974
-0.354127
-0.175328
-0.93676
0.364294
0.246533
0.646541
-0.182876
-0.43141
0.271467
0.335457
-0.749674
-0.868595
-2.25311
-0.051923
-0.324525
-0.845325
-0.091785
0.301052
-0.0341124
-0.251646
-0.160575
0.211706
0.45309
0.00286033
-1.59922
0.350959
-0.314554
0.449058
0.333688
-0.0191347
-0.432968
0.311524
0.440401
-0.468452
-0.96685
-0.614857
-1.11544
0.128268
0.460073
-0.330942
0.731686
0.0915677
-0.439357
0.151816
0.0480224
-0.306748
-0.649025
0.21242
0.23291
-1.09476
-0.274877
-0.3491
-0.0466408
0.651051
-0.270464
0.171091
-0.538303
-2.06662
-0.305764
0.541098
-0.0622662
-1.03797
-0.166654
-0.154523
-0.114125
-0.0761767
-1.02754
-0.322167
0.416683
-0.380032
-0.683541
0.117693
-0.55353
-1.24815
-0.440141
-0.118728
-0.027951
-0.543689
0.232175
-0.813879
-0.0321187
-0.282351
0.330284
0.0116736
-0.309405
-0.0244481
0.2114
0.389772
-0.647518
0.118753
-3.28104
0.431484
0.0539054
-2.10381
0.116337
0.723164
0.397197
-0.0863808
0.363603
0.499608
-0.0412632
-0.92165
0.0204528
0.0183431
-0.168175
-1.53278
-2.08332
0.19709
0.228964
0.26478
-0.76097
-0.053829
-0.218615
0.358017
-0.632037
-0.156062
-0.146731
-0.254051
-0.867543
0.274287
0.26777
0.278138
-0.429786
-1.60238
0.394984
-0.317291
0.252375
-0.0438418
0.0438116
0.520132
0.0124651
0.239469
0.0564941
0.257002
-1.48058
-0.547674
-1.42204
-0.185088
-0.449444
0.428946
-0.155149
-0.369983
-0.170302
-0.934368
0.111405
0.0811222
-0.241891
0.195287
-0.593434
-0.190091
-0.855949
-0.294861
0.334184
-0.527024
0.42891
0.0722289
-0.512637
-0.674046
0.0645081
0.238999
-0.0400413
-0.274211
0.142442
-0.980501
-0.611537
-0.226583
0.222473
0.504359
0.0349603
0.0790224
-0.297611
0.395318
-0.110462
-0.934113
0.16695
-0.318075
-0.557897
0.163458
-0.259139
0.553568
0.357242
0.466424
0.339921
-1.54022
0.03418
-1.10182
-0.482059
-0.334471
-0.62256
-0.725755
-0.0510361
-0.708236
-1.39557
-0.0455811
-0.283178
-1.9129
-0.423618
-0.493821
-0.771205
0.55193
-0.703757
0.258134
0.181297
-1.02831
-0.613036
0.413204
0.445424
0.167237
0.208524
-0.550728
-1.49351
0.115022
0.284621
-0.127436
-1.34674
-0.240912
-0.19695
0.234251
0.44881
0.115314
0.50667
-0.189331
-0.596639
-0.361265
0.358575
0.266433
-2.77524
-0.56653
0.465831
-0.333646
0.0515539
-0.0289436
-0.133009
0.48431
-0.0896984
-0.0271046
-0.0860097
0.213062
-0.972435
0.371089
0.570449
0.405489
0.444837
-1.19914
-1.71592
-0.569208
0.358131
0.0684546
-0.376732
0.267827
0.313899
-0.0201123
0.501219
-0.0514301
0.0503784
0.632145
-1.51478
-0.442224
0.049854
-0.849377
-0.479376
-0.746378
-0.913223
-0.211369
0.319639
-0.964524
-0.592251
-0.195876
-0.0447004
-0.754158
0.567988
-0.0671444
0.340742
-1.9004
-0.889509
0.26667
-1.06256
-0.781396
-0.198785
0.11285
-0.554926
0.489111
0.0391208
-0.0496564
0.0579979
-0.813035
-1.25366
0.0259071
0.218586
0.208157
-0.427503
-0.810145
0.301723
-0.582001
-0.564028
-0.56796
-0.379714
0.341492
-1.19998
-0.90846
-0.823242
-0.0271249
-0.647718
-0.570487
0.327533
-0.107653
0.459658
-1.02248
-0.486552
-0.175379
-1.48176
-0.0476
0.0796387
-0.0436999
-0.35766
0.263428
-0.735316
0.206737
-0.464825
0.142874
-0.322866
0.51181
-0.870271
-0.266459
-0.352777
0.0680525
-0.526992
-0.127576
-0.787519
0.0379898
0.521858
0.0545448
-0.446157
0.560381
-0.667422
-0.420946
-0.797679
0.081558
-0.619971
0.114531
0.00524522
0.285488
-0.90184
0.789248
-0.0861535
-0.00103915
-0.0250251
-0.83304
-0.414263
-0.994382
-0.32303
-0.677883
0.307055
0.423176
0.177415
0.276924
-1.1612
-0.348494
-0.35641
-1.1769
0.095632
-0.946121
0.199147
0.402152
-0.544912
-0.0753782
-0.735917
-0.00384923
-1.08535
-0.211963
0.0140339
-0.314736
-1.63871
-0.679426
-1.24896
-0.287392
0.264659
-0.887037
0.242363
0.278855
-0.139599
0.504061
-0.398234
-0.162007
-0.305738
-1.51781
-0.162246
0.12655
0.144725
0.30563
0.0799776
0.100731
-0.482629
0.497837
-0.50652
-0.594884
0.380359
-0.0587524
-0.716274
-0.719891
0.583735
-0.14875
0.0216487
0.0379582
0.188357
0.346721
0.555049
-0.605537
0.12752
0.585272
0.558194
-1.73962
-0.921601
0.246872
-0.31214
-0.1972
-0.778083
0.0618494
-0.395564
-1.12584
0.320975
0.154381
0.343632
-0.0143602
0.392209
0.145183
0.0236227
-0.0772137
-0.820922
-0.558226
-0.676318
-0.71363
0.0436896
0.19399
0.189408
-0.839858
-0.984566
-0.303134
-1.1013
-0.457921
0.225526
-0.321234
-0.599782
-0.0669896
0.0926385
-0.990776
0.295689
0.804032
-0.532075
-1.52023
0.27045
-0.0262541
0.409267
-1.03103
0.373395
-0.951487
-0.390693
0.39207
0.0277294
0.145521
-0.203056
-0.990199
-0.00852925
-0.794978
0.155423
-0.324202
0.381148
-0.414473
-0.136518
-0.00021686
-1.59425
-0.519068
0.485592
-1.03361
-0.3272
0.341129
-0.0950693
0.0323164
-1.58317
-0.208139
0.176505
0.0527085
-0.0387272
-0.448249
-0.672085
-0.558357
-0.936751
0.0241042
0.515749
-0.785055
-0.931874
0.557667
0.456991
0.144999
0.479007
-0.894167
-1.53106
-0.0107378
0.506402
0.41097
-0.0644177
-1.36918
-0.354135
-0.560549
-0.421134
-0.671613
-0.752922
-0.0275991
-0.692856
-1.12327
0.126591
0.779526
0.139372
0.31483
-0.568536
-0.15857
-0.319005
0.0727801
-0.133412
-0.392477
-1.35341
0.0560774
-0.668224
-0.369039
0.024046
0.1875
-0.179527
-0.273639
-0.0767808
-0.586951
0.222319
-1.08277
-1.31574
-0.0570244
0.470475
-0.119034
-0.466661
0.236884
-0.02077
0.100801
-0.392355
0.176182
-0.478774
0.632525
-0.340277
0.466369
0.104673
-0.095014
-0.312004
0.190164
-0.884255
-0.481762
-0.455558
-0.256287
0.748721
-1.42825
-0.539875
0.156893
-0.273678
0.41281
0.33733
0.378758
-0.831105
-0.735125
0.22542
-0.332295
0.25527
-0.54266
0.187313
-0.398829
0.52455
-1.46337
0.089687
-2.13719
0.0610631
-0.989711
-0.854456
-0.275082
-0.845143
-0.548278
0.042616
-0.44007
0.187653
-0.208667
0.382013
0.445519
-0.465252
-0.685321
-0.0479906
-0.171183
0.306986
-0.884001
0.716528
0.391987
0.406293
0.464206
0.0611972
-0.0514491
0.223318
-1.19331
0.209658
-0.0954131
-1.37591
0.638487
-0.501966
-0.632243
-0.835535
0.26564
0.377824
0.384278
0.387932
-0.356411
0.285124
-0.0372056
0.162523
0.206673
-0.0889631
0.316364
-0.0769323
0.0413694
0.288091
-1.3946
0.426067
0.24892
-0.586305
0.477969
-1.14396
-0.328438
-0.910656
0.283089
-0.488271
0.453061
0.0155156
-0.430167
-0.307406
0.373713
0.734101
0.165792
-0.16158
0.333478
0.717961
-1.2605
0.328201
-0.618036
-0.376231
-0.01435
-0.922644
-0.665984
-2.31108
-0.0991217
-0.493426
-1.00348
0.100684
-0.0529177
0.365756
-0.0262793
0.254226
-0.349014
0.195429
0.427561
0.127843
0.164292
-0.208322
-0.338652
-0.0924525
0.351242
-0.618074
0.41398
0.07457
-0.651758
-1.26083
0.0736905
0.486687
-0.0364238
0.405267
-0.176517
0.512771
-1.82143
0.401043
0.229015
-2.46486
-0.533209
0.295684
0.380067
-0.99339
-1.49212
0.408784
0.0148382
-1.25384
0.259152
0.419587
-0.00264153
0.241614
0.222065
-0.61275
-0.187782
-0.331714
-1.0465
0.52506
-1.16501
-0.122089
-0.860422
-0.640276
-0.976164
-1.51512
0.316692
0.0963142
-0.463872
0.0296392
-0.624723
-0.403752
-0.20776
-0.0115284
-0.129068
0.780193
0.516695
-1.43314
-0.236083
0.740759
-0.568349
-0.356499
-1.63757
0.230951
-0.962421
0.316929
-0.522175
-0.0707953
-0.257308
-1.06623
0.163614
0.00982611
-0.193026
0.159995
-0.915139
-2.69324
0.386765
0.290072
-0.733517
-0.315754
-0.926884
-0.0667637
-0.0126739
0.598938
0.348296
-0.655932
-0.244919
-1.35278
0.596574
-0.922108
