0
0
0
0
0
0
0
0
0
0
0
0
0
0
0
0
0
0
0
0
0
0
0
0
0
0
0
0
0
0
0
0
0
0
0
0
0
0
0
0
0
0
0
0
0
0
0
0
0
0
0
0
0
0
0
0
0
0
0
0
0
0
0
0
0
0
0
0
0
0
0
0
0
0
0
0
0
0
0
0
0
0
0
0
0
0
0
0
0
0
0
0
0
0
0
0
0
0
0
0
0
0
0
0
0
0
0
0
0
0
0
0
0
0
0
0
0
0
0
0
0
0
0
0
0
0
0
0
0
0
0
0
0
0
0
0
0
0
0
0
0
0
0
0
0
0
0
0
0
0
0
0
0
0
0
0
0
0
0
0
0
0
0
0
0
0
0
0
0
0
0
0
0
0
0
0
0
0
0
0
0
0
0
0
0
0
0
0
0
0
0
0
0
0
0
0
0
0
0
0
0
0
0
0
0
0
0
0
0
0
0
0
0
0
0
0
0
0
0
0
0
0
0
0
0
0
0
0
0
0
0
0
0
0
0
0
0
0
0
0
0
0
0
0
0
0
0
0
0
0
0
0
0
0
0
0
0
0
0
0
0
0
0
0
0
0
0
0
0
0
0
0
0
0
0
0
0
0
0
0
0
0
0
0
0
0
0
0
0
0
0
0
0
0
0
0
0
0
0
0
0
0
0
0
0
0
0
0
0
0
0
0
0
0
0
0
0
0
0
0
0
0
0
0
0
0
0
0
0
0
0
0
0
0
0
0
0
0
0
0
0
0
0
0
0
0
0
0
0
0
0
0
0
0
0
0
0
0
0
0
0
0
0
0
0
0
0
0
0
0
0
0
0
0
0
0
0
0
0
0
0
0
0
0
0
0
0
0
0
0
0
0
0
0
0
0
0
0
0
0
0
0
0
0
0
0
0
0
0
0
0
0
0
0
0
0
0
0
0
0
0
0
0
0
0
0
0
0
0
0
0
0
0
0
0
0
0
0
0
0
0
0
0
0
0
0
0
0
0
0
0
0
0
0
0
0
0
0
0
0
0
0
0
0
0
0
0
0
0
0
0
0
0
0
0
0
0
0
0
0
0
0
0
0
0
0
0
0
0
0
0
0
0
0
0
0
0
0
0
0
0
0
0
0
0
0
0
0
0
0
0
0
0
0
0
0
0
0
0
0
0
0
0
0
0
0
0
0
0
0
0
0
0
0
0
0
0
0
0
0
0
0
0
0
0
0
0
0
0
0
0
0
0
0
0
0
0
0
0
0
0
0
0
0
0
0
0
0
0
0
0
0
0
0
0
0
0
0
0
0
0
0
0
0
0
0
0
0
0
0
0
0
0
0
0
0
0
0
0
0
0
0
0
0
0
0
0
0
0
0
0
0
0
0
0
0
0
0
0
0
0
0
0
0
0
0
0
0
0
0
0
0
0
0
0
0
0
0
0
0
0
0
0
0
0
0
0
0
0
0
0
0
0
0
0
0
0
0
0
0
0
0
0
0
0
0
0
0
0
0
0
0
0
0
0
0
0
0
0
0
0
0
0
0
0
0
0
0
0
0
0
0
0
0
0
0
0
0
0
0
0
0
0
0
0
0
0
0
0
0
0
0
0
0
0
0
0
0
0
0
0
0
0
0
0
0
0
0
0
0
0
0
0
0
0
0
0
0
0
0
0
0
0
0
0
0
0
0
0
0
0
0
0
0
0
0
0
0
0
0
0
0
0
0
0
0
0
0
0
0
0
0
0
0
0
0
0
0
0
0
0
0
0
0
0
0
0
0
0
0
0
0
0
0
0
0
0
0
0
0
0
0
0
0
0
0
0
0
0
0
0
0
0
0
0
0
0
0
0
0
0
0
0
0
0
0
0
0
0
0
0
0
0
0
0
0
0
0
0
0
0
0
0
0
0
0
0
0
0
0
0
0
0
0
0
0
0
0
0
0
0
0
0
0
0
0
0
0
0
0
0
0
0
0
0
0
0
0
0
0
0
0
0
0
0
0
0
0
0
0
0
0
0
0
0
0
0
0
0
0
0
0
0
0
0
0
0
0
0
0
0
0
0
0
0
0
0
0
0
0
0
0
0
0
0
0
0
0
0
0
0
0
0
0
0
0
0
0
0
0
0
0
0
0
0
0
0
0
0
0
0
0
0
0
0
0
0
0
0
0
0
0
0
0
0
0
0
0
0
0
0
0
0
0
0
0
0
0
0
0
0
0
0
0
0
0
0
0
0
0
0
0
0
0
0
0
0
0
0
0
0
0
0
0
0
0
0
0
0
0
0
0
0
0
0
0
0
0
0
0
0
0
0
0
0
0
0
0
0
0
0
0
0
0
0
0
0
0
0
0
0
0
0
0
0
0
0
0
0
0
0
0
0
0
0
0
0
0
0
0
0
0
0
0
0
0
0
0
0
0
0
0
0
0
0
0
0
0
0
0
0
0
0
0
0
0
0
0
0
0
0
0
0
0
0
0
0
0
0
0
0
0
0
0
0
0
0
0
0
0
0
0
0
0
0
0
0
0
0
0
0
0
0
0
0
0
0
0
0
0
0
0
0
0
0
0
0
0
0
0
0
0
0
0
0
0
0
0
0
0
0
0
0
0
0
0
0
0
0
0
0
0
0
0
0
0
0
0
0
0
0
0
0
0
0
0
0
0
0
0
0
0
0
0
0
0
0
0
0
0
0
0
0
0
0
0
0
0
0
0
0
0
0
0
0
0
0
0
0
0
0
0
0
0
0
0
0
0
0
0
0
0
0
0
0
0
0
0
0
0
0
0
0
0
0
0
0
0
0
0
0
0
0
0
0
0
0
0
0
0
0
0
0
0
0
0
0
0
0
0
0
0
0
0
0
0
0
0
0
0
0
0
0
0
0
0
0
0
0
0
0
0
0
0
0
0
0
0
0
0
0
0
0
0
0
0
0
0
0
0
0
0
0
0
0
0
0
0
0
0
0
0
0
0
0
0
0
0
0
0
0
0
0
0
0
0
0
0
0
0
0
0
0
0
0
0
0
0
0
0
0
0
0
0
0
0
0
0
0
0
0
0
0
0
0
0
0
0
0
0
0
0
0
0
0
0
0
0
0
0
0
0
0
0
0
0
0
0
0
0
0
0
0
0
0
0
0
0
0
0
0
0
0
0
0
0
0
0
0
0
0
0
0
0
0
0
0
0
0
0
0
0
0
0
0
0
0
0
0
0
0
0
0
0
0
0
0
0
0
0
0
0
0
0
0
0
0
0
0
0
0
0
0
0
0
0
0
0
0
0
0
0
0
0
0
0
0
0
0
0
0
0
0
0
0
0
0
0
0
0
0
0
0
0
0
0
0
0
0
0
0
0
0
0
0
0
0
0
0
0
0
0
0
0
0
0
0
0
0
0
0
0
0
0
0
0
0
0
0
0
0
0
0
0
0
0
0
0
0
0
0
0
0
0
0
0
0
0
0
0
0
0
0
0
0
0
0
0
0
0
0
0
0
0
0
0
0
0
0
0
0
0
0
0
0
0
0
0
0
0
0
0
0
0
0
0
0
0
0
0
0
0
0
0
0
0
0
0
0
0
0
0
0
0
0
0
0
0
0
0
0
0
0
0
0
0
0
0
0
0
0
0
0
0
0
0
0
0
0
0
0
0
0
0
0
0
0
0
0
0
0
0
0
0
0
0
0
0
0
0
0
0
0
0
0
0
0
0
0
0
0
0
0
0
0
0
0
0
0
0
0
0
0
0
0
0
0
0
0
0
0
0
0
0
0
0
0
0
0
0
0
0
0
0
0
0
0
0
0
0
0
0
0
0
0
0
0
0
0
0
0
0
0
0
0
0
0
0
0
0
0
0
0
0
0
0
0
0
0
0
0
0
0
0
0
0
0
0
0
0
0
0
0
0
0
0
0
0
0
0
0
0
0
0
0
0
0
0
0
0
0
0
0
0
0
0
0
0
0
0
0
0
0
0
0
0
0
0
0
0
0
0
0
0
0
0
0
0
0
0
0
0
0
0
0
0
0
0
0
0
0
0
0
0
0
0
0
0
0
0
0
0
0
0
0
0
0
0
0
0
0
0
0
0
0
0
0
0
0
0
0
0
0
0
0
0
0
0
0
0
0
0
0
0
0
0
0
0
0
0
0
0
0
0
0
0
0
0
0
0
0
0
0
0
0
0
0
0
0
0
0
0
0
0
0
0
0
0
0
0
0
0
0
0
0
0
0
0
0
0
0
0
0
0
0
0
0
0
0
0
0
0
0
0
0
0
0
0
0
0
0
0
0
0
0
0
0
0
0
0
0
0
0
0
0
0
0
0
0
0
0
0
0
0
0
0
0
0
0
0
0
0
0
0
0
0
0
0
0
0
0
0
0
0
0
0
0
0
0
0
0
0
0
0
0
0
0
0
0
0
0
0
0
0
0
0
0
0
0
0
0
0
0
0
0
0
0
0
0
0
0
0
0
0
0
0
0
0
0
0
0
0
0
0
0
0
0
0
0
0
0
0
0
0
0
0
0
0
0
0
1.30936
1.024
1.09098
1.3262
1.02819
1.21215
1.02498
1.024
1.05374
1.17652
1.024
1.02498
1.026
1.15057
1.07851
1.02498
1.024
1.04264
1.1092
1.024
1.03041
1.02887
1.024
1.024
1.02585
1.26368
1.10735
1.20603
1.024
1.29883
1.024
1.024
1.03594
1.13269
1.03752
1.024
1.05527
1.02767
1.07388
1.30796
1.05747
1.13023
1.06501
1.06254
1.15858
1.06781
1.10268
1.10041
1.02827
1.1533
1.02684
1.02515
1.024
1.20941
1.024
1.3983
1.21421
1.12932
1.03089
1.02597
1.03402
1.05092
1.11305
1.02755
1.11762
1.02776
1.40995
1.0266
1.05792
1.02498
1.03035
1.14443
1.02498
1.21113
1.04104
1.16061
1.15243
1.024
1.06172
1.04956
1.024
1.03675
1.05631
1.24752
1.05143
1.024
1.06195
1.04817
1.024
1.024
1.25989
1.03821
1.024
1.02498
1.06615
1.12504
1.024
1.024
1.024
1.05614
1.024
1.024
1.02853
1.07243
1.18757
1.02498
1.20096
1.20528
1.41402
1.3923
1.05606
1.31737
1.02498
1.06032
1.19021
1.35618
1.04336
1.08195
1.02817
1.03492
1.0268
1.42113
1.02524
1.12798
1.48885
1.02498
1.05929
1.024
1.024
1.1006
1.27754
1.31543
1.20592
1.15977
1.024
1.02914
1.024
1.02498
1.14387
1.42089
1.05375
1.31978
1.02498
1.08309
1.024
1.17012
1.02498
1.31377
1.17233
1.21639
1.024
1.44884
1.13624
1.05507
1.024
1.03509
1.024
1.024
1.02498
1.024
1.03237
1.16986
1.04284
1.0287
1.02498
1.024
1.024
1.123
1.02498
1.03107
1.02647
1.02849
1.02883
1.02905
1.024
1.3295
1.06807
1.13489
1.02498
1.11361
1.03653
1.024
1.1141
1.07198
1.04671
1.024
1.07599
1.024
1.23554
1.3116
1.03958
1.0656
1.03337
1.02498
1.0567
1.024
1.15434
1.02726
1.03654
1.05528
1.02498
1.02498
1.024
1.02498
1.11338
1.05977
1.27622
1.03469
1.024
1.25532
1.63617
1.024
1.05221
1.05617
1.41637
1.024
1.04251
1.29913
1.02677
1.18333
1.024
1.02498
1.04881
1.1176
1.56369
1.02803
1.02735
1.42616
1.04464
1.02938
1.02934
1.02498
1.02851
1.12586
1.1932
1.06538
1.06413
1.02672
1.02844
1.02498
1.02498
1.02498
1.40498
1.09458
1.13743
1.02815
1.024
1.06409
1.10866
1.0697
1.04678
1.02601
1.14707
1.02498
1.07676
1.11165
1.21541
1.03765
1.31056
1.024
1.20166
1.024
1.024
1.02713
1.13437
1.27019
1.03659
1.024
1.26624
1.45252
1.25113
1.05115
1.46851
1.24728
1.0289
1.34452
1.024
1.03224
1.024
1.04502
1.02498
1.32864
1.0375
1.0357
1.10716
1.24513
1.024
1.3758
1.02498
1.038
1.2199
1.21711
1.02498
1.37003
1.02498
1.09213
1.024
1.55423
1.24965
1.69136
1.024
1.03182
1.14079
1.02498
1.03221
1.0981
1.15717
1.03849
1.28829
1.024
1.10628
1.02731
1.02498
1.09722
1.05041
1.05722
1.02498
1.02877
1.02498
1.02531
1.14788
1.03861
1.0295
1.024
1.02498
1.024
1.02612
1.06937
1.2855
1.02909
1.15936
1.15678
1.22719
1.02498
1.06555
1.05743
1.11699
1.04436
1.024
1.024
1.07207
1.10675
1.03129
1.32393
1.47111
1.024
1.23497
1.03999
1.03243
1.64126
1.16031
1.024
1.21583
1.1087
1.11157
1.4618
1.024
1.1162
1.27241
1.13967
1.02498
1.22968
1.52039
1.024
1.024
1.14362
1.26381
1.18316
1.34855
1.14372
1.024
1.02498
1.22859
1.15245
1.07058
1.14211
1.41843
1.024
1.09765
1.20301
1.08049
1.024
1.04045
1.38627
1.15116
1.02498
1.0949
1.02498
1.21348
1.15981
1.10337
1.02583
1.03895
1.54204
1.06598
1.02498
1.26153
1.52077
1.024
1.62365
1.04679
1.15488
1.03161
1.024
1.03898
1.024
1.12056
1.10616
1.024
1.1145
1.08474
1.024
1.03731
1.02498
1.04731
1.06503
1.06633
1.08987
1.2656
1.24105
1.024
1.3158
1.57727
1.49845
1.02498
1.39934
1.06816
1.02498
1.32866
1.024
1.024
1.02871
1.05357
1.024
1.024
1.18304
1.02691
1.28583
1.02933
1.07777
1.02679
1.09569
1.03312
1.02612
1.02498
1.02498
1.02498
1.2293
1.25539
1.024
1.024
1.05527
1.06517
1.05905
1.02498
1.10693
1.02498
1.11159
1.03788
1.02498
1.07024
1.02755
1.03207
1.024
1.04203
1.02817
1.05607
1.024
1.03341
1.03474
1.02774
1.68784
1.05688
1.02745
1.04204
1.02743
1.02559
1.03244
1.13377
1.18399
1.07487
1.38089
1.27878
1.0432
1.02498
1.0272
1.83903
1.024
1.03899
1.024
1.11711
1.02639
1.02927
1.03162
1.02742
1.12644
1.04812
1.03938
1.024
1.42524
1.024
1.02498
1.04875
1.04031
1.36858
1.04142
1.14935
1.15271
1.16525
1.04844
1.02993
1.024
1.024
1.0946
1.03898
1.06391
1.02498
1.03942
1.02757
1.13033
1.02653
1.024
1.13959
1.03126
1.02498
1.06337
1.024
1.15609
1.02498
1.05109
1.02965
1.19797
1.024
1.02513
1.11568
1.03127
1.024
1.05574
1.10924
1.05712
1.05306
1.024
1.28095
1.02667
1.13467
1.146
1.08432
1.23862
1.24048
1.02498
1.18463
1.024
1.024
1.50767
1.024
1.11284
1.024
1.02596
1.03107
1.02498
1.03847
1.16021
1.27463
1.21086
1.024
1.18331
1.024
1.024
1.15354
1.07644
1.02798
1.02668
1.02498
1.04356
1.0996
1.16409
1.0381
1.21085
1.12354
1.02498
1.02498
1.12855
1.39261
1.03161
1.02498
1.16056
1.19774
1.02819
1.03701
1.11884
1.16444
1.024
1.02498
1.0438
1.17471
1.04051
1.47952
1.02498
1.02498
1.024
1.0276
1.02673
1.024
1.38646
1.024
1.02498
1.45385
1.024
1.06793
1.20482
1.07365
1.08775
1.03393
1.02972
1.16587
1.08764
1.024
1.026
1.06483
1.14896
1.39973
1.02498
1.024
1.29923
1.03003
1.03103
1.024
1.02805
1.13871
1.18205
1.02515
1.5443
1.21303
1.18233
1.04205
1.024
1.10566
1.02498
1.024
1.08638
1.03741
1.15251
1.02498
1.02498
1.024
1.03661
1.03027
1.09491
1.024
1.024
1.03207
1.03826
1.02498
1.15521
1.02573
1.13492
1.25552
1.024
1.02688
1.47651
1.0355
1.03348
1.024
1.02866
1.11842
1.11772
1.024
1.13795
1.02752
1.58514
1.10466
1.09605
1.02869
1.08387
1.024
1.04453
1.024
1.024
1.18681
1.0287
1.04913
1.16712
1.04215
1.02498
1.02671
1.024
1.06275
1.024
1.02953
1.05045
1.18769
1.024
1.06071
1.33966
1.04227
1.21805
1.02498
1.02498
1.17683
1.07848
1.02498
1.13255
1.024
1.1466
1.03895
1.02498
1.03574
1.04663
1.14381
1.04191
1.024
1.30248
1.15702
1.0537
1.13626
1.03454
1.18099
1.04902
1.22056
1.024
1.13357
1.02498
1.04727
1.04919
1.02805
1.02498
1.29551
1.024
1.36026
1.05692
1.02498
1.02576
1.03241
1.1898
1.28981
1.10833
1.0599
1.20741
1.024
1.1133
1.02498
1.09671
1.02673
1.06506
1.13208
1.024
1.136
1.0464
1.04668
1.024
1.02498
1.02516
1.37693
1.10147
1.17258
1.33031
1.08534
1.024
1.03364
1.07038
1.024
1.05069
1.14228
1.19418
1.06782
1.024
1.16183
1.04439
1.02498
1.22887
1.06239
1.22232
1.57027
1.07239
1.024
1.024
1.1755
1.27908
1.07869
1.42379
1.02568
1.02496
1.03409
1.024
1.12226
1.02498
1.4012
1.04886
1.024
1.024
1.08838
1.2025
1.16346
1.03271
1.32506
1.58661
1.21165
1.02877
1.05127
1.02498
1.02498
1.024
1.05234
1.15406
1.02613
1.024
1.0546
1.02498
1.02979
1.16451
1.024
1.24235
1.024
1.024
1.024
1.02617
1.024
1.25838
1.024
1.02498
1.02498
1.5908
1.06747
1.02498
1.024
1.02498
1.0525
1.03156
1.1318
1.02501
1.0628
1.02498
1.27634
1.02498
1.05467
1.02905
1.024
1.02498
1.04326
1.03955
1.024
1.27391
1.02498
1.03164
1.07958
1.44132
1.16259
1.06042
1.12925
1.02579
1.33561
1.08599
1.06956
1.02498
1.09102
1.44112
1.02647
1.12129
1.024
1.024
1.0483
1.16143
1.024
1.51534
1.38056
1.024
1.14713
1.03715
1.28973
1.05915
1.024
1.024
1.13984
1.02498
1.024
1.03374
1.06466
1.03684
1.10185
1.03725
1.02646
1.11385
1.06927
1.28611
1.15309
1.08222
1.024
1.09815
1.03323
1.02896
1.10121
1.03473
1.02498
1.02732
1.024
1.024
1.02498
1.02678
1.02498
1.12323
1.25955
1.11554
1.02498
1.03346
1.07152
1.024
1.02498
1.02498
1.05177
1.07419
1.16407
1.024
1.02498
1.25331
1.16704
1.024
1.02498
1.08623
1.024
1.024
1.024
1.04328
1.14365
1.0261
1.0255
1.03059
1.0297
1.03915
1.02529
1.02712
1.1913
1.25703
1.02738
1.1965
1.07567
1.02771
1.64494
1.03033
1.0629
1.07927
1.04733
1.02498
1.2439
1.12973
1.02498
1.03117
1.02498
1.024
1.07121
1.37846
1.14772
1.024
1.02981
1.21769
1.024
1.28414
1.05525
1.03536
1.35648
1.24378
1.02498
1.02669
1.1681
1.09582
1.17243
1.02534
1.11221
1.3411
1.024
1.02712
1.03929
1.024
1.02966
1.024
1.04998
1.02756
1.02498
1.04362
1.06621
1.024
1.02498
1.02498
1.10169
1.17856
1.31662
1.22542
1.22135
1.05205
1.0339
1.024
1.024
1.08193
1.06326
1.02706
1.05722
1.08515
1.22486
1.0345
1.13814
1.38918
0.977187
0.819689
1.0655
0.829113
0.8192
0.999346
0.917836
0.863398
0.943738
0.886006
0.831488
0.994678
0.821597
0.853285
0.962034
1.10799
0.823256
1.24137
0.997258
1.10711
0.984764
0.8192
0.933487
0.827718
0.821035
0.964873
0.954709
0.819689
1.43493
0.855852
0.961924
0.822299
0.819689
0.861757
0.963227
0.927779
1.09872
0.834699
1.18845
1.10886
1.36696
0.925972
0.87022
0.926148
1.04962
1.20336
0.831701
1.09348
1.01104
1.00157
1.08864
1.24751
0.843443
0.995427
1.28665
1.15722
1.24053
0.834249
1.12091
0.825821
0.859433
1.2094
0.833625
1.08586
0.819689
1.09913
0.820144
0.89081
1.00727
1.40436
0.945097
1.27533
0.827674
0.848923
0.8192
1.12999
1.04014
0.89308
1.0895
0.857089
1.23101
1.02363
1.35121
1.24467
0.964901
0.870086
0.852714
1.27614
1.60435
1.20352
0.988517
0.859017
0.878798
0.916316
0.896002
1.41725
0.8192
0.887649
1.13789
1.10852
1.03158
1.01594
0.885716
0.966481
0.983211
1.14244
1.06425
1.10498
1.14768
0.924476
0.845158
0.87735
1.07128
0.896287
0.848781
0.82883
1.02771
0.914821
1.11925
0.828941
0.901277
0.933417
0.819689
0.911158
0.99585
0.8192
0.923452
0.819689
1.15408
0.84046
1.01447
0.971364
1.03931
1.05073
1.04872
0.858774
1.08587
1.05948
0.828249
0.84587
0.994763
0.991049
1.16473
0.8192
0.856562
0.887717
0.931783
1.17077
0.972695
1.23067
0.93411
0.819689
1.11795
0.860715
0.849936
0.8192
0.991518
0.951933
0.8192
0.833924
0.96673
0.827324
0.83658
1.17698
1.10476
0.84586
0.8192
0.853824
0.876664
1.20246
0.960814
0.975752
0.945342
0.98078
0.821833
0.88905
0.893901
0.831576
0.834781
0.82706
0.820227
1.04781
0.871744
1.12275
1.04917
1.0562
1.10328
0.898837
0.8192
1.15415
0.974235
0.852058
1.01819
0.94615
0.819689
0.821752
1.19873
0.865189
0.87863
0.830726
0.819993
0.819876
0.828281
1.19404
1.26603
0.83593
0.852699
1.27972
0.84564
0.820419
1.06131
0.947216
0.894958
0.826516
1.11979
0.819689
0.8192
0.944862
0.897025
0.8192
0.834951
0.823791
0.869094
0.828081
0.83326
0.829696
0.860219
1.09404
1.42696
0.924093
0.980258
0.824147
1.22983
1.00165
1.00848
0.860325
0.914484
0.957794
1.12852
1.0013
0.888151
0.83917
0.889038
0.819689
1.09222
0.843429
0.908017
0.973551
0.860624
0.955676
1.05947
0.855459
0.8192
0.833213
0.843654
1.28018
0.881305
1.13012
1.01441
0.962905
0.951704
0.81973
0.92591
1.0447
0.963031
0.994688
0.819689
0.820402
1.00157
1.28261
0.8192
0.819689
0.841763
1.03587
0.8192
0.825337
1.18127
0.824265
0.865159
1.02626
0.940565
0.861259
0.942444
0.866482
1.01999
1.60022
0.828574
0.846063
0.824246
0.85076
0.947851
0.826639
0.823154
0.824911
1.23042
0.994663
0.837484
1.04463
0.828099
0.825361
0.828277
0.921187
1.01206
0.820062
1.0879
0.870668
0.989093
1.17225
0.871338
0.862472
1.16902
1.24759
0.819689
1.07718
0.819689
0.819689
0.830923
0.824583
1.01934
1.15356
0.833047
0.83714
0.958035
0.819689
0.821835
0.819689
0.903348
0.890749
1.0752
1.09571
0.819689
0.936858
0.884875
0.934901
1.1774
0.957371
0.932224
1.14286
0.838149
1.02551
0.823837
0.901693
0.842389
0.850201
0.930932
0.979629
0.827395
0.824427
0.865204
0.825032
0.947793
1.26977
0.831454
0.975377
1.14511
1.02189
1.03759
1.11207
1.07179
0.840105
0.847238
0.819689
0.87344
0.906118
0.820048
1.22212
0.95501
0.880477
0.855063
0.848579
0.819689
0.999569
1.47701
0.863505
0.864065
0.847179
0.858819
0.821725
1.04596
0.819689
1.17804
1.00909
0.828456
0.955886
1.21103
0.8192
0.936945
1.09306
0.819689
0.820722
0.826202
0.925072
0.91734
0.849774
0.833681
0.819689
0.819689
0.880138
0.962189
0.850954
1.08633
1.38574
0.819689
1.1903
1.11093
0.8192
0.873945
0.819689
1.2486
1.27735
1.19489
0.920113
0.840068
1.11609
0.960625
0.827244
0.839921
1.56121
1.14229
0.977056
0.888769
0.986184
0.982384
0.819689
0.882506
1.24954
0.822006
0.860138
1.0984
0.819689
1.29425
0.868539
0.819689
0.8192
0.83599
1.09707
1.24061
1.13098
1.04929
1.04127
1.16435
1.03295
0.831905
1.04848
0.85731
0.865337
1.05417
0.836619
0.82845
0.914232
0.912328
0.819689
1.28819
1.13522
0.961902
0.938684
1.27111
0.825316
0.8192
0.886693
0.975256
0.827602
1.36083
0.857469
1.12871
0.830761
0.985145
0.867218
0.851149
0.858227
0.825368
1.03226
0.882108
0.994298
0.984159
0.855406
0.899896
0.819689
1.14608
0.8192
0.934877
0.83286
1.05766
1.17734
0.988523
0.852863
0.997125
1.05155
1.19404
1.07785
0.819689
1.12032
0.859442
1.21053
1.46891
0.913059
0.819689
0.820724
0.819689
0.819689
1.03602
0.819689
0.948744
0.82818
0.84351
0.904411
0.844321
1.10745
1.54136
0.820042
0.841254
1.00265
1.1047
1.14152
0.986379
1.28589
0.854788
0.932132
1.29564
0.821883
0.819689
0.885743
1.08692
0.880164
0.923215
0.97196
0.837775
0.942613
0.826147
0.900524
0.825553
0.829892
0.822463
1.03854
0.937141
1.19944
0.848575
0.832244
0.82501
0.878635
0.943094
1.29399
0.882688
0.826726
1.04097
0.821096
0.958087
0.878232
0.823035
0.819689
1.13104
1.32201
0.820286
0.828013
0.991573
0.921279
0.820636
0.824254
1.0539
1.32017
1.30701
0.819689
0.940997
0.8192
1.13025
1.10216
0.820738
0.943933
0.844456
0.853939
1.17109
1.41149
0.955063
1.00024
1.04028
1.08438
0.8192
0.845429
0.854363
1.00789
0.825995
0.819689
1.07523
1.16959
0.873918
0.824664
0.931739
1.14118
1.08805
0.824896
0.819689
0.819689
0.831501
0.844288
0.886085
1.18044
1.25373
0.842226
0.894897
0.967715
1.56254
1.14009
0.858561
0.936877
1.02555
0.992873
0.854904
0.942959
1.28598
1.34263
0.940731
1.73848
0.8192
1.22292
0.968698
0.846641
1.08176
0.905223
0.824382
0.819689
0.841286
0.834511
0.848213
0.908181
0.823717
0.837128
0.819689
1.27939
0.950771
0.863829
0.933171
1.19933
0.955466
0.948412
1.24597
1.13328
1.07177
0.819689
0.930525
0.91264
0.838814
1.27348
0.852298
0.84053
1.08596
1.21343
0.879594
1.03666
0.911726
0.850403
0.984006
1.04069
0.883206
1.1507
0.852807
0.985164
0.995636
0.953886
0.819689
0.819689
0.819689
0.819689
0.861481
0.905144
0.921972
1.2594
0.951376
1.00064
0.863554
0.819691
1.38005
1.04751
0.819763
1.08199
0.96887
0.835974
1.06461
1.03302
0.819689
0.921292
1.17262
0.878378
0.893767
0.821678
1.22657
0.8192
0.901123
1.04343
0.970896
1.24021
1.14227
0.913321
0.986812
0.905287
1.53565
0.990357
0.951244
0.819689
1.08702
0.897867
0.919332
0.8192
1.04164
0.912895
0.840258
0.830072
1.418
1.05349
0.836946
0.97123
0.858312
0.892999
1.01712
1.23406
0.896079
0.822735
0.889068
0.883635
1.07683
0.911244
1.04915
0.889344
0.873236
0.853583
0.82172
0.926657
0.877514
0.966919
0.893183
0.870134
0.929948
0.840661
1.54182
0.883904
1.01139
0.893312
0.8192
0.940096
0.837242
0.8441
0.900608
0.878663
0.927369
0.822261
1.27691
0.985567
0.819689
0.895641
0.8192
0.914484
0.996552
0.825212
0.86417
0.850187
1.19248
0.853536
1.04429
0.968458
1.08356
0.828273
0.834025
1.12003
0.897367
0.833314
1.12219
1.01889
0.826303
1.29847
0.930956
0.8192
0.83884
0.912633
0.827374
1.63128
0.993014
0.825406
1.35771
0.914384
1.26785
1.30781
1.38523
1.23686
1.60918
0.831989
0.959021
0.888105
1.19179
1.25096
0.819689
0.826147
1.23873
0.821213
1.2167
0.955812
0.909179
1.00717
0.868505
1.10932
0.861967
0.819689
1.04496
1.04366
0.824949
0.83652
1.01159
1.13106
0.99788
0.823335
0.870424
1.05934
0.862433
1.14442
1.00958
0.8192
0.839413
0.921092
1.04341
1.03207
0.862479
0.897617
1.23908
1.19007
0.837518
0.827013
1.19241
0.835123
0.951796
1.06638
0.819689
0.953787
0.821151
0.855452
1.07287
1.15983
1.09196
1.2469
1.22743
0.856977
1.10994
0.849738
0.850656
0.97716
1.34564
0.831502
1.03535
0.819689
0.90622
0.998534
0.917766
1.01847
0.858115
0.883098
1.05468
1.08116
0.819689
0.848668
0.928155
0.8192
1.13375
0.824196
0.879698
1.19598
1.00064
1.28905
0.847426
0.902841
0.87773
0.824133
0.985455
0.819689
1.19169
0.829786
1.00728
1.08237
1.04432
0.819689
0.874344
0.878132
1.1864
0.849872
0.820916
0.839226
0.908256
0.832142
0.94619
1.12484
1.15831
0.96502
0.823232
1.38557
0.838938
1.18386
0.86218
0.866163
0.956953
1.03568
1.06599
1.0495
0.8192
1.50819
0.911785
0.820031
0.8192
0.890389
1.03153
0.824228
0.824798
0.987738
0.856778
0.939296
0.940308
0.82361
1.75208
0.838812
1.01411
1.48651
0.914947
0.8192
0.98225
1.35275
0.908618
1.13108
0.850884
1.13847
1.13377
0.821822
0.819689
1.36865
0.906099
0.824512
0.824375
0.819689
1.65113
0.995624
0.819689
0.962347
0.857364
0.857316
1.05736
1.21717
1.23889
0.839454
0.94169
0.824311
1.11051
0.854761
0.836068
1.02667
1.07259
1.26345
1.197
0.920444
1.27546
0.921745
0.871267
0.819689
1.19022
0.910457
1.4434
0.888139
1.12584
0.882671
1.23321
0.927779
1.13612
0.858296
0.842652
1.22257
0.982818
0.819689
0.959809
0.819689
0.92919
0.953157
1.17809
1.03903
1.31558
0.821095
1.10089
1.02245
1.20899
0.842328
0.864062
0.972814
0.91569
0.940139
0.819689
1.07459
1.04988
0.859411
0.873259
0.95079
1.16269
1.05184
1.06704
0.868072
0.845163
1.04025
0.8192
0.85197
