0
0
0
0
0
0
0
0
0
0
0
0
0
0
0
0
0
0
0
0
0
0
0
0
0
0
0
0
0
0
0
0
0
0
0
0
0
0
0
0
0
0
0
0
0
0
0
0
0
0
0
0
0
0
0
0
0
0
0
0
0
0
0
0
0
0
0
0
0
0
0
0
0
0
0
0
0
0
0
0
0
0
0
0
0
0
0
0
0
0
0
0
0
0
0
0
0
0
0
0
0
0
0
0
0
0
0
0
0
0
0
0
0
0
0
0
0
0
0
0
0
0
0
0
0
0
0
0
0
0
0
0
0
0
0
0
0
0
0
0
0
0
0
0
0
0
0
0
0
0
0
0
0
0
0
0
0
0
0
0
0
0
0
0
0
0
0
0
0
0
0
0
0
0
0
0
0
0
0
0
0
0
0
0
0
0
0
0
0
0
0
0
0
0
0
0
0
0
0
0
0
0
0
0
0
0
0
0
0
0
0
0
0
0
0
0
0
0
0
0
0
0
0
0
0
0
0
0
0
0
0
0
0
0
0
0
0
0
0
0
0
0
0
0
0
0
0
0
0
0
0
0
0
0
0
0
0
0
0
0
0
0
0
0
0
0
0
0
0
0
0
0
0
0
0
0
0
0
0
0
0
0
0
0
0
0
0
0
0
0
0
0
0
0
0
0
0
0
0
0
0
0
0
0
0
0
0
0
0
0
0
0
0
0
0
0
0
0
0
0
0
0
0
0
0
0
0
0
0
0
0
0
0
0
0
0
0
0
0
0
0
0
0
0
0
0
0
0
0
0
0
0
0
0
0
0
0
0
0
0
0
0
0
0
0
0
0
0
0
0
0
0
0
0
0
0
0
0
0
0
0
0
0
0
0
0
0
0
0
0
0
0
0
0
0
0
0
0
0
0
0
0
0
0
0
0
0
0
0
0
0
0
0
0
0
0
0
0
0
0
0
0
0
0
0
0
0
0
0
0
0
0
0
0
0
0
0
0
0
0
0
0
0
0
0
0
0
0
0
0
0
0
0
0
0
0
0
0
0
0
0
0
0
0
0
0
0
0
0
0
0
0
0
0
0
0
0
0
0
0
0
0
0
0
0
0
0
0
0
0
0
0
0
0
0
0
0
0
0
0
0
0
0
0
0
0
0
0
0
0
0
0
0
0
0
0
0
0
0
0
0
0
0
0
0
0
0
0
0
0
0
0
0
0
0
0
0
0
0
0
0
0
0
0
0
0
0
0
0
0
0
0
0
0
0
0
0
0
0
0
0
0
0
0
0
0
0
0
0
0
0
0
0
0
0
0
0
0
0
0
0
0
0
0
0
0
0
0
0
0
0
0
0
0
0
0
0
0
0
0
0
0
0
0
0
0
0
0
0
0
0
0
0
0
0
0
0
0
0
0
0
0
0
0
0
0
0
0
0
0
0
0
0
0
0
0
0
0
0
0
0
0
0
0
0
0
0
0
0
0
0
0
0
0
0
0
0
0
0
0
0
0
0
0
0
0
0
0
0
0
0
0
0
0
0
0
0
0
0
0
0
0
0
0
0
0
0
0
0
0
0
0
0
0
0
0
0
0
0
0
0
0
0
0
0
0
0
0
0
0
0
0
0
0
0
0
0
0
0
0
0
0
0
0
0
0
0
0
0
0
0
0
0
0
0
0
0
0
0
0
0
0
0
0
0
0
0
0
0
0
0
0
0
0
0
0
0
0
0
0
0
0
0
0
0
0
0
0
0
0
0
0
0
0
0
0
0
0
0
0
0
0
0
0
0
0
0
0
0
0
0
0
0
0
0
0
0
0
0
0
0
0
0
0
0
0
0
0
0
0
0
0
0
0
0
0
0
0
0
0
0
0
0
0
0
0
0
0
0
0
0
0
0
0
0
0
0
0
0
0
0
0
0
0
0
0
0
0
0
0
0
0
0
0
0
0
0
0
0
0
0
0
0
0
0
0
0
0
0
0
0
0
0
0
0
0
0
0
0
0
0
0
0
0
0
0
0
0
0
0
0
0
0
0
0
0
0
0
0
0
0
0
0
0
0
0
0
0
0
0
0
0
0
0
0
0
0
0
0
0
0
0
0
0
0
0
0
0
0
0
0
0
0
0
0
0
0
0
0
0
0
0
0
0
0
0
0
0
0
0
0
0
0
0
0
0
0
0
0
0
0
0
0
0
0
0
0
0
0
0
0
0
0
0
0
0
0
0
0
0
0
0
0
0
0
0
0
0
0
0
0
0
0
0
0
0
0
0
0
0
0
0
0
0
0
0
0
0
0
0
0
0
0
0
0
0
0
0
0
0
0
0
0
0
0
0
0
0
0
0
0
0
0
0
0
0
0
0
0
0
0
0
0
0
0
0
0
0
0
0
0
0
0
0
0
0
0
0
0
0
0
0
0
0
0
0
0
0
0
0
0
0
0
0
0
0
0
0
0
0
0
0
0
0
0
0
0
0
0
0
0
0
0
0
0
0
0
0
0
0
0
0
0
0
0
0
0
0
0
0
0
0
0
0
0
0
0
0
0
0
0
0
0
0
0
0
0
0
0
0
0
0
0
0
0
0
0
0
0
0
0
0
0
0
0
0
0
0
0
0
0
0
0
0
0
0
0
0
0
0
0
0
0
0
0
0
0
0
0
0
0
0
0
0
0
0
0
0
0
0
0
0
0
0
0
0
0
0
0
0
0
0
0
0
0
0
0
0
0
0
0
0
0
0
0
0
0
0
0
0
0
0
0
0
0
0
0
0
0
0
0
0
0
0
0
0
0
0
0
0
0
0
0
0
0
0
0
0
0
0
0
0
0
0
0
0
0
0
0
0
0
0
0
0
0
0
0
0
0
0
0
0
0
0
0
0
0
0
0
0
0
0
0
0
0
0
0
0
0
0
0
0
0
0
0
0
0
0
0
0
0
0
0
0
0
0
0
0
0
0
0
0
0
0
0
0
0
0
0
0
0
0
0
0
0
0
0
0
0
0
0
0
0
0
0
0
0
0
0
0
0
0
0
0
0
0
0
0
0
0
0
0
0
0
0
0
0
0
0
0
0
0
0
0
0
0
0
0
0
0
0
0
0
0
0
0
0
0
0
0
0
0
0
0
0
0
0
0
0
0
0
0
0
0
0
0
0
0
0
0
0
0
0
0
0
0
0
0
0
0
0
0
0
0
0
0
0
0
0
0
0
0
0
0
0
0
0
0
0
0
0
0
0
0
0
0
0
0
0
0
0
0
0
0
0
0
0
0
0
0
0
0
0
0
0
0
0
0
0
0
0
0
0
0
0
0
0
0
0
0
0
0
0
0
0
0
0
0
0
0
0
0
0
0
0
0
0
0
0
0
0
0
0
0
0
0
0
0
0
0
0
0
0
0
0
0
0
0
0
0
0
0
0
0
0
0
0
0
0
0
0
0
0
0
0
0
0
0
0
0
0
0
0
0
0
0
0
0
0
0
0
0
0
0
0
0
0
0
0
0
0
0
0
0
0
0
0
0
0
0
0
0
0
0
0
0
0
0
0
0
0
0
0
0
0
0
0
0
0
0
0
0
0
0
0
0
0
0
0
0
0
0
0
0
0
0
0
0
0
0
0
0
0
0
0
0
0
0
0
0
0
0
0
0
0
0
0
0
0
0
0
0
0
0
0
0
0
0
0
0
0
0
0
0
0
0
0
0
0
0
0
0
0
0
0
0
0
0
0
0
0
0
0
0
0
0
0
0
0
0
0
0
0
0
0
0
0
0
0
0
0
0
0
0
0
0
0
0
0
0
0
0
0
0
0
0
0
0
0
0
0
0
0
0
0
0
0
0
0
0
0
0
0
0
0
0
0
0
0
0
0
0
0
0
0
0
0
0
0
0
0
0
0
0
0
0
0
0
0
0
0
0
0
0
0
0
0
0
0
0
0
0
0
0
0
0
0
0
0
0
0
0
0
0
0
0
0
0
0
0
0
0
0
0
0
0
0
0
0
0
0
0
0
0
0
0
0
0
0
0
0
0
0
0
0
0
0
0
0
0
0
0
0
0
0
0
0
0
0
0
0
0
0
0
0
0
0
0
0
0
0
0
0
0
0
0
0
0
0
0
0
0
0
0
0
0
0
0
0
0
0
0
0
0
0
0
0
0
0
0
0
0
0
0
0
0
0
0
0
0
0
0
0
0
0
0
0
0
0
0
0
0
0
0
0
0
0
0
0
0
0
0
0
0
0
0
0
0
0
0
0
0
0
0
0
0
0
0
0
0
0
0
0
0
0
0
0
0
0
0
0
0
0
0
0
0
0
0
0
0
0
0
0
0
0
0
0
0
0
0
0
0
0
0
0
0
0
0
0
0
0
0
0
0
0
0
0
0
0
0
0
0
0
0
0
0
0
0
0
0
0
0
0
0
0
0
0
0
0
0
0
0
0
0
0
0
0
0
0
0
0
0
0
0
0
0
0
0
0
0
0
0
0
0
0
0
0
0
0
0
0
0
0
0
0
0
0
0
0
0
0
0
0
0
0
0
0
0
0
0
-1.03699
0.413704
0.229259
-0.0424238
-1.30484
0.3124
-0.555978
0.769778
0.21624
-0.427797
0.027032
-0.859226
-0.848117
-0.0820036
0.211322
-0.0193763
-0.514403
0.250224
0.00251883
-0.60734
-1.75279
0.385822
0.565218
-0.79963
0.0575398
0.325911
-1.47979
0.0340888
0.0515562
0.0458314
-0.565242
0.254595
-0.0593187
-1.65116
0.618896
0.403788
0.300387
-0.151374
-0.71353
-0.322991
0.0513674
-1.1384
-0.194296
0.243895
0.102161
0.0579979
0.297725
-1.05506
-0.980599
0.354964
-0.902344
-0.271244
0.237792
-0.805206
-0.826094
0.57484
-0.442892
-0.773101
-0.0255332
-0.23068
0.112252
0.565646
0.119727
-0.731246
0.128338
-0.11273
0.704662
0.389484
-0.86613
-0.110865
-1.01919
-0.726117
-0.0185159
0.364837
0.227351
0.0964599
-2.53301
-0.281514
-0.158986
0.311284
-0.176618
-0.297597
0.0265222
-0.65153
0.308236
-0.27704
-0.467025
-0.551372
0.369356
0.127149
-1.14077
0.0925008
0.151188
-0.21216
-0.18363
0.682241
0.110468
-0.49276
-0.509988
0.524186
-0.432389
-0.637921
-1.2374
0.181357
-0.456796
-0.948655
-1.47012
-2.22531
-0.803331
0.347013
-0.0218632
-0.468062
0.224434
0.232322
-0.464522
0.157436
0.207797
-0.916516
-0.559462
0.438644
0.258952
0.165868
-0.163468
-0.123213
-0.517238
0.0751339
0.535868
-0.420368
0.746074
-0.597966
-0.292515
0.137003
-0.852938
-0.346411
-0.872016
-0.264201
-0.975572
-0.155745
0.626706
-0.951842
-0.0719053
-1.99296
-0.0438079
-0.223605
-0.346764
-1.12649
0.154394
-0.373018
0.291809
-0.859887
0.23774
0.482159
0.439404
-0.480432
-0.102778
-1.16739
-0.229405
0.217736
-0.860931
0.484244
0.285716
0.352971
0.0309078
-1.38258
0.240478
-0.234991
-1.39829
-1.43642
0.249899
-0.336601
-0.83631
0.244784
0.247643
0.546946
0.567845
0.00389978
0.305751
0.261493
-1.06022
-0.407084
-0.152538
0.532677
0.566228
0.0184683
-0.729415
0.447192
0.233185
-0.060362
0.232684
-0.79631
0.300723
-0.094423
-1.14554
0.229553
0.697096
0.457681
-0.41616
-0.575605
0.116757
0.394713
-1.20826
-0.0459424
0.61743
0.453067
-0.599652
0.142663
0.178142
-0.729194
-1.16393
-2.12044
-0.8399
-0.231305
-0.815495
-1.15597
-0.19263
-0.8913
-1.10311
-0.410774
-0.081459
-0.329069
-0.731029
0.49545
-1.50773
-0.408287
-0.33997
-0.416784
-0.192553
-0.209476
-0.65276
0.691485
-1.25357
-0.893125
0.768196
-0.619715
0.431243
0.216141
-0.201787
-0.725218
-0.548996
-0.632516
-1.25624
-0.436748
-0.0474349
0.255522
0.0192351
0.192604
-0.68278
-0.199039
-0.444706
-0.367383
0.21647
-0.449105
0.594209
0.609094
-0.318958
-2.38045
-0.178006
0.0222742
-1.36838
-1.09013
-1.06573
-0.935821
0.0321411
0.657152
-1.56192
-0.76599
-1.67794
0.453295
0.172224
-0.467374
-0.148907
0.0824902
0.194565
0.412262
0.0321688
-2.19407
-0.340572
-0.377385
0.148211
-0.0461813
-0.26432
-0.0717479
0.360729
-0.0142213
-0.408856
-0.24788
-0.334013
-1.40649
-0.0367256
-0.702487
0.0912697
0.628251
-0.772346
0.0326299
-0.776521
0.326436
0.512573
-1.90869
-2.39582
0.205696
-0.83524
-0.50451
-0.0890626
-0.00370331
-1.70837
0.10099
-0.640623
-0.28794
0.631085
-1.24224
-0.842121
-0.85728
0.815671
-1.63713
-1.05908
0.12099
-0.476144
-1.82871
0.447547
-0.632202
0.472566
-0.0120153
0.475042
0.0127754
0.714745
-0.427449
0.225821
-1.56341
0.350546
0.0793815
-1.67333
-0.00936005
0.523037
-0.645157
-0.0781476
-0.33673
-0.101285
0.209386
-1.00983
-3.085
-3.21944
-0.635644
0.666193
0.125104
-0.688804
-0.438152
0.28711
-0.595718
-0.173533
0.386
-1.20777
0.332409
0.145558
-0.165634
0.172451
0.355351
-0.85632
0.163811
-0.871538
-0.463188
-1.04436
0.230334
-1.06679
0.362742
-1.24412
-0.341103
0.112145
0.182519
-1.43304
-0.134427
-0.293711
-0.999759
0.364154
-0.403348
0.553641
-2.34758
0.754979
-0.635887
0.274247
-1.72378
0.475772
-0.867571
-1.43365
-0.511947
0.275489
-0.383388
-0.0954909
-0.76977
0.321754
-0.990926
-0.469194
-1.12065
0.434648
0.831452
-0.595764
0.0190564
0.319173
-1.27703
-0.0536836
0.381399
-1.04032
-0.515093
-2.1928
0.546973
-1.30524
0.541485
-1.24374
-1.00582
-1.21565
-1.29299
0.0311416
-0.672125
-0.508451
-0.322691
-0.263506
0.937256
-0.498384
-0.337207
0.636001
-0.491131
-0.534946
-0.615639
-1.16846
-1.87969
-1.30684
-0.730834
0.546708
0.00166707
0.194646
-0.622978
-0.722935
-0.662801
-0.529543
-1.2037
-0.950429
0.447477
0.0770059
-0.198457
-1.46162
-1.03071
0.425056
0.468579
-0.251262
-0.580104
0.346039
-1.58446
-0.0171989
-1.24886
0.158437
-0.923812
0.0500011
-0.0237789
0.560528
0.552973
-1.9402
0.376638
-0.0413739
-0.752602
-0.144953
-0.24869
0.00232751
0.495629
0.263185
-0.0490207
-0.902763
0.299098
-0.512773
-0.508505
-0.884399
-0.371972
-0.0156874
0.208824
-0.852125
-0.23948
-0.790562
0.763815
-1.77073
-0.951186
0.471176
0.091773
-1.038
0.26823
-0.155842
-0.22653
-0.198593
-0.864928
0.244326
0.310582
0.437956
-0.93561
-0.344085
-0.537195
0.505976
-0.0760599
0.332189
-0.161068
-0.489865
0.277859
-0.466929
0.00495857
-1.12099
-2.12757
-1.43359
0.195605
-0.553024
-0.893587
-0.290509
-0.592677
-1.27928
0.271795
-0.079278
0.27643
-0.141491
0.129284
-0.218079
-0.0694738
-0.20052
0.368047
-1.12685
-0.299871
0.33599
-2.31102
-1.26256
-0.122149
-0.31149
0.491204
-1.40176
0.281113
-0.106883
-0.0361145
0.424061
-0.453969
0.18009
0.314566
-0.0329953
-0.130503
0.306391
0.0411476
-1.21107
-0.226816
-0.681788
-1.51817
0.120588
-0.679704
0.205513
0.645739
0.10665
-1.07335
0.415652
-0.687123
-1.44592
-1.30954
-0.403471
-0.0166674
0.128292
0.232203
0.075328
0.18266
-1.85934
-1.02404
-0.27509
0.342339
-1.84675
-1.61463
0.442825
-0.53655
-0.035387
-0.815522
-0.35664
0.370615
-1.3612
-2.58483
-0.315849
0.312482
-1.11739
0.305136
-0.733729
-1.17279
0.211772
0.0410559
0.161601
0.00897505
-0.890954
-0.676323
-1.71464
-1.23613
-0.479779
0.30414
0.428504
-0.810591
-0.847363
-1.14119
-0.0824592
0.21925
0.400823
-0.175697
-0.822431
-0.486981
-0.343181
-0.0644994
-1.46687
0.161468
-0.890528
0.382037
-1.2657
-0.179143
-2.02461
0.373086
-0.437882
-1.95317
0.292074
0.236519
0.472341
-2.31006
0.486801
0.40258
-0.390791
0.0782699
-0.275463
-0.511232
-0.252212
-0.805113
-0.614053
-1.59245
0.0417098
-1.1151
-1.13797
0.545109
-1.40022
-0.368479
0.170085
-1.26103
-0.612089
-1.0359
-1.65634
0.485351
-0.0116863
-0.456729
0.00151909
0.0073785
0.175558
0.0266569
0.193528
-0.291196
-0.907661
-0.364693
0.0549679
-0.340064
-0.570292
-0.429598
-1.54423
0.146752
-0.245162
-0.00707704
-0.463493
0.0795544
0.422438
-0.607958
-0.567852
-1.36817
0.276727
-1.05021
-0.418129
-0.79727
-0.841607
-0.315261
-1.45469
0.0401875
0.472708
0.338822
-0.372077
-0.312253
0.600047
-0.60194
0.312506
-0.098613
0.630933
0.499279
-1.03587
0.644659
0.672506
-1.9312
-1.03893
-1.96647
0.421352
-0.703008
-0.166816
0.489107
-0.670991
-0.111552
-0.310919
-0.993355
0.378183
-0.122311
0.488809
-2.50364
0.0765134
-1.0611
-0.0425358
-0.330661
-1.97157
0.419082
0.615338
0.0353783
-0.584113
0.258964
0.345462
0.075223
-0.224234
-0.0718634
-0.901707
-2.1121
-0.244722
-1.50807
0.17327
-1.02171
-1.31099
-0.0754044
0.297105
-0.888236
0.225054
-0.0174054
-1.10676
0.348142
-0.229357
-0.666954
-0.167484
-0.932365
-0.00769681
-0.0833509
0.513915
-1.44464
-0.42846
-0.751112
-0.805871
-0.488009
0.161138
-0.330895
0.233552
0.0669313
-0.475845
-0.205275
0.18794
-1.32849
0.68249
-0.538528
-0.206481
-0.53251
-1.66742
-1.8604
-0.265501
-1.34542
-0.723937
0.147154
-0.12561
0.461127
0.490956
0.0879558
0.110929
-0.624923
0.114114
0.143732
0.122616
-1.23526
-0.832566
0.359346
-0.214781
-0.0843706
-0.842513
0.473217
-0.230876
-1.57625
0.515535
-0.0253505
0.404621
-0.0885337
-0.0608656
-0.175388
0.174043
0.210335
-0.855075
-0.280278
-0.445354
0.464763
0.538715
-1.65616
-1.32902
0.216495
0.598124
-0.387054
0.283389
-0.677719
0.0777183
0.347024
0.153614
-0.314916
-0.706571
-1.8786
-1.50124
-0.608248
-0.285158
0.53994
0.239519
0.22118
-0.230936
-0.548377
0.167646
-1.09573
-1.33805
0.125932
0.212789
-1.64218
0.446471
-0.261129
-0.835127
-0.686659
-0.685317
0.0310421
0.553999
-0.201135
0.166576
-0.00735026
-1.71327
-1.82663
0.162642
0.30829
0.271571
-1.47009
-0.761088
-0.360641
-1.16717
-0.767728
-0.874537
-0.202569
-1.24972
0.142413
0.256992
-0.829227
0.433867
0.349089
0.459665
-0.266137
0.208312
-0.902174
0.399508
0.579018
0.426853
-0.665727
-0.370895
-0.782988
-0.290065
-0.935924
-1.25393
-1.67043
0.202153
-0.0875906
-0.856822
-1.58219
0.188432
0.0894733
-1.08639
-1.33884
0.552695
-0.503345
0.568115
-0.77522
-1.41374
-0.294969
-0.891537
0.0883906
0.100391
-0.846782
0.423751
-0.563757
-0.0241635
-1.06552
-0.904503
-0.825699
-0.425558
-2.30617
0.686136
-0.703424
0.383735
-0.683264
-0.385303
-1.36692
-0.260309
0.0435182
0.139912
-1.06248
-0.16934
0.133433
-0.168389
-1.05799
0.224052
-0.21461
-0.775362
-1.31967
-1.24822
-0.390513
-1.37774
-1.14023
0.516896
-1.31734
0.695696
0.0194028
-0.21783
-1.03146
-1.71136
-0.670885
-0.428633
0.613556
0.479866
-1.17011
-1.28927
-0.137462
-0.293714
0.0921242
-0.321817
-0.345895
0.22952
0.448691
-0.943394
-0.184788
0.117329
-0.568147
-1.10349
-1.86566
0.260082
-0.373763
-0.0568229
-0.363094
0.407533
0.564629
0.515083
-0.606985
0.194732
-0.525881
0.707919
0.438979
-0.528681
0.319184
-0.586418
-1.53712
-0.0163086
0.465167
-0.0367712
0.0832804
-0.175971
0.0332729
0.307209
0.691512
-0.631989
0.124018
-1.00881
-0.0587158
-0.262745
0.0263995
-0.622328
0.0385481
-0.0285835
0.16512
-0.664789
-0.435783
0.414215
-1.39512
0.0830876
-0.000945919
-0.279788
0.345255
0.114393
-0.988191
0.0315427
0.594724
0.472606
-0.33292
-0.554279
-0.337519
-0.41112
0.0288046
-0.62638
0.292702
-1.80128
-1.36099
0.134916
-1.51128
0.218512
0.0706554
0.398803
0.3295
-0.323321
-0.0347404
-0.0866818
-0.558778
-0.250659
0.0880682
0.49516
-0.47692
-1.01027
-2.43186
0.534563
0.488491
-0.505825
-0.728242
-0.217292
-0.273958
-1.15933
-0.424616
-0.362561
0.11065
-0.587439
-0.146701
-0.373787
-0.00612185
-1.14119
-1.09746
0.0392588
-0.132565
0.000488093
0.347609
-0.181015
0.0458904
0.575412
0.404616
0.0128116
0.561255
-0.601527
-0.934296
0.266411
0.0364272
0.523083
0.339363
-0.970552
-0.561318
-0.440943
-0.481673
-0.561161
0.0792991
0.442385
-0.887015
0.349826
0.198974
-0.126713
-0.585814
0.392347
-1.05832
0.023711
0.0102507
-0.287864
0.0122483
-0.474392
0.0997472
-0.155095
0.228438
0.0954047
-0.322854
-1.01047
-0.200313
-1.86349
0.228397
0.191989
-1.08643
-0.172988
0.00939637
-0.0412536
0.29717
-1.6051
0.192198
-0.383173
-0.492578
-0.438458
-0.032536
-0.801055
0.519196
-0.304103
-0.0871027
0.518372
0.282504
-0.183466
-0.015508
0.147593
-0.917045
-0.508863
-1.13478
-0.245653
-0.546838
0.168929
0.608387
0.480604
-0.736194
-0.186337
-0.462765
0.130077
-0.634846
-0.0844277
0.0183774
-0.168452
0.276287
0.0896466
-1.40343
-0.809548
-0.0293972
0.533574
-0.889776
0.321722
0.0541884
0.255977
0.251188
-0.730279
0.336236
-1.95191
0.551247
-0.278761
-0.645828
-1.03922
-0.072366
-0.820963
-1.19452
-0.81016
0.335715
0.0869792
-0.873055
-0.597154
-0.039564
-1.72067
-0.55961
0.617267
0.382506
-0.639108
-1.29145
0.347166
-0.305027
-0.631073
-0.407025
0.0558737
0.196011
-1.59948
0.251528
-0.0941327
-0.669044
-0.447258
0.201263
-0.281742
0.220753
-1.46833
0.471367
0.223802
0.143696
0.607228
-1.87945
-0.487261
-0.664467
0.0268147
-0.330296
0.310384
-0.609965
-0.187434
-1.00661
0.258308
0.280458
0.290048
-0.354233
-0.219086
-0.408476
0.317437
-0.716511
0.178668
0.502521
0.477809
0.370049
0.282944
0.642267
-1.30725
-0.296879
-0.0256594
-1.21021
-0.218397
-0.202902
-0.0484736
0.230012
0.0220113
0.0310537
-0.14998
-0.282075
0.11347
-0.228463
-0.292354
-0.354408
-0.552863
-0.641531
0.0955159
-0.488885
-1.05705
-0.0213983
0.359952
0.157812
-0.33789
-0.23564
0.283867
-0.261024
-0.697541
0.305906
-0.895439
-0.0836171
-0.862899
-1.72002
-1.17917
-0.306408
-0.350758
-0.111974
0.606554
0.193519
0.0427735
-0.0257285
-0.62068
-0.628656
-0.0526729
-0.0553587
0.100093
-0.331279
0.206785
-1.19853
-1.7528
-0.636884
-0.0622264
-0.605724
-0.727335
-1.31278
0.35771
0.301965
-1.02113
-0.574884
-0.0425112
-0.946514
-1.22082
-0.279442
-0.837526
0.263667
0.280235
-0.889196
-0.615741
0.43907
0.372555
0.571943
0.709116
-2.39876
-0.383371
0.0562685
-1.46546
0.0183386
-1.68542
-0.306401
-0.118215
-0.984639
0.321041
0.200908
0.617118
-0.170801
-0.405968
0.272771
0.341799
-0.675273
-0.98965
-2.24458
-0.0927104
-0.234318
-0.912087
-0.0877563
0.284732
-0.0306243
-0.196845
-0.161431
0.228197
0.419631
-0.0459583
-1.41369
0.407582
-0.374113
0.444379
0.373164
-0.0407291
-0.4697
0.248845
0.423385
-0.538291
-0.923693
-0.508333
-1.20077
0.105487
0.418595
-0.438224
0.738282
0.0978579
-0.462338
0.0938359
0.0407159
-0.259076
-0.753163
0.232929
0.195871
-1.01706
-0.234858
-0.420515
0.00340552
0.639237
-0.136729
0.158986
-0.537092
-2.1691
-0.375177
0.506359
-0.104698
-1.12387
-0.146943
-0.226244
-0.0492606
-0.134068
-0.969638
-0.439382
0.382349
-0.491813
-0.638184
0.109137
-0.648976
-1.22117
-0.46912
-0.0636742
-0.110048
-0.600194
0.223587
-0.851308
-0.0742613
-0.319139
0.357144
-0.00690405
-0.309768
-0.0718298
0.283048
0.399573
-0.727323
0.116361
-3.37254
0.392899
0.0101612
-2.19417
0.134745
0.684431
0.361614
-0.0919772
0.373645
0.524534
-0.0740097
-0.98179
0.0241496
0.0892506
-0.169519
-1.53677
-2.05499
0.203678
0.236746
0.28435
-0.671876
-0.119966
-0.213213
0.35482
-0.536464
-0.211187
-0.201957
-0.259937
-0.938491
0.215264
0.210355
0.380652
-0.357004
-1.61995
0.475767
-0.281424
0.347502
-0.174239
0.0174718
0.538626
-0.069762
0.258304
0.0387776
0.241773
-1.46071
-0.376741
-1.41043
-0.140285
-0.308697
0.360165
-0.171418
-0.235659
-0.0634212
-0.845117
0.114453
0.117393
-0.239286
0.050773
-0.701646
-0.176864
-0.807563
-0.363183
0.375582
-0.543297
0.436364
0.0186803
-0.57537
-0.677094
0.0491608
0.248312
-0.106027
-0.286692
0.0795666
-1.05253
-0.759284
-0.255804
0.148093
0.49128
0.0160928
0.0507833
-0.208603
0.333422
-0.112695
-1.09634
0.163456
-0.334434
-0.605237
0.130586
-0.26827
0.527797
0.377493
0.460441
0.258563
-1.55939
0.11256
-1.1025
-0.544104
-0.337082
-0.681757
-0.764582
0.0151705
-0.718851
-1.38385
-0.0170781
-0.300131
-2.04951
-0.333845
-0.599817
-0.749431
0.505303
-0.596408
0.249523
0.144848
-1.07837
-0.606022
0.449375
0.506111
0.269396
0.236977
-0.419523
-1.41868
0.16744
0.258623
0.0014215
-1.43284
-0.177736
-0.24299
0.227205
0.416934
0.149111
0.517781
-0.129913
-0.616111
-0.290415
0.336516
0.283413
-2.7454
-0.680891
0.471983
-0.477833
0.0191861
-0.0123904
-0.200822
0.520574
-0.02102
-0.0636558
0.00284152
0.122865
-1.04305
0.397357
0.559455
0.392318
0.465744
-1.33741
-1.75675
-0.475631
0.394446
0.107786
-0.37654
0.288052
0.386401
0.025027
0.433464
-0.0625267
0.00942849
0.619364
-1.50839
-0.340571
0.160992
-0.797308
-0.629215
-0.749695
-0.943043
-0.176001
0.357532
-0.930729
-0.61899
-0.391764
0.000190047
-0.729847
0.591082
-0.0830471
0.281792
-1.87421
-0.828059
0.193048
-1.0901
-0.731719
-0.230026
0.0601652
-0.582228
0.430703
0.0954201
-0.126829
0.0203576
-0.860043
-1.30294
-0.00608233
0.184946
0.165253
-0.434593
-0.655951
0.255822
-0.531939
-0.595967
-0.511815
-0.474308
0.347067
-1.18614
-0.997128
-0.874449
0.0394322
-0.611721
-0.657835
0.308881
0.02653
0.456919
-1.03628
-0.403406
-0.182477
-1.54843
-0.0263405
0.0994955
-0.105522
-0.321783
0.269913
-0.626472
0.176149
-0.562458
0.110327
-0.225559
0.50815
-0.911933
-0.23691
-0.433958
0.0314546
-0.591099
-0.122295
-0.72767
0.0248852
0.525903
0.0270404
-0.449863
0.552793
-0.749518
-0.385457
-0.767714
0.177563
-0.557235
0.100809
-0.0238619
0.358352
-1.00526
0.823144
-0.0588767
-0.0531299
-0.00392932
-0.776867
-0.416539
-0.919427
-0.281393
-0.653947
0.278892
0.465435
0.226616
0.201732
-1.25334
-0.454453
-0.404502
-1.29142
0.0482918
-1.01915
0.203743
0.350408
-0.504056
0.00673839
-0.777554
-0.0270231
-1.1544
-0.174143
-0.0376334
-0.394616
-1.61561
-0.615217
-1.19334
-0.245732
0.307494
-0.794389
0.228661
0.298888
-0.186467
0.530596
-0.457518
-0.23038
-0.355876
-1.52831
-0.187423
0.176108
0.0629147
0.349839
0.0780359
0.12155
-0.679677
0.423056
-0.571789
-0.545748
0.344932
-0.0844901
-0.852545
-0.662283
0.598958
-0.0819656
0.0157713
0.0386495
0.134805
0.266854
0.568009
-0.4966
0.122113
0.541602
0.653537
-1.75536
-0.950075
0.223685
-0.405755
-0.22857
-0.767205
0.0919488
-0.365778
-1.0975
0.295181
0.181689
0.289175
0.0583834
0.419618
0.104265
0.0421112
-0.189241
-0.840732
-0.640304
-0.566926
-0.503809
0.116776
0.227234
0.215072
-0.833801
-1.00651
-0.345151
-1.19238
-0.457981
0.224448
-0.452129
-0.520669
-0.0800231
0.0484844
-0.941884
0.302539
0.820416
-0.554642
-1.44689
0.338805
-0.0197368
0.373007
-1.01109
0.382991
-1.01644
-0.3978
0.409798
0.000470848
0.0653636
-0.30015
-1.00532
-0.0188519
-0.827127
0.213652
-0.376004
0.371998
-0.401231
-0.0889643
0.0901584
-1.61831
-0.448375
0.430467
-1.10876
-0.465932
0.346626
-0.083856
0.0503633
-1.60384
-0.221116
0.105681
0.0968246
-0.010229
-0.36667
-0.776456
-0.681527
-0.855778
0.0758909
0.548065
-0.783611
-0.990832
0.584122
0.435596
0.145138
0.509667
-0.862473
-1.51207
0.00413463
0.511325
0.361347
-0.0421084
-1.33042
-0.31885
-0.527255
-0.278816
-0.682464
-0.728464
-0.00600614
-0.626828
-0.9552
0.153514
0.767686
0.108356
0.21845
-0.620185
-0.142965
-0.371312
0.0596152
-0.0988247
-0.37123
-1.45051
0.0163502
-0.624266
-0.340085
0.0675001
0.133747
-0.180207
-0.225535
-0.0644125
-0.632458
0.210286
-1.15084
-1.27647
-0.118643
0.388374
-0.0373262
-0.44188
0.233986
-0.154084
0.0660076
-0.433608
0.168372
-0.441944
0.630594
-0.327744
0.448894
0.0858495
-0.0510751
-0.29092
0.148519
-0.926441
-0.535714
-0.478883
-0.292676
0.697399
-1.36333
-0.63627
0.2429
-0.29947
0.463401
0.322492
0.379977
-0.79091
-0.650902
0.299743
-0.499017
0.21563
-0.535055
0.295258
-0.401859
0.562221
-1.46774
0.0135423
-2.15185
0.0454549
-1.03487
-0.876791
-0.15854
-0.785378
-0.469509
0.0362034
-0.463076
0.195157
-0.265301
0.302689
0.434081
-0.449915
-0.657009
-0.0798041
-0.194021
0.273076
-0.739511
0.679975
0.343073
0.38033
0.397266
0.0496654
-0.0448634
0.120492
-1.0787
0.226208
-0.099805
-1.34649
0.652066
-0.44275
-0.79958
-0.935211
0.308417
0.352675
0.329601
0.45223
-0.40382
0.268062
-0.0221328
0.197339
0.188007
-0.131458
0.287146
-0.0111516
0.0425367
0.232868
-1.33418
0.405461
0.318125
-0.54055
0.496443
-1.11509
-0.285159
-1.01519
0.260022
-0.367111
0.469315
-0.0203745
-0.482966
-0.408392
0.416245
0.705533
0.0945666
-0.223891
0.330645
0.699829
-1.31201
0.334508
-0.667777
-0.433356
-0.0599498
-0.935634
-0.737108
-2.22773
-0.11076
-0.562359
-0.929341
0.0955533
-0.103957
0.348337
-0.0104676
0.201181
-0.377259
0.191034
0.443531
0.124033
0.181506
-0.268468
-0.343475
-0.092251
0.335242
-0.619258
0.417408
0.0188209
-0.490814
-1.26107
0.108098
0.445989
-0.0768123
0.422435
-0.0916062
0.512294
-1.86389
0.423368
0.198657
-2.52813
-0.508925
0.272536
0.385932
-0.897222
-1.57221
0.39837
-0.0220984
-1.29277
0.306358
0.402326
-0.043578
0.218797
0.239973
-0.535765
-0.159764
-0.267278
-1.14264
0.556993
-1.20087
-0.12729
-0.910369
-0.616401
-0.948722
-1.58112
0.397239
0.140686
-0.536299
0.10096
-0.613607
-0.439807
-0.219195
-0.00793462
-0.098716
0.714378
0.555443
-1.39785
-0.212744
0.747509
-0.714507
-0.42806
-1.58346
0.273027
-1.00518
0.348266
-0.586104
-0.067181
-0.404355
-1.14162
0.167148
-0.0438116
-0.206797
0.0548069
-0.877541
-2.7085
0.374493
0.304166
-0.7493
-0.316833
-0.928055
-0.0452208
-0.0395396
0.617082
0.320558
-0.662576
-0.315829
-1.43947
0.562628
-0.898877
