-0.622904
0.192048
0.690525
-0.341108
0.40067
-0.0613485
-0.406278
0.311343
-0.535975
-2.78194
-1.16577
-1.66926
-0.743769
0.247352
-1.85714
-1.54196
-1.23858
-1.14644
0.436678
-0.903174
-1.29705
-1.77528
-0.852556
-0.907453
-1.35097
0.126773
-0.093017
0.512739
-0.596765
-0.150665
0.0873799
-0.168184
-0.212761
0.435247
-1.02952
0.306466
-0.299824
-1.20925
0.146895
0.176538
0.366599
0.071907
-1.73806
0.203529
0.175977
0.421943
-0.523369
-0.873601
0.0100606
-0.59363
-0.011822
0.120581
-0.404757
-0.513857
0.751963
-1.59209
-0.824533
-2.08395
-1.08868
0.301712
0.352366
-0.491601
0.329445
-1.77618
-0.866723
0.118986
-0.684523
-0.337724
-0.526681
-0.295056
-0.551822
-0.752308
0.184517
-1.09283
-1.21105
-0.308553
-0.0272084
-1.50169
-1.57945
0.429821
-0.0113714
0.107957
-0.650679
-1.69066
-0.33399
-0.439159
0.223219
-1.58556
0.0480231
-2.85116
0.00993778
-0.518014
0.249307
-0.533812
0.0171377
-0.592241
-0.415187
-0.744319
-0.682051
-0.996566
-0.0718479
-0.827015
0.709385
0.354986
-0.0438709
0.227955
-1.39975
-0.999211
-0.0155586
-0.309318
-1.2274
-2.1792
-1.31759
0.219881
0.0408058
-0.617394
0.166359
0.0958448
0.164646
-1.0606
-1.89807
-1.15532
-1.03675
-0.985661
-0.239715
-0.174124
0.485353
0.128226
-0.553073
-0.144224
0.131776
-0.625987
0.569576
-0.132009
0.46038
-1.56165
-0.0435467
0.0654416
-0.685321
0.539901
-0.238064
-1.23119
0.964413
0.03553
-0.0549438
-0.563313
0.0328684
-0.416404
0.321387
-1.02444
-0.38325
-1.49706
-0.921754
-0.347848
-0.731408
0.0328177
-0.880631
-1.0872
0.494024
-1.19285
0.0864216
0.53416
0.208576
-0.0552903
0.145183
-0.31463
0.465056
-0.106262
0.110383
0.0567514
-0.795836
-0.0666331
0.461572
-0.905232
-0.468693
-2.12328
-0.150164
0.0119939
0.221961
-0.754263
-0.250231
-1.46804
-0.204747
0.23725
-0.278977
0.0618396
-1.17769
-0.950218
0.311076
-0.331443
-1.6759
-0.948739
0.17204
-0.680176
-0.339493
-0.20601
-0.538217
-0.730136
-0.228375
0.181424
-0.452762
0.211616
0.296043
-0.814193
-0.0749334
0.10479
0.0707616
-0.49946
-0.880756
-0.373337
0.655569
-0.807289
-0.253555
0.530442
0.0465669
0.313463
-0.643483
0.212741
-0.732574
-0.270617
-0.0397984
-0.83013
-0.336197
-1.38464
-0.950269
-0.262998
-0.737347
-0.65315
0.515201
-1.42751
-0.178852
0.200169
0.323333
0.779523
-0.250789
0.220006
-2.25274
-0.792984
-0.303369
0.342908
0.478652
-1.17611
0.0699071
0.02935
-0.115511
-0.465764
-2.18577
0.327524
0.243192
0.174935
-1.85344
0.43341
-0.0828621
-1.3978
0.136587
-1.09686
-0.96669
0.156578
-0.819804
0.535402
0.425039
-0.902452
0.237815
-0.532372
0.495383
0.230509
-0.0659543
-1.2662
0.43152
0.26954
-0.822439
0.612325
0.159083
0.814175
0.168019
0.340204
0.372563
-0.16683
0.185619
0.152842
-0.0704963
-1.41893
0.701582
-0.160386
0.252355
0.680722
0.515995
0.2709
0.133709
-0.346024
0.284541
-0.543157
-1.42027
-0.0452134
-1.47905
-0.134724
0.0981348
-0.114025
-0.487638
0.0934833
-0.114066
0.18064
0.288783
0.155256
-1.2516
-0.882218
0.652453
0.249965
0.0601083
0.583521
0.00865253
-0.797805
-2.00984
-0.0491924
-0.27257
0.25985
-0.241619
-0.154272
0.119095
0.126959
0.423162
-0.0848875
0.416708
-0.682743
0.0972782
-0.515403
-0.334241
-0.160622
0.533374
0.533135
-0.0991869
-0.817873
0.179989
-0.0642256
0.313198
0.307722
0.239698
0.754897
-0.118732
-1.12729
-2.01897
-0.952378
-0.597789
-0.205512
0.214642
-1.0227
-0.233997
0.0294374
-0.572009
-1.43758
-0.132388
0.109958
-1.50089
-1.49766
0.349151
-0.0886029
0.39583
-0.41594
-1.75844
-1.09566
-1.37478
0.294716
0.43164
-1.38554
-0.130228
-0.0267593
-1.05994
-0.395586
0.236566
0.492371
-0.47239
-0.304547
-0.57032
0.0667968
0.484152
-0.874335
0.217255
0.115505
0.476137
-1.25034
0.0269132
0.412327
0.0550568
-0.288882
0.367885
-0.72655
-1.55758
0.0834072
0.0677278
-1.04115
-0.280441
0.511276
-0.198167
-0.436718
-1.42839
-0.0587204
0.710031
-0.310115
0.149669
-0.65494
-1.00127
-0.376297
-1.93902
-0.912931
-0.0943934
-1.72915
0.0321048
0.102977
0.276677
0.685568
-1.67279
0.281503
-0.164281
-0.79663
0.083834
-1.03092
-0.942348
-0.655865
-0.904384
-0.370648
-0.866531
-0.778253
-0.688631
-0.101222
0.234339
-0.107086
-1.21089
-0.991695
-1.1801
-0.048758
0.146164
0.475286
0.728505
-0.508891
-0.0591122
-0.529542
0.275142
0.2593
-0.768269
-0.455164
-0.324046
0.273051
-1.05671
-0.662392
-1.05308
-0.992611
0.541015
0.30942
-0.863562
-0.92178
-0.882778
-0.104235
-0.599242
0.0256887
-1.32706
0.0198345
0.380549
-0.720076
-1.02372
-2.65358
-0.899563
-0.172833
-0.851542
-0.20333
-0.325615
-0.399965
-0.956439
-2.95388
-0.101469
-0.809756
-1.10969
-0.159385
0.111
0.259136
-0.592228
-0.221474
-0.399384
-0.280148
-1.34773
0.460914
0.694445
-0.59631
0.70866
-0.126904
0.687524
-1.21467
-0.458723
-1.6801
-0.0902385
-0.0722014
0.121356
0.0465328
-0.796132
0.243483
0.320085
-1.93888
0.138924
0.242745
-2.09364
0.476417
-0.84672
0.135978
0.46018
-2.45165
0.0938759
-0.555805
0.0494541
0.474431
-0.821904
-1.68583
-1.54535
-1.64493
-0.675713
-2.42662
0.598631
0.368394
0.596985
0.0820316
-1.13436
-0.80277
-1.15909
-0.139531
-0.0889596
-1.04383
0.151555
-1.66965
-1.14543
0.441557
0.279685
0.464204
0.206964
-0.59486
0.0137563
-1.64648
-0.223785
-0.161051
-0.419026
-0.737161
0.0166123
-0.25848
-0.480666
0.336396
-0.257481
-0.343422
-0.721178
0.745173
0.054355
0.272675
0.313623
-0.523879
0.014804
0.453742
-0.613176
-0.0466126
0.246897
-0.249161
-0.218521
0.600202
0.419426
-0.0657046
0.713492
-0.197322
-0.36669
-1.87178
-0.885767
0.0838993
0.915564
0.34309
-1.03493
-0.159785
-1.14814
0.431872
-0.504384
-2.85725
-0.128771
-0.735744
0.0424035
-0.217509
-1.14412
-0.869344
0.414981
-0.165035
-2.06849
-0.0548196
-0.649713
0.168871
-0.540036
0.477563
-1.27651
-0.037235
-0.0363334
-0.385518
-1.78381
-0.38336
-0.171664
-0.13209
0.214912
-1.38087
-0.398682
-1.62008
-0.841514
-1.09833
0.49076
0.0595824
0.190157
-1.30663
-0.027678
-0.240387
0.448712
-0.726694
0.388751
-0.348033
-1.95521
0.714708
-0.104498
-0.295502
-0.634913
0.302396
0.257668
-0.202467
0.00119789
0.311484
-0.653391
0.42846
-0.2145
0.676908
-0.885344
-1.01532
0.168752
-0.11296
-0.581207
-0.235131
-0.582093
0.183506
-1.07404
-0.853985
0.319698
-1.97762
-2.198
-0.483985
0.220724
-0.891113
-0.128702
-0.303073
-0.836022
0.38878
-1.26275
-0.242699
0.0245408
0.588241
0.277935
0.369558
-0.854423
-0.396744
0.458144
0.288446
0.0576796
-1.89207
-0.398435
-0.892871
0.760925
-1.20285
0.269096
0.449964
-0.000459042
-0.304205
-0.55646
0.215191
-2.15451
-1.2522
0.158333
0.13708
-0.626717
0.501701
-0.493984
-1.37583
-1.33263
-0.0748889
-0.301408
-1.17676
-0.119792
0.143731
-0.21062
0.689225
0.322199
-0.288127
-0.720868
0.291833
-0.116606
-0.161928
-0.0601539
-0.0969619
0.150037
0.0701844
-0.229132
-1.74037
-0.75459
-0.643941
-0.803092
-0.564404
-0.0318933
-0.762308
-0.26911
0.432673
-0.333742
-0.219853
-0.984833
-1.15246
-2.27632
-0.476979
-1.78997
-1.19834
-0.704944
-0.671299
0.592777
0.140572
0.204381
-1.57376
-1.15755
-0.234824
0.499393
-0.219773
0.485796
-1.01577
0.0247953
0.591416
-0.974207
-2.0773
0.248036
-0.393544
-1.09026
-0.706867
0.198888
0.411935
0.346594
-0.0933957
0.17773
-1.36775
-0.86533
-1.30657
-0.0412101
0.338361
0.481786
-0.267858
-0.122572
-2.09323
0.339363
-0.693905
-0.560039
0.393846
-0.225873
-0.953268
-0.16096
-0.407602
0.161493
-1.2818
0.153093
-0.566967
0.0519081
-0.231559
-2.0857
0.064706
0.555554
-0.846561
-0.0719577
-0.360093
0.171344
0.41615
-0.050394
0.367353
-0.239044
-1.29802
-0.914826
0.2872
-0.680164
0.119402
0.442301
0.274666
-0.707123
0.339749
-0.701097
0.211384
-0.0133823
-0.55926
-1.28532
-0.618194
0.269072
-0.887843
0.336195
-0.339028
0.471723
-0.394665
-0.396795
-0.0227306
0.401066
0.26831
0.0264686
-1.2672
-1.23081
-1.14559
-0.542275
-0.832134
-0.984247
-0.803691
-0.278304
-0.601751
-3.42833
-0.823004
0.188215
-0.369814
-0.28261
-0.346145
-0.0793502
-0.570375
-0.112876
0.706067
0.182577
0.269411
-1.17296
-2.23051
-0.287739
-0.879357
0.143961
0.283002
-2.31361
-0.448416
-0.0261057
-0.175471
-1.13165
-1.15484
0.71041
0.173883
-0.767869
-1.84706
-1.61985
-1.10108
0.10588
0.115896
0.424116
-0.116809
-0.148399
-0.819133
0.336944
-1.04806
0.0406124
0.539546
0.469327
0.208085
-0.108747
-1.30504
-0.547047
-0.285564
-1.05295
-0.975799
-0.934794
-1.23587
-1.90249
0.318153
-1.4318
-1.3665
-0.0254421
-1.13484
-0.637565
0.231171
0.187701
-1.41208
0.184631
-0.00467543
0.616889
-1.05904
-0.486396
-2.1474
-0.562614
-1.31824
-2.15146
0.405812
0.792377
0.227895
0.2604
-1.41259
-0.394659
-0.83608
-0.917925
-1.51771
-0.639773
-0.332258
0.369893
-0.0773435
0.657306
-0.439741
0.19688
0.131668
-0.132433
-1.38779
0.292564
-1.23699
0.0357864
0.736228
-0.59444
0.323258
-0.519847
-1.44459
-0.248498
0.118208
0.725332
-1.28151
-1.39658
-1.35415
0.537464
0.379565
0.458295
-0.928918
-0.0863999
-2.27877
0.268479
-0.722317
-0.766398
-1.50934
-0.26156
-0.177642
-1.79857
0.11316
-1.70456
0.509327
-1.06886
-0.149105
-0.334312
-0.152831
-2.26281
0.236475
-0.581511
-0.440279
-0.0545202
-0.234261
-0.240877
-1.09131
-0.625483
0.328182
0.104503
-0.00406863
-0.0263066
-1.24178
-1.60582
0.186721
-0.81652
-1.017
0.287023
0.368266
0.217296
-0.202773
-0.213572
0.857172
0.541153
-0.756192
-0.832858
-0.383784
0.183787
0.0287473
-1.46735
-0.952961
-0.809119
-0.958408
-1.41571
-0.786348
-1.73872
-1.24456
0.480403
-1.30338
-2.5849
-0.0201923
-0.660736
-1.20756
0.187173
-0.987963
-0.0389715
-1.38924
-1.57398
-0.214816
-1.32533
-0.18267
-0.427315
-0.754848
-1.38044
-1.08067
0.190219
0.87249
-0.110341
0.60113
0.330329
0.533907
-0.354416
0.537038
0.24935
0.233476
-0.139064
-1.58923
-0.194666
0.370726
-2.24341
0.250999
-0.899174
-0.0779194
-1.38118
-0.384773
-0.507053
0.364211
-0.306133
0.231972
-0.243245
0.381671
-0.305265
0.308022
-0.61976
-0.2331
-0.14383
-0.561653
0.141025
-0.832124
0.0341611
-1.68492
-0.966631
-0.022542
-1.0269
0.582524
-0.343577
-0.324107
0.614189
-0.315168
0.348989
-0.762345
0.225382
0.251609
-0.339902
0.00491646
-0.23467
-0.322534
0.322704
0.75988
0.0140587
-1.22681
-0.806477
0.312672
-0.438089
0.0236871
-0.476543
-0.958654
-0.826856
-0.34928
-0.380742
0.455816
0.470632
-0.105232
-0.17883
-0.0946089
0.515879
0.117593
0.0877157
0.0522948
-0.0728676
0.143381
0.130927
-0.267836
0.645014
0.100958
0.532182
0.313327
-1.10735
-0.0581624
-1.77605
-0.607467
-0.546345
-1.59841
-0.774296
-1.18227
-0.789553
0.0481149
-0.194981
0.261466
0.28362
-0.305036
0.0761157
-0.483254
0.354573
-0.766473
-1.15141
0.179285
-1.03606
0.416728
-1.26952
-0.549607
0.0195663
-0.101694
0.221502
-1.23545
-0.572365
-0.22989
-1.15833
-0.301018
0.263145
0.00475218
0.450102
0.418255
-0.331842
-0.391066
-1.06197
-0.697233
-0.190973
0.401487
0.495717
0.190292
0.0209131
-0.640374
0.324312
0.529018
0.0156063
0.455603
0.137261
-0.153016
0.477336
-0.426501
-0.823584
-0.613983
-0.294924
0.319984
0.332795
-0.286478
0.267276
-1.2711
-0.267846
-0.613197
-0.0700096
0.0384093
0.729232
-1.5875
-0.534693
-0.684574
-0.246977
-0.941413
-0.4642
0.364673
0.048974
-0.182786
0.257946
-0.0414504
0.89214
-1.11716
-1.06814
-0.111321
-0.0684624
-1.35447
0.243692
0.345844
-0.0153389
0.334223
-0.44512
-0.0597222
-0.643414
0.100559
-0.963325
-0.48938
-1.73729
0.368611
0.505497
0.488222
0.156617
-0.126668
-0.226944
-0.063023
-0.576475
-0.972928
-0.416394
0.0307205
-0.688694
-0.621494
-0.450025
0.518449
-0.211942
-0.39294
-0.5221
-0.0805721
0.391909
-0.202362
-0.033902
0.109989
0.212577
-0.582645
-0.543498
-0.764392
0.133533
0.570393
-0.45426
-0.966846
-0.0580509
-0.281445
-0.823536
-0.00546801
-1.03639
-0.932133
0.0581483
-0.0631246
-0.261837
-1.04907
-0.391281
-1.40597
-0.102559
0.255519
-0.311082
-0.313597
-0.25722
-0.0408897
-0.108644
-0.13108
-0.3441
-0.107509
-0.189787
-0.342334
-0.108795
0.379932
-0.793583
-0.689184
0.0792107
0.0491761
0.309668
-0.721319
-0.537278
-0.723248
-0.774001
-0.50219
-0.460647
-0.950458
-0.644712
-0.501173
-0.453547
-0.249507
-0.242931
-0.344332
0.33991
-0.926434
-0.0612591
-0.0759456
-0.738441
0.193026
-0.137511
-0.313163
-0.240825
-0.158884
-0.759087
-0.879434
-1.30184
-0.82763
-0.742119
0.511488
0.037963
-0.74976
-0.572308
-0.357726
0.100331
0.110373
-0.2383
0.458122
-0.822667
-0.367799
-0.715259
-1.43024
-0.670128
0.0719017
-0.539646
-0.862416
-1.68832
-0.146717
-0.995948
-1.36712
-0.454079
0.217685
-0.351431
0.541688
0.43744
0.015624
0.232245
-0.0354328
-0.858961
-0.246394
-0.0794079
-0.209936
0.637535
0.524388
0.104519
0.530814
-0.643064
0.236985
0.045667
0.200282
-0.157953
0.0965159
-0.334043
-0.315946
-0.0546931
-0.584866
0.0724014
-0.375921
-0.388766
-0.670711
0.0773137
-2.12448
0.556895
-0.213224
-1.42393
0.0701733
0.474292
0.0484122
0.223215
0.386021
-0.45548
0.0227608
-0.187575
-0.267299
-0.769946
-0.515094
0.755055
-0.393682
-0.355947
0.401748
-1.63217
-0.1135
0.130688
-1.30416
-0.089832
-0.315758
0.566011
-0.109592
-0.655326
-1.80357
0.351568
0.174046
0.0969914
0.302073
0.235251
0.535917
-0.311876
-0.141571
-1.32169
-2.21537
-2.06466
-0.397675
-0.0271004
0.191962
-0.27751
-1.66286
0.180317
0.420766
-0.149098
-0.127005
-0.0618648
0.454841
-0.705833
0.160025
-0.844725
-0.192424
0.0569855
0.13317
-0.983771
0.00350965
0.234175
0.354638
-0.997776
-0.188527
-0.23053
0.0539769
0.158893
-0.0642644
-1.36424
-1.54996
-1.44461
0.405438
-2.65349
-1.14381
-0.0550679
-0.092507
-0.53776
-1.40186
-0.137311
0.103214
-0.498537
0.0265064
0.238678
-0.433648
-0.173379
0.0168715
-0.647185
-0.945789
-0.0680342
0.201575
-0.528801
0.161345
0.579012
0.190165
0.0287499
-0.0230925
-0.114817
-0.563266
0.259895
-0.756027
0.612672
-0.273934
-0.798277
0.166219
0.0436669
-0.358678
0.308099
-0.268134
-0.0942563
0.0160375
0.319376
-0.465384
-0.314797
0.222247
-0.543867
0.441
0.180017
0.434288
0.790539
-0.163532
0.0902491
-0.05507
0.00306127
-0.64527
-1.02409
0.451346
0.0895863
0.0608278
0.232637
-0.237855
-3.3488
-1.25564
0.11722
-0.0745965
-0.288581
0.3857
-0.230953
0.265459
-1.40336
-0.081861
0.0662092
0.119772
-1.00411
0.25908
0.191472
-0.0305453
0.384715
-0.575607
-0.0993309
-0.221013
-0.0548246
0.677318
-0.410612
0.384859
-1.10472
-0.659386
0.340365
0.277924
-0.829985
0.223805
-0.37175
-1.35432
-0.158614
-0.835992
-1.0079
0.0288958
-0.217833
0.528511
0.344052
0.129414
-0.0366243
-0.228608
-0.617893
-0.342409
-1.00514
0.233497
-0.109558
0.0829455
-0.138421
0.208071
-0.426694
0.0338864
0.00752844
0.316079
-0.443408
-0.792292
0.471428
0.698391
-0.463016
-0.414737
0.27909
0.0528962
-1.0784
0.128926
0.335549
0.491172
0.283448
-1.35263
-0.652837
0.0120505
0.379795
-0.384545
-0.587731
-0.267049
0.37874
0.5293
-0.0340452
-0.686478
-0.599774
-0.153054
0.264038
0.692375
0.190522
-0.36874
-0.0959283
-0.461774
0.0872837
-0.905809
-1.2764
0.111593
-0.379157
-0.644378
0.0458251
0.276047
0.403964
-0.348417
0.08841
-1.18981
-1.78138
-1.54419
0.475182
-0.0333999
-0.256726
-0.428117
-0.654292
0.358804
0.156332
0.494375
-1.2782
0.141546
-0.886109
0.174704
-0.926387
-0.0118432
0.268863
0.28501
-0.358164
-0.35068
-0.785031
0.568229
-1.66179
0.113646
0.407767
0.449888
-0.137911
0.475502
-0.840224
0.0567106
0.0745556
-0.207368
0.555545
-0.556236
-0.254873
-0.765238
-0.0972021
-0.257428
0.0691766
0.180697
-1.22931
-0.0503065
0.277109
0.275458
-0.563758
-0.7946
0.185367
-0.800276
-0.739078
0.505394
-0.267143
-0.569639
-0.279853
-0.117992
0.0944211
-0.506638
-0.52422
0.313018
-0.208545
0.278024
-1.3934
0.198384
0.00212134
-0.0636626
-0.632504
-1.46823
-0.174302
-0.594515
0.213583
-0.339143
-0.442279
-0.0426706
0.419012
-1.02225
-0.465972
0.202351
-0.247097
-0.0210512
-0.0280473
-1.55653
0.00975611
0.299439
0.738029
-0.788318
0.458611
-0.746932
-1.89467
-0.711412
0.311584
0.321851
0.605482
-0.663706
0.613472
0.0756607
-0.685992
-1.02197
0.00911896
-0.102208
-0.279647
0.167055
-0.755566
-0.146116
0.198771
-0.929978
-1.1248
-0.0197187
0.268294
-0.62696
-0.0788413
-0.777085
-0.489709
-0.0478952
0.456689
-0.243824
0.176864
-0.33621
0.403341
-2.62512
-0.0180544
-1.18598
0.229094
-0.0780982
0.0927255
0.699503
0.0491753
0.470173
0.391818
0.44607
-0.0232368
0.0884173
-0.20919
-0.665156
0.219556
-0.531964
0.233144
0.316869
-0.0539065
0.426623
0.518549
-0.487562
0.292567
-0.621162
0.440898
-0.832832
-0.684361
-0.911573
0.741843
-0.109737
-1.17202
-0.240338
0.166082
-0.232191
-1.08192
0.242549
0.141496
0.155132
0.000105679
-0.0234815
0.12705
0.152011
-0.689118
-0.0616775
-0.0360609
-1.61067
-0.19928
-0.511585
-0.522829
0.184178
0.17606
0.273527
-0.741389
0.0721358
-0.794814
0.591141
-0.482808
-0.221857
-1.62296
-1.25464
-0.741362
0.557937
-1.46927
-1.25055
-0.0532442
0.477499
0.320514
-1.37137
0.176925
0.148627
-0.282856
-0.604449
-0.293358
0.153275
0.143841
-0.245485
0.241377
0.633497
0.390655
0.385261
-0.130835
-0.082168
-0.66418
-0.208062
0.251486
-0.705634
-0.561167
0.351548
-0.538982
-0.382999
-2.18951
-0.344286
-0.0236406
-0.709498
0.35671
-0.263731
0.062017
0.278184
0.595053
0.0613342
-0.434474
0.555854
0.540372
0.0521712
0.180044
-0.0875737
-1.10094
0.346557
-0.202366
0.574831
-2.08404
0.573985
0.59719
-1.52962
0.137385
-0.821059
-1.27081
-0.0047562
0.145193
0.0684171
0.447495
-0.783758
-0.728957
-0.978782
-0.909207
0.300322
-0.165343
-0.635386
-0.163182
-0.201507
-0.601941
-0.239768
0.155411
-0.288373
0.502371
-1.42263
-0.105655
-0.266243
-0.144265
-1.05739
-0.121107
0.751708
-2.10232
0.112165
-0.450571
-0.874164
0.290864
-1.62374
-0.225323
-0.180592
-0.604942
-0.308127
-1.25765
0.0758386
-0.205566
-0.356815
-0.00659098
0.24673
0.0475317
-0.908215
0.264146
-0.242983
-0.2543
-0.880845
-0.154363
-0.555135
-0.582331
0.0925866
-0.439744
-0.292523
-0.912266
0.086799
0.271474
0.398709
-0.965808
0.620619
0.217104
-0.160442
0.275515
0.111213
-1.52617
-0.623548
-0.741531
-0.210261
-0.307905
0.15022
-0.388353
0.260908
0.0959341
-1.83758
-1.19059
0.162167
0.542896
0.18472
-0.231099
-0.6686
0.259046
0.312004
0.0884264
-0.504434
-2.04218
-0.222191
-1.44641
0.466734
-0.322627
0.309267
-0.237319
0.192951
-0.411332
0.654997
-0.611055
0.700107
-0.594853
-0.421937
0.145665
-0.732114
0.179236
-1.0429
-0.211726
-0.756904
0.322395
-0.150581
-1.23877
-1.16827
-0.602904
0.231757
-0.871206
-0.441957
0.12741
0.513333
0.423005
0.028139
0.363767
-0.28724
0.730986
0.0586823
-0.887963
-0.852922
-0.913594
0.182028
-1.81536
-0.221098
0.207482
-0.270531
0.365849
-0.615274
0.251461
0.0658416
0.479393
0.444286
0.640602
0.103507
0.0926389
-1.38443
-1.44995
-0.280293
0.743054
-0.114253
0.0766156
0.657352
-0.23645
-0.334914
0.23614
-1.14339
-0.2434
0.0703836
-0.156752
0.218068
0.0909605
0.0643076
-0.304329
-0.255045
0.0648128
0.179637
0.201733
-0.262298
-0.176709
-0.529916
-0.823582
-1.15768
-0.0428419
0.1396
-1.40987
0.235766
0.0464738
0.209225
-0.0379406
0.313891
0.580035
-0.352933
0.0638653
-1.0087
-1.78869
-0.369055
0.361523
-0.55753
-1.41559
0.263299
0.306927
-0.508898
0.536547
-0.789708
0.521666
-0.896401
-0.365906
0.0211079
-0.0209113
-0.0812986
0.17772
-0.411306
0.24449
-1.26016
0.206512
0.232485
-1.23806
0.255198
0.22542
-0.722423
-0.56903
0.781501
-0.88764
-0.124327
-0.185229
0.535553
-1.09986
-0.117489
0.426156
0.220382
-0.64503
0.132772
-0.398322
0.313316
-0.100154
0.604754
-1.13007
-0.31061
-0.456473
-0.642811
-0.314734
-0.679395
-0.24333
-0.0184856
0.295949
0.347498
-0.281957
0.272267
0.0912096
-0.459731
0.149632
0.124459
-0.269483
-0.508387
0
0
0
0
0
0
0
0
0
0
0
0
0
0
0
0
0
0
0
0
0
0
0
0
0
0
0
0
0
0
0
0
0
0
0
0
0
0
0
0
0
0
0
0
0
0
0
0
0
0
0
0
0
0
0
0
0
0
0
0
0
0
0
0
0
0
0
0
0
0
0
0
0
0
0
0
0
0
0
0
0
0
0
0
0
0
0
0
0
0
0
0
0
0
0
0
0
0
0
0
0
0
0
0
0
0
0
0
0
0
0
0
0
0
0
0
0
0
0
0
0
0
0
0
0
0
0
0
0
0
0
0
0
0
0
0
0
0
0
0
0
0
0
0
0
0
0
0
0
0
0
0
0
0
0
0
0
0
0
0
0
0
0
0
0
0
0
0
0
0
0
0
0
0
0
0
0
0
0
0
0
0
0
0
0
0
0
0
0
0
0
0
0
0
0
0
0
0
0
0
0
0
0
0
0
0
0
0
0
0
0
0
0
0
0
0
0
0
0
0
0
0
0
0
0
0
0
0
0
0
0
0
0
0
0
0
0
0
0
0
0
0
0
0
0
0
0
0
0
0
0
0
0
0
0
0
0
0
0
0
0
0
0
0
0
0
0
0
0
0
0
0
0
0
0
0
0
0
0
0
0
0
0
0
0
0
0
0
0
0
0
0
0
0
0
0
0
0
0
0
0
0
0
0
0
0
0
0
0
0
0
0
0
0
0
0
0
0
0
0
0
0
0
0
0
0
0
0
0
0
0
0
0
0
0
0
0
0
0
0
0
0
0
0
0
0
0
0
0
0
0
0
0
0
0
0
0
0
0
0
0
0
0
0
0
0
0
0
0
0
0
0
0
0
0
0
0
0
0
0
0
0
0
0
0
0
0
0
0
0
0
0
0
0
0
0
0
0
0
0
0
0
0
0
0
0
0
0
0
0
0
0
0
0
0
0
0
0
0
0
0
0
0
0
0
0
0
0
0
0
0
0
0
0
0
0
0
0
0
0
0
0
0
0
0
0
0
0
0
0
0
0
0
0
0
0
0
0
0
0
0
0
0
0
0
0
0
0
0
0
0
0
0
0
0
0
0
0
0
0
0
0
0
0
0
0
0
0
0
0
0
0
0
0
0
0
0
0
0
0
0
0
0
0
0
0
0
0
0
0
0
0
0
0
0
0
0
0
0
0
0
0
0
0
0
0
0
0
0
0
0
0
0
0
0
0
0
0
0
0
0
0
0
0
0
0
0
0
0
0
0
0
0
0
0
0
0
0
0
0
0
0
0
0
0
0
0
0
0
0
0
0
0
0
0
0
0
0
0
0
0
0
0
0
0
0
0
0
0
0
0
0
0
0
0
0
0
0
0
0
0
0
0
0
0
0
0
0
0
0
0
0
0
0
0
0
0
0
0
0
0
0
0
0
0
0
0
0
0
0
0
0
0
0
0
0
0
0
0
0
0
0
0
0
0
0
0
0
0
0
0
0
0
0
0
0
0
0
0
0
0
0
0
0
0
0
0
0
0
0
0
0
0
0
0
0
0
0
0
0
0
0
0
0
0
0
0
0
0
0
0
0
0
0
0
0
0
0
0
0
0
0
0
0
0
0
0
0
0
0
0
0
0
0
0
0
0
0
0
0
0
0
0
0
0
0
0
0
0
0
0
0
0
0
0
0
0
0
0
0
0
0
0
0
0
0
0
0
0
0
0
0
0
0
0
0
0
0
0
0
0
0
0
0
0
0
0
0
0
0
0
0
0
0
0
0
0
0
0
0
0
0
0
0
0
0
0
0
0
0
0
0
0
0
0
0
0
0
0
0
0
0
0
0
0
0
0
0
0
0
0
0
0
0
0
0
0
0
0
0
0
0
0
0
0
0
0
0
0
0
0
0
0
0
0
0
0
0
0
0
0
0
0
0
0
0
0
0
0
0
0
0
0
0
0
0
0
0
0
0
0
0
0
0
0
0
0
0
0
0
0
0
0
0
0
0
0
0
0
0
0
0
0
0
0
0
0
0
0
0
0
0
0
0
0
0
0
0
0
0
0
0
0
0
0
0
0
0
0
0
0
0
0
0
0
0
0
0
0
0
0
0
0
0
0
0
0
0
0
0
0
0
0
0
0
0
0
0
0
0
0
0
0
0
0
0
0
0
0
0
0
0
0
0
0
0
0
0
0
0
0
0
0
0
0
0
0
0
0
0
0
0
0
0
0
0
0
0
0
0
0
0
0
0
0
0
0
0
0
0
0
0
0
0
0
0
0
0
0
0
0
0
0
0
0
0
0
0
0
0
0
0
0
0
0
0
0
0
0
0
0
0
0
0
0
0
0
0
0
0
0
0
0
0
0
0
0
0
0
0
0
0
0
0
0
0
0
0
0
0
0
0
0
0
0
0
0
0
0
0
0
0
0
0
0
0
0
0
0
0
0
0
0
0
0
0
0
0
0
0
0
0
0
0
0
0
0
0
0
0
0
0
0
0
0
0
0
0
0
0
0
0
0
0
0
0
0
0
0
0
0
0
0
0
0
0
0
0
0
0
0
0
0
0
0
0
0
0
0
0
0
0
0
0
0
0
0
0
0
0
0
0
0
0
0
0
0
0
0
0
0
0
0
0
0
0
0
0
0
0
0
0
0
0
0
0
0
0
0
0
0
0
0
0
0
0
0
0
0
0
0
0
0
0
0
0
0
0
0
0
0
0
0
0
0
0
0
0
0
0
0
0
0
0
0
0
0
0
0
0
0
0
0
0
0
0
0
0
0
0
0
0
0
0
0
0
0
0
0
0
0
0
0
0
0
0
0
0
0
0
0
0
0
0
0
0
0
0
0
0
0
0
0
0
0
0
0
0
0
0
0
0
0
0
0
0
0
0
0
0
0
0
0
0
0
0
0
0
0
0
0
0
0
0
0
0
0
0
0
0
0
0
0
0
0
0
0
0
0
0
0
0
0
0
0
0
0
0
0
0
0
0
0
0
0
0
0
0
0
0
0
0
0
0
0
0
0
0
0
0
0
0
0
0
0
0
0
0
0
0
0
0
0
0
0
0
0
0
0
0
0
0
0
0
0
0
0
0
0
0
0
0
0
0
0
0
0
0
0
0
0
0
0
0
0
0
0
0
0
0
0
0
0
0
0
0
0
0
0
0
0
0
0
0
0
0
0
0
0
0
0
0
0
0
0
0
0
0
0
0
0
0
0
0
0
0
0
0
0
0
0
0
0
0
0
0
0
0
0
0
0
0
0
0
0
0
0
0
0
0
0
0
0
0
0
0
0
0
0
0
0
0
0
0
0
0
0
0
0
0
0
0
0
0
0
0
0
0
0
0
0
0
0
0
0
0
0
0
0
0
0
0
0
0
0
0
0
0
0
0
0
0
0
0
0
0
0
0
0
0
0
0
0
0
0
0
0
0
0
0
0
0
0
0
0
0
0
0
0
0
0
0
0
0
0
0
0
0
0
0
0
0
0
0
0
0
0
0
0
0
0
0
0
0
0
0
0
0
0
0
0
0
0
0
0
0
0
0
0
0
0
0
0
0
0
0
0
0
0
0
0
0
0
0
0
0
0
0
0
0
0
0
0
0
0
0
0
0
0
0
0
0
0
0
0
0
0
0
0
0
0
0
0
0
0
0
0
0
0
0
0
0
0
0
0
0
0
0
0
0
0
0
0
0
0
0
0
0
0
0
0
0
0
0
0
0
0
0
0
0
0
0
0
0
0
0
0
0
0
0
0
0
0
0
0
0
0
0
0
0
0
0
0
0
0
0
0
0
0
0
0
0
0
0
0
0
0
0
0
0
0
0
0
0
0
0
0
0
0
0
0
0
0
0
0
0
0
0
0
0
0
0
0
0
0
0
0
0
0
0
0
0
0
0
0
0
0
0
0
0
0
0
0
0
0
0
0
0
0
0
0
0
0
0
0
0
0
0
0
0
0
0
0
0
0
0
0
0
0
0
0
0
0
0
0
0
0
0
0
0
0
0
0
0
0
0
0
0
0
0
0
0
0
0
0
0
0
0
0
0
0
0
0
0
0
0
0
0
0
0
0
0
0
0
0
0
0
0
0
0
0
0
0
0
0
0
0
0
0
0
0
0
0
0
0
0
0
0
0
0
0
0
0
0
0
0
0
0
0
0
0
0
0
0
0
0
0
0
0
0
0
0
0
0
0
0
0
0
0
0
0
0
0
0
0
0
0
0
0
0
0
0
0
0
0
0
0
0
0
0
0
0
0
0
0
0
0
0
0
0
0
0
0
0
0
0
0
0
0
0
0
0
0
0
0
0
0
0
0
0
0
0
0
0
0
0
0
0
0
0
0
0
0
0
0
0
0
0
0
0
0
0
0
0
0
0
0
0
0
0
0
0
0
0
0
0
0
0
0
0
0
0
0
0
0
0
0
0
0
0
0
0
0
0
0
0
0
0
0
0
0
0
0
0
0
0
0
0
0
0
0
0
0
0
0
0
0
0
0
0
0
0
0
0
0
0
0
0
0
0
0
0
0
0
0
0
0
0
0
0
