-0.653547
0.252458
0.713098
-0.455297
0.486123
-0.176447
-0.356396
0.361547
-0.443053
-2.77166
-1.02147
-1.50899
-0.732755
0.19019
-1.7442
-1.61667
-1.29466
-1.1025
0.489298
-0.799528
-1.40953
-1.71141
-0.870418
-0.828894
-1.23626
0.208318
0.033368
0.474706
-0.551018
-0.314139
0.054136
-0.144938
-0.0176448
0.452087
-0.868164
0.270957
-0.23156
-1.27079
0.0994323
0.15987
0.377397
0.0423256
-1.70629
0.23365
0.297947
0.428457
-0.434703
-0.760935
-0.0443784
-0.568346
-0.0799635
0.0255429
-0.550312
-0.629856
0.790598
-1.57012
-0.660883
-2.0865
-1.01485
0.342214
0.399418
-0.355812
0.305404
-1.74663
-0.880751
0.153694
-0.723694
-0.438583
-0.55735
-0.412241
-0.436822
-0.603798
0.129694
-1.0481
-1.06538
-0.297692
0.0220278
-1.46934
-1.43292
0.451152
-0.0394885
0.174605
-0.639846
-1.51319
-0.297713
-0.340568
0.185093
-1.60882
0.203839
-2.95323
0.0109766
-0.471345
0.216111
-0.517376
0.111066
-0.638424
-0.366888
-0.78018
-0.7201
-0.931566
-0.183621
-0.944145
0.692413
0.379417
0.0234043
0.397408
-1.35688
-1.05826
0.0643181
-0.345989
-1.35152
-2.21636
-1.41051
0.230046
-0.0110262
-0.610857
0.153233
0.120252
0.20151
-0.910792
-1.93969
-1.08146
-0.986721
-1.02324
-0.316355
-0.114226
0.498949
0.241277
-0.516385
-0.163126
0.165174
-0.582452
0.594957
-0.179541
0.439249
-1.47583
-0.0155798
0.0601491
-0.713166
0.588912
-0.259255
-1.43975
0.956038
-0.046776
-0.105968
-0.477563
0.098877
-0.335275
0.390906
-1.13145
-0.359943
-1.50498
-0.745587
-0.404528
-0.670612
-0.095324
-0.72145
-1.303
0.584481
-1.24493
0.0569766
0.508966
0.191989
0.0610432
0.229754
-0.172238
0.469303
-0.0815559
0.0907559
0.115726
-0.56576
-0.000621685
0.576096
-0.867183
-0.518945
-2.19812
-0.153942
0.0277123
0.275651
-0.74757
-0.355918
-1.42446
-0.0403519
0.280163
-0.181001
0.0802467
-1.09737
-1.09086
0.32312
-0.413177
-1.82879
-0.911924
0.0843194
-0.547863
-0.335145
-0.072271
-0.521152
-0.78107
-0.244604
0.257232
-0.483517
0.216503
0.362781
-0.931948
-0.136889
0.150936
0.0800085
-0.440193
-0.868367
-0.475412
0.718669
-0.705562
-0.282271
0.525307
0.122852
0.268974
-0.489148
0.315526
-0.77008
-0.25763
-0.0140829
-0.905178
-0.370391
-1.44994
-0.836837
-0.230691
-0.802869
-0.65396
0.542479
-1.49702
-0.126765
0.238441
0.285214
0.77442
-0.19037
0.244886
-2.38465
-0.668647
-0.340028
0.33613
0.518549
-1.18383
0.0710338
0.0642665
-0.0857683
-0.438738
-2.13179
0.251144
0.253259
0.205544
-1.82223
0.509821
-0.0633212
-1.29046
0.265784
-1.2678
-0.936503
0.204454
-0.6101
0.528464
0.391983
-0.90707
0.231938
-0.798533
0.530426
0.273396
-0.0952994
-1.23613
0.463689
0.283276
-0.792737
0.647166
0.194625
0.824764
0.241852
0.240398
0.388617
-0.126093
0.184917
0.199862
-0.17287
-1.39615
0.725898
-0.0978226
0.266295
0.667515
0.566274
0.319
0.203322
-0.23408
0.358426
-0.557415
-1.67939
-0.115719
-1.53256
-0.144446
0.20101
0.0053537
-0.457748
0.104442
-0.207143
0.209984
0.294311
0.18795
-1.38304
-0.856427
0.696657
0.324481
0.0687391
0.618346
0.110976
-0.779661
-1.87112
-0.016934
-0.173613
0.250173
-0.209965
-0.197528
0.132299
0.202213
0.438236
-0.0148503
0.392547
-0.753453
-0.0318011
-0.452775
-0.235869
-0.12516
0.565784
0.538695
-0.093256
-0.677436
0.200263
0.0304706
0.245268
0.321168
0.258828
0.753522
-0.0104649
-1.00419
-2.00408
-0.818832
-0.539149
-0.188643
0.256817
-1.05448
-0.149573
0.105917
-0.561571
-1.4634
-0.0928347
0.050809
-1.53128
-1.5287
0.357902
-0.00601606
0.328233
-0.342046
-1.80408
-1.19268
-1.27518
0.325283
0.47418
-1.15366
-0.117869
0.0604994
-1.12807
-0.514124
0.249944
0.485008
-0.337522
-0.16262
-0.587232
0.124647
0.533371
-0.954006
0.1754
0.102166
0.498742
-1.23645
0.0345619
0.412843
0.0652632
-0.235646
0.382305
-0.795466
-1.42575
0.0709892
-0.00633941
-1.09137
-0.365958
0.513884
-0.170592
-0.355398
-1.51522
0.0031112
0.660418
-0.206801
0.186737
-0.667696
-0.830273
-0.469854
-1.9435
-0.851304
-0.152675
-1.78324
0.0728634
0.0547889
0.220958
0.715744
-1.78528
0.291093
-0.169984
-0.891954
0.102029
-1.06717
-0.981038
-0.617453
-1.00585
-0.375228
-0.801573
-0.765027
-0.587782
-0.0390039
0.292715
-0.0166014
-1.06791
-1.04539
-1.17026
-0.0358465
0.214973
0.492002
0.695508
-0.430408
-0.0219317
-0.376818
0.286972
0.297421
-0.942855
-0.465855
-0.273096
0.185954
-0.9449
-0.546052
-1.11608
-0.911367
0.483022
0.333823
-0.834135
-0.842337
-0.822065
-0.0473088
-0.617029
0.00759154
-1.20944
-0.0539046
0.407684
-0.724504
-1.15673
-2.53989
-0.758669
-0.105763
-0.821898
-0.157778
-0.348114
-0.454356
-1.01502
-2.84585
-0.0270996
-0.753367
-1.29028
-0.113291
0.24644
0.308041
-0.425141
-0.217097
-0.493347
-0.487311
-1.26893
0.481246
0.73947
-0.463391
0.705752
-0.220688
0.700645
-1.1685
-0.294053
-1.73585
-0.0361466
-0.0848792
0.150721
0.0295028
-0.702799
0.273321
0.273272
-1.96943
0.143195
0.2333
-2.06792
0.427342
-0.858425
0.118179
0.491378
-2.44514
0.0484614
-0.383396
0.105489
0.564584
-0.701037
-1.50763
-1.41153
-1.57823
-0.633699
-2.47034
0.612714
0.432785
0.641241
0.215724
-1.1079
-0.823838
-1.12317
-0.233494
-0.219496
-0.99545
0.159796
-1.61013
-1.13577
0.407123
0.360766
0.54297
0.307284
-0.558353
0.0501718
-1.70139
-0.165464
0.0347493
-0.367314
-0.806302
-0.0604542
-0.189297
-0.623762
0.40475
-0.156716
-0.383345
-0.671393
0.684465
-0.0469999
0.334107
0.368995
-0.632894
-0.0141658
0.430894
-0.60952
-0.0193075
0.203196
-0.297708
-0.141603
0.539256
0.5199
0.00419061
0.715321
-0.189275
-0.327329
-1.79532
-0.848526
0.0965463
0.926739
0.360804
-0.85844
-0.119139
-1.16176
0.401593
-0.431349
-2.7134
-0.122905
-0.705784
0.106895
-0.155646
-1.07636
-0.82211
0.40625
-0.253076
-2.01142
-0.0994335
-0.607826
0.084815
-0.61875
0.429765
-1.32746
-0.126216
-0.0162792
-0.349834
-1.67856
-0.355416
-0.140732
-0.0792903
0.30677
-1.28359
-0.555895
-1.62151
-0.894918
-1.05302
0.442727
0.145893
0.230501
-1.32225
-0.091605
-0.255231
0.443832
-0.737698
0.400166
-0.233774
-1.91362
0.71748
-0.0327659
-0.186606
-0.635633
0.327838
0.232492
-0.153007
0.00594134
0.35909
-0.582751
0.415887
-0.163095
0.656432
-0.952005
-1.0252
0.171378
-0.10262
-0.672978
-0.313264
-0.502614
0.145226
-1.00113
-0.737173
0.377841
-2.12164
-2.10421
-0.471655
0.202288
-0.977102
-0.155219
-0.273212
-0.670088
0.459906
-1.06949
-0.293313
0.178664
0.56416
0.271432
0.323712
-0.83043
-0.460771
0.351016
0.317852
0.0838635
-1.82827
-0.439278
-0.884915
0.783464
-1.07858
0.308511
0.548415
0.0409443
-0.288561
-0.499474
0.23126
-2.00689
-1.34869
0.155954
0.0944559
-0.600465
0.50166
-0.614382
-1.39667
-1.43259
-0.128842
-0.331352
-1.1799
-0.132334
0.0771504
-0.262273
0.70163
0.322727
-0.352719
-0.733607
0.394675
-0.00721364
-0.238987
-0.0734829
-0.184659
0.140564
0.110406
-0.301125
-1.8075
-0.803142
-0.635941
-0.767385
-0.58161
-0.0412247
-0.895576
-0.245946
0.426738
-0.370405
-0.191693
-0.937647
-1.21172
-2.13502
-0.518296
-1.82533
-1.22252
-0.753789
-0.574726
0.593964
0.130495
0.238616
-1.42687
-1.00317
-0.142783
0.505454
-0.213274
0.398655
-0.87447
0.150441
0.609062
-1.01747
-2.17566
0.267577
-0.188737
-1.11343
-0.758139
0.165995
0.445034
0.447847
-0.0685225
0.191433
-1.24729
-0.81864
-1.09012
0.0703442
0.361707
0.533562
-0.243785
-0.118522
-2.12998
0.404478
-0.813154
-0.505081
0.44685
-0.151125
-0.833306
-0.186859
-0.415924
0.249789
-1.40513
0.207057
-0.62883
0.108411
-0.24883
-1.98505
-0.00229913
0.654096
-0.787765
-0.066612
-0.238138
0.205335
0.428088
-0.050122
0.395534
-0.236949
-1.29748
-0.842224
0.237594
-0.740452
0.144552
0.466454
0.31502
-0.777359
0.328104
-0.670515
0.201934
0.105486
-0.597174
-1.16699
-0.663115
0.319645
-0.883174
0.369897
-0.341422
0.47987
-0.371299
-0.384221
-0.0350545
0.33298
0.238815
0.0382216
-1.23935
-1.08784
-1.10142
-0.427043
-0.923852
-0.92808
-0.674195
-0.453537
-0.595377
-3.28163
-0.761772
0.17227
-0.422977
-0.327244
-0.40447
-0.110889
-0.574138
-0.0680812
0.735972
0.262352
0.281193
-1.17296
-2.27076
-0.378968
-0.865692
0.183595
0.297168
-2.2688
-0.435416
-0.0640081
-0.155058
-1.15025
-1.2053
0.705776
0.214461
-0.681997
-1.76825
-1.57393
-1.00773
0.071592
0.175816
0.525688
-0.160052
-0.131154
-0.954654
0.45021
-1.02244
-0.0558329
0.567023
0.484783
0.194659
-0.130753
-1.30556
-0.654793
-0.165716
-1.09453
-0.851175
-0.81356
-1.32569
-1.91997
0.29312
-1.42792
-1.33042
0.0443678
-1.12116
-0.605376
0.259096
0.232739
-1.46656
0.115985
0.0132025
0.648764
-1.01499
-0.492865
-2.14599
-0.689547
-1.39369
-2.13558
0.482672
0.805165
0.207945
0.317407
-1.3336
-0.437307
-0.669408
-0.890282
-1.34845
-0.651018
-0.272165
0.425604
-0.0760772
0.626379
-0.506884
0.230532
0.10199
-0.100053
-1.1749
0.296321
-1.23954
0.00322882
0.786051
-0.473772
0.339198
-0.565275
-1.22999
-0.240689
0.119062
0.74549
-1.04766
-1.29731
-1.36127
0.570127
0.42751
0.528198
-1.04497
-0.100201
-2.31511
0.286189
-0.697485
-0.668747
-1.50593
-0.224177
-0.187661
-1.74147
0.110944
-1.53706
0.506779
-0.946084
-0.208209
-0.272353
-0.221621
-2.13173
0.276949
-0.571086
-0.292007
-0.0368145
-0.267679
-0.222864
-1.11096
-0.683153
0.32459
0.112709
-0.0600727
-0.0120494
-1.09453
-1.48785
0.116777
-0.745016
-0.978745
0.36086
0.38371
0.262694
-0.22116
-0.0761437
0.827112
0.576008
-0.776205
-0.648845
-0.344911
0.232407
0.118907
-1.52514
-0.838898
-0.85077
-0.911325
-1.3989
-1.09732
-1.59717
-1.37874
0.564513
-1.20299
-2.39471
-0.0538232
-0.548808
-1.11988
0.310947
-0.867376
-0.0410813
-1.38296
-1.49358
-0.318731
-1.275
-0.236327
-0.451941
-0.697077
-1.47699
-1.08209
0.14172
0.816647
-0.0578716
0.586855
0.279403
0.549181
-0.41569
0.558107
0.241487
0.357118
-0.196822
-1.40893
-0.125853
0.346171
-2.29205
0.301043
-0.940961
-0.108276
-1.35004
-0.310613
-0.541947
0.435591
-0.315665
0.211468
-0.222952
0.391515
-0.291172
0.338405
-0.706756
-0.263537
-0.154821
-0.679091
0.140497
-0.941919
0.0586222
-1.59297
-0.962624
-0.0474415
-0.948171
0.582908
-0.287565
-0.305019
0.636175
-0.149615
0.377474
-0.681917
0.188285
0.213971
-0.189033
0.0569677
-0.234266
-0.374286
0.248067
0.778973
-0.0041573
-1.21146
-0.905679
0.375239
-0.535017
-0.0138915
-0.579441
-0.887786
-0.841917
-0.295805
-0.370238
0.481195
0.443032
-0.0998032
-0.161
-0.0952185
0.517915
0.19946
0.121441
0.108963
-0.0621552
0.129858
0.0889412
-0.293285
0.627689
0.102048
0.559456
0.325507
-1.0645
0.0324294
-1.64677
-0.474887
-0.529379
-1.75002
-0.787306
-1.00517
-0.723155
0.00204303
-0.174354
0.313351
0.285931
-0.3086
0.142679
-0.375577
0.391639
-0.745396
-1.02532
0.143858
-1.00891
0.410212
-1.24893
-0.406291
0.0332153
-0.0596899
0.214668
-1.08973
-0.653852
-0.0712587
-0.987134
-0.186634
0.173625
0.0506302
0.473509
0.442301
-0.32435
-0.326681
-1.10193
-0.67849
-0.249771
0.368828
0.504497
0.169544
-0.0258409
-0.524973
0.34542
0.593731
0.092626
0.476349
0.0823758
-0.104606
0.496222
-0.428285
-0.697807
-0.7697
-0.283515
0.285807
0.427684
-0.31395
0.259148
-1.11861
-0.182757
-0.531167
-0.130462
0.048949
0.694315
-1.50946
-0.641923
-0.692633
-0.176507
-0.889012
-0.51104
0.346661
0.0255786
-0.159819
0.166043
-0.0921394
0.928313
-0.974695
-1.02394
-0.122181
-0.078803
-1.34749
0.321419
0.319875
-0.106523
0.293999
-0.429965
-0.0129085
-0.648265
0.0640763
-0.887667
-0.452344
-1.85695
0.347514
0.55296
0.48848
0.138178
-0.076459
-0.319408
-0.0824588
-0.557681
-0.862509
-0.515867
0.0799007
-0.606221
-0.710871
-0.407741
0.435441
-0.237887
-0.374501
-0.62317
-0.232279
0.315523
-0.14365
0.0151322
0.208642
0.197331
-0.488958
-0.609496
-0.694306
0.18176
0.620345
-0.493367
-0.997448
0.0184041
-0.387933
-0.822192
0.0730409
-0.946344
-0.888506
0.0575842
-0.0829713
-0.465697
-1.07533
-0.45988
-1.38065
-0.126359
0.324447
-0.26609
-0.399985
-0.33822
-0.105403
-0.0284422
-0.099334
-0.294635
-0.0207307
-0.248262
-0.398385
-0.282497
0.342404
-0.657491
-0.724821
0.150782
-0.0481248
0.316675
-0.678853
-0.524792
-0.662783
-0.749822
-0.384454
-0.422622
-0.885923
-0.537643
-0.515823
-0.48671
-0.242706
-0.220422
-0.514607
0.347283
-0.839548
0.0233546
-0.134985
-0.802386
0.180407
-0.0926444
-0.319271
-0.327279
-0.128311
-1.00465
-0.980146
-1.33502
-0.919581
-0.596664
0.531551
-0.074951
-0.809666
-0.618293
-0.331329
0.0921852
0.145843
-0.177088
0.43595
-0.786097
-0.317813
-0.734067
-1.39659
-0.715144
-0.0654221
-0.535091
-0.828752
-1.77893
-0.0988172
-0.852419
-1.20971
-0.569507
0.185353
-0.313416
0.529904
0.355189
0.0510948
0.296974
-0.0727425
-0.877743
-0.292458
-0.0537818
-0.128559
0.685285
0.477825
0.0495486
0.510466
-0.704108
0.254395
0.079486
0.147335
-0.139845
0.106463
-0.301681
-0.252776
0.00796739
-0.647842
0.0135783
-0.339722
-0.415958
-0.624021
0.0225526
-1.95953
0.539997
-0.166524
-1.41932
0.0703918
0.502064
0.0744618
0.228114
0.377032
-0.319796
0.00929465
-0.265491
-0.23815
-0.894739
-0.569611
0.77303
-0.222622
-0.268388
0.355844
-1.4399
-0.0599336
0.130165
-1.31706
0.0168096
-0.49035
0.570631
-0.155031
-0.593228
-1.86132
0.273502
0.190223
0.0939851
0.302257
0.261337
0.551657
-0.393939
-0.151451
-1.17003
-2.31267
-2.03413
-0.336863
0.0101558
0.226688
-0.433573
-1.67019
0.194647
0.469716
-0.149277
-0.153271
0.0134263
0.466651
-0.686859
0.102885
-0.847546
-0.284247
0.234186
0.161871
-1.08322
0.0735527
0.290492
0.425364
-1.02683
-0.141213
-0.26054
0.139208
0.16345
-0.0688298
-1.21869
-1.46984
-1.38614
0.494674
-2.46136
-1.08098
-0.00734326
-0.119456
-0.524834
-1.31012
-0.0662912
0.0879824
-0.419835
0.0625978
0.170397
-0.311704
-0.190429
0.0347065
-0.486968
-0.975224
-0.0367288
0.161988
-0.474926
0.186737
0.584111
0.200303
-0.0237592
-0.121337
-0.0965516
-0.397633
0.245025
-0.68237
0.575963
-0.315424
-0.751644
0.194298
0.11204
-0.356586
0.305589
-0.29048
-0.113147
0.108495
0.343166
-0.375857
-0.302588
0.215132
-0.513636
0.454358
0.150862
0.456381
0.786119
-0.128304
0.100529
-0.0457132
-0.0781331
-0.770938
-1.0084
0.450125
0.138876
0.0656386
0.295817
-0.294382
-3.44963
-1.06066
0.0395062
-0.147127
-0.26649
0.411284
-0.210449
0.233984
-1.27378
-0.209649
0.143506
0.120765
-1.11359
0.197074
0.174316
-0.0771402
0.434052
-0.576746
-0.09035
-0.131181
-0.119686
0.681375
-0.499034
0.409709
-1.05076
-0.603442
0.358443
0.329618
-0.857659
0.152461
-0.245125
-1.32614
-0.0201201
-0.763122
-1.09316
0.0792004
-0.24352
0.545747
0.393753
0.0849789
-0.00551183
-0.153622
-0.67561
-0.371328
-1.14355
0.281477
-0.174869
0.214292
-0.137546
0.308309
-0.380667
0.105651
0.0233236
0.377777
-0.435242
-0.724106
0.485851
0.655951
-0.403269
-0.372131
0.172625
-0.0618834
-0.940269
0.158929
0.347893
0.464336
0.30298
-1.1689
-0.804643
-0.0763548
0.395232
-0.355721
-0.457889
-0.302522
0.390546
0.614739
-0.0634114
-0.701277
-0.42855
-0.271788
0.199235
0.687195
0.226926
-0.47236
-0.24018
-0.416626
0.12209
-0.955081
-1.24434
0.16267
-0.361942
-0.490288
-0.032541
0.228898
0.381831
-0.27019
0.127086
-1.135
-1.65867
-1.55403
0.536002
-0.0618704
-0.310316
-0.498501
-0.62457
0.403881
0.18198
0.546644
-1.17588
0.0668435
-0.879164
0.1444
-0.801232
-0.0801989
0.225909
0.295601
-0.368189
-0.181743
-0.865721
0.487868
-1.67922
-0.00602197
0.385176
0.435942
-0.152051
0.553732
-0.844215
-0.0147829
-0.0816216
-0.288518
0.556332
-0.666382
-0.17491
-0.791553
-0.142701
-0.294024
0.0812685
0.202477
-1.21325
-0.100547
0.231554
0.313248
-0.566726
-0.823181
0.165746
-0.687541
-0.590043
0.483584
-0.23546
-0.763082
-0.246717
-0.234405
0.0937989
-0.480783
-0.509438
0.315712
-0.249217
0.277959
-1.41422
0.264899
0.0164495
-0.00966417
-0.772286
-1.3332
-0.245251
-0.673431
0.295468
-0.266374
-0.415655
-0.0232473
0.362087
-1.0711
-0.397228
0.137349
-0.32622
-0.0661253
0.00683652
-1.51122
-0.119796
0.287317
0.754047
-0.853065
0.458607
-0.739952
-1.78043
-0.703093
0.302743
0.313157
0.548648
-0.626964
0.662676
0.105017
-0.5806
-1.08451
-0.0930915
-0.147233
-0.201102
0.203682
-0.928326
-0.0737564
0.24099
-0.838392
-1.15982
-0.0370825
0.279923
-0.577957
-0.0269217
-0.6346
-0.543748
-0.130797
0.440038
-0.178423
0.145857
-0.331705
0.384101
-2.62116
-0.0952043
-1.17707
0.253405
-0.123512
0.0733044
0.655385
0.104921
0.464611
0.418886
0.438828
-0.0305757
0.13309
-0.263353
-0.660451
0.225268
-0.565799
0.196175
0.326341
0.0761157
0.450497
0.556122
-0.491603
0.239728
-0.564189
0.439642
-0.774191
-0.641199
-0.77958
0.728269
-0.100638
-1.2527
-0.245005
0.207746
-0.20098
-1.04737
0.277833
0.138186
0.125713
-0.00864668
-0.00399675
0.175695
0.195137
-0.734809
-0.0328278
-0.105341
-1.54659
-0.17443
-0.461189
-0.515752
0.20775
0.194543
0.334992
-0.814665
0.104159
-0.668749
0.582011
-0.464517
-0.23867
-1.53623
-1.25311
-0.753389
0.566528
-1.27915
-0.959629
-0.0352985
0.5046
0.362678
-1.40172
0.247671
0.148899
-0.273827
-0.478243
-0.307686
0.204316
0.10847
-0.255751
0.205924
0.658285
0.425615
0.377274
-0.120169
-0.0919425
-0.68978
-0.166391
0.245112
-0.598848
-0.635073
0.405685
-0.53411
-0.375577
-2.03925
-0.42752
-0.0843609
-0.691766
0.340264
-0.373105
0.0424384
0.315544
0.561638
0.0272108
-0.360337
0.598894
0.577548
0.0766506
0.130057
-0.0703447
-1.22623
0.41238
-0.109125
0.521226
-1.80206
0.574507
0.552373
-1.56646
0.178676
-0.811117
-1.176
0.066411
0.212511
0.116966
0.505525
-0.891526
-0.704793
-1.06781
-0.986729
0.286838
-0.137892
-0.593012
-0.0869336
-0.136434
-0.532473
-0.227956
0.0980449
-0.229782
0.516422
-1.36697
-0.152593
-0.274431
-0.20006
-1.09202
-0.113416
0.691816
-1.97466
0.123863
-0.357087
-0.884463
0.265223
-1.56855
-0.122152
-0.0651116
-0.629416
-0.402859
-1.26837
0.118502
-0.207289
-0.283179
0.0485479
0.314248
0.0112782
-0.886726
0.212172
-0.300525
-0.3059
-0.948368
-0.208296
-0.47194
-0.588439
0.0622374
-0.362499
-0.344383
-0.804178
0.0720374
0.197602
0.417563
-0.90994
0.627179
0.189755
-0.158566
0.317954
0.0777659
-1.39758
-0.591784
-0.754191
-0.116321
-0.383005
0.210311
-0.381378
0.279458
0.0207133
-1.82816
-1.13187
0.189678
0.534518
0.160298
-0.26233
-0.624053
0.233801
0.293226
0.0911097
-0.539431
-2.016
-0.195089
-1.43093
0.433991
-0.328799
0.301903
-0.197468
0.147173
-0.390532
0.596214
-0.597426
0.703676
-0.563773
-0.43775
0.0943984
-0.693599
0.226245
-1.01056
-0.156036
-0.754171
0.384706
-0.078533
-1.24899
-1.17114
-0.583138
0.251113
-0.800702
-0.333933
0.0191005
0.501713
0.447549
-0.0174498
0.29899
-0.257169
0.718596
0.105172
-0.946675
-0.818138
-0.947982
0.209054
-1.89709
-0.250192
0.224582
-0.284531
0.35377
-0.584347
0.251856
0.109572
0.524821
0.484065
0.687902
0.0414547
0.189253
-1.34896
-1.41727
-0.297764
0.734109
-0.0807072
0.0385984
0.701211
-0.10057
-0.360322
0.183422
-1.05124
-0.30064
0.0169034
0.00597362
0.178728
0.140779
0.140469
-0.319269
-0.232463
0.0286892
0.186585
0.165573
-0.313006
-0.145341
-0.627917
-0.921832
-1.21513
0.0120058
0.123847
-1.54574
0.244676
0.131812
0.219281
-0.0205354
0.330076
0.612367
-0.417055
-0.015012
-0.958314
-1.59197
-0.435919
0.388556
-0.482592
-1.40313
0.272482
0.265579
-0.450324
0.491257
-0.701352
0.527665
-0.892431
-0.372181
-0.00209354
-0.0339705
-0.144165
0.230143
-0.335682
0.344293
-1.21932
0.2414
0.296079
-1.37533
0.302282
0.144084
-0.603097
-0.52472
0.743079
-0.741591
-0.139406
-0.292988
0.511624
-0.946838
-0.153847
0.463614
0.182069
-0.530766
0.154952
-0.308022
0.296316
-0.106084
0.617593
-1.07391
-0.198709
-0.371568
-0.573097
-0.444563
-0.615477
-0.218651
-0.00587838
0.329455
0.302422
-0.267584
0.279956
0.0872418
-0.475293
0.152114
0.177413
-0.23169
-0.457234
0
0
0
0
0
0
0
0
0
0
0
0
0
0
0
0
0
0
0
0
0
0
0
0
0
0
0
0
0
0
0
0
0
0
0
0
0
0
0
0
0
0
0
0
0
0
0
0
0
0
0
0
0
0
0
0
0
0
0
0
0
0
0
0
0
0
0
0
0
0
0
0
0
0
0
0
0
0
0
0
0
0
0
0
0
0
0
0
0
0
0
0
0
0
0
0
0
0
0
0
0
0
0
0
0
0
0
0
0
0
0
0
0
0
0
0
0
0
0
0
0
0
0
0
0
0
0
0
0
0
0
0
0
0
0
0
0
0
0
0
0
0
0
0
0
0
0
0
0
0
0
0
0
0
0
0
0
0
0
0
0
0
0
0
0
0
0
0
0
0
0
0
0
0
0
0
0
0
0
0
0
0
0
0
0
0
0
0
0
0
0
0
0
0
0
0
0
0
0
0
0
0
0
0
0
0
0
0
0
0
0
0
0
0
0
0
0
0
0
0
0
0
0
0
0
0
0
0
0
0
0
0
0
0
0
0
0
0
0
0
0
0
0
0
0
0
0
0
0
0
0
0
0
0
0
0
0
0
0
0
0
0
0
0
0
0
0
0
0
0
0
0
0
0
0
0
0
0
0
0
0
0
0
0
0
0
0
0
0
0
0
0
0
0
0
0
0
0
0
0
0
0
0
0
0
0
0
0
0
0
0
0
0
0
0
0
0
0
0
0
0
0
0
0
0
0
0
0
0
0
0
0
0
0
0
0
0
0
0
0
0
0
0
0
0
0
0
0
0
0
0
0
0
0
0
0
0
0
0
0
0
0
0
0
0
0
0
0
0
0
0
0
0
0
0
0
0
0
0
0
0
0
0
0
0
0
0
0
0
0
0
0
0
0
0
0
0
0
0
0
0
0
0
0
0
0
0
0
0
0
0
0
0
0
0
0
0
0
0
0
0
0
0
0
0
0
0
0
0
0
0
0
0
0
0
0
0
0
0
0
0
0
0
0
0
0
0
0
0
0
0
0
0
0
0
0
0
0
0
0
0
0
0
0
0
0
0
0
0
0
0
0
0
0
0
0
0
0
0
0
0
0
0
0
0
0
0
0
0
0
0
0
0
0
0
0
0
0
0
0
0
0
0
0
0
0
0
0
0
0
0
0
0
0
0
0
0
0
0
0
0
0
0
0
0
0
0
0
0
0
0
0
0
0
0
0
0
0
0
0
0
0
0
0
0
0
0
0
0
0
0
0
0
0
0
0
0
0
0
0
0
0
0
0
0
0
0
0
0
0
0
0
0
0
0
0
0
0
0
0
0
0
0
0
0
0
0
0
0
0
0
0
0
0
0
0
0
0
0
0
0
0
0
0
0
0
0
0
0
0
0
0
0
0
0
0
0
0
0
0
0
0
0
0
0
0
0
0
0
0
0
0
0
0
0
0
0
0
0
0
0
0
0
0
0
0
0
0
0
0
0
0
0
0
0
0
0
0
0
0
0
0
0
0
0
0
0
0
0
0
0
0
0
0
0
0
0
0
0
0
0
0
0
0
0
0
0
0
0
0
0
0
0
0
0
0
0
0
0
0
0
0
0
0
0
0
0
0
0
0
0
0
0
0
0
0
0
0
0
0
0
0
0
0
0
0
0
0
0
0
0
0
0
0
0
0
0
0
0
0
0
0
0
0
0
0
0
0
0
0
0
0
0
0
0
0
0
0
0
0
0
0
0
0
0
0
0
0
0
0
0
0
0
0
0
0
0
0
0
0
0
0
0
0
0
0
0
0
0
0
0
0
0
0
0
0
0
0
0
0
0
0
0
0
0
0
0
0
0
0
0
0
0
0
0
0
0
0
0
0
0
0
0
0
0
0
0
0
0
0
0
0
0
0
0
0
0
0
0
0
0
0
0
0
0
0
0
0
0
0
0
0
0
0
0
0
0
0
0
0
0
0
0
0
0
0
0
0
0
0
0
0
0
0
0
0
0
0
0
0
0
0
0
0
0
0
0
0
0
0
0
0
0
0
0
0
0
0
0
0
0
0
0
0
0
0
0
0
0
0
0
0
0
0
0
0
0
0
0
0
0
0
0
0
0
0
0
0
0
0
0
0
0
0
0
0
0
0
0
0
0
0
0
0
0
0
0
0
0
0
0
0
0
0
0
0
0
0
0
0
0
0
0
0
0
0
0
0
0
0
0
0
0
0
0
0
0
0
0
0
0
0
0
0
0
0
0
0
0
0
0
0
0
0
0
0
0
0
0
0
0
0
0
0
0
0
0
0
0
0
0
0
0
0
0
0
0
0
0
0
0
0
0
0
0
0
0
0
0
0
0
0
0
0
0
0
0
0
0
0
0
0
0
0
0
0
0
0
0
0
0
0
0
0
0
0
0
0
0
0
0
0
0
0
0
0
0
0
0
0
0
0
0
0
0
0
0
0
0
0
0
0
0
0
0
0
0
0
0
0
0
0
0
0
0
0
0
0
0
0
0
0
0
0
0
0
0
0
0
0
0
0
0
0
0
0
0
0
0
0
0
0
0
0
0
0
0
0
0
0
0
0
0
0
0
0
0
0
0
0
0
0
0
0
0
0
0
0
0
0
0
0
0
0
0
0
0
0
0
0
0
0
0
0
0
0
0
0
0
0
0
0
0
0
0
0
0
0
0
0
0
0
0
0
0
0
0
0
0
0
0
0
0
0
0
0
0
0
0
0
0
0
0
0
0
0
0
0
0
0
0
0
0
0
0
0
0
0
0
0
0
0
0
0
0
0
0
0
0
0
0
0
0
0
0
0
0
0
0
0
0
0
0
0
0
0
0
0
0
0
0
0
0
0
0
0
0
0
0
0
0
0
0
0
0
0
0
0
0
0
0
0
0
0
0
0
0
0
0
0
0
0
0
0
0
0
0
0
0
0
0
0
0
0
0
0
0
0
0
0
0
0
0
0
0
0
0
0
0
0
0
0
0
0
0
0
0
0
0
0
0
0
0
0
0
0
0
0
0
0
0
0
0
0
0
0
0
0
0
0
0
0
0
0
0
0
0
0
0
0
0
0
0
0
0
0
0
0
0
0
0
0
0
0
0
0
0
0
0
0
0
0
0
0
0
0
0
0
0
0
0
0
0
0
0
0
0
0
0
0
0
0
0
0
0
0
0
0
0
0
0
0
0
0
0
0
0
0
0
0
0
0
0
0
0
0
0
0
0
0
0
0
0
0
0
0
0
0
0
0
0
0
0
0
0
0
0
0
0
0
0
0
0
0
0
0
0
0
0
0
0
0
0
0
0
0
0
0
0
0
0
0
0
0
0
0
0
0
0
0
0
0
0
0
0
0
0
0
0
0
0
0
0
0
0
0
0
0
0
0
0
0
0
0
0
0
0
0
0
0
0
0
0
0
0
0
0
0
0
0
0
0
0
0
0
0
0
0
0
0
0
0
0
0
0
0
0
0
0
0
0
0
0
0
0
0
0
0
0
0
0
0
0
0
0
0
0
0
0
0
0
0
0
0
0
0
0
0
0
0
0
0
0
0
0
0
0
0
0
0
0
0
0
0
0
0
0
0
0
0
0
0
0
0
0
0
0
0
0
0
0
0
0
0
0
0
0
0
0
0
0
0
0
0
0
0
0
0
0
0
0
0
0
0
0
0
0
0
0
0
0
0
0
0
0
0
0
0
0
0
0
0
0
0
0
0
0
0
0
0
0
0
0
0
0
0
0
0
0
0
0
0
0
0
0
0
0
0
0
0
0
0
0
0
0
0
0
0
0
0
0
0
0
0
0
0
0
0
0
0
0
0
0
0
0
0
0
0
0
0
0
0
0
0
0
0
0
0
0
0
0
0
0
0
0
0
0
0
0
0
0
0
0
0
0
0
0
0
0
0
0
0
0
0
0
0
0
0
0
0
0
0
0
0
0
0
0
0
0
0
0
0
0
0
0
0
0
0
0
0
0
0
0
0
0
0
0
0
0
0
0
0
0
0
0
0
0
0
0
0
0
0
0
0
0
0
0
0
0
0
0
0
0
0
0
0
0
0
0
0
0
0
0
0
0
0
0
0
0
0
0
0
0
0
0
0
0
0
0
0
0
0
0
0
0
0
0
0
0
0
0
0
0
0
0
0
0
0
0
0
0
0
0
0
0
0
0
0
0
0
0
0
0
0
0
0
0
0
0
0
0
0
0
0
0
0
0
0
0
0
0
0
0
0
0
0
0
0
0
0
0
0
0
0
0
0
0
0
0
0
0
0
0
0
0
0
0
0
0
0
0
0
0
0
0
0
0
0
0
0
0
0
0
0
0
0
0
0
0
0
0
0
0
0
0
0
0
0
0
0
0
0
0
0
0
0
0
0
0
0
0
0
0
0
0
0
0
0
0
0
0
0
0
0
0
0
0
0
0
0
0
0
0
0
0
0
0
0
0
0
0
0
0
0
0
0
0
0
0
0
0
0
0
0
0
0
0
0
0
0
0
0
0
0
0
0
0
0
0
0
0
0
0
0
0
0
0
0
0
0
