1.02956
1.17145
1.5759
1.02835
1.3125
1.07343
1.03242
1.25894
1.03245
1.024
1.024
1.02498
1.02498
1.14847
1.024
1.024
1.024
1.024
1.33836
1.03387
1.02498
1.024
1.02498
1.02498
1.024
1.15765
1.07066
1.36731
1.03181
1.05169
1.05791
1.05858
1.0905
1.32924
1.02498
1.14127
1.03419
1.02498
1.13637
1.21472
1.20717
1.07965
1.024
1.12517
1.16549
1.30733
1.03033
1.02709
1.05824
1.02984
1.11251
1.08332
1.03469
1.03802
1.62289
1.02498
1.02498
1.024
1.02793
1.28687
1.26831
1.04546
1.20439
1.024
1.02498
1.12359
1.02975
1.05323
1.02498
1.03789
1.04968
1.0264
1.17846
1.024
1.02498
1.0404
1.06541
1.024
1.024
1.3218
1.05746
1.1198
1.02767
1.024
1.06935
1.02767
1.1359
1.024
1.17707
1.024
1.08181
1.03154
1.16851
1.02872
1.09087
1.03222
1.0557
1.0269
1.02518
1.02498
1.0808
1.02498
1.50246
1.17925
1.10019
1.2222
1.024
1.02498
1.12965
1.03608
1.02498
1.024
1.024
1.22148
1.10859
1.02617
1.11861
1.08317
1.13071
1.02619
1.024
1.02498
1.02498
1.02498
1.05672
1.05627
1.28164
1.18829
1.02898
1.05959
1.17981
1.03019
1.4362
1.04834
1.23748
1.024
1.08489
1.11197
1.03328
1.44022
1.02848
1.024
1.93718
1.11038
1.04831
1.02711
1.0971
1.04159
1.27946
1.02498
1.05856
1.02498
1.02498
1.04155
1.03066
1.05919
1.02736
1.02498
1.34598
1.02498
1.08137
1.33079
1.19628
1.08333
1.14917
1.04657
1.33149
1.05018
1.12809
1.11852
1.02894
1.09225
1.32377
1.02498
1.03492
1.024
1.03324
1.13077
1.21492
1.03083
1.04952
1.024
1.07219
1.17077
1.03977
1.07925
1.02498
1.02498
1.14734
1.03637
1.024
1.02634
1.1251
1.02936
1.02498
1.07923
1.02498
1.03011
1.03724
1.19901
1.04027
1.10883
1.33558
1.02672
1.11332
1.18087
1.13736
1.03844
1.02498
1.03377
1.53735
1.02498
1.07402
1.39303
1.11554
1.17087
1.02625
1.11686
1.02498
1.0258
1.06765
1.02498
1.05014
1.02498
1.02498
1.06428
1.02627
1.02498
1.34135
1.024
1.07905
1.15876
1.20768
1.6461
1.05688
1.23257
1.024
1.02618
1.04284
1.30646
1.36654
1.024
1.12893
1.10424
1.09286
1.02529
1.024
1.24095
1.12826
1.12788
1.024
1.37807
1.08295
1.02498
1.1107
1.02498
1.02641
1.13109
1.02661
1.40432
1.31683
1.024
1.18938
1.02578
1.31599
1.2042
1.06135
1.02498
1.2356
1.21809
1.02656
1.49139
1.10978
1.7001
1.12962
1.21937
1.13899
1.04102
1.11085
1.22738
1.07256
1.024
1.5213
1.07373
1.24004
1.52443
1.36947
1.24297
1.14104
1.04388
1.192
1.04099
1.02498
1.10373
1.024
1.08942
1.15892
1.06597
1.03699
1.18405
1.11602
1.15346
1.17693
1.07581
1.024
1.02498
1.59636
1.18524
1.08642
1.46605
1.08154
1.0278
1.024
1.07506
1.07679
1.18653
1.06986
1.05817
1.09705
1.11979
1.21027
1.05025
1.24111
1.02498
1.14647
1.03105
1.04535
1.05813
1.40139
1.385
1.08402
1.02498
1.13162
1.1574
1.28534
1.22012
1.14564
1.63934
1.08575
1.02498
1.024
1.02637
1.03221
1.09119
1.14539
1.024
1.04513
1.10938
1.0291
1.024
1.0577
1.15225
1.024
1.02641
1.20502
1.08501
1.24509
1.02968
1.024
1.024
1.02498
1.22489
1.25343
1.02498
1.06788
1.05953
1.02498
1.03605
1.1646
1.27669
1.04115
1.0486
1.02518
1.11951
1.30574
1.02498
1.08193
1.16375
1.30932
1.02498
1.04511
1.20595
1.10868
1.0339
1.22202
1.02829
1.024
1.08306
1.08937
1.02498
1.0416
1.38776
1.03819
1.041
1.02498
1.07452
1.4922
1.06027
1.15705
1.03289
1.02696
1.04042
1.024
1.02498
1.07414
1.024
1.11901
1.11976
1.16256
1.62391
1.024
1.21401
1.0708
1.03018
1.06632
1.02498
1.02762
1.02498
1.02952
1.0264
1.02756
1.02498
1.02608
1.12984
1.11361
1.10943
1.02498
1.02498
1.02722
1.03808
1.21511
1.38654
1.64314
1.02498
1.0962
1.03603
1.17845
1.143
1.02498
1.03928
1.04522
1.16978
1.02498
1.03184
1.02671
1.024
1.36146
1.22975
1.02624
1.02498
1.02852
1.05913
1.02498
1.11095
1.024
1.1361
1.28899
1.03406
1.024
1.024
1.02498
1.07174
1.02498
1.05944
1.04074
1.03002
1.02851
1.024
1.06149
1.02864
1.024
1.08762
1.1606
1.22271
1.02745
1.08411
1.04832
1.05418
1.024
1.30426
1.57022
1.04659
1.58885
1.06633
1.48647
1.024
1.04425
1.024
1.05334
1.04416
1.08642
1.1294
1.02498
1.21691
1.26379
1.024
1.13228
1.07583
1.024
1.25686
1.0274
1.11922
1.33542
1.024
1.07762
1.05452
1.0975
1.32384
1.02677
1.024
1.024
1.024
1.02668
1.024
1.38409
1.21297
1.43843
1.14257
1.02498
1.02537
1.02498
1.05687
1.07865
1.02498
1.17668
1.024
1.02498
1.34251
1.23076
1.40482
1.17899
1.03592
1.09387
1.024
1.05549
1.0935
1.03737
1.02647
1.05106
1.05403
1.02951
1.22778
1.05426
1.0417
1.02861
1.58873
1.10581
1.19423
1.23941
1.0377
1.09355
1.33729
1.02973
1.06159
1.14988
1.05459
1.04723
1.38836
1.34198
1.14465
1.54595
1.06275
1.0466
1.024
1.02498
1.14201
1.80593
1.25728
1.02499
1.04238
1.024
1.29408
1.03316
1.024
1.06676
1.03183
1.11349
1.08196
1.02498
1.02846
1.30007
1.07196
1.024
1.13758
1.0314
1.13362
1.02629
1.22011
1.02498
1.09916
1.11787
1.02811
1.024
1.0488
1.06738
1.09022
1.11045
1.024
1.04204
1.02687
1.02498
1.02498
1.28464
1.1109
1.15746
1.02498
1.03937
1.0465
1.23266
1.02887
1.22306
1.0805
1.024
1.4918
1.06768
1.03212
1.02498
1.23102
1.18477
1.05368
1.08239
1.17747
1.0288
1.24804
1.06714
1.42278
1.02498
1.024
1.22577
1.06437
1.03683
1.03702
1.03131
1.18955
1.02498
1.02498
1.2132
1.024
1.024
1.0274
1.12274
1.02498
1.06444
1.07474
1.03366
1.2662
1.02634
1.05063
1.18
1.44332
1.1904
1.20014
1.02526
1.0303
1.25975
1.1908
1.09174
1.024
1.02498
1.02498
1.67651
1.02498
1.16996
1.36552
1.06141
1.04084
1.02498
1.17993
1.024
1.024
1.13072
1.10272
1.0298
1.32755
1.02965
1.0262
1.02498
1.09659
1.05213
1.02498
1.05254
1.24422
1.07299
1.60003
1.23542
1.07935
1.02498
1.2659
1.11098
1.02904
1.10055
1.06091
1.08894
1.14798
1.03777
1.024
1.02498
1.02596
1.02529
1.03013
1.07685
1.02498
1.06618
1.24629
1.06053
1.0797
1.02498
1.024
1.024
1.03041
1.024
1.02498
1.03011
1.03588
1.40513
1.17767
1.21215
1.024
1.02656
1.08042
1.36668
1.0536
1.31402
1.024
1.1571
1.37989
1.02498
1.024
1.13463
1.05137
1.02498
1.02498
1.14011
1.33573
1.26725
1.05382
1.14476
1.024
1.02498
1.0274
1.06976
1.226
1.34132
1.05275
1.0982
1.024
1.29095
1.02793
1.03744
1.23265
1.06036
1.02508
1.06865
1.02918
1.14606
1.024
1.20415
1.02635
1.11644
1.03903
1.024
1.0901
1.61952
1.0314
1.10762
1.02896
1.19852
1.35367
1.11448
1.20403
1.04997
1.02498
1.02594
1.23093
1.02498
1.13237
1.29902
1.20486
1.02813
1.22928
1.02498
1.18429
1.07847
1.03731
1.02498
1.03802
1.21191
1.02498
1.20297
1.04861
1.36622
1.06989
1.03576
1.06008
1.24786
1.20121
1.11843
1.024
1.02498
1.02818
1.03
1.02498
1.02498
1.02498
1.02953
1.04688
1.024
1.02498
1.11429
1.05636
1.03424
1.04791
1.08893
1.03251
1.09782
1.50504
1.23255
1.15801
1.02505
1.024
1.04813
1.02536
1.19121
1.25991
1.024
1.03346
1.10721
1.03649
1.024
1.024
1.62393
1.08213
1.02498
1.024
1.024
1.02498
1.15723
1.10999
1.3007
1.06462
1.10249
1.02567
1.2648
1.02498
1.08003
1.36569
1.34662
1.13399
1.09171
1.02498
1.02498
1.05883
1.024
1.02498
1.02838
1.02498
1.024
1.23486
1.02498
1.024
1.13975
1.024
1.02823
1.26297
1.17352
1.024
1.18358
1.08655
1.52038
1.02665
1.03566
1.024
1.02824
1.024
1.024
1.32294
1.56123
1.2652
1.19162
1.024
1.04164
1.0282
1.02575
1.024
1.02933
1.04737
1.22926
1.09555
1.44348
1.02912
1.18105
1.0779
1.08294
1.024
1.21161
1.02498
1.05562
1.65513
1.02717
1.23238
1.03312
1.024
1.07412
1.15857
1.62254
1.02498
1.024
1.024
1.37241
1.19906
1.36022
1.02579
1.08663
1.024
1.17592
1.02793
1.0331
1.024
1.05697
1.04237
1.024
1.1074
1.024
1.33589
1.024
1.05604
1.04741
1.08844
1.024
1.15528
1.03706
1.03345
1.08526
1.04793
1.04811
1.02794
1.02498
1.20823
1.1238
1.12196
1.11837
1.024
1.02498
1.13152
1.0265
1.02498
1.24196
1.24184
1.23717
1.04485
1.06528
1.76987
1.33896
1.02498
1.0274
1.04867
1.17474
1.16454
1.02498
1.02498
1.02498
1.02498
1.024
1.02631
1.024
1.024
1.36197
1.024
1.024
1.10874
1.03022
1.02498
1.18492
1.02498
1.093
1.024
1.024
1.03551
1.024
1.0436
1.03331
1.02927
1.024
1.024
1.09976
1.72998
1.05916
1.39239
1.14956
1.49191
1.0408
1.48346
1.1597
1.19345
1.04367
1.024
1.06283
1.28322
1.024
1.23732
0.823359
0.920717
0.8192
0.8703
0.856809
1.17996
0.839667
1.19009
0.931695
1.25985
0.929536
1.14641
0.837222
0.983771
0.867569
0.835886
1.14907
0.821242
1.02115
0.819689
0.820744
0.903202
0.854453
1.33135
0.882147
0.896141
1.40749
0.864523
1.15028
0.819689
1.08344
1.05885
0.897841
0.962919
0.894546
0.915759
1.09364
1.62185
0.990607
0.871954
0.82102
1.21864
0.840923
0.922324
0.83508
0.822093
0.826457
0.865736
0.857629
1.29886
1.21588
0.941547
0.876036
0.942438
1.17044
1.07383
1.00547
0.99118
0.933584
0.982339
1.05176
0.861558
1.41018
1.01162
1.29469
1.1684
0.819689
0.990427
0.819689
0.826973
0.824142
0.8192
0.828982
0.836317
0.848666
0.952572
0.895544
1.10128
1.12627
0.857014
1.03849
0.867659
1.17013
0.826206
0.847576
0.985244
0.819689
1.23437
0.85746
0.880082
1.03748
0.983328
1.06243
0.835042
0.847278
0.942171
0.8192
0.904723
1.02578
1.03402
1.18479
1.28458
0.834891
0.842468
0.819689
0.823414
0.941103
1.22743
1.27641
1.10872
0.964331
0.920352
1.10668
1.33669
1.06437
1.18503
1.00891
0.932346
1.29269
0.854843
0.834721
0.836714
0.871598
1.16858
1.20993
0.9104
1.16777
0.820452
0.977511
0.839833
0.862251
0.910436
1.49224
0.893982
0.882998
0.835468
0.872862
0.838963
0.874267
1.11737
0.987949
0.907362
1.07521
0.902611
1.83503
0.823117
0.820857
0.924748
0.919045
0.819689
1.12763
1.1544
0.888752
1.15718
1.03655
0.938739
0.838652
0.947406
0.824835
0.830231
0.819689
1.21988
1.22761
1.3336
1.06707
0.923834
0.886204
0.940975
0.837514
0.83118
0.907637
0.977099
0.822613
0.860651
0.863098
1.23168
0.971457
0.926306
0.838189
0.862297
1.23424
0.996319
0.900899
1.13721
1.14171
0.825999
0.826042
0.823244
1.019
1.4615
0.879496
0.819689
0.982986
0.851243
0.821765
0.948708
0.819689
0.915974
0.997864
0.907155
0.84954
0.819689
0.876326
0.830047
0.995415
1.16641
0.855993
0.86662
0.978527
0.92208
0.896561
0.959673
0.920038
0.967441
0.953469
0.883037
0.899795
1.12141
0.885445
0.823325
0.966178
0.97809
1.13651
0.820095
0.940739
0.892535
0.82451
0.830728
0.887127
0.878996
0.841429
0.852517
0.857699
0.85934
0.860531
0.872238
1.20368
0.819689
1.06498
0.930572
0.819689
1.0264
0.951641
0.913926
0.883823
0.891528
0.825683
0.832353
0.819698
0.821259
0.82756
1.29613
0.93417
0.819689
0.823771
0.845036
1.06126
1.04742
0.876114
1.19847
0.820596
0.921535
0.828541
0.831927
0.857806
0.925118
0.845763
0.825117
0.8192
1.01391
0.874074
0.830552
0.837795
1.06579
0.824107
1.34925
1.24662
0.931932
1.11863
0.940103
0.824786
0.922336
0.929131
0.947254
1.45471
1.27498
1.07157
1.36933
0.831624
1.04783
0.975689
0.992016
0.909681
1.02342
0.890588
0.901015
0.883701
0.884773
0.92391
0.862221
0.848699
0.823216
0.943083
0.8192
1.36488
0.874539
0.8192
1.03407
1.27302
1.05441
1.05474
1.2798
0.86456
0.974803
0.913621
0.86216
0.822376
0.841058
1.61321
1.04089
0.910753
1.15085
0.824965
1.02514
1.0369
0.825116
0.946467
0.871594
1.36567
0.953388
0.938065
0.8192
1.08638
1.09137
1.00443
1.13323
1.07544
1.32931
0.865932
0.874928
0.820001
0.82388
0.8192
0.862031
0.961573
1.09798
0.883095
0.861759
1.09744
1.23701
0.938407
0.988951
1.00853
1.2796
0.8589
1.03414
0.820144
0.85973
1.08663
0.974958
0.819689
1.08172
1.18876
1.16486
0.824834
0.90525
0.888189
1.12791
1.05305
0.926329
0.819689
0.825057
0.8192
1.2752
0.819689
0.829062
0.973116
0.905653
0.842881
0.82253
0.967872
0.977873
0.829511
0.915596
1.04127
0.884505
0.960707
1.00309
0.828729
0.819689
1.00896
1.09884
0.846681
1.12415
1.35028
0.986608
0.992175
0.910743
1.16409
0.911776
1.12399
0.870393
1.30904
0.870783
0.850292
0.994735
0.926526
0.887517
1.09645
0.898068
0.909187
1.05691
1.13106
0.842238
0.934433
1.05892
0.875315
1.19776
1.01954
1.23616
1.61559
0.976583
1.07653
0.920784
0.93865
0.823088
0.8192
1.18862
1.01398
1.08708
1.1741
0.914681
0.8192
0.824495
0.965273
0.951664
0.901574
1.14437
0.902074
1.17736
0.819689
0.88135
1.05925
1.00798
0.822033
1.01194
1.05003
0.918011
1.25948
0.843783
0.934695
0.906392
0.921412
1.45366
0.832594
1.26646
0.821689
0.8403
1.23428
1.16559
0.837618
0.970933
0.888545
0.8192
0.907255
0.886762
0.820463
0.978621
0.941568
1.33451
1.18475
1.07973
0.957307
0.979544
0.828812
0.853102
0.822505
1.07135
0.890339
1.01317
0.893545
1.04711
0.850753
1.01428
1.02603
1.21758
0.971257
0.901718
1.18526
1.5853
0.841418
0.905738
1.03562
0.892883
0.827413
1.0649
1.13718
1.29587
1.06868
0.839746
0.93249
1.08164
1.2344
0.86058
0.871213
0.881029
1.37013
1.36932
0.953168
0.824244
0.949614
0.852438
1.09679
1.48968
1.03638
0.853378
0.901521
0.885435
0.976375
0.824703
0.819721
1.1043
0.834121
0.836129
1.01911
1.09876
1.16875
0.91231
1.01037
0.895528
0.873377
0.893702
1.29951
0.991711
0.855693
1.02219
1.00685
1.15518
1.09108
1.29838
0.821853
1.0193
0.835427
1.10374
0.930321
1.11204
1.10684
1.04402
0.839631
1.04093
0.81997
1.33321
0.819689
0.969558
1.13356
1.29516
0.901309
1.24552
0.819689
0.997465
0.960638
0.877618
1.33248
0.823079
0.894812
0.822142
0.924653
0.900699
1.12484
0.994623
0.831609
0.948191
1.14447
1.14857
0.827932
0.821899
1.16016
0.828048
0.8444
1.32024
0.960513
0.84302
0.901096
0.857734
1.05275
0.868202
0.943329
1.10529
0.908584
1.08261
0.822076
1.03629
1.01012
0.908869
0.83557
0.829081
0.878873
0.864914
1.09968
0.871949
0.835326
1.02755
1.17996
0.820378
0.927956
1.12235
1.01413
0.979824
0.971435
0.874957
1.02837
1.19684
1.54125
0.852871
1.09032
0.820381
0.819689
0.824862
1.08522
1.21652
1.39496
0.831551
1.40865
0.990124
0.833527
0.819689
0.930881
0.866725
0.941596
1.10308
0.823797
0.904652
1.04073
0.83503
0.819689
0.964537
1.0301
0.846496
1.02279
0.880004
0.830248
0.898399
1.29743
0.935129
1.06028
0.851569
1.20862
0.8192
0.917703
0.919314
1.1005
0.924853
1.03975
1.4457
1.11996
1.26643
1.28815
1.20754
0.890816
1.0358
0.896727
0.84867
1.06759
0.880726
1.04899
1.16552
0.930608
1.2369
1.42737
0.94499
1.35031
0.906221
1.21392
0.847345
0.860748
0.819689
1.54114
0.913972
0.820769
0.849476
1.0443
0.888036
0.819791
1.03855
0.983735
1.05377
0.916059
1.06983
1.04073
1.03871
0.82081
0.953451
0.978172
0.8192
0.977819
0.832792
1.00006
1.08318
0.949719
1.03449
0.853358
1.06306
0.859036
1.30142
0.869463
0.912118
0.822623
0.819689
0.819689
1.41853
0.823374
0.824177
1.0121
1.31399
1.13104
0.819689
1.07916
1.07347
0.925805
0.836155
0.857023
1.1185
0.964604
0.928684
1.11309
1.45027
1.1726
1.20453
0.984747
0.992843
0.846719
0.926814
1.10996
0.833537
0.847234
1.2248
0.860643
0.915302
0.8192
0.854013
0.901
0.823523
1.17039
0.843686
0.943034
1.18922
1.36908
0.93693
0.829039
1.37578
1.31199
1.01611
1.06208
0.962262
0.8192
1.15125
0.982961
1.29253
0.819689
1.30237
1.32346
0.819689
1.0184
0.845997
0.821235
1.0654
0.975907
1.13584
1.31012
0.823321
0.850944
0.819689
0.838915
1.19505
1.00673
0.955597
0.966116
0.881845
0.824851
0.875218
0.98951
0.920533
1.24275
0.8192
0.890771
0.925932
0.957776
0.822446
0.881972
1.58052
0.819689
1.01806
0.925488
0.819689
1.11005
0.819689
0.906004
0.906794
0.844205
0.901669
0.819689
1.07847
0.936324
1.01639
1.03474
1.21781
0.939387
0.822344
1.16123
0.854695
0.840676
0.819689
1.14845
0.85709
0.845475
0.998656
0.853264
0.90851
0.820528
0.973614
1.0394
1.15106
0.892589
1.37057
1.06255
0.975364
1.08859
0.911319
0.819689
0.833265
0.819689
0.919528
0.860969
0.993848
0.975245
1.1647
0.955603
0.819689
0.824435
1.12339
1.33226
1.11556
0.867582
0.838809
1.27716
1.08845
0.942201
0.863227
0.819689
0.916207
0.8192
1.26526
0.879761
1.10849
0.885195
1.10293
0.859298
1.39487
0.850594
1.58244
0.827645
0.837863
1.05452
0.900734
1.05847
0.820045
0.917573
0.830479
1.09251
0.95418
0.848525
0.819689
0.838789
1.02653
0.898991
0.865384
1.01477
1.20259
1.16685
0.934896
1.12787
0.909762
1.57899
1.00939
0.821417
0.819721
0.832996
1.0408
0.819689
0.868518
1.13715
0.838121
1.20804
0.828965
1.0616
1.0506
1.32376
1.25976
1.45326
1.00125
1.07374
0.819689
0.845543
0.902549
1.47506
0.863572
0.994085
1.48055
0.988391
0.869916
1.06806
0.822686
0.930858
0.941855
0.990851
1.05589
1.08071
1.07141
0.925388
0.870188
0.936065
1.0984
0.980584
0.875544
0.861733
0.83059
0.861587
0.885929
0.963967
0.949071
0.819689
1.12034
1.06637
1.08476
0.960027
1.12784
1.29091
0.852201
1.01525
0.819689
0.819689
0.850932
1.17075
0.843661
0.8192
1.16326
1.08149
1.02616
1.23392
0.839381
1.30606
0.854421
0.838556
0.898716
0.991011
0.932866
1.05969
0.845149
1.11298
0.819689
1.06928
1.12017
0.819689
1.08179
0.976536
0.853372
0.830857
1.61343
0.833933
0.900794
0.899409
1.33513
0.855784
0.946396
1.28567
1.01674
0.891219
1.11939
0.842635
1.04838
0.907567
1.44955
0.826815
0.865032
0.896351
0.867205
0.872197
0.881983
0.879223
1.03579
1.17748
1.20856
0.91006
1.12563
1.00314
0.832687
1.02176
0.926214
0.934412
0.894677
0
0
0
0
0
0
0
0
0
0
0
0
0
0
0
0
0
0
0
0
0
0
0
0
0
0
0
0
0
0
0
0
0
0
0
0
0
0
0
0
0
0
0
0
0
0
0
0
0
0
0
0
0
0
0
0
0
0
0
0
0
0
0
0
0
0
0
0
0
0
0
0
0
0
0
0
0
0
0
0
0
0
0
0
0
0
0
0
0
0
0
0
0
0
0
0
0
0
0
0
0
0
0
0
0
0
0
0
0
0
0
0
0
0
0
0
0
0
0
0
0
0
0
0
0
0
0
0
0
0
0
0
0
0
0
0
0
0
0
0
0
0
0
0
0
0
0
0
0
0
0
0
0
0
0
0
0
0
0
0
0
0
0
0
0
0
0
0
0
0
0
0
0
0
0
0
0
0
0
0
0
0
0
0
0
0
0
0
0
0
0
0
0
0
0
0
0
0
0
0
0
0
0
0
0
0
0
0
0
0
0
0
0
0
0
0
0
0
0
0
0
0
0
0
0
0
0
0
0
0
0
0
0
0
0
0
0
0
0
0
0
0
0
0
0
0
0
0
0
0
0
0
0
0
0
0
0
0
0
0
0
0
0
0
0
0
0
0
0
0
0
0
0
0
0
0
0
0
0
0
0
0
0
0
0
0
0
0
0
0
0
0
0
0
0
0
0
0
0
0
0
0
0
0
0
0
0
0
0
0
0
0
0
0
0
0
0
0
0
0
0
0
0
0
0
0
0
0
0
0
0
0
0
0
0
0
0
0
0
0
0
0
0
0
0
0
0
0
0
0
0
0
0
0
0
0
0
0
0
0
0
0
0
0
0
0
0
0
0
0
0
0
0
0
0
0
0
0
0
0
0
0
0
0
0
0
0
0
0
0
0
0
0
0
0
0
0
0
0
0
0
0
0
0
0
0
0
0
0
0
0
0
0
0
0
0
0
0
0
0
0
0
0
0
0
0
0
0
0
0
0
0
0
0
0
0
0
0
0
0
0
0
0
0
0
0
0
0
0
0
0
0
0
0
0
0
0
0
0
0
0
0
0
0
0
0
0
0
0
0
0
0
0
0
0
0
0
0
0
0
0
0
0
0
0
0
0
0
0
0
0
0
0
0
0
0
0
0
0
0
0
0
0
0
0
0
0
0
0
0
0
0
0
0
0
0
0
0
0
0
0
0
0
0
0
0
0
0
0
0
0
0
0
0
0
0
0
0
0
0
0
0
0
0
0
0
0
0
0
0
0
0
0
0
0
0
0
0
0
0
0
0
0
0
0
0
0
0
0
0
0
0
0
0
0
0
0
0
0
0
0
0
0
0
0
0
0
0
0
0
0
0
0
0
0
0
0
0
0
0
0
0
0
0
0
0
0
0
0
0
0
0
0
0
0
0
0
0
0
0
0
0
0
0
0
0
0
0
0
0
0
0
0
0
0
0
0
0
0
0
0
0
0
0
0
0
0
0
0
0
0
0
0
0
0
0
0
0
0
0
0
0
0
0
0
0
0
0
0
0
0
0
0
0
0
0
0
0
0
0
0
0
0
0
0
0
0
0
0
0
0
0
0
0
0
0
0
0
0
0
0
0
0
0
0
0
0
0
0
0
0
0
0
0
0
0
0
0
0
0
0
0
0
0
0
0
0
0
0
0
0
0
0
0
0
0
0
0
0
0
0
0
0
0
0
0
0
0
0
0
0
0
0
0
0
0
0
0
0
0
0
0
0
0
0
0
0
0
0
0
0
0
0
0
0
0
0
0
0
0
0
0
0
0
0
0
0
0
0
0
0
0
0
0
0
0
0
0
0
0
0
0
0
0
0
0
0
0
0
0
0
0
0
0
0
0
0
0
0
0
0
0
0
0
0
0
0
0
0
0
0
0
0
0
0
0
0
0
0
0
0
0
0
0
0
0
0
0
0
0
0
0
0
0
0
0
0
0
0
0
0
0
0
0
0
0
0
0
0
0
0
0
0
0
0
0
0
0
0
0
0
0
0
0
0
0
0
0
0
0
0
0
0
0
0
0
0
0
0
0
0
0
0
0
0
0
0
0
0
0
0
0
0
0
0
0
0
0
0
0
0
0
0
0
0
0
0
0
0
0
0
0
0
0
0
0
0
0
0
0
0
0
0
0
0
0
0
0
0
0
0
0
0
0
0
0
0
0
0
0
0
0
0
0
0
0
0
0
0
0
0
0
0
0
0
0
0
0
0
0
0
0
0
0
0
0
0
0
0
0
0
0
0
0
0
0
0
0
0
0
0
0
0
0
0
0
0
0
0
0
0
0
0
0
0
0
0
0
0
0
0
0
0
0
0
0
0
0
0
0
0
0
0
0
0
0
0
0
0
0
0
0
0
0
0
0
0
0
0
0
0
0
0
0
0
0
0
0
0
0
0
0
0
0
0
0
0
0
0
0
0
0
0
0
0
0
0
0
0
0
0
0
0
0
0
0
0
0
0
0
0
0
0
0
0
0
0
0
0
0
0
0
0
0
0
0
0
0
0
0
0
0
0
0
0
0
0
0
0
0
0
0
0
0
0
0
0
0
0
0
0
0
0
0
0
0
0
0
0
0
0
0
0
0
0
0
0
0
0
0
0
0
0
0
0
0
0
0
0
0
0
0
0
0
0
0
0
0
0
0
0
0
0
0
0
0
0
0
0
0
0
0
0
0
0
0
0
0
0
0
0
0
0
0
0
0
0
0
0
0
0
0
0
0
0
0
0
0
0
0
0
0
0
0
0
0
0
0
0
0
0
0
0
0
0
0
0
0
0
0
0
0
0
0
0
0
0
0
0
0
0
0
0
0
0
0
0
0
0
0
0
0
0
0
0
0
0
0
0
0
0
0
0
0
0
0
0
0
0
0
0
0
0
0
0
0
0
0
0
0
0
0
0
0
0
0
0
0
0
0
0
0
0
0
0
0
0
0
0
0
0
0
0
0
0
0
0
0
0
0
0
0
0
0
0
0
0
0
0
0
0
0
0
0
0
0
0
0
0
0
0
0
0
0
0
0
0
0
0
0
0
0
0
0
0
0
0
0
0
0
0
0
0
0
0
0
0
0
0
0
0
0
0
0
0
0
0
0
0
0
0
0
0
0
0
0
0
0
0
0
0
0
0
0
0
0
0
0
0
0
0
0
0
0
0
0
0
0
0
0
0
0
0
0
0
0
0
0
0
0
0
0
0
0
0
0
0
0
0
0
0
0
0
0
0
0
0
0
0
0
0
0
0
0
0
0
0
0
0
0
0
0
0
0
0
0
0
0
0
0
0
0
0
0
0
0
0
0
0
0
0
0
0
0
0
0
0
0
0
0
0
0
0
0
0
0
0
0
0
0
0
0
0
0
0
0
0
0
0
0
0
0
0
0
0
0
0
0
0
0
0
0
0
0
0
0
0
0
0
0
0
0
0
0
0
0
0
0
0
0
0
0
0
0
0
0
0
0
0
0
0
0
0
0
0
0
0
0
0
0
0
0
0
0
0
0
0
0
0
0
0
0
0
0
0
0
0
0
0
0
0
0
0
0
0
0
0
0
0
0
0
0
0
0
0
0
0
0
0
0
0
0
0
0
0
0
0
0
0
0
0
0
0
0
0
0
0
0
0
0
0
0
0
0
0
0
0
0
0
0
0
0
0
0
0
0
0
0
0
0
0
0
0
0
0
0
0
0
0
0
0
0
0
0
0
0
0
0
0
0
0
0
0
0
0
0
0
0
0
0
0
0
0
0
0
0
0
0
0
0
0
0
0
0
0
0
0
0
0
0
0
0
0
0
0
0
0
0
0
0
0
0
0
0
0
0
0
0
0
0
0
0
0
0
0
0
0
0
0
0
0
0
0
0
0
0
0
0
0
0
0
0
0
0
0
0
0
0
0
0
0
0
0
0
0
0
0
0
0
0
0
0
0
0
0
0
0
0
0
0
0
0
0
0
0
0
0
0
0
0
0
0
0
0
0
0
0
0
0
0
0
0
0
0
0
0
0
0
0
0
0
0
0
0
0
0
0
0
0
0
0
0
0
0
0
0
0
0
0
0
0
0
0
0
0
0
0
0
0
0
0
0
0
0
0
0
0
0
0
0
0
0
0
0
0
0
0
0
0
0
0
0
0
0
0
0
0
0
0
0
0
0
0
0
0
0
0
0
0
0
0
0
0
0
0
0
0
0
0
0
0
0
0
0
0
0
0
0
0
0
0
0
0
0
0
0
0
0
0
0
0
0
0
0
0
0
0
0
0
0
0
0
0
0
0
0
0
0
0
0
0
0
0
0
0
0
0
0
0
0
0
0
0
0
0
0
0
0
0
0
0
0
0
0
0
0
0
0
0
0
0
0
0
0
0
0
0
0
0
0
0
0
0
0
0
0
0
0
0
0
0
0
0
0
0
0
0
0
0
0
0
0
0
0
0
0
0
0
0
0
0
0
0
0
0
0
0
0
0
0
0
0
0
0
0
0
0
0
0
0
0
0
0
0
0
0
0
0
0
0
0
0
0
0
0
0
0
0
0
0
