0
0
0
0
0
0
0
0
0
0
0
0
0
0
0
0
0
0
0
0
0
0
0
0
0
0
0
0
0
0
0
0
0
0
0
0
0
0
0
0
0
0
0
0
0
0
0
0
0
0
0
0
0
0
0
0
0
0
0
0
0
0
0
0
0
0
0
0
0
0
0
0
0
0
0
0
0
0
0
0
0
0
0
0
0
0
0
0
0
0
0
0
0
0
0
0
0
0
0
0
0
0
0
0
0
0
0
0
0
0
0
0
0
0
0
0
0
0
0
0
0
0
0
0
0
0
0
0
0
0
0
0
0
0
0
0
0
0
0
0
0
0
0
0
0
0
0
0
0
0
0
0
0
0
0
0
0
0
0
0
0
0
0
0
0
0
0
0
0
0
0
0
0
0
0
0
0
0
0
0
0
0
0
0
0
0
0
0
0
0
0
0
0
0
0
0
0
0
0
0
0
0
0
0
0
0
0
0
0
0
0
0
0
0
0
0
0
0
0
0
0
0
0
0
0
0
0
0
0
0
0
0
0
0
0
0
0
0
0
0
0
0
0
0
0
0
0
0
0
0
0
0
0
0
0
0
0
0
0
0
0
0
0
0
0
0
0
0
0
0
0
0
0
0
0
0
0
0
0
0
0
0
0
0
0
0
0
0
0
0
0
0
0
0
0
0
0
0
0
0
0
0
0
0
0
0
0
0
0
0
0
0
0
0
0
0
0
0
0
0
0
0
0
0
0
0
0
0
0
0
0
0
0
0
0
0
0
0
0
0
0
0
0
0
0
0
0
0
0
0
0
0
0
0
0
0
0
0
0
0
0
0
0
0
0
0
0
0
0
0
0
0
0
0
0
0
0
0
0
0
0
0
0
0
0
0
0
0
0
0
0
0
0
0
0
0
0
0
0
0
0
0
0
0
0
0
0
0
0
0
0
0
0
0
0
0
0
0
0
0
0
0
0
0
0
0
0
0
0
0
0
0
0
0
0
0
0
0
0
0
0
0
0
0
0
0
0
0
0
0
0
0
0
0
0
0
0
0
0
0
0
0
0
0
0
0
0
0
0
0
0
0
0
0
0
0
0
0
0
0
0
0
0
0
0
0
0
0
0
0
0
0
0
0
0
0
0
0
0
0
0
0
0
0
0
0
0
0
0
0
0
0
0
0
0
0
0
0
0
0
0
0
0
0
0
0
0
0
0
0
0
0
0
0
0
0
0
0
0
0
0
0
0
0
0
0
0
0
0
0
0
0
0
0
0
0
0
0
0
0
0
0
0
0
0
0
0
0
0
0
0
0
0
0
0
0
0
0
0
0
0
0
0
0
0
0
0
0
0
0
0
0
0
0
0
0
0
0
0
0
0
0
0
0
0
0
0
0
0
0
0
0
0
0
0
0
0
0
0
0
0
0
0
0
0
0
0
0
0
0
0
0
0
0
0
0
0
0
0
0
0
0
0
0
0
0
0
0
0
0
0
0
0
0
0
0
0
0
0
0
0
0
0
0
0
0
0
0
0
0
0
0
0
0
0
0
0
0
0
0
0
0
0
0
0
0
0
0
0
0
0
0
0
0
0
0
0
0
0
0
0
0
0
0
0
0
0
0
0
0
0
0
0
0
0
0
0
0
0
0
0
0
0
0
0
0
0
0
0
0
0
0
0
0
0
0
0
0
0
0
0
0
0
0
0
0
0
0
0
0
0
0
0
0
0
0
0
0
0
0
0
0
0
0
0
0
0
0
0
0
0
0
0
0
0
0
0
0
0
0
0
0
0
0
0
0
0
0
0
0
0
0
0
0
0
0
0
0
0
0
0
0
0
0
0
0
0
0
0
0
0
0
0
0
0
0
0
0
0
0
0
0
0
0
0
0
0
0
0
0
0
0
0
0
0
0
0
0
0
0
0
0
0
0
0
0
0
0
0
0
0
0
0
0
0
0
0
0
0
0
0
0
0
0
0
0
0
0
0
0
0
0
0
0
0
0
0
0
0
0
0
0
0
0
0
0
0
0
0
0
0
0
0
0
0
0
0
0
0
0
0
0
0
0
0
0
0
0
0
0
0
0
0
0
0
0
0
0
0
0
0
0
0
0
0
0
0
0
0
0
0
0
0
0
0
0
0
0
0
0
0
0
0
0
0
0
0
0
0
0
0
0
0
0
0
0
0
0
0
0
0
0
0
0
0
0
0
0
0
0
0
0
0
0
0
0
0
0
0
0
0
0
0
0
0
0
0
0
0
0
0
0
0
0
0
0
0
0
0
0
0
0
0
0
0
0
0
0
0
0
0
0
0
0
0
0
0
0
0
0
0
0
0
0
0
0
0
0
0
0
0
0
0
0
0
0
0
0
0
0
0
0
0
0
0
0
0
0
0
0
0
0
0
0
0
0
0
0
0
0
0
0
0
0
0
0
0
0
0
0
0
0
0
0
0
0
0
0
0
0
0
0
0
0
0
0
0
0
0
0
0
0
0
0
0
0
0
0
0
0
0
0
0
0
0
0
0
0
0
0
0
0
0
0
0
0
0
0
0
0
0
0
0
0
0
0
0
0
0
0
0
0
0
0
0
0
0
0
0
0
0
0
0
0
0
0
0
0
0
0
0
0
0
0
0
0
0
0
0
0
0
0
0
0
0
0
0
0
0
0
0
0
0
0
0
0
0
0
0
0
0
0
0
0
0
0
0
0
0
0
0
0
0
0
0
0
0
0
0
0
0
0
0
0
0
0
0
0
0
0
0
0
0
0
0
0
0
0
0
0
0
0
0
0
0
0
0
0
0
0
0
0
0
0
0
0
0
0
0
0
0
0
0
0
0
0
0
0
0
0
0
0
0
0
0
0
0
0
0
0
0
0
0
0
0
0
0
0
0
0
0
0
0
0
0
0
0
0
0
0
0
0
0
0
0
0
0
0
0
0
0
0
0
0
0
0
0
0
0
0
0
0
0
0
0
0
0
0
0
0
0
0
0
0
0
0
0
0
0
0
0
0
0
0
0
0
0
0
0
0
0
0
0
0
0
0
0
0
0
0
0
0
0
0
0
0
0
0
0
0
0
0
0
0
0
0
0
0
0
0
0
0
0
0
0
0
0
0
0
0
0
0
0
0
0
0
0
0
0
0
0
0
0
0
0
0
0
0
0
0
0
0
0
0
0
0
0
0
0
0
0
0
0
0
0
0
0
0
0
0
0
0
0
0
0
0
0
0
0
0
0
0
0
0
0
0
0
0
0
0
0
0
0
0
0
0
0
0
0
0
0
0
0
0
0
0
0
0
0
0
0
0
0
0
0
0
0
0
0
0
0
0
0
0
0
0
0
0
0
0
0
0
0
0
0
0
0
0
0
0
0
0
0
0
0
0
0
0
0
0
0
0
0
0
0
0
0
0
0
0
0
0
0
0
0
0
0
0
0
0
0
0
0
0
0
0
0
0
0
0
0
0
0
0
0
0
0
0
0
0
0
0
0
0
0
0
0
0
0
0
0
0
0
0
0
0
0
0
0
0
0
0
0
0
0
0
0
0
0
0
0
0
0
0
0
0
0
0
0
0
0
0
0
0
0
0
0
0
0
0
0
0
0
0
0
0
0
0
0
0
0
0
0
0
0
0
0
0
0
0
0
0
0
0
0
0
0
0
0
0
0
0
0
0
0
0
0
0
0
0
0
0
0
0
0
0
0
0
0
0
0
0
0
0
0
0
0
0
0
0
0
0
0
0
0
0
0
0
0
0
0
0
0
0
0
0
0
0
0
0
0
0
0
0
0
0
0
0
0
0
0
0
0
0
0
0
0
0
0
0
0
0
0
0
0
0
0
0
0
0
0
0
0
0
0
0
0
0
0
0
0
0
0
0
0
0
0
0
0
0
0
0
0
0
0
0
0
0
0
0
0
0
0
0
0
0
0
0
0
0
0
0
0
0
0
0
0
0
0
0
0
0
0
0
0
0
0
0
0
0
0
0
0
0
0
0
0
0
0
0
0
0
0
0
0
0
0
0
0
0
0
0
0
0
0
0
0
0
0
0
0
0
0
0
0
0
0
0
0
0
0
0
0
0
0
0
0
0
0
0
0
0
0
0
0
0
0
0
0
0
0
0
0
0
0
0
0
0
0
0
0
0
0
0
0
0
0
0
0
0
0
0
0
0
0
0
0
0
0
0
0
0
0
0
0
0
0
0
0
0
0
0
0
0
0
0
0
0
0
0
0
0
0
0
0
0
0
0
0
0
0
0
0
0
0
0
0
0
0
0
0
0
0
0
0
0
0
0
0
0
0
0
0
0
0
0
0
0
0
0
0
0
0
0
0
0
0
0
0
0
0
0
0
0
0
0
0
0
0
0
0
0
0
0
0
0
0
0
0
0
0
0
0
0
0
0
0
0
0
0
0
0
0
0
0
0
0
0
0
0
0
0
0
0
0
0
0
0
0
0
0
0
0
0
0
0
0
0
0
0
0
0
0
0
0
0
0
0
0
0
0
0
0
0
0
0
0
0
0
0
0
0
0
0
0
0
0
0
0
0
0.373364
0.187735
0.787004
-0.0545566
-0.0947395
-0.522916
-1.22663
-1.0869
-1.27556
0.0458082
-0.126509
-0.698308
-1.16218
-1.05416
0.33159
-0.597981
0.220024
-0.963668
-0.360103
-0.308111
-0.384671
0.0844086
-0.386888
0.487543
0.362476
0.716773
0.150588
0.467264
0.73959
0.183228
-0.717847
-1.43298
0.138844
0.194543
0.36571
-0.301144
-0.265685
-0.6432
0.483262
-0.953787
-0.557178
-0.0317174
0.139146
-0.669588
-2.02486
-1.06682
-0.891208
0.543878
-0.276735
-2.02991
0.6946
-0.310113
-0.0247884
-1.83669
-0.0628921
0.526116
0.365853
-0.531475
-0.973244
-0.411366
-0.0975094
-0.41105
0.597667
-0.672816
0.483443
0.389404
-0.874221
-1.17079
0.0301349
-0.110719
-1.36249
-0.380125
-0.387274
0.0634792
0.0329505
-0.75986
0.45996
-0.482504
-0.584884
-0.761718
0.827153
0.374649
-0.385193
0.334484
0.434848
0.580465
-0.136501
0.313784
0.491342
-0.355777
-0.0250189
-0.196187
0.493489
-0.989693
0.490136
0.580703
0.495553
0.312207
0.0710403
0.245343
-1.15144
-0.225247
-0.0748645
0.465468
0.326036
-1.66184
-1.48108
0.217752
-0.663927
-0.248222
-0.812271
0.199883
-0.544367
0.12443
-1.25118
0.416835
-0.0491019
-0.22464
0.0675048
0.0163794
-1.37822
-1.77006
0.242019
0.0518546
-0.915703
-1.64484
0.402105
0.0951052
-0.885133
0.402276
-0.552797
-1.40056
-0.00631879
0.27988
-0.396715
-0.136339
0.358362
0.403481
-0.17187
0.227534
-0.69252
-0.72094
0.45868
0.243172
-0.716157
0.412211
-0.386486
-0.589075
0.391746
0.337405
-0.843706
-0.200373
-0.297636
0.430803
-0.259398
0.18648
0.372368
-1.16045
-0.473314
-0.250008
-0.540899
-1.05624
-1.29383
-1.25214
0.122398
-1.56481
-1.0297
-0.324455
-0.812153
-0.772879
0.265596
0.162
-0.00976881
-2.09619
0.20178
0.46711
-0.0608612
-0.592671
-0.0834611
0.484437
-0.784811
0.431263
-1.5443
0.273027
0.196722
0.109952
0.447656
-0.0180273
0.759207
0.440873
-0.161395
-0.0574865
-0.107516
0.109499
0.827158
-1.66854
-0.16294
0.225838
0.431758
-0.471045
-1.53908
0.172454
-1.0452
0.233412
-1.6382
0.448289
-0.506267
0.513064
0.261269
-0.192194
0.536465
0.388342
0.0140464
-0.0867302
-1.8457
0.0507366
-0.236119
-1.04695
0.19352
-0.331069
-0.467834
-0.471289
-0.0603781
0.143359
-1.40169
0.631854
0.455602
0.167457
0.402133
0.216853
-0.776908
-0.285396
-0.837405
-0.870266
0.477323
-2.67035
0.356592
0.000231182
-0.494188
-1.04256
0.481994
-1.58007
-0.498245
-1.15832
-1.31902
0.389816
0.610175
-1.62081
0.292796
-0.598231
-1.53055
-0.347484
-0.979791
-0.110788
0.498877
0.412783
-1.74762
-0.201241
0.239872
-0.218097
0.198243
-2.3423
0.387946
0.275254
0.0173715
0.629042
-1.07021
0.0488292
-0.00314155
-0.430359
0.096653
-0.68004
0.697202
-0.501176
-0.581112
0.264151
0.459223
-1.61392
-0.351088
-1.66791
-0.120192
0.518207
-0.672111
0.222223
-1.02085
-0.549782
0.0358168
-0.381544
0.260464
-0.127194
0.223756
-0.257568
-0.231296
-1.24423
0.204118
-0.0872716
0.413512
-1.02346
-0.442779
0.0181033
-0.446854
0.210552
-0.247596
0.174553
-1.94326
0.606693
0.755266
0.0297132
-0.0478227
-1.08259
0.0738109
0.618934
-1.09267
0.457271
-0.68375
-0.308829
-1.79788
-0.205361
-0.443928
0.39328
0.683463
0.699191
-0.89516
-0.0722035
-0.435495
-1.07935
-1.62001
-2.23571
0.456574
0.656524
0.151406
-0.341936
0.181866
-0.22685
-0.586969
0.254893
0.0790293
0.28426
-1.6515
-0.999805
-0.336887
0.285913
0.269574
-0.612166
0.539536
-0.0202094
0.315868
0.0615894
-0.226775
-0.642398
-0.838701
-0.0752525
-0.00752019
0.479559
-0.0552025
-0.945173
0.0891581
-0.0956308
0.218441
-0.963481
-1.0567
-0.240131
0.146448
-0.477372
-0.779218
0.0738107
-0.637141
0.0416007
-0.123634
-1.68088
-0.0773027
0.344262
0.394949
-0.205542
0.457072
-0.171758
-0.452043
-0.866135
0.137683
0.214317
0.16823
-0.735459
-0.661866
-1.03204
-1.26828
-0.724203
0.419037
0.286063
-2.3842
0.310462
-1.5461
-1.08538
0.0524855
-0.019756
-0.355882
-1.62216
-2.48173
0.354677
-0.604076
0.601791
-1.08389
0.581676
0.535902
-1.82812
-0.209271
-0.34171
-2.16046
-1.15655
-0.769568
-0.509673
-1.28726
-0.4717
-0.393913
-0.0442677
0.212908
0.423209
-0.365974
-0.339456
-0.285836
0.381381
0.113609
-1.54367
-0.379598
0.266915
-0.757871
0.230258
0.631321
0.474068
0.0441698
-0.185479
0.248657
0.249976
-0.506766
-0.253317
0.0333649
-1.44739
0.344822
-1.0856
0.380174
0.0392076
0.593288
-0.0679942
0.260498
-0.804838
0.432329
0.629193
0.663099
-1.22126
0.0766341
-0.106473
-0.164729
-1.38488
-1.03987
-0.694255
0.329231
-1.72119
0.294136
-0.933822
0.53552
-0.89753
-0.122406
0.392079
-0.0328468
-0.442923
0.129773
-0.594842
-0.716102
0.146881
0.535679
0.465709
0.0324383
0.389754
-1.02053
-1.0359
-1.13735
-1.04559
-0.0291889
0.349233
-0.461549
0.333038
-0.280208
-1.79251
-0.21412
0.520701
-0.0763016
0.355411
0.605412
-0.26958
-0.420799
-0.782815
-0.198808
0.3821
-0.345339
0.025949
-0.445287
-0.0709104
-1.23774
-0.290287
0.0687226
-1.40661
-0.300546
-0.664666
-0.284592
-0.274711
-1.14707
-0.950257
-0.111061
-0.108651
0.020002
0.447375
-1.48855
-0.364386
-0.209398
0.0504816
-0.770359
0.378094
-0.208197
-0.26812
-1.24078
0.38995
-2.22695
0.018566
-1.51126
-0.98417
-0.0697104
0.483276
-0.12227
-0.0111093
-0.0219592
0.353015
-0.0244233
-0.334364
0.190094
-1.61262
0.0473725
0.60282
-0.0151656
0.359682
0.159919
0.11378
-0.378032
0.379754
-0.293751
0.111972
0.0244877
-0.309996
-0.312653
0.195378
0.123942
-0.582607
0.566102
0.62005
-0.0103699
-0.875339
-0.419155
0.00870049
0.352987
-1.11394
-0.469398
-0.161233
0.510707
-0.953018
0.365712
-0.353689
-0.809223
0.303838
0.306561
0.0137832
-0.599256
0.0899277
0.6484
0.443866
0.537972
0.191944
0.0544484
-0.329058
0.119763
0.185856
-0.561538
-0.427787
-1.21386
-0.149337
-1.51211
-0.943689
0.386254
-0.328756
-0.240247
-0.0679691
0.1521
-0.190221
0.494781
-0.258348
-1.29169
-0.610038
-1.11926
0.315486
-0.531013
-0.599341
-0.821063
-0.531085
0.092801
-0.397773
-0.604464
-0.107435
-0.461737
-0.376402
-1.06601
-0.367839
0.0451748
-1.54108
0.210569
0.0184043
0.0211277
-0.710336
0.462935
-0.772822
0.480062
0.0839369
0.177254
-0.806437
-0.309423
0.240696
-1.22432
0.170994
-1.78556
-0.92077
0.113093
-2.09428
-0.936397
-0.22615
0.204383
-0.218104
-0.274609
-1.68307
-1.1042
-0.328998
-0.0809652
-1.89285
-0.0353475
0.513688
-0.875184
-0.70245
-1.55049
-0.30609
-0.810267
-0.945717
0.00685179
-0.94507
0.0902773
-0.105993
-0.256486
-0.824952
-0.543488
0.493569
0.0336528
-2.2388
-0.732069
0.121874
0.011022
0.106544
-0.322806
-0.527207
0.281026
-0.767548
0.0532905
0.000125048
0.146072
-0.693811
-0.46197
-0.506263
-0.701405
-0.101407
-0.974872
-1.07652
-1.69427
-0.577877
-1.46866
0.608351
-0.9381
0.469637
0.63636
-0.283849
0.012532
0.104364
0.307555
0.226488
-0.502684
0.149852
-0.315541
-0.235091
0.580022
-0.028551
-0.627755
-1.07399
0.100966
-0.49849
0.41895
-0.329288
-0.183669
0.266858
-0.250064
-0.175663
-0.0608902
-0.765322
-0.52957
-1.16656
-0.0186396
0.558826
-1.30239
-1.84118
-0.188858
0.0484758
-1.02673
0.0722166
-0.594307
-2.06922
0.31295
0.387986
-1.24177
-0.991589
-0.0838065
-2.50924
-0.471851
-0.979282
-0.453476
0.0616071
0.112015
-0.234563
0.197461
-0.146504
0.703164
-0.149113
-0.436086
-0.672825
-0.125738
0.440407
0.230442
-0.300923
-0.477561
0.350323
-0.559174
-0.386043
-1.22138
0.0791655
-0.559532
-1.19762
0.049638
0.768861
-0.963057
-0.15661
-0.280285
-0.0332499
-2.24531
0.737365
0.64229
-1.31648
0.0797343
-0.00860916
0.164283
0.277382
-0.157838
-1.46235
0.135831
-0.671347
-0.662121
0.44302
-0.369209
-0.607439
0.590871
0.657013
-1.11964
0.254006
-0.17114
0.566041
-0.939514
0.167719
0.228211
0.166757
0.416009
-0.680969
-0.216536
-1.47213
-0.273611
-1.22665
-0.414707
-0.835566
-1.41218
0.647159
-1.82131
0.219842
0.00693635
-0.350979
-1.88115
-0.32708
-2.12519
-1.09173
-0.311599
0.416778
-1.09587
-0.909317
-0.99915
0.540706
-0.333563
0.211606
0.633831
0.0282603
0.578224
-0.680724
-0.926889
0.430363
-0.01377
0.239115
-0.618664
-0.894041
-0.107397
0.535219
0.0757905
0.277381
0.0236123
0.292231
0.167769
-0.156105
0.395622
-0.128207
0.0303503
-2.56161
0.123775
-0.00128612
-0.872336
0.385826
-1.0619
-0.0802915
0.619864
0.216839
0.13182
-0.389892
-0.716232
-0.420662
-0.275634
0.444972
0.348093
-2.38027
0.25549
-1.30574
0.522784
-0.281501
0.0763212
-1.35073
-1.40445
0.506317
0.377172
0.0634273
-1.70276
0.41396
-0.526591
-0.105919
0.225749
-0.428317
0.0294228
0.590216
0.151238
0.474211
-1.16984
-0.0402512
-1.91959
-0.288876
0.448235
-1.49616
0.474408
-0.230239
-3.12579
-0.213012
-0.95988
0.143686
-0.840131
-0.687611
0.379511
-1.53538
-0.482449
0.0382817
-0.0276401
0.427502
-1.67081
-0.498812
0.028406
0.63187
0.255602
-0.0354456
-1.12776
-1.11413
-0.655184
-0.919822
0.224235
-0.244637
0.648057
0.0664683
0.540597
-0.00078899
-0.940734
-1.09645
-0.168361
0.0175107
0.717925
-0.537733
-0.582851
-1.25098
-0.195028
0.222322
-0.772457
-2.50403
0.336051
-0.334751
-0.234839
-0.113496
0.423152
-1.28436
-0.349863
0.0732873
-0.765775
-0.715518
0.0962243
-0.167425
0.669634
0.549678
-0.317605
-0.546583
-0.78762
-0.700979
0.317391
0.565861
-1.40718
0.336485
0.2347
-0.314599
0.395835
-0.144561
-0.357537
0.498869
0.0228127
-0.615864
-0.426995
-0.457693
0.353448
0.124472
0.264628
-0.175544
-1.75981
0.4771
-0.135897
-0.200473
0.217088
-0.644073
-0.17458
-1.19538
0.381734
-0.393756
-0.771625
-0.279416
-0.900762
-0.12184
-0.296428
-0.518716
0.117501
-0.746154
-0.995785
-1.17929
-0.190711
-0.654165
0.209419
-0.158661
-0.11881
-0.171927
-0.304201
0.37471
-0.0654213
0.466963
-1.13655
0.262399
-1.23145
0.0213269
-0.296212
0.569696
0.162563
-1.0493
-0.122445
-1.40192
0.0192227
-0.2605
0.172116
-0.30916
-0.980557
-0.447952
-0.282997
0.0833047
0.661906
-0.267444
0.140097
-0.756202
0.353912
-0.857178
-0.143818
-0.0389576
-0.561559
-1.04372
0.309792
0.28337
-0.201057
0.699755
-0.876977
-0.645303
-0.140969
-0.779979
-0.80005
-1.2209
-0.869347
0.0134645
0.300597
-0.273415
0.421704
-1.04499
-0.752046
-0.0107768
-2.02089
0.416716
-0.310123
0.52242
0.516632
0.649276
-0.0388143
-1.85409
0.13275
0.0392344
-0.801382
0.485012
0.0831175
0.502523
0.133367
-0.757749
0.0217546
-0.893525
0.251354
-0.489659
0.196139
0.0416617
-0.842584
-0.209622
0.356092
-0.632518
-0.349078
-0.0137002
-0.265221
-1.45191
-0.230577
0.37911
-0.995972
-0.0130144
0.59582
-0.573934
-0.163533
-0.776997
-0.977021
0.462073
0.0868108
-0.141993
0.554565
-1.62942
0.164228
0.0704454
-0.853547
0.102504
0.480692
0.670224
-0.467202
-0.182555
-0.00753929
0.0744302
0.386551
0.255338
-0.440369
0.276007
-1.52878
0.253754
-0.108139
0.062765
-0.891883
-0.687691
-0.174962
0.440983
-0.465421
-0.506468
-0.383114
-0.352851
0.461406
0.62052
-0.571955
0.339769
0.494511
-0.476954
0.124219
-0.387395
-0.410128
-0.310657
-0.42953
-0.0892296
-1.05227
-0.430895
-0.642395
-0.835588
-0.540175
-0.859354
-1.05307
0.615913
-0.667928
0.500574
0.199085
-0.289883
-0.62488
0.426337
0.434583
-1.27689
-0.0149678
0.0846109
-0.563081
0.242976
0.485665
-0.376436
-0.737155
-0.592519
-0.195484
-0.46738
0.436321
0.0652651
-1.52753
-0.409572
-0.188727
-0.141778
0.581425
-0.30978
0.317172
0.599915
-0.211933
0.238041
0.387665
-0.607039
0.437752
-0.0253469
-1.71251
-0.55121
-0.656092
-0.368698
-0.289806
-0.345669
0.106598
0.480981
-0.193273
-0.226742
-2.10258
-0.620095
0.556903
0.00992061
-0.791357
0.0528649
-0.63365
0.501049
-0.627196
0.0320139
0.229939
-0.576509
-1.42898
0.138097
-0.167793
-0.369424
0.496196
-0.265435
-0.416505
0.507868
0.602162
-0.178336
0.785358
0.486508
-0.298956
0.613599
-0.736956
0.0632073
-0.078229
0.219823
-0.0105628
0.532005
0.314752
-0.159294
-0.657147
0.0996977
0.644754
0.344965
-0.0692511
-1.83446
0.169448
-1.95736
-0.180074
-0.208604
-0.399485
-0.91194
0.0089521
-0.52253
-1.03058
-0.278312
0.243828
-0.682094
0.324289
0.516992
-1.07778
0.024144
-1.43837
0.226188
-0.0447065
-0.420008
0.207063
-0.447663
-0.697818
-0.0682202
0.0449321
0.484038
-0.528512
-0.722145
-1.06917
-0.833403
-1.17022
-0.46349
-0.560939
0.506897
0.72686
0.0841652
0.340983
0.0911906
-0.47834
-0.302127
0.277661
-0.219629
0.374504
0.277082
-0.140885
-0.230332
-0.621304
-1.29378
-0.25655
-0.453414
-0.115808
-0.533421
-0.927274
0.191753
0.31731
0.430056
-0.387464
0.338831
0.138558
0.140106
-0.315735
-0.513679
-0.00366593
0.139336
0.248341
-0.179209
-1.28864
0.482566
-0.502459
0.485381
-1.26766
-1.66732
0.595774
-1.41157
-0.468554
0.0327273
-0.289341
-1.11441
-0.0668404
0.0202118
0.388022
-0.86176
0.322089
-0.558855
0.699507
0.359492
-0.657567
-0.418262
-0.633186
0.502882
-0.420867
0.355591
-0.226641
-0.564825
-0.165899
0.364101
-0.00501729
-0.955131
-0.73737
-0.0563191
0.367949
0.491319
-0.324699
-0.154646
0.287384
-0.0426522
-1.05696
-0.427937
-0.55798
0.471458
-0.640943
0.491702
-1.34885
-0.803069
-0.145588
-0.0399952
-0.71331
0.464023
-0.509102
0.049622
-0.0833002
0.326114
0.640654
0.175518
0.625651
-1.007
-0.230242
-0.824228
-0.146148
-0.027376
-0.393728
-0.88475
-0.209317
0.338389
0.223309
0.683835
-0.923743
-0.473704
0.289064
-1.34662
-0.467316
-0.765764
-0.226183
0.119801
0.0676899
-0.215258
-0.188247
0.480728
-0.151589
0.249406
0.183664
-0.252601
0.485265
0.123542
-2.25324
-1.29782
0.555489
0.0421273
-0.226936
-1.47181
-0.133163
-0.484239
-0.772104
-0.209392
-1.48358
-0.207782
0.00470871
0.291963
-0.793736
0.0790885
-0.117415
0.0756703
-0.298152
-0.3848
0.339445
-0.0719972
-0.719531
0.408367
0.181303
-0.757571
-1.05634
-1.68904
0.19253
0.220883
0.652098
-0.882142
-0.230901
-0.650112
-0.141226
-0.294482
-0.277765
-1.34831
0.238863
0.597248
-0.467155
0.333486
0.665343
-1.4339
-0.451676
-0.14774
-0.832056
0.205615
0.235035
-1.47392
-0.123825
-0.783493
-0.856121
-0.308866
0.0425381
-0.498927
0.43906
-0.374465
-0.522247
-0.584302
-0.0202453
-0.098631
-0.151336
-1.2354
-0.581593
-0.917393
0.278786
-0.351703
0.152468
-0.592788
-0.201737
0.0732273
0.130481
-0.364538
-0.747859
0.240305
-0.502282
0.346799
-0.271505
-0.240655
0.483218
-0.341153
0.525194
0.257622
-0.0866553
0.0970149
-0.090312
-1.19647
0.210439
-0.202154
-1.62064
0.68328
-1.188
-0.576807
-0.788121
-0.326037
-1.03397
-1.09119
-0.761239
-0.530486
-0.283977
0.599255
-0.682666
0.235726
0.383875
-0.886889
-0.84193
-0.335796
0.551351
-1.42546
0.318257
0.100105
-0.109744
0.467206
-0.246401
-0.7986
-0.349519
-1.39675
-0.600605
-1.12159
-1.80639
-1.09934
0.0164534
-0.185433
0.134464
0.563528
0.31145
-0.246411
-1.57685
-0.373191
0.508289
0.271622
-0.526308
-1.36165
-0.629294
-0.00123612
-0.0172186
0.471836
-0.525726
-1.14109
-2.17151
-0.0845797
0.639195
-1.10729
0.00815328
-0.205442
-0.599511
0.221117
0.215044
0.270305
-1.66462
-1.96742
-0.971688
-1.04513
-0.503207
-0.391676
0.0756145
-0.0290616
0.396345
0.581161
0.0332793
-0.29664
0.100136
0.0994597
-0.943798
-0.384166
0.412615
-0.574524
-0.437841
-1.02777
-0.108631
0.319784
-0.94922
0.260574
0.287104
0.410325
0.0031719
0.092635
-0.204213
0.00285753
0.712135
0.0962392
-0.536424
0.538507
0.34827
-0.435611
0.0399988
-0.209763
0.0363388
-1.05174
-0.00734106
-0.100157
-0.457617
-1.53774
0.387875
0.464779
-0.202892
-0.991604
-0.316542
-0.525045
-0.0671646
0.0164613
0.24507
0.184353
-0.407501
-1.51821
0.211212
-0.593252
0.598927
-0.190304
0.532726
0.530813
-0.772782
0.0193839
0.0800899
-0.355653
0.504586
0.0735591
0.248956
0.427459
0.169378
0.174287
-0.708804
-1.12343
0.220826
0.257928
0.249997
0.144844
-0.107619
-0.072723
-0.513189
-1.3857
0.260777
-1.11836
0.485981
0.335113
0.276702
0.0734706
0.235408
-0.118722
0.486026
0.39557
-1.56513
-0.458232
-0.288453
-0.305428
0.406675
-0.103611
-1.85323
-1.68503
0.476905
-0.780689
-1.01007
-0.59391
-0.00911868
0.307861
-0.202822
0.627631
-0.6395
-0.184848
0.237756
-0.677791
-0.221695
-0.517111
0.34283
-0.109604
-0.841482
-1.20541
0.359517
-0.415
-0.279424
-1.21115
-0.603286
-0.0227267
0.257338
0.51833
0.534118
0.672698
-0.970287
-0.229372
-0.444512
-0.135587
-1.15916
-1.64342
-0.143946
-1.94853
-1.00181
-0.0954456
-0.324865
0.501358
0.434588
-1.26425
-0.182076
-1.58658
-0.77639
-1.3004
-0.116503
0.0633084
-0.295009
-0.248912
0.398852
0.339319
-0.226764
0.0873937
0.0186983
0.318709
0.125074
-0.194202
-0.0938977
0.307947
-0.545076
-0.594311
-1.19514
-0.139241
0.40754
0.0431504
-0.588742
-0.386952
0.0845022
-1.18914
-0.705503
0.264713
0.391668
0.0866469
0.0508406
-0.0832942
0.443693
-0.135622
-0.787268
0.349195
0.354135
0.147646
-0.185613
-0.236293
-0.929815
-1.77886
-0.463132
0.113708
-0.257409
0.111414
-0.949148
0.402344
-1.291
0.246137
-1.00569
-0.340378
0.430296
-0.427932
-2.06489
0.274097
-0.936392
-1.17421
-0.567071
0.227696
-0.315776
-0.0959133
-0.238499
0.322535
-0.916745
-0.267522
-0.107913
-0.0666431
0.544595
-0.0677737
-1.07573
0.127552
-0.366625
0.198298
0.45796
0.48923
-0.215687
0.485506
-1.65688
0.534016
-0.694275
-0.182658
-0.851528
-0.360868
-0.182041
0.0220052
-0.0042653
-0.772153
0.203424
-0.96561
-0.0957115
-1.00507
-0.606126
0.0613705
-0.615224
-0.348353
-0.896157
0.0988587
-0.375795
-0.0689583
-0.916326
-1.41584
-0.647997
-1.80861
-0.622303
-2.71955
-0.095896
-0.172534
-0.290853
0.334034
-0.578903
0.542154
-0.301718
-0.297724
-0.3031
-0.832495
0.0487846
-0.994767
-1.49113
-0.260632
0.12361
-0.0496453
-0.601038
-0.436194
-0.129632
-0.0918663
-0.713932
-1.16338
0.520718
-0.395348
0.327127
0.344734
-0.0930287
-0.622473
0.00552628
0.818684
0.0305331
-2.53512
0.173315
0.0518381
-0.146683
-1.05466
0.108001
-1.08032
-0.250014
-0.173034
0.278031
-0.545908
-0.360441
-0.260031
-0.88342
-0.0827153
-0.0311516
-0.177115
0.140741
-0.706953
0.358979
-1.66759
0.476675
0.233461
-0.339262
-0.00947725
-1.15308
-1.46222
0.0792655
-0.0134061
0.398119
-0.371037
0.373262
-0.34847
-0.898218
-0.720548
0.261552
-0.874475
0.523576
-0.0183469
-0.167748
-0.219212
-0.331458
0.190033
-0.853234
0.386133
0.0761841
-0.898413
0.0266187
-1.20206
-0.0730157
-1.04824
-0.533784
-1.02152
-1.27812
-1.23223
-1.06043
-1.5552
0.349235
-0.256968
-0.332055
0.245738
-0.336764
0.675484
0.23219
0.0820719
0.601799
-1.28945
-0.955287
0.19643
0.408389
-0.464672
0.122762
0.104658
-0.337581
0.382542
-0.327123
-0.390114
-0.121017
0.157016
-0.966064
0.105063
0.240766
0.548676
0.244471
-0.126189
0.109569
-0.55213
-0.318466
-0.339547
-0.486117
-0.751404
0.57473
-0.0021063
-0.556916
0.235482
0.420128
-0.0548062
-0.934012
-0.601687
-0.760893
0.274308
-0.675706
0.358198
-1.18035
-0.212435
-0.270811
-0.23511
0.00814001
-0.25027
-1.70327
0.149682
-0.151924
-0.519827
0.40603
-0.795786
-0.480379
0.0115468
-0.101008
0.0879033
-0.337181
-0.565095
-0.0443819
0.448567
0.241978
0.417658
-0.112123
-0.574611
-0.113128
-0.711039
-1.33703
-0.615338
0.0804662
-0.744547
-0.582682
-0.76167
-0.618313
-0.214641
0.0995814
-0.382436
-0.250462
0.164744
0.483337
0.371529
0.0641689
-0.762351
-0.183125
0.341565
-0.432157
0.0724548
0.0705157
-0.0666862
0.59516
0.335893
-0.162188
-0.88135
-0.368508
0.178004
-1.67265
-0.323881
0.274025
0.582985
-0.552784
-0.0316676
0.165736
0.222117
0.0615364
0.390871
-0.549618
0.138768
-0.826886
0.479124
0.46482
0.235663
0.0899799
0.465474
0.731999
0.526306
0.399871
-0.362964
-1.34725
0.685084
0.433219
0.17492
0.144095
-0.427944
-0.0383585
-0.704686
-0.0983649
0.527384
-0.178649
0.645053
0.14175
-0.0716006
-0.309203
-0.887602
0.0204695
-0.0903736
0.189208
-0.0723598
0.0796418
-0.315076
0.149278
-0.210864
-0.00804509
-0.198221
0.161933
-0.905322
0.465611
0.23878
-0.484336
-0.439314
-0.969282
-0.119824
0.167409
0.387168
-0.50202
-0.337203
0.536691
-0.646127
