1.0317
1.184
1.5575
1.02498
1.29944
1.06864
1.03224
1.23047
1.03082
1.024
1.02498
1.02498
1.02498
1.12651
1.024
1.024
1.024
1.024
1.32553
1.03231
1.02498
1.024
1.02498
1.02498
1.02498
1.14548
1.07021
1.34773
1.03684
1.05473
1.05547
1.06707
1.09982
1.28598
1.02498
1.15226
1.03071
1.02504
1.13251
1.22244
1.17627
1.0832
1.024
1.1071
1.1508
1.29863
1.02521
1.02498
1.05003
1.02769
1.12582
1.0727
1.02505
1.03325
1.60003
1.02498
1.02498
1.024
1.02498
1.25608
1.24902
1.0403
1.21765
1.024
1.03107
1.1302
1.03038
1.06405
1.02498
1.04517
1.04978
1.0279
1.15746
1.024
1.02498
1.03779
1.07035
1.024
1.024
1.2889
1.04342
1.10756
1.02926
1.024
1.07272
1.02739
1.1222
1.024
1.15014
1.024
1.07938
1.02898
1.15853
1.02576
1.09414
1.03112
1.04456
1.02896
1.02498
1.02861
1.0832
1.02498
1.51354
1.17786
1.09311
1.19464
1.024
1.02498
1.12246
1.03844
1.02498
1.024
1.024
1.21613
1.10744
1.02498
1.10964
1.07877
1.11048
1.02498
1.024
1.02498
1.02498
1.02498
1.04897
1.03523
1.27979
1.19855
1.02498
1.07135
1.15927
1.02498
1.4271
1.03515
1.21686
1.024
1.07077
1.09469
1.02682
1.39155
1.02779
1.024
1.92988
1.09745
1.03957
1.03655
1.08803
1.0402
1.25254
1.02498
1.05473
1.02498
1.02498
1.03413
1.03194
1.06463
1.0328
1.02498
1.32062
1.02498
1.08721
1.30363
1.18582
1.09054
1.14244
1.05308
1.30653
1.04807
1.10903
1.13525
1.02691
1.08584
1.3142
1.02498
1.03398
1.024
1.03897
1.13042
1.19053
1.02557
1.05318
1.024
1.0649
1.16315
1.03627
1.06421
1.02498
1.02498
1.13173
1.02849
1.024
1.02723
1.12186
1.03251
1.02606
1.0712
1.02683
1.02498
1.02833
1.17183
1.04331
1.09986
1.32524
1.02643
1.10769
1.14188
1.12478
1.04601
1.02498
1.03523
1.53685
1.02831
1.07212
1.38654
1.1133
1.16363
1.02498
1.12627
1.02498
1.02498
1.05755
1.02498
1.04299
1.02498
1.03132
1.06449
1.02878
1.02498
1.3121
1.024
1.07641
1.1503
1.20111
1.63133
1.06048
1.21915
1.024
1.02498
1.03899
1.29593
1.34536
1.02498
1.1215
1.11031
1.08098
1.03426
1.024
1.22857
1.12378
1.1238
1.024
1.37386
1.05504
1.02498
1.12707
1.02498
1.02649
1.11528
1.02622
1.37448
1.31989
1.024
1.15028
1.03016
1.29965
1.18746
1.06181
1.02498
1.22916
1.20702
1.02498
1.4609
1.09649
1.68424
1.1144
1.21438
1.14118
1.04359
1.11516
1.21217
1.05165
1.024
1.50766
1.08413
1.22758
1.4875
1.33615
1.21152
1.11948
1.04446
1.18119
1.03494
1.02498
1.09998
1.02498
1.08367
1.1455
1.06473
1.04043
1.15684
1.09376
1.15489
1.16293
1.09028
1.024
1.02607
1.59884
1.18607
1.07554
1.46986
1.08219
1.02498
1.024
1.08261
1.05868
1.14895
1.05336
1.05505
1.07164
1.11059
1.2157
1.0627
1.21799
1.02794
1.14093
1.03694
1.04284
1.04656
1.37923
1.36049
1.08044
1.02498
1.10246
1.13168
1.25179
1.22092
1.12971
1.61668
1.08029
1.02498
1.024
1.02831
1.04363
1.07351
1.13788
1.02498
1.03884
1.0903
1.03144
1.024
1.0557
1.12765
1.024
1.02498
1.20412
1.07948
1.23885
1.03208
1.024
1.024
1.02606
1.20554
1.24845
1.02498
1.06041
1.06171
1.02696
1.0355
1.18996
1.29302
1.05392
1.04957
1.03713
1.12545
1.29917
1.02498
1.07677
1.15427
1.2853
1.02498
1.05163
1.19124
1.12019
1.03709
1.18976
1.02606
1.024
1.06697
1.07426
1.02498
1.03471
1.36448
1.03454
1.04368
1.02498
1.07552
1.49417
1.04139
1.13569
1.02666
1.02686
1.04465
1.024
1.02498
1.0716
1.024
1.1255
1.11668
1.14357
1.61692
1.024
1.19619
1.05825
1.02816
1.08106
1.02498
1.02623
1.02498
1.02693
1.03591
1.02589
1.02643
1.02648
1.11138
1.11059
1.08449
1.02498
1.02498
1.02498
1.04212
1.18576
1.35842
1.63059
1.02498
1.10139
1.03732
1.16445
1.1415
1.02498
1.02791
1.04293
1.16501
1.02498
1.03176
1.02498
1.02498
1.3444
1.21547
1.02498
1.02498
1.02926
1.05459
1.02769
1.09166
1.024
1.13361
1.25799
1.02915
1.02498
1.024
1.03029
1.0661
1.02498
1.05591
1.03969
1.03058
1.02498
1.024
1.04388
1.02726
1.02498
1.07644
1.15985
1.2087
1.02498
1.0645
1.03624
1.05167
1.024
1.27804
1.56579
1.04573
1.56776
1.06736
1.45496
1.02498
1.03548
1.024
1.05175
1.05519
1.06783
1.11273
1.02498
1.2034
1.23431
1.024
1.11244
1.08046
1.024
1.25128
1.03107
1.11239
1.33088
1.024
1.06268
1.05751
1.08765
1.31248
1.02663
1.024
1.024
1.024
1.02498
1.024
1.37084
1.18584
1.44334
1.15706
1.02608
1.02498
1.02498
1.06138
1.0765
1.02498
1.16257
1.024
1.02498
1.34051
1.21276
1.39813
1.15145
1.03403
1.09273
1.024
1.04829
1.08706
1.03767
1.0259
1.04912
1.05757
1.02651
1.21617
1.04555
1.0442
1.02498
1.55651
1.11917
1.21318
1.2367
1.03642
1.07801
1.31846
1.02782
1.0479
1.14993
1.05519
1.053
1.36532
1.33331
1.15147
1.51737
1.05594
1.03453
1.024
1.02498
1.13962
1.80057
1.23452
1.02498
1.05003
1.024
1.27214
1.03572
1.024
1.04244
1.0318
1.09855
1.06907
1.02498
1.02498
1.28858
1.06252
1.024
1.13386
1.02799
1.12887
1.02498
1.19795
1.02498
1.0898
1.09328
1.02498
1.024
1.04075
1.05986
1.06467
1.10408
1.024
1.04495
1.02498
1.02741
1.02498
1.25746
1.09557
1.15116
1.02498
1.03822
1.04566
1.23066
1.02762
1.1964
1.06523
1.024
1.45011
1.07017
1.03809
1.03205
1.2036
1.16096
1.05307
1.07292
1.15845
1.02797
1.21222
1.06785
1.43106
1.02498
1.024
1.20372
1.07833
1.04025
1.03113
1.0297
1.17859
1.02498
1.02639
1.21488
1.024
1.024
1.02498
1.13056
1.02498
1.06608
1.07578
1.028
1.25012
1.02498
1.04416
1.18666
1.43599
1.18588
1.16878
1.02498
1.03047
1.2488
1.18753
1.09538
1.024
1.03177
1.025
1.67244
1.02498
1.13881
1.3395
1.06205
1.04849
1.02515
1.17288
1.024
1.024
1.12939
1.08609
1.03397
1.33186
1.03133
1.02638
1.02498
1.10002
1.04622
1.02498
1.05664
1.21831
1.05923
1.58207
1.24214
1.07789
1.02571
1.26312
1.109
1.04315
1.09068
1.07564
1.089
1.15717
1.03619
1.024
1.02498
1.02763
1.02498
1.03437
1.07423
1.02498
1.0662
1.2452
1.04937
1.06342
1.02498
1.024
1.024
1.0313
1.024
1.02498
1.036
1.03164
1.37411
1.16776
1.21146
1.024
1.02498
1.06994
1.36502
1.05556
1.26572
1.024
1.16143
1.37786
1.02498
1.024
1.13525
1.05197
1.02498
1.02498
1.13307
1.31482
1.24317
1.0474
1.14431
1.024
1.02498
1.02515
1.07529
1.21735
1.30421
1.05108
1.07711
1.024
1.26438
1.03208
1.03888
1.21812
1.05446
1.02715
1.07325
1.03139
1.15889
1.024
1.19403
1.02784
1.10877
1.0394
1.024
1.08372
1.56832
1.02643
1.08254
1.03922
1.17116
1.33954
1.1229
1.19153
1.03986
1.02629
1.02498
1.19695
1.02784
1.12425
1.27176
1.19441
1.03328
1.2232
1.02498
1.18229
1.0888
1.03181
1.02498
1.04001
1.19966
1.02498
1.20029
1.05538
1.32136
1.06613
1.04086
1.06952
1.22604
1.20209
1.11524
1.024
1.02498
1.02498
1.02706
1.02498
1.02498
1.02498
1.02904
1.04184
1.024
1.02618
1.0905
1.03816
1.04436
1.0453
1.07424
1.03291
1.09311
1.48125
1.22499
1.14547
1.02498
1.024
1.04058
1.02498
1.17244
1.26052
1.024
1.03516
1.09321
1.0405
1.024
1.024
1.60775
1.08016
1.02964
1.024
1.024
1.0261
1.13868
1.0959
1.29599
1.07065
1.0918
1.02836
1.25685
1.02603
1.08619
1.36367
1.32816
1.1233
1.08735
1.02498
1.02498
1.05385
1.02498
1.02498
1.02807
1.02498
1.024
1.2067
1.02498
1.024
1.1161
1.024
1.03302
1.24151
1.16622
1.024
1.17848
1.0914
1.50763
1.02498
1.02913
1.024
1.02498
1.024
1.024
1.29454
1.5508
1.24618
1.17785
1.024
1.04389
1.03063
1.02498
1.024
1.03064
1.03608
1.22261
1.10027
1.41356
1.03371
1.18466
1.08862
1.07148
1.024
1.1984
1.02498
1.06064
1.62896
1.02833
1.22878
1.03077
1.024
1.06449
1.15624
1.61434
1.02624
1.024
1.02498
1.34672
1.18003
1.3263
1.02498
1.06625
1.024
1.15452
1.02498
1.03616
1.024
1.05394
1.04386
1.024
1.09974
1.024
1.30638
1.024
1.04625
1.05598
1.08016
1.024
1.14168
1.03968
1.03795
1.07788
1.03644
1.05159
1.02611
1.02878
1.20588
1.11511
1.12408
1.10651
1.024
1.02498
1.1156
1.02498
1.029
1.21829
1.2371
1.23542
1.04696
1.07063
1.7657
1.32477
1.0253
1.02654
1.04175
1.15675
1.15433
1.02498
1.02649
1.02605
1.02498
1.024
1.02732
1.024
1.024
1.34539
1.024
1.024
1.09232
1.0313
1.02498
1.15659
1.02498
1.09302
1.024
1.024
1.03963
1.024
1.03791
1.02653
1.02855
1.024
1.024
1.10305
1.71861
1.05831
1.3577
1.14273
1.45001
1.03907
1.44088
1.1445
1.18516
1.04755
1.024
1.04362
1.26374
1.024
1.20298
0.820013
0.910391
0.8192
0.859433
0.856725
1.17807
0.851769
1.1912
0.921979
1.27345
0.918118
1.13458
0.836853
0.983875
0.884989
0.835584
1.16825
0.819689
1.0152
0.819689
0.82725
0.896662
0.842846
1.33935
0.889103
0.90761
1.42347
0.881089
1.13954
0.82787
1.12309
1.05688
0.906864
0.955163
0.892321
0.894679
1.10482
1.61074
0.991174
0.881612
0.825515
1.22567
0.858407
0.942627
0.837115
0.819689
0.828258
0.875846
0.862703
1.28891
1.19691
0.9398
0.874733
0.93891
1.1823
1.07361
0.9989
0.976639
0.923738
0.988776
1.05878
0.864301
1.4064
0.992342
1.28067
1.18434
0.822723
0.987268
0.819689
0.825195
0.822226
0.819689
0.824024
0.841307
0.846017
0.960545
0.894532
1.10291
1.12094
0.862125
1.05999
0.89237
1.1816
0.82431
0.856663
0.999122
0.819689
1.24305
0.866262
0.903597
1.06186
0.965679
1.05293
0.832087
0.842487
0.989363
0.819689
0.897613
1.01902
1.03625
1.17906
1.26196
0.84656
0.84029
0.819689
0.824102
0.945057
1.23905
1.26597
1.11728
0.981422
0.904303
1.101
1.3399
1.06578
1.20569
1.01186
0.930246
1.31444
0.85739
0.825222
0.825705
0.871773
1.17218
1.20272
0.903533
1.14726
0.824825
0.99426
0.849446
0.878772
0.931188
1.47293
0.899872
0.880048
0.827507
0.889758
0.825851
0.872448
1.12807
1.00585
0.904091
1.0526
0.916222
1.83169
0.819689
0.825689
0.896561
0.919455
0.819689
1.11225
1.12543
0.913021
1.16268
1.0417
0.945963
0.835601
0.930474
0.824165
0.840527
0.82045
1.18946
1.22507
1.33081
1.05162
0.906747
0.893007
0.922436
0.824711
0.823788
0.890455
0.971867
0.826644
0.862413
0.870249
1.24089
0.947638
0.947107
0.840086
0.875123
1.25746
0.979781
0.915774
1.16418
1.1489
0.826726
0.825064
0.830595
0.983847
1.47313
0.898312
0.821236
0.975888
0.840469
0.82701
0.948777
0.819689
0.918939
1.01019
0.888027
0.867764
0.819689
0.878916
0.823098
0.992362
1.13151
0.868588
0.864031
0.960635
0.923948
0.911893
0.972788
0.937309
0.941028
0.959211
0.867528
0.885441
1.10708
0.874779
0.832749
0.965389
0.958277
1.15017
0.823713
0.953597
0.881925
0.82603
0.829076
0.902529
0.873011
0.83545
0.846056
0.847037
0.84687
0.857757
0.873011
1.21087
0.819689
1.07009
0.911803
0.823751
1.03435
0.958918
0.918497
0.894221
0.892261
0.836611
0.833029
0.819689
0.82315
0.822193
1.27617
0.950772
0.823291
0.827108
0.838272
1.07853
1.05343
0.878711
1.22954
0.819703
0.93779
0.838532
0.838899
0.854502
0.897398
0.849076
0.832551
0.819689
1.01875
0.893161
0.857377
0.831108
1.05412
0.828254
1.34466
1.24758
0.942764
1.0982
0.951579
0.83045
0.923277
0.911897
0.961538
1.4656
1.31675
1.06703
1.36561
0.839687
1.01525
0.964567
0.991275
0.928571
1.0309
0.867631
0.890653
0.876109
0.894129
0.890109
0.864575
0.836076
0.826912
0.954161
0.8192
1.38373
0.868445
0.8192
1.00745
1.2969
1.04735
1.07333
1.29248
0.860714
0.955998
0.89802
0.836788
0.819966
0.835779
1.61883
1.04531
0.921405
1.13692
0.82297
1.01317
1.02978
0.82234
0.94331
0.872686
1.34311
0.934323
0.945723
0.8192
1.11251
1.08365
0.999815
1.14732
1.06746
1.33521
0.868789
0.861689
0.819689
0.820865
0.8192
0.856687
0.939112
1.10554
0.897196
0.853592
1.07649
1.23246
0.950137
0.995477
1.0199
1.27488
0.860357
1.03897
0.820403
0.876543
1.08351
0.955438
0.830486
1.08273
1.17229
1.14924
0.819689
0.906286
0.890579
1.12233
1.09044
0.925603
0.819689
0.827873
0.8192
1.24727
0.81992
0.823088
0.994292
0.893836
0.838667
0.827913
0.978567
0.960601
0.831429
0.922288
1.05115
0.867653
0.971015
0.981289
0.828046
0.819689
1.02689
1.09282
0.836958
1.13114
1.34768
0.985345
1.00641
0.910945
1.15491
0.923465
1.13436
0.893815
1.31474
0.858882
0.846674
0.99921
0.928184
0.870903
1.09829
0.888146
0.889313
1.07082
1.12051
0.845677
0.921647
1.03833
0.874321
1.1971
1.01499
1.26346
1.60283
0.991203
1.06232
0.903212
0.927217
0.823586
0.819689
1.17704
1.02462
1.07914
1.16278
0.924762
0.8192
0.828298
0.95771
0.935572
0.885532
1.10325
0.907898
1.18348
0.819689
0.883043
1.04938
1.01422
0.819689
1.00415
1.04227
0.910304
1.24816
0.84574
0.922888
0.896163
0.928274
1.46082
0.827729
1.25907
0.820482
0.848444
1.22098
1.18017
0.846248
0.969804
0.914029
0.819689
0.900613
0.887884
0.820391
1.00104
0.939984
1.34226
1.1561
1.08188
0.942083
1.00607
0.830887
0.844281
0.823511
1.061
0.888668
0.99537
0.908631
1.03588
0.865342
1.02255
1.03437
1.19968
0.998935
0.905995
1.17379
1.59087
0.866992
0.897717
1.03123
0.888131
0.824073
1.05441
1.14213
1.28901
1.05745
0.846877
0.945798
1.06487
1.23544
0.84492
0.864745
0.874286
1.35416
1.38221
0.962468
0.825752
0.978111
0.865324
1.10998
1.49256
1.01699
0.838476
0.881142
0.883172
0.975246
0.828563
0.819689
1.13211
0.840286
0.826604
1.00559
1.09604
1.1504
0.922076
1.01412
0.902069
0.883405
0.879671
1.28393
1.02889
0.85784
1.03519
1.01116
1.1795
1.09928
1.27315
0.819689
1.01776
0.829752
1.0904
0.913184
1.12587
1.09688
1.03189
0.837379
1.05919
0.822042
1.34524
0.819689
0.959369
1.14762
1.28796
0.895275
1.2572
0.821
1.00303
0.944644
0.885134
1.29387
0.825255
0.886631
0.819974
0.923028
0.914411
1.12118
0.993281
0.839785
0.929126
1.15061
1.11698
0.829278
0.823226
1.14146
0.827607
0.844507
1.32088
0.935821
0.842724
0.912652
0.847735
1.0289
0.861585
0.933566
1.09717
0.917981
1.06596
0.819689
1.0518
0.996301
0.912693
0.827487
0.823411
0.865311
0.871803
1.10999
0.881016
0.839966
1.01725
1.15597
0.827917
0.930614
1.13275
1.02655
1.00194
0.977577
0.879053
1.04719
1.1953
1.51987
0.855459
1.10579
0.819689
0.819689
0.822982
1.07921
1.21612
1.36786
0.837411
1.41514
0.982336
0.829122
0.819689
0.923953
0.86047
0.935076
1.09119
0.820671
0.902536
1.04324
0.833637
0.819689
0.988732
1.01617
0.834819
1.00503
0.887989
0.834342
0.891142
1.2976
0.930929
1.0659
0.85083
1.18694
0.8192
0.908207
0.91775
1.09047
0.917077
0.994199
1.44251
1.12725
1.27547
1.32532
1.19914
0.88607
1.03888
0.890181
0.837045
1.06529
0.882019
1.03443
1.16797
0.920724
1.21755
1.41455
0.958306
1.35706
0.914453
1.20354
0.853243
0.871454
0.819689
1.55345
0.899961
0.821925
0.865743
1.06743
0.879192
0.819811
1.04287
0.987078
1.04199
0.91902
1.11981
1.033
1.04354
0.821449
0.960181
0.976351
0.8192
0.989011
0.823842
1.01224
1.07299
0.967169
1.02808
0.850732
1.07471
0.856554
1.30928
0.873056
0.931001
0.821522
0.819771
0.82204
1.43825
0.824375
0.819689
1.02176
1.28322
1.12249
0.819689
1.06953
1.07914
0.916978
0.825798
0.85421
1.14381
0.957108
0.956282
1.10882
1.4574
1.17337
1.18685
0.94633
1.00083
0.841879
0.923087
1.11206
0.82637
0.843212
1.24389
0.853458
0.911817
0.819689
0.834245
0.903638
0.82349
1.13234
0.846283
0.934685
1.17117
1.34511
0.940694
0.837132
1.35913
1.33392
1.00081
1.05222
0.978622
0.8192
1.14885
0.979413
1.26855
0.820552
1.27268
1.32112
0.819689
0.999391
0.832549
0.819689
1.07222
0.976058
1.13297
1.33048
0.822032
0.863622
0.824749
0.838995
1.17975
1.00878
0.949697
0.970922
0.87853
0.823308
0.863773
0.97563
0.934804
1.23268
0.820458
0.882539
0.90775
0.974135
0.822153
0.867116
1.56813
0.819689
1.00646
0.939505
0.81969
1.11173
0.819689
0.917029
0.925107
0.836203
0.925496
0.819689
1.0898
0.913743
1.01477
1.01121
1.18748
0.942983
0.829665
1.18682
0.850266
0.835182
0.822874
1.15108
0.874208
0.829984
0.991468
0.866724
0.908955
0.821658
0.973929
1.03853
1.15429
0.895105
1.36147
1.06484
0.976514
1.09179
0.931465
0.822872
0.824311
0.819689
0.927976
0.843754
1.01681
0.976874
1.14815
0.959418
0.819689
0.82065
1.12978
1.30943
1.08937
0.881393
0.844385
1.29247
1.07676
0.944249
0.846188
0.819689
0.937768
0.8192
1.29491
0.865834
1.12103
0.87801
1.10791
0.847736
1.38498
0.842381
1.5778
0.821845
0.84436
1.05066
0.914377
1.05641
0.822207
0.906918
0.822784
1.08515
0.924356
0.851594
0.819689
0.840214
1.02074
0.907341
0.868398
1.01098
1.18266
1.14332
0.931174
1.11553
0.907415
1.562
1.04354
0.819689
0.823094
0.833285
1.02009
0.819689
0.870137
1.1195
0.835774
1.21562
0.830735
1.04587
1.07064
1.34947
1.25579
1.46892
0.988938
1.09124
0.820581
0.850997
0.898707
1.46069
0.864843
0.96544
1.45639
1.01716
0.861371
1.09038
0.828061
0.937138
0.936788
1.02983
1.06799
1.08895
1.10286
0.919362
0.866208
0.930112
1.09232
0.970419
0.869827
0.858195
0.831338
0.848356
0.896055
0.943725
0.946454
0.819689
1.11234
1.07851
1.06754
0.965243
1.12841
1.27891
0.841455
1.03415
0.819689
0.819689
0.856695
1.16879
0.861553
0.819689
1.18571
1.0595
1.02154
1.2184
0.843453
1.3142
0.862841
0.85231
0.896544
0.98089
0.93996
1.0609
0.843421
1.13281
0.819689
1.04689
1.11659
0.82235
1.07982
0.987903
0.861818
0.829632
1.61818
0.842365
0.887927
0.901843
1.33906
0.892657
0.957175
1.29243
1.0342
0.903311
1.11661
0.840822
1.02698
0.895923
1.45964
0.819929
0.869664
0.907944
0.86191
0.86368
0.883036
0.880971
1.05671
1.18077
1.21188
0.908252
1.112
0.980725
0.831894
0.992894
0.902096
0.947452
0.907676
0
0
0
0
0
0
0
0
0
0
0
0
0
0
0
0
0
0
0
0
0
0
0
0
0
0
0
0
0
0
0
0
0
0
0
0
0
0
0
0
0
0
0
0
0
0
0
0
0
0
0
0
0
0
0
0
0
0
0
0
0
0
0
0
0
0
0
0
0
0
0
0
0
0
0
0
0
0
0
0
0
0
0
0
0
0
0
0
0
0
0
0
0
0
0
0
0
0
0
0
0
0
0
0
0
0
0
0
0
0
0
0
0
0
0
0
0
0
0
0
0
0
0
0
0
0
0
0
0
0
0
0
0
0
0
0
0
0
0
0
0
0
0
0
0
0
0
0
0
0
0
0
0
0
0
0
0
0
0
0
0
0
0
0
0
0
0
0
0
0
0
0
0
0
0
0
0
0
0
0
0
0
0
0
0
0
0
0
0
0
0
0
0
0
0
0
0
0
0
0
0
0
0
0
0
0
0
0
0
0
0
0
0
0
0
0
0
0
0
0
0
0
0
0
0
0
0
0
0
0
0
0
0
0
0
0
0
0
0
0
0
0
0
0
0
0
0
0
0
0
0
0
0
0
0
0
0
0
0
0
0
0
0
0
0
0
0
0
0
0
0
0
0
0
0
0
0
0
0
0
0
0
0
0
0
0
0
0
0
0
0
0
0
0
0
0
0
0
0
0
0
0
0
0
0
0
0
0
0
0
0
0
0
0
0
0
0
0
0
0
0
0
0
0
0
0
0
0
0
0
0
0
0
0
0
0
0
0
0
0
0
0
0
0
0
0
0
0
0
0
0
0
0
0
0
0
0
0
0
0
0
0
0
0
0
0
0
0
0
0
0
0
0
0
0
0
0
0
0
0
0
0
0
0
0
0
0
0
0
0
0
0
0
0
0
0
0
0
0
0
0
0
0
0
0
0
0
0
0
0
0
0
0
0
0
0
0
0
0
0
0
0
0
0
0
0
0
0
0
0
0
0
0
0
0
0
0
0
0
0
0
0
0
0
0
0
0
0
0
0
0
0
0
0
0
0
0
0
0
0
0
0
0
0
0
0
0
0
0
0
0
0
0
0
0
0
0
0
0
0
0
0
0
0
0
0
0
0
0
0
0
0
0
0
0
0
0
0
0
0
0
0
0
0
0
0
0
0
0
0
0
0
0
0
0
0
0
0
0
0
0
0
0
0
0
0
0
0
0
0
0
0
0
0
0
0
0
0
0
0
0
0
0
0
0
0
0
0
0
0
0
0
0
0
0
0
0
0
0
0
0
0
0
0
0
0
0
0
0
0
0
0
0
0
0
0
0
0
0
0
0
0
0
0
0
0
0
0
0
0
0
0
0
0
0
0
0
0
0
0
0
0
0
0
0
0
0
0
0
0
0
0
0
0
0
0
0
0
0
0
0
0
0
0
0
0
0
0
0
0
0
0
0
0
0
0
0
0
0
0
0
0
0
0
0
0
0
0
0
0
0
0
0
0
0
0
0
0
0
0
0
0
0
0
0
0
0
0
0
0
0
0
0
0
0
0
0
0
0
0
0
0
0
0
0
0
0
0
0
0
0
0
0
0
0
0
0
0
0
0
0
0
0
0
0
0
0
0
0
0
0
0
0
0
0
0
0
0
0
0
0
0
0
0
0
0
0
0
0
0
0
0
0
0
0
0
0
0
0
0
0
0
0
0
0
0
0
0
0
0
0
0
0
0
0
0
0
0
0
0
0
0
0
0
0
0
0
0
0
0
0
0
0
0
0
0
0
0
0
0
0
0
0
0
0
0
0
0
0
0
0
0
0
0
0
0
0
0
0
0
0
0
0
0
0
0
0
0
0
0
0
0
0
0
0
0
0
0
0
0
0
0
0
0
0
0
0
0
0
0
0
0
0
0
0
0
0
0
0
0
0
0
0
0
0
0
0
0
0
0
0
0
0
0
0
0
0
0
0
0
0
0
0
0
0
0
0
0
0
0
0
0
0
0
0
0
0
0
0
0
0
0
0
0
0
0
0
0
0
0
0
0
0
0
0
0
0
0
0
0
0
0
0
0
0
0
0
0
0
0
0
0
0
0
0
0
0
0
0
0
0
0
0
0
0
0
0
0
0
0
0
0
0
0
0
0
0
0
0
0
0
0
0
0
0
0
0
0
0
0
0
0
0
0
0
0
0
0
0
0
0
0
0
0
0
0
0
0
0
0
0
0
0
0
0
0
0
0
0
0
0
0
0
0
0
0
0
0
0
0
0
0
0
0
0
0
0
0
0
0
0
0
0
0
0
0
0
0
0
0
0
0
0
0
0
0
0
0
0
0
0
0
0
0
0
0
0
0
0
0
0
0
0
0
0
0
0
0
0
0
0
0
0
0
0
0
0
0
0
0
0
0
0
0
0
0
0
0
0
0
0
0
0
0
0
0
0
0
0
0
0
0
0
0
0
0
0
0
0
0
0
0
0
0
0
0
0
0
0
0
0
0
0
0
0
0
0
0
0
0
0
0
0
0
0
0
0
0
0
0
0
0
0
0
0
0
0
0
0
0
0
0
0
0
0
0
0
0
0
0
0
0
0
0
0
0
0
0
0
0
0
0
0
0
0
0
0
0
0
0
0
0
0
0
0
0
0
0
0
0
0
0
0
0
0
0
0
0
0
0
0
0
0
0
0
0
0
0
0
0
0
0
0
0
0
0
0
0
0
0
0
0
0
0
0
0
0
0
0
0
0
0
0
0
0
0
0
0
0
0
0
0
0
0
0
0
0
0
0
0
0
0
0
0
0
0
0
0
0
0
0
0
0
0
0
0
0
0
0
0
0
0
0
0
0
0
0
0
0
0
0
0
0
0
0
0
0
0
0
0
0
0
0
0
0
0
0
0
0
0
0
0
0
0
0
0
0
0
0
0
0
0
0
0
0
0
0
0
0
0
0
0
0
0
0
0
0
0
0
0
0
0
0
0
0
0
0
0
0
0
0
0
0
0
0
0
0
0
0
0
0
0
0
0
0
0
0
0
0
0
0
0
0
0
0
0
0
0
0
0
0
0
0
0
0
0
0
0
0
0
0
0
0
0
0
0
0
0
0
0
0
0
0
0
0
0
0
0
0
0
0
0
0
0
0
0
0
0
0
0
0
0
0
0
0
0
0
0
0
0
0
0
0
0
0
0
0
0
0
0
0
0
0
0
0
0
0
0
0
0
0
0
0
0
0
0
0
0
0
0
0
0
0
0
0
0
0
0
0
0
0
0
0
0
0
0
0
0
0
0
0
0
0
0
0
0
0
0
0
0
0
0
0
0
0
0
0
0
0
0
0
0
0
0
0
0
0
0
0
0
0
0
0
0
0
0
0
0
0
0
0
0
0
0
0
0
0
0
0
0
0
0
0
0
0
0
0
0
0
0
0
0
0
0
0
0
0
0
0
0
0
0
0
0
0
0
0
0
0
0
0
0
0
0
0
0
0
0
0
0
0
0
0
0
0
0
0
0
0
0
0
0
0
0
0
0
0
0
0
0
0
0
0
0
0
0
0
0
0
0
0
0
0
0
0
0
0
0
0
0
0
0
0
0
0
0
0
0
0
0
0
0
0
0
0
0
0
0
0
0
0
0
0
0
0
0
0
0
0
0
0
0
0
0
0
0
0
0
0
0
0
0
0
0
0
0
0
0
0
0
0
0
0
0
0
0
0
0
0
0
0
0
0
0
0
0
0
0
0
0
0
0
0
0
0
0
0
0
0
0
0
0
0
0
0
0
0
0
0
0
0
0
0
0
0
0
0
0
0
0
0
0
0
0
0
0
0
0
0
0
0
0
0
0
0
0
0
0
0
0
0
0
0
0
0
0
0
0
0
0
0
0
0
0
0
0
0
0
0
0
0
0
0
0
0
0
0
0
0
0
0
0
0
0
0
0
0
0
0
0
0
0
0
0
0
0
0
0
0
0
0
0
0
0
0
0
0
0
0
0
0
0
0
0
0
0
0
0
0
0
0
0
0
0
0
0
0
0
0
0
0
0
0
0
0
0
0
0
0
0
0
0
0
0
0
0
0
0
0
0
0
0
0
0
0
0
0
0
0
0
0
0
0
0
0
0
0
0
0
0
0
0
0
0
0
0
0
0
0
0
0
0
0
0
0
0
0
0
0
0
0
0
0
0
0
0
0
0
0
0
0
0
0
0
0
0
0
0
0
0
0
0
0
0
0
0
0
0
0
0
0
0
0
0
0
0
0
0
0
0
0
0
0
0
0
0
0
0
0
0
0
0
0
0
0
0
0
0
0
0
0
0
0
0
0
0
0
0
0
0
0
0
0
0
0
0
0
0
0
0
0
0
0
0
0
0
0
0
0
0
0
0
0
0
0
0
0
0
0
0
0
0
0
0
0
0
0
0
0
0
0
0
0
0
0
0
0
0
0
0
0
0
0
0
0
0
0
0
0
0
0
0
0
0
0
0
0
0
0
0
0
0
0
0
0
0
0
0
0
0
0
0
0
0
0
0
0
0
0
0
0
0
0
0
0
0
0
0
0
0
