0
0
0
0
0
0
0
0
0
0
0
0
0
0
0
0
0
0
0
0
0
0
0
0
0
0
0
0
0
0
0
0
0
0
0
0
0
0
0
0
0
0
0
0
0
0
0
0
0
0
0
0
0
0
0
0
0
0
0
0
0
0
0
0
0
0
0
0
0
0
0
0
0
0
0
0
0
0
0
0
0
0
0
0
0
0
0
0
0
0
0
0
0
0
0
0
0
0
0
0
0
0
0
0
0
0
0
0
0
0
0
0
0
0
0
0
0
0
0
0
0
0
0
0
0
0
0
0
0
0
0
0
0
0
0
0
0
0
0
0
0
0
0
0
0
0
0
0
0
0
0
0
0
0
0
0
0
0
0
0
0
0
0
0
0
0
0
0
0
0
0
0
0
0
0
0
0
0
0
0
0
0
0
0
0
0
0
0
0
0
0
0
0
0
0
0
0
0
0
0
0
0
0
0
0
0
0
0
0
0
0
0
0
0
0
0
0
0
0
0
0
0
0
0
0
0
0
0
0
0
0
0
0
0
0
0
0
0
0
0
0
0
0
0
0
0
0
0
0
0
0
0
0
0
0
0
0
0
0
0
0
0
0
0
0
0
0
0
0
0
0
0
0
0
0
0
0
0
0
0
0
0
0
0
0
0
0
0
0
0
0
0
0
0
0
0
0
0
0
0
0
0
0
0
0
0
0
0
0
0
0
0
0
0
0
0
0
0
0
0
0
0
0
0
0
0
0
0
0
0
0
0
0
0
0
0
0
0
0
0
0
0
0
0
0
0
0
0
0
0
0
0
0
0
0
0
0
0
0
0
0
0
0
0
0
0
0
0
0
0
0
0
0
0
0
0
0
0
0
0
0
0
0
0
0
0
0
0
0
0
0
0
0
0
0
0
0
0
0
0
0
0
0
0
0
0
0
0
0
0
0
0
0
0
0
0
0
0
0
0
0
0
0
0
0
0
0
0
0
0
0
0
0
0
0
0
0
0
0
0
0
0
0
0
0
0
0
0
0
0
0
0
0
0
0
0
0
0
0
0
0
0
0
0
0
0
0
0
0
0
0
0
0
0
0
0
0
0
0
0
0
0
0
0
0
0
0
0
0
0
0
0
0
0
0
0
0
0
0
0
0
0
0
0
0
0
0
0
0
0
0
0
0
0
0
0
0
0
0
0
0
0
0
0
0
0
0
0
0
0
0
0
0
0
0
0
0
0
0
0
0
0
0
0
0
0
0
0
0
0
0
0
0
0
0
0
0
0
0
0
0
0
0
0
0
0
0
0
0
0
0
0
0
0
0
0
0
0
0
0
0
0
0
0
0
0
0
0
0
0
0
0
0
0
0
0
0
0
0
0
0
0
0
0
0
0
0
0
0
0
0
0
0
0
0
0
0
0
0
0
0
0
0
0
0
0
0
0
0
0
0
0
0
0
0
0
0
0
0
0
0
0
0
0
0
0
0
0
0
0
0
0
0
0
0
0
0
0
0
0
0
0
0
0
0
0
0
0
0
0
0
0
0
0
0
0
0
0
0
0
0
0
0
0
0
0
0
0
0
0
0
0
0
0
0
0
0
0
0
0
0
0
0
0
0
0
0
0
0
0
0
0
0
0
0
0
0
0
0
0
0
0
0
0
0
0
0
0
0
0
0
0
0
0
0
0
0
0
0
0
0
0
0
0
0
0
0
0
0
0
0
0
0
0
0
0
0
0
0
0
0
0
0
0
0
0
0
0
0
0
0
0
0
0
0
0
0
0
0
0
0
0
0
0
0
0
0
0
0
0
0
0
0
0
0
0
0
0
0
0
0
0
0
0
0
0
0
0
0
0
0
0
0
0
0
0
0
0
0
0
0
0
0
0
0
0
0
0
0
0
0
0
0
0
0
0
0
0
0
0
0
0
0
0
0
0
0
0
0
0
0
0
0
0
0
0
0
0
0
0
0
0
0
0
0
0
0
0
0
0
0
0
0
0
0
0
0
0
0
0
0
0
0
0
0
0
0
0
0
0
0
0
0
0
0
0
0
0
0
0
0
0
0
0
0
0
0
0
0
0
0
0
0
0
0
0
0
0
0
0
0
0
0
0
0
0
0
0
0
0
0
0
0
0
0
0
0
0
0
0
0
0
0
0
0
0
0
0
0
0
0
0
0
0
0
0
0
0
0
0
0
0
0
0
0
0
0
0
0
0
0
0
0
0
0
0
0
0
0
0
0
0
0
0
0
0
0
0
0
0
0
0
0
0
0
0
0
0
0
0
0
0
0
0
0
0
0
0
0
0
0
0
0
0
0
0
0
0
0
0
0
0
0
0
0
0
0
0
0
0
0
0
0
0
0
0
0
0
0
0
0
0
0
0
0
0
0
0
0
0
0
0
0
0
0
0
0
0
0
0
0
0
0
0
0
0
0
0
0
0
0
0
0
0
0
0
0
0
0
0
0
0
0
0
0
0
0
0
0
0
0
0
0
0
0
0
0
0
0
0
0
0
0
0
0
0
0
0
0
0
0
0
0
0
0
0
0
0
0
0
0
0
0
0
0
0
0
0
0
0
0
0
0
0
0
0
0
0
0
0
0
0
0
0
0
0
0
0
0
0
0
0
0
0
0
0
0
0
0
0
0
0
0
0
0
0
0
0
0
0
0
0
0
0
0
0
0
0
0
0
0
0
0
0
0
0
0
0
0
0
0
0
0
0
0
0
0
0
0
0
0
0
0
0
0
0
0
0
0
0
0
0
0
0
0
0
0
0
0
0
0
0
0
0
0
0
0
0
0
0
0
0
0
0
0
0
0
0
0
0
0
0
0
0
0
0
0
0
0
0
0
0
0
0
0
0
0
0
0
0
0
0
0
0
0
0
0
0
0
0
0
0
0
0
0
0
0
0
0
0
0
0
0
0
0
0
0
0
0
0
0
0
0
0
0
0
0
0
0
0
0
0
0
0
0
0
0
0
0
0
0
0
0
0
0
0
0
0
0
0
0
0
0
0
0
0
0
0
0
0
0
0
0
0
0
0
0
0
0
0
0
0
0
0
0
0
0
0
0
0
0
0
0
0
0
0
0
0
0
0
0
0
0
0
0
0
0
0
0
0
0
0
0
0
0
0
0
0
0
0
0
0
0
0
0
0
0
0
0
0
0
0
0
0
0
0
0
0
0
0
0
0
0
0
0
0
0
0
0
0
0
0
0
0
0
0
0
0
0
0
0
0
0
0
0
0
0
0
0
0
0
0
0
0
0
0
0
0
0
0
0
0
0
0
0
0
0
0
0
0
0
0
0
0
0
0
0
0
0
0
0
0
0
0
0
0
0
0
0
0
0
0
0
0
0
0
0
0
0
0
0
0
0
0
0
0
0
0
0
0
0
0
0
0
0
0
0
0
0
0
0
0
0
0
0
0
0
0
0
0
0
0
0
0
0
0
0
0
0
0
0
0
0
0
0
0
0
0
0
0
0
0
0
0
0
0
0
0
0
0
0
0
0
0
0
0
0
0
0
0
0
0
0
0
0
0
0
0
0
0
0
0
0
0
0
0
0
0
0
0
0
0
0
0
0
0
0
0
0
0
0
0
0
0
0
0
0
0
0
0
0
0
0
0
0
0
0
0
0
0
0
0
0
0
0
0
0
0
0
0
0
0
0
0
0
0
0
0
0
0
0
0
0
0
0
0
0
0
0
0
0
0
0
0
0
0
0
0
0
0
0
0
0
0
0
0
0
0
0
0
0
0
0
0
0
0
0
0
0
0
0
0
0
0
0
0
0
0
0
0
0
0
0
0
0
0
0
0
0
0
0
0
0
0
0
0
0
0
0
0
0
0
0
0
0
0
0
0
0
0
0
0
0
0
0
0
0
0
0
0
0
0
0
0
0
0
0
0
0
0
0
0
0
0
0
0
0
0
0
0
0
0
0
0
0
0
0
0
0
0
0
0
0
0
0
0
0
0
0
0
0
0
0
0
0
0
0
0
0
0
0
0
0
0
0
0
0
0
0
0
0
0
0
0
0
0
0
0
0
0
0
0
0
0
0
0
0
0
0
0
0
0
0
0
0
0
0
0
0
0
0
0
0
0
0
0
0
0
0
0
0
0
0
0
0
0
0
0
0
0
0
0
0
0
0
0
0
0
0
0
0
0
0
0
0
0
0
0
0
0
0
0
0
0
0
0
0
0
0
0
0
0
0
0
0
0
0
0
0
0
0
0
0
0
0
0
0
0
0
0
0
0
0
0
0
0
0
0
0
0
0
0
0
0
0
0
0
0
0
0
0
0
0
0
0
0
0
0
0
0
0
0
0
0
0
0
0
0
0
0
0
0
0
0
0
0
0
0
0
0
0
0
0
0
0
0
0
0
0
0
0
0
0
0
0
0
0
0
0
0
0
0
0
0
0
0
0
0
0
0
0
0
0
0
0
0
0
0
0
0
0
0
0
0
0
0
0
0
0
0
0
0
0
0
0
0
0
0
0
0
0
0
0
0
0
0
0
0
0
0
0
0
0
0
0
0
0
0
0
0
1.31926
1.024
1.08903
1.31636
1.02985
1.20917
1.02498
1.024
1.06893
1.2011
1.024
1.02498
1.03233
1.15132
1.09369
1.02498
1.024
1.04006
1.09392
1.024
1.02825
1.02898
1.024
1.024
1.02498
1.27797
1.11573
1.2151
1.024
1.32556
1.024
1.02687
1.04025
1.15169
1.05465
1.024
1.05026
1.02498
1.07169
1.30659
1.04918
1.16986
1.05969
1.06401
1.16825
1.07353
1.09832
1.09939
1.03731
1.1601
1.02668
1.03091
1.024
1.19328
1.024
1.40606
1.23909
1.15899
1.03248
1.02901
1.04093
1.04329
1.10145
1.02799
1.12887
1.02598
1.42301
1.02576
1.04773
1.02498
1.02992
1.17526
1.02498
1.23199
1.04024
1.19309
1.16121
1.024
1.07429
1.06054
1.024
1.03673
1.06146
1.2661
1.05534
1.024
1.0661
1.03893
1.024
1.024
1.27765
1.04495
1.024
1.02673
1.05015
1.13034
1.024
1.024
1.024
1.06311
1.024
1.024
1.03701
1.0895
1.18932
1.02498
1.19444
1.19851
1.42249
1.39677
1.04675
1.31759
1.02498
1.05407
1.18977
1.35412
1.04461
1.09326
1.02868
1.04634
1.02498
1.43621
1.02498
1.12632
1.48877
1.02498
1.06285
1.024
1.024
1.09509
1.27108
1.32483
1.21805
1.18165
1.024
1.025
1.024
1.02498
1.13017
1.42653
1.05195
1.32757
1.02687
1.08691
1.024
1.17909
1.02682
1.32206
1.17966
1.20598
1.024
1.46765
1.13552
1.06542
1.024
1.03751
1.024
1.024
1.02498
1.024
1.02981
1.16286
1.06371
1.03394
1.03111
1.024
1.024
1.15069
1.02498
1.03329
1.03398
1.02767
1.03328
1.02815
1.024
1.33115
1.07062
1.14566
1.02498
1.11686
1.03948
1.024
1.13778
1.06359
1.03931
1.024
1.10368
1.024
1.23402
1.33177
1.02747
1.07292
1.03087
1.02498
1.06647
1.024
1.17543
1.02845
1.02933
1.05523
1.02498
1.02498
1.024
1.02498
1.13575
1.07724
1.28961
1.04438
1.024
1.26736
1.63595
1.024
1.05735
1.05454
1.43064
1.024
1.04266
1.31967
1.02585
1.21381
1.024
1.02498
1.05052
1.10372
1.605
1.04211
1.02729
1.44971
1.04351
1.02773
1.0293
1.02766
1.03185
1.12639
1.1795
1.07038
1.05893
1.02498
1.02915
1.02498
1.0278
1.02498
1.40764
1.07777
1.14171
1.03213
1.024
1.07175
1.10711
1.07713
1.04893
1.03201
1.16484
1.02498
1.09869
1.11109
1.22706
1.03882
1.31104
1.024
1.22069
1.024
1.024
1.03012
1.15854
1.29531
1.03513
1.024
1.27763
1.4337
1.25452
1.06396
1.49689
1.26312
1.02583
1.34069
1.024
1.03079
1.024
1.04443
1.02498
1.30751
1.04602
1.03325
1.12151
1.26092
1.024
1.39438
1.02873
1.03703
1.2432
1.22903
1.02498
1.3864
1.02498
1.10076
1.024
1.57209
1.24243
1.6693
1.024
1.04188
1.15225
1.02498
1.04044
1.11994
1.16265
1.02966
1.29186
1.024
1.11322
1.02711
1.02498
1.10358
1.04411
1.06335
1.02498
1.02838
1.02741
1.02498
1.15262
1.04464
1.02709
1.024
1.02498
1.024
1.02498
1.08601
1.30664
1.02498
1.1792
1.15517
1.22784
1.02498
1.06279
1.05936
1.10241
1.04236
1.024
1.024
1.08278
1.13304
1.03123
1.32776
1.47921
1.024
1.21977
1.03989
1.03093
1.65154
1.17416
1.024
1.21696
1.10438
1.10195
1.44003
1.024
1.13524
1.26376
1.14766
1.02498
1.25083
1.54143
1.024
1.024
1.14685
1.28502
1.18668
1.33658
1.14682
1.024
1.02498
1.20956
1.15261
1.07705
1.15043
1.42725
1.024
1.10301
1.19333
1.08489
1.024
1.0342
1.41182
1.15092
1.02498
1.09705
1.02498
1.22312
1.16496
1.11372
1.02718
1.04569
1.53592
1.06266
1.02498
1.26357
1.52182
1.024
1.6266
1.05585
1.17442
1.02953
1.024
1.04725
1.024
1.12054
1.10471
1.024
1.10427
1.08905
1.024
1.03905
1.02831
1.03672
1.06479
1.07201
1.10258
1.28731
1.25851
1.024
1.34034
1.56805
1.51591
1.02612
1.41245
1.06694
1.0284
1.34261
1.024
1.024
1.02498
1.04202
1.024
1.024
1.19993
1.0264
1.28514
1.02713
1.10599
1.02871
1.09348
1.03093
1.02498
1.02498
1.02498
1.02498
1.24973
1.2679
1.024
1.024
1.06896
1.06391
1.06072
1.02588
1.11814
1.02685
1.0922
1.03906
1.03075
1.06714
1.0273
1.03654
1.024
1.03701
1.02608
1.07181
1.024
1.02996
1.03484
1.03126
1.68551
1.06839
1.02498
1.0322
1.03056
1.03811
1.03128
1.13616
1.19697
1.08943
1.39519
1.27097
1.03805
1.02498
1.03336
1.84157
1.024
1.03518
1.024
1.13633
1.02804
1.02775
1.02665
1.03172
1.12516
1.05728
1.0483
1.024
1.44634
1.024
1.02498
1.06058
1.03914
1.36889
1.04233
1.14913
1.16451
1.16522
1.05161
1.02498
1.024
1.024
1.07843
1.03952
1.06196
1.02498
1.03451
1.0258
1.12708
1.02949
1.02684
1.15131
1.03418
1.02498
1.05715
1.024
1.16713
1.02498
1.04625
1.03418
1.19881
1.024
1.02498
1.09929
1.03232
1.024
1.07296
1.11223
1.05701
1.0535
1.024
1.2972
1.02498
1.14593
1.15763
1.10165
1.25156
1.25665
1.03522
1.18756
1.024
1.024
1.52159
1.024
1.10647
1.024
1.03071
1.03356
1.02498
1.03851
1.16367
1.25779
1.21465
1.024
1.165
1.024
1.024
1.17644
1.09323
1.02498
1.03437
1.02498
1.04163
1.09677
1.16963
1.0543
1.2228
1.13719
1.02498
1.02498
1.11133
1.40459
1.02749
1.02498
1.16313
1.18275
1.02498
1.03975
1.14145
1.15157
1.024
1.02498
1.03993
1.17473
1.04299
1.49393
1.02498
1.02498
1.024
1.03281
1.0286
1.024
1.39109
1.024
1.02498
1.46931
1.024
1.08288
1.22134
1.08109
1.1067
1.03029
1.0301
1.17736
1.07278
1.024
1.02498
1.07804
1.13463
1.40062
1.02556
1.024
1.31842
1.03348
1.03056
1.024
1.02941
1.14719
1.19609
1.02498
1.55543
1.20754
1.19803
1.04929
1.024
1.07931
1.02498
1.024
1.08209
1.03452
1.17848
1.02498
1.02498
1.024
1.04036
1.04427
1.10797
1.024
1.024
1.03036
1.04428
1.02498
1.17343
1.03275
1.13756
1.27287
1.024
1.02685
1.46399
1.04718
1.03703
1.024
1.02697
1.1292
1.10201
1.024
1.15052
1.02498
1.59015
1.11844
1.09038
1.02498
1.07771
1.024
1.04711
1.024
1.024
1.19051
1.03283
1.03262
1.20267
1.03692
1.02498
1.02498
1.024
1.05567
1.024
1.03378
1.04702
1.19731
1.024
1.06096
1.34153
1.04753
1.2494
1.02498
1.02498
1.17317
1.08796
1.03022
1.14198
1.024
1.17314
1.03886
1.02498
1.02632
1.04304
1.17959
1.04848
1.024
1.31403
1.16964
1.06399
1.14443
1.0333
1.20147
1.05886
1.2116
1.024
1.14456
1.03124
1.04967
1.05067
1.02498
1.02566
1.32715
1.024
1.3639
1.04892
1.02707
1.03086
1.02725
1.18139
1.29295
1.10522
1.06679
1.21646
1.024
1.12096
1.02498
1.11307
1.02748
1.07025
1.13327
1.024
1.16139
1.05825
1.06492
1.024
1.0292
1.02498
1.39684
1.11847
1.17461
1.32433
1.10544
1.024
1.02538
1.09565
1.024
1.0573
1.15278
1.21187
1.06589
1.024
1.17662
1.04656
1.02855
1.22114
1.05264
1.23944
1.56932
1.07229
1.024
1.024
1.20346
1.27523
1.08758
1.43795
1.02664
1.02498
1.04347
1.024
1.13235
1.02498
1.4007
1.04641
1.024
1.024
1.07469
1.22563
1.15396
1.03589
1.34486
1.61788
1.21622
1.02966
1.04702
1.02498
1.02498
1.024
1.07167
1.17684
1.02722
1.024
1.06414
1.02498
1.02884
1.16376
1.024
1.24063
1.024
1.024
1.024
1.02745
1.024
1.27766
1.024
1.02801
1.02768
1.58443
1.06233
1.02952
1.024
1.02498
1.04212
1.03491
1.13327
1.02612
1.05764
1.02498
1.27853
1.02498
1.04795
1.03117
1.024
1.02498
1.03593
1.0303
1.024
1.26025
1.02498
1.03811
1.07961
1.45978
1.1837
1.06337
1.14629
1.03002
1.35406
1.09092
1.07573
1.02731
1.10255
1.44595
1.02663
1.11942
1.024
1.024
1.04649
1.1462
1.024
1.52398
1.36531
1.024
1.13216
1.03658
1.30391
1.06023
1.024
1.024
1.14458
1.02975
1.024
1.03439
1.05205
1.03552
1.11703
1.03046
1.032
1.10369
1.07505
1.31967
1.15079
1.0671
1.024
1.1008
1.0419
1.03181
1.1124
1.03809
1.02672
1.03331
1.024
1.024
1.02498
1.02498
1.02498
1.11306
1.26639
1.09935
1.02498
1.04541
1.06022
1.024
1.02498
1.02498
1.04313
1.07887
1.18919
1.024
1.02498
1.26291
1.1851
1.024
1.02498
1.07961
1.024
1.024
1.024
1.0524
1.14928
1.02911
1.02498
1.02548
1.03271
1.04761
1.02568
1.02498
1.15568
1.28801
1.02498
1.19603
1.06785
1.02883
1.64098
1.0284
1.07161
1.08805
1.03813
1.02498
1.24421
1.15815
1.02498
1.02635
1.02498
1.024
1.07148
1.42032
1.15189
1.024
1.025
1.2267
1.024
1.30531
1.06961
1.03605
1.35385
1.2461
1.02498
1.0347
1.17193
1.0928
1.16162
1.02789
1.10489
1.33762
1.024
1.02608
1.04382
1.024
1.02869
1.024
1.05438
1.02911
1.02498
1.04282
1.0594
1.024
1.02498
1.02572
1.11264
1.18562
1.33902
1.22983
1.23425
1.05381
1.03504
1.024
1.024
1.10316
1.07204
1.02498
1.06666
1.07533
1.2357
1.03526
1.14574
1.39677
0.960617
0.819689
1.05697
0.831209
0.8192
0.990646
0.905185
0.861462
0.945536
0.914169
0.822538
0.986468
0.819689
0.837867
0.969623
1.09308
0.829274
1.22507
1.00658
1.10868
0.994744
0.8192
0.948715
0.833156
0.819689
0.962318
0.943791
0.823716
1.43924
0.842387
0.962027
0.822075
0.819689
0.857248
0.96828
0.912396
1.08433
0.831522
1.19137
1.08559
1.35407
0.941358
0.886957
0.925245
1.05495
1.20604
0.832331
1.08082
1.02269
1.02259
1.12588
1.26966
0.838981
1.00566
1.2635
1.15502
1.24629
0.836233
1.09921
0.828609
0.871847
1.2223
0.835976
1.07043
0.821137
1.08074
0.827046
0.926566
1.00448
1.42623
0.941427
1.25289
0.823593
0.840046
0.8192
1.12165
1.0328
0.887917
1.11193
0.862735
1.21307
1.02622
1.35874
1.23999
0.956139
0.876801
0.849101
1.28647
1.60187
1.23422
0.995008
0.856885
0.871757
0.907333
0.894986
1.40587
0.8192
0.889443
1.13608
1.11985
1.03118
1.02517
0.886351
0.960942
0.980599
1.14864
1.06371
1.10927
1.15388
0.910763
0.845218
0.883975
1.06483
0.891571
0.852419
0.824763
1.00749
0.91508
1.1053
0.82314
0.903993
0.940642
0.819689
0.91964
0.9778
0.8192
0.931821
0.819689
1.14747
0.850353
1.01917
0.96085
1.04355
1.03378
1.05775
0.870499
1.10313
1.04792
0.824152
0.85158
0.97369
0.956457
1.14945
0.8192
0.843582
0.87832
0.91554
1.18955
0.966728
1.19338
0.945945
0.819689
1.11463
0.853734
0.873983
0.8192
1.03057
0.964203
0.8192
0.827466
0.995197
0.830257
0.836878
1.18548
1.10925
0.846084
0.8192
0.856151
0.870784
1.22625
0.953163
0.972453
0.965937
0.971533
0.826754
0.888978
0.879958
0.83936
0.832265
0.820339
0.819689
1.07659
0.874081
1.12205
1.04053
1.06277
1.1094
0.898285
0.8192
1.17342
0.978415
0.861094
1.0063
0.948645
0.819689
0.819689
1.19279
0.867199
0.852933
0.821849
0.836206
0.819689
0.824832
1.18273
1.27669
0.828835
0.850538
1.27851
0.862907
0.820789
1.08753
0.964061
0.882487
0.823633
1.13373
0.819689
0.8192
0.938749
0.879206
0.8192
0.838053
0.825691
0.86049
0.836465
0.840939
0.839581
0.849888
1.08317
1.40314
0.922286
0.987111
0.827776
1.23091
1.01244
1.04377
0.856253
0.920597
0.963481
1.10873
0.989721
0.884549
0.832897
0.890714
0.819689
1.06562
0.852316
0.908641
0.975189
0.849217
0.955733
1.04183
0.867765
0.8192
0.823831
0.842723
1.29489
0.867598
1.11982
1.01379
0.9373
0.960409
0.819689
0.918241
1.07837
0.967155
1.00203
0.819689
0.819689
0.989613
1.28952
0.8192
0.819689
0.838509
1.0569
0.8192
0.820423
1.1999
0.821296
0.866908
0.998592
0.929485
0.857338
0.940743
0.877572
1.02626
1.59786
0.82602
0.858411
0.8238
0.850198
0.949145
0.820862
0.820847
0.841595
1.21788
0.98811
0.840972
1.05299
0.82131
0.831093
0.834965
0.919623
1.01272
0.821759
1.09449
0.867456
1.00349
1.16607
0.892749
0.879673
1.19738
1.23458
0.819689
1.06293
0.823001
0.819689
0.831414
0.829547
1.00806
1.18627
0.838185
0.840677
0.962473
0.820834
0.839961
0.819689
0.898989
0.910013
1.0929
1.11758
0.819689
0.916956
0.877779
0.935353
1.19715
0.99858
0.932405
1.15387
0.855622
1.01558
0.822007
0.887428
0.848933
0.866241
0.929918
0.980296
0.833858
0.829249
0.867215
0.826706
0.960396
1.29858
0.830744
1.00251
1.15921
1.01305
1.03221
1.08941
1.07545
0.831421
0.837519
0.819689
0.881765
0.906632
0.823134
1.22246
0.983392
0.886071
0.856336
0.839887
0.819689
0.994135
1.45749
0.871641
0.883803
0.842404
0.86003
0.820779
1.05828
0.819689
1.17224
0.99991
0.823421
0.949013
1.20644
0.8192
0.904628
1.09589
0.819689
0.820838
0.82581
0.937361
0.927544
0.862932
0.831678
0.819689
0.819689
0.86581
0.93839
0.849518
1.09904
1.39357
0.819689
1.18743
1.11041
0.8192
0.875695
0.819689
1.25525
1.27502
1.21172
0.929989
0.837521
1.12307
0.961047
0.82495
0.834725
1.55948
1.14473
0.986773
0.901203
1.00111
0.997892
0.819689
0.882142
1.25481
0.819689
0.865318
1.09362
0.819689
1.26612
0.870652
0.819689
0.8192
0.839804
1.09479
1.23332
1.15106
1.0321
1.06926
1.18478
1.05216
0.828238
1.04311
0.845423
0.866377
1.06681
0.852307
0.826374
0.937675
0.90551
0.819689
1.29497
1.12697
0.984745
0.920918
1.28733
0.823903
0.8192
0.877099
0.984813
0.821717
1.36475
0.857618
1.15257
0.830523
0.987308
0.871541
0.857757
0.867575
0.836855
1.02902
0.882704
1.00288
0.988479
0.852336
0.899037
0.823478
1.1175
0.8192
0.921977
0.839991
1.06923
1.16033
1.00195
0.852603
0.970145
1.03772
1.17101
1.07424
0.819689
1.09569
0.851496
1.22626
1.47255
0.914715
0.822719
0.832202
0.819689
0.820236
1.02334
0.819689
0.951876
0.827391
0.858521
0.898899
0.840325
1.08612
1.51969
0.819689
0.838541
1.01676
1.10221
1.15205
1.00891
1.28457
0.859216
0.925706
1.29466
0.821578
0.819689
0.875717
1.06642
0.887698
0.945476
0.958757
0.829924
0.9467
0.8269
0.90238
0.823882
0.826158
0.8241
1.04036
0.949245
1.19701
0.840881
0.859455
0.835315
0.879541
0.95129
1.27649
0.868982
0.824365
1.03172
0.824973
0.962504
0.890614
0.825146
0.819689
1.14881
1.32204
0.823977
0.826395
0.988687
0.905437
0.822939
0.821016
1.0466
1.3199
1.31567
0.819689
0.943523
0.8192
1.13418
1.10113
0.829878
0.970164
0.840968
0.842596
1.18536
1.41078
0.929106
0.997414
1.0187
1.10914
0.8192
0.858015
0.852457
1.00367
0.822974
0.819689
1.07399
1.16266
0.881094
0.819984
0.945096
1.14218
1.09458
0.820025
0.819689
0.819689
0.820895
0.841634
0.876631
1.15734
1.22527
0.839976
0.909554
0.95995
1.56323
1.15621
0.853595
0.92027
1.03396
0.987994
0.847108
0.927323
1.29509
1.36409
0.930607
1.71997
0.8192
1.18423
0.959837
0.852478
1.10799
0.896238
0.822755
0.819689
0.829027
0.835746
0.842012
0.900042
0.822548
0.857738
0.819689
1.30316
0.94428
0.87499
0.931754
1.20936
0.952621
0.952831
1.22562
1.13402
1.09337
0.819689
0.94552
0.952789
0.8372
1.27748
0.858385
0.837373
1.06934
1.20017
0.869003
1.04607
0.9005
0.846817
0.991312
1.0231
0.871774
1.15901
0.847858
0.96424
0.955757
0.962106
0.825825
0.819689
0.819689
0.819689
0.864841
0.890305
0.909547
1.25425
0.963745
1.01637
0.878004
0.819689
1.38563
1.05503
0.819689
1.07446
0.978594
0.836078
1.08286
1.01505
0.821611
0.904722
1.15772
0.889407
0.884457
0.821715
1.23995
0.8192
0.8991
1.05061
0.98916
1.21551
1.16384
0.909453
0.99341
0.912309
1.52876
1.00815
0.913704
0.823841
1.0815
0.899045
0.908584
0.8192
1.04189
0.898257
0.848929
0.839483
1.41673
1.05598
0.83468
0.962304
0.857913
0.88991
1.02954
1.2442
0.885716
0.819691
0.881363
0.891223
1.04816
0.921091
1.06297
0.918389
0.883396
0.848978
0.824374
0.910192
0.874804
0.975106
0.894154
0.864129
0.942553
0.84479
1.53363
0.883556
1.00677
0.89264
0.8192
0.933154
0.825056
0.861052
0.876506
0.865858
0.923742
0.821332
1.25558
0.99836
0.819689
0.87698
0.8192
0.93373
1.01223
0.82864
0.843854
0.849348
1.18803
0.829231
1.06714
0.967231
1.0846
0.830172
0.828184
1.12767
0.916399
0.840851
1.11033
1.02137
0.820298
1.3209
0.923012
0.8192
0.833928
0.910559
0.824971
1.64294
0.978493
0.820108
1.35991
0.89394
1.27917
1.3058
1.37372
1.24677
1.61007
0.831284
0.971631
0.922405
1.19125
1.23866
0.819689
0.822384
1.22738
0.820192
1.21128
0.965307
0.887851
1.01725
0.890462
1.09656
0.86097
0.819689
1.06031
1.05725
0.83722
0.83147
0.9921
1.14725
1.00743
0.821113
0.887899
1.06778
0.865572
1.13548
1.01077
0.8192
0.857867
0.937651
1.05101
1.03691
0.856806
0.877838
1.23909
1.20596
0.83028
0.823917
1.1602
0.836863
0.944621
1.09466
0.819689
0.951603
0.819689
0.838903
1.05607
1.16346
1.06996
1.23929
1.2278
0.851118
1.11322
0.862179
0.840576
0.969844
1.3565
0.820895
1.03356
0.819689
0.913316
1.00161
0.917566
1.01932
0.857995
0.884625
1.09022
1.0788
0.819689
0.839133
0.901037
0.8192
1.11042
0.819896
0.876638
1.18186
0.972896
1.26861
0.853424
0.887782
0.86542
0.826601
0.992789
0.819689
1.19498
0.83758
0.981253
1.08325
1.04845
0.820849
0.864364
0.88908
1.18979
0.859096
0.823184
0.846458
0.909258
0.830953
0.918485
1.1184
1.17283
0.946451
0.820698
1.37457
0.846786
1.17461
0.846173
0.866177
0.947525
1.03247
1.05089
1.04235
0.8192
1.50946
0.909548
0.819689
0.8192
0.887886
1.02752
0.823509
0.831198
0.990832
0.86074
0.955236
0.93109
0.827153
1.77212
0.825312
1.0165
1.49201
0.923302
0.8192
0.976256
1.34336
0.904506
1.12746
0.844676
1.13207
1.14576
0.819689
0.819689
1.37622
0.927562
0.820104
0.826912
0.819689
1.65174
1.00562
0.820972
0.942762
0.84345
0.853146
1.06512
1.21622
1.24171
0.830965
0.952103
0.82353
1.12455
0.858277
0.833545
1.04048
1.07207
1.26773
1.19919
0.931546
1.28055
0.924446
0.868486
0.823253
1.19678
0.892464
1.43167
0.901919
1.11771
0.867555
1.22582
0.951791
1.11476
0.872282
0.84054
1.22708
0.979603
0.819689
0.965728
0.819689
0.920239
0.981494
1.19463
1.0242
1.31695
0.8223
1.09065
1.01134
1.18864
0.836722
0.876076
0.959374
0.942715
0.960757
0.819689
1.06416
1.04481
0.846232
0.879259
0.940239
1.15947
1.08225
1.09477
0.860263
0.834465
1.04259
0.8192
0.84147
