0
0
0
0
0
0
0
0
0
0
0
0
0
0
0
0
0
0
0
0
0
0
0
0
0
0
0
0
0
0
0
0
0
0
0
0
0
0
0
0
0
0
0
0
0
0
0
0
0
0
0
0
0
0
0
0
0
0
0
0
0
0
0
0
0
0
0
0
0
0
0
0
0
0
0
0
0
0
0
0
0
0
0
0
0
0
0
0
0
0
0
0
0
0
0
0
0
0
0
0
0
0
0
0
0
0
0
0
0
0
0
0
0
0
0
0
0
0
0
0
0
0
0
0
0
0
0
0
0
0
0
0
0
0
0
0
0
0
0
0
0
0
0
0
0
0
0
0
0
0
0
0
0
0
0
0
0
0
0
0
0
0
0
0
0
0
0
0
0
0
0
0
0
0
0
0
0
0
0
0
0
0
0
0
0
0
0
0
0
0
0
0
0
0
0
0
0
0
0
0
0
0
0
0
0
0
0
0
0
0
0
0
0
0
0
0
0
0
0
0
0
0
0
0
0
0
0
0
0
0
0
0
0
0
0
0
0
0
0
0
0
0
0
0
0
0
0
0
0
0
0
0
0
0
0
0
0
0
0
0
0
0
0
0
0
0
0
0
0
0
0
0
0
0
0
0
0
0
0
0
0
0
0
0
0
0
0
0
0
0
0
0
0
0
0
0
0
0
0
0
0
0
0
0
0
0
0
0
0
0
0
0
0
0
0
0
0
0
0
0
0
0
0
0
0
0
0
0
0
0
0
0
0
0
0
0
0
0
0
0
0
0
0
0
0
0
0
0
0
0
0
0
0
0
0
0
0
0
0
0
0
0
0
0
0
0
0
0
0
0
0
0
0
0
0
0
0
0
0
0
0
0
0
0
0
0
0
0
0
0
0
0
0
0
0
0
0
0
0
0
0
0
0
0
0
0
0
0
0
0
0
0
0
0
0
0
0
0
0
0
0
0
0
0
0
0
0
0
0
0
0
0
0
0
0
0
0
0
0
0
0
0
0
0
0
0
0
0
0
0
0
0
0
0
0
0
0
0
0
0
0
0
0
0
0
0
0
0
0
0
0
0
0
0
0
0
0
0
0
0
0
0
0
0
0
0
0
0
0
0
0
0
0
0
0
0
0
0
0
0
0
0
0
0
0
0
0
0
0
0
0
0
0
0
0
0
0
0
0
0
0
0
0
0
0
0
0
0
0
0
0
0
0
0
0
0
0
0
0
0
0
0
0
0
0
0
0
0
0
0
0
0
0
0
0
0
0
0
0
0
0
0
0
0
0
0
0
0
0
0
0
0
0
0
0
0
0
0
0
0
0
0
0
0
0
0
0
0
0
0
0
0
0
0
0
0
0
0
0
0
0
0
0
0
0
0
0
0
0
0
0
0
0
0
0
0
0
0
0
0
0
0
0
0
0
0
0
0
0
0
0
0
0
0
0
0
0
0
0
0
0
0
0
0
0
0
0
0
0
0
0
0
0
0
0
0
0
0
0
0
0
0
0
0
0
0
0
0
0
0
0
0
0
0
0
0
0
0
0
0
0
0
0
0
0
0
0
0
0
0
0
0
0
0
0
0
0
0
0
0
0
0
0
0
0
0
0
0
0
0
0
0
0
0
0
0
0
0
0
0
0
0
0
0
0
0
0
0
0
0
0
0
0
0
0
0
0
0
0
0
0
0
0
0
0
0
0
0
0
0
0
0
0
0
0
0
0
0
0
0
0
0
0
0
0
0
0
0
0
0
0
0
0
0
0
0
0
0
0
0
0
0
0
0
0
0
0
0
0
0
0
0
0
0
0
0
0
0
0
0
0
0
0
0
0
0
0
0
0
0
0
0
0
0
0
0
0
0
0
0
0
0
0
0
0
0
0
0
0
0
0
0
0
0
0
0
0
0
0
0
0
0
0
0
0
0
0
0
0
0
0
0
0
0
0
0
0
0
0
0
0
0
0
0
0
0
0
0
0
0
0
0
0
0
0
0
0
0
0
0
0
0
0
0
0
0
0
0
0
0
0
0
0
0
0
0
0
0
0
0
0
0
0
0
0
0
0
0
0
0
0
0
0
0
0
0
0
0
0
0
0
0
0
0
0
0
0
0
0
0
0
0
0
0
0
0
0
0
0
0
0
0
0
0
0
0
0
0
0
0
0
0
0
0
0
0
0
0
0
0
0
0
0
0
0
0
0
0
0
0
0
0
0
0
0
0
0
0
0
0
0
0
0
0
0
0
0
0
0
0
0
0
0
0
0
0
0
0
0
0
0
0
0
0
0
0
0
0
0
0
0
0
0
0
0
0
0
0
0
0
0
0
0
0
0
0
0
0
0
0
0
0
0
0
0
0
0
0
0
0
0
0
0
0
0
0
0
0
0
0
0
0
0
0
0
0
0
0
0
0
0
0
0
0
0
0
0
0
0
0
0
0
0
0
0
0
0
0
0
0
0
0
0
0
0
0
0
0
0
0
0
0
0
0
0
0
0
0
0
0
0
0
0
0
0
0
0
0
0
0
0
0
0
0
0
0
0
0
0
0
0
0
0
0
0
0
0
0
0
0
0
0
0
0
0
0
0
0
0
0
0
0
0
0
0
0
0
0
0
0
0
0
0
0
0
0
0
0
0
0
0
0
0
0
0
0
0
0
0
0
0
0
0
0
0
0
0
0
0
0
0
0
0
0
0
0
0
0
0
0
0
0
0
0
0
0
0
0
0
0
0
0
0
0
0
0
0
0
0
0
0
0
0
0
0
0
0
0
0
0
0
0
0
0
0
0
0
0
0
0
0
0
0
0
0
0
0
0
0
0
0
0
0
0
0
0
0
0
0
0
0
0
0
0
0
0
0
0
0
0
0
0
0
0
0
0
0
0
0
0
0
0
0
0
0
0
0
0
0
0
0
0
0
0
0
0
0
0
0
0
0
0
0
0
0
0
0
0
0
0
0
0
0
0
0
0
0
0
0
0
0
0
0
0
0
0
0
0
0
0
0
0
0
0
0
0
0
0
0
0
0
0
0
0
0
0
0
0
0
0
0
0
0
0
0
0
0
0
0
0
0
0
0
0
0
0
0
0
0
0
0
0
0
0
0
0
0
0
0
0
0
0
0
0
0
0
0
0
0
0
0
0
0
0
0
0
0
0
0
0
0
0
0
0
0
0
0
0
0
0
0
0
0
0
0
0
0
0
0
0
0
0
0
0
0
0
0
0
0
0
0
0
0
0
0
0
0
0
0
0
0
0
0
0
0
0
0
0
0
0
0
0
0
0
0
0
0
0
0
0
0
0
0
0
0
0
0
0
0
0
0
0
0
0
0
0
0
0
0
0
0
0
0
0
0
0
0
0
0
0
0
0
0
0
0
0
0
0
0
0
0
0
0
0
0
0
0
0
0
0
0
0
0
0
0
0
0
0
0
0
0
0
0
0
0
0
0
0
0
0
0
0
0
0
0
0
0
0
0
0
0
0
0
0
0
0
0
0
0
0
0
0
0
0
0
0
0
0
0
0
0
0
0
0
0
0
0
0
0
0
0
0
0
0
0
0
0
0
0
0
0
0
0
0
0
0
0
0
0
0
0
0
0
0
0
0
0
0
0
0
0
0
0
0
0
0
0
0
0
0
0
0
0
0
0
0
0
0
0
0
0
0
0
0
0
0
0
0
0
0
0
0
0
0
0
0
0
0
0
0
0
0
0
0
0
0
0
0
0
0
0
0
0
0
0
0
0
0
0
0
0
0
0
0
0
0
0
0
0
0
0
0
0
0
0
0
0
0
0
0
0
0
0
0
0
0
0
0
0
0
0
0
0
0
0
0
0
0
0
0
0
0
0
0
0
0
0
0
0
0
0
0
0
0
0
0
0
0
0
0
0
0
0
0
0
0
0
0
0
0
0
0
0
0
0
0
0
0
0
0
0
0
0
0
0
0
0
0
0
0
0
0
0
0
0
0
0
0
0
0
0
0
0
0
0
0
0
0
0
0
0
0
0
0
0
0
0
0
0
0
0
0
0
0
0
0
0
0
0
0
0
0
0
0
0
0
0
0
0
0
0
0
0
0
0
0
0
0
0
0
0
0
0
0
0
0
0
0
0
0
0
0
0
0
0
0
0
0
0
0
0
0
0
0
0
0
0
0
0
0
0
0
0
0
0
0
0
0
0
0
0
0
0
0
0
0
0
0
0
0
0
0
0
0
0
0
0
0
0
0
0
0
0
0
0
0
0
0
0
0
0
0
0
0
0
0
0
0
0
0
0
0
0
0
0
0
0
0
0
0
0
0
0
0
0
0
0
0
0
0
0
0
0
0
0
0
0
0
0
0
0
0
0
0
0
0
0
0
0
0
0
0
0
0
0
0
0
0
0
0
0
0
0
0
0
0
0
0
0
0
0
0
0
0
0
0
0
0
0
0
0
0
0
0
0
0
0
0
0
0
0
0
0
0
0
0
0
0
0
0
0
0
0
0
0
0
0
0
0
0
0
0
0
0
0
0
0
0
0
0
0
0
0
0
0
0
0
0
0
0
1.02498
1.26024
1.10181
1.06053
1.02498
1.21874
1.02738
1.61914
1.13779
1.03804
1.08836
1.03096
1.03457
1.10858
1.10177
1.09198
1.04742
1.18461
1.11299
1.02498
1.024
1.26853
1.4996
1.0304
1.11683
1.1647
1.02498
1.09014
1.0849
1.11176
1.02591
1.10283
1.10873
1.024
1.49348
1.26277
1.19714
1.04763
1.02544
1.06026
1.0948
1.024
1.07151
1.20615
1.14138
1.15167
1.16578
1.02498
1.024
1.29219
1.03247
1.03469
1.18001
1.02498
1.02498
1.38099
1.03635
1.02498
1.09039
1.04682
1.13265
1.40675
1.08648
1.07958
1.09684
1.07258
1.55219
1.22143
1.02498
1.06041
1.02498
1.02867
1.05776
1.23473
1.17627
1.12809
1.024
1.04754
1.07694
1.13239
1.03514
1.05387
1.06855
1.02498
1.19063
1.03494
1.03339
1.03319
1.28008
1.12633
1.02498
1.10835
1.06188
1.04071
1.04988
1.51439
1.15429
1.03107
1.02544
1.32499
1.02498
1.02498
1.024
1.17874
1.02744
1.02498
1.024
1.024
1.02498
1.16412
1.10331
1.03318
1.13358
1.1719
1.05329
1.12733
1.15625
1.02625
1.0267
1.26725
1.20794
1.09897
1.10905
1.03264
1.02498
1.13282
1.32471
1.05106
1.55192
1.03176
1.05088
1.10525
1.02528
1.0337
1.02498
1.03092
1.02498
1.04263
1.3913
1.02498
1.10042
1.024
1.09254
1.07831
1.05495
1.02897
1.22126
1.04062
1.22071
1.02498
1.13698
1.31006
1.21515
1.03138
1.08893
1.02498
1.04443
1.14769
1.02502
1.2998
1.19828
1.10093
1.15157
1.02498
1.18012
1.03071
1.024
1.02498
1.19962
1.03254
1.03197
1.2104
1.12418
1.39007
1.34186
1.09596
1.1997
1.1389
1.02687
1.04479
1.07086
1.42575
1.30392
1.11097
1.02815
1.36916
1.1511
1.04336
1.0947
1.02498
1.22107
1.06279
1.02557
1.16385
1.46124
1.28425
1.03127
1.03106
1.08469
1.25586
1.02498
1.10527
1.50077
1.27048
1.02498
1.14801
1.15088
1.03581
1.02498
1.024
1.02838
1.0581
1.02498
1.024
1.08214
1.02969
1.024
1.05584
1.05038
1.03035
1.02649
1.30472
1.024
1.04016
1.03829
1.0439
1.07762
1.06343
1.02767
1.52061
1.024
1.0314
1.58002
1.035
1.26407
1.16407
1.05806
1.02744
1.0286
1.02671
1.02688
1.03511
1.07207
1.20491
1.08842
1.11688
1.03275
1.08129
1.04017
1.02674
1.16785
1.02823
1.3625
1.40886
1.03391
1.024
1.07963
1.13877
1.024
1.024
1.02498
1.02855
1.09361
1.54374
1.024
1.02498
1.024
1.32185
1.18399
1.0442
1.08999
1.12508
1.16581
1.28216
1.08359
1.024
1.05449
1.06449
1.12474
1.06967
1.04899
1.07369
1.18842
1.11205
1.04054
1.03882
1.04272
1.024
1.08985
1.02498
1.12873
1.5079
1.02498
1.06122
1.02498
1.18403
1.4046
1.024
1.024
1.15934
1.024
1.03149
1.09782
1.0576
1.024
1.13942
1.03378
1.05122
1.42752
1.024
1.02498
1.02498
1.69643
1.024
1.024
1.11941
1.02882
1.024
1.21836
1.0289
1.25676
1.12397
1.31383
1.0902
1.5411
1.02498
1.15319
1.024
1.30485
1.10499
1.024
1.09589
1.39536
1.02593
1.10883
1.0475
1.05373
1.21141
1.02498
1.024
1.024
1.02636
1.53801
1.15251
1.02789
1.0403
1.15358
1.02498
1.06716
1.26291
1.024
1.1998
1.10201
1.072
1.18623
1.26169
1.02498
1.12407
1.03085
1.0338
1.02498
1.1661
1.02498
1.25659
1.024
1.03148
1.12574
1.27577
1.024
1.04656
1.04917
1.0306
1.21873
1.038
1.33809
1.024
1.51267
1.02722
1.1562
1.024
1.34169
1.02498
1.024
1.0397
1.16141
1.05979
1.08791
1.02661
1.1814
1.02498
1.04131
1.02498
1.319
1.68154
1.03457
1.08983
1.22742
1.024
1.05334
1.26721
1.02498
1.02498
1.024
1.44023
1.02498
1.36705
1.02498
1.0271
1.02498
1.02498
1.14156
1.02502
1.02643
1.04973
1.03774
1.8775
1.0294
1.0549
1.59529
1.02874
1.02671
1.02498
1.024
1.024
1.02697
1.02498
1.23435
1.07041
1.1789
1.03002
1.03092
1.02897
1.03002
1.02498
1.02498
1.37298
1.12337
1.04714
1.024
1.02498
1.36458
1.28087
1.04796
1.0254
1.29483
1.02498
1.15525
1.02498
1.09011
1.02952
1.12643
1.11639
1.43369
1.41302
1.024
1.22808
1.10499
1.02498
1.06914
1.06586
1.13397
1.28236
1.17488
1.07382
1.02498
1.18258
1.03054
1.02611
1.02532
1.04475
1.08906
1.11089
1.02498
1.04128
1.02763
1.55403
1.024
1.02498
1.32361
1.15602
1.024
1.24696
1.05581
1.05812
1.08771
1.02498
1.19331
1.15113
1.28138
1.02498
1.02998
1.02986
1.31391
1.10011
1.22322
1.07938
1.03492
1.17253
1.03781
1.09117
1.02498
1.024
1.024
1.16296
1.03014
1.02951
1.06594
1.03638
1.024
1.17807
1.04875
1.14988
1.0608
1.09727
1.08035
1.04783
1.06092
1.20173
1.02532
1.03632
1.2117
1.024
1.024
1.05715
1.06214
1.27603
1.024
1.2916
1.0881
1.07451
1.23424
1.0258
1.15926
1.19533
1.14888
1.04778
1.23238
1.07778
1.02498
1.05579
1.02498
1.024
1.13177
1.02498
1.16079
1.53064
1.13497
1.02498
1.23555
1.03047
1.024
1.02498
1.0311
1.11348
1.18695
1.16623
1.08256
1.08016
1.024
1.024
1.06809
1.2138
1.024
1.024
1.26794
1.03031
1.07315
1.02865
1.03816
1.30621
1.024
1.024
1.05091
1.23452
1.02498
1.2183
1.03378
1.024
1.14988
1.07727
1.13318
1.11775
1.02502
1.02498
1.024
1.02498
1.02498
1.2042
1.31623
1.02538
1.02498
1.024
1.04863
1.1052
1.31061
1.05532
1.02498
1.04126
1.04535
1.08039
1.024
1.17434
1.02895
1.31672
1.024
1.07868
1.024
1.24111
1.04748
1.024
1.14919
1.21422
1.3218
1.024
1.28191
1.21544
1.03671
1.14729
1.04279
1.02498
1.09178
1.02498
1.02498
1.02498
1.13184
1.02498
1.024
1.43654
1.024
1.0749
1.09588
1.024
1.03228
1.02498
1.024
1.30667
1.05155
1.03139
1.10069
1.10234
1.22117
1.07453
1.12387
1.06179
1.02498
1.04525
1.07641
1.05868
1.02921
1.05636
1.024
1.1041
1.04329
1.07521
1.04451
1.12554
1.26253
1.03739
1.02771
1.024
1.21707
1.02498
1.03594
1.02713
1.02498
1.05084
1.02498
1.09328
1.31613
1.16742
1.07286
1.04234
1.41856
1.02498
1.15263
1.05011
1.50948
1.33291
1.02659
1.48531
1.30962
1.024
1.02498
1.024
1.20121
1.02976
1.05429
1.25941
1.02498
1.0518
1.03321
1.02498
1.24442
1.0627
1.36044
1.024
1.07962
1.02529
1.02498
1.02612
1.024
1.19323
1.40793
1.16753
1.02731
1.1937
1.25559
1.16794
1.03568
1.06225
1.02498
1.024
1.049
1.024
1.15886
1.02498
1.02498
1.07156
1.2609
1.02855
1.19057
1.08933
1.02498
1.23565
1.0504
1.03943
1.09072
1.02498
1.04897
1.07382
1.39223
1.024
1.02893
1.02498
1.02498
1.04203
1.1447
1.03527
1.18062
1.14336
1.02824
1.07816
1.14666
1.02498
1.54057
1.04049
1.04096
1.02952
1.024
1.024
1.0336
1.02498
1.02498
1.09759
1.0692
1.30112
1.30718
1.15297
1.14476
1.02498
1.19213
1.09292
1.09279
1.02751
1.02498
1.24143
1.07052
1.08696
1.02761
1.2639
1.07401
1.024
1.28784
1.07646
1.26058
1.10605
1.09054
1.06227
1.10928
1.16096
1.02498
1.04462
1.02498
1.33767
1.27972
1.024
1.02498
1.11648
1.48812
1.02828
1.18013
1.02878
1.14367
1.27734
1.11095
1.04185
1.0275
1.024
1.02498
1.02498
1.02921
1.39407
1.16037
1.14855
1.04314
1.02498
1.07181
1.02498
1.02498
1.21805
1.14238
1.024
1.22133
1.03693
1.02498
1.02498
1.02819
1.10869
1.34787
1.08167
1.12962
1.09858
1.02498
1.024
1.08703
1.17466
1.26723
1.024
1.0291
1.04109
1.02498
1.02909
1.02661
1.03963
1.02498
1.12715
1.22282
1.02498
1.39193
1.32355
1.25818
1.05173
1.14388
1.02498
1.20253
1.43492
1.3587
1.02498
1.0363
1.0267
1.03325
1.02498
1.024
1.024
1.17372
1.05478
1.02498
1.02498
1.19527
1.16518
1.02498
1.02498
1.33743
1.02949
1.49923
1.02498
1.024
1.05025
1.02498
1.12238
1.12361
1.02679
1.32118
1.02682
1.0736
1.02498
1.02801
1.02517
1.02875
1.024
1.43124
1.02788
1.318
1.02794
1.05429
1.024
1.05465
1.09943
1.08759
1.02802
1.04602
1.16839
1.04041
1.02498
1.13506
1.12045
1.02762
1.02498
1.02498
1.04715
1.024
1.02498
1.32201
1.024
1.47833
1.11186
1.0451
1.02498
1.024
1.02812
1.04273
1.39103
1.32174
1.02498
1.024
1.05442
1.05308
1.14266
1.05718
1.03881
1.104
1.20673
1.02498
1.08266
1.08992
1.02891
1.02498
1.024
1.17759
1.03124
1.08288
1.05138
1.3351
1.34787
1.2841
1.04627
1.12777
1.04343
1.53589
1.18081
1.02644
1.27012
1.02571
1.024
1.10621
1.28197
1.05781
1.11165
1.07259
1.11274
1.21309
1.55036
1.02816
1.12137
1.02629
1.06595
1.06014
1.05335
1.02822
1.10016
1.0475
1.1743
1.03122
1.02652
1.28192
1.024
1.10851
1.097
1.04084
1.23367
1.11426
1.02498
1.0618
1.39516
1.35171
1.05077
1.02548
1.05772
1.04029
1.11025
1.03194
1.25755
1.024
1.02498
1.07844
1.024
1.17296
1.08555
1.3239
1.23673
1.02991
1.08377
1.10895
1.0292
1.048
1.07751
1.37469
1.02498
1.02499
1.024
1.39237
1.27233
0.894041
0.819689
0.868332
0.868078
0.838634
0.936298
0.890819
0.905157
0.855818
0.93958
0.853483
0.930467
0.820494
0.820772
1.06171
0.947402
0.954933
1.05899
0.863233
1.00366
1.34953
1.18961
0.955538
1.36758
0.83845
0.819689
1.14055
0.919782
1.38064
1.11902
0.820175
0.826235
0.857834
0.849938
0.866188
0.970047
1.16957
0.820565
1.19214
0.94461
0.968683
0.82808
1.14347
0.819689
1.05174
0.963495
1.03614
0.966043
0.835238
1.06389
0.976955
1.13588
0.984243
0.870235
0.820737
0.898487
0.819689
1.07155
1.05154
0.819689
1.148
0.949585
0.967526
1.10909
0.819689
1.11016
0.922119
0.880675
0.859309
0.996806
0.874153
1.40316
0.845238
1.02307
1.39456
1.07223
0.934089
0.986504
1.0174
0.819689
0.847823
0.823142
0.932119
0.987092
1.01424
1.40361
1.27231
0.831341
0.978448
0.854371
1.15692
0.82938
1.06601
0.930175
0.867905
1.04137
0.960561
0.819689
0.819689
0.993831
1.39525
0.856999
1.16741
0.970246
1.15003
1.1999
0.85084
1.12404
0.8192
1.3684
0.92048
0.871498
0.828771
0.95492
0.831197
0.830908
0.827942
1.10209
1.04215
0.82274
0.830302
0.91489
0.8618
0.849387
1.44506
1.19836
0.841461
0.819689
1.21374
1.02366
0.949016
0.993641
1.04204
1.16859
0.819689
1.04092
0.949536
0.829828
0.83411
0.956393
0.884511
1.11788
0.819689
1.25401
1.09625
1.12379
1.32334
0.822911
0.842653
0.834668
1.04256
0.87197
1.13742
0.943284
1.01462
0.846823
1.05866
1.1127
1.06675
0.845633
0.877623
0.872598
1.13066
0.820381
1.04554
1.20562
1.30036
1.13758
1.06375
1.48414
0.896229
0.882312
0.967905
0.978361
0.872385
0.922035
0.95595
1.17022
1.08837
0.945057
0.934385
0.931554
1.01129
0.925386
0.851967
0.992914
0.830366
0.884354
0.984205
0.914482
0.819689
0.911944
1.18092
0.980384
0.976686
0.868036
1.2089
0.8442
0.854926
1.15692
0.898757
0.887513
0.833721
0.8192
0.821922
0.85791
1.02022
0.882449
1.19542
1.02738
0.946328
0.898615
0.820066
0.838857
0.918406
1.0873
0.910848
0.9471
1.01712
0.819689
0.823076
0.87622
1.13436
0.822745
0.972361
0.819689
1.29986
1.08198
0.900602
0.857415
0.91343
0.820266
0.94476
0.961863
0.819689
1.15345
1.01084
0.827187
0.829219
1.2874
1.14073
1.24886
1.43483
0.8192
0.827528
1.0594
0.826952
0.920332
0.8192
0.923311
0.864555
0.819689
1.02505
1.07645
1.40537
0.912418
0.890056
1.10832
1.10255
0.869329
0.82556
0.819689
0.986791
1.00926
0.905402
0.859052
1.09832
1.12704
0.884747
0.926662
1.16696
1.20983
0.931976
0.819689
1.20772
0.914609
1.23395
1.16551
0.941558
0.854942
1.03454
1.31028
0.859773
0.819689
0.839728
0.8192
0.957398
1.25047
0.876296
1.58401
1.0825
0.857167
1.00849
0.931534
0.968817
0.82327
1.15688
1.04044
0.841483
0.885608
0.859896
0.959386
1.50782
0.908696
1.09645
0.833131
0.823755
0.991517
1.34625
0.95661
0.819689
0.933067
0.951682
0.966562
1.03936
0.819689
0.837288
1.26212
0.845154
0.892163
0.984606
0.833125
0.821044
0.881893
0.892418
0.912405
0.84092
1.06631
0.826583
0.987968
0.895456
1.23359
0.945814
0.892461
0.906644
1.02119
1.34505
0.82518
0.930799
0.819689
1.1812
0.951756
0.877394
0.977826
1.51077
1.10329
0.944612
1.22644
1.34541
0.946798
0.823738
0.994702
0.96221
0.938122
0.827509
0.819689
1.06048
1.10258
1.01245
0.857607
0.900548
1.12235
1.26787
0.991494
0.874941
0.88588
0.914947
0.819689
1.15849
1.04258
1.24813
0.830635
0.819689
1.17506
0.912994
1.12118
1.04059
0.957272
1.25368
1.06871
1.08434
0.9798
1.07778
0.819689
0.850139
0.819689
0.908366
0.888193
1.22253
1.11075
1.01184
0.916219
0.822964
1.10657
0.940512
1.05829
1.10233
0.834421
0.889939
0.828763
0.854092
1.11807
0.93522
1.22106
0.986964
0.83306
0.836556
0.941055
1.06036
0.985236
0.847333
1.04127
0.910643
0.93694
0.860424
1.04037
1.21925
1.01331
1.03094
0.918232
1.18714
0.923313
0.819689
1.03144
0.852048
0.943962
1.0236
0.882952
1.40873
1.23163
1.2739
1.11969
0.862589
0.960538
0.822777
0.830506
0.854388
0.823265
0.836562
0.961403
0.868813
0.821376
0.9481
0.866573
0.8192
0.8738
0.890483
0.835157
1.31244
0.832851
1.28851
1.02619
0.819689
0.838689
1.24034
1.41253
1.05392
1.07044
0.871292
0.819689
1.03764
1.09031
0.930214
0.819689
0.895682
0.886485
1.0916
1.10697
1.00225
1.24335
0.885282
0.827061
0.862453
1.16337
1.1548
0.819689
0.827112
1.22781
0.844644
1.04896
0.932215
0.862552
1.25357
0.94662
0.977206
0.989649
1.10467
0.878617
1.21521
1.366
1.21246
1.30511
0.819689
0.8192
0.846563
1.09557
1.08007
0.893797
1.28683
1.1704
0.954552
1.30736
0.938676
1.00813
1.41158
0.8192
0.830632
1.13088
0.827049
0.930015
0.861667
0.865013
0.895689
1.15235
0.82681
0.838699
0.896521
1.05952
0.894054
1.33458
0.969243
1.13025
0.8192
0.837307
1.06952
0.822733
0.832547
0.896186
1.06913
0.844762
1.33486
1.02085
0.996405
1.09557
0.834559
0.819803
0.957963
1.04427
1.03229
0.965374
0.826717
1.09332
0.83341
0.912548
0.860368
0.878915
1.07787
0.819689
0.893658
0.833228
1.00183
0.840646
0.844065
1.21683
1.05044
1.21467
0.819689
0.839597
0.953477
0.819689
1.03722
1.07796
0.950472
0.836291
1.10351
0.835302
1.09056
0.827982
0.98684
0.865029
1.33457
0.838815
0.839321
0.857898
0.997822
0.828746
0.917714
0.829259
0.93073
1.32506
0.97765
0.844989
1.31734
0.844493
0.922751
0.832316
1.01479
0.829635
1.12766
0.906726
1.16655
0.825441
1.65652
0.884577
0.941708
0.911564
0.820592
0.858377
0.847374
1.05833
0.834207
1.10582
1.22588
1.18831
1.10222
0.840184
0.923765
0.963021
0.8192
0.987554
0.846098
1.12979
1.27309
0.88393
1.02261
0.831853
1.01171
0.820006
0.951413
0.963461
0.839666
0.830077
0.877464
0.822137
0.883996
1.11895
0.823668
1.07432
1.0923
1.07021
1.25657
0.836375
0.924149
0.862891
0.82034
0.899165
1.01631
0.976663
1.21815
0.951762
1.04839
0.833971
1.29958
0.842762
0.905655
1.18863
0.887704
0.901518
0.960241
1.46094
0.915842
0.979368
1.04667
1.124
1.07646
1.33533
0.846607
1.05912
1.30458
1.4696
0.8192
0.824176
1.16081
0.89261
0.967893
0.828918
0.973537
1.08156
0.820233
1.15062
1.10125
1.20513
1.11698
1.25681
1.12413
0.914793
0.930584
0.851005
0.870195
0.82834
0.833076
1.01487
1.17803
1.05494
0.837223
0.829836
0.843937
0.889453
0.895663
1.07323
0.92962
0.92542
0.943722
0.948129
0.820296
1.19932
1.65035
0.87773
0.8192
1.18943
0.965232
1.2066
0.819705
1.13369
0.943027
0.84305
1.27579
0.956675
0.919171
0.883935
0.848019
1.1126
0.821389
1.05117
0.917966
1.13705
0.904374
0.870028
0.936759
0.8192
0.869368
1.22638
0.839538
0.881244
1.13087
0.979589
0.954014
0.819689
0.857013
1.02279
1.08651
0.950763
0.871924
0.922017
0.826673
0.827525
0.989582
1.29532
0.846109
0.89463
1.38985
1.28318
0.941224
1.26647
0.819689
0.820857
0.9783
1.34266
1.31298
0.8923
0.819771
0.876686
0.828841
0.904366
0.831378
0.824999
1.14331
0.855011
0.819689
1.06589
1.6075
0.95231
1.05056
0.827221
0.898901
0.868497
0.983295
0.868778
0.888326
0.829118
1.11327
0.829531
0.876038
0.960172
1.09456
0.924213
0.876665
0.992642
0.926273
1.01609
0.819689
0.823706
0.942153
1.2076
0.942002
0.854417
1.16121
0.870935
0.983645
0.863714
1.1161
0.844954
1.43109
0.901745
1.21915
1.0111
0.894779
0.895061
1.04251
0.827203
0.843312
0.832484
0.891846
1.52164
0.819689
0.842613
1.08085
0.909154
1.22581
1.08821
1.05226
0.87693
0.85954
1.07408
0.847836
1.14443
0.834264
1.07835
0.847786
1.30344
0.822033
0.99054
0.8192
1.09964
0.819689
0.825284
0.903851
0.83141
0.836648
1.08751
0.862097
0.977847
0.914302
1.10653
1.18761
0.929202
0.827814
0.878231
0.939618
1.05058
0.864948
1.49176
1.18674
1.23653
1.16783
0.937296
0.916962
1.03691
0.819689
1.10218
0.986133
0.819689
1.43508
0.872584
0.819689
0.859381
1.16589
1.24046
1.20497
1.28886
0.989707
1.1689
1.00029
0.991966
0.996442
1.00241
1.09364
0.955046
0.956961
1.08564
0.819689
1.19854
1.16297
0.833794
1.29242
0.819689
0.860944
0.885021
1.11844
0.849919
1.22042
1.00982
0.850831
0.976579
1.20415
1.49001
1.0997
0.935781
1.12612
1.54876
0.819689
1.03602
0.848626
0.864442
0.979219
0.866913
0.824616
0.8192
0.98945
0.836601
0.831839
0.979533
1.05222
1.18487
0.961687
0.991359
0.966114
1.07447
1.17718
0.944232
0.975189
0.841881
0.849293
0.890297
1.17915
0.912208
1.23695
0.983852
1.01893
0.839291
1.06945
1.19437
0.902541
1.19437
0.920738
1.20596
0.8192
1.15174
0.997971
0.823538
0.880431
1.16918
1.2174
0.819689
0.819689
1.15102
0.947074
0.819689
1.18367
1.26002
0.922818
1.10127
1.03156
0.840241
1.12184
0.857361
0.83359
1.27559
0.824681
0.885821
0.822852
0.828843
0.819689
0.819689
1.16828
1.06864
0.827425
0.962158
0.846582
0.856621
0.908791
0.911835
0.88728
1.59841
1.30818
0.8192
0.876154
1.54731
0.865674
0.848945
0.8192
1.08631
0.848286
1.15228
0.847884
0.902834
0.85343
0.821991
1.09576
0.950653
1.03839
1.11543
0.821347
0.8192
1.13111
1.13556
0.823987
0.849564
0.83786
0.900026
0.920389
1.41636
1.16718
0.829455
0.864975
0.819689
1.31174
0.905158
