-0.739981
0.247752
0.730646
-0.364194
0.440993
-0.105155
-0.513828
0.342442
-0.396899
-2.65394
-1.13146
-1.57627
-0.780515
0.238866
-1.9942
-1.74846
-1.25263
-1.17498
0.461486
-0.895686
-1.5402
-1.82521
-0.819913
-0.935159
-1.2757
0.308527
-0.0884807
0.575515
-0.547627
-0.284432
0.100891
-0.217749
-0.0366451
0.491286
-0.976308
0.256389
-0.21948
-1.20606
0.135659
0.147267
0.42793
0.118806
-1.87838
0.181969
0.2267
0.436227
-0.344007
-0.821859
0.00484731
-0.554755
0.0369026
0.0604714
-0.416845
-0.589481
0.839507
-1.60238
-0.739621
-2.11358
-0.924389
0.289394
0.314571
-0.495013
0.284641
-1.66359
-0.776129
0.0628861
-0.550983
-0.449041
-0.566754
-0.249576
-0.421943
-0.601771
0.143349
-1.08784
-1.15851
-0.325532
0.0274012
-1.33568
-1.52635
0.457961
-0.0105501
0.0925509
-0.578972
-1.56289
-0.293501
-0.262992
0.304953
-1.79091
0.178748
-2.95487
-0.00562354
-0.474282
0.196295
-0.519933
0.0647323
-0.620587
-0.334503
-0.860659
-0.869182
-0.94387
-0.127857
-0.893253
0.655648
0.387728
0.013116
0.269515
-1.44329
-1.08911
0.0393729
-0.332534
-1.26788
-2.20145
-1.36567
0.217674
-0.00731609
-0.765085
0.193292
0.0766161
0.144856
-1.06508
-1.88466
-1.07926
-1.05146
-0.969992
-0.285734
-0.00409147
0.512475
0.19943
-0.487417
-0.184159
0.156549
-0.694367
0.550176
-0.225858
0.443983
-1.51629
0.00249502
0.0908946
-0.713553
0.602375
-0.292354
-1.45192
0.962326
-0.0324245
-0.116694
-0.478589
0.121175
-0.39414
0.385078
-1.1218
-0.397938
-1.34488
-0.773935
-0.305061
-0.689384
-0.0504009
-0.877989
-1.24683
0.538168
-1.25418
0.116048
0.522618
0.176492
0.00942657
0.160544
-0.204986
0.489138
-0.151642
0.133414
0.0143898
-0.777237
-0.0653722
0.516409
-0.900836
-0.512559
-2.23575
-0.0987218
0.00198185
0.289491
-0.803931
-0.309044
-1.59069
-0.135751
0.216112
-0.221178
0.0619372
-1.20385
-0.963699
0.313405
-0.471607
-1.80292
-1.08232
0.123213
-0.466704
-0.358971
-0.0802727
-0.454868
-0.84321
-0.321877
0.219212
-0.503186
0.125833
0.424576
-0.783389
-0.126319
0.112298
-0.0723977
-0.535599
-1.01683
-0.194623
0.72838
-0.844583
-0.195892
0.511048
0.0633508
0.281811
-0.616825
0.313425
-0.739579
-0.33221
0.0568852
-0.753715
-0.330139
-1.3519
-0.929761
-0.197022
-0.836702
-0.540774
0.513094
-1.45389
-0.069162
0.228769
0.302111
0.777703
-0.139642
0.173754
-2.41433
-0.733654
-0.381573
0.299246
0.52522
-1.22876
0.0251733
-0.00291688
0.0793285
-0.326228
-2.15757
0.31222
0.218499
0.257372
-1.84357
0.535211
-0.163439
-1.48695
0.233322
-1.19245
-1.09122
0.199651
-0.830835
0.575629
0.442094
-0.716591
0.271074
-0.68965
0.518688
0.34017
-0.162115
-1.35659
0.515287
0.28641
-0.734061
0.636554
0.24913
0.769663
0.205095
0.264041
0.339614
-0.218449
0.124475
0.145714
-0.0879519
-1.40898
0.699231
-0.231663
0.33807
0.689378
0.49972
0.320864
0.185567
-0.327396
0.230804
-0.563272
-1.53839
-0.0965517
-1.45436
-0.255835
0.176059
0.0120481
-0.457811
0.12477
-0.0830246
0.131611
0.307455
0.140788
-1.35535
-0.753523
0.66982
0.356452
0.0473621
0.573425
0.0952542
-0.892916
-1.88247
0.0677941
-0.130024
0.313092
-0.181252
-0.303192
0.162085
0.153614
0.424743
0.0300857
0.425667
-0.875141
0.0668885
-0.458181
-0.17803
-0.178922
0.554562
0.554574
-0.0267118
-0.846518
0.165615
0.0288978
0.304827
0.279044
0.19166
0.753372
-0.0302041
-1.10572
-1.85421
-0.788634
-0.592936
-0.135093
0.267634
-0.98305
-0.235097
0.0939337
-0.430211
-1.46882
-0.134105
0.0236687
-1.53762
-1.43987
0.408923
-0.0937296
0.381994
-0.392247
-1.90717
-1.28243
-1.24492
0.285966
0.385313
-1.309
-0.00785324
0.0569841
-0.958301
-0.484538
0.22387
0.491638
-0.414012
-0.259224
-0.616284
0.132481
0.448731
-0.915014
0.161604
0.176689
0.51445
-1.28474
-0.0124587
0.448902
0.171119
-0.263461
0.326067
-0.90497
-1.36112
0.082302
-0.0381898
-1.06828
-0.24303
0.508259
-0.185394
-0.46699
-1.40666
0.121069
0.631386
-0.258401
0.187197
-0.504683
-0.938471
-0.457264
-2.05199
-0.815687
-0.0618512
-1.61652
0.11624
0.0711277
0.23424
0.686603
-1.8198
0.298883
-0.118705
-0.856509
0.0612669
-1.01846
-0.697557
-0.857319
-0.957758
-0.447481
-0.96016
-0.841072
-0.542868
-0.133703
0.28995
-0.00881898
-1.07914
-1.08344
-1.09463
-0.133911
0.227344
0.499303
0.717371
-0.4441
0.0165272
-0.353277
0.260191
0.224651
-0.792243
-0.376701
-0.449178
0.179202
-1.00954
-0.688452
-1.00377
-1.02055
0.508604
0.305687
-0.84794
-0.839793
-0.658392
-0.0548888
-0.54388
0.0882942
-1.35686
0.0171747
0.401482
-0.707826
-1.15657
-2.70592
-0.762367
-0.179547
-0.980316
-0.257798
-0.320168
-0.55081
-1.10609
-2.75228
-0.0208705
-0.696061
-1.16146
-0.147662
0.227226
0.352747
-0.502925
-0.292822
-0.603536
-0.300227
-1.29489
0.496111
0.722151
-0.46367
0.673156
-0.112279
0.715091
-1.07214
-0.359141
-1.60149
-0.000775202
-0.126637
0.125847
-0.000871422
-0.652447
0.19213
0.228834
-1.9309
0.0872334
0.199422
-1.88653
0.518783
-0.868494
0.103212
0.42993
-2.47787
0.0674165
-0.406146
0.148332
0.476644
-0.816333
-1.58421
-1.47632
-1.63085
-0.653615
-2.432
0.588547
0.453032
0.569798
0.18903
-1.21617
-0.737009
-1.23897
-0.147689
-0.206477
-1.0819
0.18211
-1.70746
-1.14228
0.395274
0.329967
0.551491
0.2428
-0.508054
0.0681587
-1.68605
-0.241497
-0.0637636
-0.345224
-0.765044
-0.0354537
-0.30551
-0.480839
0.411746
-0.345662
-0.377129
-0.568562
0.709221
-0.0377284
0.357
0.331742
-0.585516
-0.029525
0.396888
-0.502167
0.0261797
0.270376
-0.342504
-0.200415
0.596262
0.51595
0.0726073
0.712297
-0.102406
-0.251338
-1.82497
-0.757275
0.0652529
0.899739
0.339927
-0.972936
-0.217883
-1.14063
0.451479
-0.41326
-2.82052
-0.00641461
-0.66686
0.0942924
-0.197169
-1.09705
-0.859008
0.375082
-0.169511
-2.0044
0.0356332
-0.690913
0.176127
-0.617438
0.445478
-1.29829
-0.241973
0.0706027
-0.405159
-1.64159
-0.411462
-0.0840337
-0.200972
0.136601
-1.41922
-0.409815
-1.52376
-0.923869
-1.01618
0.498844
0.180069
0.187619
-1.16093
-0.0269002
-0.316197
0.466887
-0.755521
0.411133
-0.306728
-1.95795
0.712769
-0.131776
-0.266741
-0.673581
0.294873
0.287517
-0.128905
-0.00313715
0.362964
-0.623174
0.456034
-0.168886
0.641473
-1.06381
-1.02632
0.212446
-0.0344241
-0.670379
-0.203746
-0.681266
0.103086
-1.01449
-0.758467
0.355186
-2.1308
-2.16544
-0.635511
0.267339
-0.896052
-0.123632
-0.29146
-0.767478
0.478369
-1.19367
-0.264522
0.112183
0.569242
0.292448
0.367622
-0.679938
-0.446773
0.350504
0.22416
0.101603
-1.98342
-0.418962
-0.920242
0.766612
-1.23686
0.299151
0.494166
0.0707137
-0.373644
-0.468919
0.281764
-2.00599
-1.29329
0.191073
0.141061
-0.572894
0.510963
-0.537905
-1.3131
-1.54597
-0.110302
-0.237329
-1.10901
-0.0428017
0.167515
-0.0467306
0.655023
0.31691
-0.204587
-0.705505
0.395699
-0.0876657
-0.199821
-0.078751
-0.231904
-0.00594949
0.23584
-0.25834
-1.70773
-0.792922
-0.717622
-0.870348
-0.503225
0.00603383
-0.778691
-0.127641
0.45115
-0.385488
-0.208111
-1.00707
-1.06621
-2.17561
-0.547409
-1.83426
-1.18691
-0.849659
-0.62329
0.618125
0.155255
0.298328
-1.47697
-1.11924
-0.142934
0.505817
-0.239295
0.355461
-1.00951
0.06959
0.646466
-1.03115
-2.1084
0.342191
-0.302021
-1.12205
-0.744205
0.213013
0.457217
0.416883
0.0414977
0.209887
-1.25359
-0.869794
-1.23738
0.068665
0.407282
0.581057
-0.221438
-0.141822
-2.1595
0.408354
-0.654624
-0.585573
0.450919
-0.178381
-0.871128
-0.132304
-0.313234
0.248441
-1.32372
0.264815
-0.501444
0.136511
-0.245892
-2.04742
-0.0536133
0.683366
-0.737202
0.0245362
-0.449384
0.234369
0.364175
-0.0215949
0.403444
-0.24938
-1.16986
-0.852635
0.299795
-0.666726
0.0843452
0.483179
0.274929
-0.746127
0.350756
-0.705961
0.144015
-0.0633426
-0.531377
-1.21054
-0.62926
0.288483
-0.954634
0.354965
-0.263146
0.487993
-0.253855
-0.446921
-0.0277886
0.338099
0.235416
0.0940141
-1.27094
-1.11101
-1.1918
-0.529291
-0.87626
-1.09392
-0.739772
-0.404599
-0.626548
-3.469
-0.84599
0.172625
-0.399664
-0.275279
-0.327793
-0.0337323
-0.626434
-0.0328678
0.716947
0.281971
0.297435
-1.15129
-2.34876
-0.314691
-0.873443
0.162555
0.330467
-2.38124
-0.466625
-0.0145039
-0.144115
-1.13443
-1.26081
0.744491
0.113872
-0.716571
-1.8834
-1.80712
-1.08771
0.131355
0.119118
0.477749
-0.054634
-0.062349
-1.04798
0.384853
-1.04799
0.0735568
0.522456
0.475809
0.17167
-0.0770196
-1.32348
-0.616194
-0.228046
-1.0625
-0.827483
-0.731918
-1.28089
-1.89883
0.344225
-1.50996
-1.44642
0.0710168
-1.15393
-0.621806
0.348587
0.196795
-1.4937
0.183968
0.00660126
0.599634
-1.07808
-0.453386
-2.23043
-0.736964
-1.46614
-2.13487
0.415768
0.743338
0.248215
0.231486
-1.41081
-0.424604
-0.789627
-0.985511
-1.51381
-0.594909
-0.331108
0.361275
-0.140093
0.633518
-0.51661
0.238626
0.118028
-0.156692
-1.2972
0.373048
-1.27702
0.0218669
0.748985
-0.460389
0.354409
-0.50552
-1.32207
-0.0860867
0.154548
0.725076
-1.08875
-1.50911
-1.36797
0.494213
0.407321
0.509468
-0.995431
-0.179312
-2.14825
0.294403
-0.769543
-0.844696
-1.54424
-0.317306
-0.159803
-1.78587
0.0652266
-1.75645
0.567846
-1.00953
-0.278365
-0.275667
-0.192149
-1.9741
0.348875
-0.53278
-0.281031
-0.00187198
-0.19461
-0.218806
-1.02672
-0.5979
0.323869
0.127357
-0.0323944
-0.0382648
-1.16571
-1.72031
0.203499
-0.649006
-0.789799
0.405875
0.395657
0.178809
-0.264608
-0.237632
0.864302
0.594231
-0.869907
-0.881482
-0.396002
0.0887712
0.0585971
-1.37542
-0.952444
-0.84607
-0.973186
-1.38498
-0.819125
-1.66199
-1.40209
0.571417
-1.25222
-2.45559
-0.0854113
-0.606634
-1.13452
0.202835
-0.910718
-0.0384335
-1.37585
-1.5913
-0.198616
-1.49954
-0.194675
-0.557904
-0.56889
-1.44257
-1.10325
0.119703
0.820409
0.00492031
0.59993
0.318273
0.614871
-0.372773
0.498977
0.278418
0.285127
-0.171555
-1.43411
-0.167269
0.410176
-2.36476
0.287514
-0.882427
-0.0521479
-1.35394
-0.335181
-0.444007
0.397613
-0.249467
0.166601
-0.316986
0.319939
-0.177536
0.376859
-0.667117
-0.306664
-0.199914
-0.646087
0.238185
-0.893572
0.118407
-1.78964
-0.946207
-0.105341
-1.09743
0.568319
-0.34806
-0.156914
0.624255
-0.323146
0.390655
-0.852409
0.231966
0.252393
-0.199946
0.0454632
-0.206081
-0.465274
0.263181
0.797192
0.0548755
-1.12184
-0.906111
0.314303
-0.472134
0.0662626
-0.432813
-1.08932
-0.751839
-0.303949
-0.31798
0.432212
0.459411
-0.107154
-0.127099
-0.138836
0.519278
0.232151
0.17503
0.0842118
-0.101038
0.146721
0.0372402
-0.175361
0.643674
0.038864
0.536643
0.347766
-1.00007
-0.0715976
-1.6713
-0.625407
-0.510026
-1.71835
-0.66139
-1.14083
-0.745324
0.097224
-0.24239
0.326033
0.254518
-0.380086
0.0896143
-0.327317
0.388485
-0.741409
-1.22685
0.174177
-0.957489
0.43914
-1.14871
-0.550917
0.0290833
-0.0847618
0.259594
-1.16256
-0.703258
-0.115787
-1.1645
-0.263828
0.219403
0.0324736
0.434748
0.42488
-0.41684
-0.325568
-1.03462
-0.756597
-0.196808
0.363904
0.488467
0.239125
-0.00956971
-0.587134
0.349866
0.552515
0.146013
0.47241
0.159403
-0.131564
0.466155
-0.402413
-0.680385
-0.673686
-0.288362
0.333371
0.390532
-0.353544
0.317173
-1.25028
-0.220436
-0.694225
-0.0640585
-0.0308417
0.706006
-1.56425
-0.494603
-0.758524
-0.19386
-0.862519
-0.449733
0.405619
0.0347917
-0.186543
0.200115
-0.111157
0.925155
-1.0593
-1.04604
-0.136531
-0.0975644
-1.31925
0.184611
0.356665
0.0226835
0.293051
-0.409421
-0.0282411
-0.681467
0.0143451
-0.915659
-0.448271
-1.91321
0.352698
0.498487
0.4342
0.168904
-0.0482893
-0.344792
-0.0233052
-0.653279
-0.892775
-0.439342
-0.00744556
-0.615201
-0.743478
-0.412895
0.41604
-0.205285
-0.25287
-0.607833
-0.216665
0.362724
-0.122396
-0.0293171
0.0733989
0.244508
-0.572316
-0.563564
-0.672678
0.19076
0.560952
-0.468593
-1.0272
-0.0682307
-0.395714
-0.831165
-0.00923068
-0.912038
-0.871403
0.13273
0.0193612
-0.431004
-1.10857
-0.455405
-1.23686
0.0449683
0.260776
-0.2515
-0.391948
-0.296222
-0.0293192
-0.0589176
-0.114023
-0.274354
-0.110985
-0.102614
-0.339472
-0.234511
0.337129
-0.65994
-0.744909
0.0739793
0.0352995
0.262893
-0.688283
-0.587195
-0.793668
-0.743129
-0.392218
-0.518553
-0.954889
-0.722503
-0.454506
-0.52239
-0.307739
-0.236436
-0.37797
0.29632
-0.849267
-0.0487165
-0.128233
-0.640496
0.212045
-0.14354
-0.353811
-0.239817
-0.162799
-0.971254
-1.01776
-1.42729
-0.831042
-0.750654
0.491919
0.054049
-0.783549
-0.538876
-0.28983
0.127523
0.119622
-0.158671
0.427469
-0.787306
-0.438646
-0.794525
-1.57347
-0.685703
0.045228
-0.452261
-0.846712
-1.83169
-0.2052
-1.00509
-1.43914
-0.534105
0.126613
-0.337963
0.523673
0.365155
0.075771
0.314604
-0.045233
-0.943886
-0.242696
-0.0961568
-0.019152
0.664546
0.457102
0.0254611
0.490376
-0.693618
0.269436
0.104608
0.139708
-0.0982943
0.108522
-0.372333
-0.26029
-0.0494147
-0.653434
-0.0133738
-0.406169
-0.445874
-0.630074
0.0478344
-2.01697
0.520178
-0.317542
-1.38503
0.11847
0.49037
0.103829
0.165747
0.408218
-0.409631
0.0159216
-0.232186
-0.327052
-0.769594
-0.520371
0.766468
-0.441775
-0.263622
0.406861
-1.52127
-0.105025
0.173835
-1.25442
0.00345145
-0.368249
0.532206
-0.070804
-0.617606
-1.7658
0.338798
0.149204
0.113532
0.279626
0.254772
0.534751
-0.375697
-0.171207
-1.35262
-2.359
-2.06271
-0.383285
-0.0473504
0.18074
-0.447275
-1.63763
0.257844
0.506462
-0.163867
-0.157155
-0.0957272
0.487638
-0.761843
0.155568
-0.783523
-0.218517
0.191702
0.159819
-1.01247
0.068813
0.223742
0.434313
-1.07192
-0.161095
-0.160105
0.13487
0.197566
-0.0591927
-1.24532
-1.60428
-1.53093
0.444568
-2.58392
-1.0247
0.0806994
-0.173567
-0.522991
-1.44508
-0.112433
0.182485
-0.432736
0.0563695
0.158866
-0.309562
-0.235167
-0.0509733
-0.673506
-0.8831
-0.104878
0.175223
-0.489944
0.296068
0.57701
0.156204
-0.0805951
-0.0940562
-0.138098
-0.610475
0.243314
-0.801414
0.566032
-0.333743
-0.779705
0.174288
0.110836
-0.314568
0.306622
-0.315904
-0.0589646
0.174129
0.273707
-0.581184
-0.409914
0.172652
-0.565988
0.472135
0.147272
0.450493
0.778001
-0.216889
0.0523533
0.0364336
0.0417369
-0.725289
-1.15655
0.430056
0.142209
0.0404947
0.298565
-0.304268
-3.3946
-1.10104
0.12311
-0.120324
-0.280061
0.407958
-0.22985
0.327186
-1.33199
-0.149399
0.080358
0.0870856
-0.971536
0.259329
0.24141
-0.147131
0.363551
-0.64684
-0.0977421
-0.167795
-0.157247
0.637763
-0.453549
0.401119
-1.13004
-0.712005
0.416012
0.297733
-0.870041
0.129028
-0.348037
-1.34709
-0.124467
-0.798583
-1.03639
0.0454678
-0.262836
0.540862
0.441341
-0.00140465
0.00230645
-0.205577
-0.625817
-0.296679
-1.15039
0.271236
-0.131067
0.136677
-0.125342
0.32083
-0.33087
0.0181145
0.112916
0.284788
-0.544332
-0.720474
0.460447
0.692114
-0.448094
-0.385572
0.126603
-0.0378446
-1.0207
0.157341
0.38071
0.534955
0.280254
-1.28592
-0.798833
-0.015341
0.362093
-0.379923
-0.709221
-0.217975
0.348086
0.580784
-0.0622124
-0.638808
-0.50809
-0.278049
0.250097
0.665406
0.184446
-0.349298
-0.137488
-0.305542
0.0466998
-0.956466
-1.29247
0.0886851
-0.379651
-0.708941
0.0783628
0.269144
0.415168
-0.277904
0.0142787
-1.21609
-1.66663
-1.51282
0.482605
-0.119201
-0.303242
-0.496181
-0.786197
0.328974
0.179508
0.473721
-1.262
0.0504866
-0.874521
0.161741
-0.941311
-0.000718359
0.25828
0.348445
-0.361004
-0.397346
-0.858922
0.485698
-1.64741
-0.0166379
0.363073
0.478788
-0.139446
0.46336
-0.831364
0.0172545
-0.0805356
-0.281731
0.546596
-0.57135
-0.18562
-0.816273
-0.116364
-0.301607
0.155465
0.259604
-1.23662
-0.108907
0.190366
0.351999
-0.64838
-0.706145
0.171787
-0.711731
-0.725965
0.467363
-0.273541
-0.655491
-0.336904
-0.199325
0.0975811
-0.589904
-0.530225
0.34719
-0.166928
0.293759
-1.47497
0.235201
0.00150197
-0.146069
-0.818791
-1.29297
-0.252445
-0.736969
0.290754
-0.257864
-0.368443
-0.0902662
0.388612
-0.989296
-0.552628
0.108511
-0.315833
-0.0194619
0.053555
-1.43284
-0.227474
0.332687
0.740896
-0.878047
0.415375
-0.810384
-1.82832
-0.695457
0.272282
0.372272
0.526271
-0.6666
0.619673
0.143745
-0.654651
-1.10394
-0.0357456
-0.202598
-0.223033
0.152673
-0.898554
-0.0926396
0.131216
-0.949172
-1.19002
-0.00407022
0.264016
-0.557007
0.0334039
-0.74825
-0.52187
-0.0521496
0.464477
-0.135587
0.118192
-0.304631
0.408446
-2.60385
0.00328602
-1.15634
0.234851
0.0210568
0.16647
0.657815
0.0758354
0.471778
0.438957
0.418807
0.0352415
0.117221
-0.232725
-0.733708
0.194039
-0.536022
0.152819
0.393129
0.0791404
0.355369
0.501982
-0.516001
0.334875
-0.654629
0.439405
-0.75197
-0.800108
-0.815451
0.738869
-0.0292906
-1.1786
-0.34552
0.211366
-0.208312
-0.92095
0.269273
0.136764
0.130709
0.0433697
-0.0823445
0.140934
0.208209
-0.635131
0.013619
-0.197991
-1.60271
-0.252206
-0.453088
-0.612077
0.274493
0.160526
0.288975
-0.847658
0.0966495
-0.694405
0.631484
-0.443538
-0.300346
-1.62196
-1.24553
-0.755869
0.585815
-1.39732
-0.997186
-0.0450499
0.491466
0.326235
-1.51766
0.177953
0.110896
-0.393695
-0.453587
-0.316958
0.192432
0.107158
-0.290772
0.203713
0.67718
0.44545
0.36646
-0.0772359
-0.0656186
-0.657056
-0.20033
0.271888
-0.635029
-0.563152
0.450867
-0.501697
-0.4318
-1.98909
-0.3869
-0.100618
-0.57842
0.331795
-0.250957
0.0656527
0.230707
0.599371
0.0302022
-0.51834
0.556431
0.558629
0.0850632
0.15754
-0.117156
-1.12163
0.362935
-0.140669
0.542747
-1.82043
0.569042
0.547381
-1.57556
0.18537
-0.872245
-1.22589
0.0410547
0.101252
0.102078
0.479484
-0.868036
-0.823983
-0.994708
-0.982642
0.322966
-0.227163
-0.594892
0.0113061
-0.0958127
-0.676315
-0.208691
0.149927
-0.21532
0.462054
-1.40082
-0.110844
-0.299483
-0.176168
-1.16586
-0.15931
0.704647
-2.12619
0.0450599
-0.361035
-0.906706
0.288975
-1.55941
-0.170624
-0.123432
-0.633786
-0.373417
-1.26327
0.111495
-0.155216
-0.329371
0.0308333
0.324419
0.00740918
-0.939983
0.257319
-0.26885
-0.255365
-0.942473
-0.0553943
-0.589873
-0.626364
0.0823532
-0.503254
-0.368117
-1.01325
0.0770362
0.222916
0.337381
-0.840568
0.617926
0.145876
-0.193098
0.239246
0.0362188
-1.50292
-0.574084
-0.705362
-0.195352
-0.342691
0.182406
-0.427797
0.229521
-0.0239656
-1.86535
-1.22047
0.210184
0.509411
0.091075
-0.183766
-0.581714
0.304317
0.365946
0.00475277
-0.476186
-1.98567
-0.209053
-1.34301
0.407031
-0.207024
0.282818
-0.178515
0.140183
-0.414093
0.59828
-0.624556
0.662329
-0.52486
-0.416072
0.101205
-0.811732
0.200389
-0.988301
-0.314114
-0.717996
0.40122
-0.121858
-1.28549
-1.21392
-0.79429
0.248617
-0.853893
-0.390794
0.0789164
0.483769
0.422862
0.0118831
0.378817
-0.246507
0.702532
0.138846
-0.977809
-0.964826
-0.972204
0.252765
-1.896
-0.209448
0.229138
-0.36219
0.370888
-0.568106
0.245331
0.1409
0.443023
0.453229
0.650201
0.049658
0.157149
-1.44422
-1.42353
-0.349315
0.733941
-0.16326
0.0623756
0.668561
-0.121687
-0.313756
0.191168
-1.02094
-0.335154
0.0625796
-0.09958
0.252764
0.115753
0.182277
-0.418583
-0.156379
0.0808105
0.140776
0.201764
-0.2436
-0.143056
-0.575496
-0.877985
-1.25345
-0.0772255
0.163042
-1.53417
0.288194
0.110217
0.236874
-0.0277425
0.251078
0.606072
-0.400339
0.0284185
-1.03107
-1.78903
-0.346577
0.317968
-0.484981
-1.4349
0.254195
0.278422
-0.412803
0.5408
-0.831764
0.529383
-0.956763
-0.46638
-0.0616382
0.00976056
-0.14304
0.171614
-0.307656
0.279214
-1.33055
0.230456
0.268522
-1.31954
0.258449
0.220827
-0.743258
-0.540164
0.736496
-0.765181
-0.103057
-0.210245
0.565552
-1.04071
-0.123122
0.411635
0.149815
-0.46978
0.189804
-0.233813
0.316536
-0.0575945
0.533707
-0.989471
-0.167226
-0.496852
-0.450457
-0.398701
-0.739774
-0.308016
-0.0612419
0.335124
0.393521
-0.304304
0.271384
0.14048
-0.46099
0.0932093
0.150158
-0.287793
-0.481415
0
0
0
0
0
0
0
0
0
0
0
0
0
0
0
0
0
0
0
0
0
0
0
0
0
0
0
0
0
0
0
0
0
0
0
0
0
0
0
0
0
0
0
0
0
0
0
0
0
0
0
0
0
0
0
0
0
0
0
0
0
0
0
0
0
0
0
0
0
0
0
0
0
0
0
0
0
0
0
0
0
0
0
0
0
0
0
0
0
0
0
0
0
0
0
0
0
0
0
0
0
0
0
0
0
0
0
0
0
0
0
0
0
0
0
0
0
0
0
0
0
0
0
0
0
0
0
0
0
0
0
0
0
0
0
0
0
0
0
0
0
0
0
0
0
0
0
0
0
0
0
0
0
0
0
0
0
0
0
0
0
0
0
0
0
0
0
0
0
0
0
0
0
0
0
0
0
0
0
0
0
0
0
0
0
0
0
0
0
0
0
0
0
0
0
0
0
0
0
0
0
0
0
0
0
0
0
0
0
0
0
0
0
0
0
0
0
0
0
0
0
0
0
0
0
0
0
0
0
0
0
0
0
0
0
0
0
0
0
0
0
0
0
0
0
0
0
0
0
0
0
0
0
0
0
0
0
0
0
0
0
0
0
0
0
0
0
0
0
0
0
0
0
0
0
0
0
0
0
0
0
0
0
0
0
0
0
0
0
0
0
0
0
0
0
0
0
0
0
0
0
0
0
0
0
0
0
0
0
0
0
0
0
0
0
0
0
0
0
0
0
0
0
0
0
0
0
0
0
0
0
0
0
0
0
0
0
0
0
0
0
0
0
0
0
0
0
0
0
0
0
0
0
0
0
0
0
0
0
0
0
0
0
0
0
0
0
0
0
0
0
0
0
0
0
0
0
0
0
0
0
0
0
0
0
0
0
0
0
0
0
0
0
0
0
0
0
0
0
0
0
0
0
0
0
0
0
0
0
0
0
0
0
0
0
0
0
0
0
0
0
0
0
0
0
0
0
0
0
0
0
0
0
0
0
0
0
0
0
0
0
0
0
0
0
0
0
0
0
0
0
0
0
0
0
0
0
0
0
0
0
0
0
0
0
0
0
0
0
0
0
0
0
0
0
0
0
0
0
0
0
0
0
0
0
0
0
0
0
0
0
0
0
0
0
0
0
0
0
0
0
0
0
0
0
0
0
0
0
0
0
0
0
0
0
0
0
0
0
0
0
0
0
0
0
0
0
0
0
0
0
0
0
0
0
0
0
0
0
0
0
0
0
0
0
0
0
0
0
0
0
0
0
0
0
0
0
0
0
0
0
0
0
0
0
0
0
0
0
0
0
0
0
0
0
0
0
0
0
0
0
0
0
0
0
0
0
0
0
0
0
0
0
0
0
0
0
0
0
0
0
0
0
0
0
0
0
0
0
0
0
0
0
0
0
0
0
0
0
0
0
0
0
0
0
0
0
0
0
0
0
0
0
0
0
0
0
0
0
0
0
0
0
0
0
0
0
0
0
0
0
0
0
0
0
0
0
0
0
0
0
0
0
0
0
0
0
0
0
0
0
0
0
0
0
0
0
0
0
0
0
0
0
0
0
0
0
0
0
0
0
0
0
0
0
0
0
0
0
0
0
0
0
0
0
0
0
0
0
0
0
0
0
0
0
0
0
0
0
0
0
0
0
0
0
0
0
0
0
0
0
0
0
0
0
0
0
0
0
0
0
0
0
0
0
0
0
0
0
0
0
0
0
0
0
0
0
0
0
0
0
0
0
0
0
0
0
0
0
0
0
0
0
0
0
0
0
0
0
0
0
0
0
0
0
0
0
0
0
0
0
0
0
0
0
0
0
0
0
0
0
0
0
0
0
0
0
0
0
0
0
0
0
0
0
0
0
0
0
0
0
0
0
0
0
0
0
0
0
0
0
0
0
0
0
0
0
0
0
0
0
0
0
0
0
0
0
0
0
0
0
0
0
0
0
0
0
0
0
0
0
0
0
0
0
0
0
0
0
0
0
0
0
0
0
0
0
0
0
0
0
0
0
0
0
0
0
0
0
0
0
0
0
0
0
0
0
0
0
0
0
0
0
0
0
0
0
0
0
0
0
0
0
0
0
0
0
0
0
0
0
0
0
0
0
0
0
0
0
0
0
0
0
0
0
0
0
0
0
0
0
0
0
0
0
0
0
0
0
0
0
0
0
0
0
0
0
0
0
0
0
0
0
0
0
0
0
0
0
0
0
0
0
0
0
0
0
0
0
0
0
0
0
0
0
0
0
0
0
0
0
0
0
0
0
0
0
0
0
0
0
0
0
0
0
0
0
0
0
0
0
0
0
0
0
0
0
0
0
0
0
0
0
0
0
0
0
0
0
0
0
0
0
0
0
0
0
0
0
0
0
0
0
0
0
0
0
0
0
0
0
0
0
0
0
0
0
0
0
0
0
0
0
0
0
0
0
0
0
0
0
0
0
0
0
0
0
0
0
0
0
0
0
0
0
0
0
0
0
0
0
0
0
0
0
0
0
0
0
0
0
0
0
0
0
0
0
0
0
0
0
0
0
0
0
0
0
0
0
0
0
0
0
0
0
0
0
0
0
0
0
0
0
0
0
0
0
0
0
0
0
0
0
0
0
0
0
0
0
0
0
0
0
0
0
0
0
0
0
0
0
0
0
0
0
0
0
0
0
0
0
0
0
0
0
0
0
0
0
0
0
0
0
0
0
0
0
0
0
0
0
0
0
0
0
0
0
0
0
0
0
0
0
0
0
0
0
0
0
0
0
0
0
0
0
0
0
0
0
0
0
0
0
0
0
0
0
0
0
0
0
0
0
0
0
0
0
0
0
0
0
0
0
0
0
0
0
0
0
0
0
0
0
0
0
0
0
0
0
0
0
0
0
0
0
0
0
0
0
0
0
0
0
0
0
0
0
0
0
0
0
0
0
0
0
0
0
0
0
0
0
0
0
0
0
0
0
0
0
0
0
0
0
0
0
0
0
0
0
0
0
0
0
0
0
0
0
0
0
0
0
0
0
0
0
0
0
0
0
0
0
0
0
0
0
0
0
0
0
0
0
0
0
0
0
0
0
0
0
0
0
0
0
0
0
0
0
0
0
0
0
0
0
0
0
0
0
0
0
0
0
0
0
0
0
0
0
0
0
0
0
0
0
0
0
0
0
0
0
0
0
0
0
0
0
0
0
0
0
0
0
0
0
0
0
0
0
0
0
0
0
0
0
0
0
0
0
0
0
0
0
0
0
0
0
0
0
0
0
0
0
0
0
0
0
0
0
0
0
0
0
0
0
0
0
0
0
0
0
0
0
0
0
0
0
0
0
0
0
0
0
0
0
0
0
0
0
0
0
0
0
0
0
0
0
0
0
0
0
0
0
0
0
0
0
0
0
0
0
0
0
0
0
0
0
0
0
0
0
0
0
0
0
0
0
0
0
0
0
0
0
0
0
0
0
0
0
0
0
0
0
0
0
0
0
0
0
0
0
0
0
0
0
0
0
0
0
0
0
0
0
0
0
0
0
0
0
0
0
0
0
0
0
0
0
0
0
0
0
0
0
0
0
0
0
0
0
0
0
0
0
0
0
0
0
0
0
0
0
0
0
0
0
0
0
0
0
0
0
0
0
0
0
0
0
0
0
0
0
0
0
0
0
0
0
0
0
0
0
0
0
0
0
0
0
0
0
0
0
0
0
0
0
0
0
0
0
0
0
0
0
0
0
0
0
0
0
0
0
0
0
0
0
0
0
0
0
0
0
0
0
0
0
0
0
0
0
0
0
0
0
0
0
0
0
0
0
0
0
0
0
0
0
0
0
0
0
0
0
0
0
0
0
0
0
0
0
0
0
0
0
0
0
0
0
0
0
0
0
0
0
0
0
0
0
0
0
0
0
0
0
0
0
0
0
0
0
0
0
0
0
0
0
0
0
0
0
0
0
0
0
0
0
0
0
0
0
0
0
0
0
0
0
0
0
0
0
0
0
0
0
0
0
0
0
0
0
0
0
0
0
0
0
0
0
0
0
0
0
0
0
0
0
0
0
0
0
0
0
0
0
0
0
0
0
0
0
0
0
0
0
0
0
0
0
0
0
0
0
0
0
0
0
0
0
0
0
0
0
0
0
0
0
0
0
0
0
0
0
0
0
0
0
0
0
0
0
0
0
0
0
0
0
0
0
0
0
0
0
0
0
0
0
0
0
0
0
0
0
0
0
0
0
0
0
0
0
0
0
0
0
0
0
0
0
0
0
0
0
0
0
0
0
0
0
0
0
0
0
0
0
0
0
0
0
0
0
0
0
0
0
0
0
0
0
0
0
0
0
0
0
0
0
0
0
0
0
0
0
0
0
0
0
0
0
0
0
0
0
0
0
0
0
0
0
0
0
0
0
0
0
0
0
0
0
0
0
0
0
0
0
0
0
0
0
0
0
0
0
0
0
0
0
0
0
0
0
0
0
0
0
0
0
0
0
0
0
0
0
0
0
0
0
0
0
0
0
0
0
0
0
0
0
0
0
0
0
0
0
0
0
0
0
0
0
0
0
0
0
0
