0
0
0
0
0
0
0
0
0
0
0
0
0
0
0
0
0
0
0
0
0
0
0
0
0
0
0
0
0
0
0
0
0
0
0
0
0
0
0
0
0
0
0
0
0
0
0
0
0
0
0
0
0
0
0
0
0
0
0
0
0
0
0
0
0
0
0
0
0
0
0
0
0
0
0
0
0
0
0
0
0
0
0
0
0
0
0
0
0
0
0
0
0
0
0
0
0
0
0
0
0
0
0
0
0
0
0
0
0
0
0
0
0
0
0
0
0
0
0
0
0
0
0
0
0
0
0
0
0
0
0
0
0
0
0
0
0
0
0
0
0
0
0
0
0
0
0
0
0
0
0
0
0
0
0
0
0
0
0
0
0
0
0
0
0
0
0
0
0
0
0
0
0
0
0
0
0
0
0
0
0
0
0
0
0
0
0
0
0
0
0
0
0
0
0
0
0
0
0
0
0
0
0
0
0
0
0
0
0
0
0
0
0
0
0
0
0
0
0
0
0
0
0
0
0
0
0
0
0
0
0
0
0
0
0
0
0
0
0
0
0
0
0
0
0
0
0
0
0
0
0
0
0
0
0
0
0
0
0
0
0
0
0
0
0
0
0
0
0
0
0
0
0
0
0
0
0
0
0
0
0
0
0
0
0
0
0
0
0
0
0
0
0
0
0
0
0
0
0
0
0
0
0
0
0
0
0
0
0
0
0
0
0
0
0
0
0
0
0
0
0
0
0
0
0
0
0
0
0
0
0
0
0
0
0
0
0
0
0
0
0
0
0
0
0
0
0
0
0
0
0
0
0
0
0
0
0
0
0
0
0
0
0
0
0
0
0
0
0
0
0
0
0
0
0
0
0
0
0
0
0
0
0
0
0
0
0
0
0
0
0
0
0
0
0
0
0
0
0
0
0
0
0
0
0
0
0
0
0
0
0
0
0
0
0
0
0
0
0
0
0
0
0
0
0
0
0
0
0
0
0
0
0
0
0
0
0
0
0
0
0
0
0
0
0
0
0
0
0
0
0
0
0
0
0
0
0
0
0
0
0
0
0
0
0
0
0
0
0
0
0
0
0
0
0
0
0
0
0
0
0
0
0
0
0
0
0
0
0
0
0
0
0
0
0
0
0
0
0
0
0
0
0
0
0
0
0
0
0
0
0
0
0
0
0
0
0
0
0
0
0
0
0
0
0
0
0
0
0
0
0
0
0
0
0
0
0
0
0
0
0
0
0
0
0
0
0
0
0
0
0
0
0
0
0
0
0
0
0
0
0
0
0
0
0
0
0
0
0
0
0
0
0
0
0
0
0
0
0
0
0
0
0
0
0
0
0
0
0
0
0
0
0
0
0
0
0
0
0
0
0
0
0
0
0
0
0
0
0
0
0
0
0
0
0
0
0
0
0
0
0
0
0
0
0
0
0
0
0
0
0
0
0
0
0
0
0
0
0
0
0
0
0
0
0
0
0
0
0
0
0
0
0
0
0
0
0
0
0
0
0
0
0
0
0
0
0
0
0
0
0
0
0
0
0
0
0
0
0
0
0
0
0
0
0
0
0
0
0
0
0
0
0
0
0
0
0
0
0
0
0
0
0
0
0
0
0
0
0
0
0
0
0
0
0
0
0
0
0
0
0
0
0
0
0
0
0
0
0
0
0
0
0
0
0
0
0
0
0
0
0
0
0
0
0
0
0
0
0
0
0
0
0
0
0
0
0
0
0
0
0
0
0
0
0
0
0
0
0
0
0
0
0
0
0
0
0
0
0
0
0
0
0
0
0
0
0
0
0
0
0
0
0
0
0
0
0
0
0
0
0
0
0
0
0
0
0
0
0
0
0
0
0
0
0
0
0
0
0
0
0
0
0
0
0
0
0
0
0
0
0
0
0
0
0
0
0
0
0
0
0
0
0
0
0
0
0
0
0
0
0
0
0
0
0
0
0
0
0
0
0
0
0
0
0
0
0
0
0
0
0
0
0
0
0
0
0
0
0
0
0
0
0
0
0
0
0
0
0
0
0
0
0
0
0
0
0
0
0
0
0
0
0
0
0
0
0
0
0
0
0
0
0
0
0
0
0
0
0
0
0
0
0
0
0
0
0
0
0
0
0
0
0
0
0
0
0
0
0
0
0
0
0
0
0
0
0
0
0
0
0
0
0
0
0
0
0
0
0
0
0
0
0
0
0
0
0
0
0
0
0
0
0
0
0
0
0
0
0
0
0
0
0
0
0
0
0
0
0
0
0
0
0
0
0
0
0
0
0
0
0
0
0
0
0
0
0
0
0
0
0
0
0
0
0
0
0
0
0
0
0
0
0
0
0
0
0
0
0
0
0
0
0
0
0
0
0
0
0
0
0
0
0
0
0
0
0
0
0
0
0
0
0
0
0
0
0
0
0
0
0
0
0
0
0
0
0
0
0
0
0
0
0
0
0
0
0
0
0
0
0
0
0
0
0
0
0
0
0
0
0
0
0
0
0
0
0
0
0
0
0
0
0
0
0
0
0
0
0
0
0
0
0
0
0
0
0
0
0
0
0
0
0
0
0
0
0
0
0
0
0
0
0
0
0
0
0
0
0
0
0
0
0
0
0
0
0
0
0
0
0
0
0
0
0
0
0
0
0
0
0
0
0
0
0
0
0
0
0
0
0
0
0
0
0
0
0
0
0
0
0
0
0
0
0
0
0
0
0
0
0
0
0
0
0
0
0
0
0
0
0
0
0
0
0
0
0
0
0
0
0
0
0
0
0
0
0
0
0
0
0
0
0
0
0
0
0
0
0
0
0
0
0
0
0
0
0
0
0
0
0
0
0
0
0
0
0
0
0
0
0
0
0
0
0
0
0
0
0
0
0
0
0
0
0
0
0
0
0
0
0
0
0
0
0
0
0
0
0
0
0
0
0
0
0
0
0
0
0
0
0
0
0
0
0
0
0
0
0
0
0
0
0
0
0
0
0
0
0
0
0
0
0
0
0
0
0
0
0
0
0
0
0
0
0
0
0
0
0
0
0
0
0
0
0
0
0
0
0
0
0
0
0
0
0
0
0
0
0
0
0
0
0
0
0
0
0
0
0
0
0
0
0
0
0
0
0
0
0
0
0
0
0
0
0
0
0
0
0
0
0
0
0
0
0
0
0
0
0
0
0
0
0
0
0
0
0
0
0
0
0
0
0
0
0
0
0
0
0
0
0
0
0
0
0
0
0
0
0
0
0
0
0
0
0
0
0
0
0
0
0
0
0
0
0
0
0
0
0
0
0
0
0
0
0
0
0
0
0
0
0
0
0
0
0
0
0
0
0
0
0
0
0
0
0
0
0
0
0
0
0
0
0
0
0
0
0
0
0
0
0
0
0
0
0
0
0
0
0
0
0
0
0
0
0
0
0
0
0
0
0
0
0
0
0
0
0
0
0
0
0
0
0
0
0
0
0
0
0
0
0
0
0
0
0
0
0
0
0
0
0
0
0
0
0
0
0
0
0
0
0
0
0
0
0
0
0
0
0
0
0
0
0
0
0
0
0
0
0
0
0
0
0
0
0
0
0
0
0
0
0
0
0
0
0
0
0
0
0
0
0
0
0
0
0
0
0
0
0
0
0
0
0
0
0
0
0
0
0
0
0
0
0
0
0
0
0
0
0
0
0
0
0
0
0
0
0
0
0
0
0
0
0
0
0
0
0
0
0
0
0
0
0
0
0
0
0
0
0
0
0
0
0
0
0
0
0
0
0
0
0
0
0
0
0
0
0
0
0
0
0
0
0
0
0
0
0
0
0
0
0
0
0
0
0
0
0
0
0
0
0
0
0
0
0
0
0
0
0
0
0
0
0
0
0
0
0
0
0
0
0
0
0
0
0
0
0
0
0
0
0
0
0
0
0
0
0
0
0
0
0
0
0
0
0
0
0
0
0
0
0
0
0
0
0
0
0
0
0
0
0
0
0
0
0
0
0
0
0
0
0
0
0
0
0
0
0
0
0
0
0
0
0
0
0
0
0
0
0
0
0
0
0
0
0
0
0
0
0
0
0
0
0
0
0
0
0
0
0
0
0
0
0
0
0
0
0
0
0
0
0
0
0
0
0
0
0
0
0
0
0
0
0
0
0
0
0
0
0
0
0
0
0
0
0
0
0
0
0
0
0
0
0
0
0
0
0
0
0
0
0
0
0
0
0
0
0
0
0
0
0
0
0
0
0
0
0
0
0
0
0
0
0
0
0
0
0
0
0
0
0
0
0
0
0
0
0
0
0
0
0
0
0
0
0
0
0
0
0
0
0
0
0
0
0
0
0
0
0
0
0
0
0
0
0
0
0
0
0
0
0
0
0
0
0
0
0
0
0
0
0
0
0
0
0
0
0
0
0
0
0
0
0
0
0
0
0
0
0
0
0
0
0
0
0
0
0
0
0
0
0
0
0
0
0
0
0
0
0
0
0
0
0
0
0
0
0
0
0
0
0
0
0
0
0
0
0
0
0
0
0
0
0
0
0
0
0
0
0
0
0
0
0
0
0
0
0
0
0
0
1.02498
1.26718
1.10667
1.05649
1.02498
1.21498
1.03094
1.65251
1.13181
1.02862
1.0844
1.02847
1.02498
1.10518
1.08123
1.083
1.0472
1.17888
1.11081
1.03183
1.024
1.25739
1.50529
1.03414
1.11543
1.15651
1.02498
1.10756
1.0816
1.12935
1.02607
1.10897
1.09278
1.024
1.51049
1.2725
1.18936
1.05393
1.02941
1.0625
1.08555
1.024
1.06409
1.2206
1.13835
1.14004
1.16094
1.024
1.024
1.28277
1.02869
1.04271
1.19025
1.02982
1.02498
1.38883
1.02982
1.0251
1.10529
1.06287
1.12588
1.41786
1.08333
1.06641
1.09341
1.06949
1.55704
1.2289
1.02498
1.05043
1.024
1.02845
1.07168
1.24039
1.17678
1.13052
1.024
1.05232
1.07887
1.13383
1.03511
1.04841
1.07818
1.02498
1.19846
1.03407
1.02498
1.03958
1.30017
1.12472
1.02498
1.10021
1.07983
1.03915
1.05975
1.51302
1.15011
1.02885
1.02758
1.32972
1.02865
1.02498
1.024
1.18735
1.03073
1.02498
1.024
1.024
1.02498
1.15521
1.11523
1.03727
1.15294
1.17149
1.0558
1.13725
1.17388
1.03139
1.02823
1.26392
1.21374
1.11419
1.11209
1.03093
1.02705
1.14454
1.33532
1.04881
1.55923
1.02796
1.05374
1.10376
1.0267
1.0364
1.02498
1.03255
1.024
1.05327
1.39442
1.02848
1.08986
1.024
1.08587
1.07586
1.05835
1.02627
1.23197
1.04607
1.23543
1.02498
1.15431
1.31738
1.2159
1.0426
1.09358
1.02498
1.04738
1.14489
1.02498
1.30094
1.19929
1.11477
1.13835
1.02498
1.17739
1.03218
1.024
1.02498
1.20027
1.03396
1.02645
1.22984
1.13732
1.38703
1.33459
1.09747
1.21237
1.13111
1.02825
1.04422
1.06883
1.43421
1.33419
1.09171
1.02786
1.38343
1.13155
1.06292
1.1004
1.02499
1.23685
1.07196
1.024
1.18186
1.44668
1.2787
1.02813
1.04359
1.07749
1.27747
1.02498
1.11004
1.51704
1.28909
1.02498
1.15981
1.15202
1.02704
1.02498
1.024
1.02867
1.05529
1.02498
1.024
1.08406
1.029
1.024
1.05845
1.05295
1.03009
1.02568
1.30531
1.024
1.0309
1.05658
1.04378
1.08051
1.06463
1.02498
1.53638
1.024
1.02569
1.58771
1.04245
1.27343
1.18782
1.04766
1.02498
1.02553
1.03192
1.02498
1.03143
1.07563
1.20645
1.09886
1.11245
1.0301
1.06936
1.04461
1.03307
1.17173
1.02968
1.37892
1.41343
1.03126
1.024
1.07845
1.12946
1.024
1.024
1.02512
1.0313
1.1102
1.54447
1.024
1.02498
1.024
1.33639
1.18852
1.04393
1.08056
1.12357
1.17776
1.29309
1.07847
1.024
1.06724
1.05386
1.13114
1.06657
1.0536
1.07425
1.19536
1.1078
1.04143
1.0375
1.03838
1.024
1.08375
1.02498
1.13235
1.48955
1.02601
1.05325
1.02732
1.21553
1.39945
1.024
1.024
1.15046
1.024
1.02936
1.10023
1.06668
1.024
1.15061
1.02858
1.04464
1.42872
1.024
1.02498
1.02884
1.72686
1.024
1.024
1.10567
1.0274
1.024
1.21983
1.02703
1.25777
1.12227
1.34073
1.10623
1.55568
1.02831
1.14936
1.024
1.30518
1.0871
1.024
1.11231
1.38292
1.03456
1.11202
1.03591
1.05688
1.21869
1.02503
1.024
1.024
1.02498
1.52562
1.13642
1.02636
1.03748
1.15415
1.02498
1.06985
1.26267
1.024
1.20603
1.10188
1.06787
1.1942
1.26091
1.02498
1.11912
1.02498
1.02618
1.02498
1.15984
1.02498
1.27255
1.024
1.02721
1.12895
1.27503
1.024
1.04008
1.05451
1.024
1.23844
1.04394
1.35003
1.024
1.51749
1.02791
1.17745
1.024
1.33927
1.02498
1.024
1.03708
1.17645
1.0458
1.10201
1.028
1.19407
1.02498
1.0376
1.02498
1.34825
1.67296
1.03158
1.0937
1.23002
1.024
1.04683
1.2768
1.02498
1.02498
1.024
1.45283
1.02498
1.38732
1.02498
1.02499
1.02498
1.02498
1.17733
1.02498
1.02779
1.03941
1.0379
1.86104
1.02942
1.06887
1.60103
1.03397
1.02849
1.02498
1.024
1.024
1.02498
1.02784
1.24265
1.08209
1.18518
1.03084
1.02914
1.02498
1.02632
1.02498
1.02498
1.37676
1.12479
1.05827
1.024
1.02498
1.38275
1.2674
1.05028
1.02606
1.29911
1.02498
1.17953
1.02498
1.09235
1.02498
1.14099
1.10617
1.44233
1.44088
1.024
1.22349
1.1012
1.02527
1.08312
1.05752
1.13367
1.27564
1.186
1.06154
1.024
1.20627
1.02699
1.02542
1.02498
1.04121
1.07696
1.12681
1.02498
1.06627
1.02498
1.56266
1.024
1.0251
1.33143
1.14933
1.024
1.21849
1.05108
1.05051
1.07695
1.02498
1.1916
1.14845
1.29888
1.02498
1.03173
1.03621
1.32385
1.10277
1.22601
1.07459
1.04629
1.16081
1.03689
1.09666
1.024
1.024
1.024
1.16374
1.0309
1.02498
1.05915
1.03732
1.024
1.17436
1.03959
1.17435
1.06912
1.09977
1.08424
1.06075
1.0669
1.22432
1.02498
1.03254
1.20232
1.024
1.024
1.06358
1.04881
1.25343
1.024
1.28939
1.08361
1.07334
1.23409
1.03073
1.18599
1.18867
1.12129
1.04892
1.22452
1.08005
1.02498
1.06219
1.02498
1.024
1.12905
1.03269
1.14467
1.53138
1.10968
1.02498
1.23786
1.02498
1.024
1.02498
1.03193
1.11391
1.18718
1.15471
1.09286
1.07419
1.024
1.024
1.05946
1.24558
1.024
1.024
1.27006
1.02513
1.05789
1.02845
1.02996
1.32773
1.024
1.024
1.05713
1.23754
1.02498
1.21775
1.02918
1.024
1.15166
1.06746
1.12683
1.13452
1.02877
1.02501
1.024
1.024
1.03018
1.21365
1.33547
1.02988
1.02498
1.024
1.07093
1.1039
1.32787
1.06419
1.02498
1.03851
1.04412
1.09835
1.024
1.2073
1.02763
1.32899
1.024
1.0885
1.024
1.24231
1.04613
1.024
1.1824
1.22506
1.33346
1.024
1.28829
1.20926
1.0337
1.14988
1.05029
1.02498
1.08556
1.02648
1.02498
1.02498
1.14357
1.02498
1.024
1.4458
1.024
1.07658
1.0992
1.024
1.02498
1.02498
1.024
1.29399
1.05952
1.03277
1.10681
1.11109
1.21152
1.07057
1.11719
1.06087
1.02498
1.04377
1.1004
1.07634
1.02629
1.05358
1.024
1.09499
1.05573
1.05582
1.04293
1.12849
1.26835
1.03206
1.02498
1.024
1.24072
1.02661
1.03357
1.02969
1.02498
1.04606
1.02498
1.1138
1.33028
1.16768
1.04889
1.04426
1.43607
1.02833
1.14232
1.05121
1.52614
1.3297
1.02498
1.49605
1.30404
1.024
1.0257
1.024
1.21084
1.02688
1.05755
1.25493
1.02498
1.0489
1.03031
1.02661
1.26096
1.05276
1.37341
1.024
1.08734
1.02853
1.02514
1.03447
1.024
1.22302
1.41504
1.1635
1.02498
1.20347
1.25408
1.19099
1.0473
1.06628
1.02498
1.024
1.05664
1.024
1.14551
1.02498
1.02498
1.06488
1.27651
1.0346
1.18627
1.09001
1.02498
1.25898
1.05194
1.03534
1.08451
1.02498
1.0389
1.06538
1.41053
1.024
1.03267
1.02498
1.02498
1.03522
1.1379
1.03532
1.21399
1.1503
1.02607
1.05963
1.151
1.02633
1.53808
1.03005
1.04505
1.02689
1.024
1.024
1.03299
1.02661
1.02576
1.109
1.06771
1.31346
1.29358
1.14817
1.15101
1.02498
1.19595
1.08754
1.0864
1.02498
1.02624
1.27237
1.06058
1.08956
1.02498
1.27768
1.07141
1.024
1.2943
1.08925
1.27475
1.11425
1.07142
1.05796
1.11257
1.15483
1.02498
1.02887
1.03242
1.33631
1.28867
1.024
1.02652
1.12886
1.49523
1.02902
1.16394
1.02893
1.16012
1.27706
1.097
1.04562
1.02498
1.024
1.024
1.02498
1.03085
1.4241
1.19346
1.14037
1.04456
1.02609
1.05601
1.02498
1.02498
1.22854
1.14762
1.024
1.21896
1.04022
1.02498
1.02862
1.02498
1.10367
1.36402
1.07221
1.15126
1.07357
1.02498
1.024
1.09045
1.18165
1.25544
1.024
1.02815
1.03988
1.02498
1.02504
1.02621
1.04371
1.02498
1.10312
1.21249
1.02498
1.39776
1.32881
1.25247
1.04729
1.14532
1.02498
1.20105
1.42864
1.37317
1.02498
1.04341
1.02498
1.03901
1.02646
1.024
1.024
1.17382
1.05726
1.02642
1.024
1.20662
1.17964
1.02498
1.024
1.31641
1.03345
1.48364
1.02498
1.024
1.04463
1.02498
1.12276
1.14342
1.024
1.31301
1.02835
1.08448
1.02772
1.02498
1.02499
1.03654
1.024
1.44332
1.03157
1.31102
1.02526
1.04817
1.024
1.07158
1.0956
1.099
1.03041
1.04573
1.18434
1.028
1.02498
1.15276
1.12932
1.03448
1.02498
1.02498
1.0443
1.024
1.02498
1.35791
1.024
1.50287
1.11672
1.03892
1.02498
1.024
1.03228
1.03377
1.38925
1.3345
1.02665
1.024
1.05797
1.05238
1.14811
1.05268
1.03411
1.10971
1.2137
1.02498
1.07042
1.09769
1.03865
1.02498
1.024
1.17282
1.03268
1.0712
1.04
1.34883
1.37063
1.30292
1.04356
1.13039
1.03901
1.53492
1.1795
1.03136
1.26099
1.0282
1.024
1.1049
1.29076
1.05582
1.12591
1.05175
1.12242
1.2165
1.56117
1.02669
1.1189
1.02498
1.08271
1.05243
1.0628
1.03052
1.09746
1.05291
1.18159
1.03078
1.02928
1.27208
1.024
1.12919
1.09194
1.04963
1.24966
1.11809
1.024
1.07067
1.38598
1.35726
1.0637
1.02585
1.05029
1.03766
1.12373
1.0336
1.25527
1.024
1.026
1.07445
1.024
1.16509
1.07828
1.33438
1.24778
1.03764
1.10377
1.09957
1.02609
1.04918
1.06934
1.39731
1.02887
1.02498
1.024
1.37741
1.27167
0.880233
0.822543
0.874729
0.88114
0.837764
0.933839
0.901151
0.911177
0.862625
0.937782
0.852177
0.945704
0.825795
0.819837
1.08747
0.932734
0.962686
1.06101
0.874282
1.0151
1.34721
1.19707
0.950055
1.35613
0.836097
0.819689
1.15094
0.916888
1.38588
1.12155
0.826277
0.835043
0.85811
0.854553
0.880787
0.966282
1.17604
0.821809
1.211
0.923864
0.960841
0.831789
1.14185
0.819689
1.06763
0.968169
1.02465
0.968508
0.830014
1.02816
0.975015
1.11902
0.981194
0.875233
0.821376
0.893742
0.819689
1.07189
1.03981
0.819689
1.13569
0.97238
0.970961
1.12205
0.819968
1.09374
0.907899
0.882738
0.853703
0.972703
0.871877
1.38459
0.843657
1.01323
1.39437
1.08258
0.906456
0.96304
1.01652
0.819689
0.839671
0.820533
0.929137
0.984947
1.02835
1.3885
1.27841
0.832915
0.982125
0.867485
1.1583
0.834494
1.07839
0.942996
0.852004
1.04479
0.965993
0.819689
0.819689
0.972347
1.40257
0.872007
1.18637
0.958547
1.13119
1.18742
0.851385
1.10974
0.8192
1.37793
0.925476
0.862082
0.828715
0.939305
0.820762
0.825153
0.829335
1.11724
1.04651
0.827006
0.836979
0.920201
0.857981
0.853132
1.42153
1.19317
0.844219
0.819689
1.24108
1.03207
0.936225
0.987147
1.04195
1.15045
0.819689
1.04883
0.933242
0.829483
0.837398
0.975756
0.906208
1.12621
0.819689
1.23245
1.0776
1.128
1.3368
0.819689
0.865701
0.827931
1.0452
0.859585
1.11976
0.926166
1.01557
0.838923
1.05199
1.15503
1.05995
0.873696
0.880973
0.873834
1.13788
0.825171
1.04436
1.23044
1.30026
1.14951
1.08391
1.48267
0.880917
0.888056
0.971651
0.941936
0.866946
0.913542
0.947859
1.15098
1.08513
0.945788
0.948763
0.939715
1.01819
0.905046
0.853783
0.979262
0.831811
0.879107
0.993
0.895534
0.819689
0.915623
1.2065
0.964637
0.951947
0.892668
1.20319
0.836925
0.846065
1.18216
0.907202
0.884669
0.832978
0.8192
0.822935
0.863375
1.01466
0.888668
1.19569
1.03617
0.93811
0.904436
0.821978
0.832187
0.915984
1.09518
0.925473
0.947657
0.994461
0.819689
0.820654
0.854519
1.13897
0.826063
0.968787
0.819689
1.29597
1.07502
0.903719
0.842025
0.918462
0.821154
0.913701
0.948654
0.819689
1.18586
1.01356
0.825279
0.826571
1.28882
1.13117
1.25099
1.42554
0.8192
0.825302
1.04483
0.826186
0.930742
0.8192
0.913994
0.892621
0.819689
1.03848
1.0485
1.39586
0.912722
0.876945
1.10328
1.10974
0.873235
0.819689
0.82198
0.974449
0.97871
0.892244
0.871449
1.08755
1.09987
0.884778
0.910519
1.16434
1.19774
0.930907
0.819689
1.22241
0.918309
1.23521
1.17975
0.946622
0.854206
1.05438
1.30449
0.87416
0.821402
0.843598
0.8192
0.961171
1.25652
0.900142
1.58623
1.0878
0.850972
1.0194
0.934326
0.977738
0.824762
1.13995
1.00814
0.840165
0.890423
0.85214
0.968805
1.51055
0.907396
1.11721
0.822443
0.821599
0.981205
1.33542
0.973553
0.8192
0.92965
0.941022
0.964698
1.03789
0.819689
0.83681
1.25536
0.848321
0.889476
0.983185
0.843289
0.820632
0.869583
0.91778
0.931901
0.83222
1.0994
0.83424
1.00237
0.899517
1.21038
0.960272
0.902699
0.900927
1.04119
1.34026
0.829509
0.92172
0.819689
1.20765
0.940772
0.865253
0.970386
1.51125
1.10472
0.933536
1.20112
1.33104
0.937417
0.819689
0.988405
0.991689
0.941907
0.822129
0.819689
1.07879
1.08809
1.01442
0.858369
0.901778
1.09137
1.26523
0.964755
0.896578
0.89528
0.916473
0.830577
1.15043
1.04961
1.23454
0.834144
0.8192
1.16035
0.914228
1.1186
1.03972
0.950233
1.26733
1.04185
1.09812
0.98705
1.08165
0.819695
0.842538
0.819689
0.903007
0.888478
1.2159
1.09099
1.00578
0.892517
0.828528
1.10827
0.963043
1.05512
1.09704
0.83602
0.882389
0.823763
0.846744
1.12955
0.929213
1.21458
0.996206
0.826922
0.842893
0.953944
1.06376
0.989693
0.851093
1.07379
0.908376
0.912066
0.858687
1.0427
1.24007
1.00732
1.04767
0.924004
1.17768
0.916951
0.819689
1.02208
0.846536
0.972816
1.00814
0.86921
1.38082
1.21491
1.28145
1.11457
0.861179
0.94234
0.820388
0.829854
0.86073
0.820486
0.829564
0.96077
0.860024
0.819689
0.951917
0.870202
0.8192
0.859339
0.868825
0.84664
1.31053
0.834485
1.26911
1.02333
0.820661
0.826317
1.23683
1.40091
1.04319
1.09088
0.872734
0.819689
1.03168
1.08275
0.91682
0.822491
0.894397
0.91308
1.10196
1.11531
1.01585
1.23295
0.892217
0.836576
0.861645
1.16971
1.18729
0.819689
0.819818
1.21815
0.843096
1.03321
0.943355
0.859812
1.23917
0.940315
0.979107
1.00614
1.09683
0.899286
1.22669
1.36796
1.20489
1.3078
0.819689
0.8192
0.85401
1.10629
1.05553
0.886252
1.2988
1.1675
0.939091
1.30319
0.930583
0.992719
1.41851
0.8192
0.832718
1.12021
0.824359
0.917218
0.876686
0.8488
0.891558
1.13907
0.826954
0.831564
0.897926
1.06234
0.898799
1.35792
0.947991
1.12488
0.8192
0.83033
1.05141
0.825183
0.834957
0.885765
1.05071
0.846423
1.336
1.02479
0.98973
1.09252
0.841869
0.819689
0.960609
1.07242
1.02981
0.940798
0.830071
1.08384
0.850646
0.887961
0.857212
0.871451
1.07908
0.819689
0.873014
0.826886
0.983826
0.832088
0.835745
1.21406
1.04413
1.21639
0.819689
0.821943
0.950727
0.819689
1.04205
1.0449
0.963328
0.8366
1.13113
0.832266
1.11433
0.830558
1.01619
0.860255
1.31737
0.833627
0.83926
0.859675
0.99876
0.822376
0.905267
0.824938
0.934114
1.30516
0.985159
0.849183
1.31361
0.83464
0.900406
0.84321
0.994568
0.837789
1.11482
0.926119
1.17413
0.819689
1.65582
0.886817
0.929244
0.879335
0.819689
0.856641
0.828854
1.05027
0.833658
1.07663
1.22678
1.18002
1.07505
0.824593
0.895612
0.962231
0.8192
0.984193
0.846457
1.12876
1.25633
0.85976
1.02044
0.833896
0.99511
0.832132
0.948621
0.948865
0.850918
0.830478
0.880688
0.82292
0.887858
1.11935
0.823699
1.07245
1.114
1.06177
1.2538
0.841783
0.902982
0.867066
0.819689
0.913864
1.02602
0.969876
1.22577
0.945371
1.04989
0.827026
1.306
0.836846
0.881656
1.18779
0.875638
0.878073
0.981349
1.43253
0.916863
0.977601
1.04331
1.11424
1.09465
1.31447
0.847627
1.04889
1.30951
1.4531
0.8192
0.830689
1.15568
0.899976
0.959319
0.830132
0.960657
1.09204
0.820899
1.16945
1.12408
1.18949
1.10306
1.28716
1.12322
0.926658
0.938118
0.864333
0.863674
0.842994
0.836575
1.00952
1.15021
1.04131
0.837251
0.833101
0.852514
0.903188
0.898503
1.06141
0.935529
0.916138
0.949576
0.959921
0.826542
1.19948
1.65142
0.871684
0.8192
1.17809
0.97057
1.19553
0.819689
1.14197
0.950807
0.837675
1.266
0.975011
0.917215
0.88668
0.844455
1.1018
0.819689
1.07235
0.899234
1.17989
0.916417
0.866544
0.936512
0.8192
0.882258
1.20998
0.831985
0.890875
1.13062
0.976011
0.941996
0.819689
0.869604
0.9928
1.07575
0.93712
0.87234
0.92331
0.830639
0.827637
0.974433
1.29239
0.853181
0.888827
1.3624
1.28501
0.948335
1.25378
0.819689
0.819689
0.978313
1.33902
1.30022
0.878796
0.822439
0.87216
0.82193
0.883056
0.82691
0.826623
1.1217
0.854196
0.819689
1.04409
1.60994
0.950227
1.04097
0.820689
0.889736
0.878299
0.999863
0.867573
0.866154
0.821364
1.09061
0.830558
0.877214
0.98013
1.10199
0.925041
0.886729
0.962169
0.917169
1.01884
0.819699
0.840494
0.957298
1.22418
0.964706
0.843799
1.1735
0.856007
0.975253
0.868909
1.11054
0.846809
1.4394
0.885338
1.19881
1.00815
0.920341
0.88484
1.04066
0.830703
0.839346
0.839197
0.871981
1.52925
0.819689
0.834296
1.07203
0.87449
1.24259
1.07448
1.05341
0.889372
0.86681
1.06991
0.847678
1.1247
0.857858
1.0687
0.843289
1.29355
0.827957
0.996998
0.8192
1.09543
0.819689
0.822451
0.890924
0.829438
0.829509
1.08844
0.857624
0.977069
0.904171
1.1145
1.18773
0.905911
0.832724
0.891581
0.954536
1.0813
0.878543
1.47895
1.19902
1.24449
1.19202
0.956049
0.937437
1.03954
0.819701
1.11727
0.987424
0.81996
1.44424
0.878434
0.819689
0.877513
1.17513
1.23467
1.19606
1.2903
0.996109
1.13381
0.969021
1.00042
0.992443
0.991114
1.11012
0.958589
0.967048
1.0721
0.819689
1.23453
1.16214
0.829003
1.28677
0.819689
0.870776
0.874666
1.11497
0.847779
1.2184
1.00287
0.852185
0.972014
1.20406
1.48358
1.08964
0.944149
1.13594
1.54469
0.819689
1.0489
0.834709
0.870285
0.978855
0.862046
0.828351
0.8192
0.991638
0.836296
0.834803
0.98909
1.03126
1.20256
0.970088
0.995109
0.958396
1.08591
1.17664
0.958242
0.988812
0.844675
0.854164
0.902847
1.18022
0.90274
1.24026
0.970075
0.997678
0.838705
1.04984
1.21512
0.921786
1.18984
0.948984
1.20699
0.8192
1.17003
1.00952
0.822483
0.873801
1.16696
1.20984
0.819689
0.819689
1.17598
0.951882
0.819689
1.20355
1.27281
0.932946
1.11874
1.0423
0.841967
1.11981
0.848572
0.838018
1.30693
0.825794
0.895413
0.822074
0.828238
0.819689
0.819689
1.17541
1.04969
0.831426
0.967742
0.844305
0.860342
0.914055
0.906814
0.896195
1.59177
1.29034
0.8192
0.872252
1.54826
0.85752
0.84459
0.8192
1.09193
0.859658
1.16548
0.836119
0.911567
0.835573
0.819689
1.08028
0.944491
1.01564
1.11201
0.824476
0.8192
1.13844
1.1362
0.826409
0.861723
0.833894
0.908222
0.926816
1.4178
1.15654
0.832029
0.870849
0.819689
1.31846
0.90856
