-0.744305
0.255913
0.712282
-0.44505
0.416155
-0.133258
-0.526159
0.395322
-0.491651
-2.72729
-1.05014
-1.66856
-0.718364
0.197653
-1.92433
-1.55405
-1.32677
-1.11183
0.447423
-0.852805
-1.44913
-1.75784
-0.861445
-0.75979
-1.25999
0.189162
0.0903421
0.547104
-0.595492
-0.238694
0.0915842
-0.177642
-0.0395744
0.471851
-0.916203
0.23879
-0.24618
-1.18783
0.128582
0.160781
0.391921
0.105425
-1.73315
0.190931
0.237879
0.440644
-0.369875
-0.776458
-0.00116466
-0.615897
0.0170202
0.081259
-0.553823
-0.657361
0.78187
-1.55545
-0.679909
-2.16961
-1.13235
0.246626
0.383529
-0.467818
0.30539
-1.78749
-0.878106
0.118547
-0.629704
-0.34498
-0.60177
-0.267987
-0.431143
-0.7723
0.183724
-1.07045
-1.16919
-0.260888
0.0448492
-1.44397
-1.46231
0.450572
-0.0325525
0.135111
-0.688465
-1.56821
-0.349959
-0.370719
0.199318
-1.5376
0.193781
-2.93962
-0.0171671
-0.36509
0.199404
-0.523942
0.0644043
-0.753978
-0.23627
-0.929226
-0.598491
-0.860333
-0.162564
-0.920794
0.672429
0.377713
0.00462658
0.306298
-1.44989
-1.04807
-0.0371622
-0.390565
-1.29655
-2.13878
-1.38015
0.238985
-0.0205619
-0.676101
0.156499
0.155645
0.140458
-0.914568
-1.89679
-0.978817
-0.987442
-1.11061
-0.325136
-0.0452053
0.49802
0.189744
-0.399098
-0.146054
0.145794
-0.685471
0.598932
-0.205729
0.457663
-1.50453
-0.0265246
-0.0219499
-0.724481
0.618006
-0.290183
-1.51724
0.961615
-0.0357828
-0.17258
-0.441011
0.140881
-0.358447
0.425257
-1.07
-0.300694
-1.48534
-0.735508
-0.432427
-0.6607
-0.0934946
-0.789358
-1.37715
0.540212
-1.19197
0.0758618
0.502101
0.210691
0.0362084
0.197365
-0.185163
0.462554
-0.0901789
0.0911932
0.106557
-0.599757
-0.0607795
0.481471
-0.833212
-0.568791
-2.14704
-0.105566
0.108278
0.267606
-0.798728
-0.27543
-1.46783
-0.192173
0.307092
-0.264062
0.093841
-1.10048
-1.02794
0.319659
-0.420253
-1.77028
-0.921591
0.0863476
-0.515799
-0.196806
-0.15343
-0.500826
-0.786944
-0.357802
0.318216
-0.541519
0.209312
0.315767
-0.893155
-0.0576532
0.130117
0.0520295
-0.499481
-0.968303
-0.41328
0.698092
-0.783615
-0.189353
0.480104
0.0532137
0.27296
-0.613028
0.243496
-0.797154
-0.27379
0.00515593
-0.871223
-0.284371
-1.38304
-0.996487
-0.190867
-0.789799
-0.674432
0.526454
-1.53823
-0.227948
0.218585
0.289206
0.791483
-0.165772
0.17531
-2.45164
-0.737318
-0.404954
0.327662
0.534824
-1.18789
0.143073
0.03944
-0.0787002
-0.446297
-2.10189
0.264373
0.215378
0.195813
-1.81851
0.513231
-0.0999903
-1.38869
0.164393
-1.19573
-0.91535
0.201489
-0.591136
0.560351
0.420985
-0.766679
0.22844
-0.709694
0.536201
0.248297
-0.0840653
-1.15146
0.507527
0.283358
-0.815575
0.668824
0.182414
0.838498
0.159563
0.259001
0.392022
-0.219061
0.175153
0.174082
-0.155615
-1.51023
0.717076
-0.151267
0.251432
0.691032
0.534271
0.358618
0.197495
-0.272478
0.338071
-0.633135
-1.50915
-0.0704193
-1.41203
-0.148809
0.161978
-0.00267789
-0.471131
0.141111
-0.162118
0.238628
0.292358
0.152043
-1.33766
-0.787107
0.667967
0.28236
0.0891374
0.61566
0.155794
-0.842575
-1.84229
0.00785596
-0.145762
0.244526
-0.234434
-0.254888
0.069484
0.126007
0.394545
-0.00520519
0.494516
-0.672674
0.0095027
-0.461359
-0.278809
-0.173673
0.569136
0.568307
-0.0649481
-0.75958
0.191025
0.0165569
0.352998
0.295707
0.203077
0.765747
0.0101806
-0.95726
-1.93054
-0.79455
-0.542145
-0.234826
0.209639
-0.934217
-0.189742
0.0869665
-0.528721
-1.52352
-0.132863
0.035123
-1.62207
-1.66953
0.394779
-0.0517639
0.358547
-0.435568
-1.78418
-1.2547
-1.30458
0.282116
0.50221
-1.26865
-0.166356
0.0409409
-0.987235
-0.589718
0.238412
0.557148
-0.296097
-0.234679
-0.528995
0.101478
0.490226
-0.886799
0.171461
0.136141
0.468231
-1.15952
-0.0128972
0.381851
0.0869736
-0.230615
0.376179
-0.850297
-1.47701
0.139549
0.0282106
-1.01404
-0.416231
0.578963
-0.243154
-0.343624
-1.49571
-0.0337783
0.642027
-0.239567
0.216281
-0.645716
-0.97504
-0.490827
-1.94078
-0.897391
-0.146954
-1.62802
0.0692379
0.0676289
0.210016
0.703259
-1.83606
0.296258
-0.139709
-0.866957
0.0488458
-1.10029
-0.932862
-0.730186
-1.05576
-0.36051
-0.972797
-0.833451
-0.712186
-0.0430475
0.220015
0.0506685
-1.16529
-1.06249
-1.21088
0.0341484
0.291525
0.519071
0.732966
-0.453251
-0.00564971
-0.348801
0.316788
0.2419
-0.857956
-0.372144
-0.32094
0.23108
-1.18745
-0.639557
-1.07607
-0.931046
0.526835
0.353218
-0.846964
-0.957395
-0.845029
-0.0877132
-0.569473
0.069763
-1.29668
0.0729127
0.412168
-0.605211
-1.03255
-2.616
-0.838444
-0.274837
-0.875202
-0.182325
-0.443997
-0.4052
-1.04881
-2.92674
-0.0770956
-0.746368
-1.25702
-0.0479396
0.197752
0.324422
-0.455774
-0.176736
-0.543803
-0.401774
-1.3312
0.520419
0.735166
-0.463628
0.702906
-0.218509
0.731791
-1.14754
-0.402338
-1.65161
-0.0526658
-0.0994148
0.134724
-0.0409938
-0.769659
0.251841
0.336402
-2.01227
0.134384
0.148192
-2.14579
0.424072
-0.852768
0.082216
0.469614
-2.49672
0.0739634
-0.334552
0.0747148
0.561906
-0.87271
-1.56839
-1.35795
-1.52483
-0.496138
-2.35034
0.614566
0.407576
0.644837
0.170227
-1.26578
-0.729858
-1.22242
-0.175631
-0.177961
-1.08806
0.144819
-1.58562
-1.13709
0.485434
0.363714
0.52408
0.325103
-0.446259
0.154472
-1.76495
-0.172402
-0.0153478
-0.406325
-0.771136
-0.0415761
-0.259848
-0.462103
0.408509
-0.311541
-0.344203
-0.704977
0.715997
-0.102259
0.324174
0.357818
-0.546645
0.00907406
0.440186
-0.701689
0.0330229
0.188605
-0.348821
-0.204996
0.573473
0.509033
0.118345
0.704679
-0.323358
-0.380093
-1.86493
-0.837748
0.115298
0.914746
0.439425
-0.859463
-0.191355
-1.17341
0.401062
-0.469756
-2.6831
-0.0245883
-0.696216
0.0719682
-0.230177
-1.05168
-0.748315
0.364496
-0.225785
-2.03116
0.00116942
-0.539743
0.132
-0.692929
0.436426
-1.27286
-0.13059
0.0347563
-0.373046
-1.68483
-0.418325
-0.122567
-0.136995
0.241822
-1.35513
-0.586679
-1.60152
-0.935568
-1.01411
0.443472
0.160234
0.21323
-1.16722
-0.263847
-0.220326
0.468787
-0.606167
0.419057
-0.245958
-1.75488
0.700882
-0.16004
-0.320132
-0.644021
0.28029
0.26624
-0.164642
-0.0378184
0.331997
-0.691652
0.408839
-0.235103
0.700634
-0.88088
-1.03531
0.192975
-0.0487465
-0.676211
-0.264473
-0.532305
0.0331841
-1.11368
-0.574653
0.34192
-2.04375
-2.08831
-0.596947
0.270139
-0.887067
-0.160191
-0.224316
-0.678401
0.394479
-1.10837
-0.338275
0.0742954
0.568569
0.24553
0.344866
-0.700434
-0.353003
0.35385
0.246658
0.0078708
-1.81134
-0.483141
-0.823111
0.769998
-1.22028
0.309183
0.491239
0.0387856
-0.323603
-0.601391
0.179354
-2.04115
-1.389
0.10966
0.151066
-0.590394
0.484465
-0.642445
-1.3504
-1.54274
-0.170729
-0.267198
-1.13111
-0.0516757
0.183798
-0.160405
0.675884
0.311051
-0.323938
-0.707947
0.438011
-0.0410676
-0.214874
-0.0824243
-0.130406
0.064429
0.205105
-0.259452
-1.72326
-0.85406
-0.668678
-0.782706
-0.662172
0.0507771
-0.810993
-0.205724
0.42172
-0.334608
-0.153335
-0.969905
-1.17124
-2.2829
-0.547415
-1.85196
-1.24885
-0.654351
-0.589152
0.612198
0.203725
0.253302
-1.57841
-1.16036
-0.139154
0.567277
-0.192302
0.4497
-1.12833
0.0843053
0.626427
-1.04265
-2.12532
0.287214
-0.230213
-1.00869
-0.728983
0.138465
0.366464
0.402903
-0.0317128
0.140149
-1.40399
-0.885346
-1.16742
0.0566793
0.33261
0.55272
-0.213117
-0.129633
-2.08441
0.469453
-0.758496
-0.532768
0.502497
-0.2194
-0.860578
-0.215111
-0.395346
0.171037
-1.36394
0.242168
-0.564129
0.15788
-0.298932
-2.03531
-0.0616988
0.663156
-0.790089
-0.112098
-0.213467
0.226516
0.396437
0.0124566
0.387508
-0.139003
-1.14915
-0.783383
0.302351
-0.721588
0.148829
0.44681
0.356361
-0.943298
0.34772
-0.612803
0.136
0.0683512
-0.485926
-1.26861
-0.5633
0.299293
-0.906547
0.328352
-0.319201
0.502263
-0.202048
-0.427124
0.00517459
0.323941
0.298123
0.0250518
-1.29609
-1.11294
-1.09021
-0.498982
-0.912271
-0.873874
-0.696441
-0.519675
-0.57673
-3.45851
-0.791776
0.228062
-0.50182
-0.340121
-0.26285
-0.0114723
-0.611942
-0.0146185
0.694162
0.299758
0.262447
-1.22609
-2.18601
-0.317532
-0.794011
0.223248
0.310086
-2.35793
-0.486639
-0.0377793
-0.191826
-1.10696
-1.23148
0.716969
0.209634
-0.748812
-1.80363
-1.63028
-1.09348
0.144101
0.0556389
0.499118
-0.148633
-0.132499
-0.950795
0.403583
-1.03475
0.021113
0.556271
0.475093
0.168145
-0.154146
-1.35918
-0.729915
-0.196958
-1.0591
-0.912673
-0.711694
-1.27189
-1.91967
0.330238
-1.53406
-1.23291
0.08029
-1.08901
-0.700281
0.281413
0.207425
-1.41604
0.175602
-0.00725844
0.643092
-0.940126
-0.483243
-2.08494
-0.67514
-1.33007
-2.07185
0.46153
0.813181
0.287429
0.271874
-1.37657
-0.359564
-0.79551
-0.932025
-1.3681
-0.626913
-0.278094
0.406712
-0.126646
0.619698
-0.443207
0.247613
0.0920025
-0.154881
-1.26071
0.284889
-1.16069
-0.0303107
0.773536
-0.501647
0.428004
-0.512308
-1.26665
-0.207976
0.11639
0.707619
-1.0342
-1.26176
-1.4029
0.581237
0.330595
0.489578
-1.05583
-0.193549
-2.00621
0.212659
-0.626314
-0.722974
-1.42178
-0.240011
-0.267577
-1.66475
0.0402498
-1.61729
0.512458
-0.905356
-0.192749
-0.271327
-0.272451
-2.26526
0.285319
-0.564971
-0.406541
-0.12233
-0.252899
-0.195268
-1.13817
-0.677838
0.298818
0.131078
-0.0497323
-0.0759684
-1.07141
-1.61727
0.185862
-0.847037
-0.982402
0.358743
0.473831
0.223507
-0.218446
-0.199897
0.846824
0.560872
-0.701077
-0.668165
-0.428207
0.15747
0.11553
-1.52498
-0.954304
-0.795274
-0.990924
-1.49633
-0.993618
-1.68122
-1.31087
0.539421
-1.25365
-2.53961
-0.0405579
-0.678027
-1.06756
0.245854
-0.928207
-0.0771647
-1.36929
-1.56453
-0.336528
-1.29917
-0.286805
-0.381366
-0.647222
-1.49914
-1.0372
0.213143
0.818804
-0.0370507
0.608497
0.280416
0.615059
-0.311079
0.529812
0.285664
0.263338
-0.162729
-1.36988
-0.0801796
0.343037
-2.33009
0.261852
-0.939069
-0.123069
-1.43786
-0.324678
-0.544986
0.456993
-0.385207
0.215445
-0.208154
0.391583
-0.245985
0.290509
-0.574132
-0.245991
-0.212044
-0.652504
0.165191
-0.882212
0.134212
-1.66386
-0.98875
-0.0442932
-1.01023
0.511859
-0.358129
-0.315983
0.608071
-0.221754
0.311205
-0.779176
0.18206
0.239293
-0.187955
0.0823867
-0.163782
-0.411
0.231156
0.752183
0.0358797
-1.21563
-0.831354
0.40433
-0.55584
-0.00297255
-0.527122
-1.0073
-0.857635
-0.252365
-0.351227
0.430864
0.407387
-0.0982278
-0.137543
-0.104678
0.529214
0.20417
0.0442474
0.13595
-0.188093
0.130116
0.0891424
-0.247352
0.636666
0.0555986
0.575115
0.31574
-1.12182
-0.0320129
-1.76021
-0.663922
-0.502112
-1.65598
-0.722542
-1.02515
-0.753949
0.0825036
-0.261087
0.317417
0.301361
-0.335378
0.131254
-0.419772
0.373408
-0.68637
-1.07127
0.15623
-0.97017
0.479006
-1.29433
-0.373741
0.0213554
-0.118552
0.241971
-1.10054
-0.628551
-0.244187
-1.09359
-0.233189
0.140845
0.122612
0.414803
0.470941
-0.394256
-0.39634
-1.14078
-0.639162
-0.18393
0.37423
0.480711
0.203683
-0.0075081
-0.539292
0.339394
0.584498
0.0600112
0.478649
0.121455
-0.144647
0.499033
-0.394694
-0.670014
-0.561954
-0.315647
0.291921
0.442032
-0.342122
0.253801
-1.18139
-0.157833
-0.601757
-0.163403
0.0242957
0.708108
-1.45525
-0.58592
-0.667048
-0.225274
-0.93046
-0.504759
0.389653
0.149438
-0.197851
0.24424
-0.103016
0.894419
-1.06724
-1.09164
-0.140025
-0.0280139
-1.37651
0.260224
0.359716
-0.000163787
0.362296
-0.492985
-0.13596
-0.617942
0.139767
-1.00316
-0.469686
-1.81725
0.362947
0.516351
0.462457
0.10979
-0.0868585
-0.338964
-0.048028
-0.607337
-0.948848
-0.503237
0.0285985
-0.596224
-0.615077
-0.386936
0.441196
-0.31296
-0.289752
-0.654437
-0.220444
0.35356
-0.185165
-0.0407235
0.114387
0.257253
-0.485778
-0.65798
-0.738463
0.15751
0.57231
-0.573289
-0.971352
0.0138837
-0.340153
-0.805288
0.0372688
-0.956297
-0.89999
-0.0230017
0.0106592
-0.424313
-1.10151
-0.436669
-1.25125
-0.099584
0.270511
-0.336477
-0.427436
-0.285257
-0.116854
-0.0117012
-0.14898
-0.332708
-0.0859037
-0.190802
-0.314384
-0.259108
0.361354
-0.684398
-0.718176
0.0713502
0.0939318
0.313845
-0.724227
-0.547014
-0.658907
-0.595975
-0.404084
-0.382121
-0.973575
-0.683619
-0.486384
-0.443307
-0.274041
-0.239636
-0.416167
0.327115
-0.913548
0.0394308
-0.0488184
-0.768724
0.19434
-0.11815
-0.309667
-0.337251
-0.089336
-0.948288
-0.924915
-1.39275
-0.817522
-0.69404
0.510726
-0.0505868
-0.863178
-0.570417
-0.298914
0.0924109
0.158536
-0.197416
0.422303
-0.778318
-0.385406
-0.759476
-1.48021
-0.639585
-0.00636476
-0.433297
-0.832842
-1.77245
-0.150101
-0.788974
-1.33267
-0.547494
0.23499
-0.417545
0.549828
0.398655
-0.031556
0.329335
-0.067687
-0.798628
-0.230513
0.00923961
-0.15674
0.664381
0.446395
0.11976
0.542506
-0.700046
0.251094
0.0891829
0.181881
-0.135253
0.117756
-0.416242
-0.266596
0.026147
-0.608437
0.0141442
-0.373958
-0.363019
-0.548272
0.0146728
-2.06887
0.489647
-0.259926
-1.47039
0.0755944
0.463591
0.0191536
0.183102
0.394953
-0.384163
0.0887783
-0.243025
-0.303626
-0.796973
-0.467007
0.777447
-0.273597
-0.338054
0.397253
-1.55938
-0.0723873
0.12169
-1.23643
0.00653799
-0.393204
0.564605
-0.0252688
-0.556689
-1.7229
0.269454
0.183297
0.0839064
0.254063
0.247406
0.527571
-0.371307
-0.228983
-1.19183
-2.27928
-2.02202
-0.299982
-0.054084
0.179899
-0.294449
-1.65471
0.218583
0.45766
-0.156692
-0.141708
-0.037937
0.439941
-0.712905
0.116934
-0.835563
-0.238034
0.153057
0.183133
-0.955911
0.0352061
0.261851
0.423311
-1.07734
-0.0802568
-0.147973
0.117338
0.168573
-0.115571
-1.3475
-1.47498
-1.49217
0.464415
-2.36002
-1.17708
0.00229354
-0.0982085
-0.417325
-1.33865
-0.0711147
0.0695251
-0.441499
0.0548274
0.175224
-0.336018
-0.152589
0.0385618
-0.626148
-1.04265
-0.0803368
0.13494
-0.506782
0.272028
0.571891
0.161294
-0.0422848
-0.210779
-0.103319
-0.498365
0.25306
-0.759813
0.556079
-0.148296
-0.813023
0.149344
0.0786972
-0.303404
0.317995
-0.29857
-0.0910067
0.0774442
0.280265
-0.4734
-0.41423
0.155912
-0.52096
0.445886
0.165523
0.446271
0.815146
-0.168836
0.0594075
-0.0203273
-0.0790234
-0.829486
-1.12049
0.454116
0.114726
0.0949923
0.288596
-0.242597
-3.4248
-1.12985
0.103815
-0.116308
-0.237716
0.41098
-0.369496
0.171977
-1.37767
-0.195893
0.10257
0.139774
-1.11809
0.233546
0.254205
-0.133061
0.377075
-0.590825
-0.167253
-0.185266
-0.116768
0.673031
-0.488762
0.35956
-1.07082
-0.747569
0.316025
0.329811
-0.853913
0.187318
-0.297719
-1.39049
-0.0924228
-0.783566
-1.06749
-0.0139061
-0.236715
0.583282
0.384056
0.0888578
-0.0444529
-0.108831
-0.695958
-0.374863
-1.18788
0.258248
-0.193053
0.138644
-0.154987
0.295235
-0.339507
0.00559077
0.0481639
0.319742
-0.439758
-0.711852
0.443956
0.672971
-0.450591
-0.405591
0.193751
-0.0639446
-0.985528
0.193855
0.347181
0.467981
0.298065
-1.18381
-0.819291
0.0106592
0.352452
-0.341154
-0.546314
-0.262105
0.358441
0.569713
-0.00542395
-0.747343
-0.507145
-0.222039
0.240581
0.703371
0.235359
-0.354267
-0.147956
-0.359882
0.11114
-0.972479
-1.2995
0.111041
-0.415793
-0.641134
-0.00795523
0.212966
0.40782
-0.259917
0.0580863
-1.20637
-1.71288
-1.45338
0.46728
-0.0252298
-0.287139
-0.43706
-0.659171
0.362519
0.15425
0.494803
-1.18944
-0.000376124
-0.964928
0.198696
-0.94798
-0.11221
0.214654
0.303721
-0.399323
-0.295724
-0.778792
0.533289
-1.56879
0.040343
0.405044
0.44045
-0.110368
0.452426
-0.903871
-0.0021395
-0.0797017
-0.225354
0.545355
-0.574353
-0.191062
-0.793803
-0.156456
-0.261718
0.159977
0.199676
-1.18681
-0.117264
0.240007
0.257148
-0.540934
-0.664547
0.108405
-0.686387
-0.607022
0.539832
-0.258868
-0.635947
-0.245739
-0.213387
0.121735
-0.526906
-0.514998
0.300018
-0.144466
0.317755
-1.50426
0.228678
0.0173549
-0.0834294
-0.843399
-1.29479
-0.272099
-0.587486
0.250346
-0.300962
-0.358181
-0.0156518
0.455714
-1.08823
-0.471687
0.156068
-0.313248
-0.0305251
0.0904226
-1.42459
-0.211084
0.341927
0.729594
-0.891293
0.381516
-0.776545
-1.82126
-0.667152
0.242791
0.3726
0.540355
-0.516433
0.633687
0.0734275
-0.608037
-1.04871
-0.0224734
-0.173075
-0.2299
0.160687
-0.872322
-0.141336
0.167738
-0.930035
-1.14938
-0.0665743
0.295068
-0.60382
-0.0592257
-0.684135
-0.405766
-0.086506
0.449616
-0.162315
0.104756
-0.267747
0.414511
-2.72237
-0.0574531
-1.14724
0.199465
-0.0487324
0.115624
0.665263
0.141431
0.424665
0.386524
0.413027
-0.026828
0.0902001
-0.325609
-0.676047
0.193283
-0.522402
0.228616
0.303189
0.0661659
0.440948
0.631879
-0.44829
0.253425
-0.660865
0.461451
-0.804723
-0.628598
-0.841615
0.676985
-0.131923
-1.19709
-0.235564
0.202488
-0.155911
-1.08477
0.265168
0.172313
0.136706
0.00591545
-0.0682822
0.107496
0.129203
-0.751857
0.0416423
-0.0795598
-1.54937
-0.170922
-0.488046
-0.58368
0.204468
0.141542
0.332025
-0.770712
0.153391
-0.684039
0.584497
-0.535537
-0.194498
-1.55156
-1.21929
-0.781021
0.547093
-1.37263
-0.966123
0.0240222
0.525647
0.314064
-1.38937
0.173978
0.0995313
-0.485543
-0.486086
-0.320704
0.14956
0.0920853
-0.257548
0.239116
0.629365
0.422326
0.410211
0.0177956
-0.0575738
-0.666674
-0.158696
0.253839
-0.688472
-0.556718
0.411245
-0.534426
-0.315696
-2.05115
-0.378957
-0.16259
-0.718616
0.341247
-0.278563
0.0377267
0.27682
0.602488
0.046592
-0.527403
0.579002
0.514732
0.073347
0.162202
-0.0458712
-1.20653
0.378893
-0.195366
0.556692
-1.9281
0.581617
0.589462
-1.46675
0.154302
-0.710563
-1.26152
0.0886488
0.187487
0.174912
0.514616
-0.893537
-0.732088
-1.06112
-0.997686
0.343336
-0.142533
-0.688431
-0.101911
-0.179747
-0.577287
-0.270864
0.145536
-0.246693
0.506183
-1.38656
-0.191254
-0.288137
-0.21741
-1.02518
-0.124813
0.723352
-2.08556
0.114322
-0.441348
-0.801833
0.303789
-1.59026
-0.132524
-0.0189913
-0.765519
-0.370794
-1.29078
0.100548
-0.222154
-0.24681
0.0308656
0.330937
0.0577556
-1.04323
0.231481
-0.244613
-0.311626
-0.885262
-0.127861
-0.522249
-0.567312
0.0881753
-0.596684
-0.286967
-0.93657
0.110761
0.0952958
0.371783
-0.89017
0.629434
0.219879
-0.0577346
0.234909
0.00188075
-1.34803
-0.651125
-0.724353
-0.0941713
-0.393249
0.174249
-0.419264
0.33186
0.0245791
-1.71747
-1.27169
0.187767
0.608696
0.162015
-0.180738
-0.637472
0.256259
0.304337
-0.0206288
-0.554122
-2.0056
-0.232286
-1.43725
0.456548
-0.276792
0.335435
-0.177619
0.153898
-0.367119
0.581904
-0.693713
0.702042
-0.5913
-0.464157
0.133938
-0.925394
0.206408
-1.01646
-0.252678
-0.682375
0.379257
-0.0607692
-1.14683
-1.2331
-0.731092
0.227187
-0.79591
-0.406223
0.0141357
0.490661
0.419339
-0.00553669
0.364345
-0.243152
0.727621
0.028436
-0.881041
-0.863244
-1.02371
0.182784
-1.84774
-0.227875
0.186026
-0.404712
0.358419
-0.500717
0.246502
0.0201112
0.437742
0.42716
0.664101
0.0671048
0.155135
-1.35726
-1.40496
-0.258987
0.730465
-0.218479
-0.0427217
0.688434
-0.22414
-0.356419
0.283579
-1.01838
-0.28151
0.0281117
-0.14617
0.255744
0.0545715
0.159367
-0.32654
-0.298008
0.0569728
0.148649
0.16206
-0.278371
-0.0642333
-0.623509
-0.971909
-1.05702
0.0216406
0.142706
-1.44718
0.242287
0.10719
0.243451
-0.0603841
0.322368
0.594071
-0.362518
0.00261204
-0.944384
-1.6873
-0.294467
0.396576
-0.433242
-1.42916
0.303384
0.296444
-0.474008
0.516373
-0.651227
0.532824
-0.882514
-0.450311
0.0247994
-0.0210652
-0.135551
0.13567
-0.244775
0.2555
-1.1319
0.157252
0.235411
-1.30962
0.273848
0.128264
-0.564309
-0.507919
0.719025
-0.83105
-0.122037
-0.221851
0.534363
-0.973156
-0.0371712
0.428522
0.186584
-0.516801
0.221559
-0.419401
0.278898
-0.117439
0.587296
-1.07786
-0.162244
-0.332406
-0.492715
-0.380119
-0.661897
-0.144495
-0.0358752
0.284429
0.392522
-0.314106
0.245808
0.0415746
-0.36471
0.155939
0.0963577
-0.225293
-0.387856
0
0
0
0
0
0
0
0
0
0
0
0
0
0
0
0
0
0
0
0
0
0
0
0
0
0
0
0
0
0
0
0
0
0
0
0
0
0
0
0
0
0
0
0
0
0
0
0
0
0
0
0
0
0
0
0
0
0
0
0
0
0
0
0
0
0
0
0
0
0
0
0
0
0
0
0
0
0
0
0
0
0
0
0
0
0
0
0
0
0
0
0
0
0
0
0
0
0
0
0
0
0
0
0
0
0
0
0
0
0
0
0
0
0
0
0
0
0
0
0
0
0
0
0
0
0
0
0
0
0
0
0
0
0
0
0
0
0
0
0
0
0
0
0
0
0
0
0
0
0
0
0
0
0
0
0
0
0
0
0
0
0
0
0
0
0
0
0
0
0
0
0
0
0
0
0
0
0
0
0
0
0
0
0
0
0
0
0
0
0
0
0
0
0
0
0
0
0
0
0
0
0
0
0
0
0
0
0
0
0
0
0
0
0
0
0
0
0
0
0
0
0
0
0
0
0
0
0
0
0
0
0
0
0
0
0
0
0
0
0
0
0
0
0
0
0
0
0
0
0
0
0
0
0
0
0
0
0
0
0
0
0
0
0
0
0
0
0
0
0
0
0
0
0
0
0
0
0
0
0
0
0
0
0
0
0
0
0
0
0
0
0
0
0
0
0
0
0
0
0
0
0
0
0
0
0
0
0
0
0
0
0
0
0
0
0
0
0
0
0
0
0
0
0
0
0
0
0
0
0
0
0
0
0
0
0
0
0
0
0
0
0
0
0
0
0
0
0
0
0
0
0
0
0
0
0
0
0
0
0
0
0
0
0
0
0
0
0
0
0
0
0
0
0
0
0
0
0
0
0
0
0
0
0
0
0
0
0
0
0
0
0
0
0
0
0
0
0
0
0
0
0
0
0
0
0
0
0
0
0
0
0
0
0
0
0
0
0
0
0
0
0
0
0
0
0
0
0
0
0
0
0
0
0
0
0
0
0
0
0
0
0
0
0
0
0
0
0
0
0
0
0
0
0
0
0
0
0
0
0
0
0
0
0
0
0
0
0
0
0
0
0
0
0
0
0
0
0
0
0
0
0
0
0
0
0
0
0
0
0
0
0
0
0
0
0
0
0
0
0
0
0
0
0
0
0
0
0
0
0
0
0
0
0
0
0
0
0
0
0
0
0
0
0
0
0
0
0
0
0
0
0
0
0
0
0
0
0
0
0
0
0
0
0
0
0
0
0
0
0
0
0
0
0
0
0
0
0
0
0
0
0
0
0
0
0
0
0
0
0
0
0
0
0
0
0
0
0
0
0
0
0
0
0
0
0
0
0
0
0
0
0
0
0
0
0
0
0
0
0
0
0
0
0
0
0
0
0
0
0
0
0
0
0
0
0
0
0
0
0
0
0
0
0
0
0
0
0
0
0
0
0
0
0
0
0
0
0
0
0
0
0
0
0
0
0
0
0
0
0
0
0
0
0
0
0
0
0
0
0
0
0
0
0
0
0
0
0
0
0
0
0
0
0
0
0
0
0
0
0
0
0
0
0
0
0
0
0
0
0
0
0
0
0
0
0
0
0
0
0
0
0
0
0
0
0
0
0
0
0
0
0
0
0
0
0
0
0
0
0
0
0
0
0
0
0
0
0
0
0
0
0
0
0
0
0
0
0
0
0
0
0
0
0
0
0
0
0
0
0
0
0
0
0
0
0
0
0
0
0
0
0
0
0
0
0
0
0
0
0
0
0
0
0
0
0
0
0
0
0
0
0
0
0
0
0
0
0
0
0
0
0
0
0
0
0
0
0
0
0
0
0
0
0
0
0
0
0
0
0
0
0
0
0
0
0
0
0
0
0
0
0
0
0
0
0
0
0
0
0
0
0
0
0
0
0
0
0
0
0
0
0
0
0
0
0
0
0
0
0
0
0
0
0
0
0
0
0
0
0
0
0
0
0
0
0
0
0
0
0
0
0
0
0
0
0
0
0
0
0
0
0
0
0
0
0
0
0
0
0
0
0
0
0
0
0
0
0
0
0
0
0
0
0
0
0
0
0
0
0
0
0
0
0
0
0
0
0
0
0
0
0
0
0
0
0
0
0
0
0
0
0
0
0
0
0
0
0
0
0
0
0
0
0
0
0
0
0
0
0
0
0
0
0
0
0
0
0
0
0
0
0
0
0
0
0
0
0
0
0
0
0
0
0
0
0
0
0
0
0
0
0
0
0
0
0
0
0
0
0
0
0
0
0
0
0
0
0
0
0
0
0
0
0
0
0
0
0
0
0
0
0
0
0
0
0
0
0
0
0
0
0
0
0
0
0
0
0
0
0
0
0
0
0
0
0
0
0
0
0
0
0
0
0
0
0
0
0
0
0
0
0
0
0
0
0
0
0
0
0
0
0
0
0
0
0
0
0
0
0
0
0
0
0
0
0
0
0
0
0
0
0
0
0
0
0
0
0
0
0
0
0
0
0
0
0
0
0
0
0
0
0
0
0
0
0
0
0
0
0
0
0
0
0
0
0
0
0
0
0
0
0
0
0
0
0
0
0
0
0
0
0
0
0
0
0
0
0
0
0
0
0
0
0
0
0
0
0
0
0
0
0
0
0
0
0
0
0
0
0
0
0
0
0
0
0
0
0
0
0
0
0
0
0
0
0
0
0
0
0
0
0
0
0
0
0
0
0
0
0
0
0
0
0
0
0
0
0
0
0
0
0
0
0
0
0
0
0
0
0
0
0
0
0
0
0
0
0
0
0
0
0
0
0
0
0
0
0
0
0
0
0
0
0
0
0
0
0
0
0
0
0
0
0
0
0
0
0
0
0
0
0
0
0
0
0
0
0
0
0
0
0
0
0
0
0
0
0
0
0
0
0
0
0
0
0
0
0
0
0
0
0
0
0
0
0
0
0
0
0
0
0
0
0
0
0
0
0
0
0
0
0
0
0
0
0
0
0
0
0
0
0
0
0
0
0
0
0
0
0
0
0
0
0
0
0
0
0
0
0
0
0
0
0
0
0
0
0
0
0
0
0
0
0
0
0
0
0
0
0
0
0
0
0
0
0
0
0
0
0
0
0
0
0
0
0
0
0
0
0
0
0
0
0
0
0
0
0
0
0
0
0
0
0
0
0
0
0
0
0
0
0
0
0
0
0
0
0
0
0
0
0
0
0
0
0
0
0
0
0
0
0
0
0
0
0
0
0
0
0
0
0
0
0
0
0
0
0
0
0
0
0
0
0
0
0
0
0
0
0
0
0
0
0
0
0
0
0
0
0
0
0
0
0
0
0
0
0
0
0
0
0
0
0
0
0
0
0
0
0
0
0
0
0
0
0
0
0
0
0
0
0
0
0
0
0
0
0
0
0
0
0
0
0
0
0
0
0
0
0
0
0
0
0
0
0
0
0
0
0
0
0
0
0
0
0
0
0
0
0
0
0
0
0
0
0
0
0
0
0
0
0
0
0
0
0
0
0
0
0
0
0
0
0
0
0
0
0
0
0
0
0
0
0
0
0
0
0
0
0
0
0
0
0
0
0
0
0
0
0
0
0
0
0
0
0
0
0
0
0
0
0
0
0
0
0
0
0
0
0
0
0
0
0
0
0
0
0
0
0
0
0
0
0
0
0
0
0
0
0
0
0
0
0
0
0
0
0
0
0
0
0
0
0
0
0
0
0
0
0
0
0
0
0
0
0
0
0
0
0
0
0
0
0
0
0
0
0
0
0
0
0
0
0
0
0
0
0
0
0
0
0
0
0
0
0
0
0
0
0
0
0
0
0
0
0
0
0
0
0
0
0
0
0
0
0
0
0
0
0
0
0
0
0
0
0
0
0
0
0
0
0
0
0
0
0
0
0
0
0
0
0
0
0
0
0
0
0
0
0
0
0
0
0
0
0
0
0
0
0
0
0
0
0
0
0
0
0
0
0
0
0
0
0
0
0
0
0
0
0
0
0
0
0
0
0
0
0
0
0
0
0
0
0
0
0
0
0
0
0
0
0
0
0
0
0
0
0
0
0
0
0
0
0
0
0
0
0
0
0
0
0
0
0
0
0
0
0
0
0
0
0
0
0
0
0
0
0
0
0
0
0
0
0
0
0
0
0
0
0
0
0
0
0
0
0
0
0
0
0
0
0
0
0
0
0
0
0
0
0
0
0
0
0
0
0
0
0
0
0
0
0
0
0
0
0
0
0
0
0
0
0
0
0
0
0
0
0
0
0
0
0
0
0
0
0
0
0
0
0
0
0
0
0
0
0
0
0
0
0
0
0
0
0
0
0
0
0
0
0
0
0
0
0
0
0
0
0
0
0
0
0
0
0
0
0
0
0
0
0
0
0
0
0
0
0
0
0
0
0
0
0
0
0
0
0
0
0
0
0
0
0
0
0
0
0
0
0
0
0
0
0
0
0
0
0
0
0
0
0
0
0
0
0
0
0
0
0
0
0
0
0
0
0
0
0
0
0
0
0
0
0
0
0
0
0
0
0
0
0
0
0
0
0
0
0
0
0
0
0
