1.03562
1.19739
1.57325
1.02498
1.32385
1.07368
1.03978
1.24536
1.03022
1.024
1.02498
1.02498
1.02498
1.14099
1.024
1.024
1.024
1.024
1.33943
1.02719
1.02498
1.024
1.02498
1.02498
1.02498
1.16274
1.0884
1.37926
1.02501
1.04938
1.04604
1.07191
1.11573
1.2999
1.02498
1.16258
1.03546
1.02498
1.13155
1.23446
1.19474
1.09529
1.024
1.13392
1.16451
1.31039
1.02878
1.02498
1.0689
1.02567
1.11264
1.08911
1.0301
1.03503
1.62499
1.02498
1.02498
1.024
1.02498
1.27095
1.27879
1.0365
1.21223
1.024
1.02498
1.1431
1.02871
1.05304
1.02498
1.05026
1.04941
1.02643
1.1607
1.024
1.02498
1.04624
1.05652
1.024
1.024
1.30684
1.04757
1.11758
1.03325
1.024
1.07121
1.02839
1.1302
1.024
1.17465
1.024
1.0724
1.03077
1.17797
1.02498
1.10818
1.03512
1.05201
1.02946
1.02988
1.02498
1.08938
1.02498
1.51265
1.16592
1.09564
1.2249
1.024
1.02498
1.14486
1.04181
1.02498
1.024
1.024
1.22903
1.10856
1.02498
1.11521
1.08923
1.12943
1.02498
1.024
1.02498
1.02498
1.02498
1.05806
1.04959
1.28363
1.2175
1.02498
1.06808
1.17957
1.02872
1.42637
1.03804
1.24201
1.024
1.06466
1.10801
1.02859
1.42498
1.02862
1.024
1.92703
1.10776
1.05673
1.02816
1.09094
1.03846
1.28626
1.02498
1.05044
1.02498
1.0272
1.03768
1.02784
1.05822
1.02784
1.02498
1.34404
1.02498
1.06887
1.33293
1.18589
1.08619
1.1523
1.04875
1.31281
1.05195
1.11001
1.13716
1.02498
1.09956
1.32253
1.02498
1.02996
1.024
1.03962
1.12538
1.21236
1.02786
1.0425
1.024
1.06595
1.17177
1.04058
1.0822
1.02498
1.02498
1.14361
1.0379
1.024
1.02498
1.13313
1.03539
1.02498
1.08221
1.03233
1.02498
1.03124
1.18224
1.05077
1.10309
1.3352
1.02626
1.09986
1.16589
1.13866
1.03516
1.02498
1.03318
1.55269
1.02498
1.06211
1.39172
1.13412
1.17679
1.02647
1.10401
1.02715
1.03082
1.07066
1.02498
1.04186
1.02498
1.02772
1.07101
1.02506
1.02498
1.32941
1.024
1.08046
1.1789
1.22025
1.63477
1.07533
1.25115
1.024
1.02498
1.03871
1.31695
1.35938
1.024
1.12757
1.10853
1.09129
1.02812
1.024
1.23654
1.12341
1.13676
1.024
1.39171
1.07648
1.02498
1.12976
1.02498
1.02629
1.12345
1.02498
1.39799
1.34233
1.024
1.21051
1.02512
1.2977
1.22099
1.07461
1.02498
1.26639
1.20782
1.02555
1.48497
1.09349
1.69915
1.11092
1.22676
1.16017
1.05087
1.10941
1.23091
1.06598
1.024
1.51985
1.07317
1.24247
1.51974
1.37355
1.24741
1.1457
1.0714
1.19958
1.03052
1.02498
1.1066
1.024
1.07452
1.15338
1.06795
1.03819
1.17207
1.09809
1.15224
1.17696
1.08523
1.024
1.02498
1.5953
1.19823
1.07497
1.49481
1.09328
1.02766
1.024
1.09243
1.07143
1.18862
1.06442
1.04697
1.09202
1.14008
1.22177
1.05906
1.24157
1.026
1.12768
1.03338
1.04704
1.04989
1.3901
1.39025
1.07456
1.02498
1.12773
1.15829
1.2667
1.23717
1.13672
1.63761
1.09137
1.02498
1.024
1.02508
1.04512
1.08856
1.15666
1.02498
1.05064
1.09917
1.03108
1.024
1.05496
1.1498
1.024
1.02498
1.2201
1.08492
1.27097
1.02498
1.024
1.024
1.02498
1.21853
1.25537
1.02498
1.0708
1.06493
1.02498
1.03556
1.19605
1.28625
1.04094
1.05518
1.02952
1.11788
1.29044
1.02498
1.07734
1.14841
1.31228
1.02498
1.05941
1.20499
1.12023
1.0326
1.22861
1.02498
1.024
1.07724
1.08318
1.02498
1.04731
1.36298
1.0409
1.04211
1.02498
1.08105
1.50944
1.05272
1.15865
1.03708
1.02671
1.03854
1.024
1.02771
1.07422
1.024
1.12212
1.12369
1.14613
1.62002
1.024
1.2136
1.06738
1.02858
1.07931
1.02498
1.02518
1.02498
1.02855
1.02866
1.02524
1.02498
1.02555
1.12595
1.09775
1.10943
1.02498
1.02498
1.02498
1.04871
1.22005
1.39137
1.64365
1.02498
1.08804
1.03539
1.17945
1.15182
1.02498
1.03499
1.04522
1.15745
1.02624
1.02808
1.02498
1.02634
1.35988
1.24089
1.02498
1.02498
1.02498
1.06052
1.02715
1.09692
1.024
1.13325
1.28679
1.03473
1.02498
1.024
1.02974
1.07115
1.02498
1.06346
1.03534
1.02944
1.02896
1.024
1.05823
1.02771
1.024
1.08873
1.1664
1.20539
1.02498
1.07004
1.03523
1.05847
1.024
1.31949
1.58354
1.04906
1.59104
1.05633
1.4791
1.02498
1.04995
1.024
1.0568
1.03787
1.07902
1.11555
1.02498
1.20872
1.24686
1.024
1.11185
1.09038
1.024
1.26003
1.02883
1.1115
1.3358
1.024
1.06068
1.0589
1.07937
1.32973
1.02498
1.024
1.024
1.024
1.02498
1.024
1.3954
1.21373
1.4388
1.15295
1.02498
1.0266
1.02498
1.06715
1.06617
1.02498
1.17019
1.024
1.02498
1.37004
1.24491
1.40267
1.16422
1.02793
1.12064
1.024
1.05973
1.09401
1.03212
1.02498
1.07083
1.04827
1.02798
1.23964
1.04847
1.0502
1.02498
1.56155
1.10084
1.22188
1.24641
1.03684
1.08878
1.35287
1.02726
1.04724
1.1755
1.04528
1.04825
1.38559
1.36014
1.15784
1.54756
1.07472
1.04029
1.024
1.02876
1.15248
1.80566
1.2665
1.02498
1.05478
1.024
1.29813
1.03633
1.024
1.06235
1.02892
1.10785
1.08138
1.02498
1.0291
1.28912
1.07581
1.024
1.13499
1.028
1.14686
1.02722
1.21727
1.02498
1.08723
1.11205
1.02868
1.024
1.03597
1.06782
1.06859
1.13779
1.024
1.03925
1.02498
1.02498
1.02498
1.27755
1.09859
1.16864
1.02498
1.04526
1.05061
1.25723
1.03025
1.23047
1.06438
1.024
1.48393
1.05686
1.03191
1.02498
1.23263
1.16149
1.06328
1.09658
1.16791
1.02498
1.23633
1.05841
1.42737
1.02498
1.024
1.22678
1.05578
1.0301
1.03123
1.02904
1.1861
1.02631
1.02664
1.21099
1.024
1.024
1.02901
1.14466
1.02782
1.0797
1.07888
1.02498
1.244
1.02572
1.05623
1.18721
1.45587
1.19125
1.19219
1.03133
1.02962
1.26134
1.20415
1.0971
1.024
1.02498
1.02498
1.65906
1.02498
1.15558
1.36549
1.06181
1.05431
1.02568
1.18488
1.024
1.024
1.1424
1.09886
1.03721
1.34768
1.03507
1.02498
1.02498
1.08706
1.04567
1.02498
1.06221
1.26081
1.05141
1.5794
1.25903
1.05835
1.02668
1.27281
1.0941
1.03899
1.09141
1.08218
1.08958
1.17224
1.04235
1.024
1.02498
1.03482
1.02498
1.03081
1.07812
1.02498
1.0681
1.24201
1.04578
1.07587
1.02498
1.024
1.024
1.03882
1.024
1.02498
1.02498
1.03084
1.39788
1.17356
1.22782
1.024
1.02498
1.07658
1.37267
1.05634
1.2864
1.024
1.16127
1.3773
1.02498
1.024
1.14626
1.04593
1.02498
1.02801
1.12982
1.33691
1.2565
1.06271
1.14192
1.024
1.02498
1.02849
1.06739
1.23407
1.33496
1.06341
1.08176
1.024
1.28418
1.02812
1.04011
1.21905
1.05979
1.02957
1.0571
1.02847
1.17492
1.024
1.23382
1.03284
1.11945
1.04197
1.024
1.09943
1.56404
1.02635
1.09798
1.03406
1.20434
1.38313
1.11093
1.19074
1.04579
1.02498
1.02498
1.25085
1.02498
1.15479
1.2882
1.21811
1.03442
1.23173
1.02498
1.17813
1.10361
1.04683
1.02498
1.03751
1.23219
1.02498
1.19632
1.06617
1.34077
1.0803
1.04601
1.06623
1.25506
1.20801
1.11861
1.024
1.02498
1.02498
1.02992
1.02498
1.02498
1.02718
1.02644
1.0422
1.024
1.02498
1.09448
1.04886
1.04297
1.05706
1.08738
1.04379
1.10757
1.50444
1.23799
1.16683
1.02498
1.024
1.03767
1.02623
1.18878
1.26797
1.024
1.04167
1.104
1.03219
1.024
1.024
1.62273
1.06618
1.02498
1.024
1.024
1.02498
1.15765
1.10607
1.33524
1.06458
1.08326
1.03021
1.25366
1.02498
1.09299
1.37228
1.33875
1.12372
1.0913
1.02498
1.02498
1.06132
1.02498
1.02498
1.02498
1.02498
1.024
1.23986
1.02498
1.024
1.13629
1.024
1.03324
1.2669
1.17032
1.024
1.18967
1.09188
1.50943
1.02498
1.0281
1.024
1.02759
1.024
1.024
1.31321
1.54632
1.2787
1.18377
1.024
1.03684
1.02801
1.02498
1.024
1.03119
1.04083
1.22756
1.09483
1.42639
1.02971
1.18313
1.07105
1.07684
1.024
1.22144
1.02498
1.06485
1.63708
1.03125
1.24601
1.02872
1.024
1.0638
1.1598
1.61286
1.02498
1.024
1.02683
1.38188
1.20013
1.3441
1.02612
1.08651
1.024
1.15678
1.02498
1.02524
1.024
1.0692
1.03924
1.024
1.1058
1.024
1.33658
1.024
1.04021
1.05132
1.09545
1.024
1.16522
1.03315
1.03714
1.07529
1.04206
1.05067
1.02841
1.02866
1.2218
1.1235
1.11349
1.11171
1.024
1.02498
1.12503
1.02709
1.02638
1.21608
1.25282
1.2536
1.05182
1.07885
1.7808
1.33913
1.02498
1.03154
1.04597
1.19346
1.17556
1.02498
1.02867
1.02794
1.02498
1.024
1.03311
1.024
1.024
1.3456
1.024
1.024
1.10821
1.03293
1.02498
1.18812
1.02498
1.10139
1.024
1.024
1.05161
1.024
1.03792
1.0271
1.02745
1.024
1.024
1.10645
1.72618
1.05132
1.39344
1.14088
1.50406
1.03737
1.47064
1.15431
1.19929
1.04845
1.024
1.05336
1.28436
1.024
1.23834
0.825527
0.928147
0.8192
0.865113
0.858571
1.18281
0.849225
1.20284
0.920653
1.26279
0.942825
1.14751
0.845516
0.977846
0.867742
0.841072
1.18362
0.826621
1.01033
0.819691
0.830433
0.897321
0.841819
1.33098
0.890882
0.897895
1.4311
0.875897
1.13269
0.833682
1.08208
1.04221
0.921078
0.97484
0.906694
0.919569
1.13176
1.62616
0.988374
0.888639
0.827711
1.19148
0.845103
0.91899
0.849007
0.822621
0.835493
0.882228
0.856049
1.30313
1.21826
0.939345
0.867732
0.928912
1.17605
1.06102
1.00353
0.982219
0.917512
0.985041
1.05317
0.871228
1.40847
1.00345
1.32019
1.17057
0.819704
0.997505
0.820779
0.834747
0.828259
0.819689
0.824496
0.83687
0.838915
0.957312
0.909293
1.11278
1.1347
0.8713
1.06776
0.870604
1.17041
0.82157
0.869259
0.98738
0.819689
1.22828
0.855406
0.885692
1.05074
0.964904
1.04363
0.835218
0.842943
0.983619
0.819689
0.92099
1.02195
1.0094
1.19256
1.26402
0.845668
0.839314
0.82216
0.832104
0.915482
1.20157
1.27113
1.12168
0.984456
0.881004
1.11902
1.35726
1.0548
1.20321
1.00056
0.929461
1.29242
0.866033
0.827293
0.837003
0.88683
1.19422
1.17139
0.912849
1.17335
0.829785
0.968457
0.837031
0.882872
0.911266
1.49211
0.883525
0.893049
0.836111
0.877653
0.824249
0.873311
1.14816
0.983555
0.904026
1.06367
0.901045
1.8389
0.820452
0.823912
0.921567
0.920512
0.819689
1.12476
1.13107
0.895486
1.16826
1.03668
0.940028
0.833738
0.941846
0.823575
0.840285
0.819689
1.18666
1.21962
1.29918
1.04035
0.899185
0.879258
0.931393
0.822728
0.821349
0.885015
0.958839
0.83466
0.870387
0.871031
1.24124
0.950076
0.929703
0.854173
0.869714
1.22782
1.00495
0.916856
1.13923
1.1297
0.822205
0.83575
0.833807
0.98025
1.46852
0.882243
0.819877
0.995811
0.862923
0.822483
0.944245
0.819689
0.922865
1.0263
0.901209
0.892828
0.819689
0.880347
0.824232
0.997045
1.13679
0.854188
0.85588
0.970651
0.924895
0.920185
0.959487
0.927485
0.98571
0.935411
0.889212
0.91065
1.10605
0.87435
0.820398
0.930239
0.959205
1.14811
0.822052
0.948242
0.875514
0.829036
0.829441
0.889738
0.878026
0.832469
0.843138
0.849469
0.857104
0.85075
0.848625
1.21825
0.824919
1.05951
0.930224
0.828297
1.04374
0.952576
0.927177
0.877269
0.897083
0.829429
0.835797
0.819689
0.828173
0.825504
1.29955
0.941343
0.827922
0.838797
0.85491
1.08322
1.02256
0.88815
1.22828
0.822059
0.948468
0.836897
0.830849
0.858163
0.906639
0.849398
0.827955
0.819689
1.0195
0.870554
0.847233
0.839699
1.05155
0.8237
1.33431
1.25115
0.956914
1.12925
0.934477
0.828726
0.920487
0.92201
0.962444
1.46097
1.31906
1.04712
1.36813
0.831902
1.049
0.979744
1.02237
0.911274
1.02438
0.894626
0.902211
0.891581
0.904911
0.92299
0.857627
0.843138
0.822821
0.97444
0.8192
1.37629
0.882443
0.8192
1.02295
1.27493
1.04329
1.08857
1.29959
0.859816
0.969042
0.903564
0.853695
0.826326
0.839948
1.62595
1.02744
0.905627
1.16153
0.824334
1.02411
1.0163
0.819689
0.930609
0.888248
1.36166
0.95647
0.939693
0.8192
1.12717
1.10605
1.01941
1.13932
1.07374
1.33431
0.864556
0.852162
0.819689
0.821087
0.8192
0.845476
0.951881
1.10481
0.880604
0.85576
1.09564
1.21862
0.965228
0.972732
1.03325
1.2755
0.865769
1.02426
0.819689
0.855692
1.08314
0.973525
0.824044
1.10281
1.18182
1.15329
0.819689
0.906511
0.880881
1.12319
1.07506
0.941626
0.819689
0.83529
0.8192
1.26944
0.819689
0.829159
0.958031
0.896389
0.842852
0.825313
0.994026
0.9727
0.826592
0.918527
1.07192
0.873234
0.9527
0.976757
0.823696
0.819689
1.01529
1.0893
0.847717
1.12361
1.35841
1.00128
1.02152
0.900825
1.15891
0.919867
1.12382
0.917656
1.31253
0.871421
0.844139
1.00259
0.923332
0.87341
1.09013
0.910071
0.909603
1.04498
1.13355
0.858925
0.92426
1.04833
0.871595
1.20397
1.02186
1.25989
1.61596
1.00826
1.07791
0.915126
0.93632
0.822935
0.819689
1.17921
0.990525
1.09786
1.162
0.916728
0.8192
0.822327
0.971353
0.926585
0.891795
1.14228
0.906052
1.18383
0.826836
0.898012
1.0539
1.026
0.819689
1.01556
1.03558
0.901973
1.24291
0.841589
0.943681
0.907041
0.937315
1.47425
0.830481
1.28293
0.819822
0.839076
1.26246
1.15567
0.835232
0.976104
0.890916
0.819689
0.906393
0.894442
0.82396
0.975299
0.942583
1.33615
1.18485
1.06558
0.950976
0.994782
0.821185
0.843855
0.821023
1.05219
0.898106
0.995608
0.908818
1.02484
0.869067
1.02103
1.03377
1.22659
0.992255
0.917151
1.18376
1.59602
0.863345
0.918385
1.01825
0.895138
0.837215
1.08136
1.13963
1.30268
1.06648
0.868129
0.939305
1.07711
1.2381
0.854112
0.863732
0.883328
1.37009
1.37426
0.946645
0.820771
0.976128
0.857308
1.1252
1.48248
1.04577
0.844125
0.88153
0.882314
0.970408
0.822188
0.819689
1.1309
0.848841
0.824849
1.01768
1.08392
1.14065
0.926149
1.0082
0.90325
0.884934
0.88702
1.30126
1.01333
0.875836
1.0284
1.02195
1.18132
1.11258
1.26875
0.819689
1.01273
0.827727
1.10497
0.925487
1.12921
1.10147
1.04831
0.842104
1.04283
0.82056
1.34264
0.819689
0.961504
1.14846
1.29048
0.893194
1.23168
0.819689
1.0013
0.964017
0.867479
1.30676
0.822931
0.897047
0.819767
0.923334
0.90269
1.12314
0.985869
0.838252
0.930036
1.14322
1.1322
0.82583
0.826048
1.16767
0.82731
0.833725
1.32776
0.940597
0.849656
0.935465
0.853789
1.04335
0.866319
0.94002
1.08084
0.935645
1.08158
0.819689
1.07172
0.990839
0.899609
0.822083
0.826243
0.857198
0.862924
1.10244
0.883726
0.839258
1.01387
1.15418
0.82774
0.947594
1.11317
1.01943
0.982365
0.973685
0.868827
1.02953
1.17578
1.53445
0.843889
1.06878
0.819689
0.819689
0.823444
1.09296
1.2061
1.37921
0.844038
1.42019
0.971901
0.837178
0.819689
0.917479
0.866905
0.926748
1.11104
0.823665
0.927434
1.04956
0.843964
0.819689
0.993662
1.03815
0.836692
0.999248
0.901722
0.828591
0.907598
1.28385
0.950864
1.0512
0.858106
1.18663
0.8192
0.902992
0.900377
1.08287
0.928938
1.03014
1.45354
1.12965
1.27823
1.30407
1.21548
0.887591
1.03725
0.895106
0.847024
1.05278
0.888666
1.04056
1.17204
0.90121
1.2069
1.40699
0.950394
1.35552
0.911895
1.1796
0.842582
0.867948
0.822134
1.55318
0.894303
0.819689
0.87662
1.04684
0.890609
0.824178
1.0618
0.982172
1.07687
0.911419
1.09181
1.04911
1.01349
0.822118
0.97263
0.98785
0.8192
0.987655
0.826738
0.994939
1.07125
0.961638
1.02563
0.853932
1.06838
0.853233
1.30055
0.853948
0.940077
0.81969
0.822645
0.819689
1.43848
0.819993
0.82071
1.01493
1.27636
1.11997
0.819689
1.07396
1.05852
0.911173
0.833714
0.864828
1.13383
0.976
0.948222
1.09102
1.45195
1.18565
1.19013
0.964888
0.983754
0.840846
0.930731
1.10749
0.828815
0.839776
1.22174
0.874236
0.923882
0.819689
0.862584
0.902501
0.829379
1.1475
0.833598
0.908326
1.17601
1.34543
0.945237
0.836352
1.37313
1.31953
0.98057
1.03456
0.97876
0.8192
1.15366
0.991853
1.29805
0.819689
1.29268
1.33501
0.819689
1.02052
0.848655
0.819689
1.0991
0.963041
1.13811
1.31127
0.819804
0.854351
0.826231
0.848417
1.18855
1.01938
0.936642
0.952149
0.883788
0.826314
0.876233
0.966162
0.916954
1.23948
0.819689
0.877184
0.893871
0.977273
0.823571
0.872644
1.55685
0.819689
0.993781
0.921819
0.820912
1.12715
0.819689
0.908013
0.906646
0.832002
0.910994
0.819689
1.07344
0.930356
1.01022
1.02329
1.20428
0.958237
0.825699
1.18158
0.862388
0.840179
0.825108
1.16543
0.861525
0.834005
0.99851
0.864304
0.899406
0.821667
0.965562
1.04096
1.1392
0.902364
1.36711
1.08879
0.993827
1.07988
0.932715
0.819689
0.821436
0.823782
0.91476
0.853716
0.995149
0.988076
1.14816
0.974585
0.819689
0.82056
1.15752
1.34188
1.11475
0.877155
0.840377
1.29561
1.07929
0.937101
0.867497
0.819689
0.933818
0.8192
1.29581
0.884831
1.12214
0.887433
1.10952
0.857796
1.3992
0.841874
1.58445
0.822305
0.847887
1.06921
0.912062
1.07643
0.819689
0.906182
0.832165
1.0966
0.954784
0.847309
0.819689
0.843098
1.02881
0.918528
0.870134
1.01668
1.18499
1.15556
0.913584
1.13031
0.917867
1.57462
1.03546
0.819689
0.826801
0.830441
1.04845
0.819689
0.863927
1.12747
0.843502
1.21887
0.835693
1.04654
1.0538
1.34216
1.25039
1.46059
1.00862
1.0827
0.819714
0.84777
0.886897
1.47328
0.87874
0.992019
1.45383
0.997481
0.864079
1.08542
0.836433
0.93774
0.924519
0.999236
1.08603
1.07136
1.06523
0.908362
0.880314
0.933116
1.10236
0.963015
0.85851
0.852704
0.840567
0.860082
0.878391
0.95892
0.937644
0.823465
1.1233
1.05977
1.07496
0.965944
1.12873
1.26912
0.838706
1.01116
0.819689
0.819689
0.85169
1.19359
0.854419
0.8192
1.17162
1.0648
1.05043
1.20789
0.846791
1.30664
0.840991
0.861106
0.912233
0.982926
0.931154
1.06212
0.84442
1.10981
0.819689
1.08079
1.10069
0.819689
1.08084
1.0086
0.861037
0.831442
1.6229
0.834946
0.889097
0.907603
1.36428
0.884096
0.967662
1.2935
1.02289
0.921505
1.1148
0.847899
1.04275
0.89658
1.44384
0.819689
0.873598
0.905552
0.865158
0.869435
0.861806
0.894728
1.0393
1.15511
1.2191
0.918085
1.13159
0.997594
0.83493
1.00158
0.910655
0.950075
0.880485
0
0
0
0
0
0
0
0
0
0
0
0
0
0
0
0
0
0
0
0
0
0
0
0
0
0
0
0
0
0
0
0
0
0
0
0
0
0
0
0
0
0
0
0
0
0
0
0
0
0
0
0
0
0
0
0
0
0
0
0
0
0
0
0
0
0
0
0
0
0
0
0
0
0
0
0
0
0
0
0
0
0
0
0
0
0
0
0
0
0
0
0
0
0
0
0
0
0
0
0
0
0
0
0
0
0
0
0
0
0
0
0
0
0
0
0
0
0
0
0
0
0
0
0
0
0
0
0
0
0
0
0
0
0
0
0
0
0
0
0
0
0
0
0
0
0
0
0
0
0
0
0
0
0
0
0
0
0
0
0
0
0
0
0
0
0
0
0
0
0
0
0
0
0
0
0
0
0
0
0
0
0
0
0
0
0
0
0
0
0
0
0
0
0
0
0
0
0
0
0
0
0
0
0
0
0
0
0
0
0
0
0
0
0
0
0
0
0
0
0
0
0
0
0
0
0
0
0
0
0
0
0
0
0
0
0
0
0
0
0
0
0
0
0
0
0
0
0
0
0
0
0
0
0
0
0
0
0
0
0
0
0
0
0
0
0
0
0
0
0
0
0
0
0
0
0
0
0
0
0
0
0
0
0
0
0
0
0
0
0
0
0
0
0
0
0
0
0
0
0
0
0
0
0
0
0
0
0
0
0
0
0
0
0
0
0
0
0
0
0
0
0
0
0
0
0
0
0
0
0
0
0
0
0
0
0
0
0
0
0
0
0
0
0
0
0
0
0
0
0
0
0
0
0
0
0
0
0
0
0
0
0
0
0
0
0
0
0
0
0
0
0
0
0
0
0
0
0
0
0
0
0
0
0
0
0
0
0
0
0
0
0
0
0
0
0
0
0
0
0
0
0
0
0
0
0
0
0
0
0
0
0
0
0
0
0
0
0
0
0
0
0
0
0
0
0
0
0
0
0
0
0
0
0
0
0
0
0
0
0
0
0
0
0
0
0
0
0
0
0
0
0
0
0
0
0
0
0
0
0
0
0
0
0
0
0
0
0
0
0
0
0
0
0
0
0
0
0
0
0
0
0
0
0
0
0
0
0
0
0
0
0
0
0
0
0
0
0
0
0
0
0
0
0
0
0
0
0
0
0
0
0
0
0
0
0
0
0
0
0
0
0
0
0
0
0
0
0
0
0
0
0
0
0
0
0
0
0
0
0
0
0
0
0
0
0
0
0
0
0
0
0
0
0
0
0
0
0
0
0
0
0
0
0
0
0
0
0
0
0
0
0
0
0
0
0
0
0
0
0
0
0
0
0
0
0
0
0
0
0
0
0
0
0
0
0
0
0
0
0
0
0
0
0
0
0
0
0
0
0
0
0
0
0
0
0
0
0
0
0
0
0
0
0
0
0
0
0
0
0
0
0
0
0
0
0
0
0
0
0
0
0
0
0
0
0
0
0
0
0
0
0
0
0
0
0
0
0
0
0
0
0
0
0
0
0
0
0
0
0
0
0
0
0
0
0
0
0
0
0
0
0
0
0
0
0
0
0
0
0
0
0
0
0
0
0
0
0
0
0
0
0
0
0
0
0
0
0
0
0
0
0
0
0
0
0
0
0
0
0
0
0
0
0
0
0
0
0
0
0
0
0
0
0
0
0
0
0
0
0
0
0
0
0
0
0
0
0
0
0
0
0
0
0
0
0
0
0
0
0
0
0
0
0
0
0
0
0
0
0
0
0
0
0
0
0
0
0
0
0
0
0
0
0
0
0
0
0
0
0
0
0
0
0
0
0
0
0
0
0
0
0
0
0
0
0
0
0
0
0
0
0
0
0
0
0
0
0
0
0
0
0
0
0
0
0
0
0
0
0
0
0
0
0
0
0
0
0
0
0
0
0
0
0
0
0
0
0
0
0
0
0
0
0
0
0
0
0
0
0
0
0
0
0
0
0
0
0
0
0
0
0
0
0
0
0
0
0
0
0
0
0
0
0
0
0
0
0
0
0
0
0
0
0
0
0
0
0
0
0
0
0
0
0
0
0
0
0
0
0
0
0
0
0
0
0
0
0
0
0
0
0
0
0
0
0
0
0
0
0
0
0
0
0
0
0
0
0
0
0
0
0
0
0
0
0
0
0
0
0
0
0
0
0
0
0
0
0
0
0
0
0
0
0
0
0
0
0
0
0
0
0
0
0
0
0
0
0
0
0
0
0
0
0
0
0
0
0
0
0
0
0
0
0
0
0
0
0
0
0
0
0
0
0
0
0
0
0
0
0
0
0
0
0
0
0
0
0
0
0
0
0
0
0
0
0
0
0
0
0
0
0
0
0
0
0
0
0
0
0
0
0
0
0
0
0
0
0
0
0
0
0
0
0
0
0
0
0
0
0
0
0
0
0
0
0
0
0
0
0
0
0
0
0
0
0
0
0
0
0
0
0
0
0
0
0
0
0
0
0
0
0
0
0
0
0
0
0
0
0
0
0
0
0
0
0
0
0
0
0
0
0
0
0
0
0
0
0
0
0
0
0
0
0
0
0
0
0
0
0
0
0
0
0
0
0
0
0
0
0
0
0
0
0
0
0
0
0
0
0
0
0
0
0
0
0
0
0
0
0
0
0
0
0
0
0
0
0
0
0
0
0
0
0
0
0
0
0
0
0
0
0
0
0
0
0
0
0
0
0
0
0
0
0
0
0
0
0
0
0
0
0
0
0
0
0
0
0
0
0
0
0
0
0
0
0
0
0
0
0
0
0
0
0
0
0
0
0
0
0
0
0
0
0
0
0
0
0
0
0
0
0
0
0
0
0
0
0
0
0
0
0
0
0
0
0
0
0
0
0
0
0
0
0
0
0
0
0
0
0
0
0
0
0
0
0
0
0
0
0
0
0
0
0
0
0
0
0
0
0
0
0
0
0
0
0
0
0
0
0
0
0
0
0
0
0
0
0
0
0
0
0
0
0
0
0
0
0
0
0
0
0
0
0
0
0
0
0
0
0
0
0
0
0
0
0
0
0
0
0
0
0
0
0
0
0
0
0
0
0
0
0
0
0
0
0
0
0
0
0
0
0
0
0
0
0
0
0
0
0
0
0
0
0
0
0
0
0
0
0
0
0
0
0
0
0
0
0
0
0
0
0
0
0
0
0
0
0
0
0
0
0
0
0
0
0
0
0
0
0
0
0
0
0
0
0
0
0
0
0
0
0
0
0
0
0
0
0
0
0
0
0
0
0
0
0
0
0
0
0
0
0
0
0
0
0
0
0
0
0
0
0
0
0
0
0
0
0
0
0
0
0
0
0
0
0
0
0
0
0
0
0
0
0
0
0
0
0
0
0
0
0
0
0
0
0
0
0
0
0
0
0
0
0
0
0
0
0
0
0
0
0
0
0
0
0
0
0
0
0
0
0
0
0
0
0
0
0
0
0
0
0
0
0
0
0
0
0
0
0
0
0
0
0
0
0
0
0
0
0
0
0
0
0
0
0
0
0
0
0
0
0
0
0
0
0
0
0
0
0
0
0
0
0
0
0
0
0
0
0
0
0
0
0
0
0
0
0
0
0
0
0
0
0
0
0
0
0
0
0
0
0
0
0
0
0
0
0
0
0
0
0
0
0
0
0
0
0
0
0
0
0
0
0
0
0
0
0
0
0
0
0
0
0
0
0
0
0
0
0
0
0
0
0
0
0
0
0
0
0
0
0
0
0
0
0
0
0
0
0
0
0
0
0
0
0
0
0
0
0
0
0
0
0
0
0
0
0
0
0
0
0
0
0
0
0
0
0
0
0
0
0
0
0
0
0
0
0
0
0
0
0
0
0
0
0
0
0
0
0
0
0
0
0
0
0
0
0
0
0
0
0
0
0
0
0
0
0
0
0
0
0
0
0
0
0
0
0
0
0
0
0
0
0
0
0
0
0
0
0
0
0
0
0
0
0
0
0
0
0
0
0
0
0
0
0
0
0
0
0
0
0
0
0
0
0
0
0
0
0
0
0
0
0
0
0
0
0
0
0
0
0
0
0
0
0
0
0
0
0
0
0
0
0
0
0
0
0
0
0
0
0
0
0
0
0
0
0
0
0
0
0
0
0
0
0
0
0
0
0
0
0
0
0
0
0
0
0
0
0
0
0
0
0
0
0
0
0
0
0
0
0
0
0
0
0
0
0
0
0
0
0
0
0
0
0
0
0
0
0
0
0
0
0
0
0
0
0
0
0
0
0
0
0
0
0
0
0
0
0
0
0
0
0
0
0
0
0
0
0
0
0
0
0
0
0
0
0
0
0
0
0
0
0
0
0
0
0
0
0
0
0
0
0
0
0
0
0
0
0
0
0
0
0
0
0
0
0
0
0
0
0
0
0
0
0
0
0
0
0
0
0
0
0
0
0
0
0
0
0
0
0
0
0
0
0
0
0
0
0
0
0
0
0
0
0
0
0
0
0
0
0
0
0
0
0
0
0
0
0
0
0
0
0
0
0
0
0
0
0
0
0
0
0
0
0
0
0
0
0
