0
0
0
0
0
0
0
0
0
0
0
0
0
0
0
0
0
0
0
0
0
0
0
0
0
0
0
0
0
0
0
0
0
0
0
0
0
0
0
0
0
0
0
0
0
0
0
0
0
0
0
0
0
0
0
0
0
0
0
0
0
0
0
0
0
0
0
0
0
0
0
0
0
0
0
0
0
0
0
0
0
0
0
0
0
0
0
0
0
0
0
0
0
0
0
0
0
0
0
0
0
0
0
0
0
0
0
0
0
0
0
0
0
0
0
0
0
0
0
0
0
0
0
0
0
0
0
0
0
0
0
0
0
0
0
0
0
0
0
0
0
0
0
0
0
0
0
0
0
0
0
0
0
0
0
0
0
0
0
0
0
0
0
0
0
0
0
0
0
0
0
0
0
0
0
0
0
0
0
0
0
0
0
0
0
0
0
0
0
0
0
0
0
0
0
0
0
0
0
0
0
0
0
0
0
0
0
0
0
0
0
0
0
0
0
0
0
0
0
0
0
0
0
0
0
0
0
0
0
0
0
0
0
0
0
0
0
0
0
0
0
0
0
0
0
0
0
0
0
0
0
0
0
0
0
0
0
0
0
0
0
0
0
0
0
0
0
0
0
0
0
0
0
0
0
0
0
0
0
0
0
0
0
0
0
0
0
0
0
0
0
0
0
0
0
0
0
0
0
0
0
0
0
0
0
0
0
0
0
0
0
0
0
0
0
0
0
0
0
0
0
0
0
0
0
0
0
0
0
0
0
0
0
0
0
0
0
0
0
0
0
0
0
0
0
0
0
0
0
0
0
0
0
0
0
0
0
0
0
0
0
0
0
0
0
0
0
0
0
0
0
0
0
0
0
0
0
0
0
0
0
0
0
0
0
0
0
0
0
0
0
0
0
0
0
0
0
0
0
0
0
0
0
0
0
0
0
0
0
0
0
0
0
0
0
0
0
0
0
0
0
0
0
0
0
0
0
0
0
0
0
0
0
0
0
0
0
0
0
0
0
0
0
0
0
0
0
0
0
0
0
0
0
0
0
0
0
0
0
0
0
0
0
0
0
0
0
0
0
0
0
0
0
0
0
0
0
0
0
0
0
0
0
0
0
0
0
0
0
0
0
0
0
0
0
0
0
0
0
0
0
0
0
0
0
0
0
0
0
0
0
0
0
0
0
0
0
0
0
0
0
0
0
0
0
0
0
0
0
0
0
0
0
0
0
0
0
0
0
0
0
0
0
0
0
0
0
0
0
0
0
0
0
0
0
0
0
0
0
0
0
0
0
0
0
0
0
0
0
0
0
0
0
0
0
0
0
0
0
0
0
0
0
0
0
0
0
0
0
0
0
0
0
0
0
0
0
0
0
0
0
0
0
0
0
0
0
0
0
0
0
0
0
0
0
0
0
0
0
0
0
0
0
0
0
0
0
0
0
0
0
0
0
0
0
0
0
0
0
0
0
0
0
0
0
0
0
0
0
0
0
0
0
0
0
0
0
0
0
0
0
0
0
0
0
0
0
0
0
0
0
0
0
0
0
0
0
0
0
0
0
0
0
0
0
0
0
0
0
0
0
0
0
0
0
0
0
0
0
0
0
0
0
0
0
0
0
0
0
0
0
0
0
0
0
0
0
0
0
0
0
0
0
0
0
0
0
0
0
0
0
0
0
0
0
0
0
0
0
0
0
0
0
0
0
0
0
0
0
0
0
0
0
0
0
0
0
0
0
0
0
0
0
0
0
0
0
0
0
0
0
0
0
0
0
0
0
0
0
0
0
0
0
0
0
0
0
0
0
0
0
0
0
0
0
0
0
0
0
0
0
0
0
0
0
0
0
0
0
0
0
0
0
0
0
0
0
0
0
0
0
0
0
0
0
0
0
0
0
0
0
0
0
0
0
0
0
0
0
0
0
0
0
0
0
0
0
0
0
0
0
0
0
0
0
0
0
0
0
0
0
0
0
0
0
0
0
0
0
0
0
0
0
0
0
0
0
0
0
0
0
0
0
0
0
0
0
0
0
0
0
0
0
0
0
0
0
0
0
0
0
0
0
0
0
0
0
0
0
0
0
0
0
0
0
0
0
0
0
0
0
0
0
0
0
0
0
0
0
0
0
0
0
0
0
0
0
0
0
0
0
0
0
0
0
0
0
0
0
0
0
0
0
0
0
0
0
0
0
0
0
0
0
0
0
0
0
0
0
0
0
0
0
0
0
0
0
0
0
0
0
0
0
0
0
0
0
0
0
0
0
0
0
0
0
0
0
0
0
0
0
0
0
0
0
0
0
0
0
0
0
0
0
0
0
0
0
0
0
0
0
0
0
0
0
0
0
0
0
0
0
0
0
0
0
0
0
0
0
0
0
0
0
0
0
0
0
0
0
0
0
0
0
0
0
0
0
0
0
0
0
0
0
0
0
0
0
0
0
0
0
0
0
0
0
0
0
0
0
0
0
0
0
0
0
0
0
0
0
0
0
0
0
0
0
0
0
0
0
0
0
0
0
0
0
0
0
0
0
0
0
0
0
0
0
0
0
0
0
0
0
0
0
0
0
0
0
0
0
0
0
0
0
0
0
0
0
0
0
0
0
0
0
0
0
0
0
0
0
0
0
0
0
0
0
0
0
0
0
0
0
0
0
0
0
0
0
0
0
0
0
0
0
0
0
0
0
0
0
0
0
0
0
0
0
0
0
0
0
0
0
0
0
0
0
0
0
0
0
0
0
0
0
0
0
0
0
0
0
0
0
0
0
0
0
0
0
0
0
0
0
0
0
0
0
0
0
0
0
0
0
0
0
0
0
0
0
0
0
0
0
0
0
0
0
0
0
0
0
0
0
0
0
0
0
0
0
0
0
0
0
0
0
0
0
0
0
0
0
0
0
0
0
0
0
0
0
0
0
0
0
0
0
0
0
0
0
0
0
0
0
0
0
0
0
0
0
0
0
0
0
0
0
0
0
0
0
0
0
0
0
0
0
0
0
0
0
0
0
0
0
0
0
0
0
0
0
0
0
0
0
0
0
0
0
0
0
0
0
0
0
0
0
0
0
0
0
0
0
0
0
0
0
0
0
0
0
0
0
0
0
0
0
0
0
0
0
0
0
0
0
0
0
0
0
0
0
0
0
0
0
0
0
0
0
0
0
0
0
0
0
0
0
0
0
0
0
0
0
0
0
0
0
0
0
0
0
0
0
0
0
0
0
0
0
0
0
0
0
0
0
0
0
0
0
0
0
0
0
0
0
0
0
0
0
0
0
0
0
0
0
0
0
0
0
0
0
0
0
0
0
0
0
0
0
0
0
0
0
0
0
0
0
0
0
0
0
0
0
0
0
0
0
0
0
0
0
0
0
0
0
0
0
0
0
0
0
0
0
0
0
0
0
0
0
0
0
0
0
0
0
0
0
0
0
0
0
0
0
0
0
0
0
0
0
0
0
0
0
0
0
0
0
0
0
0
0
0
0
0
0
0
0
0
0
0
0
0
0
0
0
0
0
0
0
0
0
0
0
0
0
0
0
0
0
0
0
0
0
0
0
0
0
0
0
0
0
0
0
0
0
0
0
0
0
0
0
0
0
0
0
0
0
0
0
0
0
0
0
0
0
0
0
0
0
0
0
0
0
0
0
0
0
0
0
0
0
0
0
0
0
0
0
0
0
0
0
0
0
0
0
0
0
0
0
0
0
0
0
0
0
0
0
0
0
0
0
0
0
0
0
0
0
0
0
0
0
0
0
0
0
0
0
0
0
0
0
0
0
0
0
0
0
0
0
0
0
0
0
0
0
0
0
0
0
0
0
0
0
0
0
0
0
0
0
0
0
0
0
0
0
0
0
0
0
0
0
0
0
0
0
0
0
0
0
0
0
0
0
0
0
0
0
0
0
0
0
0
0
0
0
0
0
0
0
0
0
0
0
0
0
0
0
0
0
0
0
0
0
0
0
0
0
0
0
0
0
0
0
0
0
0
0
0
0
0
0
0
0
0
0
0
0
0
0
0
0
0
0
0
0
0
0
0
0
0
0
0
0
0
0
0
0
0
0
0
0
0
0
0
0
0
0
0
0
0
0
0
0
0
0
0
0
0
0
0
0
0
0
0
0
0
0
0
0
0
0
0
0
0
0
0
0
0
0
0
0
0
0
0
0
0
0
0
0
0
0
0
0
0
0
0
0
0
0
0
0
0
0
0
0
0
0
0
0
0
0
0
0
0
0
0
0
0
0
0
0
0
0
0
0
0
0
0
0
0
0
0
0
0
0
0
0
0
0
0
0
0
0
0
0
0
0
0
0
0
0
0
0
0
0
0
0
0
0
0
0
0
0
0
0
0
0
0
0
0
0
0
0
0
0
0
0
0
0
0
0
0
0
0
0
0
0
0
0
0
0
0
0
0
0
0
0
0
0
0
0
0
0
0
0
0
0
0
0
0
0
0
0
0
0
0
0
0
0
0
0
0
0
0
0
0
0
0
0
0
0
0
0
0
0
0
0
0
0
0
0
0
0
0
0
0
0
0
0
0
0
0
0
0
0.275872
0.118523
0.751419
-0.0677812
-0.132645
-0.46694
-1.1537
-0.897898
-1.33907
0.106278
-0.0423768
-0.590415
-1.00219
-1.09779
0.350154
-0.591824
0.315149
-0.955795
-0.305758
-0.287478
-0.328445
-0.0562492
-0.358096
0.436596
0.375264
0.64857
0.151098
0.421646
0.702826
0.206
-0.639743
-1.4605
0.116863
0.245515
0.389978
-0.331207
-0.217833
-0.756787
0.429141
-0.862996
-0.50376
0.00111655
0.0586283
-0.87631
-2.10742
-0.821671
-0.984533
0.572997
-0.439351
-2.01774
0.696238
-0.261148
-0.0842368
-1.90902
0.0304295
0.468274
0.357917
-0.469336
-0.984396
-0.365021
-0.145142
-0.486197
0.62415
-0.757963
0.429594
0.424936
-0.852316
-1.10424
0.0481318
-0.165592
-1.22548
-0.414574
-0.26815
0.0523168
0.00879299
-0.70495
0.462068
-0.484243
-0.511425
-0.64474
0.757853
0.40891
-0.426259
0.285205
0.444966
0.53759
-0.217358
0.292253
0.517368
-0.335308
0.0325585
-0.180977
0.455709
-0.820035
0.490036
0.587216
0.462216
0.385136
0.186902
0.153698
-1.06223
-0.265146
-0.13376
0.495533
0.32206
-1.55237
-1.48612
0.18313
-0.541333
-0.215829
-0.738257
0.226623
-0.657164
0.126689
-1.35107
0.392108
-0.244061
-0.221321
0.0387117
0.0436024
-1.38005
-1.93246
0.239572
0.0962851
-0.910578
-1.56552
0.382595
0.134074
-0.955126
0.384251
-0.568452
-1.37949
0.0135455
0.31444
-0.363032
-0.107859
0.358402
0.389394
-0.143299
0.177605
-0.637929
-0.652188
0.390008
0.291987
-0.689781
0.367724
-0.443035
-0.467856
0.360105
0.255445
-0.750803
-0.0848301
-0.358956
0.394411
-0.190526
0.135933
0.40343
-1.09009
-0.469633
-0.127772
-0.412816
-0.95106
-1.18906
-1.30085
0.0807926
-1.53991
-0.998409
-0.145095
-0.905935
-0.665521
0.288625
0.0569523
-0.0215221
-2.00249
0.19143
0.367819
0.0841479
-0.43244
-0.0810161
0.523898
-0.743646
0.407836
-1.6576
0.216756
0.173348
0.226516
0.420862
-0.0586558
0.716503
0.396511
-0.199804
-0.00635867
0.0244179
0.126554
0.858446
-1.61019
-0.054366
0.252614
0.449537
-0.349783
-1.54086
0.174436
-1.04505
0.181661
-1.6588
0.39722
-0.455616
0.488689
0.203436
-0.0801978
0.497288
0.383983
0.0436373
-0.087973
-1.85275
0.09284
-0.170871
-0.95813
0.127072
-0.268002
-0.558346
-0.454094
-0.0406064
0.157935
-1.25043
0.630823
0.404064
0.240899
0.41821
0.21603
-0.726026
-0.312589
-0.683282
-0.904091
0.468661
-2.74121
0.382818
-0.0110422
-0.419514
-1.20706
0.447231
-1.58438
-0.410537
-1.13006
-1.51311
0.416761
0.614252
-1.50468
0.241676
-0.55513
-1.48983
-0.378378
-0.871149
-0.149007
0.49624
0.276583
-1.74813
-0.194542
0.23182
-0.321872
0.144454
-2.40786
0.400011
0.243358
0.0628029
0.638996
-1.01293
0.0846569
-0.027312
-0.297577
0.0727914
-0.608273
0.673305
-0.514932
-0.614692
0.198415
0.420997
-1.61079
-0.45233
-1.53328
-0.0975917
0.533903
-0.734322
0.159627
-1.05044
-0.655322
-0.0936641
-0.33302
0.247867
-0.260395
0.235925
-0.278819
-0.263675
-1.21945
0.123671
-0.0340165
0.459687
-0.846962
-0.362513
-0.0136731
-0.484747
0.174342
-0.257959
0.191352
-2.04395
0.57071
0.732997
-0.0163392
-0.0782679
-0.969692
0.121279
0.601097
-0.987711
0.41552
-0.576154
-0.387088
-1.72273
-0.237615
-0.442169
0.420588
0.670517
0.596148
-0.854749
-0.0486923
-0.362918
-1.02737
-1.51861
-2.2354
0.492384
0.628261
0.116871
-0.318943
0.204921
-0.229751
-0.680679
0.206946
0.0731745
0.293065
-1.52714
-0.992006
-0.279321
0.303472
0.322387
-0.573113
0.528918
-0.0370976
0.350982
-0.00713119
-0.133075
-0.733845
-0.677649
-0.00878787
-0.043531
0.426318
-0.0626573
-1.00025
0.0809988
-0.109221
0.176266
-1.00354
-0.9225
-0.300906
0.0860109
-0.297779
-0.730311
0.119213
-0.550009
0.0166727
-0.132665
-1.75151
-0.0491713
0.299425
0.347628
-0.169785
0.368787
-0.0969599
-0.467203
-0.798007
0.132625
0.155498
0.180709
-0.794398
-0.624772
-1.05138
-1.29311
-0.684582
0.390967
0.334122
-2.42245
0.257593
-1.5179
-1.03505
0.032852
0.00371227
-0.4999
-1.66962
-2.47253
0.324222
-0.454857
0.590827
-0.961873
0.625843
0.557626
-1.81823
-0.388272
-0.349533
-1.96308
-1.05369
-0.763996
-0.554417
-1.2016
-0.491759
-0.481605
-0.121874
0.21863
0.433086
-0.310609
-0.412918
-0.238835
0.311595
0.0956221
-1.43934
-0.410034
0.336741
-0.63879
0.187256
0.614183
0.471729
0.0195143
-0.303617
0.259599
0.245625
-0.411328
-0.234428
0.101014
-1.42531
0.357612
-1.03394
0.418184
0.000674173
0.577714
-0.0552974
0.167854
-0.962197
0.401242
0.652527
0.619396
-1.08493
0.0519451
-0.116616
-0.228891
-1.48001
-1.10456
-0.591101
0.377723
-1.61895
0.321557
-0.848685
0.475868
-0.891337
-0.0778188
0.454629
0.0388072
-0.356099
0.0754008
-0.676133
-0.683569
0.0779484
0.491414
0.482781
0.0710414
0.369699
-0.862979
-0.985228
-1.03935
-1.08254
-0.0669708
0.34027
-0.381265
0.269418
-0.296845
-1.71507
-0.236475
0.505936
-0.0808606
0.280321
0.604071
-0.260973
-0.410221
-0.827365
-0.320432
0.392901
-0.290925
0.044912
-0.312554
0.0269726
-1.08579
-0.294397
0.112632
-1.18365
-0.330908
-0.563631
-0.267024
-0.265759
-1.11635
-0.893473
-0.0565074
-0.114792
0.0906534
0.487305
-1.39593
-0.287861
-0.232744
-0.010405
-0.822835
0.426173
-0.163009
-0.17861
-1.32403
0.398073
-2.2492
0.109042
-1.57014
-1.03003
-0.161771
0.446805
-0.0568242
0.0225314
0.0904483
0.400828
0.0789779
-0.336411
0.158091
-1.61216
0.0447156
0.616525
-0.015243
0.393744
0.206672
0.153783
-0.350225
0.339301
-0.264384
0.0427375
0.0801289
-0.23965
-0.317227
0.229406
0.096725
-0.599493
0.53046
0.622126
0.0367305
-0.849624
-0.317942
0.0185452
0.310902
-1.08183
-0.413397
-0.0789248
0.472515
-0.952729
0.351077
-0.338709
-0.737289
0.244183
0.320291
-0.0433544
-0.440667
0.028842
0.644186
0.449717
0.497383
0.272713
0.0197488
-0.336858
0.108349
0.206627
-0.585305
-0.411933
-1.11384
-0.233829
-1.50247
-0.874592
0.466277
-0.296636
-0.359802
-0.0326986
0.185303
-0.100093
0.443319
-0.324097
-1.30239
-0.572552
-1.05618
0.360677
-0.476336
-0.516072
-0.841534
-0.605582
0.118736
-0.34736
-0.509992
-0.048788
-0.500427
-0.27094
-1.13503
-0.346454
0.118784
-1.37798
0.261504
0.116693
0.00755915
-0.787102
0.482692
-0.735335
0.414713
0.201603
0.120569
-0.626969
-0.257994
0.147427
-1.22607
0.198027
-1.66016
-0.862461
0.111285
-2.18096
-0.945497
-0.270705
0.255103
-0.178042
-0.279328
-1.65274
-1.1402
-0.40454
0.0585026
-1.93719
-0.0930843
0.484131
-0.84536
-0.627976
-1.50411
-0.340626
-0.746652
-0.737548
-0.0905808
-0.930205
0.121915
-0.17174
-0.431156
-0.778251
-0.478734
0.509189
-0.00361518
-2.16048
-0.702165
0.0957827
-0.016556
0.0546282
-0.266346
-0.664955
0.277549
-0.629101
0.11961
-0.067842
0.124123
-0.604051
-0.574686
-0.509717
-0.64366
-0.108991
-1.00562
-1.13007
-1.77766
-0.601032
-1.38634
0.496757
-0.902814
0.445408
0.610906
-0.177404
0.130169
0.0694113
0.342794
0.22031
-0.487537
0.13774
-0.437547
-0.140174
0.551501
0.0409079
-0.633823
-1.01905
0.116182
-0.506937
0.381974
-0.268815
-0.180382
0.284387
-0.26477
-0.150927
0.0203865
-0.78117
-0.575764
-1.19543
0.0496749
0.536623
-1.28519
-1.84175
-0.192599
0.0630608
-0.944579
0.0443557
-0.537347
-1.97326
0.341481
0.412197
-1.40423
-1.08075
-0.0713286
-2.46321
-0.514027
-0.813833
-0.540989
0.150372
0.0973493
-0.197592
0.184238
-0.112083
0.64673
-0.102605
-0.435709
-0.651643
-0.0389077
0.492891
0.21733
-0.29151
-0.525569
0.331629
-0.524895
-0.42724
-1.17498
0.0940024
-0.643116
-1.12675
-0.0699494
0.757514
-0.878412
-0.114068
-0.202387
-0.128889
-2.27379
0.731348
0.631678
-1.19321
-0.0103133
0.0325571
0.224009
0.22326
-0.228021
-1.2564
0.0950217
-0.571217
-0.660291
0.361592
-0.400528
-0.576764
0.540058
0.627521
-1.12747
0.213474
-0.246518
0.570019
-0.964704
0.180415
0.207869
0.148311
0.350091
-0.647761
-0.339451
-1.30312
-0.305776
-1.26943
-0.4652
-0.753531
-1.36313
0.61246
-1.81777
0.21069
-0.0493862
-0.390281
-1.84025
-0.367669
-2.1867
-1.01438
-0.325552
0.414418
-0.970068
-0.884728
-0.942871
0.495062
-0.401596
0.152148
0.646123
0.0677873
0.581751
-0.544385
-0.903754
0.382477
0.0108164
0.189061
-0.680906
-0.914511
-0.121596
0.511104
0.0804119
0.179663
0.0844134
0.257454
0.151576
-0.0831383
0.458522
-0.107274
-0.0252373
-2.6268
0.10516
0.0484232
-0.798055
0.36134
-1.04303
-0.0380055
0.495458
0.236218
0.126831
-0.386767
-0.632908
-0.337602
-0.293756
0.485472
0.387126
-2.17107
0.285844
-1.20986
0.490115
-0.250838
0.0584421
-1.36788
-1.29924
0.471134
0.413732
0.0353974
-1.60588
0.408452
-0.455718
-0.0623763
0.191095
-0.423323
0.0485274
0.506122
0.168122
0.442892
-0.991613
0.124756
-1.77991
-0.292567
0.350068
-1.40172
0.502361
-0.269417
-3.00934
-0.0265995
-1.06626
0.162798
-0.683838
-0.743253
0.361685
-1.55009
-0.501712
0.0556371
-0.0179875
0.400968
-1.57723
-0.561169
-0.0956867
0.519227
0.295686
0.0341001
-1.04877
-1.01887
-0.635947
-0.709647
0.113186
-0.154152
0.666014
0.0156576
0.512728
-0.0654088
-0.770551
-1.18772
-0.177475
0.117971
0.697918
-0.419264
-0.615985
-1.25137
-0.206724
0.29764
-0.761865
-2.23352
0.249473
-0.263771
-0.177726
-0.0497752
0.388104
-1.29563
-0.314285
0.0834324
-0.690523
-0.709555
0.15856
-0.068251
0.589508
0.525441
-0.356568
-0.533657
-0.584616
-0.678084
0.332814
0.537378
-1.32075
0.265108
0.277982
-0.248558
0.34314
-0.0764044
-0.277881
0.47162
-0.03508
-0.683382
-0.32388
-0.486755
0.359779
0.0561692
0.310417
-0.182765
-1.67555
0.341737
-0.118914
-0.174099
0.255752
-0.682428
-0.0561728
-1.1473
0.395127
-0.325747
-0.797989
-0.36533
-0.89501
-0.0816677
-0.156264
-0.42577
0.230583
-0.724201
-0.901555
-1.23048
-0.304381
-0.721324
0.224135
-0.213655
-0.0816377
-0.00577129
-0.333426
0.343489
0.0350203
0.368923
-1.16408
0.319747
-1.13866
0.166528
-0.467477
0.574075
0.0580982
-1.14009
-0.0621814
-1.38838
0.0128702
-0.30345
0.196197
-0.344525
-1.06327
-0.381647
-0.199457
0.107003
0.644071
-0.377046
0.137894
-0.594174
0.297359
-0.724034
-0.0667514
-0.0626609
-0.549295
-1.01795
0.248236
0.250799
-0.333937
0.703427
-0.892045
-0.577518
-0.0794771
-0.820831
-0.957939
-1.21935
-0.794695
0.024307
0.268909
-0.209912
0.344113
-1.0762
-0.724424
0.0498685
-1.86977
0.406442
-0.166103
0.537163
0.558479
0.603167
-0.111597
-1.80769
0.124995
0.00271565
-0.835444
0.487237
0.112678
0.47527
0.176372
-0.678265
0.0306029
-0.891069
0.22536
-0.443109
0.21259
0.0317421
-0.828455
-0.241716
0.250921
-0.590145
-0.272897
-0.0204564
-0.290065
-1.45114
-0.116732
0.384108
-0.962664
-0.0526732
0.577877
-0.485665
-0.222992
-0.753695
-0.868145
0.409697
0.0513621
-0.170321
0.533904
-1.56669
0.0481452
0.122514
-0.868153
0.11495
0.496191
0.594924
-0.350097
-0.126864
0.0269993
-0.0406093
0.389076
0.346515
-0.405786
0.252012
-1.47734
0.215193
-0.0504347
0.125893
-0.817567
-0.66116
-0.181229
0.350057
-0.608823
-0.498646
-0.293603
-0.450896
0.450208
0.589964
-0.531879
0.277625
0.454867
-0.497927
0.154294
-0.373949
-0.47234
-0.227075
-0.499793
-0.0475312
-0.999988
-0.324428
-0.654541
-0.879261
-0.543901
-1.01515
-1.06468
0.617726
-0.565863
0.409603
0.259015
-0.135518
-0.599983
0.41061
0.470626
-1.19824
-0.0215824
0.0275345
-0.606452
0.233983
0.490621
-0.453861
-0.639067
-0.613217
-0.106948
-0.426562
0.398146
0.121065
-1.55135
-0.301469
-0.285928
-0.0419398
0.536813
-0.361038
0.369317
0.552415
-0.148182
0.257629
0.37272
-0.584735
0.394157
-0.116657
-1.85175
-0.449464
-0.537199
-0.389449
-0.281098
-0.399661
0.0798306
0.405519
-0.241814
-0.341674
-2.00509
-0.583978
0.547967
0.00981173
-0.759088
0.0883546
-0.496074
0.47062
-0.594282
0.0148482
0.222349
-0.524714
-1.36375
0.0630348
-0.144824
-0.422564
0.538642
-0.381409
-0.43477
0.525228
0.571965
-0.22785
0.778618
0.415403
-0.314251
0.613444
-0.611495
0.104583
-0.110028
0.195945
-0.0850777
0.431754
0.285849
-0.171187
-0.639337
0.0975703
0.651333
0.283729
0.0402907
-1.81853
0.17615
-1.93506
-0.231927
-0.278095
-0.372638
-0.869197
-0.00489299
-0.343997
-1.00751
-0.317844
0.236994
-0.734675
0.333651
0.493592
-1.17717
0.0179598
-1.31161
0.199868
0.0117982
-0.433752
0.201188
-0.464994
-0.738698
-0.0623966
0.033648
0.45048
-0.62514
-0.673636
-1.04854
-0.791989
-1.17304
-0.447842
-0.515755
0.540537
0.737449
0.00128921
0.304794
0.108678
-0.370272
-0.417657
0.28759
-0.307342
0.298263
0.225201
-0.0611129
-0.210046
-0.607573
-1.32118
-0.247824
-0.447519
-0.104394
-0.584212
-0.98824
0.0863646
0.304571
0.468206
-0.44054
0.336227
0.111153
0.209971
-0.181678
-0.404736
-0.0243194
0.170161
0.276883
-0.074155
-1.23709
0.489973
-0.383018
0.485962
-1.29118
-1.64174
0.548352
-1.43871
-0.454843
0.0461756
-0.352001
-1.13221
-0.194805
0.0309148
0.355238
-0.920458
0.363013
-0.567087
0.654102
0.389492
-0.686691
-0.335025
-0.577021
0.481861
-0.277244
0.322188
-0.0930268
-0.463913
-0.221646
0.365435
0.0638739
-1.0147
-0.605506
-0.129873
0.349826
0.500693
-0.343889
-0.175096
0.366877
-0.0283103
-1.10514
-0.516083
-0.649439
0.398224
-0.636601
0.497291
-1.36586
-0.775425
-0.203038
-0.0716644
-0.76987
0.471008
-0.605474
-0.0363489
-0.116058
0.259087
0.622388
0.192896
0.550092
-1.04106
-0.226413
-0.68778
-0.0869778
-0.0787297
-0.403001
-0.81619
-0.278086
0.32293
0.107614
0.634161
-0.814846
-0.47609
0.288844
-1.32641
-0.310624
-0.881555
-0.184012
0.0614713
0.0723519
-0.0858306
-0.212285
0.458939
-0.172848
0.265759
0.143402
-0.18227
0.469276
0.177325
-2.16527
-1.29153
0.537222
0.0091439
-0.253529
-1.46457
-0.151756
-0.493395
-0.720292
-0.23354
-1.47069
-0.190074
-0.0722228
0.264153
-0.766107
0.020523
-0.114008
0.0679031
-0.196565
-0.435077
0.324277
-0.0788413
-0.704444
0.400972
0.198331
-0.717802
-0.988659
-1.63687
0.196366
0.226601
0.618727
-0.747811
-0.166433
-0.568899
-0.195288
-0.201337
-0.265908
-1.25831
0.158075
0.626001
-0.403249
0.358316
0.609208
-1.25765
-0.609545
-0.0698569
-0.834188
0.236409
0.210495
-1.47635
-0.118941
-0.719162
-0.865244
-0.229127
0.0403819
-0.447184
0.484317
-0.353311
-0.553487
-0.602183
-0.0628094
-0.14328
-0.223809
-1.20183
-0.589886
-1.01027
0.215913
-0.239873
0.187547
-0.565157
-0.311711
0.0501239
0.0475237
-0.346206
-0.929955
0.254305
-0.459947
0.33709
-0.259395
-0.208846
0.538494
-0.301677
0.536369
0.253503
-0.210556
0.0619255
-0.075886
-1.15791
0.0881421
-0.245287
-1.57708
0.661792
-1.19655
-0.597245
-0.589482
-0.291954
-1.0646
-1.10256
-0.723156
-0.510448
-0.253534
0.582089
-0.701289
0.199301
0.373146
-0.883758
-0.921546
-0.307816
0.505458
-1.41867
0.286731
0.0507522
-0.0477974
0.434376
-0.19854
-0.785969
-0.34516
-1.30247
-0.495643
-1.08734
-1.68951
-1.14915
-0.0148556
-0.119047
0.0942211
0.513276
0.318841
-0.142183
-1.62341
-0.280322
0.433671
0.253435
-0.534977
-1.3935
-0.591892
0.0662512
0.0863691
0.483294
-0.485711
-1.18383
-2.15693
-0.0804085
0.634137
-1.10797
-0.0910297
-0.129274
-0.482971
0.190617
0.271637
0.298169
-1.69062
-1.91306
-0.904078
-1.12449
-0.506519
-0.411477
0.103566
-0.139959
0.449309
0.579244
0.0703131
-0.319418
0.0541729
0.0705236
-0.939044
-0.350266
0.333093
-0.575524
-0.451797
-0.927328
-0.123925
0.306958
-0.836305
0.281074
0.18753
0.395824
0.00909728
0.0163344
-0.125105
0.0230305
0.724355
0.113915
-0.569585
0.543843
0.351381
-0.503686
-0.0733461
-0.238716
0.0627064
-1.0287
0.0353953
-0.100111
-0.503538
-1.56085
0.442744
0.454541
-0.146367
-0.925173
-0.280808
-0.554521
-0.0479936
-0.00706994
0.255784
0.126693
-0.313079
-1.56638
0.223751
-0.632621
0.581272
-0.219769
0.476296
0.494375
-0.819662
-0.0104534
0.0840676
-0.327618
0.457431
0.0126694
0.239503
0.447554
0.123018
0.11318
-0.500723
-1.26406
0.17957
0.255305
0.299945
0.136519
-0.0696078
-0.0620267
-0.441023
-1.49345
0.173981
-1.12744
0.399675
0.305831
0.317408
0.0607795
0.239779
-0.0765211
0.530957
0.367207
-1.48273
-0.568305
-0.330129
-0.422575
0.390861
-0.111457
-1.81875
-1.5422
0.466294
-0.821171
-0.886185
-0.505366
-0.0120414
0.330303
-0.184773
0.562375
-0.759974
-0.202458
0.233288
-0.644339
-0.279101
-0.516017
0.373225
0.0198748
-0.709835
-1.12492
0.343251
-0.374956
-0.401094
-0.987619
-0.517888
-0.0599131
0.218192
0.473718
0.48946
0.623576
-0.852128
-0.374383
-0.464034
-0.114355
-1.11455
-1.70486
-0.108588
-1.92984
-0.931383
0.0101468
-0.398363
0.404956
0.459184
-1.22361
-0.14479
-1.56468
-0.782886
-1.23215
-0.0929225
0.0662166
-0.206097
-0.160375
0.393228
0.335671
-0.195637
0.0363737
0.0721051
0.173939
0.167806
-0.17955
-0.0320584
0.287806
-0.519981
-0.487987
-1.04512
-0.0390567
0.361108
0.124766
-0.508929
-0.313869
0.0887252
-1.26762
-0.695422
0.2801
0.418155
0.0903733
-0.00990409
-0.0370878
0.447208
-0.122784
-0.73443
0.331003
0.313273
0.116516
-0.136804
-0.478165
-0.947076
-1.70047
-0.477481
0.204265
-0.259336
0.0890165
-1.03069
0.375868
-1.29083
0.216673
-0.968024
-0.299734
0.434592
-0.420815
-2.16463
0.298357
-0.817065
-1.17916
-0.553029
0.222143
-0.363124
-0.0432961
-0.241339
0.17621
-1.04002
-0.19302
-0.0954944
-0.0812684
0.453935
-0.0542313
-1.09261
0.119658
-0.432588
0.223144
0.44474
0.442719
-0.288759
0.413531
-1.77771
0.539974
-0.644348
-0.234461
-0.851842
-0.269081
-0.202791
0.0611124
-0.00165441
-0.666042
0.218335
-1.03347
-0.0154511
-0.977905
-0.676215
0.0967646
-0.662169
-0.347353
-0.881309
0.150714
-0.429727
-0.099854
-1.02338
-1.46712
-0.611363
-1.66745
-0.746181
-2.70563
-0.082824
-0.0957074
-0.143075
0.34227
-0.593933
0.512714
-0.330709
-0.214841
-0.182473
-0.709292
0.0686642
-1.05396
-1.37218
-0.185451
0.07107
-0.0896632
-0.659004
-0.418154
-0.0964785
-0.0868053
-0.73649
-1.15922
0.421678
-0.399627
0.269143
0.329411
0.00555053
-0.524746
-0.0589511
0.81699
0.0855911
-2.55727
0.138709
0.0669548
-0.105522
-0.908897
0.164515
-1.01587
-0.247414
-0.109312
0.232572
-0.507638
-0.366199
-0.28187
-0.778176
-0.105031
-0.0639881
-0.0738883
0.189184
-0.668552
0.322757
-1.62448
0.519909
0.302882
-0.397835
0.115865
-1.0488
-1.49565
0.0674723
0.0141947
0.412129
-0.42442
0.287954
-0.279405
-0.825359
-0.691574
0.26102
-0.790006
0.528248
-0.066337
-0.241304
-0.288558
-0.255072
0.251611
-0.745747
0.36425
0.0745353
-0.928248
-0.0819038
-1.11835
-0.168662
-0.836247
-0.513672
-1.13095
-1.34414
-1.22687
-1.0513
-1.64699
0.391838
-0.217952
-0.355784
0.283087
-0.263789
0.611153
0.247649
0.104736
0.589457
-1.19042
-0.853416
0.194103
0.376518
-0.553928
0.130802
0.0711991
-0.374268
0.420408
-0.316988
-0.392189
-0.168755
0.0967306
-0.860513
0.198595
0.250753
0.477564
0.202794
-0.126474
0.0482759
-0.507069
-0.208184
-0.445304
-0.430033
-0.82348
0.563979
-0.152374
-0.62828
0.203892
0.323428
-0.072521
-0.893759
-0.569056
-0.745916
0.269924
-0.710765
0.391145
-1.10002
-0.218242
-0.348699
-0.181008
0.0408522
-0.155526
-1.72886
0.0583925
-0.311117
-0.483577
0.293562
-0.925554
-0.595352
-0.0133649
-0.149278
0.0937335
-0.394918
-0.64203
-0.0986991
0.47935
0.194838
0.346796
-0.0693374
-0.45616
-0.128622
-0.699493
-1.29244
-0.526813
0.132783
-0.62018
-0.518478
-0.685
-0.546822
-0.298609
0.151629
-0.40163
-0.252944
0.14943
0.415739
0.315061
-0.0414506
-0.738519
-0.0949018
0.289138
-0.444802
0.0234518
0.0554982
-0.0898484
0.581528
0.290747
-0.177125
-0.813734
-0.42845
0.144961
-1.5996
-0.35782
0.257831
0.58242
-0.498601
-0.0501073
0.129039
0.220172
0.0172805
0.431875
-0.565112
0.119383
-0.798538
0.436646
0.407325
0.267831
0.115044
0.392732
0.734881
0.526414
0.363054
-0.326095
-1.32439
0.61977
0.33134
0.141534
0.10533
-0.428801
0.000266869
-0.613787
-0.175534
0.482044
-0.128722
0.624025
0.111426
-0.069757
-0.371656
-0.902511
0.0478926
-0.181696
0.24815
-0.109851
0.152245
-0.319391
0.15204
-0.143261
0.0456975
-0.230178
0.134493
-0.77161
0.479005
0.315729
-0.537371
-0.392135
-0.962889
-0.0818731
0.161339
0.389717
-0.43803
-0.300269
0.531255
-0.730901
