0
0
0
0
0
0
0
0
0
0
0
0
0
0
0
0
0
0
0
0
0
0
0
0
0
0
0
0
0
0
0
0
0
0
0
0
0
0
0
0
0
0
0
0
0
0
0
0
0
0
0
0
0
0
0
0
0
0
0
0
0
0
0
0
0
0
0
0
0
0
0
0
0
0
0
0
0
0
0
0
0
0
0
0
0
0
0
0
0
0
0
0
0
0
0
0
0
0
0
0
0
0
0
0
0
0
0
0
0
0
0
0
0
0
0
0
0
0
0
0
0
0
0
0
0
0
0
0
0
0
0
0
0
0
0
0
0
0
0
0
0
0
0
0
0
0
0
0
0
0
0
0
0
0
0
0
0
0
0
0
0
0
0
0
0
0
0
0
0
0
0
0
0
0
0
0
0
0
0
0
0
0
0
0
0
0
0
0
0
0
0
0
0
0
0
0
0
0
0
0
0
0
0
0
0
0
0
0
0
0
0
0
0
0
0
0
0
0
0
0
0
0
0
0
0
0
0
0
0
0
0
0
0
0
0
0
0
0
0
0
0
0
0
0
0
0
0
0
0
0
0
0
0
0
0
0
0
0
0
0
0
0
0
0
0
0
0
0
0
0
0
0
0
0
0
0
0
0
0
0
0
0
0
0
0
0
0
0
0
0
0
0
0
0
0
0
0
0
0
0
0
0
0
0
0
0
0
0
0
0
0
0
0
0
0
0
0
0
0
0
0
0
0
0
0
0
0
0
0
0
0
0
0
0
0
0
0
0
0
0
0
0
0
0
0
0
0
0
0
0
0
0
0
0
0
0
0
0
0
0
0
0
0
0
0
0
0
0
0
0
0
0
0
0
0
0
0
0
0
0
0
0
0
0
0
0
0
0
0
0
0
0
0
0
0
0
0
0
0
0
0
0
0
0
0
0
0
0
0
0
0
0
0
0
0
0
0
0
0
0
0
0
0
0
0
0
0
0
0
0
0
0
0
0
0
0
0
0
0
0
0
0
0
0
0
0
0
0
0
0
0
0
0
0
0
0
0
0
0
0
0
0
0
0
0
0
0
0
0
0
0
0
0
0
0
0
0
0
0
0
0
0
0
0
0
0
0
0
0
0
0
0
0
0
0
0
0
0
0
0
0
0
0
0
0
0
0
0
0
0
0
0
0
0
0
0
0
0
0
0
0
0
0
0
0
0
0
0
0
0
0
0
0
0
0
0
0
0
0
0
0
0
0
0
0
0
0
0
0
0
0
0
0
0
0
0
0
0
0
0
0
0
0
0
0
0
0
0
0
0
0
0
0
0
0
0
0
0
0
0
0
0
0
0
0
0
0
0
0
0
0
0
0
0
0
0
0
0
0
0
0
0
0
0
0
0
0
0
0
0
0
0
0
0
0
0
0
0
0
0
0
0
0
0
0
0
0
0
0
0
0
0
0
0
0
0
0
0
0
0
0
0
0
0
0
0
0
0
0
0
0
0
0
0
0
0
0
0
0
0
0
0
0
0
0
0
0
0
0
0
0
0
0
0
0
0
0
0
0
0
0
0
0
0
0
0
0
0
0
0
0
0
0
0
0
0
0
0
0
0
0
0
0
0
0
0
0
0
0
0
0
0
0
0
0
0
0
0
0
0
0
0
0
0
0
0
0
0
0
0
0
0
0
0
0
0
0
0
0
0
0
0
0
0
0
0
0
0
0
0
0
0
0
0
0
0
0
0
0
0
0
0
0
0
0
0
0
0
0
0
0
0
0
0
0
0
0
0
0
0
0
0
0
0
0
0
0
0
0
0
0
0
0
0
0
0
0
0
0
0
0
0
0
0
0
0
0
0
0
0
0
0
0
0
0
0
0
0
0
0
0
0
0
0
0
0
0
0
0
0
0
0
0
0
0
0
0
0
0
0
0
0
0
0
0
0
0
0
0
0
0
0
0
0
0
0
0
0
0
0
0
0
0
0
0
0
0
0
0
0
0
0
0
0
0
0
0
0
0
0
0
0
0
0
0
0
0
0
0
0
0
0
0
0
0
0
0
0
0
0
0
0
0
0
0
0
0
0
0
0
0
0
0
0
0
0
0
0
0
0
0
0
0
0
0
0
0
0
0
0
0
0
0
0
0
0
0
0
0
0
0
0
0
0
0
0
0
0
0
0
0
0
0
0
0
0
0
0
0
0
0
0
0
0
0
0
0
0
0
0
0
0
0
0
0
0
0
0
0
0
0
0
0
0
0
0
0
0
0
0
0
0
0
0
0
0
0
0
0
0
0
0
0
0
0
0
0
0
0
0
0
0
0
0
0
0
0
0
0
0
0
0
0
0
0
0
0
0
0
0
0
0
0
0
0
0
0
0
0
0
0
0
0
0
0
0
0
0
0
0
0
0
0
0
0
0
0
0
0
0
0
0
0
0
0
0
0
0
0
0
0
0
0
0
0
0
0
0
0
0
0
0
0
0
0
0
0
0
0
0
0
0
0
0
0
0
0
0
0
0
0
0
0
0
0
0
0
0
0
0
0
0
0
0
0
0
0
0
0
0
0
0
0
0
0
0
0
0
0
0
0
0
0
0
0
0
0
0
0
0
0
0
0
0
0
0
0
0
0
0
0
0
0
0
0
0
0
0
0
0
0
0
0
0
0
0
0
0
0
0
0
0
0
0
0
0
0
0
0
0
0
0
0
0
0
0
0
0
0
0
0
0
0
0
0
0
0
0
0
0
0
0
0
0
0
0
0
0
0
0
0
0
0
0
0
0
0
0
0
0
0
0
0
0
0
0
0
0
0
0
0
0
0
0
0
0
0
0
0
0
0
0
0
0
0
0
0
0
0
0
0
0
0
0
0
0
0
0
0
0
0
0
0
0
0
0
0
0
0
0
0
0
0
0
0
0
0
0
0
0
0
0
0
0
0
0
0
0
0
0
0
0
0
0
0
0
0
0
0
0
0
0
0
0
0
0
0
0
0
0
0
0
0
0
0
0
0
0
0
0
0
0
0
0
0
0
0
0
0
0
0
0
0
0
0
0
0
0
0
0
0
0
0
0
0
0
0
0
0
0
0
0
0
0
0
0
0
0
0
0
0
0
0
0
0
0
0
0
0
0
0
0
0
0
0
0
0
0
0
0
0
0
0
0
0
0
0
0
0
0
0
0
0
0
0
0
0
0
0
0
0
0
0
0
0
0
0
0
0
0
0
0
0
0
0
0
0
0
0
0
0
0
0
0
0
0
0
0
0
0
0
0
0
0
0
0
0
0
0
0
0
0
0
0
0
0
0
0
0
0
0
0
0
0
0
0
0
0
0
0
0
0
0
0
0
0
0
0
0
0
0
0
0
0
0
0
0
0
0
0
0
0
0
0
0
0
0
0
0
0
0
0
0
0
0
0
0
0
0
0
0
0
0
0
0
0
0
0
0
0
0
0
0
0
0
0
0
0
0
0
0
0
0
0
0
0
0
0
0
0
0
0
0
0
0
0
0
0
0
0
0
0
0
0
0
0
0
0
0
0
0
0
0
0
0
0
0
0
0
0
0
0
0
0
0
0
0
0
0
0
0
0
0
0
0
0
0
0
0
0
0
0
0
0
0
0
0
0
0
0
0
0
0
0
0
0
0
0
0
0
0
0
0
0
0
0
0
0
0
0
0
0
0
0
0
0
0
0
0
0
0
0
0
0
0
0
0
0
0
0
0
0
0
0
0
0
0
0
0
0
0
0
0
0
0
0
0
0
0
0
0
0
0
0
0
0
0
0
0
0
0
0
0
0
0
0
0
0
0
0
0
0
0
0
0
0
0
0
0
0
0
0
0
0
0
0
0
0
0
0
0
0
0
0
0
0
0
0
0
0
0
0
0
0
0
0
0
0
0
0
0
0
0
0
0
0
0
0
0
0
0
0
0
0
0
0
0
0
0
0
0
0
0
0
0
0
0
0
0
0
0
0
0
0
0
0
0
0
0
0
0
0
0
0
0
0
0
0
0
0
0
0
0
0
0
0
0
0
0
0
0
0
0
0
0
0
0
0
0
0
0
0
0
0
0
0
0
0
0
0
0
0
0
0
0
0
0
0
0
0
0
0
0
0
0
0
0
0
0
0
0
0
0
0
0
0
0
0
0
0
0
0
0
0
0
0
0
0
0
0
0
0
0
0
0
0
0
0
0
0
0
0
0
0
0
0
0
0
0
0
0
0
0
0
0
0
0
0
0
0
0
0
0
0
0
0
0
0
0
0
0
0
0
0
0
0
0
0
0
0
0
0
0
0
0
0
0
0
0
0
0
0
0
0
0
0
0
0
0
0
0
0
0
0
0
0
0
0
0
0
0
0
0
0
0
0
0
0
0
0
0
0
0
0
0
0
0
0
0
0
0
0
0
0
0
0
0
0
0
0
0
0
0
0
0
0
0
0
0
0
0
0
0
0
0
0
0
0
0
0
0
0
0
0
0
0
0
0
0
0
0
0
0
0
0
0
0
0
0
0
0
0
0
0
0
0
0
0
0
0
0
0
0
0
0
0
0
0
0
0
1.02498
1.26983
1.107
1.05977
1.02498
1.2168
1.02853
1.62652
1.14835
1.04642
1.08666
1.03146
1.02976
1.08217
1.0968
1.08835
1.04984
1.2028
1.09747
1.0362
1.024
1.27059
1.51634
1.02945
1.11387
1.16904
1.02498
1.10723
1.09204
1.11644
1.02936
1.09382
1.1032
1.024
1.48728
1.2683
1.20307
1.05336
1.02721
1.04974
1.08734
1.024
1.05552
1.20237
1.13383
1.15181
1.15928
1.02498
1.024
1.29235
1.02687
1.03579
1.16975
1.02858
1.02498
1.38814
1.02866
1.02634
1.09241
1.05479
1.12268
1.41535
1.0991
1.05641
1.08664
1.05016
1.55923
1.22774
1.02498
1.05769
1.02498
1.02526
1.06152
1.24266
1.15817
1.10741
1.024
1.0487
1.07652
1.1414
1.02857
1.04456
1.10295
1.02498
1.19809
1.034
1.02632
1.04342
1.29251
1.10698
1.02656
1.1005
1.08177
1.03722
1.06765
1.49221
1.15333
1.03035
1.03378
1.34812
1.02537
1.02719
1.024
1.18114
1.02622
1.02498
1.024
1.024
1.02879
1.14576
1.10175
1.02909
1.14825
1.16359
1.06651
1.10806
1.15415
1.02509
1.03134
1.25562
1.22492
1.11456
1.10359
1.03305
1.02501
1.15236
1.32822
1.06723
1.57207
1.03638
1.05415
1.10637
1.02632
1.03564
1.02852
1.04034
1.02498
1.04736
1.37958
1.02498
1.09446
1.024
1.08141
1.09537
1.05436
1.03178
1.23776
1.04956
1.2201
1.02498
1.14983
1.31802
1.22725
1.04007
1.09891
1.02832
1.04465
1.14746
1.02498
1.29686
1.19564
1.10927
1.14895
1.02498
1.18092
1.03747
1.024
1.02498
1.20592
1.04313
1.02498
1.21756
1.12924
1.3938
1.34999
1.09045
1.21276
1.14298
1.03013
1.03958
1.06894
1.42694
1.32367
1.09533
1.0259
1.38171
1.14876
1.06157
1.10306
1.03093
1.2308
1.05919
1.02498
1.17287
1.45988
1.29664
1.0285
1.03913
1.0687
1.26967
1.02498
1.08779
1.50558
1.2834
1.02498
1.18076
1.14444
1.03052
1.02498
1.024
1.02498
1.05397
1.02498
1.024
1.08717
1.02979
1.024
1.05293
1.06003
1.02931
1.02498
1.30253
1.024
1.02684
1.04387
1.03882
1.0622
1.04847
1.02632
1.51839
1.024
1.02696
1.58091
1.03337
1.25588
1.16775
1.05798
1.02858
1.02871
1.03156
1.02698
1.02722
1.07836
1.20246
1.11252
1.11352
1.02925
1.07004
1.0375
1.02796
1.1781
1.02785
1.37383
1.41955
1.02836
1.024
1.07993
1.11772
1.024
1.024
1.02498
1.03115
1.08594
1.5472
1.024
1.0275
1.024
1.31273
1.18512
1.03907
1.10535
1.1313
1.16869
1.29234
1.07691
1.024
1.04718
1.06173
1.13029
1.06232
1.05032
1.06803
1.19339
1.10636
1.03639
1.03062
1.04213
1.024
1.0792
1.02498
1.14741
1.48752
1.02498
1.04996
1.02849
1.20783
1.41433
1.024
1.024
1.14812
1.024
1.02516
1.08028
1.06321
1.024
1.16587
1.025
1.0515
1.44078
1.024
1.02498
1.02498
1.71323
1.024
1.024
1.11339
1.03207
1.024
1.21503
1.02847
1.25956
1.12974
1.32677
1.08355
1.55557
1.02498
1.14583
1.024
1.28936
1.09676
1.024
1.10292
1.39666
1.02819
1.10447
1.04825
1.06151
1.20049
1.02818
1.024
1.024
1.02808
1.52636
1.15882
1.02881
1.03426
1.17913
1.02498
1.06535
1.27456
1.024
1.20564
1.09939
1.07934
1.18461
1.27687
1.02498
1.10822
1.02524
1.02633
1.02498
1.15679
1.02498
1.27019
1.024
1.02498
1.12675
1.27337
1.024
1.03957
1.05455
1.02498
1.2304
1.03186
1.3505
1.024
1.51872
1.02498
1.16527
1.024
1.35224
1.02498
1.024
1.03827
1.16484
1.05364
1.07965
1.03154
1.189
1.02498
1.03358
1.02503
1.32799
1.66996
1.0352
1.07924
1.2257
1.024
1.05329
1.28665
1.02498
1.03021
1.024
1.45102
1.02498
1.38183
1.02498
1.0262
1.02498
1.02498
1.16273
1.02835
1.02933
1.05972
1.03373
1.88085
1.02679
1.07179
1.58112
1.02796
1.02498
1.02874
1.024
1.024
1.02498
1.02498
1.23143
1.09147
1.19126
1.03532
1.02623
1.02676
1.02793
1.02498
1.02498
1.37892
1.11197
1.05098
1.024
1.02498
1.36718
1.28237
1.04971
1.02498
1.2964
1.02498
1.17157
1.02498
1.09506
1.02836
1.12507
1.10779
1.4591
1.41815
1.024
1.2225
1.10594
1.02498
1.0761
1.0551
1.11472
1.26945
1.18896
1.06616
1.02498
1.19743
1.03028
1.02498
1.02498
1.03716
1.09022
1.13257
1.02498
1.0442
1.02498
1.55943
1.024
1.02498
1.33335
1.13527
1.024
1.22757
1.06583
1.054
1.09836
1.02498
1.19891
1.15932
1.30745
1.02498
1.029
1.03532
1.31003
1.08702
1.22309
1.0848
1.03355
1.181
1.0347
1.09611
1.02498
1.024
1.024
1.17863
1.03259
1.02498
1.05138
1.03461
1.024
1.17552
1.04832
1.15081
1.06393
1.09975
1.08346
1.05209
1.06101
1.21351
1.02498
1.03365
1.21387
1.024
1.024
1.07982
1.05852
1.28257
1.024
1.28863
1.09172
1.06834
1.23977
1.02959
1.18801
1.17998
1.13909
1.05655
1.24147
1.07559
1.02498
1.0711
1.02498
1.024
1.12098
1.02971
1.17142
1.5301
1.11169
1.02498
1.24301
1.02498
1.02498
1.02498
1.0317
1.10474
1.18561
1.15502
1.07755
1.06426
1.024
1.024
1.05266
1.21511
1.024
1.024
1.27041
1.0347
1.06208
1.02498
1.03135
1.31098
1.024
1.024
1.08106
1.24392
1.02498
1.20112
1.03563
1.024
1.15496
1.09264
1.1188
1.11206
1.02498
1.02692
1.024
1.02498
1.02657
1.18682
1.34272
1.02611
1.02498
1.024
1.06735
1.11014
1.30796
1.0606
1.02498
1.04097
1.03295
1.09154
1.024
1.20308
1.02498
1.3366
1.024
1.09553
1.024
1.24255
1.04768
1.024
1.18375
1.22105
1.32496
1.024
1.29783
1.20318
1.04157
1.12547
1.05267
1.02498
1.07889
1.02973
1.02498
1.02498
1.14309
1.02498
1.024
1.43211
1.024
1.06316
1.11111
1.024
1.02498
1.02498
1.024
1.28659
1.05243
1.03206
1.10594
1.10519
1.21737
1.07673
1.12223
1.07005
1.02498
1.03795
1.08703
1.07024
1.02956
1.04753
1.024
1.11986
1.04592
1.0621
1.04
1.11223
1.27295
1.03327
1.02681
1.024
1.2269
1.02498
1.03703
1.02658
1.02498
1.04441
1.02498
1.10222
1.32041
1.16328
1.04631
1.04277
1.40989
1.02864
1.14397
1.04474
1.5037
1.33606
1.02786
1.50258
1.31821
1.024
1.02996
1.024
1.21232
1.02875
1.06045
1.27535
1.02498
1.04678
1.02851
1.02498
1.26318
1.07291
1.3615
1.024
1.08416
1.02498
1.02918
1.02701
1.024
1.22989
1.39881
1.14753
1.02498
1.21304
1.24471
1.20049
1.03329
1.06322
1.02618
1.024
1.05337
1.024
1.15123
1.02498
1.02498
1.07886
1.24894
1.0287
1.20586
1.09592
1.02498
1.24868
1.04379
1.04957
1.07655
1.02498
1.04562
1.08077
1.38967
1.024
1.02498
1.02498
1.02688
1.03876
1.15092
1.03919
1.20189
1.16125
1.03034
1.06539
1.14221
1.02498
1.55074
1.03329
1.03975
1.03561
1.024
1.024
1.03372
1.02498
1.02507
1.10023
1.07408
1.30319
1.2934
1.14709
1.13266
1.02498
1.18043
1.08214
1.0951
1.02498
1.02498
1.26442
1.0855
1.09011
1.02773
1.28008
1.07248
1.024
1.29501
1.0643
1.26388
1.11468
1.07683
1.05227
1.13491
1.14511
1.02498
1.03596
1.02637
1.34879
1.27862
1.024
1.02498
1.11331
1.49735
1.0333
1.19297
1.03592
1.15452
1.28175
1.1119
1.05302
1.02498
1.024
1.02498
1.02794
1.02555
1.4039
1.18328
1.13878
1.03447
1.02688
1.07686
1.02498
1.02498
1.21401
1.14237
1.024
1.23332
1.0329
1.02498
1.0265
1.02792
1.11123
1.34775
1.08978
1.1328
1.08516
1.02498
1.024
1.10569
1.1737
1.25779
1.024
1.02498
1.03466
1.02498
1.02717
1.02626
1.04439
1.02498
1.11004
1.19424
1.02498
1.38916
1.33574
1.27966
1.05306
1.15195
1.02498
1.18818
1.42114
1.36508
1.02498
1.0369
1.02772
1.03779
1.03077
1.024
1.024
1.17739
1.05884
1.02498
1.02498
1.19304
1.16175
1.02498
1.02498
1.32343
1.04113
1.4975
1.02498
1.024
1.04443
1.02498
1.1487
1.13401
1.02498
1.33726
1.02876
1.09472
1.02498
1.02717
1.02498
1.0369
1.024
1.42855
1.0335
1.30917
1.02498
1.03926
1.02498
1.06603
1.09123
1.08824
1.02498
1.04922
1.17838
1.03204
1.02498
1.16532
1.13042
1.02872
1.02498
1.02498
1.04979
1.024
1.02498
1.33953
1.024
1.48539
1.10636
1.0413
1.02498
1.024
1.02498
1.04201
1.38955
1.32488
1.02498
1.024
1.06344
1.06198
1.11714
1.04952
1.03475
1.12801
1.21572
1.02757
1.06505
1.08374
1.0293
1.02498
1.024
1.16282
1.03746
1.08279
1.03938
1.32502
1.38326
1.29374
1.03703
1.12268
1.04798
1.53687
1.19223
1.03065
1.27773
1.02556
1.024
1.12664
1.30699
1.05535
1.12076
1.05457
1.10774
1.1992
1.56915
1.02851
1.12166
1.02702
1.07346
1.04913
1.06818
1.03291
1.10182
1.06284
1.19713
1.03299
1.03314
1.27294
1.024
1.11266
1.09795
1.04352
1.24733
1.12605
1.02498
1.0734
1.3919
1.35982
1.0723
1.0317
1.06191
1.03666
1.14082
1.02874
1.25744
1.024
1.02498
1.06797
1.024
1.16205
1.09987
1.32889
1.24555
1.03374
1.09724
1.11962
1.02621
1.04769
1.08012
1.36166
1.02582
1.02498
1.024
1.41583
1.27391
0.889089
0.824796
0.865455
0.87119
0.835463
0.923867
0.887143
0.911078
0.849576
0.938961
0.839394
0.947526
0.823637
0.823525
1.04629
0.928486
0.953492
1.05503
0.865877
1.0061
1.35377
1.20678
0.964013
1.37785
0.830287
0.820597
1.12592
0.915298
1.39186
1.12961
0.823617
0.83169
0.854069
0.845134
0.881527
0.959274
1.19179
0.821391
1.22046
0.946014
0.970828
0.842774
1.13233
0.819689
1.04804
0.950396
1.01128
0.965798
0.841331
1.04021
0.971315
1.12224
0.975828
0.864388
0.831004
0.897369
0.819689
1.08999
1.04315
0.823416
1.1596
0.979809
0.970839
1.11925
0.820224
1.10982
0.917495
0.889683
0.850958
0.991114
0.883585
1.37495
0.859603
1.03974
1.41859
1.08608
0.907447
0.974096
1.03777
0.819689
0.846475
0.820678
0.922699
0.968903
1.02115
1.38841
1.27095
0.834552
0.985571
0.856989
1.15613
0.824334
1.08195
0.959307
0.853692
1.04439
0.956003
0.819689
0.819689
0.98452
1.39626
0.854012
1.16683
0.94876
1.1491
1.20317
0.853876
1.11228
0.8192
1.37856
0.916358
0.871133
0.82365
0.94902
0.820986
0.833579
0.835566
1.12958
1.06166
0.827078
0.836223
0.906356
0.872057
0.853667
1.4491
1.20655
0.85655
0.820888
1.20217
1.0215
0.944545
0.980907
1.04324
1.16381
0.819689
1.06338
0.942978
0.820665
0.832724
0.99953
0.889757
1.12786
0.819689
1.25656
1.08274
1.11124
1.35097
0.81969
0.850742
0.82932
1.03813
0.853998
1.14848
0.940348
1.01648
0.844904
1.04801
1.13773
1.06147
0.865237
0.8621
0.879892
1.14399
0.823634
1.03592
1.2111
1.2946
1.13479
1.06275
1.4805
0.885854
0.882294
0.954038
0.953584
0.87225
0.936619
0.945125
1.16173
1.0713
0.936339
0.945821
0.92741
1.02679
0.917343
0.848103
0.997709
0.827958
0.887458
0.990991
0.903494
0.820272
0.907276
1.20541
0.986967
0.950826
0.884792
1.19174
0.838242
0.841111
1.15762
0.891367
0.876632
0.833309
0.8192
0.823835
0.844057
1.02727
0.881441
1.19059
1.01219
0.935424
0.897676
0.84074
0.824264
0.922332
1.07199
0.926073
0.959514
1.0115
0.819689
0.82271
0.864882
1.11987
0.82739
0.988569
0.820256
1.2895
1.07795
0.912156
0.845994
0.920918
0.821542
0.926984
0.977091
0.819689
1.15802
1.02454
0.830286
0.827832
1.30638
1.13618
1.24727
1.44499
0.8192
0.828036
1.0256
0.82322
0.90751
0.8192
0.911083
0.867916
0.819689
1.03362
1.05985
1.40889
0.907597
0.878505
1.09679
1.09451
0.866129
0.821148
0.819689
0.991067
1.00626
0.878667
0.855134
1.10251
1.11407
0.889972
0.914546
1.16396
1.18248
0.940661
0.822765
1.23104
0.904159
1.23082
1.17259
0.922396
0.844959
1.05024
1.30969
0.856126
0.819689
0.848984
0.8192
0.949621
1.25512
0.885453
1.59835
1.07575
0.841672
1.01944
0.925024
0.968262
0.820968
1.16331
1.03313
0.840747
0.899072
0.861121
0.978205
1.51226
0.913307
1.1321
0.838961
0.820562
1.00108
1.33811
0.978759
0.819689
0.939425
0.937256
0.979911
1.05527
0.820365
0.85449
1.25337
0.836224
0.871726
1.00809
0.842374
0.819689
0.885839
0.899086
0.948574
0.839849
1.1035
0.828986
0.973349
0.904941
1.23124
0.965041
0.897154
0.888327
1.02616
1.34453
0.823335
0.937926
0.819689
1.19598
0.963311
0.868727
0.979282
1.49572
1.10167
0.940972
1.22587
1.34794
0.944583
0.822764
1.00409
0.962315
0.948383
0.820799
0.819689
1.07831
1.09002
1.02867
0.855658
0.896311
1.11102
1.27557
0.986357
0.885566
0.907496
0.924273
0.826054
1.15761
1.03523
1.26341
0.824628
0.819689
1.16525
0.876558
1.12378
1.06773
0.964151
1.26531
1.0669
1.07671
0.992226
1.09057
0.819689
0.856957
0.819689
0.897561
0.874617
1.20668
1.10321
0.999719
0.908666
0.838516
1.1043
0.95525
1.04675
1.08992
0.840167
0.895515
0.821342
0.843945
1.12091
0.940805
1.22309
0.998158
0.823764
0.841354
0.972851
1.06056
0.993182
0.847209
1.06383
0.935481
0.948315
0.857235
1.06296
1.24037
1.02084
1.04321
0.934491
1.19325
0.921948
0.819689
1.04068
0.8457
0.952694
1.0223
0.878845
1.3939
1.24491
1.27517
1.12409
0.848834
0.943847
0.819736
0.839542
0.869484
0.823248
0.828994
0.957398
0.868334
0.819689
0.931524
0.873428
0.8192
0.851608
0.882571
0.848338
1.30293
0.836229
1.29232
1.02109
0.819689
0.841409
1.2377
1.41123
1.07382
1.07033
0.878068
0.819689
1.0445
1.05652
0.921529
0.820929
0.877218
0.892693
1.11237
1.12312
1.00823
1.24309
0.881066
0.844072
0.871842
1.15744
1.15865
0.819689
0.822102
1.20565
0.843366
1.01926
0.952517
0.867245
1.25243
0.950989
0.966507
1.0004
1.11399
0.878234
1.23486
1.35177
1.21738
1.29902
0.819689
0.8192
0.843191
1.10544
1.07195
0.875468
1.29849
1.17599
0.937807
1.29638
0.927518
0.985677
1.41483
0.8192
0.838891
1.13915
0.822148
0.90309
0.879125
0.844735
0.872751
1.144
0.825775
0.83454
0.8918
1.04648
0.88075
1.33303
0.980137
1.14924
0.8192
0.826937
1.07834
0.819689
0.829234
0.870599
1.07076
0.839278
1.33636
1.05221
1.00394
1.09989
0.844986
0.819689
0.964323
1.06287
1.02618
0.953737
0.82825
1.07385
0.842298
0.897007
0.858932
0.853607
1.08938
0.819689
0.885008
0.827448
0.992334
0.829769
0.841105
1.21731
1.03842
1.22197
0.819689
0.834262
0.961059
0.819689
1.04284
1.06194
0.95399
0.841689
1.1071
0.833256
1.08494
0.827029
0.996486
0.860344
1.30455
0.830491
0.844138
0.865264
0.974733
0.831179
0.904458
0.820799
0.935509
1.30913
0.984793
0.850352
1.32053
0.829998
0.907594
0.848531
1.01902
0.838723
1.12241
0.908374
1.17402
0.822038
1.65532
0.880807
0.950722
0.903757
0.821208
0.871483
0.840315
1.06194
0.826532
1.09394
1.21542
1.18603
1.08959
0.833406
0.875758
0.947655
0.8192
0.995646
0.848092
1.13195
1.24964
0.875225
1.01461
0.83252
0.998635
0.827405
0.935496
0.951174
0.862619
0.839188
0.877121
0.821598
0.889709
1.13031
0.826075
1.09247
1.08447
1.05736
1.24236
0.834568
0.903524
0.874746
0.819689
0.927221
1.02534
0.985172
1.2246
0.960873
1.05277
0.828901
1.28119
0.847798
0.875712
1.20713
0.869403
0.893766
0.98478
1.44535
0.934722
0.978728
1.03404
1.09761
1.09275
1.33947
0.843191
1.04401
1.31062
1.47067
0.8192
0.833736
1.15591
0.88846
0.963028
0.837102
0.97391
1.08547
0.819689
1.16076
1.09844
1.22429
1.09657
1.2693
1.11644
0.923498
0.941135
0.877518
0.864422
0.830772
0.830475
1.01249
1.15683
1.03969
0.849598
0.831166
0.851115
0.889019
0.914779
1.08496
0.944206
0.921578
0.942658
0.950531
0.819689
1.20923
1.64219
0.878899
0.821391
1.16797
0.952842
1.18879
0.820778
1.13886
0.925878
0.836268
1.26581
0.962545
0.929922
0.88944
0.853617
1.09054
0.822814
1.05218
0.89876
1.15923
0.902719
0.859661
0.932445
0.8192
0.862494
1.21758
0.832035
0.894489
1.15742
0.969629
0.953103
0.819689
0.866729
1.01857
1.05381
0.937418
0.875942
0.91973
0.838521
0.822224
0.973781
1.29789
0.862554
0.89966
1.37962
1.27136
0.948852
1.28041
0.824999
0.820478
0.98782
1.34055
1.31291
0.883535
0.81969
0.877779
0.822466
0.894471
0.827772
0.83129
1.13749
0.8587
0.819925
1.07029
1.61223
0.969225
1.05676
0.831485
0.915306
0.899923
0.985111
0.864609
0.870317
0.824374
1.112
0.83088
0.885766
0.963509
1.08933
0.926936
0.88133
0.999649
0.911168
1.03417
0.819689
0.824962
0.965109
1.22529
0.968322
0.848097
1.16279
0.862873
1.00403
0.861692
1.12182
0.840501
1.46045
0.895577
1.21118
0.997785
0.897728
0.884245
1.03246
0.822468
0.836543
0.840171
0.870291
1.51826
0.819689
0.85686
1.07791
0.884022
1.24183
1.1114
1.05545
0.885735
0.858439
1.08678
0.850256
1.1379
0.843285
1.06977
0.855004
1.28352
0.825986
0.990871
0.8192
1.10041
0.819689
0.822162
0.880233
0.825367
0.827489
1.09819
0.846896
1.00603
0.903971
1.11856
1.17544
0.916655
0.82271
0.897265
0.955454
1.07341
0.888585
1.49648
1.19444
1.21897
1.18942
0.958809
0.91027
1.05108
0.820108
1.12067
0.98285
0.819689
1.44234
0.876169
0.819689
0.864911
1.1725
1.24654
1.20644
1.27112
0.986742
1.16181
0.993217
1.00279
0.992959
0.97444
1.10947
0.956681
0.965415
1.06035
0.819689
1.20027
1.15087
0.823605
1.28943
0.823009
0.867436
0.88239
1.12684
0.847455
1.22538
1.02323
0.85464
0.972522
1.20096
1.48393
1.09641
0.960041
1.11899
1.53421
0.819689
1.03924
0.841059
0.869978
0.987073
0.866738
0.830617
0.8192
0.996808
0.844614
0.840552
1.0027
1.02868
1.2077
0.990597
0.976617
0.944885
1.09177
1.16973
0.954894
0.97901
0.834615
0.864511
0.898438
1.18945
0.91129
1.25351
0.979392
1.03851
0.841049
1.06488
1.20423
0.911991
1.21018
0.909744
1.18752
0.8192
1.16539
1.00014
0.822161
0.873816
1.17502
1.22855
0.819689
0.819689
1.16505
0.922619
0.819689
1.20312
1.25716
0.9071
1.12063
1.02532
0.833437
1.12127
0.850581
0.831932
1.2941
0.82049
0.874326
0.821483
0.824116
0.822572
0.819689
1.1476
1.07439
0.831562
0.948164
0.848731
0.847792
0.906684
0.908959
0.89413
1.58247
1.31762
0.8192
0.875288
1.53955
0.866962
0.850928
0.8192
1.07692
0.841601
1.1486
0.835181
0.895956
0.857142
0.820104
1.09929
0.965197
1.01765
1.10267
0.821342
0.8192
1.12064
1.15193
0.820893
0.870412
0.854669
0.919403
0.904852
1.41022
1.15644
0.830234
0.879335
0.819689
1.32507
0.915096
