0
0
0
0
0
0
0
0
0
0
0
0
0
0
0
0
0
0
0
0
0
0
0
0
0
0
0
0
0
0
0
0
0
0
0
0
0
0
0
0
0
0
0
0
0
0
0
0
0
0
0
0
0
0
0
0
0
0
0
0
0
0
0
0
0
0
0
0
0
0
0
0
0
0
0
0
0
0
0
0
0
0
0
0
0
0
0
0
0
0
0
0
0
0
0
0
0
0
0
0
0
0
0
0
0
0
0
0
0
0
0
0
0
0
0
0
0
0
0
0
0
0
0
0
0
0
0
0
0
0
0
0
0
0
0
0
0
0
0
0
0
0
0
0
0
0
0
0
0
0
0
0
0
0
0
0
0
0
0
0
0
0
0
0
0
0
0
0
0
0
0
0
0
0
0
0
0
0
0
0
0
0
0
0
0
0
0
0
0
0
0
0
0
0
0
0
0
0
0
0
0
0
0
0
0
0
0
0
0
0
0
0
0
0
0
0
0
0
0
0
0
0
0
0
0
0
0
0
0
0
0
0
0
0
0
0
0
0
0
0
0
0
0
0
0
0
0
0
0
0
0
0
0
0
0
0
0
0
0
0
0
0
0
0
0
0
0
0
0
0
0
0
0
0
0
0
0
0
0
0
0
0
0
0
0
0
0
0
0
0
0
0
0
0
0
0
0
0
0
0
0
0
0
0
0
0
0
0
0
0
0
0
0
0
0
0
0
0
0
0
0
0
0
0
0
0
0
0
0
0
0
0
0
0
0
0
0
0
0
0
0
0
0
0
0
0
0
0
0
0
0
0
0
0
0
0
0
0
0
0
0
0
0
0
0
0
0
0
0
0
0
0
0
0
0
0
0
0
0
0
0
0
0
0
0
0
0
0
0
0
0
0
0
0
0
0
0
0
0
0
0
0
0
0
0
0
0
0
0
0
0
0
0
0
0
0
0
0
0
0
0
0
0
0
0
0
0
0
0
0
0
0
0
0
0
0
0
0
0
0
0
0
0
0
0
0
0
0
0
0
0
0
0
0
0
0
0
0
0
0
0
0
0
0
0
0
0
0
0
0
0
0
0
0
0
0
0
0
0
0
0
0
0
0
0
0
0
0
0
0
0
0
0
0
0
0
0
0
0
0
0
0
0
0
0
0
0
0
0
0
0
0
0
0
0
0
0
0
0
0
0
0
0
0
0
0
0
0
0
0
0
0
0
0
0
0
0
0
0
0
0
0
0
0
0
0
0
0
0
0
0
0
0
0
0
0
0
0
0
0
0
0
0
0
0
0
0
0
0
0
0
0
0
0
0
0
0
0
0
0
0
0
0
0
0
0
0
0
0
0
0
0
0
0
0
0
0
0
0
0
0
0
0
0
0
0
0
0
0
0
0
0
0
0
0
0
0
0
0
0
0
0
0
0
0
0
0
0
0
0
0
0
0
0
0
0
0
0
0
0
0
0
0
0
0
0
0
0
0
0
0
0
0
0
0
0
0
0
0
0
0
0
0
0
0
0
0
0
0
0
0
0
0
0
0
0
0
0
0
0
0
0
0
0
0
0
0
0
0
0
0
0
0
0
0
0
0
0
0
0
0
0
0
0
0
0
0
0
0
0
0
0
0
0
0
0
0
0
0
0
0
0
0
0
0
0
0
0
0
0
0
0
0
0
0
0
0
0
0
0
0
0
0
0
0
0
0
0
0
0
0
0
0
0
0
0
0
0
0
0
0
0
0
0
0
0
0
0
0
0
0
0
0
0
0
0
0
0
0
0
0
0
0
0
0
0
0
0
0
0
0
0
0
0
0
0
0
0
0
0
0
0
0
0
0
0
0
0
0
0
0
0
0
0
0
0
0
0
0
0
0
0
0
0
0
0
0
0
0
0
0
0
0
0
0
0
0
0
0
0
0
0
0
0
0
0
0
0
0
0
0
0
0
0
0
0
0
0
0
0
0
0
0
0
0
0
0
0
0
0
0
0
0
0
0
0
0
0
0
0
0
0
0
0
0
0
0
0
0
0
0
0
0
0
0
0
0
0
0
0
0
0
0
0
0
0
0
0
0
0
0
0
0
0
0
0
0
0
0
0
0
0
0
0
0
0
0
0
0
0
0
0
0
0
0
0
0
0
0
0
0
0
0
0
0
0
0
0
0
0
0
0
0
0
0
0
0
0
0
0
0
0
0
0
0
0
0
0
0
0
0
0
0
0
0
0
0
0
0
0
0
0
0
0
0
0
0
0
0
0
0
0
0
0
0
0
0
0
0
0
0
0
0
0
0
0
0
0
0
0
0
0
0
0
0
0
0
0
0
0
0
0
0
0
0
0
0
0
0
0
0
0
0
0
0
0
0
0
0
0
0
0
0
0
0
0
0
0
0
0
0
0
0
0
0
0
0
0
0
0
0
0
0
0
0
0
0
0
0
0
0
0
0
0
0
0
0
0
0
0
0
0
0
0
0
0
0
0
0
0
0
0
0
0
0
0
0
0
0
0
0
0
0
0
0
0
0
0
0
0
0
0
0
0
0
0
0
0
0
0
0
0
0
0
0
0
0
0
0
0
0
0
0
0
0
0
0
0
0
0
0
0
0
0
0
0
0
0
0
0
0
0
0
0
0
0
0
0
0
0
0
0
0
0
0
0
0
0
0
0
0
0
0
0
0
0
0
0
0
0
0
0
0
0
0
0
0
0
0
0
0
0
0
0
0
0
0
0
0
0
0
0
0
0
0
0
0
0
0
0
0
0
0
0
0
0
0
0
0
0
0
0
0
0
0
0
0
0
0
0
0
0
0
0
0
0
0
0
0
0
0
0
0
0
0
0
0
0
0
0
0
0
0
0
0
0
0
0
0
0
0
0
0
0
0
0
0
0
0
0
0
0
0
0
0
0
0
0
0
0
0
0
0
0
0
0
0
0
0
0
0
0
0
0
0
0
0
0
0
0
0
0
0
0
0
0
0
0
0
0
0
0
0
0
0
0
0
0
0
0
0
0
0
0
0
0
0
0
0
0
0
0
0
0
0
0
0
0
0
0
0
0
0
0
0
0
0
0
0
0
0
0
0
0
0
0
0
0
0
0
0
0
0
0
0
0
0
0
0
0
0
0
0
0
0
0
0
0
0
0
0
0
0
0
0
0
0
0
0
0
0
0
0
0
0
0
0
0
0
0
0
0
0
0
0
0
0
0
0
0
0
0
0
0
0
0
0
0
0
0
0
0
0
0
0
0
0
0
0
0
0
0
0
0
0
0
0
0
0
0
0
0
0
0
0
0
0
0
0
0
0
0
0
0
0
0
0
0
0
0
0
0
0
0
0
0
0
0
0
0
0
0
0
0
0
0
0
0
0
0
0
0
0
0
0
0
0
0
0
0
0
0
0
0
0
0
0
0
0
0
0
0
0
0
0
0
0
0
0
0
0
0
0
0
0
0
0
0
0
0
0
0
0
0
0
0
0
0
0
0
0
0
0
0
0
0
0
0
0
0
0
0
0
0
0
0
0
0
0
0
0
0
0
0
0
0
0
0
0
0
0
0
0
0
0
0
0
0
0
0
0
0
0
0
0
0
0
0
0
0
0
0
0
0
0
0
0
0
0
0
0
0
0
0
0
0
0
0
0
0
0
0
0
0
0
0
0
0
0
0
0
0
0
0
0
0
0
0
0
0
0
0
0
0
0
0
0
0
0
0
0
0
0
0
0
0
0
0
0
0
0
0
0
0
0
0
0
0
0
0
0
0
0
0
0
0
0
0
0
0
0
0
0
0
0
0
0
0
0
0
0
0
0
0
0
0
0
0
0
0
0
0
0
0
0
0
0
0
0
0
0
0
0
0
0
0
0
0
0
0
0
0
0
0
0
0
0
0
0
0
0
0
0
0
0
0
0
0
0
0
0
0
0
0
0
0
0
0
0
0
0
0
0
0
0
0
0
0
0
0
0
0
0
0
0
0
0
0
0
0
0
0
0
0
0
0
0
0
0
0
0
0
0
0
0
0
0
0
0
0
0
0
0
0
0
0
0
0
0
0
0
0
0
0
0
0
0
0
0
0
0
0
0
0
0
0
0
0
0
0
0
0
0
0
0
0
0
0
0
0
0
0
0
0
0
0
0
0
0
0
0
0
0
0
0
0
0
0
0
0
0
0
0
0
0
0
0
0
0
0
0
0
0
0
0
0
0
0
0
0
0
0
0
0
0
0
0
0
0
0
0
0
0
0
0
0
0
0
0
0
0
0
0
0
0
0
0
0
0
0
0
0
0
0
0
0
0
0
0
0
0
0
0
0
0
0
0
0
0
0
0
0
0
0
0
0
0
0
0
0
0
0
0
0
0
0
0
0
0
0
0
0
0
0
0
0
0
0
0
0
0
0
0
0
0
0
0
0
0
0
0
0
0
0
0
0
0
0
0
0
0
0
0
0
0
0
0
0
0
0
0
0
0
0
0
0
0
0
0
0
0
0
0
0
0
0
0
0
0
0
0
0
0
0
0
0
0
0
0
0
0
0
0
0
0
0
0
0
0
0
-0.988979
0.416522
0.213008
-0.0143128
-1.41251
0.244598
-0.662388
0.81122
0.264462
-0.53962
0.0753004
-0.916499
-0.761944
0.01919
0.232991
-0.0736165
-0.40296
0.346952
0.0925448
-0.543347
-1.82322
0.398889
0.605009
-0.780386
0.0687105
0.312777
-1.42951
0.114162
0.0516412
0.0698272
-0.570237
0.219467
-0.0556608
-1.43634
0.59646
0.467448
0.385947
-0.174545
-0.781363
-0.243891
0.17778
-1.13756
-0.168087
0.329795
0.196243
0.12923
0.287707
-1.02007
-0.91543
0.338054
-0.92847
-0.285479
0.259944
-0.7896
-0.942538
0.538937
-0.464749
-0.897535
-0.018209
-0.139554
0.0811327
0.642784
-0.00578212
-0.869294
0.214874
-0.103037
0.709682
0.444041
-0.989192
-0.150713
-1.07063
-0.704826
0.0279768
0.354127
0.238921
0.103665
-2.56043
-0.4494
-0.0639807
0.272828
-0.399545
-0.363961
0.0831366
-0.580794
0.343323
-0.333515
-0.474839
-0.500759
0.373125
0.145728
-1.2478
0.0190251
0.138075
-0.229621
-0.235226
0.688755
0.146133
-0.584965
-0.704623
0.521933
-0.449959
-0.777192
-1.38345
0.248795
-0.527711
-0.915795
-1.48299
-2.10579
-0.896946
0.312851
-0.0426767
-0.543803
0.293273
0.295723
-0.381601
0.210249
0.112665
-0.969499
-0.513575
0.413312
0.177874
0.181029
-0.122415
-0.227151
-0.510248
0.0718782
0.473741
-0.211413
0.764467
-0.528646
-0.297272
0.183369
-0.765023
-0.487979
-0.837578
-0.341395
-0.972081
-0.143165
0.620493
-0.952239
0.0277303
-2.12828
0.0805784
-0.159068
-0.357125
-1.04351
0.063931
-0.454634
0.322116
-0.855413
0.279292
0.48675
0.477561
-0.378149
-0.0350566
-1.27367
-0.0950395
0.233526
-0.728342
0.449892
0.317725
0.284135
0.00172116
-1.28672
0.26586
-0.277434
-1.47063
-1.47017
0.290321
-0.329454
-0.899188
0.27149
0.232608
0.484233
0.55343
-0.0155692
0.224149
0.304364
-0.961387
-0.557183
-0.100264
0.522773
0.53525
-0.00377582
-0.618618
0.540938
0.256041
-0.0701592
0.188088
-0.832359
0.358635
0.0411124
-1.10078
0.188281
0.719519
0.448779
-0.421049
-0.508201
0.0441723
0.359865
-1.16121
0.113003
0.580464
0.431525
-0.491863
0.212083
0.0769794
-0.843643
-1.2343
-2.04772
-0.970956
-0.13185
-0.775295
-1.21647
-0.199311
-0.749244
-1.178
-0.277994
-0.150316
-0.448023
-0.693722
0.508749
-1.42472
-0.501238
-0.2257
-0.346705
-0.18322
-0.211875
-0.768002
0.710272
-1.28913
-0.907712
0.766506
-0.500494
0.43027
0.169686
-0.215982
-0.734732
-0.449062
-0.690031
-1.10429
-0.277806
-0.155516
0.288686
-0.107929
0.139607
-0.58109
-0.246135
-0.566544
-0.44781
0.21708
-0.416246
0.599525
0.58001
-0.335167
-2.34022
-0.250166
-0.0313834
-1.54572
-1.07653
-1.02508
-0.75984
-0.0410027
0.679418
-1.58177
-0.923499
-1.57971
0.411151
0.155787
-0.395661
-0.0830375
0.129233
0.236181
0.445039
-0.118115
-2.12231
-0.358498
-0.296017
0.156932
-0.016337
-0.318709
-0.213889
0.327732
0.0179724
-0.574917
-0.180547
-0.271598
-1.34171
-0.0866322
-0.779029
0.186679
0.681692
-0.861521
0.0942497
-0.816774
0.354911
0.533736
-2.07426
-2.45913
0.179626
-0.844505
-0.421827
-0.0591491
-0.052221
-1.6053
0.145702
-0.71927
-0.283511
0.610754
-1.22292
-0.843269
-0.915668
0.815783
-1.60109
-1.27679
0.0393111
-0.427326
-1.94494
0.450054
-0.759764
0.500013
-0.00398276
0.425398
-0.00459182
0.687228
-0.476005
0.234853
-1.73612
0.479951
-0.0469085
-1.75852
-0.0329798
0.560799
-0.507131
-0.0390078
-0.28125
-0.17789
0.288156
-0.955804
-3.11951
-3.34359
-0.51291
0.667757
0.140425
-0.747324
-0.503642
0.35532
-0.717067
-0.344848
0.349834
-1.15956
0.306415
0.1161
-0.131907
0.194774
0.357267
-0.906028
0.19442
-0.737318
-0.43594
-0.941606
0.257734
-1.27701
0.398119
-1.14255
-0.393274
0.103636
0.223556
-1.60877
-0.264427
-0.205713
-0.948675
0.394193
-0.237145
0.515578
-2.34157
0.696804
-0.58015
0.274982
-1.7326
0.487938
-0.979825
-1.44107
-0.442494
0.187152
-0.290079
0.00202285
-0.735286
0.272732
-0.938207
-0.45438
-1.14187
0.425172
0.79965
-0.558691
-0.0269422
0.291616
-1.50244
-0.128294
0.373164
-1.07567
-0.429675
-2.20286
0.554993
-1.30591
0.509164
-1.3057
-0.940028
-1.26432
-1.34377
0.0889514
-0.587395
-0.488185
-0.253219
-0.229005
0.893595
-0.500902
-0.346988
0.579852
-0.518219
-0.437875
-0.560809
-1.26173
-1.9686
-1.26432
-0.663868
0.538711
0.0698925
0.254904
-0.687114
-0.723344
-0.624667
-0.479521
-1.1867
-0.875015
0.475957
0.0834342
-0.249352
-1.47092
-1.09932
0.488096
0.49857
-0.239037
-0.512831
0.37952
-1.6858
0.128297
-1.19989
0.0332017
-0.979592
0.133359
0.019047
0.592684
0.555852
-1.82218
0.363065
-0.169038
-0.818411
-0.0978359
-0.268474
0.0366704
0.537724
0.252981
-0.0492614
-0.812397
0.23571
-0.451271
-0.447163
-0.922078
-0.36407
-0.055193
0.151238
-0.812215
-0.305022
-0.854238
0.752382
-1.80279
-1.07516
0.51239
0.0352762
-1.0032
0.305155
-0.0695498
-0.214406
-0.143686
-0.845562
0.27209
0.334399
0.448532
-0.947277
-0.299309
-0.570772
0.515436
-0.085758
0.330086
-0.323617
-0.612899
0.263928
-0.504217
0.028865
-1.0922
-2.11628
-1.50184
0.211915
-0.549339
-0.988909
-0.310631
-0.638294
-1.03325
0.312232
-0.122241
0.25626
-0.178045
0.0164008
-0.167018
-0.190852
-0.156513
0.387373
-1.03337
-0.365847
0.364219
-2.36969
-1.30566
-0.157373
-0.360009
0.46089
-1.47943
0.327421
-0.133025
-0.0458538
0.430951
-0.481055
0.252951
0.341272
-0.0822461
-0.176356
0.313767
0.0355502
-1.27649
-0.194653
-0.715018
-1.53883
0.156547
-0.710545
0.213049
0.586348
0.166465
-1.22129
0.394458
-0.793693
-1.52777
-1.32669
-0.559028
-0.0271273
0.140454
0.226948
0.0872417
0.141998
-1.94637
-0.945738
-0.24313
0.361506
-1.851
-1.62911
0.378966
-0.468079
-0.138466
-0.811752
-0.555871
0.406012
-1.30227
-2.53106
-0.236642
0.37952
-1.24535
0.346667
-0.852827
-1.12946
0.166985
0.0493493
0.160091
-0.0170869
-0.866741
-0.880848
-1.76819
-1.17007
-0.634784
0.238974
0.451401
-0.717568
-0.846255
-1.04947
-0.0856085
0.301666
0.46931
-0.155649
-0.73973
-0.49572
-0.368528
0.0365685
-1.4791
0.0966103
-0.830791
0.405958
-1.31031
-0.120118
-2.05396
0.354872
-0.4657
-2.0341
0.322275
0.198635
0.466426
-2.29904
0.48003
0.345318
-0.318352
0.111537
-0.200251
-0.6549
-0.242849
-0.682699
-0.628357
-1.60209
0.0170986
-1.14837
-1.16589
0.55135
-1.3648
-0.340109
0.084008
-1.19979
-0.694058
-0.938345
-1.59644
0.453132
-0.0613399
-0.395069
0.0790751
0.0415379
0.151456
0.0410288
0.154996
-0.245662
-0.731852
-0.398592
0.0179407
-0.272011
-0.602773
-0.466434
-1.70846
0.134583
-0.318897
-0.0270734
-0.529441
0.0600229
0.419868
-0.596193
-0.696206
-1.33293
0.337026
-1.06123
-0.41782
-0.919099
-0.788064
-0.232487
-1.22952
0.0445776
0.439297
0.246846
-0.393281
-0.30045
0.637217
-0.694341
0.355626
-0.275168
0.664102
0.470823
-0.935453
0.656216
0.648505
-1.94096
-0.839296
-2.00118
0.452825
-0.744408
-0.274656
0.459873
-0.804467
-0.177057
-0.342389
-0.924628
0.445464
-0.218624
0.494706
-2.40672
-0.0154773
-1.11933
-0.131552
-0.302946
-1.87858
0.360406
0.672329
0.031979
-0.697595
0.288703
0.37798
0.151059
-0.335787
-0.0518823
-0.776111
-1.9661
-0.299264
-1.51991
0.334326
-1.10892
-1.22462
-0.0678397
0.281152
-0.911599
0.257956
0.0467706
-1.05843
0.345713
-0.285916
-0.474942
-0.144215
-0.917974
-0.106214
-0.0966125
0.546134
-1.3423
-0.485976
-0.871434
-0.849179
-0.497367
0.156891
-0.371814
0.191623
0.181883
-0.534928
-0.269855
0.136872
-1.37968
0.685997
-0.592159
-0.214002
-0.487336
-1.76191
-1.80475
-0.301471
-1.24533
-0.8144
0.131758
-0.0905688
0.382834
0.421824
0.0184289
0.13644
-0.549035
0.10958
0.0946041
0.0770837
-1.38416
-0.82801
0.41056
-0.209992
-0.00952928
-0.925379
0.465716
-0.154514
-1.50422
0.537844
-0.0867964
0.442557
-0.0773635
0.00344777
-0.0986267
0.189948
0.181562
-0.897131
-0.293286
-0.548693
0.52241
0.531996
-1.56867
-1.22398
0.22711
0.641784
-0.411918
0.324651
-0.699605
0.0801589
0.42419
0.114315
-0.326489
-0.693964
-1.84599
-1.41211
-0.564386
-0.337853
0.577516
0.230563
0.258401
-0.25993
-0.537158
0.135636
-1.12084
-1.19893
0.260963
0.202714
-1.90414
0.453619
-0.298132
-0.948296
-0.784804
-0.574837
0.0263958
0.500813
-0.153922
0.0862634
-0.043656
-1.64193
-1.76863
0.238304
0.3042
0.25754
-1.47316
-0.82767
-0.34401
-1.05446
-0.758089
-0.745181
-0.368869
-1.26851
0.152788
0.280581
-0.796343
0.492973
0.398326
0.546128
-0.347095
0.242664
-0.942787
0.34315
0.54975
0.408876
-0.769674
-0.249642
-0.913533
-0.269115
-1.04292
-1.22656
-1.74243
0.147857
-0.0740791
-0.852741
-1.57394
0.198069
0.24505
-1.19631
-1.31907
0.519491
-0.425191
0.614023
-0.765696
-1.40388
-0.321772
-1.13386
0.145447
0.0236654
-0.969523
0.41641
-0.815268
0.0352403
-1.05559
-0.753681
-0.81509
-0.447301
-2.24015
0.692477
-0.720169
0.308275
-0.689742
-0.287432
-1.28293
-0.332642
0.137205
0.123557
-0.997515
-0.227552
0.119823
-0.172826
-1.00936
0.162629
-0.18201
-0.889099
-1.38371
-1.20891
-0.328581
-1.32697
-1.2672
0.509311
-1.24174
0.690378
0.0878402
-0.287263
-1.0357
-1.49394
-0.565331
-0.299375
0.659628
0.568226
-1.09806
-1.30348
-0.150525
-0.319607
0.0127284
-0.255005
-0.366671
0.178735
0.40527
-0.987677
-0.176973
0.145965
-0.677909
-1.08442
-1.95187
0.324921
-0.414414
-0.157018
-0.320529
0.519888
0.555876
0.463062
-0.652874
0.181427
-0.467012
0.681989
0.448587
-0.53676
0.346677
-0.694183
-1.67504
0.00244657
0.486714
-0.0113086
0.0741846
-0.29164
0.0535665
0.332155
0.727731
-0.655162
0.0818492
-0.847354
0.0192941
-0.16607
-0.00597787
-0.640582
0.0834857
0.0166214
0.175031
-0.633673
-0.406963
0.34931
-1.35866
0.0704372
-0.0570673
-0.231526
0.388228
0.147456
-1.05898
-0.033043
0.551287
0.506293
-0.399325
-0.469843
-0.426334
-0.399232
-0.0382392
-0.516796
0.292553
-1.81451
-1.33913
0.0846085
-1.62665
0.239332
0.107493
0.416897
0.385352
-0.292147
-0.116127
-0.0669785
-0.550996
-0.339608
0.062045
0.447644
-0.471124
-1.15587
-2.4608
0.561123
0.451373
-0.517268
-0.665818
-0.265476
-0.21421
-1.20921
-0.33885
-0.446088
0.0511556
-0.609714
-0.147904
-0.419051
0.0085526
-1.11539
-1.05979
-0.0135963
-0.12878
-0.108299
0.331556
-0.239203
0.0412529
0.544988
0.413025
0.036376
0.559269
-0.698454
-0.904403
0.242938
-0.121553
0.549754
0.310509
-1.0321
-0.507706
-0.448068
-0.514972
-0.506494
0.0458171
0.463163
-0.836293
0.349447
0.188894
-0.0716454
-0.533469
0.459539
-0.992014
0.0284624
-0.0156353
-0.315048
0.0420588
-0.483507
0.0958052
-0.155175
0.206462
0.109821
-0.284218
-1.09706
-0.147534
-1.87612
0.248766
0.2847
-1.15686
-0.147294
-0.0120333
-0.217401
0.291771
-1.67104
0.275828
-0.345129
-0.485434
-0.474762
-0.0942368
-0.72223
0.503876
-0.273479
-0.0696368
0.523471
0.355762
-0.233857
-0.0465048
0.168815
-0.875399
-0.524823
-1.12299
-0.17353
-0.568252
0.151028
0.611691
0.46519
-0.723694
-0.109968
-0.435021
0.212524
-0.660978
-0.117889
-0.0285316
-0.117392
0.235001
0.0214192
-1.3258
-0.751095
-0.0990943
0.558803
-0.977694
0.347828
0.0734078
0.166216
0.286171
-0.691099
0.386467
-1.84895
0.558168
-0.251916
-0.71112
-1.19093
-0.110076
-0.937898
-1.22634
-0.909036
0.318737
0.164388
-0.955639
-0.863088
-0.0271432
-1.79536
-0.561547
0.552696
0.379012
-0.55443
-1.27729
0.373704
-0.392792
-0.781011
-0.495088
0.0319673
0.0783031
-1.49781
0.269659
-0.0741214
-0.703028
-0.391849
0.183716
-0.246429
0.242285
-1.56129
0.421415
0.283376
0.117323
0.616434
-1.84858
-0.458084
-0.604922
0.0302848
-0.308457
0.257703
-0.612737
-0.166472
-1.00531
0.263725
0.241226
0.2724
-0.330812
-0.228372
-0.392474
0.292217
-0.792389
0.173925
0.506268
0.54377
0.363813
0.317958
0.674994
-1.30926
-0.275797
-0.0191824
-1.33113
-0.127143
-0.202072
-0.100618
0.152969
-0.0575739
0.0630779
-0.0474347
-0.390121
0.138515
-0.209915
-0.242747
-0.314419
-0.600161
-0.745222
0.170342
-0.551437
-0.982604
0.0345862
0.345665
0.201057
-0.313073
-0.222381
0.275714
-0.318804
-0.808783
0.303418
-1.04638
-0.0709766
-0.75738
-1.66977
-1.11295
-0.285685
-0.328446
-0.196841
0.581463
0.122265
0.0115267
0.00219232
-0.572374
-0.587621
-0.151795
0.00150667
0.100296
-0.377676
0.186514
-1.19628
-1.79313
-0.772701
-0.147822
-0.739299
-0.716754
-1.50873
0.426971
0.294441
-1.01846
-0.672573
-0.0693749
-0.898743
-1.20626
-0.325661
-0.977766
0.31448
0.289216
-0.947287
-0.628535
0.396904
0.363766
0.512248
0.685084
-2.43024
-0.446449
0.0485701
-1.6028
-0.0228145
-1.66525
-0.321073
-0.239582
-0.985871
0.329673
0.195223
0.635594
-0.0605385
-0.42367
0.24333
0.348823
-0.628454
-0.805655
-2.15317
-0.0768157
-0.208581
-0.843993
-0.142274
0.31722
-0.128588
-0.286012
-0.179378
0.181823
0.412649
-0.0146097
-1.61347
0.388228
-0.256389
0.419744
0.385714
-0.102535
-0.373582
0.181447
0.453694
-0.592123
-0.815168
-0.48844
-1.25411
0.12107
0.412541
-0.461131
0.734043
0.153604
-0.430043
0.136811
0.00560306
-0.318578
-0.672964
0.2576
0.163374
-1.17607
-0.30847
-0.375063
0.0255617
0.634903
-0.203477
0.191218
-0.580793
-2.26101
-0.23102
0.561269
-0.0646812
-1.15262
-0.176219
-0.124449
-0.0945923
-0.169063
-1.00583
-0.450514
0.402014
-0.435165
-0.756277
0.10608
-0.607025
-1.19773
-0.412764
-0.0194516
-0.0434283
-0.53481
0.276075
-0.856287
-0.0401483
-0.403956
0.37296
-0.0141417
-0.217245
-0.144827
0.22796
0.40073
-0.707596
0.10244
-3.43995
0.422715
0.0428328
-2.1239
0.100362
0.674949
0.399748
-0.159889
0.38814
0.487919
-0.0907836
-1.01111
-0.0358112
-0.0172246
-0.160778
-1.61126
-1.99529
0.181779
0.210213
0.246997
-0.719279
-0.0849866
-0.251485
0.363553
-0.666117
-0.145628
-0.170174
-0.21881
-0.81433
0.303925
0.172871
0.358998
-0.298204
-1.73168
0.435735
-0.392769
0.347834
-0.0389533
0.0752984
0.545235
-0.0978321
0.312553
0.0537169
0.221702
-1.5258
-0.528603
-1.41848
-0.197119
-0.516613
0.365508
-0.166781
-0.362541
-0.118642
-1.0004
0.0150692
0.111967
-0.21471
0.134107
-0.60727
-0.202215
-0.909111
-0.309575
0.273835
-0.589176
0.451684
0.0718539
-0.509267
-0.598823
0.0857885
0.192027
-0.121724
-0.259312
0.0796672
-1.09728
-0.745492
-0.226298
0.185812
0.50194
0.0133345
0.15392
-0.221616
0.373689
-0.236765
-1.02112
0.247235
-0.310236
-0.486799
0.18818
-0.322258
0.572117
0.388741
0.405376
0.229804
-1.59627
-0.0178726
-0.999016
-0.648897
-0.273004
-0.685832
-0.743169
0.0224766
-0.690748
-1.52581
-0.0220589
-0.256557
-2.07043
-0.49143
-0.405683
-0.75576
0.51801
-0.780181
0.274449
0.110345
-1.11259
-0.59171
0.431944
0.483939
0.22868
0.174727
-0.385041
-1.43149
0.180679
0.23955
-0.00548065
-1.50443
-0.246846
-0.187046
0.274891
0.442872
0.173374
0.436717
-0.153479
-0.607573
-0.403271
0.32917
0.331105
-2.66627
-0.614898
0.500695
-0.391294
-0.0137944
0.018506
-0.179906
0.4971
-0.0509882
-0.214421
-0.121286
0.21362
-0.97065
0.35844
0.610883
0.382064
0.481748
-1.24181
-1.62732
-0.489763
0.340484
0.0816648
-0.38175
0.258821
0.361088
-0.0129368
0.485686
-0.016481
-0.0137501
0.597364
-1.50244
-0.315485
0.11425
-0.863115
-0.577269
-0.789328
-0.860546
-0.243686
0.30776
-1.01028
-0.469338
-0.316353
-0.0198725
-0.728085
0.594224
-0.136186
0.306361
-1.96008
-0.854638
0.22342
-1.05613
-0.758031
-0.190017
0.0176525
-0.595355
0.434995
0.0759651
0.0348754
-0.0184338
-0.828516
-1.2621
-0.015189
0.140852
0.231458
-0.431313
-0.830143
0.312241
-0.535325
-0.524074
-0.452612
-0.423656
0.366543
-1.14317
-0.965107
-0.856639
0.0700981
-0.575051
-0.568158
0.278332
0.00765159
0.47275
-1.00604
-0.638886
-0.156916
-1.58878
-0.0159752
0.0211647
-0.0956023
-0.338169
0.259644
-0.689437
0.179305
-0.488975
0.157136
-0.188496
0.509607
-0.846386
-0.318595
-0.543369
0.0296075
-0.652093
-0.15424
-0.882336
0.0301712
0.50963
0.0409094
-0.432824
0.55478
-0.811098
-0.357782
-0.760631
0.168015
-0.691891
0.108197
-0.00415882
0.332818
-1.01049
0.777723
-0.0840479
-0.0462825
-0.0365244
-0.773864
-0.513836
-0.976872
-0.296455
-0.61002
0.265088
0.45773
0.169244
0.248246
-1.20276
-0.39849
-0.3913
-1.30772
0.0484226
-0.960387
0.20996
0.305531
-0.475119
-0.0412795
-0.80253
0.0542816
-1.08961
-0.266132
0.00030844
-0.324754
-1.57879
-0.721151
-1.1544
-0.298777
0.322079
-0.95081
0.238779
0.235199
-0.0625816
0.533949
-0.373241
-0.241013
-0.297478
-1.5206
-0.162781
0.156639
0.116963
0.257632
0.0928604
0.0951401
-0.509901
0.461305
-0.480949
-0.509024
0.362036
-0.123789
-0.792832
-0.667463
0.631873
-0.200882
-0.00631
-0.0234021
0.180438
0.254927
0.604685
-0.523783
0.112785
0.543176
0.611573
-1.72669
-0.953344
0.266406
-0.321397
-0.275816
-0.64932
0.0129547
-0.430219
-1.13123
0.302957
0.189618
0.376425
-0.0731915
0.448212
0.170681
0.00237933
-0.014918
-0.892337
-0.605616
-0.698992
-0.560658
0.0468944
0.164426
0.15444
-1.00178
-0.895187
-0.267862
-0.999479
-0.54358
0.181375
-0.410808
-0.529771
-0.0163905
0.0226641
-0.94008
0.281542
0.827672
-0.628804
-1.31861
0.351837
0.0418461
0.348254
-1.12149
0.377177
-0.901574
-0.409633
0.391297
0.0220507
0.0983328
-0.274961
-1.02879
-0.0178956
-0.822692
0.193463
-0.409307
0.351221
-0.366314
-0.123846
0.037982
-1.5968
-0.409193
0.459351
-1.03596
-0.336154
0.327041
-0.0693886
0.0336965
-1.53284
-0.197824
0.204906
0.120363
-0.0497669
-0.37898
-0.823794
-0.583243
-0.967291
-0.00817839
0.501471
-0.878183
-1.02998
0.580097
0.472506
0.0532617
0.504196
-0.813416
-1.5377
0.0494635
0.534702
0.341904
-0.160586
-1.4681
-0.254074
-0.501218
-0.25974
-0.623053
-0.73439
-0.104864
-0.57189
-1.04735
0.130296
0.764684
0.0739526
0.324144
-0.513286
-0.108635
-0.461331
0.106745
-0.0547741
-0.252897
-1.37109
0.0488771
-0.734462
-0.479457
0.147495
0.176234
-0.290414
-0.251828
-0.0688759
-0.524822
0.147735
-1.09089
-1.26006
-0.0181612
0.423073
-0.00607767
-0.438138
0.304654
-0.0752289
0.0546514
-0.417195
0.11603
-0.468159
0.643308
-0.377395
0.465793
0.0515152
-0.0709028
-0.398346
0.133174
-0.876432
-0.474204
-0.467725
-0.183471
0.724128
-1.48916
-0.643485
0.276815
-0.229452
0.479271
0.280513
0.321971
-0.847106
-0.53029
0.242574
-0.407395
0.254196
-0.576904
0.174818
-0.368044
0.512092
-1.40842
0.0527338
-2.18938
0.0804901
-1.01391
-0.970718
-0.0492699
-0.954458
-0.62263
0.00287406
-0.385513
0.154681
-0.394513
0.388311
0.437894
-0.465714
-0.712659
-0.0359424
-0.0794068
0.253455
-0.685047
0.671614
0.322721
0.39713
0.391428
0.050904
0.00448193
0.223748
-1.2268
0.188131
-0.099657
-1.49683
0.653209
-0.457472
-0.691232
-0.957334
0.267777
0.364519
0.401087
0.372875
-0.272014
0.354847
-0.130395
0.185279
0.216574
-0.182879
0.215998
0.0591294
-0.00398042
0.285469
-1.36504
0.393222
0.301354
-0.622948
0.438255
-1.06415
-0.404034
-0.978413
0.241817
-0.393823
0.494701
0.0494368
-0.462849
-0.328289
0.410749
0.729845
0.0861189
-0.147867
0.338572
0.695662
-1.24815
0.304225
-0.509904
-0.421527
-0.0254417
-0.950698
-0.822553
-2.25452
-0.0278622
-0.522788
-1.01692
0.0787754
-0.129185
0.400775
-0.139624
0.190763
-0.445324
0.191958
0.404942
0.16618
0.13498
-0.261298
-0.317213
-0.136366
0.362414
-0.718335
0.351631
0.0930826
-0.665883
-1.17768
0.109663
0.383703
-0.0108831
0.425473
-0.102847
0.52727
-1.79726
0.414726
0.243428
-2.4146
-0.503141
0.311102
0.337577
-0.920493
-1.53517
0.389546
0.0390145
-1.24028
0.335949
0.432744
-0.0967126
0.275245
0.118335
-0.533653
-0.0965677
-0.254584
-1.21718
0.546156
-1.17234
-0.213926
-0.880598
-0.716883
-0.97888
-1.51509
0.407145
0.104069
-0.453576
0.111085
-0.626456
-0.44309
-0.177613
0.0346793
-0.182166
0.751865
0.583122
-1.46986
-0.265258
0.748229
-0.71615
-0.443672
-1.72779
0.201175
-0.99782
0.294935
-0.691585
-0.0042994
-0.375148
-1.14061
0.13639
-0.00841651
-0.234647
0.146911
-0.849134
-2.66861
0.355935
0.28471
-0.755045
-0.409503
-0.884278
0.0010522
0.0893307
0.557193
0.350101
-0.564519
-0.283771
-1.31097
0.543847
-0.919476
