0
0
0
0
0
0
0
0
0
0
0
0
0
0
0
0
0
0
0
0
0
0
0
0
0
0
0
0
0
0
0
0
0
0
0
0
0
0
0
0
0
0
0
0
0
0
0
0
0
0
0
0
0
0
0
0
0
0
0
0
0
0
0
0
0
0
0
0
0
0
0
0
0
0
0
0
0
0
0
0
0
0
0
0
0
0
0
0
0
0
0
0
0
0
0
0
0
0
0
0
0
0
0
0
0
0
0
0
0
0
0
0
0
0
0
0
0
0
0
0
0
0
0
0
0
0
0
0
0
0
0
0
0
0
0
0
0
0
0
0
0
0
0
0
0
0
0
0
0
0
0
0
0
0
0
0
0
0
0
0
0
0
0
0
0
0
0
0
0
0
0
0
0
0
0
0
0
0
0
0
0
0
0
0
0
0
0
0
0
0
0
0
0
0
0
0
0
0
0
0
0
0
0
0
0
0
0
0
0
0
0
0
0
0
0
0
0
0
0
0
0
0
0
0
0
0
0
0
0
0
0
0
0
0
0
0
0
0
0
0
0
0
0
0
0
0
0
0
0
0
0
0
0
0
0
0
0
0
0
0
0
0
0
0
0
0
0
0
0
0
0
0
0
0
0
0
0
0
0
0
0
0
0
0
0
0
0
0
0
0
0
0
0
0
0
0
0
0
0
0
0
0
0
0
0
0
0
0
0
0
0
0
0
0
0
0
0
0
0
0
0
0
0
0
0
0
0
0
0
0
0
0
0
0
0
0
0
0
0
0
0
0
0
0
0
0
0
0
0
0
0
0
0
0
0
0
0
0
0
0
0
0
0
0
0
0
0
0
0
0
0
0
0
0
0
0
0
0
0
0
0
0
0
0
0
0
0
0
0
0
0
0
0
0
0
0
0
0
0
0
0
0
0
0
0
0
0
0
0
0
0
0
0
0
0
0
0
0
0
0
0
0
0
0
0
0
0
0
0
0
0
0
0
0
0
0
0
0
0
0
0
0
0
0
0
0
0
0
0
0
0
0
0
0
0
0
0
0
0
0
0
0
0
0
0
0
0
0
0
0
0
0
0
0
0
0
0
0
0
0
0
0
0
0
0
0
0
0
0
0
0
0
0
0
0
0
0
0
0
0
0
0
0
0
0
0
0
0
0
0
0
0
0
0
0
0
0
0
0
0
0
0
0
0
0
0
0
0
0
0
0
0
0
0
0
0
0
0
0
0
0
0
0
0
0
0
0
0
0
0
0
0
0
0
0
0
0
0
0
0
0
0
0
0
0
0
0
0
0
0
0
0
0
0
0
0
0
0
0
0
0
0
0
0
0
0
0
0
0
0
0
0
0
0
0
0
0
0
0
0
0
0
0
0
0
0
0
0
0
0
0
0
0
0
0
0
0
0
0
0
0
0
0
0
0
0
0
0
0
0
0
0
0
0
0
0
0
0
0
0
0
0
0
0
0
0
0
0
0
0
0
0
0
0
0
0
0
0
0
0
0
0
0
0
0
0
0
0
0
0
0
0
0
0
0
0
0
0
0
0
0
0
0
0
0
0
0
0
0
0
0
0
0
0
0
0
0
0
0
0
0
0
0
0
0
0
0
0
0
0
0
0
0
0
0
0
0
0
0
0
0
0
0
0
0
0
0
0
0
0
0
0
0
0
0
0
0
0
0
0
0
0
0
0
0
0
0
0
0
0
0
0
0
0
0
0
0
0
0
0
0
0
0
0
0
0
0
0
0
0
0
0
0
0
0
0
0
0
0
0
0
0
0
0
0
0
0
0
0
0
0
0
0
0
0
0
0
0
0
0
0
0
0
0
0
0
0
0
0
0
0
0
0
0
0
0
0
0
0
0
0
0
0
0
0
0
0
0
0
0
0
0
0
0
0
0
0
0
0
0
0
0
0
0
0
0
0
0
0
0
0
0
0
0
0
0
0
0
0
0
0
0
0
0
0
0
0
0
0
0
0
0
0
0
0
0
0
0
0
0
0
0
0
0
0
0
0
0
0
0
0
0
0
0
0
0
0
0
0
0
0
0
0
0
0
0
0
0
0
0
0
0
0
0
0
0
0
0
0
0
0
0
0
0
0
0
0
0
0
0
0
0
0
0
0
0
0
0
0
0
0
0
0
0
0
0
0
0
0
0
0
0
0
0
0
0
0
0
0
0
0
0
0
0
0
0
0
0
0
0
0
0
0
0
0
0
0
0
0
0
0
0
0
0
0
0
0
0
0
0
0
0
0
0
0
0
0
0
0
0
0
0
0
0
0
0
0
0
0
0
0
0
0
0
0
0
0
0
0
0
0
0
0
0
0
0
0
0
0
0
0
0
0
0
0
0
0
0
0
0
0
0
0
0
0
0
0
0
0
0
0
0
0
0
0
0
0
0
0
0
0
0
0
0
0
0
0
0
0
0
0
0
0
0
0
0
0
0
0
0
0
0
0
0
0
0
0
0
0
0
0
0
0
0
0
0
0
0
0
0
0
0
0
0
0
0
0
0
0
0
0
0
0
0
0
0
0
0
0
0
0
0
0
0
0
0
0
0
0
0
0
0
0
0
0
0
0
0
0
0
0
0
0
0
0
0
0
0
0
0
0
0
0
0
0
0
0
0
0
0
0
0
0
0
0
0
0
0
0
0
0
0
0
0
0
0
0
0
0
0
0
0
0
0
0
0
0
0
0
0
0
0
0
0
0
0
0
0
0
0
0
0
0
0
0
0
0
0
0
0
0
0
0
0
0
0
0
0
0
0
0
0
0
0
0
0
0
0
0
0
0
0
0
0
0
0
0
0
0
0
0
0
0
0
0
0
0
0
0
0
0
0
0
0
0
0
0
0
0
0
0
0
0
0
0
0
0
0
0
0
0
0
0
0
0
0
0
0
0
0
0
0
0
0
0
0
0
0
0
0
0
0
0
0
0
0
0
0
0
0
0
0
0
0
0
0
0
0
0
0
0
0
0
0
0
0
0
0
0
0
0
0
0
0
0
0
0
0
0
0
0
0
0
0
0
0
0
0
0
0
0
0
0
0
0
0
0
0
0
0
0
0
0
0
0
0
0
0
0
0
0
0
0
0
0
0
0
0
0
0
0
0
0
0
0
0
0
0
0
0
0
0
0
0
0
0
0
0
0
0
0
0
0
0
0
0
0
0
0
0
0
0
0
0
0
0
0
0
0
0
0
0
0
0
0
0
0
0
0
0
0
0
0
0
0
0
0
0
0
0
0
0
0
0
0
0
0
0
0
0
0
0
0
0
0
0
0
0
0
0
0
0
0
0
0
0
0
0
0
0
0
0
0
0
0
0
0
0
0
0
0
0
0
0
0
0
0
0
0
0
0
0
0
0
0
0
0
0
0
0
0
0
0
0
0
0
0
0
0
0
0
0
0
0
0
0
0
0
0
0
0
0
0
0
0
0
0
0
0
0
0
0
0
0
0
0
0
0
0
0
0
0
0
0
0
0
0
0
0
0
0
0
0
0
0
0
0
0
0
0
0
0
0
0
0
0
0
0
0
0
0
0
0
0
0
0
0
0
0
0
0
0
0
0
0
0
0
0
0
0
0
0
0
0
0
0
0
0
0
0
0
0
0
0
0
0
0
0
0
0
0
0
0
0
0
0
0
0
0
0
0
0
0
0
0
0
0
0
0
0
0
0
0
0
0
0
0
0
0
0
0
0
0
0
0
0
0
0
0
0
0
0
0
0
0
0
0
0
0
0
0
0
0
0
0
0
0
0
0
0
0
0
0
0
0
0
0
0
0
0
0
0
0
0
0
0
0
0
0
0
0
0
0
0
0
0
0
0
0
0
0
0
0
0
0
0
0
0
0
0
0
0
0
0
0
0
0
0
0
0
0
0
0
0
0
0
0
0
0
0
0
0
0
0
0
0
0
0
0
0
0
0
0
0
0
0
0
0
0
0
0
0
0
0
0
0
0
0
0
0
0
0
0
0
0
0
0
0
0
0
0
0
0
0
0
0
0
0
0
0
0
0
0
0
0
0
0
0
0
0
0
0
0
0
0
0
0
0
0
0
0
0
0
0
0
0
0
0
0
0
0
0
0
0
0
0
0
0
0
0
0
0
0
0
0
0
0
0
0
0
0
0
0
0
0
0
0
0
0
0
0
0
0
0
0
0
0
0
0
0
0
0
0
0
0
0
0
0
0
0
0
0
0
0
0
0
0
0
0
0
0
0
0
0
0
0
0
0
0
0
0
0
0
0
0
0
0
0
0
0
0
0
0
0
0
0
0
0
0
0
0
0
0
0
0
0
0
0
0
0
0
0
0
0
0
0
0
0
0
0
0
0
0
0
0
0
0
0
0
0
0
0
0
0
0
0
0
0
0
0
0
0
0
0
0
0
0
0
0
0
0
0
0
0
0
0
0
0
0
0
0
0
0
0
0
0
0
0
0
0
0
0
0
0
0
0
0
0
0
0
0
0
0
0
0
0
0
0
0
0
0
0
0
0
0
0
0
0
0
0
0
0
0
0
0
0
0
0
0
0
1.02498
1.271
1.09167
1.05167
1.02498
1.22794
1.03042
1.62284
1.13151
1.03439
1.08839
1.02498
1.02846
1.08109
1.08094
1.09191
1.04721
1.20799
1.11823
1.02746
1.024
1.26149
1.49979
1.02903
1.11823
1.16043
1.02498
1.0968
1.0878
1.10385
1.02498
1.11429
1.0975
1.024
1.50561
1.27048
1.1994
1.05587
1.02522
1.05437
1.09601
1.024
1.06929
1.21278
1.13365
1.14576
1.16787
1.02498
1.024
1.28609
1.02813
1.04659
1.17328
1.0269
1.02498
1.38113
1.03778
1.02498
1.07891
1.05757
1.11383
1.41038
1.08569
1.05706
1.0951
1.06692
1.5575
1.23627
1.02498
1.0543
1.02498
1.03172
1.06197
1.25726
1.16442
1.12021
1.024
1.04907
1.06803
1.13691
1.03995
1.04261
1.08711
1.02498
1.19634
1.037
1.03091
1.05163
1.29264
1.12759
1.02498
1.10773
1.07185
1.04014
1.04132
1.49007
1.15698
1.02648
1.03213
1.32937
1.03291
1.02498
1.024
1.17665
1.02498
1.02498
1.024
1.024
1.02801
1.15129
1.11298
1.02784
1.14745
1.16506
1.05522
1.1346
1.15294
1.0286
1.02627
1.25178
1.20773
1.13673
1.12707
1.02749
1.02981
1.14641
1.33957
1.04791
1.56276
1.02561
1.06028
1.10201
1.02776
1.0352
1.02498
1.04138
1.02498
1.06103
1.38795
1.02498
1.07882
1.024
1.0836
1.06321
1.05584
1.02718
1.22255
1.03797
1.22154
1.02498
1.15811
1.32437
1.22168
1.03399
1.08289
1.02498
1.04266
1.14513
1.02498
1.30185
1.19988
1.0981
1.12668
1.02498
1.16632
1.03097
1.024
1.02498
1.19585
1.03815
1.03209
1.20562
1.14304
1.39384
1.33389
1.11004
1.18923
1.13418
1.02652
1.04279
1.05448
1.42074
1.33839
1.09981
1.02868
1.37439
1.15145
1.06449
1.11928
1.02498
1.23717
1.06938
1.02498
1.17295
1.45216
1.3055
1.03082
1.03373
1.06967
1.27856
1.02498
1.105
1.50762
1.27697
1.02498
1.15331
1.14701
1.02755
1.02498
1.024
1.02919
1.05477
1.02498
1.024
1.08271
1.03067
1.024
1.04851
1.05028
1.02778
1.02762
1.28993
1.024
1.03455
1.04815
1.04369
1.0666
1.041
1.02997
1.53067
1.024
1.02498
1.58784
1.04272
1.28214
1.1573
1.05231
1.02666
1.02498
1.03324
1.02498
1.02949
1.07904
1.20856
1.11507
1.11955
1.02962
1.08025
1.03965
1.02804
1.17007
1.02498
1.37573
1.42514
1.02685
1.024
1.07527
1.12238
1.024
1.024
1.02498
1.03106
1.1065
1.53972
1.024
1.02804
1.024
1.3343
1.17785
1.03401
1.08748
1.1244
1.17747
1.29445
1.09951
1.024
1.05721
1.05579
1.12595
1.06738
1.06748
1.07096
1.18114
1.1053
1.03426
1.03788
1.0463
1.024
1.08034
1.02498
1.13619
1.50137
1.02806
1.05096
1.02862
1.21688
1.42028
1.024
1.024
1.1468
1.024
1.02498
1.10299
1.05954
1.024
1.13145
1.03318
1.05453
1.44599
1.024
1.02498
1.02652
1.7229
1.024
1.024
1.12739
1.02676
1.024
1.2327
1.03021
1.25639
1.13235
1.32341
1.09695
1.54402
1.02823
1.14266
1.024
1.29971
1.07414
1.024
1.09718
1.37767
1.03282
1.10666
1.05479
1.04981
1.22425
1.02498
1.024
1.024
1.03174
1.52395
1.14004
1.02498
1.02888
1.16662
1.02618
1.06796
1.26011
1.024
1.20241
1.10334
1.06365
1.17824
1.25568
1.02498
1.11986
1.02817
1.03273
1.02498
1.1524
1.02498
1.2534
1.024
1.02553
1.11479
1.27001
1.024
1.04321
1.05708
1.02498
1.22884
1.03772
1.3294
1.024
1.51123
1.03351
1.17054
1.024
1.35132
1.02499
1.024
1.0267
1.15328
1.0517
1.07646
1.02662
1.18547
1.02498
1.04066
1.02498
1.31672
1.67268
1.03704
1.08435
1.22598
1.024
1.05616
1.28546
1.02498
1.02827
1.024
1.44501
1.02498
1.36836
1.02498
1.02498
1.02498
1.02498
1.15476
1.02498
1.02498
1.04763
1.02883
1.86514
1.03557
1.0456
1.58852
1.03026
1.02815
1.02652
1.024
1.024
1.02498
1.02498
1.22802
1.08564
1.1801
1.02783
1.02651
1.03329
1.03393
1.02498
1.02498
1.39332
1.12261
1.05025
1.024
1.02498
1.38653
1.27807
1.03628
1.02741
1.31775
1.02642
1.163
1.02498
1.09987
1.02498
1.13153
1.11232
1.43642
1.42742
1.024
1.23326
1.08351
1.02668
1.08594
1.052
1.11835
1.27413
1.18174
1.06513
1.02498
1.17819
1.02634
1.02647
1.02498
1.03246
1.08758
1.12903
1.02498
1.03983
1.02499
1.57677
1.024
1.02703
1.32609
1.14043
1.024
1.23095
1.05686
1.04755
1.07244
1.02592
1.20036
1.15463
1.29881
1.02498
1.02704
1.03416
1.30327
1.10691
1.24088
1.07493
1.02861
1.18797
1.04817
1.10186
1.02498
1.024
1.024
1.15073
1.03254
1.02895
1.05692
1.03559
1.024
1.19841
1.04355
1.15172
1.05968
1.0959
1.06681
1.05736
1.05868
1.21121
1.02498
1.03253
1.21859
1.024
1.024
1.07131
1.04354
1.27092
1.024
1.29893
1.08495
1.09358
1.21684
1.02714
1.17743
1.19601
1.13573
1.04795
1.22445
1.07884
1.02498
1.06938
1.02572
1.024
1.11116
1.03246
1.16908
1.52921
1.13179
1.02498
1.23475
1.02932
1.02498
1.02498
1.02783
1.09531
1.17908
1.15137
1.08659
1.08624
1.024
1.024
1.05195
1.23043
1.024
1.024
1.27872
1.02498
1.06918
1.02498
1.02994
1.33042
1.024
1.024
1.05997
1.23701
1.02498
1.21042
1.02685
1.024
1.15629
1.08509
1.11939
1.117
1.02498
1.02498
1.024
1.02498
1.02788
1.19581
1.33285
1.02595
1.02498
1.024
1.05911
1.11207
1.31043
1.04566
1.02498
1.04046
1.04752
1.08768
1.024
1.18763
1.02632
1.33625
1.024
1.08082
1.024
1.25013
1.04908
1.024
1.17611
1.21334
1.32011
1.024
1.27249
1.20948
1.03831
1.14458
1.05464
1.02498
1.07079
1.02728
1.02498
1.02498
1.15829
1.02498
1.024
1.44072
1.024
1.07904
1.10452
1.024
1.02498
1.02498
1.024
1.29771
1.05245
1.03682
1.10336
1.11126
1.20867
1.08062
1.10521
1.0642
1.02498
1.04272
1.091
1.05768
1.02725
1.04897
1.024
1.10898
1.05031
1.06656
1.04589
1.11443
1.27355
1.0304
1.03406
1.024
1.23731
1.02498
1.03967
1.03
1.02498
1.03609
1.02498
1.10434
1.32389
1.16815
1.04473
1.0405
1.42673
1.03427
1.1539
1.0468
1.52543
1.33113
1.02498
1.49803
1.3117
1.024
1.02498
1.024
1.21595
1.02779
1.0593
1.25576
1.02498
1.05537
1.02814
1.02498
1.26027
1.0625
1.37337
1.024
1.07683
1.02498
1.02498
1.02624
1.024
1.20842
1.40435
1.15349
1.02672
1.21961
1.24049
1.1876
1.04267
1.06448
1.02499
1.024
1.05469
1.024
1.1518
1.02498
1.02498
1.0725
1.2677
1.02697
1.18819
1.08816
1.02498
1.25558
1.06127
1.03202
1.07754
1.02498
1.05203
1.08639
1.39553
1.024
1.02938
1.02498
1.02498
1.04293
1.12983
1.03362
1.18588
1.14081
1.03077
1.07471
1.13723
1.02498
1.5438
1.03468
1.04505
1.0267
1.024
1.024
1.02498
1.02498
1.02498
1.08463
1.06662
1.29817
1.29629
1.13798
1.15097
1.02498
1.17085
1.07631
1.08958
1.02498
1.02498
1.25192
1.0639
1.08859
1.02627
1.2749
1.07676
1.024
1.29853
1.0767
1.2506
1.10138
1.06802
1.04887
1.1203
1.16417
1.0251
1.03748
1.02857
1.33346
1.2982
1.024
1.02498
1.13753
1.48728
1.02645
1.15824
1.03044
1.15064
1.29377
1.11242
1.06001
1.02498
1.024
1.02498
1.02994
1.03092
1.3986
1.19558
1.15107
1.03717
1.02625
1.06489
1.02656
1.02498
1.21726
1.15991
1.024
1.24119
1.03453
1.0278
1.02498
1.02702
1.10898
1.343
1.08522
1.1379
1.08971
1.02498
1.024
1.09104
1.18749
1.27033
1.024
1.02912
1.0451
1.02498
1.03046
1.02498
1.02972
1.02498
1.11949
1.22416
1.02498
1.40129
1.33015
1.26539
1.06437
1.14605
1.02498
1.20097
1.41915
1.35727
1.02698
1.03922
1.02589
1.04127
1.02498
1.024
1.024
1.16301
1.04761
1.02498
1.02498
1.19457
1.16808
1.02498
1.02498
1.32655
1.03295
1.50433
1.02498
1.024
1.03877
1.02691
1.12385
1.13524
1.02498
1.30106
1.02498
1.08759
1.02498
1.02498
1.02498
1.02951
1.024
1.42095
1.02965
1.31291
1.02649
1.05106
1.02498
1.0703
1.09843
1.09428
1.02498
1.05802
1.18406
1.04572
1.02498
1.15667
1.11741
1.02694
1.02498
1.02498
1.04173
1.024
1.02498
1.34292
1.024
1.48382
1.11443
1.04449
1.02498
1.024
1.02849
1.03759
1.40454
1.32025
1.02498
1.024
1.06942
1.0495
1.1458
1.05451
1.04133
1.1036
1.20997
1.025
1.07123
1.09496
1.03513
1.02498
1.024
1.19391
1.03653
1.0854
1.04543
1.33208
1.35188
1.30405
1.03829
1.13351
1.04268
1.53141
1.18367
1.02498
1.27001
1.02717
1.024
1.11202
1.30367
1.05724
1.12747
1.07658
1.11122
1.20793
1.55808
1.02986
1.10735
1.02809
1.07597
1.05857
1.06831
1.02874
1.09013
1.06368
1.17343
1.0271
1.02552
1.27258
1.024
1.11277
1.09119
1.04217
1.23203
1.12808
1.02498
1.06479
1.38627
1.36515
1.06714
1.02723
1.05828
1.04354
1.10683
1.03293
1.25688
1.024
1.02498
1.07568
1.024
1.14913
1.0876
1.31732
1.22929
1.0369
1.08396
1.10724
1.02669
1.04656
1.07623
1.37255
1.0274
1.02498
1.024
1.39283
1.27485
0.871096
0.824434
0.888582
0.866614
0.844001
0.93684
0.907169
0.891905
0.852499
0.938472
0.852945
0.926025
0.823462
0.82092
1.06438
0.931298
0.949089
1.06278
0.876474
1.001
1.35922
1.20015
0.969515
1.36962
0.835261
0.819689
1.14082
0.916688
1.37045
1.13264
0.821837
0.825211
0.840326
0.832418
0.859902
0.98606
1.17692
0.824369
1.19979
0.938526
0.970157
0.830034
1.13009
0.819689
1.035
0.963081
1.03583
0.961664
0.843528
1.03627
0.971682
1.13449
0.994661
0.871338
0.822889
0.890401
0.819689
1.07778
1.05201
0.819689
1.15718
0.962849
0.979277
1.09742
0.820604
1.08647
0.917807
0.889169
0.84292
0.984156
0.877716
1.38944
0.854332
1.04182
1.40778
1.08927
0.915512
0.963196
1.03139
0.823367
0.84479
0.823062
0.94278
0.982447
1.0147
1.39114
1.2602
0.831901
0.964656
0.865772
1.14849
0.833173
1.0717
0.945055
0.84684
1.05291
0.964313
0.819689
0.822096
0.985126
1.39303
0.880334
1.16797
0.936667
1.14846
1.19101
0.849837
1.09488
0.8192
1.37157
0.912733
0.85894
0.825383
0.947356
0.832743
0.82717
0.824212
1.1153
1.01601
0.820331
0.840317
0.90861
0.85105
0.848489
1.43311
1.21597
0.847751
0.819689
1.20064
1.04237
0.945024
0.966704
1.03418
1.13731
0.820981
1.03038
0.944453
0.825573
0.838208
0.97408
0.892924
1.11698
0.819689
1.25656
1.1121
1.13204
1.34465
0.819689
0.855447
0.830604
1.04708
0.86585
1.13275
0.946694
1.03652
0.851135
1.07098
1.12994
1.06952
0.855927
0.870366
0.876231
1.13774
0.821497
1.04403
1.1875
1.30775
1.14622
1.08137
1.48789
0.879158
0.880248
0.941907
0.940565
0.87435
0.912532
0.966375
1.17353
1.10001
0.919514
0.957693
0.923715
1.01045
0.929127
0.857662
0.960403
0.822288
0.891507
0.986077
0.904033
0.819689
0.914672
1.20456
1.0008
0.961209
0.885028
1.20601
0.856489
0.857076
1.15543
0.91848
0.881131
0.823488
0.8192
0.828257
0.853746
1.01928
0.876118
1.19174
1.02171
0.929489
0.898746
0.828911
0.82778
0.930457
1.09558
0.928924
0.96461
0.979241
0.819689
0.819689
0.872711
1.12733
0.826137
0.98869
0.823634
1.29211
1.08556
0.905967
0.841814
0.909108
0.819689
0.944823
0.955711
0.819689
1.16675
1.0316
0.829288
0.839158
1.29897
1.1415
1.23791
1.43231
0.8192
0.834311
1.03557
0.819689
0.909447
0.8192
0.914305
0.877349
0.82122
1.0412
1.05089
1.40003
0.894103
0.884421
1.113
1.07113
0.860964
0.824624
0.822181
0.975616
0.98963
0.893302
0.876286
1.11685
1.12506
0.893728
0.906481
1.18012
1.18447
0.938267
0.820331
1.22102
0.89958
1.24893
1.1571
0.939088
0.855721
1.04644
1.3125
0.871274
0.819689
0.83699
0.8192
0.970892
1.2679
0.894408
1.59424
1.07408
0.845809
1.00281
0.932817
0.946445
0.824334
1.14736
1.02495
0.835841
0.883745
0.863443
0.957158
1.50166
0.891383
1.1188
0.840439
0.819689
1.01342
1.33268
0.942104
0.820228
0.927455
0.935775
0.974927
1.05668
0.819689
0.853046
1.26112
0.830179
0.898808
0.978248
0.837119
0.819689
0.8936
0.917247
0.933586
0.842527
1.09114
0.834815
0.978437
0.888783
1.23425
0.961902
0.912135
0.903481
1.02706
1.35403
0.820479
0.906207
0.819689
1.20223
0.946967
0.879025
0.974158
1.50232
1.09194
0.928497
1.22813
1.32459
0.955408
0.820444
0.994513
0.959038
0.93975
0.819689
0.819689
1.07283
1.07967
1.02188
0.858666
0.89822
1.12341
1.26451
0.975224
0.8673
0.88842
0.905875
0.835233
1.14314
1.06442
1.26587
0.832533
0.819689
1.15952
0.887368
1.12022
1.03334
0.943489
1.24602
1.0661
1.07448
0.983695
1.09204
0.819689
0.863369
0.819689
0.892266
0.879004
1.18402
1.11395
1.00921
0.900321
0.826949
1.11822
0.97442
1.05263
1.11293
0.830723
0.886549
0.824784
0.851327
1.12961
0.922446
1.225
1.00208
0.82823
0.845427
0.939686
1.06223
0.965678
0.862863
1.07415
0.905827
0.924588
0.866012
1.05603
1.23136
1.00765
1.04259
0.93204
1.17834
0.932535
0.819689
1.05443
0.844951
0.954951
1.02088
0.869946
1.41117
1.22805
1.30427
1.11325
0.852156
0.952521
0.819689
0.834823
0.860244
0.821426
0.840024
0.945199
0.874782
0.82253
0.94523
0.87973
0.8192
0.870668
0.872452
0.847849
1.32046
0.833297
1.27321
1.03268
0.82114
0.838048
1.2701
1.41335
1.04749
1.0696
0.858816
0.819689
1.02299
1.07657
0.927395
0.821082
0.884395
0.896645
1.11557
1.11166
1.00757
1.24115
0.895513
0.833542
0.87189
1.16082
1.17669
0.819689
0.823001
1.21889
0.83165
1.04795
0.942356
0.874338
1.25647
0.9529
0.947234
1.00393
1.11268
0.865485
1.21098
1.36961
1.20154
1.30703
0.819689
0.8192
0.850946
1.09431
1.0809
0.893704
1.30195
1.18074
0.942703
1.30349
0.93956
0.999457
1.40893
0.8192
0.837936
1.13409
0.820903
0.902292
0.872313
0.848915
0.872285
1.15405
0.829488
0.836696
0.891636
1.05005
0.895539
1.3262
0.97327
1.11379
0.8192
0.824862
1.05283
0.823375
0.834408
0.891075
1.05014
0.841469
1.31382
1.037
0.988309
1.0716
0.840694
0.819689
0.958261
1.08534
1.02824
0.944753
0.827684
1.06871
0.832085
0.901733
0.859938
0.860776
1.07461
0.819689
0.885558
0.824195
0.991975
0.827946
0.834108
1.22093
1.03535
1.22475
0.819689
0.826995
0.951303
0.82215
1.04395
1.06741
0.959756
0.838553
1.11332
0.831258
1.10535
0.821452
1.01376
0.854098
1.33216
0.837739
0.833058
0.858945
1.0048
0.832358
0.89381
0.821787
0.907047
1.2827
0.994736
0.846124
1.31914
0.838031
0.89806
0.840368
1.02759
0.839278
1.12556
0.923699
1.1722
0.819972
1.65142
0.898128
0.929381
0.89675
0.820428
0.864284
0.834007
1.05584
0.828212
1.08948
1.23097
1.1817
1.07151
0.830387
0.887582
0.990538
0.8192
0.987649
0.841593
1.11206
1.24522
0.859655
1.026
0.831524
1.01917
0.828038
0.959112
0.96715
0.838607
0.826913
0.864056
0.819689
0.906578
1.1342
0.820885
1.08864
1.09081
1.06988
1.23855
0.850507
0.91402
0.857326
0.819689
0.914123
1.02003
0.964305
1.22984
0.951352
1.05977
0.836734
1.27179
0.832363
0.883302
1.21071
0.885623
0.887455
0.979141
1.44859
0.927433
0.981977
1.05203
1.11858
1.09588
1.34783
0.842421
1.06495
1.29049
1.46436
0.8192
0.821917
1.14862
0.899014
0.956318
0.831945
0.997612
1.09416
0.824566
1.15418
1.08866
1.21665
1.10848
1.27697
1.12837
0.910366
0.936795
0.861456
0.867182
0.830852
0.830519
1.02808
1.16023
1.02517
0.829252
0.835878
0.850432
0.898135
0.89459
1.09336
0.919656
0.940116
0.962569
0.928226
0.827772
1.20055
1.63423
0.884163
0.823531
1.19943
0.965246
1.20795
0.821248
1.13446
0.944635
0.848006
1.269
0.94324
0.937989
0.895444
0.853461
1.11068
0.819689
1.05077
0.901694
1.15777
0.900856
0.878806
0.95435
0.8192
0.870668
1.21213
0.839577
0.897649
1.12059
0.971045
0.956332
0.819689
0.858459
1.00184
1.07687
0.944318
0.860415
0.917982
0.828229
0.826553
0.976148
1.29186
0.864219
0.896633
1.37344
1.26504
0.952742
1.25892
0.825082
0.819689
0.995965
1.33477
1.32569
0.879852
0.822709
0.87638
0.822613
0.88229
0.828181
0.828386
1.13625
0.847937
0.819689
1.0582
1.59679
0.949531
1.0358
0.831243
0.89515
0.873434
0.989932
0.874142
0.888155
0.832325
1.12943
0.823459
0.875522
0.959172
1.10291
0.917333
0.883555
0.986827
0.933561
1.01871
0.822416
0.835591
0.936712
1.22111
0.96639
0.85679
1.17406
0.857751
0.997128
0.874705
1.11142
0.831645
1.44556
0.88232
1.21589
0.993754
0.905564
0.887847
1.04649
0.835473
0.851419
0.845144
0.875529
1.52816
0.819689
0.868469
1.07864
0.86924
1.24286
1.0967
1.06543
0.888908
0.879797
1.04947
0.844752
1.14843
0.844051
1.07491
0.837072
1.28738
0.822968
1.00797
0.8192
1.07265
0.819689
0.819747
0.885629
0.825688
0.826591
1.11712
0.849226
0.994129
0.904493
1.09441
1.17818
0.911476
0.827118
0.883087
0.9441
1.07155
0.870036
1.47474
1.21418
1.22549
1.1951
0.968552
0.941228
1.06502
0.819689
1.12051
0.987503
0.819689
1.44404
0.857729
0.819876
0.869251
1.16985
1.23732
1.20486
1.28642
1.01127
1.1511
0.993821
1.00086
0.991612
0.992873
1.10265
0.960686
0.974323
1.0842
0.819689
1.20155
1.12962
0.835472
1.29812
0.822264
0.887473
0.874878
1.12426
0.847477
1.20447
0.986292
0.847394
0.951008
1.18475
1.48412
1.07752
0.930401
1.10745
1.54391
0.819689
1.04552
0.84142
0.866103
0.992198
0.871241
0.822983
0.8192
0.992965
0.831142
0.832188
0.975362
1.05243
1.19679
1.00078
0.968996
0.959435
1.0606
1.16817
0.954214
0.995446
0.858289
0.849043
0.904059
1.19089
0.894095
1.23319
0.982701
1.03528
0.841701
1.06101
1.20284
0.894083
1.2148
0.911048
1.21457
0.8192
1.15676
1.00375
0.825836
0.882691
1.17635
1.21608
0.819689
0.819689
1.16177
0.93146
0.819689
1.19298
1.25437
0.913336
1.11215
1.03184
0.841801
1.13487
0.861869
0.82715
1.29931
0.819689
0.878535
0.823897
0.830185
0.819689
0.819689
1.15737
1.04938
0.823344
0.945902
0.849083
0.85521
0.8901
0.915096
0.890417
1.59036
1.29673
0.8192
0.883384
1.55649
0.850099
0.851834
0.8192
1.08774
0.856675
1.16796
0.834311
0.900933
0.840687
0.819689
1.093
0.963781
1.03677
1.13962
0.819689
0.8192
1.1289
1.13646
0.828553
0.85144
0.853629
0.91074
0.919811
1.4196
1.17144
0.829512
0.856222
0.819689
1.32132
0.908238
