0
0
0
0
0
0
0
0
0
0
0
0
0
0
0
0
0
0
0
0
0
0
0
0
0
0
0
0
0
0
0
0
0
0
0
0
0
0
0
0
0
0
0
0
0
0
0
0
0
0
0
0
0
0
0
0
0
0
0
0
0
0
0
0
0
0
0
0
0
0
0
0
0
0
0
0
0
0
0
0
0
0
0
0
0
0
0
0
0
0
0
0
0
0
0
0
0
0
0
0
0
0
0
0
0
0
0
0
0
0
0
0
0
0
0
0
0
0
0
0
0
0
0
0
0
0
0
0
0
0
0
0
0
0
0
0
0
0
0
0
0
0
0
0
0
0
0
0
0
0
0
0
0
0
0
0
0
0
0
0
0
0
0
0
0
0
0
0
0
0
0
0
0
0
0
0
0
0
0
0
0
0
0
0
0
0
0
0
0
0
0
0
0
0
0
0
0
0
0
0
0
0
0
0
0
0
0
0
0
0
0
0
0
0
0
0
0
0
0
0
0
0
0
0
0
0
0
0
0
0
0
0
0
0
0
0
0
0
0
0
0
0
0
0
0
0
0
0
0
0
0
0
0
0
0
0
0
0
0
0
0
0
0
0
0
0
0
0
0
0
0
0
0
0
0
0
0
0
0
0
0
0
0
0
0
0
0
0
0
0
0
0
0
0
0
0
0
0
0
0
0
0
0
0
0
0
0
0
0
0
0
0
0
0
0
0
0
0
0
0
0
0
0
0
0
0
0
0
0
0
0
0
0
0
0
0
0
0
0
0
0
0
0
0
0
0
0
0
0
0
0
0
0
0
0
0
0
0
0
0
0
0
0
0
0
0
0
0
0
0
0
0
0
0
0
0
0
0
0
0
0
0
0
0
0
0
0
0
0
0
0
0
0
0
0
0
0
0
0
0
0
0
0
0
0
0
0
0
0
0
0
0
0
0
0
0
0
0
0
0
0
0
0
0
0
0
0
0
0
0
0
0
0
0
0
0
0
0
0
0
0
0
0
0
0
0
0
0
0
0
0
0
0
0
0
0
0
0
0
0
0
0
0
0
0
0
0
0
0
0
0
0
0
0
0
0
0
0
0
0
0
0
0
0
0
0
0
0
0
0
0
0
0
0
0
0
0
0
0
0
0
0
0
0
0
0
0
0
0
0
0
0
0
0
0
0
0
0
0
0
0
0
0
0
0
0
0
0
0
0
0
0
0
0
0
0
0
0
0
0
0
0
0
0
0
0
0
0
0
0
0
0
0
0
0
0
0
0
0
0
0
0
0
0
0
0
0
0
0
0
0
0
0
0
0
0
0
0
0
0
0
0
0
0
0
0
0
0
0
0
0
0
0
0
0
0
0
0
0
0
0
0
0
0
0
0
0
0
0
0
0
0
0
0
0
0
0
0
0
0
0
0
0
0
0
0
0
0
0
0
0
0
0
0
0
0
0
0
0
0
0
0
0
0
0
0
0
0
0
0
0
0
0
0
0
0
0
0
0
0
0
0
0
0
0
0
0
0
0
0
0
0
0
0
0
0
0
0
0
0
0
0
0
0
0
0
0
0
0
0
0
0
0
0
0
0
0
0
0
0
0
0
0
0
0
0
0
0
0
0
0
0
0
0
0
0
0
0
0
0
0
0
0
0
0
0
0
0
0
0
0
0
0
0
0
0
0
0
0
0
0
0
0
0
0
0
0
0
0
0
0
0
0
0
0
0
0
0
0
0
0
0
0
0
0
0
0
0
0
0
0
0
0
0
0
0
0
0
0
0
0
0
0
0
0
0
0
0
0
0
0
0
0
0
0
0
0
0
0
0
0
0
0
0
0
0
0
0
0
0
0
0
0
0
0
0
0
0
0
0
0
0
0
0
0
0
0
0
0
0
0
0
0
0
0
0
0
0
0
0
0
0
0
0
0
0
0
0
0
0
0
0
0
0
0
0
0
0
0
0
0
0
0
0
0
0
0
0
0
0
0
0
0
0
0
0
0
0
0
0
0
0
0
0
0
0
0
0
0
0
0
0
0
0
0
0
0
0
0
0
0
0
0
0
0
0
0
0
0
0
0
0
0
0
0
0
0
0
0
0
0
0
0
0
0
0
0
0
0
0
0
0
0
0
0
0
0
0
0
0
0
0
0
0
0
0
0
0
0
0
0
0
0
0
0
0
0
0
0
0
0
0
0
0
0
0
0
0
0
0
0
0
0
0
0
0
0
0
0
0
0
0
0
0
0
0
0
0
0
0
0
0
0
0
0
0
0
0
0
0
0
0
0
0
0
0
0
0
0
0
0
0
0
0
0
0
0
0
0
0
0
0
0
0
0
0
0
0
0
0
0
0
0
0
0
0
0
0
0
0
0
0
0
0
0
0
0
0
0
0
0
0
0
0
0
0
0
0
0
0
0
0
0
0
0
0
0
0
0
0
0
0
0
0
0
0
0
0
0
0
0
0
0
0
0
0
0
0
0
0
0
0
0
0
0
0
0
0
0
0
0
0
0
0
0
0
0
0
0
0
0
0
0
0
0
0
0
0
0
0
0
0
0
0
0
0
0
0
0
0
0
0
0
0
0
0
0
0
0
0
0
0
0
0
0
0
0
0
0
0
0
0
0
0
0
0
0
0
0
0
0
0
0
0
0
0
0
0
0
0
0
0
0
0
0
0
0
0
0
0
0
0
0
0
0
0
0
0
0
0
0
0
0
0
0
0
0
0
0
0
0
0
0
0
0
0
0
0
0
0
0
0
0
0
0
0
0
0
0
0
0
0
0
0
0
0
0
0
0
0
0
0
0
0
0
0
0
0
0
0
0
0
0
0
0
0
0
0
0
0
0
0
0
0
0
0
0
0
0
0
0
0
0
0
0
0
0
0
0
0
0
0
0
0
0
0
0
0
0
0
0
0
0
0
0
0
0
0
0
0
0
0
0
0
0
0
0
0
0
0
0
0
0
0
0
0
0
0
0
0
0
0
0
0
0
0
0
0
0
0
0
0
0
0
0
0
0
0
0
0
0
0
0
0
0
0
0
0
0
0
0
0
0
0
0
0
0
0
0
0
0
0
0
0
0
0
0
0
0
0
0
0
0
0
0
0
0
0
0
0
0
0
0
0
0
0
0
0
0
0
0
0
0
0
0
0
0
0
0
0
0
0
0
0
0
0
0
0
0
0
0
0
0
0
0
0
0
0
0
0
0
0
0
0
0
0
0
0
0
0
0
0
0
0
0
0
0
0
0
0
0
0
0
0
0
0
0
0
0
0
0
0
0
0
0
0
0
0
0
0
0
0
0
0
0
0
0
0
0
0
0
0
0
0
0
0
0
0
0
0
0
0
0
0
0
0
0
0
0
0
0
0
0
0
0
0
0
0
0
0
0
0
0
0
0
0
0
0
0
0
0
0
0
0
0
0
0
0
0
0
0
0
0
0
0
0
0
0
0
0
0
0
0
0
0
0
0
0
0
0
0
0
0
0
0
0
0
0
0
0
0
0
0
0
0
0
0
0
0
0
0
0
0
0
0
0
0
0
0
0
0
0
0
0
0
0
0
0
0
0
0
0
0
0
0
0
0
0
0
0
0
0
0
0
0
0
0
0
0
0
0
0
0
0
0
0
0
0
0
0
0
0
0
0
0
0
0
0
0
0
0
0
0
0
0
0
0
0
0
0
0
0
0
0
0
0
0
0
0
0
0
0
0
0
0
0
0
0
0
0
0
0
0
0
0
0
0
0
0
0
0
0
0
0
0
0
0
0
0
0
0
0
0
0
0
0
0
0
0
0
0
0
0
0
0
0
0
0
0
0
0
0
0
0
0
0
0
0
0
0
0
0
0
0
0
0
0
0
0
0
0
0
0
0
0
0
0
0
0
0
0
0
0
0
0
0
0
0
0
0
0
0
0
0
0
0
0
0
0
0
0
0
0
0
0
0
0
0
0
0
0
0
0
0
0
0
0
0
0
0
0
0
0
0
0
0
0
0
0
0
0
0
0
0
0
0
0
0
0
0
0
0
0
0
0
0
0
0
0
0
0
0
0
0
0
0
0
0
0
0
0
0
0
0
0
0
0
0
0
0
0
0
0
0
0
0
0
0
0
0
0
0
0
0
0
0
0
0
0
0
0
0
0
0
0
0
0
0
0
0
0
0
0
0
0
0
0
0
0
0
0
0
0
0
0
0
0
0
0
0
0
0
0
0
0
0
0
0
0
0
0
0
0
0
0
0
0
0
0
0
0
0
0
0
0
0
0
0
0
0
0
0
0
0
0
0
0
0
0
0
0
0
0
0
0
0
0
0
0
0
0
0
0
0
0
0
0
0
0
0
0
0
0
0
0
0
0
0
0
0
0
0
0
0
0
0
0
0
0
0
0
0
0
0
0
0
0
0
0
0
0
0
0
0
0
0
0
0
0
0
0
0
0
0
0
0
0
0
0
0
0
0
0
0
0
0
0
0
0
0
0
0
0
0
0
0
0
0
0
0
0
0
0
0
0
0
0
0
0
0
0
0
0
0
0
0
0
0
0
0
-1.14508
0.426556
0.26859
-0.0643536
-1.2552
0.270307
-0.561017
0.831106
0.305878
-0.626729
0.152532
-0.852571
-0.756078
0.00963942
0.151872
-0.082237
-0.382738
0.337539
0.0303396
-0.489463
-1.76532
0.451158
0.601314
-0.801827
0.112213
0.354946
-1.433
0.0829095
0.0878126
0.0668856
-0.540284
0.189047
-0.112366
-1.52272
0.510851
0.413429
0.310025
-0.180453
-0.745124
-0.364192
0.0628765
-1.12956
-0.102309
0.372694
0.168037
0.0596115
0.334276
-1.15306
-0.973784
0.265697
-0.831516
-0.433094
0.25893
-0.836718
-0.98494
0.583175
-0.554919
-0.815885
-0.0870973
-0.231087
0.202191
0.659502
-0.00107
-0.764749
0.234425
-0.0452434
0.745966
0.432483
-1.03208
-0.177631
-0.961696
-0.65395
-0.0615954
0.354359
0.179701
0.0857865
-2.65821
-0.404139
-0.0902758
0.301896
-0.389878
-0.295663
0.0463437
-0.692997
0.355086
-0.374711
-0.486927
-0.470098
0.308135
0.191088
-1.2138
0.082671
0.0740788
-0.168589
-0.252961
0.696624
0.16043
-0.598776
-0.666216
0.552064
-0.422979
-0.739261
-1.28932
0.226861
-0.543089
-0.946353
-1.60133
-2.29072
-0.782703
0.36689
-0.0174516
-0.509948
0.288925
0.205773
-0.345255
0.171365
0.0663035
-0.803008
-0.496421
0.437847
0.206048
0.189234
-0.191596
-0.181861
-0.385589
0.0985711
0.483225
-0.292045
0.75083
-0.616697
-0.249182
0.163829
-0.865825
-0.447197
-0.873746
-0.303499
-0.901206
-0.145763
0.605965
-0.861174
0.00175354
-2.04024
0.0966467
-0.0890255
-0.349935
-1.10991
0.150686
-0.488537
0.312698
-0.930724
0.180041
0.46381
0.469327
-0.482559
-0.0788233
-1.18165
-0.194742
0.212112
-0.636084
0.448165
0.279694
0.270449
0.130955
-1.25804
0.3412
-0.25693
-1.44164
-1.66224
0.28389
-0.269542
-0.877599
0.198121
0.183241
0.546657
0.573224
0.0894784
0.284784
0.270749
-0.897884
-0.531812
-0.142621
0.545015
0.532155
0.0290623
-0.784961
0.51769
0.320274
-0.0616257
0.239757
-0.928513
0.350991
-0.0693905
-1.15317
0.20425
0.702719
0.487591
-0.46596
-0.530492
0.0647284
0.429753
-1.16896
0.103303
0.586303
0.432887
-0.672721
0.160145
0.0810877
-0.931944
-1.13351
-2.17616
-0.878006
-0.237929
-0.80908
-1.11801
-0.265535
-0.60709
-1.14151
-0.32077
-0.228545
-0.341463
-0.649062
0.52091
-1.43891
-0.512874
-0.324709
-0.348731
-0.232719
-0.234105
-0.647875
0.735983
-1.21996
-0.904255
0.774032
-0.555696
0.408196
0.245071
-0.181618
-0.815752
-0.552562
-0.562128
-1.08858
-0.376739
-0.187544
0.338286
-0.0861691
0.141033
-0.642194
-0.200643
-0.526514
-0.390724
0.295012
-0.373012
0.617574
0.538671
-0.375556
-2.3406
-0.217046
-0.0155356
-1.23042
-1.02942
-0.950876
-0.770947
-0.0305074
0.704095
-1.4412
-0.942179
-1.70869
0.417691
0.182741
-0.442754
-0.136981
0.116907
0.172472
0.397813
-0.0650812
-2.16181
-0.327315
-0.291172
0.0464002
-0.0802926
-0.30086
-0.136381
0.295093
-0.0654816
-0.521567
-0.230208
-0.331122
-1.50386
-0.124599
-0.681843
0.168529
0.635132
-0.801968
0.0586655
-0.766193
0.333067
0.575729
-2.04139
-2.40711
0.174881
-0.896367
-0.309431
-0.136848
-0.0830258
-1.66935
0.133421
-0.705607
-0.269195
0.616762
-1.16747
-0.766614
-0.828728
0.83049
-1.57749
-1.14301
0.101076
-0.469912
-1.91327
0.510382
-0.641727
0.490699
0.0539576
0.48352
-0.064965
0.709606
-0.429217
0.196294
-1.74388
0.353495
0.00508785
-1.7295
0.0811381
0.522714
-0.63128
0.0581907
-0.412859
-0.227445
0.290817
-0.803114
-3.24481
-3.35547
-0.59542
0.66774
0.171579
-0.704561
-0.595672
0.337215
-0.564667
-0.309045
0.366516
-1.25374
0.341558
0.142998
-0.144651
0.133592
0.309933
-0.927008
0.147429
-0.755665
-0.508813
-0.941434
0.240352
-1.15412
0.402856
-1.1653
-0.335011
0.0940007
0.24511
-1.5048
-0.156824
-0.272396
-0.890571
0.385659
-0.401211
0.572415
-2.35771
0.754954
-0.602083
0.262506
-1.77104
0.501598
-0.943115
-1.47203
-0.562404
0.257786
-0.352587
-0.0615133
-0.710437
0.357911
-0.863196
-0.57064
-1.1056
0.473902
0.821836
-0.657265
0.00678968
0.266873
-1.43299
-0.0517555
0.377759
-0.929063
-0.538644
-2.06175
0.550787
-1.30429
0.549954
-1.28173
-0.991627
-1.35871
-1.2684
0.071029
-0.641876
-0.428846
-0.3042
-0.20527
0.950824
-0.676259
-0.286564
0.636264
-0.461874
-0.538102
-0.510519
-1.21843
-2.00614
-1.28525
-0.594725
0.5169
-0.0347314
0.277375
-0.627619
-0.69898
-0.761968
-0.488822
-1.15188
-0.97119
0.468267
0.0157844
-0.226667
-1.48826
-1.08256
0.399365
0.496198
-0.301476
-0.588651
0.373508
-1.68669
0.0445798
-1.24703
0.016221
-0.826634
0.0904581
0.0647509
0.574369
0.557159
-1.80595
0.360098
-0.0637426
-0.864859
-0.127474
-0.334177
0.0398083
0.512904
0.244512
-0.142436
-0.881005
0.300934
-0.51943
-0.532072
-0.83277
-0.368356
-0.0385756
0.120857
-0.848328
-0.280447
-0.767952
0.73396
-1.66971
-1.04458
0.500191
0.0960727
-1.00852
0.266632
-0.151943
-0.229471
-0.0772378
-0.844218
0.243157
0.296522
0.411867
-0.950748
-0.332417
-0.559368
0.496584
-0.107781
0.343811
-0.146025
-0.530196
0.324581
-0.429492
0.116395
-1.16317
-2.0355
-1.40393
0.137013
-0.553538
-0.96614
-0.382086
-0.515135
-1.0937
0.251575
-0.0514565
0.26474
-0.0549908
0.120693
-0.189422
-0.0657836
-0.0678116
0.370419
-1.11953
-0.382574
0.386855
-2.36698
-1.31194
-0.182332
-0.317478
0.493873
-1.45287
0.303853
0.00378663
0.0856441
0.442256
-0.499887
0.165858
0.318499
-0.024044
-0.15045
0.374657
0.0798922
-1.12091
-0.286019
-0.55533
-1.48201
0.122956
-0.656315
0.24338
0.586704
0.0629312
-1.08351
0.460204
-0.624967
-1.46408
-1.27851
-0.355289
0.086745
0.140862
0.216293
0.056465
0.144321
-1.72921
-1.05976
-0.341316
0.386489
-1.869
-1.61074
0.376034
-0.530468
-0.0171924
-0.810271
-0.521494
0.392469
-1.3077
-2.60272
-0.356835
0.331562
-1.29354
0.344203
-0.793717
-1.12537
0.166915
0.0555672
0.141373
0.0678241
-0.812299
-0.796677
-1.58836
-1.10916
-0.532995
0.223683
0.443622
-0.897181
-0.737641
-0.950948
-0.132815
0.261901
0.442839
-0.154106
-0.751239
-0.495595
-0.303115
-0.0134807
-1.44033
0.176455
-0.998923
0.442062
-1.26923
-0.151817
-2.09541
0.393625
-0.449134
-2.00733
0.313331
0.188037
0.502619
-2.21845
0.491102
0.411193
-0.378884
-0.0101741
-0.17307
-0.542389
-0.285625
-0.815337
-0.56584
-1.54766
0.140008
-1.11473
-1.12653
0.506023
-1.28589
-0.337642
0.141642
-1.25857
-0.596837
-1.07475
-1.65873
0.48284
-0.0555829
-0.403387
0.0466917
0.0386308
0.237318
0.00988294
0.155525
-0.180274
-0.751258
-0.561566
-0.019052
-0.225867
-0.554727
-0.377719
-1.61428
0.189752
-0.236343
-0.0265792
-0.440568
0.109163
0.462472
-0.531764
-0.696895
-1.48773
0.300512
-1.06712
-0.33857
-0.658847
-0.794313
-0.349072
-1.49934
0.0105827
0.439255
0.30075
-0.370602
-0.347534
0.580983
-0.605097
0.261365
-0.202131
0.650683
0.580857
-0.999627
0.649171
0.670647
-1.92016
-0.845326
-1.83185
0.447576
-0.674859
-0.290627
0.49204
-0.679949
-0.335441
-0.280871
-0.952242
0.387129
-0.153772
0.446039
-2.48155
-0.00809534
-0.984013
-0.0587425
-0.310259
-1.931
0.417288
0.640267
0.0777117
-0.529784
0.291116
0.327441
0.0452002
-0.316555
-0.0412691
-0.793896
-2.29024
-0.216065
-1.49224
0.310122
-1.13215
-1.21708
-0.084974
0.32801
-0.794867
0.225696
-0.00472162
-0.954516
0.341962
-0.347488
-0.549594
-0.141389
-0.870281
-0.0893127
-0.0656677
0.537933
-1.39277
-0.437804
-0.869643
-0.878493
-0.50925
0.193163
-0.372742
0.185522
0.207522
-0.619196
-0.228304
0.194344
-1.43582
0.690116
-0.494455
-0.302396
-0.493968
-1.63665
-1.84929
-0.21373
-1.3108
-0.868162
0.169129
-0.101607
0.37337
0.497384
0.0906749
0.194759
-0.605905
0.139645
0.114788
0.029094
-1.22709
-0.810144
0.462407
-0.208419
-0.103444
-0.742678
0.446145
-0.155211
-1.71646
0.571189
-0.0424274
0.450185
-0.077125
-0.114104
-0.0655091
0.182357
0.189247
-0.771879
-0.231033
-0.445263
0.477382
0.547064
-1.54699
-1.06549
0.135818
0.652659
-0.464554
0.349186
-0.736756
0.120023
0.373343
0.0929114
-0.425366
-0.670698
-1.81338
-1.54184
-0.516566
-0.324022
0.622133
0.233173
0.184118
-0.383771
-0.524654
0.151996
-1.16905
-1.29345
0.187509
0.196756
-1.76253
0.425733
-0.371967
-0.859254
-0.657906
-0.627967
0.0518647
0.455625
-0.0759605
0.027158
0.02544
-1.57351
-1.92411
0.203316
0.284284
0.301285
-1.55019
-0.794189
-0.30166
-1.20773
-0.74321
-0.822415
-0.161901
-1.17853
0.142728
0.258156
-0.893946
0.46742
0.343883
0.482587
-0.20433
0.213204
-0.9058
0.391346
0.634137
0.420952
-0.677257
-0.212199
-0.751929
-0.267742
-1.02891
-1.28854
-1.54757
0.251101
-0.179078
-0.856947
-1.54772
0.162659
0.165868
-1.13505
-1.24747
0.535856
-0.346404
0.609877
-0.744309
-1.45028
-0.249863
-0.979731
0.115579
0.093037
-1.02167
0.404133
-0.701461
-0.0331401
-0.98384
-0.853793
-0.854525
-0.367094
-2.25255
0.692537
-0.642516
0.396222
-0.599943
-0.248248
-1.35188
-0.228244
0.13506
0.144927
-0.982092
-0.225244
0.164718
-0.15934
-0.974338
0.201589
-0.269912
-0.805748
-1.35472
-1.25577
-0.341088
-1.49627
-1.2655
0.480109
-1.38431
0.67889
0.0835655
-0.362936
-0.964786
-1.54143
-0.721349
-0.451168
0.634274
0.536493
-1.1731
-1.24524
-0.16914
-0.305097
0.0824725
-0.261915
-0.259944
0.186603
0.389726
-1.01772
-0.0771999
0.0745272
-0.680056
-1.14843
-1.87953
0.25078
-0.399675
-0.10216
-0.291062
0.439894
0.547433
0.532499
-0.656785
0.162625
-0.580585
0.71857
0.454677
-0.532879
0.275461
-0.694515
-1.62375
0.0207672
0.476947
-0.00800163
0.147713
-0.231732
0.0253119
0.325525
0.739094
-0.666951
0.123632
-1.00849
0.0422081
-0.213087
0.0218306
-0.589133
0.0234134
0.0279416
0.254517
-0.625668
-0.350586
0.342468
-1.29112
0.081775
-0.0384251
-0.140032
0.379372
0.0618976
-1.04623
0.0075921
0.602867
0.516028
-0.361012
-0.489747
-0.365403
-0.362005
0.0497318
-0.584718
0.258577
-1.67715
-1.35053
0.0230933
-1.50803
0.295148
0.141978
0.448392
0.360881
-0.245001
-0.0708473
-0.0292592
-0.469818
-0.242775
0.0468046
0.451585
-0.478079
-1.07969
-2.45466
0.585449
0.481618
-0.51302
-0.811969
-0.217425
-0.276887
-1.27001
-0.446108
-0.376085
0.0591945
-0.684752
-0.0837019
-0.347935
0.0028005
-1.2097
-1.12164
0.0725314
-0.145172
-0.0746748
0.343351
-0.156249
0.00439765
0.561978
0.448296
-0.0385459
0.617535
-0.578979
-1.02505
0.291104
-0.0217707
0.575905
0.278797
-0.940472
-0.635114
-0.337295
-0.485822
-0.466019
0.0895123
0.456659
-0.925624
0.417127
0.197224
-0.123984
-0.442108
0.453119
-0.954435
0.0596686
0.0679887
-0.322837
0.0497967
-0.457821
0.0958323
-0.131847
0.220658
0.175004
-0.385532
-0.973761
-0.179338
-1.88039
0.319771
0.310059
-1.14043
-0.155552
-0.0925702
-0.206255
0.252303
-1.67951
0.283855
-0.267803
-0.471918
-0.525058
-0.0464025
-0.75032
0.54113
-0.344723
-0.0285255
0.560209
0.308591
-0.180503
-0.039407
0.159116
-0.962072
-0.52374
-1.17188
-0.179865
-0.582654
0.188424
0.588602
0.43603
-0.6629
-0.103416
-0.436696
0.207107
-0.709948
-0.1826
-0.064574
-0.104794
0.234759
0.090235
-1.36132
-0.727832
-0.0524805
0.512793
-0.93295
0.423426
0.0550046
0.151364
0.238222
-0.599475
0.402055
-1.89946
0.545389
-0.13106
-0.502613
-1.2269
-0.126707
-0.922975
-1.13744
-0.896907
0.367834
0.124633
-0.88482
-0.577981
0.0169579
-1.8053
-0.569967
0.602797
0.416811
-0.58494
-1.33498
0.427445
-0.312265
-0.748823
-0.387281
0.0228532
0.120763
-1.54704
0.307734
0.0131978
-0.690794
-0.341686
0.187248
-0.327581
0.204006
-1.52102
0.476544
0.260523
0.069433
0.632432
-1.88874
-0.448602
-0.669958
0.042721
-0.318467
0.364223
-0.628207
-0.160555
-1.07302
0.229642
0.339997
0.298599
-0.326561
-0.20316
-0.383067
0.352371
-0.786301
0.261119
0.472156
0.495731
0.3907
0.329501
0.685971
-1.39695
-0.239388
-0.0232958
-1.26469
-0.229732
-0.212807
-0.0135215
0.187901
-0.0161221
-0.00499595
-0.0817453
-0.333826
0.202384
-0.2457
-0.262982
-0.270067
-0.693272
-0.599403
0.15543
-0.403427
-1.04342
-0.0427211
0.339112
0.188068
-0.382949
-0.207702
0.269835
-0.300204
-0.869102
0.369877
-0.787213
-0.0715576
-0.755456
-1.69046
-1.03903
-0.23183
-0.319608
-0.194206
0.599569
0.1585
0.0832176
-0.0238869
-0.531083
-0.510692
-0.157216
-0.0425173
0.052402
-0.405303
0.188371
-1.16665
-1.67863
-0.589152
-0.189872
-0.681585
-0.760278
-1.39147
0.418198
0.290407
-0.900086
-0.573289
-0.0492646
-1.00292
-1.14828
-0.34629
-0.943537
0.222733
0.308656
-0.897724
-0.581438
0.469861
0.389462
0.560593
0.665747
-2.43657
-0.399628
0.0322665
-1.60044
-0.0181796
-1.80397
-0.221843
-0.171042
-0.96549
0.332879
0.251232
0.606101
-0.195064
-0.413183
0.259505
0.360286
-0.690474
-0.837292
-2.18317
-0.108433
-0.216556
-0.816091
-0.122933
0.295023
-0.102264
-0.257032
-0.174269
0.242014
0.393736
-0.0722626
-1.5002
0.411208
-0.324405
0.428688
0.370623
-0.0529682
-0.452732
0.225977
0.435961
-0.428464
-0.930311
-0.467647
-1.22096
0.137438
0.399001
-0.343793
0.692602
0.164621
-0.449907
0.11662
0.00693035
-0.24202
-0.667416
0.186443
0.23066
-1.12588
-0.301778
-0.414199
-0.0570001
0.684281
-0.138754
0.17954
-0.558092
-2.15639
-0.462743
0.521846
-0.0644109
-1.06523
-0.139202
-0.196651
-0.060362
-0.0195494
-1.06419
-0.356807
0.438959
-0.434257
-0.71906
0.146672
-0.644299
-1.10708
-0.450425
-0.143024
-0.116217
-0.462538
0.24351
-0.817765
0.0516415
-0.303866
0.368812
0.0135593
-0.318572
-0.0307484
0.254181
0.374364
-0.680971
0.115887
-3.37914
0.380837
-0.0549293
-2.07037
0.0218203
0.727066
0.404659
-0.185209
0.387806
0.517535
-0.0176528
-0.869579
-0.068748
0.0408432
-0.14877
-1.48128
-1.96921
0.257771
0.23803
0.279537
-0.716159
-0.119636
-0.280241
0.391117
-0.70012
-0.202935
-0.136645
-0.275583
-0.805437
0.26892
0.261487
0.323185
-0.285776
-1.5164
0.427741
-0.256432
0.31254
-0.0692322
0.0634402
0.530713
-0.00194378
0.167675
0.0661575
0.188102
-1.52243
-0.51004
-1.30565
-0.245489
-0.398561
0.352432
-0.302061
-0.256296
-0.154544
-0.913296
0.0731686
0.0907296
-0.257783
0.118714
-0.565949
-0.209246
-0.809726
-0.31755
0.337278
-0.673395
0.434634
0.0700086
-0.524025
-0.600527
0.14738
0.234249
-0.221481
-0.224592
0.0713785
-1.0121
-0.749487
-0.22335
0.160827
0.497682
0.0515552
0.11626
-0.324309
0.380884
-0.247312
-1.0301
0.197713
-0.267731
-0.540455
0.176717
-0.244455
0.520162
0.419743
0.437646
0.254377
-1.56442
0.00716043
-1.11438
-0.626816
-0.373513
-0.750769
-0.703805
-0.0228812
-0.808951
-1.48186
-0.105396
-0.305438
-1.92889
-0.421333
-0.523674
-0.680002
0.519941
-0.761331
0.237416
0.174331
-1.07182
-0.585984
0.412178
0.463233
0.225777
0.139072
-0.409217
-1.43782
0.142692
0.299955
0.0469795
-1.56232
-0.291104
-0.160791
0.243215
0.434955
0.204654
0.415335
-0.171051
-0.620872
-0.397415
0.375508
0.257206
-2.76308
-0.594161
0.422321
-0.411568
0.0415416
-0.014853
-0.15383
0.494705
-0.0405854
-0.0486134
0.00964611
0.230353
-1.02932
0.362877
0.581868
0.388571
0.482128
-1.23179
-1.66625
-0.469657
0.344847
0.0652747
-0.364746
0.263308
0.330851
0.0773746
0.429955
-0.0293216
-0.044665
0.614631
-1.56221
-0.369389
0.173836
-0.890691
-0.547346
-0.841285
-0.909996
-0.199342
0.34288
-1.02521
-0.518498
-0.259259
-0.152909
-0.747082
0.604483
-0.0978853
0.298969
-1.95809
-0.942846
0.198458
-0.960577
-0.726761
-0.24705
0.0525748
-0.657226
0.488069
0.0870499
0.0521968
-0.010167
-0.899314
-1.20487
0.0267766
0.14407
0.192834
-0.473599
-0.771745
0.29433
-0.563301
-0.620786
-0.490552
-0.33481
0.349824
-1.22256
-1.0213
-0.830093
0.0348053
-0.527288
-0.628173
0.211121
0.0429226
0.44249
-0.892745
-0.479938
-0.198554
-1.47655
-0.0119518
0.0579781
-0.0797605
-0.350902
0.268672
-0.592349
0.137749
-0.45179
0.131844
-0.292728
0.486963
-0.890763
-0.271672
-0.463372
-0.02324
-0.497078
-0.167145
-0.906404
0.0361749
0.433659
0.0805591
-0.446065
0.569552
-0.707533
-0.374684
-0.7553
0.200827
-0.520034
0.0605319
0.0259359
0.308282
-0.956071
0.79143
-0.0171183
-0.0474822
-0.0215379
-0.868703
-0.561844
-0.946702
-0.404644
-0.647024
0.268989
0.38162
0.217071
0.302239
-1.31125
-0.305789
-0.445033
-1.2936
0.107513
-1.04823
0.230627
0.363553
-0.543077
-0.0106621
-0.826961
0.015459
-0.980399
-0.16507
0.0170461
-0.394256
-1.61862
-0.712646
-1.08042
-0.284661
0.372026
-0.975708
0.200831
0.277076
-0.140813
0.490133
-0.403379
-0.231061
-0.211146
-1.51888
-0.178845
0.135738
0.131535
0.271789
0.0624638
0.0916817
-0.437283
0.449119
-0.528113
-0.673329
0.322853
-0.121406
-0.680644
-0.724175
0.606502
-0.253854
-0.0490737
0.0332351
0.160829
0.329799
0.580407
-0.605077
0.12942
0.559166
0.612436
-1.82031
-0.935028
0.241459
-0.403634
-0.255021
-0.675684
-0.00340669
-0.309345
-1.15484
0.301981
0.238849
0.340024
0.014577
0.439792
0.199557
0.0113094
0.00042122
-0.865402
-0.59898
-0.736442
-0.716564
0.0817192
0.199175
0.22982
-0.911877
-1.00707
-0.312284
-0.943812
-0.527239
0.169889
-0.448885
-0.564193
-0.104096
0.0903562
-0.889153
0.283585
0.813922
-0.51315
-1.42799
0.347608
-0.0148411
0.42808
-0.982855
0.38642
-0.888272
-0.410497
0.386266
-0.0243877
0.104192
-0.271429
-1.03464
0.0148932
-0.742734
0.205862
-0.41197
0.343542
-0.400105
-0.0851096
-0.00190621
-1.56836
-0.603463
0.438717
-1.08902
-0.36761
0.302072
-0.0962688
0.00895078
-1.59559
-0.166827
0.202337
0.105292
-0.00618825
-0.343074
-0.727782
-0.593173
-0.89433
0.116401
0.557743
-0.917876
-0.977621
0.536995
0.506624
0.0159938
0.510446
-0.820362
-1.54304
-0.0184002
0.47409
0.320891
-0.105758
-1.28028
-0.393764
-0.557141
-0.294796
-0.644534
-0.720031
-0.032903
-0.583314
-1.11381
0.0925778
0.782681
0.173155
0.231023
-0.512406
-0.184667
-0.436601
0.0288967
-0.177574
-0.337672
-1.35529
0.0183266
-0.706305
-0.385411
0.087038
0.212462
-0.239432
-0.2429
-0.0512641
-0.468961
0.182633
-1.15235
-1.3823
-0.0375836
0.445603
0.00966153
-0.497819
0.283108
-0.0465503
0.0497565
-0.475317
0.238547
-0.349131
0.671519
-0.410782
0.404263
0.0367968
0.0289695
-0.42857
0.217468
-0.905495
-0.526791
-0.442194
-0.187474
0.764377
-1.34994
-0.549083
0.214577
-0.233228
0.424536
0.327521
0.358211
-0.863525
-0.752513
0.195662
-0.401714
0.27068
-0.686241
0.140719
-0.379189
0.52083
-1.37151
0.025903
-2.10165
0.0437177
-0.919795
-0.89832
-0.091907
-0.771362
-0.475107
0.108208
-0.442854
0.1558
-0.207305
0.399179
0.391054
-0.574123
-0.681539
-0.110305
-0.189622
0.262454
-0.684238
0.68362
0.356487
0.387627
0.396636
0.0848828
-0.0295709
0.175635
-1.32584
0.180934
-0.0629649
-1.49943
0.658176
-0.506442
-0.694809
-0.934322
0.278463
0.376088
0.309874
0.34759
-0.327889
0.33951
-0.192949
0.220406
0.171456
-0.134563
0.25953
-0.0013702
-0.0208475
0.235344
-1.43826
0.385779
0.295667
-0.602058
0.505411
-1.1402
-0.403211
-0.959244
0.285123
-0.412896
0.500467
0.015867
-0.427895
-0.356373
0.394653
0.727585
0.0529101
-0.15618
0.324428
0.69246
-1.21515
0.317507
-0.518698
-0.411767
-0.0578196
-0.963205
-0.72196
-2.30056
-0.0310523
-0.425542
-1.02255
0.0721191
-0.0797713
0.329538
0.028141
0.204869
-0.404622
0.202314
0.428628
0.105226
0.135006
-0.253265
-0.376393
-0.0130693
0.366624
-0.583634
0.412944
0.125156
-0.610231
-1.17273
0.157072
0.436017
-0.0280289
0.436195
-0.118982
0.512048
-1.82403
0.441488
0.168572
-2.40483
-0.618296
0.331887
0.350137
-0.94786
-1.60165
0.394751
0.0855273
-1.06106
0.29598
0.418946
-0.0669308
0.21728
0.189074
-0.636881
-0.14715
-0.311971
-1.20623
0.569707
-1.09835
-0.139302
-0.922499
-0.666315
-0.98104
-1.55876
0.368409
0.117551
-0.604011
0.0918199
-0.626782
-0.489741
-0.33352
-0.0245424
-0.021862
0.745933
0.562881
-1.37264
-0.206411
0.803083
-0.64046
-0.435739
-1.56805
0.240963
-1.07156
0.282057
-0.686072
-0.0251725
-0.387459
-1.08082
0.157719
0.0463736
-0.229639
0.132406
-0.88495
-2.6011
0.373216
0.29188
-0.750326
-0.333281
-0.900495
-0.0227423
-0.0248468
0.638487
0.327987
-0.692345
-0.189261
-1.31991
0.528943
-0.91856
