1.0304
1.20173
1.56155
1.02498
1.29089
1.06539
1.03664
1.24983
1.02695
1.024
1.02498
1.02498
1.02862
1.14422
1.024
1.024
1.024
1.024
1.33526
1.03155
1.02498
1.024
1.02498
1.02498
1.02498
1.14361
1.07279
1.36524
1.03415
1.04794
1.05073
1.07709
1.10189
1.31135
1.02498
1.13253
1.02784
1.02613
1.1269
1.2195
1.18419
1.07417
1.024
1.12301
1.14411
1.2958
1.0317
1.02503
1.04299
1.02498
1.10876
1.08444
1.0294
1.03437
1.61412
1.02498
1.02498
1.024
1.02498
1.25797
1.26093
1.03141
1.19829
1.024
1.02799
1.13866
1.03404
1.05927
1.02635
1.05501
1.0421
1.02504
1.16713
1.024
1.02498
1.03522
1.05433
1.024
1.024
1.29939
1.04635
1.12042
1.02665
1.024
1.06917
1.03072
1.14368
1.024
1.1723
1.024
1.08997
1.03033
1.16485
1.03319
1.10194
1.0341
1.05607
1.02575
1.02498
1.02498
1.07768
1.02498
1.51167
1.17492
1.10295
1.21622
1.024
1.02498
1.11164
1.03704
1.02498
1.024
1.024
1.2351
1.10607
1.02536
1.1171
1.07337
1.12149
1.02498
1.024
1.02498
1.02505
1.02498
1.04959
1.04606
1.28284
1.20463
1.02498
1.06236
1.16561
1.02698
1.41193
1.03931
1.23896
1.024
1.07336
1.1071
1.02959
1.41381
1.02498
1.024
1.92807
1.10732
1.0407
1.03731
1.08048
1.04879
1.25608
1.02498
1.0473
1.02498
1.02498
1.03604
1.03533
1.05746
1.03061
1.02498
1.34097
1.02498
1.08033
1.33094
1.19946
1.09594
1.1339
1.04907
1.31111
1.0502
1.10256
1.13378
1.02842
1.08695
1.31589
1.02498
1.03798
1.024
1.03848
1.14785
1.2052
1.03335
1.05224
1.024
1.07635
1.18365
1.03581
1.07331
1.02498
1.02498
1.155
1.02838
1.024
1.02715
1.12514
1.03048
1.0264
1.0623
1.02546
1.02498
1.03979
1.19305
1.03928
1.11483
1.32788
1.02861
1.09805
1.16316
1.12331
1.03128
1.02498
1.04161
1.54588
1.02498
1.07122
1.38291
1.11393
1.15365
1.0271
1.12479
1.02626
1.02498
1.06644
1.02498
1.05196
1.02498
1.02822
1.05857
1.02567
1.02498
1.32922
1.024
1.06542
1.1549
1.21693
1.63464
1.05558
1.24402
1.024
1.02542
1.04204
1.27237
1.36406
1.02498
1.12986
1.11023
1.07658
1.03096
1.024
1.243
1.12542
1.12278
1.024
1.38771
1.06406
1.02498
1.12173
1.02498
1.02498
1.11612
1.02652
1.39954
1.32742
1.024
1.19012
1.02498
1.3157
1.20774
1.08265
1.02498
1.25414
1.20157
1.02498
1.47526
1.0867
1.68858
1.12068
1.22411
1.13714
1.05257
1.11348
1.2163
1.06213
1.024
1.49981
1.06259
1.23085
1.50356
1.3571
1.25057
1.14657
1.04993
1.20032
1.0322
1.02498
1.10262
1.02498
1.08285
1.16264
1.07867
1.03308
1.17562
1.10002
1.15809
1.19001
1.073
1.024
1.02498
1.58427
1.17045
1.08578
1.46557
1.08986
1.02712
1.024
1.08405
1.06796
1.16135
1.05729
1.0547
1.09169
1.09989
1.21019
1.0521
1.23106
1.02498
1.14102
1.03414
1.04036
1.05942
1.38964
1.37651
1.0911
1.02498
1.10985
1.13988
1.25518
1.22391
1.14428
1.61378
1.0796
1.02498
1.024
1.02714
1.02962
1.08251
1.15365
1.02498
1.04635
1.10806
1.02728
1.024
1.05444
1.14706
1.024
1.02498
1.21758
1.06596
1.25343
1.03353
1.024
1.024
1.02498
1.23597
1.26696
1.02498
1.05262
1.06537
1.02791
1.04073
1.19157
1.30706
1.05339
1.05196
1.03057
1.12671
1.3126
1.02558
1.06689
1.15331
1.30323
1.02498
1.05683
1.20398
1.11399
1.04091
1.20387
1.02606
1.024
1.07613
1.06627
1.02498
1.03793
1.36694
1.04172
1.04932
1.02498
1.096
1.49229
1.05093
1.15073
1.03036
1.02498
1.04026
1.024
1.02612
1.07927
1.024
1.117
1.11869
1.15317
1.60402
1.024
1.20707
1.05893
1.03103
1.06882
1.02498
1.0304
1.02498
1.02498
1.02971
1.02634
1.02498
1.02633
1.13177
1.10791
1.08807
1.02498
1.02498
1.02498
1.05316
1.19994
1.36958
1.63534
1.02523
1.10131
1.0369
1.18302
1.12908
1.02498
1.02631
1.04339
1.16347
1.02498
1.02766
1.02498
1.02498
1.35412
1.22557
1.02498
1.02498
1.0251
1.06075
1.03312
1.09396
1.024
1.13632
1.27969
1.02945
1.02498
1.024
1.02703
1.07085
1.02498
1.07239
1.03597
1.025
1.02498
1.024
1.0565
1.02498
1.02498
1.07843
1.17013
1.2142
1.02681
1.07254
1.04407
1.05166
1.024
1.31159
1.56285
1.03561
1.58266
1.05415
1.46843
1.02498
1.04697
1.024
1.0697
1.04325
1.08788
1.11408
1.02498
1.22073
1.24759
1.024
1.10794
1.09077
1.024
1.26379
1.03328
1.11076
1.34389
1.024
1.06157
1.07108
1.09277
1.32636
1.02498
1.024
1.024
1.024
1.02498
1.024
1.37537
1.22092
1.42232
1.162
1.02498
1.02892
1.02498
1.06729
1.05558
1.02631
1.163
1.024
1.02655
1.33311
1.22595
1.3867
1.16707
1.03787
1.10662
1.024
1.05617
1.09742
1.03458
1.02939
1.06191
1.06231
1.02899
1.23288
1.04329
1.04402
1.02498
1.5552
1.10959
1.21812
1.25762
1.03589
1.08875
1.3391
1.02664
1.05099
1.15068
1.04767
1.03964
1.38785
1.34757
1.14474
1.54159
1.06572
1.03698
1.024
1.02612
1.13815
1.79941
1.25736
1.02498
1.04613
1.024
1.28099
1.03707
1.024
1.05466
1.03169
1.13325
1.07536
1.02498
1.02498
1.29404
1.05533
1.024
1.14378
1.0321
1.13163
1.02838
1.22725
1.02498
1.09675
1.10841
1.02498
1.024
1.0493
1.07126
1.07251
1.1162
1.024
1.03459
1.02498
1.02498
1.02498
1.27255
1.09928
1.15531
1.02498
1.03442
1.04574
1.23369
1.03232
1.21697
1.07737
1.024
1.4672
1.05829
1.03395
1.02793
1.21376
1.16605
1.06402
1.08583
1.17026
1.02872
1.20944
1.05389
1.4285
1.02498
1.024
1.22654
1.07681
1.03377
1.03338
1.029
1.19514
1.02498
1.02886
1.21379
1.024
1.024
1.02685
1.12695
1.02498
1.07429
1.07892
1.03427
1.25782
1.02679
1.0401
1.19372
1.45097
1.18139
1.17286
1.02498
1.02886
1.22863
1.20319
1.09958
1.024
1.02498
1.02686
1.64483
1.02498
1.14017
1.36159
1.06571
1.06219
1.03118
1.18142
1.024
1.024
1.1327
1.09405
1.03146
1.34062
1.03344
1.02498
1.02498
1.106
1.05224
1.02498
1.05443
1.23165
1.06457
1.58945
1.25338
1.07802
1.03149
1.2804
1.11186
1.03884
1.09191
1.06236
1.07952
1.16451
1.03948
1.024
1.02498
1.02925
1.02498
1.03901
1.07978
1.02667
1.07459
1.23321
1.04354
1.0679
1.02498
1.024
1.024
1.02952
1.024
1.02498
1.02616
1.03032
1.3867
1.18641
1.21
1.024
1.02799
1.06588
1.36501
1.05326
1.29488
1.024
1.15074
1.37645
1.02498
1.024
1.14115
1.04967
1.02498
1.02694
1.13238
1.33916
1.24837
1.05604
1.16619
1.024
1.02498
1.02778
1.07678
1.22478
1.31407
1.05776
1.10157
1.024
1.27441
1.02861
1.03056
1.20322
1.05598
1.02498
1.06778
1.0301
1.16011
1.024
1.21637
1.0343
1.1126
1.0356
1.024
1.08133
1.57478
1.02502
1.09231
1.038
1.19152
1.35653
1.10828
1.1954
1.04124
1.02498
1.02498
1.23238
1.02498
1.12439
1.28339
1.21574
1.02959
1.22794
1.029
1.17383
1.09338
1.03396
1.02498
1.03092
1.19901
1.02498
1.19999
1.05621
1.35928
1.06335
1.04462
1.0754
1.25403
1.19018
1.10122
1.024
1.02498
1.02498
1.0278
1.02498
1.02498
1.0273
1.02767
1.04379
1.024
1.02498
1.11137
1.03996
1.044
1.04484
1.07909
1.03259
1.09432
1.48831
1.20802
1.16136
1.02498
1.024
1.0372
1.02498
1.1796
1.26791
1.024
1.03342
1.0962
1.04561
1.024
1.024
1.62727
1.0843
1.02712
1.024
1.024
1.02636
1.1529
1.11973
1.31943
1.05857
1.104
1.02838
1.26613
1.02498
1.10036
1.35797
1.34529
1.13534
1.08475
1.02498
1.02498
1.0476
1.02498
1.02498
1.02498
1.02498
1.024
1.20842
1.02498
1.024
1.10375
1.024
1.03919
1.24654
1.17738
1.024
1.17554
1.09428
1.50581
1.02498
1.03433
1.024
1.02904
1.024
1.024
1.32586
1.5573
1.2588
1.18058
1.024
1.04333
1.0375
1.02498
1.024
1.02498
1.03804
1.22616
1.08396
1.42876
1.03783
1.17878
1.09089
1.07933
1.024
1.22203
1.02498
1.05703
1.6424
1.03466
1.25064
1.02661
1.024
1.07089
1.15877
1.60372
1.02498
1.024
1.02498
1.36538
1.1907
1.34786
1.02498
1.08973
1.024
1.1762
1.02796
1.02926
1.024
1.05727
1.03596
1.024
1.10912
1.024
1.3335
1.024
1.0427
1.05523
1.08896
1.024
1.1584
1.03334
1.03676
1.0913
1.04011
1.05511
1.02498
1.02955
1.21232
1.13449
1.13115
1.13172
1.024
1.02498
1.13263
1.02498
1.02498
1.23439
1.24126
1.24754
1.04208
1.07425
1.75724
1.32664
1.02857
1.02832
1.04403
1.16126
1.1731
1.02498
1.02498
1.02498
1.02498
1.024
1.02719
1.024
1.024
1.35324
1.024
1.024
1.08809
1.0301
1.02498
1.15666
1.02498
1.08506
1.024
1.024
1.04318
1.024
1.04616
1.02651
1.03506
1.024
1.024
1.11249
1.72935
1.05718
1.37746
1.14793
1.4782
1.02973
1.443
1.16217
1.18048
1.05311
1.024
1.05133
1.27616
1.024
1.2385
0.824088
0.91581
0.8192
0.871084
0.843342
1.18745
0.844588
1.19863
0.913375
1.24766
0.928712
1.16567
0.835659
0.995394
0.875233
0.838031
1.1768
0.820265
1.01533
0.819689
0.827718
0.895533
0.864752
1.3452
0.882463
0.912723
1.41778
0.870805
1.17791
0.820893
1.08919
1.03631
0.911482
0.956438
0.882946
0.898338
1.11371
1.63205
1.00915
0.885983
0.827083
1.21262
0.837333
0.912896
0.849365
0.820519
0.826349
0.885906
0.853327
1.29303
1.22431
0.92136
0.878751
0.94923
1.17674
1.0577
0.994169
0.986387
0.930336
0.981055
1.05413
0.864257
1.40938
1.00363
1.29366
1.1897
0.821087
0.978271
0.819689
0.832752
0.828493
0.819689
0.823728
0.844319
0.863098
0.964578
0.897432
1.10141
1.13411
0.868125
1.05074
0.883157
1.17682
0.822221
0.850437
0.985084
0.819693
1.23755
0.86063
0.886309
1.032
0.97504
1.04615
0.841381
0.836608
0.963447
0.819689
0.909486
1.03545
1.01405
1.16908
1.25654
0.839969
0.836141
0.819689
0.831456
0.924076
1.23808
1.26777
1.11801
0.96219
0.910992
1.11643
1.32427
1.07107
1.18655
1.02483
0.911976
1.32311
0.863208
0.824499
0.827765
0.877592
1.16932
1.18907
0.909207
1.15605
0.823295
0.988545
0.835363
0.873047
0.937395
1.48625
0.899654
0.887574
0.834886
0.878165
0.826331
0.875877
1.13287
0.988421
0.898368
1.07731
0.913676
1.82575
0.820658
0.822681
0.907855
0.926947
0.819689
1.10951
1.13575
0.89082
1.17443
1.03579
0.927855
0.838937
0.952349
0.824698
0.843074
0.819689
1.20221
1.23561
1.33918
1.06136
0.898987
0.88491
0.925024
0.824878
0.821759
0.884374
0.977113
0.824655
0.874138
0.865025
1.26124
0.961381
0.946164
0.838754
0.887035
1.25987
1.00034
0.912339
1.14006
1.14674
0.825146
0.821708
0.822317
0.989719
1.47032
0.894608
0.819689
0.972502
0.856113
0.821102
0.950635
0.819689
0.905195
1.02725
0.892876
0.879339
0.819689
0.86154
0.828326
0.989307
1.16415
0.854094
0.850514
0.948034
0.91686
0.91774
0.940547
0.913974
0.952503
0.934459
0.8757
0.889736
1.12344
0.881851
0.831182
0.951292
0.960434
1.14763
0.820721
0.977675
0.880947
0.828486
0.826018
0.894526
0.88776
0.841214
0.852141
0.843882
0.856782
0.857394
0.864998
1.21729
0.820179
1.07138
0.928709
0.8241
1.03233
0.958892
0.917376
0.886554
0.892562
0.827912
0.829255
0.819689
0.820115
0.82174
1.28461
0.936453
0.819689
0.830591
0.84677
1.07256
1.03536
0.879798
1.22217
0.822405
0.9411
0.837906
0.840132
0.85223
0.911282
0.842772
0.845058
0.819689
0.997447
0.897432
0.847036
0.833744
1.05925
0.834011
1.31726
1.24948
0.94394
1.12535
0.931344
0.843964
0.927436
0.929485
0.948767
1.46949
1.32791
1.04027
1.36382
0.832195
1.03994
0.9761
0.991784
0.914588
1.02553
0.890879
0.912165
0.872471
0.902711
0.901311
0.882443
0.84888
0.829183
0.97136
0.8192
1.37905
0.874608
0.8192
1.02309
1.27105
1.03931
1.06484
1.29712
0.848604
0.964405
0.909428
0.845662
0.823859
0.844014
1.62248
1.04374
0.91398
1.1526
0.819689
1.01938
1.03076
0.820812
0.960142
0.874578
1.3555
0.952678
0.932042
0.8192
1.11068
1.0837
1.02624
1.12717
1.06053
1.33943
0.880269
0.86406
0.819689
0.822915
0.8192
0.872447
0.941901
1.11477
0.87303
0.884704
1.0879
1.22904
0.945454
0.993642
1.03087
1.28406
0.858689
1.03537
0.826483
0.852858
1.07959
0.970611
0.822506
1.08119
1.17886
1.15692
0.819689
0.898974
0.880723
1.1296
1.07575
0.923743
0.819689
0.826457
0.8192
1.26368
0.823647
0.826764
1.01125
0.906294
0.846121
0.826697
0.990028
0.983523
0.823813
0.944739
1.04284
0.86633
0.971315
0.977041
0.822868
0.819689
1.01333
1.09599
0.837892
1.11228
1.34352
0.983859
0.997564
0.903458
1.16996
0.923761
1.13849
0.904024
1.30379
0.865697
0.855269
0.998052
0.943409
0.849436
1.0987
0.892328
0.908934
1.08912
1.11434
0.841906
0.926016
1.04846
0.876555
1.18951
1.01042
1.25542
1.61123
0.990816
1.06221
0.900277
0.933225
0.819689
0.819689
1.17519
1.01719
1.08286
1.17938
0.927455
0.8192
0.823289
0.977711
0.956027
0.896336
1.1357
0.899752
1.17525
0.819689
0.880075
1.04676
1.02671
0.819689
1.02827
1.04418
0.898581
1.24436
0.85701
0.931526
0.895984
0.918024
1.46945
0.823113
1.26704
0.823438
0.841369
1.23696
1.1563
0.84217
0.975931
0.893402
0.819689
0.913166
0.895897
0.826389
0.971975
0.960133
1.33151
1.16758
1.08294
0.93969
0.985082
0.821048
0.85012
0.823701
1.07316
0.891286
0.980879
0.892737
1.04067
0.854987
0.991982
1.04019
1.2182
1.02677
0.894811
1.18299
1.60315
0.849373
0.921502
1.0552
0.901738
0.824508
1.06913
1.13985
1.31127
1.07448
0.851908
0.95127
1.06865
1.2453
0.856992
0.874567
0.883103
1.37591
1.38858
0.949408
0.819754
0.985014
0.857475
1.11843
1.4975
1.03631
0.854734
0.878084
0.879319
0.985102
0.825651
0.819689
1.12058
0.833428
0.831651
1.0322
1.0954
1.14616
0.919257
1.01792
0.902214
0.895414
0.88546
1.29723
1.00279
0.876875
1.04974
1.03732
1.17467
1.12776
1.27204
0.819689
1.02351
0.822348
1.09951
0.938779
1.13512
1.11941
1.04077
0.838021
1.04802
0.819689
1.32932
0.819689
0.963851
1.11703
1.28393
0.891271
1.23265
0.819689
0.994522
0.966803
0.873352
1.32694
0.819947
0.889115
0.823714
0.924767
0.887288
1.1365
0.988202
0.841721
0.947153
1.14693
1.13075
0.827164
0.826554
1.1476
0.826594
0.838838
1.33285
0.937476
0.847364
0.915219
0.859308
1.03681
0.864747
0.933835
1.08496
0.94574
1.07428
0.819689
1.05151
0.997186
0.908215
0.830994
0.830948
0.865609
0.875825
1.09393
0.886931
0.842541
1.02195
1.14243
0.824071
0.92186
1.12156
1.02115
0.997763
0.964898
0.893639
1.0346
1.18643
1.53856
0.85337
1.09698
0.820446
0.819689
0.828509
1.10339
1.2054
1.39249
0.839719
1.41132
0.982439
0.8392
0.819689
0.936335
0.861386
0.912857
1.10842
0.82844
0.915488
1.03654
0.835847
0.819689
0.977779
1.05594
0.844592
0.992231
0.880453
0.831713
0.894641
1.29186
0.924892
1.07182
0.840867
1.18923
0.8192
0.918259
0.917729
1.08097
0.920603
1.03388
1.46127
1.1317
1.25338
1.32718
1.20539
0.886327
1.01532
0.881103
0.842589
1.05161
0.881104
1.04048
1.16754
0.92373
1.2052
1.41392
0.95684
1.36649
0.923536
1.19376
0.830637
0.875503
0.820948
1.55755
0.907459
0.819704
0.854447
1.01853
0.899918
0.823143
1.04259
0.983677
1.05947
0.912439
1.10302
1.04056
1.03785
0.819689
0.947033
1.01214
0.8192
0.997323
0.830626
1.00156
1.09322
0.966072
1.04071
0.844292
1.0591
0.87531
1.303
0.869447
0.926283
0.820814
0.822926
0.821769
1.45057
0.821088
0.820584
1.00081
1.29366
1.13726
0.819689
1.06146
1.08589
0.941618
0.830169
0.862998
1.1297
0.972487
0.962184
1.11717
1.47276
1.19622
1.1939
0.961133
0.981125
0.849921
0.921265
1.11927
0.835148
0.830521
1.23513
0.866889
0.939619
0.819689
0.840207
0.91751
0.82045
1.15129
0.830535
0.915967
1.19907
1.33434
0.947598
0.831533
1.37079
1.32002
1.00952
1.06378
0.980408
0.8192
1.17998
0.972007
1.27762
0.827616
1.30189
1.33575
0.819689
1.01705
0.834689
0.819689
1.09402
0.976519
1.12439
1.32874
0.825663
0.887278
0.822195
0.840579
1.19094
1.0198
0.936451
0.985294
0.888315
0.829858
0.874731
0.97079
0.9322
1.23197
0.819689
0.876925
0.909205
0.975054
0.819689
0.860664
1.55847
0.819689
1.01361
0.935244
0.822147
1.12086
0.819689
0.909806
0.902782
0.846705
0.924001
0.819855
1.07534
0.925939
1.01271
1.00976
1.19107
0.953955
0.825779
1.16828
0.868456
0.842534
0.819689
1.17027
0.874757
0.841147
1.00293
0.879614
0.900717
0.822466
0.946008
1.03241
1.15932
0.899192
1.34952
1.05277
0.984267
1.08356
0.913123
0.819689
0.821915
0.819689
0.922777
0.850581
1.02033
0.972079
1.16606
0.961597
0.819689
0.821255
1.13646
1.31574
1.12051
0.877242
0.840045
1.27829
1.08287
0.943661
0.856652
0.819689
0.930002
0.8192
1.2898
0.874767
1.13895
0.886505
1.09394
0.842337
1.38744
0.851915
1.56792
0.829873
0.843249
1.05318
0.906549
1.07123
0.821536
0.920313
0.828731
1.10708
0.922727
0.850199
0.819689
0.837477
1.02957
0.907216
0.877133
1.02124
1.17419
1.1495
0.919938
1.14704
0.93897
1.55473
1.02249
0.819858
0.819689
0.82283
1.06248
0.819689
0.847356
1.12837
0.837666
1.23014
0.83423
1.03894
1.07839
1.3451
1.26722
1.45025
0.987434
1.0872
0.821369
0.861088
0.888439
1.47804
0.866985
0.985973
1.47406
0.973993
0.868824
1.06108
0.832808
0.942895
0.943448
0.99073
1.06153
1.09827
1.06755
0.925694
0.870516
0.945266
1.11799
0.969068
0.861709
0.847267
0.828384
0.847701
0.876636
0.950631
0.953676
0.819689
1.1047
1.06221
1.07031
0.958626
1.13089
1.27126
0.839059
1.01047
0.819689
0.819689
0.871446
1.17119
0.853959
0.819689
1.18609
1.06303
1.03096
1.19788
0.849317
1.28989
0.842419
0.842542
0.906545
0.984371
0.942212
1.05692
0.836334
1.10537
0.819689
1.07642
1.09898
0.819689
1.09977
0.988929
0.865676
0.832008
1.61698
0.842781
0.902097
0.910311
1.34202
0.873698
0.957882
1.27007
1.02112
0.9112
1.10437
0.840198
1.0344
0.905216
1.44724
0.823688
0.890551
0.910708
0.879201
0.86822
0.881845
0.887714
1.02361
1.16554
1.21068
0.903144
1.14075
0.984878
0.830883
1.0094
0.904315
0.946906
0.893276
0
0
0
0
0
0
0
0
0
0
0
0
0
0
0
0
0
0
0
0
0
0
0
0
0
0
0
0
0
0
0
0
0
0
0
0
0
0
0
0
0
0
0
0
0
0
0
0
0
0
0
0
0
0
0
0
0
0
0
0
0
0
0
0
0
0
0
0
0
0
0
0
0
0
0
0
0
0
0
0
0
0
0
0
0
0
0
0
0
0
0
0
0
0
0
0
0
0
0
0
0
0
0
0
0
0
0
0
0
0
0
0
0
0
0
0
0
0
0
0
0
0
0
0
0
0
0
0
0
0
0
0
0
0
0
0
0
0
0
0
0
0
0
0
0
0
0
0
0
0
0
0
0
0
0
0
0
0
0
0
0
0
0
0
0
0
0
0
0
0
0
0
0
0
0
0
0
0
0
0
0
0
0
0
0
0
0
0
0
0
0
0
0
0
0
0
0
0
0
0
0
0
0
0
0
0
0
0
0
0
0
0
0
0
0
0
0
0
0
0
0
0
0
0
0
0
0
0
0
0
0
0
0
0
0
0
0
0
0
0
0
0
0
0
0
0
0
0
0
0
0
0
0
0
0
0
0
0
0
0
0
0
0
0
0
0
0
0
0
0
0
0
0
0
0
0
0
0
0
0
0
0
0
0
0
0
0
0
0
0
0
0
0
0
0
0
0
0
0
0
0
0
0
0
0
0
0
0
0
0
0
0
0
0
0
0
0
0
0
0
0
0
0
0
0
0
0
0
0
0
0
0
0
0
0
0
0
0
0
0
0
0
0
0
0
0
0
0
0
0
0
0
0
0
0
0
0
0
0
0
0
0
0
0
0
0
0
0
0
0
0
0
0
0
0
0
0
0
0
0
0
0
0
0
0
0
0
0
0
0
0
0
0
0
0
0
0
0
0
0
0
0
0
0
0
0
0
0
0
0
0
0
0
0
0
0
0
0
0
0
0
0
0
0
0
0
0
0
0
0
0
0
0
0
0
0
0
0
0
0
0
0
0
0
0
0
0
0
0
0
0
0
0
0
0
0
0
0
0
0
0
0
0
0
0
0
0
0
0
0
0
0
0
0
0
0
0
0
0
0
0
0
0
0
0
0
0
0
0
0
0
0
0
0
0
0
0
0
0
0
0
0
0
0
0
0
0
0
0
0
0
0
0
0
0
0
0
0
0
0
0
0
0
0
0
0
0
0
0
0
0
0
0
0
0
0
0
0
0
0
0
0
0
0
0
0
0
0
0
0
0
0
0
0
0
0
0
0
0
0
0
0
0
0
0
0
0
0
0
0
0
0
0
0
0
0
0
0
0
0
0
0
0
0
0
0
0
0
0
0
0
0
0
0
0
0
0
0
0
0
0
0
0
0
0
0
0
0
0
0
0
0
0
0
0
0
0
0
0
0
0
0
0
0
0
0
0
0
0
0
0
0
0
0
0
0
0
0
0
0
0
0
0
0
0
0
0
0
0
0
0
0
0
0
0
0
0
0
0
0
0
0
0
0
0
0
0
0
0
0
0
0
0
0
0
0
0
0
0
0
0
0
0
0
0
0
0
0
0
0
0
0
0
0
0
0
0
0
0
0
0
0
0
0
0
0
0
0
0
0
0
0
0
0
0
0
0
0
0
0
0
0
0
0
0
0
0
0
0
0
0
0
0
0
0
0
0
0
0
0
0
0
0
0
0
0
0
0
0
0
0
0
0
0
0
0
0
0
0
0
0
0
0
0
0
0
0
0
0
0
0
0
0
0
0
0
0
0
0
0
0
0
0
0
0
0
0
0
0
0
0
0
0
0
0
0
0
0
0
0
0
0
0
0
0
0
0
0
0
0
0
0
0
0
0
0
0
0
0
0
0
0
0
0
0
0
0
0
0
0
0
0
0
0
0
0
0
0
0
0
0
0
0
0
0
0
0
0
0
0
0
0
0
0
0
0
0
0
0
0
0
0
0
0
0
0
0
0
0
0
0
0
0
0
0
0
0
0
0
0
0
0
0
0
0
0
0
0
0
0
0
0
0
0
0
0
0
0
0
0
0
0
0
0
0
0
0
0
0
0
0
0
0
0
0
0
0
0
0
0
0
0
0
0
0
0
0
0
0
0
0
0
0
0
0
0
0
0
0
0
0
0
0
0
0
0
0
0
0
0
0
0
0
0
0
0
0
0
0
0
0
0
0
0
0
0
0
0
0
0
0
0
0
0
0
0
0
0
0
0
0
0
0
0
0
0
0
0
0
0
0
0
0
0
0
0
0
0
0
0
0
0
0
0
0
0
0
0
0
0
0
0
0
0
0
0
0
0
0
0
0
0
0
0
0
0
0
0
0
0
0
0
0
0
0
0
0
0
0
0
0
0
0
0
0
0
0
0
0
0
0
0
0
0
0
0
0
0
0
0
0
0
0
0
0
0
0
0
0
0
0
0
0
0
0
0
0
0
0
0
0
0
0
0
0
0
0
0
0
0
0
0
0
0
0
0
0
0
0
0
0
0
0
0
0
0
0
0
0
0
0
0
0
0
0
0
0
0
0
0
0
0
0
0
0
0
0
0
0
0
0
0
0
0
0
0
0
0
0
0
0
0
0
0
0
0
0
0
0
0
0
0
0
0
0
0
0
0
0
0
0
0
0
0
0
0
0
0
0
0
0
0
0
0
0
0
0
0
0
0
0
0
0
0
0
0
0
0
0
0
0
0
0
0
0
0
0
0
0
0
0
0
0
0
0
0
0
0
0
0
0
0
0
0
0
0
0
0
0
0
0
0
0
0
0
0
0
0
0
0
0
0
0
0
0
0
0
0
0
0
0
0
0
0
0
0
0
0
0
0
0
0
0
0
0
0
0
0
0
0
0
0
0
0
0
0
0
0
0
0
0
0
0
0
0
0
0
0
0
0
0
0
0
0
0
0
0
0
0
0
0
0
0
0
0
0
0
0
0
0
0
0
0
0
0
0
0
0
0
0
0
0
0
0
0
0
0
0
0
0
0
0
0
0
0
0
0
0
0
0
0
0
0
0
0
0
0
0
0
0
0
0
0
0
0
0
0
0
0
0
0
0
0
0
0
0
0
0
0
0
0
0
0
0
0
0
0
0
0
0
0
0
0
0
0
0
0
0
0
0
0
0
0
0
0
0
0
0
0
0
0
0
0
0
0
0
0
0
0
0
0
0
0
0
0
0
0
0
0
0
0
0
0
0
0
0
0
0
0
0
0
0
0
0
0
0
0
0
0
0
0
0
0
0
0
0
0
0
0
0
0
0
0
0
0
0
0
0
0
0
0
0
0
0
0
0
0
0
0
0
0
0
0
0
0
0
0
0
0
0
0
0
0
0
0
0
0
0
0
0
0
0
0
0
0
0
0
0
0
0
0
0
0
0
0
0
0
0
0
0
0
0
0
0
0
0
0
0
0
0
0
0
0
0
0
0
0
0
0
0
0
0
0
0
0
0
0
0
0
0
0
0
0
0
0
0
0
0
0
0
0
0
0
0
0
0
0
0
0
0
0
0
0
0
0
0
0
0
0
0
0
0
0
0
0
0
0
0
0
0
0
0
0
0
0
0
0
0
0
0
0
0
0
0
0
0
0
0
0
0
0
0
0
0
0
0
0
0
0
0
0
0
0
0
0
0
0
0
0
0
0
0
0
0
0
0
0
0
0
0
0
0
0
0
0
0
0
0
0
0
0
0
0
0
0
0
0
0
0
0
0
0
0
0
0
0
0
0
0
0
0
0
0
0
0
0
0
0
0
0
0
0
0
0
0
0
0
0
0
0
0
0
0
0
0
0
0
0
0
0
0
0
0
0
0
0
0
0
0
0
0
0
0
0
0
0
0
0
0
0
0
0
0
0
0
0
0
0
0
0
0
0
0
0
0
0
0
0
0
0
0
0
0
0
0
0
0
0
0
0
0
0
0
0
0
0
0
0
0
0
0
0
0
0
0
0
0
0
0
0
0
0
0
0
0
0
0
0
0
0
0
0
0
0
0
0
0
0
0
0
0
0
0
0
0
0
0
0
0
0
0
0
0
0
0
0
0
0
0
0
0
0
0
0
0
0
0
0
0
0
0
0
0
0
0
0
0
0
0
0
0
0
0
0
0
0
0
0
0
0
0
0
0
0
0
0
0
0
0
0
0
0
0
0
0
0
0
0
0
0
0
0
0
0
0
0
0
0
0
0
0
0
0
0
0
0
0
0
0
0
0
0
0
0
0
0
0
0
0
0
0
0
0
0
0
0
0
0
0
0
0
0
0
0
0
0
0
0
0
0
0
0
0
0
0
0
0
0
0
0
0
0
0
0
0
0
0
0
0
0
0
0
0
0
0
0
0
0
0
0
0
0
0
0
0
0
0
0
0
0
0
0
0
0
0
0
0
0
0
0
0
0
0
0
0
0
0
0
0
0
0
0
0
0
0
0
0
0
0
0
0
0
0
0
0
0
0
0
0
0
0
0
0
0
0
0
0
0
0
0
0
0
0
0
0
0
0
0
0
0
0
0
0
0
0
0
0
0
0
0
