0
0
0
0
0
0
0
0
0
0
0
0
0
0
0
0
0
0
0
0
0
0
0
0
0
0
0
0
0
0
0
0
0
0
0
0
0
0
0
0
0
0
0
0
0
0
0
0
0
0
0
0
0
0
0
0
0
0
0
0
0
0
0
0
0
0
0
0
0
0
0
0
0
0
0
0
0
0
0
0
0
0
0
0
0
0
0
0
0
0
0
0
0
0
0
0
0
0
0
0
0
0
0
0
0
0
0
0
0
0
0
0
0
0
0
0
0
0
0
0
0
0
0
0
0
0
0
0
0
0
0
0
0
0
0
0
0
0
0
0
0
0
0
0
0
0
0
0
0
0
0
0
0
0
0
0
0
0
0
0
0
0
0
0
0
0
0
0
0
0
0
0
0
0
0
0
0
0
0
0
0
0
0
0
0
0
0
0
0
0
0
0
0
0
0
0
0
0
0
0
0
0
0
0
0
0
0
0
0
0
0
0
0
0
0
0
0
0
0
0
0
0
0
0
0
0
0
0
0
0
0
0
0
0
0
0
0
0
0
0
0
0
0
0
0
0
0
0
0
0
0
0
0
0
0
0
0
0
0
0
0
0
0
0
0
0
0
0
0
0
0
0
0
0
0
0
0
0
0
0
0
0
0
0
0
0
0
0
0
0
0
0
0
0
0
0
0
0
0
0
0
0
0
0
0
0
0
0
0
0
0
0
0
0
0
0
0
0
0
0
0
0
0
0
0
0
0
0
0
0
0
0
0
0
0
0
0
0
0
0
0
0
0
0
0
0
0
0
0
0
0
0
0
0
0
0
0
0
0
0
0
0
0
0
0
0
0
0
0
0
0
0
0
0
0
0
0
0
0
0
0
0
0
0
0
0
0
0
0
0
0
0
0
0
0
0
0
0
0
0
0
0
0
0
0
0
0
0
0
0
0
0
0
0
0
0
0
0
0
0
0
0
0
0
0
0
0
0
0
0
0
0
0
0
0
0
0
0
0
0
0
0
0
0
0
0
0
0
0
0
0
0
0
0
0
0
0
0
0
0
0
0
0
0
0
0
0
0
0
0
0
0
0
0
0
0
0
0
0
0
0
0
0
0
0
0
0
0
0
0
0
0
0
0
0
0
0
0
0
0
0
0
0
0
0
0
0
0
0
0
0
0
0
0
0
0
0
0
0
0
0
0
0
0
0
0
0
0
0
0
0
0
0
0
0
0
0
0
0
0
0
0
0
0
0
0
0
0
0
0
0
0
0
0
0
0
0
0
0
0
0
0
0
0
0
0
0
0
0
0
0
0
0
0
0
0
0
0
0
0
0
0
0
0
0
0
0
0
0
0
0
0
0
0
0
0
0
0
0
0
0
0
0
0
0
0
0
0
0
0
0
0
0
0
0
0
0
0
0
0
0
0
0
0
0
0
0
0
0
0
0
0
0
0
0
0
0
0
0
0
0
0
0
0
0
0
0
0
0
0
0
0
0
0
0
0
0
0
0
0
0
0
0
0
0
0
0
0
0
0
0
0
0
0
0
0
0
0
0
0
0
0
0
0
0
0
0
0
0
0
0
0
0
0
0
0
0
0
0
0
0
0
0
0
0
0
0
0
0
0
0
0
0
0
0
0
0
0
0
0
0
0
0
0
0
0
0
0
0
0
0
0
0
0
0
0
0
0
0
0
0
0
0
0
0
0
0
0
0
0
0
0
0
0
0
0
0
0
0
0
0
0
0
0
0
0
0
0
0
0
0
0
0
0
0
0
0
0
0
0
0
0
0
0
0
0
0
0
0
0
0
0
0
0
0
0
0
0
0
0
0
0
0
0
0
0
0
0
0
0
0
0
0
0
0
0
0
0
0
0
0
0
0
0
0
0
0
0
0
0
0
0
0
0
0
0
0
0
0
0
0
0
0
0
0
0
0
0
0
0
0
0
0
0
0
0
0
0
0
0
0
0
0
0
0
0
0
0
0
0
0
0
0
0
0
0
0
0
0
0
0
0
0
0
0
0
0
0
0
0
0
0
0
0
0
0
0
0
0
0
0
0
0
0
0
0
0
0
0
0
0
0
0
0
0
0
0
0
0
0
0
0
0
0
0
0
0
0
0
0
0
0
0
0
0
0
0
0
0
0
0
0
0
0
0
0
0
0
0
0
0
0
0
0
0
0
0
0
0
0
0
0
0
0
0
0
0
0
0
0
0
0
0
0
0
0
0
0
0
0
0
0
0
0
0
0
0
0
0
0
0
0
0
0
0
0
0
0
0
0
0
0
0
0
0
0
0
0
0
0
0
0
0
0
0
0
0
0
0
0
0
0
0
0
0
0
0
0
0
0
0
0
0
0
0
0
0
0
0
0
0
0
0
0
0
0
0
0
0
0
0
0
0
0
0
0
0
0
0
0
0
0
0
0
0
0
0
0
0
0
0
0
0
0
0
0
0
0
0
0
0
0
0
0
0
0
0
0
0
0
0
0
0
0
0
0
0
0
0
0
0
0
0
0
0
0
0
0
0
0
0
0
0
0
0
0
0
0
0
0
0
0
0
0
0
0
0
0
0
0
0
0
0
0
0
0
0
0
0
0
0
0
0
0
0
0
0
0
0
0
0
0
0
0
0
0
0
0
0
0
0
0
0
0
0
0
0
0
0
0
0
0
0
0
0
0
0
0
0
0
0
0
0
0
0
0
0
0
0
0
0
0
0
0
0
0
0
0
0
0
0
0
0
0
0
0
0
0
0
0
0
0
0
0
0
0
0
0
0
0
0
0
0
0
0
0
0
0
0
0
0
0
0
0
0
0
0
0
0
0
0
0
0
0
0
0
0
0
0
0
0
0
0
0
0
0
0
0
0
0
0
0
0
0
0
0
0
0
0
0
0
0
0
0
0
0
0
0
0
0
0
0
0
0
0
0
0
0
0
0
0
0
0
0
0
0
0
0
0
0
0
0
0
0
0
0
0
0
0
0
0
0
0
0
0
0
0
0
0
0
0
0
0
0
0
0
0
0
0
0
0
0
0
0
0
0
0
0
0
0
0
0
0
0
0
0
0
0
0
0
0
0
0
0
0
0
0
0
0
0
0
0
0
0
0
0
0
0
0
0
0
0
0
0
0
0
0
0
0
0
0
0
0
0
0
0
0
0
0
0
0
0
0
0
0
0
0
0
0
0
0
0
0
0
0
0
0
0
0
0
0
0
0
0
0
0
0
0
0
0
0
0
0
0
0
0
0
0
0
0
0
0
0
0
0
0
0
0
0
0
0
0
0
0
0
0
0
0
0
0
0
0
0
0
0
0
0
0
0
0
0
0
0
0
0
0
0
0
0
0
0
0
0
0
0
0
0
0
0
0
0
0
0
0
0
0
0
0
0
0
0
0
0
0
0
0
0
0
0
0
0
0
0
0
0
0
0
0
0
0
0
0
0
0
0
0
0
0
0
0
0
0
0
0
0
0
0
0
0
0
0
0
0
0
0
0
0
0
0
0
0
0
0
0
0
0
0
0
0
0
0
0
0
0
0
0
0
0
0
0
0
0
0
0
0
0
0
0
0
0
0
0
0
0
0
0
0
0
0
0
0
0
0
0
0
0
0
0
0
0
0
0
0
0
0
0
0
0
0
0
0
0
0
0
0
0
0
0
0
0
0
0
0
0
0
0
0
0
0
0
0
0
0
0
0
0
0
0
0
0
0
0
0
0
0
0
0
0
0
0
0
0
0
0
0
0
0
0
0
0
0
0
0
0
0
0
0
0
0
0
0
0
0
0
0
0
0
0
0
0
0
0
0
0
0
0
0
0
0
0
0
0
0
0
0
0
0
0
0
0
0
0
0
0
0
0
0
0
0
0
0
0
0
0
0
0
0
0
0
0
0
0
0
0
0
0
0
0
0
0
0
0
0
0
0
0
0
0
0
0
0
0
0
0
0
0
0
0
0
0
0
0
0
0
0
0
0
0
0
0
0
0
0
0
0
0
0
0
0
0
0
0
0
0
0
0
0
0
0
0
0
0
0
0
0
0
0
0
0
0
0
0
0
0
0
0
0
0
0
0
0
0
0
0
0
0
0
0
0
0
0
0
0
0
0
0
0
0
0
0
0
0
0
0
0
0
0
0
0
0
0
0
0
0
0
0
0
0
0
0
0
0
0
0
0
0
0
0
0
0
0
0
0
0
0
0
0
0
0
0
0
0
0
0
0
0
0
0
0
0
0
0
0
0
0
0
0
0
0
0
0
0
0
0
0
0
0
0
0
0
0
0
0
0
0
0
0
0
0
0
0
0
0
0
0
0
0
0
0
0
0
0
0
0
0
0
0
0
0
0
0
0
0
0
0
0
0
0
0
0
0
0
0
0
0
0
0
0
0
0
0
0
0
0
0
0
0
0
0
0
0
0
0
0
0
0
0
0
0
0
0
0
0
0
0
0
0
0
0
0
0
0
0
0
0
0
0
0
0
0
0
0
0
0
0
0
0
0
0
0
0
0
0
0
0
0
0
0
0
0
0
0
0
0
0
0
0
0
0
0
1.02877
1.2804
1.12045
1.06895
1.02498
1.22312
1.03519
1.63166
1.13111
1.03286
1.09902
1.03104
1.03095
1.09706
1.11513
1.08617
1.04963
1.21391
1.12621
1.03027
1.024
1.30463
1.51751
1.0457
1.12259
1.16718
1.02498
1.09462
1.07606
1.12038
1.02926
1.10237
1.10651
1.024
1.49873
1.29528
1.21156
1.04165
1.02498
1.0593
1.09894
1.024
1.05789
1.22378
1.15136
1.15871
1.15601
1.02498
1.024
1.28893
1.02498
1.03537
1.19801
1.02623
1.02498
1.40274
1.03476
1.02498
1.08909
1.05963
1.1401
1.43889
1.08939
1.04996
1.10301
1.05514
1.56954
1.23914
1.02498
1.05451
1.02498
1.02918
1.06784
1.24628
1.15236
1.12683
1.024
1.05464
1.08354
1.14614
1.02966
1.03971
1.09828
1.02498
1.21984
1.03856
1.0307
1.04988
1.32676
1.11949
1.02498
1.10806
1.07203
1.04132
1.05679
1.51245
1.15648
1.02519
1.02681
1.34479
1.0286
1.0265
1.024
1.2058
1.0259
1.02498
1.024
1.024
1.02498
1.14899
1.13061
1.03434
1.15723
1.1791
1.05327
1.13485
1.18948
1.03186
1.03575
1.28847
1.20323
1.13425
1.11922
1.02695
1.02866
1.15686
1.35548
1.0604
1.56086
1.03107
1.05407
1.10409
1.03071
1.03354
1.02498
1.03095
1.02498
1.05007
1.41274
1.02498
1.09276
1.024
1.10479
1.08412
1.04571
1.02498
1.24267
1.03563
1.2328
1.02498
1.15647
1.34551
1.25356
1.03733
1.10278
1.0269
1.03914
1.15479
1.02699
1.31866
1.17714
1.11002
1.16079
1.02498
1.1746
1.03603
1.024
1.02498
1.21478
1.0374
1.02751
1.2058
1.17146
1.40071
1.37467
1.10558
1.19126
1.13536
1.02498
1.03662
1.07299
1.44901
1.33015
1.09696
1.02878
1.40865
1.14924
1.04737
1.09858
1.0269
1.23985
1.05808
1.02498
1.19676
1.47993
1.32682
1.02658
1.04329
1.08289
1.27659
1.02498
1.10972
1.51451
1.30838
1.02625
1.1661
1.1346
1.03449
1.02498
1.024
1.0267
1.0593
1.02498
1.024
1.0873
1.0289
1.02498
1.06377
1.04808
1.03114
1.02498
1.30593
1.024
1.03656
1.04381
1.03772
1.07572
1.05483
1.02499
1.5533
1.024
1.02649
1.60287
1.03746
1.27315
1.176
1.06497
1.02579
1.02511
1.02789
1.02778
1.02498
1.07002
1.20906
1.10842
1.14359
1.02744
1.08456
1.03681
1.02832
1.19981
1.02498
1.4059
1.4385
1.03192
1.024
1.07114
1.12126
1.024
1.02498
1.02662
1.03099
1.08579
1.55392
1.024
1.02498
1.02498
1.3594
1.19108
1.03516
1.10499
1.13356
1.1858
1.30482
1.08516
1.024
1.04955
1.07702
1.11667
1.07814
1.07072
1.09363
1.20898
1.13222
1.03932
1.04251
1.04496
1.024
1.08756
1.02498
1.14507
1.49961
1.02498
1.06815
1.02509
1.21699
1.44469
1.024
1.024
1.15077
1.024
1.03314
1.09414
1.06838
1.024
1.17018
1.02955
1.05042
1.4621
1.024
1.02498
1.02498
1.73806
1.024
1.024
1.10703
1.03067
1.024
1.22045
1.02934
1.26866
1.14288
1.35203
1.09353
1.55877
1.02678
1.17014
1.024
1.31631
1.10388
1.024
1.11437
1.40465
1.02842
1.10767
1.0436
1.05153
1.23841
1.02498
1.024
1.024
1.02501
1.52063
1.15507
1.03238
1.03789
1.17984
1.02498
1.08446
1.30369
1.024
1.22995
1.12199
1.0859
1.18028
1.27251
1.02498
1.12901
1.0252
1.0304
1.02498
1.16113
1.02639
1.27386
1.024
1.02778
1.13554
1.29867
1.024
1.05246
1.04412
1.02498
1.22626
1.03395
1.36328
1.024
1.54087
1.02718
1.19154
1.024
1.34596
1.02498
1.024
1.03427
1.15687
1.0601
1.07212
1.03193
1.20331
1.02498
1.03761
1.02869
1.34257
1.68865
1.0321
1.09731
1.25517
1.024
1.04568
1.29447
1.02498
1.02581
1.024
1.46717
1.02498
1.38583
1.02498
1.02498
1.0251
1.02709
1.18342
1.02498
1.02754
1.05566
1.0278
1.87438
1.03371
1.05254
1.58989
1.03314
1.03188
1.02759
1.024
1.024
1.02498
1.02498
1.25031
1.08005
1.19704
1.02689
1.02946
1.02498
1.03318
1.02498
1.02498
1.40142
1.11929
1.04241
1.024
1.02498
1.40864
1.28967
1.04422
1.02903
1.3375
1.02498
1.17465
1.02498
1.09394
1.02638
1.14556
1.11247
1.45828
1.4502
1.024
1.22941
1.09895
1.02498
1.08646
1.05642
1.12794
1.30116
1.18494
1.06922
1.02498
1.21949
1.02778
1.02639
1.02498
1.02934
1.08289
1.11563
1.02498
1.04664
1.02498
1.56402
1.024
1.02498
1.34834
1.15271
1.024
1.25776
1.06616
1.04764
1.09048
1.02661
1.18711
1.16686
1.3139
1.02498
1.02911
1.03138
1.31983
1.09908
1.21804
1.09494
1.04341
1.18182
1.04764
1.1006
1.02498
1.024
1.024
1.17912
1.03553
1.025
1.05343
1.03889
1.024
1.19819
1.04486
1.17289
1.06828
1.08766
1.08718
1.04777
1.05521
1.22468
1.02498
1.02717
1.23874
1.024
1.024
1.07769
1.04459
1.28944
1.024
1.30128
1.07617
1.08516
1.24564
1.02789
1.20754
1.20116
1.13944
1.05601
1.26008
1.09688
1.02498
1.07207
1.02498
1.024
1.13944
1.02857
1.17882
1.54362
1.13632
1.02498
1.23539
1.0271
1.02498
1.02498
1.02508
1.09667
1.1728
1.14686
1.07605
1.06591
1.024
1.024
1.06425
1.2618
1.024
1.024
1.31613
1.02498
1.07462
1.02498
1.02933
1.32597
1.024
1.024
1.06162
1.24167
1.02498
1.20945
1.04236
1.02584
1.16292
1.10176
1.13055
1.11979
1.02498
1.02498
1.024
1.02498
1.0264
1.19944
1.34565
1.02691
1.02498
1.024
1.04977
1.10247
1.32865
1.05803
1.02869
1.03837
1.04
1.09859
1.02609
1.20425
1.02498
1.35468
1.024
1.07481
1.024
1.26537
1.04109
1.024
1.17393
1.22799
1.33015
1.024
1.29694
1.23407
1.04182
1.14871
1.05266
1.02498
1.0797
1.02657
1.02498
1.02498
1.18611
1.02498
1.024
1.44782
1.024
1.08613
1.11138
1.024
1.02499
1.02498
1.024
1.30452
1.05995
1.02957
1.10439
1.10827
1.23392
1.08612
1.10671
1.06911
1.02624
1.04139
1.09856
1.06713
1.02705
1.06288
1.024
1.12302
1.04083
1.07358
1.05336
1.12346
1.28296
1.03947
1.02504
1.024
1.23583
1.02498
1.03415
1.02736
1.02498
1.04731
1.02498
1.09708
1.3281
1.16438
1.04973
1.02883
1.43335
1.02783
1.13861
1.05175
1.52896
1.35645
1.02498
1.52042
1.34083
1.024
1.02608
1.024
1.20763
1.03087
1.06854
1.28116
1.02829
1.05463
1.03074
1.02498
1.26965
1.06547
1.39642
1.024
1.07591
1.02855
1.03007
1.0362
1.024
1.23342
1.40151
1.15092
1.02498
1.22695
1.23609
1.1983
1.02766
1.08329
1.02498
1.024
1.05872
1.024
1.17079
1.02498
1.02498
1.08029
1.25265
1.03177
1.20513
1.10032
1.02507
1.25713
1.03231
1.03084
1.07129
1.02498
1.06071
1.07156
1.42022
1.024
1.02861
1.02498
1.02498
1.03681
1.15843
1.03536
1.21212
1.1393
1.03284
1.0687
1.161
1.02498
1.54538
1.03978
1.04993
1.02943
1.024
1.024
1.03494
1.02498
1.02498
1.11502
1.07438
1.33184
1.31595
1.13715
1.14056
1.02498
1.21094
1.09085
1.08605
1.02498
1.02498
1.28469
1.07251
1.08245
1.02698
1.2767
1.08565
1.024
1.31439
1.06749
1.27577
1.1232
1.09547
1.05496
1.1326
1.16457
1.02498
1.03523
1.02614
1.3411
1.30834
1.024
1.02498
1.12972
1.50398
1.03031
1.21295
1.03324
1.18133
1.29775
1.10629
1.07934
1.02498
1.024
1.02498
1.02654
1.03401
1.42604
1.20293
1.15284
1.03329
1.03186
1.06994
1.02498
1.02498
1.23284
1.17188
1.024
1.24537
1.03929
1.02498
1.02498
1.02498
1.12343
1.39123
1.08947
1.13729
1.0818
1.02498
1.024
1.10748
1.20115
1.25751
1.024
1.025
1.04576
1.02498
1.02528
1.02618
1.0375
1.02498
1.1176
1.23215
1.025
1.40765
1.34678
1.28006
1.05374
1.14069
1.02498
1.20228
1.41207
1.39496
1.02498
1.04444
1.02751
1.03819
1.02498
1.024
1.024
1.1755
1.05655
1.02498
1.02498
1.20624
1.18921
1.02522
1.02498
1.33169
1.03747
1.50409
1.02498
1.024
1.04582
1.02498
1.14938
1.12895
1.02498
1.35463
1.02623
1.10184
1.02498
1.02863
1.02498
1.02749
1.024
1.43502
1.03146
1.31476
1.0265
1.05588
1.02498
1.05494
1.10476
1.10604
1.02498
1.06852
1.19049
1.03731
1.02498
1.16992
1.14498
1.02614
1.02498
1.02498
1.0581
1.024
1.02498
1.36334
1.024
1.50044
1.13139
1.04128
1.02498
1.024
1.0314
1.03749
1.42454
1.34139
1.02807
1.024
1.07185
1.05004
1.14259
1.05324
1.04605
1.13398
1.22462
1.02498
1.0691
1.11753
1.03129
1.02498
1.024
1.20116
1.02883
1.10345
1.04271
1.36819
1.39609
1.29046
1.037
1.12148
1.04906
1.55634
1.21203
1.02723
1.28695
1.02596
1.024
1.12713
1.29549
1.04893
1.12063
1.06088
1.13121
1.20091
1.55223
1.02826
1.10382
1.02498
1.08165
1.04326
1.09243
1.02498
1.10701
1.05932
1.19656
1.03446
1.03533
1.28167
1.024
1.11544
1.09461
1.04153
1.25723
1.12969
1.02498
1.07934
1.38661
1.38654
1.06852
1.02937
1.05621
1.03653
1.12042
1.02655
1.26265
1.024
1.02498
1.07024
1.024
1.17216
1.07768
1.36041
1.25299
1.04503
1.10123
1.10055
1.02598
1.081
1.08252
1.38529
1.02726
1.02498
1.024
1.40481
1.27757
0.873351
0.819689
0.879219
0.860802
0.849474
0.929642
0.902939
0.89564
0.854121
0.933977
0.846314
0.936634
0.819689
0.819916
1.05825
0.948633
0.945798
1.0554
0.886661
1.00187
1.34273
1.19827
0.983521
1.38575
0.825242
0.819689
1.15028
0.917214
1.39086
1.15544
0.825495
0.834273
0.841019
0.844227
0.875396
0.962626
1.18621
0.820762
1.18583
0.932751
0.990792
0.838312
1.1299
0.819689
1.04163
0.957065
1.02076
0.977003
0.842976
1.04655
0.969718
1.11735
1.00282
0.873491
0.819689
0.903208
0.819689
1.07407
1.06963
0.822266
1.14318
0.981358
0.957121
1.09517
0.824694
1.13681
0.903728
0.867057
0.847013
0.992887
0.900063
1.37891
0.846876
1.01957
1.411
1.11202
0.9098
0.963968
1.014
0.819689
0.84344
0.819689
0.927055
0.95923
1.02452
1.38067
1.26451
0.825658
0.963259
0.852708
1.13092
0.820656
1.06613
0.966727
0.848823
1.05196
0.967208
0.819689
0.819689
0.98991
1.41686
0.861131
1.16563
0.949292
1.13057
1.21043
0.844975
1.11999
0.8192
1.37656
0.920038
0.854263
0.826307
0.943832
0.823337
0.832901
0.823226
1.12647
1.02241
0.825805
0.825776
0.900234
0.874408
0.859943
1.42276
1.17937
0.852068
0.819689
1.21744
1.02918
0.945323
0.987644
1.04193
1.14945
0.819689
1.04563
0.955485
0.827255
0.831406
0.98742
0.881906
1.14135
0.819795
1.22515
1.0819
1.10698
1.36359
0.820665
0.847022
0.825844
1.02434
0.864052
1.12892
0.947032
1.01255
0.835873
1.03704
1.1307
1.07043
0.849437
0.879237
0.860663
1.12988
0.824763
1.04733
1.21551
1.30061
1.16455
1.08399
1.47784
0.891966
0.885867
0.969328
0.945822
0.876539
0.916622
0.96851
1.17985
1.0919
0.961194
0.95948
0.906268
1.02383
0.931003
0.847441
0.977836
0.825326
0.872805
0.99346
0.888747
0.819689
0.909858
1.20208
0.994655
0.960117
0.892414
1.20003
0.833791
0.857785
1.14748
0.909394
0.880083
0.834381
0.8192
0.822917
0.846906
1.02254
0.881874
1.19878
1.01476
0.941042
0.917886
0.823098
0.839311
0.936592
1.07791
0.925472
0.947985
1.02942
0.819689
0.820409
0.859044
1.11705
0.825705
0.983906
0.819689
1.28132
1.08628
0.901303
0.850213
0.909455
0.819689
0.937668
0.954222
0.819689
1.16513
1.03312
0.828173
0.828737
1.29
1.15339
1.24542
1.44144
0.8192
0.832082
1.04538
0.820689
0.93146
0.8192
0.91985
0.876281
0.819689
1.05786
1.0639
1.40669
0.901165
0.875682
1.09939
1.08165
0.870097
0.823379
0.819689
0.969697
1.01021
0.890023
0.852841
1.10407
1.11818
0.895522
0.917406
1.14771
1.19313
0.935866
0.819689
1.24525
0.912072
1.23096
1.17549
0.945768
0.851339
1.04587
1.30528
0.865703
0.820073
0.840159
0.8192
0.97025
1.24744
0.876079
1.59353
1.08091
0.850048
1.02465
0.912056
0.943369
0.828969
1.15463
1.01889
0.82632
0.894129
0.858651
0.972126
1.49626
0.910048
1.16023
0.835224
0.819689
0.989766
1.35324
0.981663
0.819689
0.92948
0.941287
0.970881
1.0446
0.819689
0.851171
1.25067
0.84656
0.88059
1.00494
0.839292
0.819689
0.865468
0.912152
0.964736
0.841958
1.06154
0.839453
1.01563
0.895206
1.21998
0.965613
0.911062
0.904017
1.0228
1.35628
0.822417
0.925706
0.819689
1.19911
0.960039
0.87186
0.972695
1.49926
1.11372
0.926732
1.24512
1.31819
0.930749
0.819689
1.00423
0.983202
0.922432
0.823974
0.819689
1.0835
1.08235
1.03725
0.853326
0.907914
1.10136
1.27131
0.990672
0.877372
0.888264
0.922904
0.828115
1.13824
1.04314
1.25385
0.84023
0.819689
1.17191
0.900114
1.13322
1.02822
0.954117
1.2738
1.04684
1.08772
0.98939
1.07536
0.826355
0.85421
0.819689
0.899162
0.880465
1.1952
1.10124
1.0003
0.896981
0.837843
1.11894
0.956795
1.03895
1.07557
0.832439
0.900032
0.824026
0.856345
1.12383
0.918987
1.19744
1.01943
0.828561
0.828061
0.937755
1.04457
0.972382
0.867857
1.06136
0.90054
0.934804
0.860121
1.06726
1.22864
0.992297
1.04002
0.912525
1.17935
0.921382
0.819689
1.02924
0.850484
0.958118
1.01455
0.876076
1.37198
1.23185
1.27923
1.12009
0.861369
0.935736
0.819689
0.829782
0.861261
0.827345
0.838051
0.949952
0.86441
0.819689
0.939994
0.866935
0.8192
0.887814
0.877693
0.850959
1.30302
0.839679
1.26331
1.03168
0.82277
0.835212
1.26871
1.40202
1.08463
1.08674
0.854713
0.819689
1.03388
1.06018
0.902877
0.819689
0.894441
0.904247
1.08561
1.12963
1.00884
1.24129
0.881706
0.837248
0.855678
1.18267
1.16943
0.819689
0.819689
1.22567
0.841813
1.02708
0.956102
0.853267
1.23266
0.96099
0.962567
0.987015
1.12407
0.87913
1.20811
1.36048
1.18035
1.28427
0.82227
0.8192
0.84697
1.11463
1.07136
0.877997
1.28012
1.15876
0.93546
1.31978
0.943653
1.00755
1.43742
0.819689
0.834983
1.1362
0.822535
0.892054
0.86059
0.849312
0.878175
1.14532
0.822895
0.837362
0.872695
1.0659
0.882372
1.34572
0.968561
1.14416
0.8192
0.828775
1.05224
0.822337
0.836062
0.875944
1.05028
0.838895
1.33301
1.05166
0.981673
1.08997
0.832359
0.819689
0.948899
1.05385
1.03504
0.941457
0.831554
1.10724
0.841443
0.904929
0.872554
0.869226
1.09023
0.819689
0.875436
0.819849
0.998108
0.831186
0.837974
1.20961
1.03031
1.22222
0.819689
0.829594
0.95163
0.819689
1.0607
1.05774
0.955179
0.839696
1.11042
0.833563
1.0888
0.825271
1.00476
0.887437
1.34536
0.829734
0.838343
0.852645
0.993217
0.833981
0.909642
0.82655
0.939523
1.30639
0.984967
0.851958
1.31263
0.829786
0.913216
0.829036
1.00019
0.833392
1.12185
0.929745
1.19054
0.819689
1.63189
0.878454
0.937207
0.917072
0.824822
0.863282
0.850143
1.03514
0.823441
1.10374
1.23083
1.18168
1.08975
0.83598
0.872563
0.972759
0.8192
0.975167
0.840044
1.11497
1.27123
0.880089
1.01544
0.840163
0.993746
0.820105
0.939489
0.958258
0.841403
0.8204
0.8844
0.822755
0.883705
1.14298
0.821476
1.08491
1.08134
1.06647
1.24546
0.832608
0.915505
0.854792
0.819689
0.920912
1.04185
0.994009
1.23044
0.940825
1.05145
0.834935
1.29759
0.847069
0.884686
1.20575
0.888533
0.893044
0.96143
1.44186
0.919542
1.00565
1.04216
1.09584
1.12513
1.3231
0.842863
1.03449
1.30902
1.46044
0.8192
0.826869
1.14974
0.887622
0.967028
0.838219
0.964195
1.08135
0.820078
1.17781
1.09372
1.22492
1.0972
1.28625
1.13374
0.936116
0.934699
0.863708
0.869366
0.842806
0.834318
1.02913
1.14892
1.06325
0.837796
0.831832
0.848462
0.892004
0.903433
1.10678
0.924121
0.933821
0.948031
0.931533
0.820583
1.21888
1.63907
0.884309
0.819689
1.17012
0.955387
1.19667
0.819689
1.12047
0.950795
0.829912
1.25788
0.93989
0.929689
0.879544
0.85916
1.07329
0.822
1.04243
0.886864
1.18238
0.915079
0.851222
0.914508
0.8192
0.86697
1.22724
0.834962
0.887635
1.15329
0.96625
0.961686
0.819689
0.852988
1.03433
1.06794
0.940015
0.880104
0.921281
0.831285
0.821221
0.985826
1.30063
0.859881
0.889984
1.3608
1.27652
0.961174
1.26131
0.82082
0.819689
0.976541
1.33114
1.30032
0.899131
0.819689
0.893531
0.819689
0.876263
0.830902
0.830546
1.1052
0.858406
0.819689
1.05222
1.62533
0.978469
1.04651
0.827571
0.891056
0.855906
1.00647
0.87513
0.877261
0.824731
1.10019
0.829627
0.871171
0.965371
1.10546
0.919343
0.876153
0.983997
0.921415
1.02814
0.819689
0.829429
0.956412
1.22321
0.965349
0.838938
1.17135
0.865192
1.00909
0.868064
1.12349
0.843841
1.45813
0.88455
1.2438
1.02616
0.914771
0.877968
1.04068
0.824446
0.837198
0.837965
0.878106
1.51794
0.82128
0.855815
1.09173
0.865403
1.22847
1.09263
1.06415
0.89361
0.886056
1.08313
0.851682
1.11075
0.841531
1.07781
0.848489
1.30696
0.824733
0.985315
0.8192
1.07595
0.819689
0.825202
0.889652
0.826581
0.828293
1.0884
0.844099
0.987393
0.889679
1.10126
1.18955
0.905555
0.831736
0.881068
0.94508
1.08075
0.862176
1.47814
1.21262
1.23043
1.18917
0.95679
0.93855
1.05089
0.822273
1.10771
0.991767
0.819689
1.45809
0.875103
0.821603
0.855899
1.15892
1.23764
1.20639
1.27608
0.981798
1.16563
0.999463
1.01434
1.00653
0.961451
1.10351
0.976216
0.964482
1.07886
0.819689
1.23106
1.15179
0.827044
1.30668
0.819689
0.879977
0.863567
1.12316
0.839251
1.24222
0.98474
0.846859
0.963462
1.2036
1.50087
1.09869
0.948303
1.12105
1.54528
0.819689
1.0648
0.839148
0.877529
0.989782
0.860537
0.83078
0.8192
1.01643
0.834063
0.830527
0.972709
1.05347
1.2201
0.977051
0.983155
0.966114
1.09459
1.18783
0.958327
0.956126
0.844816
0.856724
0.895819
1.19102
0.895505
1.26026
0.977011
1.01496
0.836275
1.05825
1.19862
0.930948
1.21744
0.919158
1.19556
0.8192
1.17428
1.01547
0.823873
0.877194
1.16388
1.23206
0.819689
0.819689
1.1752
0.948387
0.819689
1.18378
1.29325
0.913884
1.11617
1.03953
0.835214
1.12692
0.859439
0.824489
1.29673
0.825596
0.882648
0.823437
0.823725
0.819689
0.819689
1.16911
1.08464
0.830643
0.972897
0.850688
0.859382
0.909747
0.916639
0.889974
1.5858
1.30439
0.8192
0.887296
1.55203
0.858073
0.841036
0.8192
1.06314
0.853219
1.15493
0.839771
0.890898
0.859603
0.819689
1.07954
0.964687
1.01487
1.10993
0.819689
0.8192
1.12076
1.15802
0.825004
0.856325
0.840232
0.927444
0.930173
1.40238
1.16497
0.829879
0.877149
0.819689
1.32512
0.919789
