0
0
0
0
0
0
0
0
0
0
0
0
0
0
0
0
0
0
0
0
0
0
0
0
0
0
0
0
0
0
0
0
0
0
0
0
0
0
0
0
0
0
0
0
0
0
0
0
0
0
0
0
0
0
0
0
0
0
0
0
0
0
0
0
0
0
0
0
0
0
0
0
0
0
0
0
0
0
0
0
0
0
0
0
0
0
0
0
0
0
0
0
0
0
0
0
0
0
0
0
0
0
0
0
0
0
0
0
0
0
0
0
0
0
0
0
0
0
0
0
0
0
0
0
0
0
0
0
0
0
0
0
0
0
0
0
0
0
0
0
0
0
0
0
0
0
0
0
0
0
0
0
0
0
0
0
0
0
0
0
0
0
0
0
0
0
0
0
0
0
0
0
0
0
0
0
0
0
0
0
0
0
0
0
0
0
0
0
0
0
0
0
0
0
0
0
0
0
0
0
0
0
0
0
0
0
0
0
0
0
0
0
0
0
0
0
0
0
0
0
0
0
0
0
0
0
0
0
0
0
0
0
0
0
0
0
0
0
0
0
0
0
0
0
0
0
0
0
0
0
0
0
0
0
0
0
0
0
0
0
0
0
0
0
0
0
0
0
0
0
0
0
0
0
0
0
0
0
0
0
0
0
0
0
0
0
0
0
0
0
0
0
0
0
0
0
0
0
0
0
0
0
0
0
0
0
0
0
0
0
0
0
0
0
0
0
0
0
0
0
0
0
0
0
0
0
0
0
0
0
0
0
0
0
0
0
0
0
0
0
0
0
0
0
0
0
0
0
0
0
0
0
0
0
0
0
0
0
0
0
0
0
0
0
0
0
0
0
0
0
0
0
0
0
0
0
0
0
0
0
0
0
0
0
0
0
0
0
0
0
0
0
0
0
0
0
0
0
0
0
0
0
0
0
0
0
0
0
0
0
0
0
0
0
0
0
0
0
0
0
0
0
0
0
0
0
0
0
0
0
0
0
0
0
0
0
0
0
0
0
0
0
0
0
0
0
0
0
0
0
0
0
0
0
0
0
0
0
0
0
0
0
0
0
0
0
0
0
0
0
0
0
0
0
0
0
0
0
0
0
0
0
0
0
0
0
0
0
0
0
0
0
0
0
0
0
0
0
0
0
0
0
0
0
0
0
0
0
0
0
0
0
0
0
0
0
0
0
0
0
0
0
0
0
0
0
0
0
0
0
0
0
0
0
0
0
0
0
0
0
0
0
0
0
0
0
0
0
0
0
0
0
0
0
0
0
0
0
0
0
0
0
0
0
0
0
0
0
0
0
0
0
0
0
0
0
0
0
0
0
0
0
0
0
0
0
0
0
0
0
0
0
0
0
0
0
0
0
0
0
0
0
0
0
0
0
0
0
0
0
0
0
0
0
0
0
0
0
0
0
0
0
0
0
0
0
0
0
0
0
0
0
0
0
0
0
0
0
0
0
0
0
0
0
0
0
0
0
0
0
0
0
0
0
0
0
0
0
0
0
0
0
0
0
0
0
0
0
0
0
0
0
0
0
0
0
0
0
0
0
0
0
0
0
0
0
0
0
0
0
0
0
0
0
0
0
0
0
0
0
0
0
0
0
0
0
0
0
0
0
0
0
0
0
0
0
0
0
0
0
0
0
0
0
0
0
0
0
0
0
0
0
0
0
0
0
0
0
0
0
0
0
0
0
0
0
0
0
0
0
0
0
0
0
0
0
0
0
0
0
0
0
0
0
0
0
0
0
0
0
0
0
0
0
0
0
0
0
0
0
0
0
0
0
0
0
0
0
0
0
0
0
0
0
0
0
0
0
0
0
0
0
0
0
0
0
0
0
0
0
0
0
0
0
0
0
0
0
0
0
0
0
0
0
0
0
0
0
0
0
0
0
0
0
0
0
0
0
0
0
0
0
0
0
0
0
0
0
0
0
0
0
0
0
0
0
0
0
0
0
0
0
0
0
0
0
0
0
0
0
0
0
0
0
0
0
0
0
0
0
0
0
0
0
0
0
0
0
0
0
0
0
0
0
0
0
0
0
0
0
0
0
0
0
0
0
0
0
0
0
0
0
0
0
0
0
0
0
0
0
0
0
0
0
0
0
0
0
0
0
0
0
0
0
0
0
0
0
0
0
0
0
0
0
0
0
0
0
0
0
0
0
0
0
0
0
0
0
0
0
0
0
0
0
0
0
0
0
0
0
0
0
0
0
0
0
0
0
0
0
0
0
0
0
0
0
0
0
0
0
0
0
0
0
0
0
0
0
0
0
0
0
0
0
0
0
0
0
0
0
0
0
0
0
0
0
0
0
0
0
0
0
0
0
0
0
0
0
0
0
0
0
0
0
0
0
0
0
0
0
0
0
0
0
0
0
0
0
0
0
0
0
0
0
0
0
0
0
0
0
0
0
0
0
0
0
0
0
0
0
0
0
0
0
0
0
0
0
0
0
0
0
0
0
0
0
0
0
0
0
0
0
0
0
0
0
0
0
0
0
0
0
0
0
0
0
0
0
0
0
0
0
0
0
0
0
0
0
0
0
0
0
0
0
0
0
0
0
0
0
0
0
0
0
0
0
0
0
0
0
0
0
0
0
0
0
0
0
0
0
0
0
0
0
0
0
0
0
0
0
0
0
0
0
0
0
0
0
0
0
0
0
0
0
0
0
0
0
0
0
0
0
0
0
0
0
0
0
0
0
0
0
0
0
0
0
0
0
0
0
0
0
0
0
0
0
0
0
0
0
0
0
0
0
0
0
0
0
0
0
0
0
0
0
0
0
0
0
0
0
0
0
0
0
0
0
0
0
0
0
0
0
0
0
0
0
0
0
0
0
0
0
0
0
0
0
0
0
0
0
0
0
0
0
0
0
0
0
0
0
0
0
0
0
0
0
0
0
0
0
0
0
0
0
0
0
0
0
0
0
0
0
0
0
0
0
0
0
0
0
0
0
0
0
0
0
0
0
0
0
0
0
0
0
0
0
0
0
0
0
0
0
0
0
0
0
0
0
0
0
0
0
0
0
0
0
0
0
0
0
0
0
0
0
0
0
0
0
0
0
0
0
0
0
0
0
0
0
0
0
0
0
0
0
0
0
0
0
0
0
0
0
0
0
0
0
0
0
0
0
0
0
0
0
0
0
0
0
0
0
0
0
0
0
0
0
0
0
0
0
0
0
0
0
0
0
0
0
0
0
0
0
0
0
0
0
0
0
0
0
0
0
0
0
0
0
0
0
0
0
0
0
0
0
0
0
0
0
0
0
0
0
0
0
0
0
0
0
0
0
0
0
0
0
0
0
0
0
0
0
0
0
0
0
0
0
0
0
0
0
0
0
0
0
0
0
0
0
0
0
0
0
0
0
0
0
0
0
0
0
0
0
0
0
0
0
0
0
0
0
0
0
0
0
0
0
0
0
0
0
0
0
0
0
0
0
0
0
0
0
0
0
0
0
0
0
0
0
0
0
0
0
0
0
0
0
0
0
0
0
0
0
0
0
0
0
0
0
0
0
0
0
0
0
0
0
0
0
0
0
0
0
0
0
0
0
0
0
0
0
0
0
0
0
0
0
0
0
0
0
0
0
0
0
0
0
0
0
0
0
0
0
0
0
0
0
0
0
0
0
0
0
0
0
0
0
0
0
0
0
0
0
0
0
0
0
0
0
0
0
0
0
0
0
0
0
0
0
0
0
0
0
0
0
0
0
0
0
0
0
0
0
0
0
0
0
0
0
0
0
0
0
0
0
0
0
0
0
0
0
0
0
0
0
0
0
0
0
0
0
0
0
0
0
0
0
0
0
0
0
0
0
0
0
0
0
0
0
0
0
0
0
0
0
0
0
0
0
0
0
0
0
0
0
0
0
0
0
0
0
0
0
0
0
0
0
0
0
0
0
0
0
0
0
0
0
0
0
0
0
0
0
0
0
0
0
0
0
0
0
0
0
0
0
0
0
0
0
0
0
0
0
0
0
0
0
0
0
0
0
0
0
0
0
0
0
0
0
0
0
0
0
0
0
0
0
0
0
0
0
0
0
0
0
0
0
0
0
0
0
0
0
0
0
0
0
0
0
0
0
0
0
0
0
0
0
0
0
0
0
0
0
0
0
0
0
0
0
0
0
0
0
0
0
0
0
0
0
0
0
0
0
0
0
0
0
0
0
0
0
0
0
0
0
0
0
0
0
0
0
0
0
0
0
0
0
0
0
0
0
0
0
0
0
0
0
0
0
0
0
0
0
0
0
0
0
0
0
0
0
0
0
0
0
0
0
0
0
0
0
0
0
0
0
0
0
0
0
0
0
0
0
0
0
0
0
0
0
0
0
0
0
0
0
0
0
0
0
0
0
0
0
0
0
0
0
0
0
0
0
0
0
0
0
0
0
0
0
0
0
0
0
0
0
0
0
0
0
0
0
0
0
0
0
0
0
0
0
0
0
0
0
0
0
0
0
0
0
0
0
0
0
0
0
0
0
0
0
0
0
0
0
0
0
0
0
0
0
0
0
0
0
0
0
0
0
0
0
0
0
1.02498
1.25469
1.11568
1.07267
1.02498
1.21935
1.02538
1.6448
1.13139
1.04225
1.08389
1.02837
1.03002
1.09385
1.08918
1.07767
1.05518
1.1971
1.12996
1.03379
1.024
1.27142
1.50952
1.04072
1.12841
1.16426
1.02498
1.08791
1.09251
1.10868
1.0264
1.11496
1.10942
1.024
1.50334
1.27748
1.20569
1.0487
1.02883
1.05288
1.08086
1.024
1.05957
1.21365
1.14281
1.15266
1.18139
1.02498
1.024
1.29219
1.028
1.04715
1.18717
1.02498
1.02498
1.39279
1.03827
1.02498
1.09215
1.06132
1.10569
1.42904
1.08061
1.05748
1.09118
1.04905
1.56705
1.23535
1.02498
1.04713
1.02498
1.0274
1.05318
1.24217
1.17391
1.12463
1.024
1.05065
1.07949
1.13913
1.04081
1.04716
1.08741
1.0283
1.218
1.03978
1.02651
1.0453
1.29747
1.09917
1.02498
1.11028
1.08019
1.04212
1.05385
1.51528
1.14447
1.02951
1.02914
1.3429
1.02638
1.02498
1.024
1.19246
1.02528
1.02498
1.024
1.024
1.02498
1.14516
1.12943
1.03282
1.15577
1.1621
1.04823
1.13507
1.1622
1.02498
1.02977
1.27247
1.23514
1.12265
1.1265
1.02922
1.02839
1.14376
1.3193
1.05087
1.57383
1.02904
1.06436
1.10492
1.03137
1.03356
1.02498
1.0268
1.02498
1.06018
1.39157
1.02866
1.08779
1.024
1.07715
1.06275
1.04866
1.02843
1.24243
1.04313
1.23691
1.02498
1.15369
1.33195
1.23158
1.0345
1.10628
1.02498
1.04932
1.15172
1.02579
1.31253
1.17822
1.08535
1.15972
1.02618
1.171
1.03428
1.024
1.02498
1.21168
1.03159
1.02774
1.22623
1.13615
1.40288
1.35257
1.10712
1.21249
1.14206
1.02498
1.04216
1.06914
1.42924
1.31914
1.10108
1.02846
1.38937
1.17042
1.04777
1.10213
1.02498
1.23449
1.06633
1.02498
1.18629
1.46057
1.29612
1.02764
1.03505
1.08685
1.26153
1.02498
1.10993
1.5139
1.29432
1.02498
1.15906
1.14169
1.02772
1.02498
1.024
1.03137
1.0524
1.02498
1.024
1.09346
1.02498
1.02498
1.05895
1.0525
1.02498
1.02604
1.31185
1.024
1.03682
1.04914
1.0462
1.06313
1.05541
1.02661
1.5288
1.024
1.02498
1.58609
1.03318
1.26694
1.16979
1.05544
1.02536
1.02717
1.03104
1.02498
1.02498
1.0713
1.21631
1.09926
1.12294
1.02674
1.0813
1.05498
1.02872
1.17431
1.02627
1.38993
1.43156
1.04377
1.024
1.09712
1.11653
1.024
1.02498
1.02989
1.026
1.08203
1.54314
1.024
1.02498
1.02498
1.32608
1.15437
1.04331
1.10404
1.13461
1.18957
1.28676
1.0954
1.024
1.05247
1.06979
1.1355
1.06872
1.06418
1.08888
1.19643
1.10695
1.03334
1.0395
1.04491
1.024
1.08501
1.02506
1.14699
1.5023
1.02683
1.0735
1.02669
1.20578
1.41951
1.024
1.024
1.14651
1.024
1.02828
1.09382
1.05816
1.024
1.13732
1.03176
1.05039
1.44851
1.024
1.02498
1.02498
1.72283
1.024
1.024
1.12663
1.03268
1.024
1.22203
1.02809
1.26773
1.13685
1.34419
1.09793
1.56057
1.02777
1.16828
1.024
1.30538
1.08582
1.024
1.11477
1.40401
1.0342
1.11031
1.05588
1.05681
1.21142
1.02498
1.024
1.024
1.02807
1.52143
1.14388
1.02815
1.04464
1.1622
1.02498
1.05269
1.27802
1.024
1.21529
1.11478
1.08661
1.17919
1.26332
1.02498
1.13197
1.02505
1.03401
1.02498
1.16225
1.02504
1.26792
1.024
1.03046
1.13613
1.27212
1.024
1.04555
1.04847
1.02498
1.23318
1.04149
1.35194
1.024
1.53042
1.02853
1.1618
1.024
1.3627
1.02498
1.024
1.03578
1.16335
1.07016
1.07782
1.03071
1.19154
1.02498
1.04303
1.02498
1.33569
1.67624
1.02717
1.08733
1.24444
1.024
1.05733
1.26557
1.02498
1.03093
1.024
1.45678
1.02498
1.38051
1.02498
1.02498
1.02498
1.02498
1.17346
1.02498
1.02725
1.04839
1.02915
1.87439
1.02983
1.06626
1.59401
1.02924
1.03064
1.0261
1.024
1.024
1.02498
1.02498
1.24481
1.08721
1.1956
1.0329
1.02826
1.02823
1.03078
1.02498
1.02498
1.3893
1.12379
1.05332
1.024
1.02498
1.38074
1.28859
1.04668
1.02534
1.32993
1.02498
1.16083
1.02498
1.09583
1.02498
1.13375
1.10006
1.45445
1.45252
1.024
1.21903
1.09549
1.02498
1.09881
1.06731
1.12867
1.28652
1.20271
1.06233
1.02498
1.20698
1.02498
1.02814
1.02498
1.03995
1.08569
1.12495
1.02678
1.04967
1.02498
1.56612
1.024
1.02498
1.33487
1.13952
1.024
1.22412
1.05788
1.05647
1.07545
1.02498
1.20154
1.15268
1.31735
1.02498
1.02638
1.02927
1.3292
1.09777
1.22221
1.09698
1.03827
1.17651
1.04008
1.09567
1.02498
1.024
1.024
1.18256
1.02694
1.02616
1.04483
1.04786
1.024
1.1921
1.03987
1.16778
1.07415
1.09551
1.07517
1.04355
1.06412
1.21985
1.02498
1.03727
1.20354
1.024
1.024
1.06924
1.06747
1.27384
1.024
1.31521
1.08605
1.08688
1.23714
1.02976
1.17847
1.20703
1.12393
1.04226
1.25016
1.07814
1.02498
1.04121
1.02498
1.024
1.11952
1.03041
1.17055
1.52545
1.12959
1.02498
1.24639
1.02708
1.02498
1.02498
1.02795
1.10574
1.18543
1.15021
1.08084
1.0653
1.024
1.024
1.05713
1.26326
1.024
1.024
1.26738
1.02498
1.07614
1.02498
1.02745
1.32001
1.024
1.024
1.06243
1.22738
1.02498
1.21943
1.03127
1.02498
1.15631
1.09533
1.12203
1.12697
1.02766
1.02498
1.024
1.02498
1.02498
1.20901
1.34894
1.02795
1.02498
1.024
1.05673
1.11397
1.32074
1.0446
1.02865
1.03831
1.04594
1.07777
1.02498
1.20203
1.02662
1.33874
1.024
1.09235
1.024
1.2489
1.04978
1.024
1.18151
1.21849
1.32865
1.024
1.27746
1.21277
1.03964
1.15669
1.04384
1.02508
1.07847
1.02634
1.02935
1.02498
1.16085
1.02498
1.024
1.44546
1.024
1.08474
1.10636
1.024
1.02498
1.02498
1.024
1.30563
1.05555
1.03504
1.10726
1.11005
1.22091
1.07072
1.10723
1.06918
1.02498
1.04573
1.08997
1.05451
1.02625
1.06988
1.024
1.11266
1.04389
1.05604
1.04048
1.11594
1.27596
1.03206
1.02501
1.024
1.24158
1.02498
1.03075
1.0278
1.02498
1.04243
1.02498
1.09971
1.33445
1.15963
1.04464
1.03737
1.4394
1.02498
1.14212
1.0533
1.53572
1.35014
1.02498
1.50492
1.31414
1.024
1.02498
1.024
1.22132
1.03291
1.06778
1.27111
1.02498
1.0544
1.02661
1.02498
1.25604
1.06422
1.3839
1.024
1.07472
1.02498
1.02912
1.02498
1.024
1.22312
1.40968
1.15584
1.02756
1.21363
1.24034
1.19909
1.03316
1.08107
1.02619
1.024
1.05225
1.024
1.15274
1.02601
1.02498
1.06184
1.26386
1.02993
1.20899
1.1057
1.02498
1.24878
1.05501
1.03244
1.08714
1.02498
1.0497
1.08328
1.3886
1.024
1.0328
1.02498
1.02498
1.03327
1.13206
1.04102
1.19492
1.15648
1.02929
1.06086
1.15395
1.02498
1.55212
1.03273
1.04251
1.03108
1.024
1.024
1.03806
1.02498
1.02668
1.12184
1.07668
1.33086
1.30589
1.14595
1.15595
1.02498
1.20536
1.07879
1.08226
1.02498
1.02498
1.26872
1.08572
1.06996
1.03088
1.29169
1.07837
1.024
1.30069
1.08396
1.27312
1.10496
1.08511
1.04306
1.13112
1.16143
1.02653
1.03226
1.02498
1.3335
1.2834
1.024
1.02498
1.12333
1.49557
1.02498
1.20767
1.03392
1.14844
1.27913
1.09033
1.05487
1.02661
1.024
1.02498
1.02615
1.03237
1.40189
1.18201
1.14738
1.04014
1.02498
1.06481
1.02498
1.02676
1.21316
1.15836
1.024
1.22775
1.03313
1.02498
1.02688
1.028
1.11793
1.35957
1.08496
1.13496
1.09443
1.02498
1.024
1.08303
1.1853
1.27302
1.024
1.02498
1.04522
1.02498
1.02498
1.02807
1.0318
1.02498
1.12721
1.22598
1.0255
1.41193
1.34998
1.27168
1.06583
1.14265
1.02498
1.20638
1.43872
1.37586
1.02498
1.04398
1.02674
1.0355
1.02498
1.024
1.024
1.18277
1.05262
1.02498
1.02498
1.19221
1.16382
1.02498
1.02498
1.33215
1.03259
1.53224
1.02498
1.024
1.04776
1.02609
1.12391
1.13059
1.02498
1.32991
1.02498
1.07864
1.02498
1.02498
1.02498
1.03659
1.024
1.42566
1.02772
1.30995
1.02498
1.05795
1.02498
1.0708
1.09528
1.10288
1.02498
1.04744
1.20272
1.03685
1.02498
1.16029
1.14406
1.0388
1.02498
1.02498
1.04847
1.024
1.02498
1.3489
1.024
1.47695
1.11546
1.03981
1.02498
1.024
1.02762
1.04305
1.41452
1.34601
1.02498
1.024
1.07056
1.05557
1.15019
1.05909
1.03537
1.11091
1.21589
1.02498
1.07351
1.1027
1.03378
1.02498
1.024
1.17582
1.03263
1.08762
1.04593
1.34845
1.36431
1.30646
1.03929
1.1324
1.0457
1.54331
1.18771
1.02633
1.27051
1.0306
1.024
1.12146
1.29518
1.06154
1.12841
1.05303
1.10402
1.21207
1.56198
1.02625
1.12015
1.02498
1.07563
1.05372
1.06306
1.02731
1.11843
1.05776
1.19327
1.03476
1.02969
1.28111
1.024
1.11303
1.09838
1.05411
1.25528
1.13928
1.02498
1.07685
1.38955
1.36341
1.0602
1.02764
1.06275
1.04508
1.11084
1.02899
1.24021
1.024
1.02611
1.06781
1.024
1.14982
1.09506
1.33936
1.24923
1.03813
1.0969
1.10903
1.02553
1.06298
1.07118
1.3698
1.02543
1.02498
1.024
1.42917
1.28633
0.879016
0.826351
0.876461
0.881821
0.840398
0.922399
0.887457
0.891621
0.857889
0.943446
0.845666
0.946616
0.82061
0.819689
1.07393
0.938967
0.959902
1.06167
0.879368
0.989288
1.35522
1.20859
0.9412
1.36886
0.830485
0.819689
1.15752
0.906251
1.39187
1.14727
0.832689
0.836094
0.847292
0.843699
0.875721
0.9766
1.18535
0.823156
1.2043
0.934248
0.972543
0.828546
1.13166
0.819689
1.03114
0.970638
1.00824
0.967115
0.840716
1.05825
0.975323
1.12728
0.966545
0.878391
0.81989
0.897968
0.819689
1.09015
1.05907
0.822887
1.13201
0.97871
0.979539
1.11078
0.821042
1.11229
0.910203
0.875167
0.859511
0.993599
0.885073
1.38141
0.850712
1.03846
1.41178
1.10323
0.909563
0.954957
1.03401
0.819689
0.847378
0.822756
0.927051
0.98906
1.03865
1.39906
1.2644
0.830139
0.958578
0.850526
1.14815
0.83054
1.04845
0.963121
0.857314
1.0627
0.975786
0.819689
0.819689
0.968779
1.39753
0.865194
1.16811
0.939953
1.15069
1.17176
0.845124
1.12675
0.8192
1.36068
0.917172
0.847966
0.831783
0.930754
0.822705
0.833911
0.830001
1.11367
1.05468
0.828833
0.850458
0.909426
0.870526
0.846984
1.43601
1.19415
0.841888
0.819689
1.20152
1.04764
0.944812
0.995139
1.05263
1.14134
0.819689
1.03553
0.954462
0.825351
0.829599
0.991357
0.906308
1.13802
0.819689
1.22674
1.09927
1.12068
1.34475
0.819689
0.851626
0.83552
1.03769
0.859285
1.14015
0.943385
1.00424
0.843715
1.05693
1.12986
1.05386
0.852789
0.864253
0.852317
1.12328
0.82325
1.05245
1.21654
1.31463
1.14596
1.07349
1.49034
0.877166
0.894231
0.963875
0.95981
0.860902
0.933962
0.964723
1.16219
1.10059
0.942595
0.960311
0.917174
1.00241
0.919695
0.849985
0.999404
0.823302
0.879569
0.994216
0.882239
0.820327
0.904222
1.21828
0.990044
0.959439
0.888002
1.21683
0.844782
0.852663
1.17318
0.90562
0.879954
0.829776
0.8192
0.822804
0.870596
1.02878
0.867086
1.19342
1.02148
0.952108
0.911112
0.830695
0.839318
0.921238
1.06365
0.931564
0.955804
0.999868
0.819689
0.819689
0.857003
1.11524
0.824968
0.964103
0.819926
1.28394
1.07274
0.907235
0.844736
0.915217
0.819689
0.930336
0.941074
0.819689
1.15411
1.01944
0.829146
0.8262
1.28724
1.14083
1.25901
1.45384
0.8192
0.823727
1.03938
0.8204
0.913195
0.8192
0.920109
0.878747
0.819987
1.03366
1.07258
1.41686
0.896696
0.869642
1.13482
1.09657
0.868972
0.820712
0.819689
0.989318
0.999076
0.86656
0.854705
1.111
1.13524
0.889926
0.913388
1.15599
1.19415
0.936049
0.819689
1.20934
0.917014
1.22758
1.16697
0.933519
0.847346
1.05423
1.31169
0.864339
0.819689
0.832915
0.8192
0.949066
1.22727
0.882919
1.59218
1.08688
0.842977
1.01555
0.913642
0.968504
0.833814
1.13686
1.03428
0.834325
0.892058
0.855425
0.971825
1.50935
0.905911
1.13436
0.841007
0.822266
0.996003
1.34593
0.952138
0.819689
0.934928
0.958038
0.953891
1.06355
0.822893
0.85607
1.25767
0.837251
0.888955
0.982407
0.842743
0.819689
0.876305
0.90483
0.934148
0.840205
1.07309
0.833951
1.00952
0.895739
1.19987
0.954011
0.90532
0.921294
1.0499
1.33835
0.824394
0.927158
0.819689
1.21268
0.952351
0.861972
0.981794
1.50296
1.10328
0.944145
1.21684
1.32959
0.944317
0.822672
0.985462
0.98839
0.91942
0.82381
0.819689
1.0706
1.07631
1.02989
0.853663
0.901098
1.10985
1.27722
0.983417
0.881928
0.892143
0.914093
0.831366
1.16508
1.04741
1.24978
0.834836
0.819689
1.15749
0.91476
1.13157
1.03471
0.940661
1.26296
1.03752
1.1056
0.983732
1.08522
0.819689
0.854453
0.819689
0.903705
0.861879
1.2073
1.10989
1.00944
0.901555
0.82686
1.11645
0.952858
1.03757
1.07333
0.830589
0.895296
0.82356
0.85178
1.12669
0.946504
1.20873
1.00587
0.823216
0.836585
0.952551
1.05514
0.99434
0.8604
1.06832
0.914292
0.937079
0.852451
1.07362
1.24542
1.01939
1.05265
0.918549
1.19028
0.932382
0.819689
1.0382
0.847653
0.937701
1.00706
0.857626
1.38664
1.22419
1.27325
1.12704
0.857255
0.951531
0.819689
0.831911
0.84943
0.828611
0.845031
0.939519
0.866814
0.819689
0.926899
0.88377
0.8192
0.866296
0.891939
0.849218
1.32105
0.839376
1.27815
1.02123
0.819689
0.848621
1.24274
1.39785
1.06486
1.07279
0.870305
0.819689
1.05847
1.07755
0.924843
0.823267
0.883607
0.888847
1.11723
1.12234
1.00207
1.23404
0.868701
0.834175
0.8723
1.16525
1.14893
0.819689
0.819689
1.21517
0.85193
1.04389
0.934772
0.871572
1.25153
0.951134
0.956144
0.998672
1.10478
0.86144
1.19753
1.36677
1.1833
1.28876
0.819996
0.8192
0.853693
1.10987
1.07872
0.87844
1.26923
1.16244
0.961571
1.32124
0.938325
0.98307
1.43809
0.822814
0.838179
1.11157
0.820645
0.90686
0.864535
0.8507
0.8781
1.1593
0.830811
0.825692
0.89748
1.03636
0.89393
1.35242
0.967812
1.12586
0.8192
0.839418
1.04383
0.822089
0.828481
0.877683
1.04333
0.845646
1.33442
1.03335
0.990105
1.09146
0.83045
0.820315
0.948554
1.07245
1.02094
0.930571
0.823708
1.08567
0.846276
0.908691
0.850874
0.86706
1.09269
0.819689
0.881886
0.833766
1.00067
0.836932
0.830817
1.20999
1.02725
1.20294
0.819689
0.829194
0.941217
0.819689
1.05044
1.059
0.951342
0.832121
1.10781
0.830546
1.08948
0.833908
1.00794
0.856614
1.33777
0.847633
0.830915
0.857171
0.99568
0.836682
0.900046
0.820542
0.935567
1.29863
0.97902
0.853026
1.31944
0.842831
0.90753
0.828154
1.0272
0.82647
1.12529
0.937553
1.18534
0.82237
1.63484
0.878286
0.933355
0.894858
0.819689
0.871131
0.831974
1.04816
0.822883
1.09987
1.21287
1.17285
1.08625
0.833077
0.8757
0.973704
0.8192
0.97004
0.849809
1.11197
1.2656
0.87493
1.01068
0.83674
0.998835
0.821485
0.954493
0.97316
0.854115
0.835423
0.869893
0.82246
0.886199
1.1425
0.823948
1.07299
1.1101
1.08214
1.23278
0.839489
0.907345
0.855506
0.820537
0.906379
1.01653
0.983614
1.20662
0.957809
1.05275
0.840457
1.2917
0.841694
0.89049
1.1997
0.867313
0.885188
0.960288
1.45429
0.947832
1.00039
1.05383
1.11546
1.11066
1.32769
0.833232
1.03506
1.31398
1.46727
0.8192
0.82366
1.1432
0.901263
0.965277
0.834347
0.969375
1.10831
0.819689
1.17384
1.11236
1.21434
1.11682
1.26175
1.10085
0.929216
0.945113
0.852891
0.856524
0.833157
0.829255
1.01168
1.14885
1.04018
0.844126
0.829652
0.839004
0.889232
0.887276
1.07703
0.9267
0.947009
0.954651
0.945774
0.819689
1.19914
1.65219
0.877873
0.819689
1.18488
0.96188
1.20376
0.819689
1.1419
0.931423
0.840875
1.2564
0.944317
0.911949
0.900005
0.853099
1.10029
0.825976
1.06412
0.900394
1.17796
0.9236
0.883196
0.93575
0.8192
0.870707
1.21691
0.843546
0.88685
1.13477
0.968119
0.938826
0.819689
0.857056
1.00317
1.07764
0.917369
0.865114
0.907392
0.829491
0.824526
1.00711
1.30934
0.854459
0.905596
1.3791
1.27454
0.947899
1.26913
0.822589
0.819689
0.979954
1.32591
1.29681
0.901661
0.819689
0.869579
0.82178
0.880484
0.825385
0.821279
1.11689
0.838516
0.8206
1.0628
1.61716
0.96733
1.02927
0.834077
0.885525
0.88031
0.988017
0.891739
0.880688
0.827344
1.1079
0.830334
0.865127
0.951334
1.07863
0.932284
0.869577
0.978315
0.922778
1.00526
0.819689
0.827958
0.936012
1.2245
0.974378
0.849309
1.17921
0.868413
1.01767
0.863952
1.10013
0.849384
1.4514
0.884766
1.22492
1.00221
0.906369
0.879105
1.05296
0.827435
0.834825
0.833265
0.883527
1.53517
0.819689
0.8579
1.07594
0.891094
1.24355
1.09905
1.07156
0.879562
0.8577
1.07924
0.843581
1.1223
0.833924
1.0533
0.852032
1.29657
0.820596
1.00641
0.8192
1.10238
0.819689
0.820625
0.893837
0.824974
0.833288
1.09406
0.848903
0.996661
0.902269
1.11918
1.18271
0.895349
0.82873
0.880227
0.958983
1.07626
0.861409
1.47374
1.21842
1.21967
1.17557
0.949297
0.940699
1.04027
0.819689
1.11939
0.995869
0.819689
1.43354
0.866559
0.82053
0.85202
1.17032
1.23738
1.19016
1.28238
0.986503
1.14395
0.970561
0.985799
1.00402
0.986961
1.11062
0.956256
0.969774
1.07796
0.819689
1.20814
1.16666
0.830922
1.28263
0.819689
0.863396
0.882004
1.13946
0.839442
1.22541
0.998071
0.843889
0.968508
1.21007
1.50196
1.07673
0.95076
1.13215
1.55744
0.819689
1.05027
0.834545
0.873092
0.989224
0.866928
0.822978
0.8192
0.978833
0.829027
0.826322
0.969902
1.06748
1.20451
0.97491
1.00083
0.932772
1.06831
1.17893
0.94846
0.968948
0.851222
0.859479
0.916473
1.17129
0.897408
1.24124
0.972947
1.00851
0.837147
1.04355
1.20875
0.918266
1.22985
0.911913
1.20312
0.8192
1.15837
1.00268
0.826098
0.894138
1.1781
1.20084
0.820345
0.819689
1.16377
0.937731
0.819689
1.17408
1.28328
0.903932
1.14342
1.03101
0.835294
1.1126
0.859047
0.827462
1.28784
0.824376
0.873161
0.823296
0.829646
0.821134
0.819689
1.1628
1.05484
0.834574
0.983082
0.836992
0.859859
0.906326
0.898038
0.904057
1.58648
1.28852
0.8192
0.880353
1.53834
0.86142
0.837487
0.8192
1.09872
0.85427
1.18238
0.839709
0.905939
0.848244
0.819689
1.06151
0.97632
1.01039
1.11841
0.821959
0.8192
1.12048
1.14403
0.828972
0.86327
0.850631
0.899181
0.923559
1.42067
1.16852
0.825389
0.861156
0.819689
1.32162
0.90916
