1.40984
1.22015
1.02498
1.06082
1.04805
1.14179
1.05105
1.04251
1.03593
1.02761
1.024
1.14806
1.02829
1.03657
1.08704
1.53044
1.14874
1.27105
1.17356
1.03545
1.20205
1.024
1.16434
1.02598
1.0334
1.26243
1.03535
1.19444
1.21941
1.02602
1.03103
1.024
1.15069
1.024
1.30008
1.28015
1.45933
1.024
1.024
1.04475
1.03571
1.09624
1.024
1.024
1.04118
1.06326
1.02728
1.02498
1.05752
1.12943
1.19278
1.024
1.17036
1.07751
1.15192
1.024
1.23026
1.16512
1.05977
1.04928
1.5477
1.08178
1.15671
1.08354
1.10635
1.08571
1.02498
1.02498
1.02827
1.29136
1.05164
1.10499
1.16895
1.07284
1.024
1.03662
1.38007
1.02498
1.02498
1.02498
1.02498
1.02653
1.0698
1.22913
1.06539
1.07367
1.024
1.13224
1.02791
1.03449
1.18325
1.08378
1.029
1.024
1.02498
1.05167
1.02845
1.02498
1.024
1.12373
1.17812
1.02498
1.22735
1.25322
1.024
1.11566
1.20641
1.02498
1.58131
1.02498
1.024
1.24507
1.024
1.05218
1.024
1.10561
1.20168
1.35353
1.02498
1.02498
1.04927
1.024
1.024
1.44755
1.23599
1.25936
1.20818
1.024
1.12156
1.024
1.02638
1.02751
1.024
1.07863
1.02775
1.024
1.03186
1.024
1.18876
1.024
1.02499
1.024
1.03477
1.07833
1.03237
1.14493
1.26082
1.024
1.024
1.05406
1.37221
1.02498
1.10289
1.26196
1.03814
1.02498
1.16284
1.02767
1.09426
1.024
1.04671
1.02498
1.09693
1.03867
1.04864
1.02764
1.12974
1.05792
1.04946
1.2577
1.024
1.07378
1.024
1.07731
1.04082
1.02904
1.08599
1.16749
1.2931
1.22237
1.024
1.02767
1.06742
1.0762
1.02498
1.06387
1.024
1.024
1.0911
1.14411
1.05903
1.04816
1.02498
1.13793
1.02498
1.26151
1.02498
1.03366
1.28427
1.31808
1.024
1.06348
1.03786
1.05134
1.04619
1.12906
1.024
1.12084
1.024
1.024
1.0612
1.06411
1.26336
1.07866
1.09922
1.07017
1.02498
1.049
1.06475
1.25371
1.02498
1.05448
1.16322
1.03951
1.20059
1.03917
1.11291
1.024
1.14704
1.19086
1.02524
1.0278
1.06523
1.02724
1.03381
1.07459
1.12504
1.16384
1.09282
1.18544
1.024
1.32414
1.024
1.07857
1.05791
1.20077
1.02498
1.1335
1.024
1.04916
1.27182
1.35131
1.02992
1.05978
1.04124
1.0288
1.10006
1.024
1.04877
1.03245
1.024
1.02498
1.03574
1.04235
1.1012
1.06432
1.02498
1.03571
1.23636
1.024
1.02498
1.16129
1.06782
1.05186
1.03976
1.02956
1.04289
1.024
1.08471
1.0735
1.02498
1.11516
1.024
1.04291
1.024
1.30375
1.21588
1.0959
1.024
1.04903
1.03231
1.024
1.02498
1.24928
1.04574
1.03218
1.024
1.13284
1.05222
1.06502
1.04412
1.03819
1.03726
1.12341
1.02667
1.02798
1.25805
1.05084
1.33447
1.37805
1.11983
1.024
1.06171
1.06635
1.02498
1.1094
1.024
1.09927
1.08178
1.05132
1.02995
1.024
1.03179
1.05768
1.02498
1.08674
1.024
1.02498
1.05306
1.02498
1.07613
1.03868
1.06015
1.0623
1.02498
1.29674
1.04681
1.04068
1.30316
1.04392
1.07818
1.11942
1.10133
1.04719
1.06499
1.03328
1.23782
1.024
1.15946
1.13353
1.024
1.08024
1.024
1.07682
1.02934
1.024
1.02498
1.05735
1.08285
1.19359
1.024
1.0524
1.069
1.02498
1.02649
1.28564
1.2013
1.04605
1.02498
1.13738
1.084
1.02775
1.02498
1.02498
1.10895
1.024
1.06519
1.13529
1.07443
1.02498
1.03642
1.1594
1.03341
1.25989
1.05088
1.18626
1.02498
1.024
1.02644
1.02883
1.0449
1.28535
1.14102
1.14077
1.20217
1.04051
1.04933
1.02692
1.23325
1.38102
1.08023
1.06799
1.0469
1.07864
1.06187
1.02498
1.12009
1.024
1.20405
1.02498
1.05091
1.6733
1.02498
1.30726
1.44619
1.15982
1.02498
1.02498
1.06
1.22336
1.024
1.03491
1.50409
1.06008
1.02498
1.024
1.02813
1.024
1.05075
1.34848
1.02701
1.02828
1.24764
1.02498
1.0425
1.02498
1.024
1.14055
1.02673
1.17762
1.02777
1.10608
1.03187
1.04451
1.15542
1.13251
1.024
1.12238
1.15089
1.31683
1.024
1.03024
1.65214
1.12291
1.03341
1.04874
1.02498
1.024
1.10691
1.02712
1.02498
1.13755
1.04973
1.56282
1.25463
1.05019
1.17881
1.07691
1.02585
1.024
1.19586
1.31698
1.03292
1.02576
1.09859
1.71421
1.25826
1.02498
1.04188
1.29236
1.03097
1.02498
1.02498
1.03242
1.09141
1.2206
1.024
1.34515
1.02498
1.03658
1.45143
1.22506
1.05472
1.13345
1.024
1.02498
1.27202
1.19719
1.024
1.03418
1.04546
1.22895
1.07278
1.03854
1.024
1.02498
1.02998
1.37754
1.024
1.05918
1.03374
1.10546
1.02498
1.09357
1.06624
1.02498
1.3043
1.02498
1.02628
1.08312
1.23475
1.04552
1.024
1.02498
1.17284
1.024
1.2075
1.02498
1.024
1.11284
1.20308
1.024
1.08294
1.024
1.26907
1.30503
1.02986
1.024
1.31074
1.02498
1.09912
1.02498
1.024
1.29181
1.024
1.12698
1.024
1.02498
1.34809
1.02498
1.04677
1.024
1.024
1.58961
1.36936
1.02498
1.04722
1.10883
1.03474
1.024
1.0358
1.09925
1.07684
1.02673
1.024
1.02833
1.32619
1.23449
1.54004
1.10287
1.02604
1.52115
1.30547
1.36826
1.02498
1.04879
1.18633
1.21527
1.1008
1.024
1.05458
1.26628
1.024
1.02628
1.024
1.02498
1.05085
1.02498
1.27666
1.03836
1.024
1.10838
1.03764
1.03211
1.14905
1.21297
1.03354
1.02498
1.05858
1.22661
1.12891
1.0279
1.04457
1.024
1.06511
1.024
1.18014
1.09697
1.25105
1.04373
1.07751
1.024
1.22743
1.23463
1.0361
1.024
1.02498
1.32895
1.03139
1.02944
1.09425
1.02835
1.04389
1.05783
1.14405
1.12559
1.17444
1.02498
1.024
1.03123
1.12843
1.07805
1.02617
1.22245
1.03711
1.49992
1.03553
1.06818
1.024
1.02498
1.19265
1.024
1.04997
1.23394
1.07838
1.20483
1.0583
1.02498
1.02858
1.11913
1.04247
1.024
1.02498
1.23753
1.024
1.32532
1.19053
1.024
1.25639
1.02498
1.05407
1.05174
1.20859
1.05365
1.03692
1.21955
1.47539
1.02498
1.08079
1.06828
1.08064
1.02498
1.15905
1.02911
1.02498
1.09948
1.16363
1.02498
1.024
1.20353
1.05944
1.02845
1.06673
1.09431
1.16117
1.20702
1.02498
1.02498
1.02944
1.09714
1.33444
1.024
1.47431
1.03353
1.0309
1.15356
1.05871
1.024
1.08704
1.09035
1.12329
1.02658
1.18538
1.0394
1.02718
1.02498
1.02652
1.03019
1.11003
1.21395
1.024
1.31684
1.19713
1.0345
1.05515
1.04411
1.04733
1.02498
1.08177
1.02529
1.2459
1.0296
1.24673
1.04001
1.05043
1.02523
1.03778
1.02988
1.0368
1.05642
1.15133
1.11443
1.36097
1.024
1.024
1.07596
1.17687
1.33571
1.05584
1.07249
1.07483
1.20461
1.18776
1.02498
1.03151
1.29344
1.22989
1.23221
1.09816
1.024
1.4636
1.08146
1.05773
1.21783
1.09131
1.02614
1.02498
1.02498
1.10019
1.14183
1.02498
1.024
1.22745
1.07091
1.19041
1.07288
1.18467
1.12007
1.024
1.48131
1.09506
1.18946
1.52331
1.36654
1.024
1.07506
1.02498
1.024
1.02498
1.02525
1.22536
1.03452
1.10108
1.024
1.0898
1.024
1.07645
1.14587
1.0708
1.0407
1.024
1.02498
1.024
1.02498
1.18041
1.07059
1.16372
1.1674
1.16261
1.02656
1.024
1.02498
1.02736
1.02672
1.32665
1.02498
1.17949
1.024
1.06867
1.08509
1.02498
1.13001
1.04071
1.13176
1.024
1.02635
1.25136
1.024
1.0271
1.024
1.22225
1.19402
1.09334
1.0551
1.02607
1.02826
1.024
1.101
1.43483
1.03858
1.27457
1.024
1.02905
1.19615
1.21679
1.024
1.14639
1.02616
1.0528
1.44443
1.331
1.052
1.02755
1.024
1.0343
1.08683
1.03349
1.12935
1.02651
1.07179
1.024
1.02923
1.33293
1.02722
1.024
1.05087
1.03253
1.06393
1.0359
1.27068
1.16959
1.02498
1.35267
1.02541
1.02897
1.14885
1.02823
1.35934
1.4559
1.03293
1.02638
1.14756
1.04762
1.03704
1.03406
1.02498
1.024
1.024
1.08706
1.03038
1.024
1.22238
1.048
1.08916
1.03343
1.17629
1.36316
1.05781
1.04214
1.28543
1.16633
1.02498
1.25589
1.03268
1.024
1.07242
1.28211
1.20117
1.02699
1.024
1.04242
1.12175
1.38465
1.07663
1.024
1.02681
1.06529
1.024
1.63909
1.46535
1.02498
1.024
1.024
1.024
1.15642
1.23342
1.02601
1.024
1.15766
1.20364
1.09185
1.24729
1.20917
1.39036
1.03496
1.0505
1.024
1.02498
1.10476
1.08677
1.28245
1.03999
1.07703
1.13103
1.03149
1.03257
1.024
1.02498
1.024
1.02725
1.14456
1.02498
1.024
1.02835
1.16953
1.05395
1.0307
1.13201
1.21288
1.17746
1.04211
1.024
1.18039
1.04744
1.33645
1.23262
1.31403
1.024
1.02498
1.03543
1.08921
1.06954
1.08466
1.04759
1.13552
1.03657
1.0499
1.02498
1.024
1.024
1.024
1.02498
1.024
1.11664
1.02817
1.024
1.07744
1.05668
1.03154
1.02826
1.27176
1.17113
1.10655
1.04541
1.024
1.22339
1.02498
1.39043
1.024
1.02498
1.06759
1.03263
1.18863
1.02498
1.08108
1.02575
1.04016
1.0532
1.03045
1.024
0.911678
1.17739
0.911707
0.974453
1.18304
0.866352
1.02067
1.12388
0.837028
1.11685
1.09845
0.884166
1.08812
0.832858
1.2614
1.19227
0.836064
1.0548
0.850137
0.84705
1.03626
0.880101
1.29769
0.8192
0.858549
0.819756
0.819689
0.952914
0.876317
0.819689
1.21289
1.15431
0.929902
0.819689
1.01055
0.921738
0.866204
0.864619
1.00296
0.833541
1.35371
0.843565
0.826355
1.16732
0.820409
0.92967
1.12802
0.891872
0.85959
0.851878
0.869739
0.828014
1.03092
0.934557
1.67244
1.00941
1.22607
0.866676
1.31869
0.844638
0.982848
0.878625
1.00247
0.890588
0.827018
1.57951
0.933783
1.19406
0.869665
0.827215
0.837444
0.986323
0.833646
0.829335
1.011
1.00322
1.05744
1.3145
0.888406
0.874187
0.848728
0.836076
1.24297
0.821683
0.871258
0.943786
1.18602
0.928268
0.928958
0.844961
0.829119
1.48445
1.1201
1.22166
1.00688
1.2193
0.819907
0.902122
0.933027
0.913172
0.845973
0.891317
0.833429
0.823522
1.15571
0.861438
0.882326
0.8192
0.905392
0.998182
0.869328
0.820161
1.14896
0.827141
0.873758
1.07717
1.00638
1.10191
1.03007
0.8192
1.05407
1.0085
0.980925
0.910115
0.99557
1.3509
1.5121
0.857401
0.98671
1.16778
1.02594
1.38025
1.12931
0.95303
0.83146
0.997627
0.875292
1.07321
0.951967
1.17037
0.844974
0.830767
0.820015
0.888882
1.04797
0.826032
1.1997
0.842554
0.970374
0.915203
0.823397
0.867978
1.07465
0.823036
0.863523
1.08339
0.924917
0.820227
0.916709
1.24128
0.859719
1.19241
1.17993
0.91912
1.04219
1.12883
0.819893
1.03041
0.819689
0.832964
0.831835
0.884754
0.839449
0.900141
0.823694
1.13595
0.996868
0.825275
0.929126
1.0091
1.02594
0.856363
0.819689
0.901871
0.820435
0.998041
0.821642
0.827573
1.14546
0.895216
0.859011
0.820515
0.942151
0.913691
0.913175
0.820545
0.839055
1.27209
1.00136
0.952548
1.02218
1.08205
0.838902
1.00669
0.823019
1.22946
0.851171
0.865392
0.881645
0.887698
0.860928
0.819689
1.27076
0.936286
0.929015
1.21214
0.961626
1.24735
1.13573
1.16295
1.06637
1.1399
0.933232
0.895679
0.82485
1.14147
1.39648
0.847958
1.09356
1.26725
0.855728
1.01875
0.835625
0.895097
1.01912
0.995859
1.03845
0.895131
1.43151
0.839633
1.24926
0.819689
1.11214
1.16061
0.931721
0.878639
0.829743
0.842949
1.1476
0.910417
1.01115
0.872561
1.09612
1.34943
0.877374
0.965274
1.33459
0.883925
0.977981
0.840792
1.06807
0.858847
0.977892
0.819689
0.873878
0.911083
1.01851
0.943485
0.900343
1.07477
0.867471
0.985851
1.04016
0.827038
0.833679
1.08804
0.846123
1.31736
0.888707
0.968394
1.01405
0.841463
0.821873
0.835232
1.06717
0.879519
0.845481
0.840924
0.996206
1.09185
1.01908
0.820866
1.16903
0.886682
1.00553
0.91351
0.831637
1.50181
0.939448
1.12418
0.925616
0.947793
0.861209
1.04561
0.950044
0.8192
1.22956
0.864868
0.871712
0.915137
0.859078
0.8192
1.18569
0.982912
1.11193
1.16903
0.908115
0.841852
1.08074
0.888755
1.16951
1.02369
0.908444
1.04572
0.89436
0.857846
0.939786
0.819689
0.901203
1.03
0.904928
0.874808
1.07059
0.847455
0.937672
1.58813
1.23771
0.821703
0.820594
0.844382
0.819689
0.837813
0.829343
0.863212
0.871564
0.819689
1.08421
0.839272
0.938241
0.8192
1.08132
0.86129
0.819689
1.13169
0.931383
1.16246
0.906473
0.937807
1.09325
0.825568
0.820264
0.895715
0.852094
0.912354
1.25034
1.23019
1.08981
0.888649
0.991417
1.25714
0.924418
1.39454
1.08665
0.876218
0.911711
1.04219
1.22215
1.17759
1.16334
1.06573
0.894856
1.03403
1.04089
0.995453
0.916525
0.839606
0.819689
0.951624
1.14968
0.946531
0.906028
0.835699
1.21745
1.26193
0.819689
0.854666
0.862774
0.880032
0.822996
1.00886
0.819689
1.03405
0.819689
0.921914
1.05285
0.835395
1.32618
0.915444
1.11254
0.843845
1.01905
0.8192
0.864162
1.10782
0.861215
0.836574
1.06509
0.941758
1.13519
1.18167
1.0313
1.00568
0.819916
0.835909
0.919235
0.903849
1.22822
1.48621
1.31557
1.07357
1.01234
0.923807
0.913609
1.04788
1.13719
0.944474
0.961038
0.937585
0.864069
1.0855
1.08971
0.823507
1.04118
1.26165
0.87006
1.21566
0.89453
0.819689
1.43391
0.937627
1.05034
0.822003
1.02658
1.06621
0.969987
0.994818
0.829098
0.819689
1.14866
1.05568
1.05641
1.01361
0.878343
1.26608
0.890277
0.839509
1.07718
0.843943
0.924832
0.840269
0.819689
0.867889
0.8192
0.824757
1.05071
0.861067
1.08284
0.826522
1.03528
0.928795
0.875525
0.830281
0.886396
1.00971
0.820678
1.13889
0.823033
0.819689
1.09321
1.04978
0.997466
1.27684
1.12505
0.819689
0.950907
0.901627
0.961116
1.00732
0.992136
0.842958
1.08171
0.974909
0.995227
0.962592
1.05325
0.847781
1.31386
0.941659
0.903972
0.819689
1.16701
0.819689
0.967584
1.08575
0.916467
0.840264
0.852594
0.986561
1.16903
1.12414
0.97341
0.947043
0.938375
0.83262
0.895186
1.10214
0.963379
0.940903
1.01186
1.02138
1.0255
1.03306
1.31397
1.26085
0.842883
1.21999
1.18513
1.29982
1.35597
0.932059
0.94131
0.821606
0.896957
0.857973
1.17054
1.24496
1.05111
0.84138
0.910508
1.27221
1.17581
0.829257
1.07138
1.05957
1.13908
0.907846
1.40486
0.985412
1.14043
0.921706
1.2227
0.85423
0.853375
1.24859
0.819689
0.908493
1.22646
0.819953
1.51261
1.48481
1.17059
0.882889
0.910802
0.886139
0.832724
0.941693
0.93577
0.871001
0.832115
0.828547
1.19396
0.872859
0.823917
1.24985
1.10956
1.32013
1.04233
0.83735
1.19801
1.12745
0.939436
0.90916
0.891503
0.960017
0.867862
1.12162
1.15876
1.10642
0.863986
0.858736
1.07073
0.944607
0.851305
0.972508
1.00796
1.02351
0.939155
0.819689
1.03692
1.10269
0.898981
1.30828
0.974147
0.819689
1.12889
0.906938
1.27691
1.04179
1.23764
0.909959
1.35346
0.92437
1.23295
0.869598
1.25927
0.988881
1.03711
1.11271
0.819689
0.854103
1.01253
0.869874
0.910633
0.97145
1.1801
0.8192
0.841834
0.952253
1.37669
1.15656
1.19399
0.93152
0.897343
0.92872
0.876841
0.965046
0.842086
1.4015
0.819689
1.12237
1.08683
0.854631
0.819689
0.831337
0.99868
1.46826
0.966336
0.936837
1.01977
0.833858
0.829799
0.957126
1.06207
1.42962
1.18575
0.861777
1.01675
1.01293
1.07184
0.94079
0.819689
1.01226
0.990135
0.83078
0.849112
0.836366
0.931486
1.14593
1.09423
1.44347
0.928306
0.85272
0.837298
1.25107
1.17735
0.831185
1.22448
0.923452
0.819689
1.0771
0.865309
0.843895
0.837954
0.963014
0.819689
1.04982
0.932778
1.15346
0.848316
0.953218
1.05496
0.840137
0.864328
1.08372
0.910182
0.819689
0.825311
0.819689
0.840648
1.14242
1.22437
0.864597
1.05644
0.8192
1.15224
0.823401
0.986152
1.18221
0.848629
1.06499
1.12761
1.11918
1.0115
1.04807
0.829331
0.820116
0.999249
0.85192
0.861148
1.45875
0.820047
1.01454
0.968874
0.851273
1.13013
1.14087
0.985611
0.92002
0.880657
0.961979
0.958134
1.12144
0.842109
1.11282
1.11888
1.53419
0.822404
1.08343
0.819689
0.858577
0.876622
0.825666
0.819689
1.36225
1.2685
0.86929
0.824934
1.26972
0.995365
0.891351
0.98324
0.835847
0.819812
1.01117
0.878858
1.03608
0.890989
1.20719
1.44412
0.859159
0.886992
1.14138
1.10263
0.870732
0.868776
0.819689
1.02326
1.53497
0.845778
0.82295
0.82833
0.855621
0.865202
0.872016
0.871838
0.8517
1.36465
0.820577
1.11198
1.04677
0.819689
0.826458
0.969491
0.859732
0.838638
0.831774
1.00368
0.975939
0.898428
1.06115
1.05022
0.900181
1.26754
1.29533
0.876768
1.19104
0.941971
0.820972
0.819689
0.819689
0.983352
0.945156
1.00898
1.42158
0.948419
1.01776
1.2081
0.8192
1.02641
0.879833
1.03115
0.905597
0.8192
0.819689
1.17292
1.09667
0.931508
0.880482
0.922875
0.958879
1.04572
0.977227
0.869933
0.822515
0.976743
0.823012
0.937783
1.18528
0.838993
1.32445
1.25251
0.822854
1.14931
1.03567
0.846176
1.21396
1.03059
0.8192
0.822911
1.21729
1.12101
0.890748
1.28962
1.16695
0.902953
1.10367
0.99011
0.821882
0.823461
1.28613
0.934606
0.848064
1.07613
1.32079
0.866505
0.838276
1.13892
1.33095
1.02996
0.881133
0.91922
0.821027
0.833816
1.1686
0.828409
1.22337
0.853146
0.892329
1.0914
0.822272
1.00304
0.823323
1.31913
0.874085
1.18198
1.22363
0.919212
0.84221
0.914624
1.10809
0.819689
1.12781
0.819689
0.819689
1.10446
0.881038
0.872531
1.00799
0.83969
0.8192
1.43964
0.857844
1.29964
0.875187
1.00913
0.944931
0.838605
0.915137
0.836031
1.04869
1.09855
0.991517
0.826772
0.981798
0.980056
1.01783
0.823497
1.16115
0.835567
0.844079
0.86936
0.874085
1.32373
1.2474
0.882366
0.877552
1.01314
0.87245
0.860568
0.829666
1.07925
0.844399
0.819689
0.926879
0.855471
1.14029
0.823885
1.03268
0.839394
0.852073
1.10673
0.899274
0.872233
0.912654
0.90897
1.29372
1.52396
0.888644
0.998701
1.27162
0.893494
0.982305
0.838773
0.964053
1.14026
1.07708
0.902086
0.951709
0.943198
0.923805
1.02983
1.04968
1.30362
0.819689
0.877631
1.08175
0.870589
0.959322
0.84219
1.02018
0.94023
1.2904
0.819689
0.84972
1.38069
0.83254
0.8829
0.935613
0.916803
0.830028
0.881058
1.20087
1.07787
0.819689
1.10446
0.819689
1.36973
1.00122
0.889381
0.8192
0.819689
1.12351
1.13108
0.84273
0.844222
0.833785
0.862748
0.921235
0.863054
0.885696
0
0
0
0
0
0
0
0
0
0
0
0
0
0
0
0
0
0
0
0
0
0
0
0
0
0
0
0
0
0
0
0
0
0
0
0
0
0
0
0
0
0
0
0
0
0
0
0
0
0
0
0
0
0
0
0
0
0
0
0
0
0
0
0
0
0
0
0
0
0
0
0
0
0
0
0
0
0
0
0
0
0
0
0
0
0
0
0
0
0
0
0
0
0
0
0
0
0
0
0
0
0
0
0
0
0
0
0
0
0
0
0
0
0
0
0
0
0
0
0
0
0
0
0
0
0
0
0
0
0
0
0
0
0
0
0
0
0
0
0
0
0
0
0
0
0
0
0
0
0
0
0
0
0
0
0
0
0
0
0
0
0
0
0
0
0
0
0
0
0
0
0
0
0
0
0
0
0
0
0
0
0
0
0
0
0
0
0
0
0
0
0
0
0
0
0
0
0
0
0
0
0
0
0
0
0
0
0
0
0
0
0
0
0
0
0
0
0
0
0
0
0
0
0
0
0
0
0
0
0
0
0
0
0
0
0
0
0
0
0
0
0
0
0
0
0
0
0
0
0
0
0
0
0
0
0
0
0
0
0
0
0
0
0
0
0
0
0
0
0
0
0
0
0
0
0
0
0
0
0
0
0
0
0
0
0
0
0
0
0
0
0
0
0
0
0
0
0
0
0
0
0
0
0
0
0
0
0
0
0
0
0
0
0
0
0
0
0
0
0
0
0
0
0
0
0
0
0
0
0
0
0
0
0
0
0
0
0
0
0
0
0
0
0
0
0
0
0
0
0
0
0
0
0
0
0
0
0
0
0
0
0
0
0
0
0
0
0
0
0
0
0
0
0
0
0
0
0
0
0
0
0
0
0
0
0
0
0
0
0
0
0
0
0
0
0
0
0
0
0
0
0
0
0
0
0
0
0
0
0
0
0
0
0
0
0
0
0
0
0
0
0
0
0
0
0
0
0
0
0
0
0
0
0
0
0
0
0
0
0
0
0
0
0
0
0
0
0
0
0
0
0
0
0
0
0
0
0
0
0
0
0
0
0
0
0
0
0
0
0
0
0
0
0
0
0
0
0
0
0
0
0
0
0
0
0
0
0
0
0
0
0
0
0
0
0
0
0
0
0
0
0
0
0
0
0
0
0
0
0
0
0
0
0
0
0
0
0
0
0
0
0
0
0
0
0
0
0
0
0
0
0
0
0
0
0
0
0
0
0
0
0
0
0
0
0
0
0
0
0
0
0
0
0
0
0
0
0
0
0
0
0
0
0
0
0
0
0
0
0
0
0
0
0
0
0
0
0
0
0
0
0
0
0
0
0
0
0
0
0
0
0
0
0
0
0
0
0
0
0
0
0
0
0
0
0
0
0
0
0
0
0
0
0
0
0
0
0
0
0
0
0
0
0
0
0
0
0
0
0
0
0
0
0
0
0
0
0
0
0
0
0
0
0
0
0
0
0
0
0
0
0
0
0
0
0
0
0
0
0
0
0
0
0
0
0
0
0
0
0
0
0
0
0
0
0
0
0
0
0
0
0
0
0
0
0
0
0
0
0
0
0
0
0
0
0
0
0
0
0
0
0
0
0
0
0
0
0
0
0
0
0
0
0
0
0
0
0
0
0
0
0
0
0
0
0
0
0
0
0
0
0
0
0
0
0
0
0
0
0
0
0
0
0
0
0
0
0
0
0
0
0
0
0
0
0
0
0
0
0
0
0
0
0
0
0
0
0
0
0
0
0
0
0
0
0
0
0
0
0
0
0
0
0
0
0
0
0
0
0
0
0
0
0
0
0
0
0
0
0
0
0
0
0
0
0
0
0
0
0
0
0
0
0
0
0
0
0
0
0
0
0
0
0
0
0
0
0
0
0
0
0
0
0
0
0
0
0
0
0
0
0
0
0
0
0
0
0
0
0
0
0
0
0
0
0
0
0
0
0
0
0
0
0
0
0
0
0
0
0
0
0
0
0
0
0
0
0
0
0
0
0
0
0
0
0
0
0
0
0
0
0
0
0
0
0
0
0
0
0
0
0
0
0
0
0
0
0
0
0
0
0
0
0
0
0
0
0
0
0
0
0
0
0
0
0
0
0
0
0
0
0
0
0
0
0
0
0
0
0
0
0
0
0
0
0
0
0
0
0
0
0
0
0
0
0
0
0
0
0
0
0
0
0
0
0
0
0
0
0
0
0
0
0
0
0
0
0
0
0
0
0
0
0
0
0
0
0
0
0
0
0
0
0
0
0
0
0
0
0
0
0
0
0
0
0
0
0
0
0
0
0
0
0
0
0
0
0
0
0
0
0
0
0
0
0
0
0
0
0
0
0
0
0
0
0
0
0
0
0
0
0
0
0
0
0
0
0
0
0
0
0
0
0
0
0
0
0
0
0
0
0
0
0
0
0
0
0
0
0
0
0
0
0
0
0
0
0
0
0
0
0
0
0
0
0
0
0
0
0
0
0
0
0
0
0
0
0
0
0
0
0
0
0
0
0
0
0
0
0
0
0
0
0
0
0
0
0
0
0
0
0
0
0
0
0
0
0
0
0
0
0
0
0
0
0
0
0
0
0
0
0
0
0
0
0
0
0
0
0
0
0
0
0
0
0
0
0
0
0
0
0
0
0
0
0
0
0
0
0
0
0
0
0
0
0
0
0
0
0
0
0
0
0
0
0
0
0
0
0
0
0
0
0
0
0
0
0
0
0
0
0
0
0
0
0
0
0
0
0
0
0
0
0
0
0
0
0
0
0
0
0
0
0
0
0
0
0
0
0
0
0
0
0
0
0
0
0
0
0
0
0
0
0
0
0
0
0
0
0
0
0
0
0
0
0
0
0
0
0
0
0
0
0
0
0
0
0
0
0
0
0
0
0
0
0
0
0
0
0
0
0
0
0
0
0
0
0
0
0
0
0
0
0
0
0
0
0
0
0
0
0
0
0
0
0
0
0
0
0
0
0
0
0
0
0
0
0
0
0
0
0
0
0
0
0
0
0
0
0
0
0
0
0
0
0
0
0
0
0
0
0
0
0
0
0
0
0
0
0
0
0
0
0
0
0
0
0
0
0
0
0
0
0
0
0
0
0
0
0
0
0
0
0
0
0
0
0
0
0
0
0
0
0
0
0
0
0
0
0
0
0
0
0
0
0
0
0
0
0
0
0
0
0
0
0
0
0
0
0
0
0
0
0
0
0
0
0
0
0
0
0
0
0
0
0
0
0
0
0
0
0
0
0
0
0
0
0
0
0
0
0
0
0
0
0
0
0
0
0
0
0
0
0
0
0
0
0
0
0
0
0
0
0
0
0
0
0
0
0
0
0
0
0
0
0
0
0
0
0
0
0
0
0
0
0
0
0
0
0
0
0
0
0
0
0
0
0
0
0
0
0
0
0
0
0
0
0
0
0
0
0
0
0
0
0
0
0
0
0
0
0
0
0
0
0
0
0
0
0
0
0
0
0
0
0
0
0
0
0
0
0
0
0
0
0
0
0
0
0
0
0
0
0
0
0
0
0
0
0
0
0
0
0
0
0
0
0
0
0
0
0
0
0
0
0
0
0
0
0
0
0
0
0
0
0
0
0
0
0
0
0
0
0
0
0
0
0
0
0
0
0
0
0
0
0
0
0
0
0
0
0
0
0
0
0
0
0
0
0
0
0
0
0
0
0
0
0
0
0
0
0
0
0
0
0
0
0
0
0
0
0
0
0
0
0
0
0
0
0
0
0
0
0
0
0
0
0
0
0
0
0
0
0
0
0
0
0
0
0
0
0
0
0
0
0
0
0
0
0
0
0
0
0
0
0
0
0
0
0
0
0
0
0
0
0
0
0
0
0
0
0
0
0
0
0
0
0
0
0
0
0
0
0
0
0
0
0
0
0
0
0
0
0
0
0
0
0
0
0
0
0
0
0
0
0
0
0
0
0
0
0
0
0
0
0
0
0
0
0
0
0
0
0
0
0
0
0
0
0
0
0
0
0
0
0
0
0
0
0
0
0
0
0
0
0
0
0
0
0
0
0
0
0
0
0
0
0
0
0
0
0
0
0
0
0
0
0
0
0
0
0
0
0
0
0
0
0
0
0
0
0
0
0
0
0
0
0
0
0
0
0
0
0
0
0
0
0
0
0
0
0
0
0
0
0
0
0
0
0
0
0
0
0
0
0
0
0
0
0
0
0
0
0
0
0
0
0
0
0
0
0
0
0
0
0
0
0
0
0
0
0
0
0
0
0
0
0
0
0
0
0
0
0
0
0
0
0
0
0
0
0
0
0
0
0
0
0
0
0
0
0
0
0
0
0
0
0
0
0
0
0
0
0
0
0
0
0
0
0
0
0
0
0
0
0
0
0
0
0
0
0
0
0
0
0
0
0
0
0
0
0
0
0
0
0
0
0
0
0
0
0
0
0
0
0
0
0
0
0
0
0
0
0
0
0
0
0
0
0
0
0
0
0
0
0
0
0
0
0
0
0
0
0
0
0
0
0
0
0
0
0
0
0
0
0
0
0
0
0
