-0.675816
0.263943
0.728089
-0.388242
0.440137
-0.120654
-0.408488
0.367371
-0.342226
-2.71809
-1.04433
-1.51917
-0.869421
0.227026
-1.7844
-1.61962
-1.32332
-1.11682
0.458052
-0.887468
-1.46128
-1.83576
-0.970454
-0.897559
-1.31496
0.250703
-0.0305404
0.491542
-0.462577
-0.217198
0.0469969
-0.145026
-0.124721
0.473097
-0.915949
0.286689
-0.266012
-1.33497
0.0866465
0.162426
0.387936
0.0602501
-1.69062
0.229459
0.174885
0.462979
-0.311753
-0.691415
-0.0412285
-0.610044
-0.0864044
0.12517
-0.475985
-0.661638
0.794015
-1.61437
-0.795331
-2.20782
-1.11564
0.288983
0.402889
-0.418616
0.297675
-1.61675
-0.958858
0.145146
-0.617604
-0.521321
-0.486069
-0.328705
-0.484773
-0.628353
0.200533
-1.17121
-1.13711
-0.24604
0.0637766
-1.43016
-1.39086
0.399617
-0.0312716
0.190475
-0.651877
-1.62156
-0.349203
-0.295394
0.209031
-1.63241
0.0456002
-2.89299
-0.101861
-0.475414
0.275614
-0.504836
0.00475868
-0.60986
-0.329417
-0.704262
-0.678863
-0.891298
-0.233237
-1.03156
0.686295
0.362133
-0.00171103
0.353882
-1.39112
-1.06117
-0.045314
-0.436484
-1.28339
-2.07492
-1.28179
0.266461
-0.115011
-0.625924
0.13012
0.0457451
0.11782
-1.11993
-2.02251
-0.9225
-0.967152
-1.12077
-0.222364
-0.0770936
0.509205
0.246934
-0.529391
-0.141547
0.109519
-0.600136
0.577058
-0.105288
0.481785
-1.50312
-0.0085187
-0.0245664
-0.742928
0.639757
-0.356916
-1.37921
0.938768
-0.00938573
-0.181627
-0.532838
0.0784758
-0.427274
0.330368
-1.06188
-0.349955
-1.58321
-0.73954
-0.419978
-0.684312
-0.0725848
-0.876138
-1.35443
0.569153
-1.18528
0.0508634
0.519866
0.181582
0.0153034
0.141288
-0.255652
0.464754
-0.0484036
0.0908449
0.0962598
-0.744701
-0.0978238
0.522444
-0.843751
-0.527108
-2.28103
-0.0822301
0.0697266
0.244484
-0.795088
-0.328996
-1.34964
-0.117918
0.285235
-0.21947
0.0722649
-1.1863
-1.03506
0.290843
-0.565246
-1.71134
-1.01679
0.0937438
-0.510197
-0.335364
-0.129177
-0.375599
-0.722398
-0.377524
0.166465
-0.524579
0.152926
0.353395
-0.805325
-0.118759
0.219254
0.0365459
-0.451742
-0.913775
-0.374626
0.710872
-0.834832
-0.242093
0.556789
0.15665
0.257262
-0.530779
0.28264
-0.710096
-0.294997
0.0222873
-0.830778
-0.409161
-1.37561
-0.946451
-0.236117
-0.760281
-0.625078
0.498896
-1.43138
-0.0867774
0.198326
0.364573
0.741559
-0.169071
0.207074
-2.21039
-0.799273
-0.394977
0.305109
0.502699
-1.24583
0.141236
0.0412645
-0.0386401
-0.386998
-2.09222
0.308734
0.200193
0.199802
-1.83664
0.514543
-0.145309
-1.41514
0.20346
-1.26079
-1.06306
0.222942
-0.817407
0.573667
0.426924
-0.887551
0.213322
-0.747864
0.526585
0.279318
-0.200061
-1.20031
0.44226
0.333194
-0.896553
0.679709
0.153
0.802372
0.189137
0.274886
0.326453
-0.190114
0.152938
0.139357
-0.157042
-1.47645
0.682455
-0.15437
0.268785
0.658876
0.54196
0.257903
0.261561
-0.389998
0.325106
-0.675136
-1.56545
0.0333253
-1.49987
-0.218297
0.171896
-0.0958095
-0.537742
0.156958
-0.102165
0.154898
0.258984
0.16436
-1.32861
-0.766721
0.703105
0.276816
0.0902929
0.618801
0.156973
-0.844178
-2.0109
0.0197091
-0.227189
0.276169
-0.154398
-0.188111
0.05765
0.098316
0.395729
-0.120112
0.401906
-0.685021
0.0217334
-0.487276
-0.204467
-0.00944423
0.55426
0.57694
0.0127674
-0.713668
0.208811
-0.0171912
0.236654
0.281117
0.23366
0.773533
0.0110707
-0.978998
-1.94219
-0.858333
-0.480357
-0.13872
0.160034
-1.01471
-0.162419
0.0603023
-0.473551
-1.5678
-0.237155
0.0605303
-1.54448
-1.57133
0.340591
-0.115983
0.343265
-0.441025
-1.8275
-1.30737
-1.40792
0.297133
0.477198
-1.24868
-0.173567
0.0885699
-1.08134
-0.475054
0.2825
0.46537
-0.456091
-0.284519
-0.527777
0.0645444
0.469279
-0.960091
0.143481
0.123875
0.483504
-1.1613
0.0420583
0.428971
0.0963111
-0.347558
0.406326
-0.790541
-1.45386
0.122875
0.0531089
-0.960252
-0.38066
0.483455
-0.216454
-0.423443
-1.52205
-0.00944999
0.671205
-0.213478
0.16716
-0.610475
-0.866483
-0.446178
-1.99814
-0.849875
-0.105395
-1.69597
0.0391825
0.0184563
0.160154
0.669542
-1.74519
0.270416
-0.203358
-0.837038
0.107883
-1.01647
-0.865925
-0.692573
-1.03971
-0.497492
-0.966411
-0.793848
-0.624791
-0.120966
0.203652
-0.115771
-1.19169
-1.04906
-1.12273
-0.102434
0.213593
0.502364
0.717499
-0.453634
0.000782052
-0.470946
0.259176
0.286273
-0.825401
-0.339036
-0.279292
0.215449
-1.02484
-0.550671
-1.10085
-0.966962
0.498501
0.300781
-0.833397
-0.881096
-0.830046
-0.0345575
-0.516354
-0.00625121
-1.31503
-0.00321664
0.440742
-0.768073
-1.07768
-2.59903
-0.806041
-0.196304
-0.850211
-0.170107
-0.271104
-0.455189
-0.984402
-2.84765
-0.0984048
-0.772007
-1.18263
-0.0106848
0.213264
0.3309
-0.551997
-0.240444
-0.533524
-0.425451
-1.28807
0.45121
0.707558
-0.466387
0.67496
-0.213702
0.730211
-1.06542
-0.464128
-1.62647
-0.017443
-0.0130996
0.103085
0.000356593
-0.718779
0.229277
0.301167
-1.93466
0.139383
0.228716
-1.86638
0.471168
-0.854843
0.0558735
0.417403
-2.43429
0.0680382
-0.439142
0.0677258
0.528912
-0.775566
-1.57445
-1.41829
-1.50833
-0.615454
-2.22785
0.536716
0.37819
0.612353
0.253818
-1.16787
-0.85645
-1.13616
-0.245715
-0.187096
-1.17754
0.116111
-1.65805
-1.15984
0.423564
0.35052
0.548833
0.261346
-0.467268
0.0676484
-1.62817
-0.0940305
-0.0165776
-0.473986
-0.852777
-0.0657744
-0.335056
-0.522667
0.386395
-0.247576
-0.450137
-0.596379
0.707678
-0.0841097
0.261015
0.326341
-0.528759
0.0620358
0.374522
-0.72002
0.0680269
0.271388
-0.285432
-0.135632
0.570065
0.483073
0.0807297
0.714408
-0.25709
-0.440615
-1.8171
-0.742357
-0.000572257
0.889569
0.392817
-0.978043
-0.195475
-1.24584
0.415085
-0.375206
-2.81285
-0.216966
-0.675575
0.103352
-0.198115
-1.14637
-0.741659
0.411166
-0.186018
-1.98227
0.0341151
-0.617303
0.159636
-0.624071
0.362537
-1.30378
-0.0790753
0.0460633
-0.305105
-1.59811
-0.317759
-0.0451556
-0.116484
0.201917
-1.44777
-0.522489
-1.74605
-0.870612
-1.0116
0.428239
0.125699
0.169618
-1.27558
-0.184551
-0.260437
0.470747
-0.823168
0.441147
-0.288856
-1.8533
0.719879
-0.0799328
-0.289934
-0.554058
0.387184
0.264902
-0.131402
-0.0415706
0.347337
-0.700982
0.413513
-0.197614
0.703746
-0.950189
-1.10325
0.0937312
-0.0512943
-0.708154
-0.237738
-0.576298
0.0192731
-1.10099
-0.651966
0.32542
-1.97447
-2.10335
-0.522745
0.211996
-0.893532
-0.152666
-0.223763
-0.784802
0.457328
-1.15524
-0.303541
0.0757131
0.584558
0.239477
0.287446
-0.650297
-0.357188
0.348287
0.234076
0.0806141
-1.91683
-0.545266
-0.81217
0.807337
-1.18345
0.283244
0.530539
-0.00972638
-0.27942
-0.469441
0.199093
-1.99325
-1.36897
0.113761
0.0140268
-0.555154
0.478776
-0.590102
-1.50239
-1.58129
-0.161345
-0.234078
-1.10868
-0.0883482
0.131606
-0.107313
0.687723
0.365656
-0.274766
-0.649018
0.42782
-0.112308
-0.288417
-0.0378977
-0.196586
0.0944318
0.135225
-0.269393
-1.77968
-0.836937
-0.575414
-0.76429
-0.536551
-0.00829857
-0.770433
-0.217785
0.386509
-0.269702
-0.178337
-1.0209
-1.15113
-2.23889
-0.520751
-1.93531
-1.11231
-0.669876
-0.521304
0.621454
0.220769
0.265873
-1.41246
-1.15447
-0.221351
0.527461
-0.128487
0.40147
-0.974258
0.0366985
0.599624
-1.02404
-1.99779
0.251303
-0.239433
-1.09226
-0.753085
0.228223
0.451687
0.368545
-0.061401
0.15726
-1.35514
-0.867695
-1.18149
0.0213823
0.291824
0.52115
-0.225051
-0.14354
-2.17486
0.353768
-0.700319
-0.613102
0.440293
-0.223517
-0.974832
-0.252729
-0.410586
0.231299
-1.29781
0.189009
-0.523415
0.129798
-0.343657
-2.01562
-0.106463
0.612264
-0.878987
-0.106865
-0.383654
0.144622
0.405056
-0.103148
0.361765
-0.208928
-1.17458
-0.833162
0.313103
-0.639213
0.0789167
0.436191
0.249084
-0.807602
0.390162
-0.727641
0.141657
-0.092804
-0.578358
-1.27674
-0.641973
0.314085
-0.883667
0.340555
-0.231475
0.486884
-0.367019
-0.426067
-0.0631112
0.316702
0.285991
0.0680154
-1.37215
-1.12069
-1.12482
-0.446467
-0.948591
-0.941826
-0.794199
-0.386529
-0.559215
-3.32992
-0.816364
0.261381
-0.452681
-0.446554
-0.347338
-0.145582
-0.59197
-0.025786
0.699235
0.25021
0.229979
-1.2397
-2.332
-0.30888
-0.773902
0.163068
0.291389
-2.20502
-0.422924
-0.143547
-0.197514
-1.25664
-1.29283
0.734621
0.175622
-0.707947
-1.79268
-1.62455
-1.03986
0.101692
0.112995
0.45302
-0.121381
-0.204645
-0.964472
0.459358
-1.19458
0.0674687
0.541513
0.452697
0.202587
-0.184983
-1.26963
-0.682428
-0.156532
-1.08781
-0.916297
-0.861429
-1.19532
-1.8918
0.349427
-1.39388
-1.37036
0.0478798
-1.17376
-0.641055
0.279737
0.258282
-1.34862
0.199319
0.0446895
0.609061
-0.945491
-0.382575
-2.22496
-0.715326
-1.41546
-2.09564
0.450071
0.786994
0.300709
0.252636
-1.22786
-0.419241
-0.841501
-0.894746
-1.37317
-0.582476
-0.334836
0.380359
-0.0841904
0.587711
-0.480273
0.185407
0.148649
-0.116812
-1.34567
0.380718
-1.19271
0.0192404
0.786625
-0.485572
0.338045
-0.561253
-1.31761
-0.2086
0.0918562
0.752037
-1.14387
-1.41331
-1.40902
0.554211
0.376074
0.492631
-1.00079
-0.0858697
-2.07127
0.214315
-0.699931
-0.717747
-1.43281
-0.237215
-0.176668
-1.72912
0.0978265
-1.65924
0.520621
-0.942426
-0.250499
-0.310008
-0.174701
-2.23676
0.234378
-0.622426
-0.387326
0.0274593
-0.257884
-0.149051
-1.07838
-0.5746
0.317516
0.142686
0.0263854
-0.0237655
-1.16421
-1.62753
0.13486
-0.732188
-0.963477
0.318685
0.411034
0.134807
-0.299484
-0.190677
0.829918
0.585249
-0.836518
-0.616412
-0.362611
0.15697
0.133404
-1.40194
-0.882415
-0.932936
-0.932095
-1.47448
-1.02465
-1.74093
-1.28282
0.532408
-1.31119
-2.5173
-0.0510131
-0.613877
-1.05106
0.274234
-0.96347
-0.0472917
-1.37249
-1.62133
-0.273912
-1.45513
-0.177757
-0.493587
-0.644744
-1.49183
-1.09189
0.139127
0.830814
-0.170362
0.588617
0.234036
0.554514
-0.289723
0.516018
0.285549
0.198957
-0.22982
-1.34306
-0.156056
0.380607
-2.3509
0.264256
-0.925304
-0.181925
-1.36899
-0.35449
-0.531283
0.410688
-0.354843
0.103461
-0.315172
0.347179
-0.244828
0.284148
-0.451905
-0.307918
-0.214443
-0.589851
0.153636
-0.933034
0.0477702
-1.56909
-1.01415
-0.00164885
-1.03558
0.56902
-0.413247
-0.33803
0.655973
-0.256253
0.339777
-0.826829
0.226578
0.230839
-0.255692
-0.0145163
-0.150929
-0.354328
0.325035
0.766879
0.0474165
-1.19209
-0.751194
0.32287
-0.453357
0.0550928
-0.467712
-0.87458
-0.810047
-0.270168
-0.429876
0.436953
0.402097
-0.124945
-0.149267
-0.0929644
0.472969
0.196322
0.0691781
0.150579
-0.175161
0.0917364
0.0388181
-0.204497
0.645968
0.0154486
0.535481
0.301981
-1.1594
-0.0586902
-1.62372
-0.604006
-0.552773
-1.69231
-0.770059
-1.09493
-0.744574
0.116408
-0.253994
0.243691
0.288459
-0.336285
0.146578
-0.317696
0.395853
-0.736367
-1.04186
0.19698
-0.992685
0.412136
-1.11694
-0.469946
0.0528715
-0.0864998
0.238069
-1.19065
-0.566599
-0.213978
-1.03978
-0.249355
0.207253
0.113853
0.423643
0.482742
-0.428786
-0.395501
-1.02143
-0.621802
-0.137203
0.415864
0.518009
0.229642
-0.0468973
-0.553475
0.3455
0.581958
0.0977389
0.430897
0.0838226
-0.114187
0.472158
-0.374788
-0.716063
-0.680448
-0.356114
0.291722
0.418472
-0.340099
0.198717
-1.15658
-0.148992
-0.595068
-0.129211
0.0585855
0.721251
-1.56584
-0.572122
-0.679429
-0.31604
-0.679976
-0.519377
0.399369
0.0955352
-0.296655
0.2599
-0.139022
0.905798
-1.07334
-0.989077
-0.181338
-0.0253214
-1.47403
0.266837
0.363544
0.00595667
0.345407
-0.429012
0.00236645
-0.685991
0.0876216
-0.975074
-0.455078
-1.89892
0.264112
0.513306
0.451292
0.160538
-0.198944
-0.356957
-0.102432
-0.672058
-0.930256
-0.521489
-0.000582184
-0.645065
-0.639873
-0.3909
0.41176
-0.289068
-0.27898
-0.62828
-0.243265
0.400841
-0.195236
-0.0489874
0.133471
0.245863
-0.451255
-0.539227
-0.775784
0.135692
0.582559
-0.520868
-0.980882
-0.0366844
-0.331542
-0.776426
0.00298629
-0.910723
-0.94716
0.0836018
0.00422892
-0.460419
-1.09777
-0.43015
-1.30527
-0.0803612
0.271225
-0.282451
-0.408864
-0.185605
-0.0360613
-0.102108
-0.106262
-0.307249
0.0119412
-0.216313
-0.339715
-0.211839
0.338266
-0.653031
-0.734894
0.13549
-0.0617136
0.274888
-0.727225
-0.519849
-0.718843
-0.674424
-0.489359
-0.482123
-0.848036
-0.520122
-0.473127
-0.54772
-0.265197
-0.219416
-0.318149
0.344339
-0.79205
0.00575087
-0.0841315
-0.672979
0.236371
-0.152157
-0.245767
-0.248384
-0.112986
-0.95133
-0.994014
-1.36699
-0.940566
-0.701269
0.505059
-0.0422962
-0.839847
-0.573202
-0.288087
0.0230133
0.111265
-0.199115
0.397418
-0.916255
-0.2917
-0.763636
-1.53846
-0.694632
0.0491907
-0.479024
-0.802956
-1.82447
-0.0974503
-0.901672
-1.30234
-0.492343
0.200931
-0.361945
0.543131
0.351194
0.0888388
0.311643
-0.0692845
-0.949296
-0.282338
-0.0523749
-0.133108
0.701623
0.473802
0.107581
0.549779
-0.646884
0.203884
0.106317
0.159056
-0.105671
0.13862
-0.359587
-0.20483
0.0186401
-0.651276
0.0648872
-0.373942
-0.364093
-0.666592
0.111336
-1.99105
0.545043
-0.253623
-1.50525
0.108029
0.521839
0.00947578
0.133407
0.393807
-0.465891
0.0664518
-0.286213
-0.287065
-0.826732
-0.4982
0.808058
-0.338486
-0.353521
0.350665
-1.43314
-0.0843683
0.183775
-1.24423
-0.0377281
-0.288398
0.547283
-0.031279
-0.577141
-1.75438
0.268311
0.246267
0.000809289
0.279443
0.264855
0.536828
-0.222028
-0.18352
-1.27364
-2.29102
-2.21434
-0.288565
-0.0697228
0.192319
-0.298511
-1.62932
0.203113
0.454285
-0.144224
-0.0662163
-0.0332779
0.464035
-0.780226
0.154575
-0.874734
-0.228264
0.142869
0.179765
-1.04757
0.159758
0.242698
0.412407
-1.11942
-0.268638
-0.263481
0.108956
0.152176
-0.0780261
-1.20056
-1.49072
-1.38106
0.446911
-2.38531
-1.15886
-0.0477314
-0.132076
-0.347175
-1.34928
-0.176848
0.146999
-0.368812
-0.0243248
0.216726
-0.371779
-0.260146
-0.0212187
-0.643334
-1.05858
-0.107458
0.186481
-0.546843
0.163566
0.544666
0.178175
0.0137786
-0.101773
-0.0015188
-0.451123
0.253814
-0.689388
0.612922
-0.238323
-0.833271
0.175553
0.0507751
-0.399741
0.321867
-0.378111
-0.0951226
0.211335
0.289519
-0.3992
-0.332329
0.205099
-0.522964
0.425221
0.194146
0.503916
0.781555
-0.115428
0.0280474
-0.0481813
-0.00284281
-0.654085
-1.04004
0.455021
0.109549
0.102519
0.260734
-0.356165
-3.25649
-1.01903
0.0947966
-0.116857
-0.3111
0.431043
-0.236222
0.211695
-1.4128
-0.207649
0.121692
0.110314
-1.1021
0.20998
0.146414
-0.0872272
0.341539
-0.59605
-0.0520352
-0.256367
-0.0365522
0.712369
-0.451229
0.416255
-1.07505
-0.788747
0.325811
0.391208
-0.77519
0.168417
-0.356149
-1.36967
0.0159503
-0.767533
-1.10938
0.0772286
-0.227316
0.45361
0.39481
0.115901
-0.0588874
-0.179378
-0.742103
-0.353068
-1.19825
0.268076
-0.121394
0.165918
-0.118338
0.296328
-0.351287
0.050534
0.0560816
0.374506
-0.390934
-0.80131
0.431224
0.715977
-0.398959
-0.354378
0.175139
0.0138581
-1.04529
0.20525
0.371577
0.445803
0.248111
-1.2509
-0.724678
0.0223615
0.347008
-0.334018
-0.612409
-0.253876
0.376313
0.547418
-0.0977416
-0.70093
-0.423453
-0.296517
0.234568
0.696492
0.230133
-0.40732
-0.105417
-0.380773
0.0794695
-0.814967
-1.27218
0.13973
-0.438997
-0.535038
0.0442875
0.262435
0.43393
-0.300896
0.100602
-1.21676
-1.62788
-1.48956
0.515697
-0.0327913
-0.329479
-0.445622
-0.691837
0.379749
0.155751
0.511579
-1.20823
0.0428104
-0.891672
0.204445
-0.83983
-0.118092
0.267291
0.280475
-0.290125
-0.255459
-0.796302
0.504126
-1.71268
0.0515765
0.339494
0.479583
-0.167775
0.449839
-0.852453
0.0176053
-0.0366902
-0.283175
0.545649
-0.673027
-0.13086
-0.788205
-0.139558
-0.262933
0.149974
0.190301
-1.20531
-0.0923662
0.217679
0.262189
-0.545619
-0.752238
0.182583
-0.784466
-0.53695
0.519248
-0.251665
-0.637768
-0.1789
-0.187381
0.143495
-0.400551
-0.514014
0.349845
-0.147677
0.330037
-1.4141
0.216704
0.116773
-0.144121
-0.834813
-1.30001
-0.184047
-0.732617
0.253328
-0.281543
-0.386236
0.00700561
0.449233
-0.957949
-0.468955
0.129278
-0.31538
0.00984014
0.00473084
-1.60102
-0.136909
0.321728
0.717285
-0.858524
0.457576
-0.715904
-1.91326
-0.681696
0.365063
0.332021
0.545973
-0.674844
0.646925
0.0671482
-0.706101
-1.09195
-0.0709237
-0.204647
-0.196555
0.178047
-0.855935
-0.162766
0.226975
-0.867853
-1.13182
-0.0277202
0.338904
-0.560707
0.00404901
-0.712911
-0.55865
0.0157293
0.452794
-0.184322
0.153931
-0.303935
0.351961
-2.64921
-0.0207679
-1.10367
0.233272
-0.0129742
0.115753
0.67712
0.170832
0.436073
0.383153
0.442716
-0.00386893
0.140536
-0.234073
-0.661402
0.225909
-0.600024
0.148728
0.320874
0.0137179
0.457595
0.546199
-0.471464
0.266409
-0.567439
0.430199
-0.730317
-0.611289
-0.834862
0.720858
-0.0679419
-1.13715
-0.264005
0.161957
-0.105908
-0.937926
0.312777
0.134694
0.205086
-0.014069
-0.0379826
0.184633
0.190088
-0.741609
-0.0582708
-0.120275
-1.55195
-0.152859
-0.519886
-0.517442
0.18279
0.2037
0.292878
-0.762166
0.159812
-0.672729
0.637236
-0.408817
-0.303119
-1.45221
-1.1795
-0.838235
0.598908
-1.24132
-0.973128
-0.0485923
0.403855
0.343647
-1.41547
0.164619
0.129709
-0.340567
-0.475213
-0.335869
0.158193
0.0525432
-0.211512
0.297272
0.66065
0.446827
0.413142
-0.145574
-0.0703949
-0.712672
-0.142134
0.285219
-0.628052
-0.588573
0.387178
-0.445772
-0.372608
-1.98769
-0.378133
-0.0733547
-0.701951
0.380581
-0.273535
0.0127809
0.302456
0.545392
0.0861364
-0.529225
0.630505
0.530685
0.123613
0.162771
-0.0751164
-1.24765
0.372529
-0.077002
0.507482
-2.03094
0.572412
0.599291
-1.60064
0.141541
-0.756608
-1.26125
0.0678896
0.146686
0.0177454
0.543025
-0.808017
-0.74768
-1.05547
-1.0249
0.364851
-0.0837229
-0.56231
-0.0735048
-0.10687
-0.529255
-0.298181
0.178747
-0.24064
0.531115
-1.40729
-0.131626
-0.331485
-0.274776
-1.00923
-0.129749
0.701173
-1.98977
0.0794837
-0.339449
-0.828689
0.213741
-1.61971
-0.188551
-0.0992857
-0.612251
-0.457704
-1.32624
0.190576
-0.192347
-0.324488
-0.063896
0.25393
0.0339893
-0.928382
0.200048
-0.277971
-0.406486
-0.874944
-0.0550837
-0.427111
-0.557358
0.168203
-0.566283
-0.259687
-0.848715
0.0105076
0.227716
0.344755
-0.865526
0.615689
0.265787
-0.187694
0.27165
0.100296
-1.43465
-0.623295
-0.694977
-0.104171
-0.325742
0.163915
-0.406456
0.292046
0.0805559
-1.69644
-1.16949
0.140952
0.572352
0.198169
-0.236857
-0.676878
0.287487
0.325629
0.0759886
-0.535923
-2.06301
-0.261097
-1.32023
0.463858
-0.23962
0.323527
-0.259904
0.0885891
-0.424921
0.581137
-0.650491
0.70996
-0.516457
-0.419456
0.0801738
-0.849826
0.153441
-1.06995
-0.217638
-0.702995
0.360851
-0.110862
-1.25613
-1.21781
-0.727795
0.20649
-0.833471
-0.38474
0.0246456
0.464869
0.417383
0.0106806
0.338596
-0.258962
0.727725
0.0778926
-0.884583
-0.83435
-0.949714
0.209883
-1.87819
-0.264589
0.172275
-0.3177
0.383462
-0.54348
0.247271
0.064261
0.490799
0.489395
0.648983
0.100806
0.129127
-1.23554
-1.47426
-0.284891
0.727982
-0.167581
0.0465943
0.697816
-0.178269
-0.402566
0.191358
-1.08913
-0.282804
0.0110803
-0.140943
0.279667
0.0693988
0.135178
-0.365824
-0.318994
0.0589524
0.137116
0.173899
-0.290989
-0.108067
-0.549008
-0.85954
-1.14083
-0.0837837
0.100662
-1.49943
0.252853
0.138813
0.263178
-0.103828
0.320854
0.598199
-0.474807
-0.012749
-1.01012
-1.63098
-0.421731
0.372246
-0.5687
-1.48479
0.295813
0.2658
-0.492432
0.510716
-0.782776
0.522724
-0.796631
-0.476809
0.0417756
-0.0555771
-0.218447
0.150541
-0.393877
0.360763
-1.22312
0.169634
0.292594
-1.21162
0.288137
0.222928
-0.585961
-0.548776
0.761033
-0.829701
-0.122459
-0.129088
0.508518
-1.05651
0.00175744
0.448201
0.228309
-0.547191
0.0822644
-0.399824
0.238125
-0.0611887
0.594395
-1.06857
-0.199741
-0.42013
-0.456947
-0.389814
-0.580437
-0.166509
-0.036678
0.331145
0.394987
-0.102236
0.269442
0.140177
-0.550246
0.182394
0.121428
-0.293748
-0.500662
0
0
0
0
0
0
0
0
0
0
0
0
0
0
0
0
0
0
0
0
0
0
0
0
0
0
0
0
0
0
0
0
0
0
0
0
0
0
0
0
0
0
0
0
0
0
0
0
0
0
0
0
0
0
0
0
0
0
0
0
0
0
0
0
0
0
0
0
0
0
0
0
0
0
0
0
0
0
0
0
0
0
0
0
0
0
0
0
0
0
0
0
0
0
0
0
0
0
0
0
0
0
0
0
0
0
0
0
0
0
0
0
0
0
0
0
0
0
0
0
0
0
0
0
0
0
0
0
0
0
0
0
0
0
0
0
0
0
0
0
0
0
0
0
0
0
0
0
0
0
0
0
0
0
0
0
0
0
0
0
0
0
0
0
0
0
0
0
0
0
0
0
0
0
0
0
0
0
0
0
0
0
0
0
0
0
0
0
0
0
0
0
0
0
0
0
0
0
0
0
0
0
0
0
0
0
0
0
0
0
0
0
0
0
0
0
0
0
0
0
0
0
0
0
0
0
0
0
0
0
0
0
0
0
0
0
0
0
0
0
0
0
0
0
0
0
0
0
0
0
0
0
0
0
0
0
0
0
0
0
0
0
0
0
0
0
0
0
0
0
0
0
0
0
0
0
0
0
0
0
0
0
0
0
0
0
0
0
0
0
0
0
0
0
0
0
0
0
0
0
0
0
0
0
0
0
0
0
0
0
0
0
0
0
0
0
0
0
0
0
0
0
0
0
0
0
0
0
0
0
0
0
0
0
0
0
0
0
0
0
0
0
0
0
0
0
0
0
0
0
0
0
0
0
0
0
0
0
0
0
0
0
0
0
0
0
0
0
0
0
0
0
0
0
0
0
0
0
0
0
0
0
0
0
0
0
0
0
0
0
0
0
0
0
0
0
0
0
0
0
0
0
0
0
0
0
0
0
0
0
0
0
0
0
0
0
0
0
0
0
0
0
0
0
0
0
0
0
0
0
0
0
0
0
0
0
0
0
0
0
0
0
0
0
0
0
0
0
0
0
0
0
0
0
0
0
0
0
0
0
0
0
0
0
0
0
0
0
0
0
0
0
0
0
0
0
0
0
0
0
0
0
0
0
0
0
0
0
0
0
0
0
0
0
0
0
0
0
0
0
0
0
0
0
0
0
0
0
0
0
0
0
0
0
0
0
0
0
0
0
0
0
0
0
0
0
0
0
0
0
0
0
0
0
0
0
0
0
0
0
0
0
0
0
0
0
0
0
0
0
0
0
0
0
0
0
0
0
0
0
0
0
0
0
0
0
0
0
0
0
0
0
0
0
0
0
0
0
0
0
0
0
0
0
0
0
0
0
0
0
0
0
0
0
0
0
0
0
0
0
0
0
0
0
0
0
0
0
0
0
0
0
0
0
0
0
0
0
0
0
0
0
0
0
0
0
0
0
0
0
0
0
0
0
0
0
0
0
0
0
0
0
0
0
0
0
0
0
0
0
0
0
0
0
0
0
0
0
0
0
0
0
0
0
0
0
0
0
0
0
0
0
0
0
0
0
0
0
0
0
0
0
0
0
0
0
0
0
0
0
0
0
0
0
0
0
0
0
0
0
0
0
0
0
0
0
0
0
0
0
0
0
0
0
0
0
0
0
0
0
0
0
0
0
0
0
0
0
0
0
0
0
0
0
0
0
0
0
0
0
0
0
0
0
0
0
0
0
0
0
0
0
0
0
0
0
0
0
0
0
0
0
0
0
0
0
0
0
0
0
0
0
0
0
0
0
0
0
0
0
0
0
0
0
0
0
0
0
0
0
0
0
0
0
0
0
0
0
0
0
0
0
0
0
0
0
0
0
0
0
0
0
0
0
0
0
0
0
0
0
0
0
0
0
0
0
0
0
0
0
0
0
0
0
0
0
0
0
0
0
0
0
0
0
0
0
0
0
0
0
0
0
0
0
0
0
0
0
0
0
0
0
0
0
0
0
0
0
0
0
0
0
0
0
0
0
0
0
0
0
0
0
0
0
0
0
0
0
0
0
0
0
0
0
0
0
0
0
0
0
0
0
0
0
0
0
0
0
0
0
0
0
0
0
0
0
0
0
0
0
0
0
0
0
0
0
0
0
0
0
0
0
0
0
0
0
0
0
0
0
0
0
0
0
0
0
0
0
0
0
0
0
0
0
0
0
0
0
0
0
0
0
0
0
0
0
0
0
0
0
0
0
0
0
0
0
0
0
0
0
0
0
0
0
0
0
0
0
0
0
0
0
0
0
0
0
0
0
0
0
0
0
0
0
0
0
0
0
0
0
0
0
0
0
0
0
0
0
0
0
0
0
0
0
0
0
0
0
0
0
0
0
0
0
0
0
0
0
0
0
0
0
0
0
0
0
0
0
0
0
0
0
0
0
0
0
0
0
0
0
0
0
0
0
0
0
0
0
0
0
0
0
0
0
0
0
0
0
0
0
0
0
0
0
0
0
0
0
0
0
0
0
0
0
0
0
0
0
0
0
0
0
0
0
0
0
0
0
0
0
0
0
0
0
0
0
0
0
0
0
0
0
0
0
0
0
0
0
0
0
0
0
0
0
0
0
0
0
0
0
0
0
0
0
0
0
0
0
0
0
0
0
0
0
0
0
0
0
0
0
0
0
0
0
0
0
0
0
0
0
0
0
0
0
0
0
0
0
0
0
0
0
0
0
0
0
0
0
0
0
0
0
0
0
0
0
0
0
0
0
0
0
0
0
0
0
0
0
0
0
0
0
0
0
0
0
0
0
0
0
0
0
0
0
0
0
0
0
0
0
0
0
0
0
0
0
0
0
0
0
0
0
0
0
0
0
0
0
0
0
0
0
0
0
0
0
0
0
0
0
0
0
0
0
0
0
0
0
0
0
0
0
0
0
0
0
0
0
0
0
0
0
0
0
0
0
0
0
0
0
0
0
0
0
0
0
0
0
0
0
0
0
0
0
0
0
0
0
0
0
0
0
0
0
0
0
0
0
0
0
0
0
0
0
0
0
0
0
0
0
0
0
0
0
0
0
0
0
0
0
0
0
0
0
0
0
0
0
0
0
0
0
0
0
0
0
0
0
0
0
0
0
0
0
0
0
0
0
0
0
0
0
0
0
0
0
0
0
0
0
0
0
0
0
0
0
0
0
0
0
0
0
0
0
0
0
0
0
0
0
0
0
0
0
0
0
0
0
0
0
0
0
0
0
0
0
0
0
0
0
0
0
0
0
0
0
0
0
0
0
0
0
0
0
0
0
0
0
0
0
0
0
0
0
0
0
0
0
0
0
0
0
0
0
0
0
0
0
0
0
0
0
0
0
0
0
0
0
0
0
0
0
0
0
0
0
0
0
0
0
0
0
0
0
0
0
0
0
0
0
0
0
0
0
0
0
0
0
0
0
0
0
0
0
0
0
0
0
0
0
0
0
0
0
0
0
0
0
0
0
0
0
0
0
0
0
0
0
0
0
0
0
0
0
0
0
0
0
0
0
0
0
0
0
0
0
0
0
0
0
0
0
0
0
0
0
0
0
0
0
0
0
0
0
0
0
0
0
0
0
0
0
0
0
0
0
0
0
0
0
0
0
0
0
0
0
0
0
0
0
0
0
0
0
0
0
0
0
0
0
0
0
0
0
0
0
0
0
0
0
0
0
0
0
0
0
0
0
0
0
0
0
0
0
0
0
0
0
0
0
0
0
0
0
0
0
0
0
0
0
0
0
0
0
0
0
0
0
0
0
0
0
0
0
0
0
0
0
0
0
0
0
0
0
0
0
0
0
0
0
0
0
0
0
0
0
0
0
0
0
0
0
0
0
0
0
0
0
0
0
0
0
0
0
0
0
0
0
0
0
0
0
0
0
0
0
0
0
0
0
0
0
0
0
0
0
0
0
0
0
0
0
0
0
0
0
0
0
0
0
0
0
0
0
0
0
0
0
0
0
0
0
0
0
0
0
0
0
0
0
0
0
0
0
0
0
0
0
0
0
0
0
0
0
0
0
0
0
0
0
0
0
0
0
0
0
0
0
0
0
0
0
0
0
0
0
0
0
0
0
0
0
0
0
0
0
0
0
0
0
0
0
0
0
0
0
0
0
0
0
0
0
0
0
0
0
0
0
0
0
0
0
0
0
0
0
0
0
0
0
0
0
0
0
0
0
0
0
0
0
0
0
0
0
0
0
0
0
0
0
0
0
0
0
0
0
0
0
0
0
0
0
0
0
0
0
0
0
0
0
0
0
0
0
0
0
0
0
0
0
0
0
0
0
0
0
0
0
0
0
0
0
0
0
0
0
0
0
0
0
0
0
0
0
0
0
0
0
0
0
0
0
0
0
0
0
0
0
0
0
0
0
0
0
0
0
0
0
0
0
0
0
0
0
0
0
0
0
0
0
0
0
0
0
0
0
0
0
0
0
0
0
0
0
0
0
0
0
0
0
0
0
0
0
0
0
0
0
0
0
0
0
0
0
0
0
0
0
0
0
0
0
0
0
0
0
0
0
0
0
0
0
0
0
0
0
0
0
0
0
