1.03025
1.18727
1.56811
1.02498
1.3096
1.06425
1.03489
1.24575
1.02693
1.024
1.02661
1.02498
1.02498
1.14587
1.024
1.024
1.024
1.024
1.35567
1.02882
1.02498
1.024
1.02498
1.02498
1.024
1.15565
1.08475
1.38249
1.02836
1.04273
1.05004
1.06486
1.09174
1.33851
1.02498
1.14804
1.03071
1.02498
1.11459
1.23169
1.18224
1.09833
1.024
1.11223
1.16073
1.32889
1.0279
1.02498
1.05189
1.02498
1.11289
1.09367
1.02741
1.04338
1.64573
1.02498
1.02498
1.024
1.02498
1.26584
1.27202
1.03766
1.22981
1.024
1.02705
1.13298
1.02782
1.04804
1.02498
1.03931
1.05032
1.02498
1.16741
1.024
1.02498
1.04378
1.07091
1.024
1.024
1.30192
1.04752
1.12535
1.02914
1.024
1.07226
1.02611
1.14852
1.024
1.16963
1.024
1.07511
1.03038
1.16074
1.02666
1.1063
1.033
1.06709
1.02943
1.03288
1.02498
1.09511
1.02623
1.51623
1.1888
1.0976
1.23701
1.024
1.02498
1.15416
1.03945
1.02498
1.024
1.024
1.22528
1.11007
1.02498
1.11362
1.08866
1.11886
1.02498
1.024
1.02498
1.02498
1.02498
1.0556
1.04976
1.29719
1.19866
1.02623
1.06848
1.1802
1.02733
1.4303
1.0368
1.20913
1.024
1.08252
1.11165
1.03943
1.43611
1.03534
1.024
1.93824
1.08855
1.04529
1.03587
1.09079
1.03936
1.25742
1.02498
1.05773
1.02498
1.02498
1.03729
1.02673
1.06687
1.02919
1.02498
1.33745
1.02498
1.08534
1.31694
1.18731
1.08138
1.14451
1.05304
1.32107
1.04526
1.10017
1.13398
1.02827
1.09493
1.33745
1.02498
1.0272
1.024
1.04346
1.13786
1.21119
1.02543
1.04235
1.024
1.08161
1.17416
1.04421
1.08488
1.02509
1.02498
1.14494
1.03867
1.024
1.02688
1.12936
1.03486
1.02719
1.08576
1.03087
1.02714
1.02855
1.19375
1.04356
1.12144
1.33262
1.02498
1.11615
1.18452
1.13899
1.03162
1.02498
1.04868
1.56692
1.0265
1.07481
1.40483
1.11911
1.17788
1.02498
1.11561
1.02498
1.02822
1.07783
1.02498
1.04765
1.02498
1.02498
1.06648
1.02847
1.02498
1.34064
1.024
1.08216
1.17035
1.19676
1.63979
1.06809
1.2524
1.024
1.02629
1.05212
1.30073
1.3607
1.024
1.13724
1.11043
1.0708
1.02647
1.024
1.23439
1.13842
1.12199
1.024
1.38118
1.08291
1.02498
1.11804
1.02498
1.02658
1.12766
1.02657
1.40513
1.35073
1.024
1.18589
1.02589
1.32432
1.20904
1.07739
1.02498
1.25846
1.22826
1.02498
1.49082
1.09723
1.70978
1.12483
1.24084
1.13836
1.04665
1.11892
1.23624
1.0588
1.024
1.53569
1.07421
1.23611
1.5295
1.37123
1.24842
1.14483
1.05502
1.1833
1.04204
1.02498
1.10766
1.024
1.07816
1.15858
1.07001
1.03887
1.16594
1.10581
1.15791
1.18723
1.09003
1.024
1.02498
1.61682
1.18684
1.07692
1.4708
1.09241
1.02498
1.024
1.0864
1.06962
1.17867
1.06629
1.06457
1.09681
1.12781
1.23597
1.05658
1.24125
1.02498
1.12792
1.03565
1.04254
1.05237
1.39499
1.38845
1.08913
1.03175
1.11132
1.156
1.26657
1.23307
1.14103
1.64333
1.09842
1.02498
1.024
1.02498
1.03994
1.07235
1.16353
1.02768
1.04658
1.12066
1.02498
1.024
1.05389
1.15147
1.024
1.02498
1.21939
1.08436
1.25536
1.03488
1.024
1.024
1.02498
1.22027
1.27033
1.02498
1.06994
1.06334
1.02498
1.04443
1.19189
1.30878
1.05504
1.04675
1.02751
1.13182
1.31391
1.02498
1.08378
1.14893
1.31816
1.02498
1.05892
1.20113
1.10761
1.02946
1.21545
1.0266
1.024
1.085
1.06934
1.02498
1.03907
1.37349
1.04783
1.0451
1.02591
1.07855
1.49322
1.04476
1.15563
1.03429
1.02611
1.03986
1.024
1.02498
1.0748
1.024
1.12683
1.13315
1.1552
1.61899
1.024
1.21636
1.05181
1.02739
1.08673
1.02498
1.02498
1.02765
1.02498
1.03308
1.02767
1.02644
1.02602
1.12936
1.1052
1.09449
1.02518
1.02498
1.02498
1.04694
1.22194
1.36289
1.65537
1.0261
1.09033
1.04167
1.19097
1.15102
1.02498
1.03448
1.05007
1.16612
1.02652
1.03059
1.02498
1.024
1.35761
1.25008
1.02498
1.02498
1.02498
1.06497
1.02567
1.0984
1.024
1.13495
1.29237
1.03056
1.024
1.024
1.02597
1.06806
1.02498
1.05922
1.04046
1.03269
1.02851
1.024
1.05539
1.02824
1.024
1.09669
1.18584
1.2117
1.02898
1.07256
1.04555
1.03862
1.024
1.31321
1.57501
1.05481
1.59924
1.06023
1.48934
1.02498
1.03544
1.024
1.05878
1.04483
1.09489
1.12372
1.02858
1.22148
1.25984
1.024
1.12942
1.08071
1.024
1.26145
1.02833
1.12463
1.34915
1.024
1.07826
1.05626
1.08383
1.33708
1.02498
1.024
1.024
1.024
1.02498
1.024
1.38382
1.20824
1.44769
1.1517
1.02498
1.02498
1.02498
1.06435
1.0783
1.02498
1.17095
1.024
1.02498
1.36839
1.24458
1.42316
1.17232
1.03797
1.10822
1.024
1.05812
1.10097
1.03504
1.02622
1.056
1.05727
1.02795
1.224
1.05172
1.0382
1.02603
1.59406
1.10558
1.22156
1.24479
1.04121
1.09246
1.36008
1.02978
1.04675
1.14089
1.04738
1.05683
1.37771
1.3365
1.14334
1.55868
1.0718
1.04814
1.024
1.02498
1.13422
1.82006
1.26263
1.02498
1.05228
1.024
1.29624
1.02844
1.024
1.05058
1.0293
1.11638
1.0604
1.02499
1.02743
1.29965
1.07691
1.024
1.11048
1.03
1.14182
1.02685
1.22484
1.02498
1.0994
1.09549
1.02586
1.024
1.04017
1.0656
1.06865
1.105
1.024
1.043
1.02498
1.02498
1.02498
1.29586
1.12895
1.1543
1.02498
1.04054
1.0461
1.24708
1.02866
1.23635
1.06645
1.024
1.46915
1.08158
1.03741
1.02868
1.23767
1.17234
1.04805
1.08817
1.17191
1.02498
1.23023
1.0619
1.42946
1.02498
1.024
1.20496
1.04889
1.0355
1.03683
1.02518
1.20313
1.02498
1.02957
1.21238
1.024
1.024
1.02789
1.13293
1.02498
1.0845
1.0664
1.02867
1.27662
1.025
1.06081
1.20269
1.46509
1.18859
1.17631
1.02639
1.03427
1.25494
1.18756
1.08943
1.024
1.02498
1.02498
1.67944
1.02498
1.18349
1.36934
1.06287
1.04581
1.03422
1.19343
1.024
1.024
1.13697
1.09502
1.03339
1.35126
1.03201
1.02773
1.02498
1.08551
1.04544
1.02498
1.0655
1.24134
1.05648
1.60198
1.25076
1.08416
1.02498
1.26249
1.10274
1.03817
1.09039
1.07315
1.09292
1.17085
1.0433
1.024
1.02498
1.02589
1.02498
1.03564
1.08421
1.02498
1.0731
1.24113
1.05089
1.07293
1.02595
1.024
1.024
1.03411
1.024
1.02498
1.02892
1.036
1.37274
1.16596
1.20433
1.024
1.02498
1.07825
1.35907
1.05573
1.30296
1.024
1.15964
1.38789
1.02498
1.024
1.14413
1.05514
1.02498
1.02498
1.12974
1.33288
1.24611
1.06395
1.15943
1.024
1.02498
1.02498
1.07599
1.23608
1.33808
1.05947
1.10474
1.024
1.28804
1.03354
1.03557
1.214
1.06313
1.02845
1.08159
1.0284
1.16815
1.024
1.21095
1.02872
1.11294
1.05069
1.024
1.10141
1.60931
1.02498
1.09494
1.03702
1.20153
1.35588
1.13183
1.19388
1.04659
1.02498
1.02498
1.22891
1.02498
1.14001
1.27904
1.19942
1.03883
1.21751
1.02843
1.20017
1.09439
1.03688
1.02498
1.03978
1.23183
1.02498
1.20762
1.05606
1.35223
1.07892
1.05203
1.07935
1.2246
1.20271
1.13895
1.024
1.02498
1.02498
1.03655
1.02498
1.02498
1.02498
1.02812
1.03778
1.024
1.0274
1.09848
1.04359
1.04193
1.0649
1.09285
1.03549
1.11027
1.51562
1.22318
1.15674
1.02498
1.024
1.04271
1.02498
1.18319
1.27423
1.024
1.0371
1.11883
1.03325
1.024
1.024
1.61999
1.08409
1.02634
1.024
1.024
1.02499
1.1516
1.10968
1.31839
1.07425
1.10351
1.02644
1.27632
1.02498
1.09191
1.36972
1.34112
1.11874
1.09316
1.02498
1.02498
1.05176
1.02498
1.02498
1.02586
1.02498
1.024
1.22195
1.02498
1.024
1.14244
1.024
1.02946
1.23526
1.18603
1.024
1.17064
1.10013
1.52741
1.02498
1.03881
1.024
1.02498
1.024
1.024
1.31234
1.56561
1.25954
1.19587
1.024
1.03373
1.04228
1.02498
1.024
1.02825
1.04869
1.24329
1.10682
1.45026
1.03456
1.17944
1.08318
1.07292
1.024
1.22431
1.0266
1.05798
1.65686
1.03952
1.26005
1.03847
1.024
1.06035
1.17716
1.63199
1.02498
1.024
1.02498
1.37762
1.18801
1.35995
1.02654
1.07376
1.024
1.15977
1.02498
1.02731
1.024
1.07051
1.04781
1.024
1.11237
1.024
1.35496
1.024
1.04002
1.05257
1.08993
1.024
1.16775
1.03056
1.04474
1.0806
1.03596
1.04901
1.0282
1.03154
1.19928
1.13868
1.1258
1.11332
1.024
1.02498
1.11439
1.02498
1.02498
1.2254
1.25125
1.27048
1.05265
1.06718
1.78593
1.32451
1.02632
1.0286
1.03739
1.18296
1.17393
1.02498
1.02498
1.025
1.02498
1.024
1.03485
1.024
1.024
1.35143
1.024
1.024
1.09561
1.02722
1.02498
1.18891
1.02498
1.08859
1.024
1.024
1.05722
1.024
1.05546
1.03292
1.02621
1.024
1.024
1.10516
1.74331
1.05379
1.39199
1.15386
1.48157
1.04672
1.48093
1.14569
1.19402
1.05086
1.024
1.04667
1.29121
1.024
1.238
0.825017
0.906194
0.8192
0.866879
0.857626
1.20521
0.85375
1.1781
0.936118
1.24835
0.927053
1.15066
0.846318
0.975751
0.882602
0.831995
1.16488
0.82415
1.00942
0.819689
0.821642
0.88186
0.852951
1.32753
0.886618
0.90556
1.41495
0.873018
1.13799
0.820962
1.09812
1.05042
0.902157
0.974369
0.91024
0.902091
1.10594
1.61835
0.982597
0.876817
0.82059
1.19283
0.845821
0.919976
0.848891
0.820823
0.829043
0.864223
0.866356
1.29653
1.22834
0.918652
0.878153
0.936907
1.18419
1.07526
1.01105
0.981867
0.922119
0.980585
1.04972
0.880005
1.39235
1.02633
1.29678
1.14579
0.822869
0.976147
0.819689
0.831818
0.837577
0.819689
0.830158
0.848266
0.849073
0.965029
0.89659
1.09311
1.11895
0.868881
1.04991
0.872253
1.19498
0.821628
0.849447
1.00121
0.81972
1.24428
0.851614
0.900347
1.0454
0.956887
1.04886
0.828581
0.840561
0.966483
0.819689
0.908908
1.02791
1.04328
1.20339
1.26695
0.834678
0.842232
0.819689
0.826325
0.907794
1.22892
1.27771
1.1063
0.990806
0.909249
1.11475
1.36557
1.07244
1.17774
1.02646
0.930193
1.30293
0.869124
0.833151
0.823044
0.890108
1.16236
1.19024
0.926906
1.15372
0.821798
0.967152
0.836838
0.877271
0.903333
1.48042
0.887449
0.873492
0.846803
0.877413
0.829146
0.872102
1.12779
1.01861
0.917486
1.07041
0.925805
1.85239
0.821103
0.819689
0.904899
0.909362
0.819689
1.11639
1.12881
0.898257
1.16352
1.02879
0.920707
0.837415
0.943894
0.823413
0.836865
0.823079
1.19493
1.21704
1.3272
1.07379
0.906468
0.875812
0.92653
0.83228
0.820823
0.895951
0.980906
0.826147
0.869968
0.864244
1.2528
0.945442
0.921262
0.843968
0.889921
1.22885
1.01016
0.910366
1.14847
1.1535
0.823417
0.821006
0.830887
0.992878
1.47582
0.891376
0.819689
0.988787
0.846582
0.820836
0.944466
0.819706
0.91086
1.01775
0.891653
0.871507
0.819689
0.869863
0.825316
1.00259
1.173
0.852743
0.849376
0.974611
0.929333
0.905129
0.937248
0.903087
0.945525
0.943226
0.90833
0.912421
1.11007
0.874184
0.826497
0.950129
0.951677
1.14938
0.820985
0.933496
0.882094
0.824374
0.828553
0.883879
0.880436
0.838056
0.83201
0.854997
0.861462
0.861951
0.863134
1.20545
0.822785
1.06214
0.928007
0.821076
1.03942
0.954693
0.921389
0.879829
0.89143
0.824885
0.827901
0.819689
0.82552
0.820246
1.29803
0.936948
0.823265
0.830479
0.843158
1.05016
1.03411
0.883087
1.22744
0.819689
0.934581
0.841016
0.830846
0.852286
0.91174
0.848147
0.826365
0.819689
1.00025
0.883485
0.83614
0.833581
1.04994
0.833067
1.33801
1.23803
0.955509
1.11881
0.941595
0.826961
0.928218
0.923964
0.982195
1.47112
1.29969
1.05902
1.36609
0.827907
1.04085
0.957703
1.0079
0.912493
1.04125
0.88374
0.894262
0.88206
0.899054
0.904858
0.851711
0.847227
0.826653
0.977809
0.8192
1.36193
0.86313
0.8192
1.03339
1.28082
1.05138
1.06774
1.28029
0.858257
0.97868
0.913023
0.845659
0.826757
0.833766
1.62046
1.01664
0.916536
1.14245
0.819689
1.03474
1.00509
0.819689
0.948814
0.883816
1.36789
0.960071
0.957745
0.8192
1.11047
1.07737
0.997133
1.15124
1.06253
1.31593
0.881299
0.862072
0.819689
0.821337
0.8192
0.860984
0.960799
1.10489
0.866168
0.860757
1.1006
1.21796
0.943408
0.989433
1.01405
1.3026
0.861652
1.04708
0.819689
0.851552
1.08489
0.974627
0.823832
1.09021
1.17028
1.16589
0.824398
0.911506
0.867872
1.11327
1.04884
0.932393
0.819714
0.827889
0.8192
1.26205
0.819689
0.827188
0.982227
0.889945
0.846169
0.825936
0.972472
0.977845
0.835525
0.92963
1.0525
0.872468
0.961069
0.975179
0.822339
0.81969
0.997142
1.10567
0.833237
1.12413
1.34826
0.988049
1.01697
0.908326
1.15928
0.905541
1.1189
0.887913
1.30615
0.860165
0.856743
1.01379
0.944484
0.858218
1.10276
0.892306
0.894777
1.06714
1.12167
0.848008
0.944244
1.06478
0.870177
1.20078
0.998519
1.25935
1.61492
0.993955
1.07395
0.90768
0.936239
0.826013
0.819689
1.19039
0.998517
1.06492
1.15978
0.932445
0.8192
0.826893
0.945168
0.94049
0.883534
1.13087
0.914842
1.15765
0.819689
0.896102
1.04442
1.00137
0.819689
1.01451
1.03926
0.924699
1.24881
0.850884
0.954266
0.895178
0.923102
1.44584
0.833267
1.27179
0.819993
0.839871
1.25021
1.13842
0.832991
0.970603
0.904779
0.8192
0.927628
0.884226
0.823319
0.988823
0.941122
1.35142
1.17524
1.05366
0.94837
0.999161
0.8285
0.856748
0.82185
1.05407
0.891559
1.00788
0.88366
1.05221
0.863019
1.00388
1.02457
1.20521
0.989571
0.903666
1.17825
1.58611
0.840803
0.898943
1.03442
0.907343
0.825413
1.05181
1.13939
1.28606
1.06567
0.839448
0.936641
1.05829
1.24195
0.859745
0.876772
0.862838
1.33396
1.36089
0.95705
0.829252
0.952198
0.8575
1.08728
1.48614
1.04528
0.838278
0.871686
0.886073
0.988866
0.827135
0.820584
1.10529
0.829748
0.824279
0.998715
1.10604
1.14631
0.902339
1.00582
0.904417
0.878812
0.883418
1.29919
1.00319
0.871544
1.03873
0.99061
1.17229
1.09476
1.29221
0.819689
1.01782
0.825134
1.09474
0.90476
1.09548
1.13132
1.06254
0.845471
1.03584
0.820427
1.35505
0.819689
0.96541
1.14672
1.29267
0.898118
1.24783
0.823206
1.00067
0.957472
0.875591
1.3196
0.82444
0.899316
0.819689
0.921586
0.899722
1.14876
0.99714
0.836714
0.925092
1.1318
1.15037
0.822429
0.830557
1.14101
0.829475
0.836398
1.30857
0.943068
0.840225
0.9096
0.856194
1.05499
0.868402
0.93078
1.08525
0.915569
1.07616
0.819689
1.06518
1.00096
0.903035
0.821567
0.832276
0.858129
0.85305
1.10212
0.873515
0.842018
1.01234
1.1613
0.824022
0.917757
1.10663
1.00007
0.981538
0.988331
0.884786
1.01972
1.17842
1.53856
0.848624
1.08327
0.819689
0.819689
0.826511
1.08196
1.21172
1.38918
0.834356
1.42984
0.995705
0.829645
0.819689
0.895794
0.867909
0.929496
1.12508
0.824976
0.922043
1.05449
0.835643
0.821762
0.947303
1.03949
0.829399
1.00498
0.889816
0.829931
0.905857
1.31349
0.933833
1.05694
0.847247
1.19674
0.8192
0.919529
0.901323
1.08337
0.920484
1.02379
1.44894
1.11695
1.28043
1.31371
1.20811
0.881393
1.0415
0.893657
0.84132
1.07312
0.874254
1.03681
1.18074
0.923918
1.20742
1.399
0.933665
1.33294
0.915972
1.19649
0.843346
0.871557
0.825428
1.53429
0.907743
0.820017
0.859493
1.05203
0.895672
0.819689
1.04306
0.992035
1.05372
0.924648
1.06231
1.03316
1.01633
0.825224
0.951891
0.964776
0.8192
0.984939
0.831539
0.993868
1.07389
0.966613
1.05361
0.848561
1.08175
0.85208
1.3205
0.86383
0.935776
0.824335
0.823499
0.820391
1.4307
0.819689
0.819689
1.01049
1.28475
1.12049
0.819689
1.07207
1.07264
0.917876
0.840554
0.867963
1.13118
0.97532
0.938794
1.1102
1.43523
1.17691
1.1997
0.959705
0.982424
0.842758
0.925825
1.12225
0.831542
0.837985
1.22659
0.866151
0.920686
0.819689
0.862684
0.911005
0.831706
1.16711
0.842705
0.920712
1.19066
1.34985
0.937642
0.835847
1.38494
1.31644
1.00507
1.03784
0.994007
0.8192
1.15336
0.991452
1.27485
0.819689
1.30526
1.32711
0.819689
1.03557
0.845016
0.819689
1.0651
0.976218
1.14945
1.331
0.822428
0.867486
0.826343
0.85289
1.17015
1.00692
0.934868
0.961046
0.878294
0.831397
0.8785
0.980127
0.930261
1.24983
0.821927
0.871008
0.923683
0.959115
0.822606
0.884015
1.58114
0.819689
1.03253
0.937058
0.823421
1.11268
0.819689
0.927635
0.904212
0.833209
0.909986
0.819689
1.06108
0.915735
1.01411
1.0284
1.17956
0.938841
0.824531
1.16125
0.865511
0.8488
0.821148
1.15198
0.861426
0.830099
0.981137
0.880509
0.910586
0.826986
0.969292
1.03944
1.17433
0.892644
1.36665
1.04847
0.986346
1.08759
0.923707
0.819689
0.823424
0.828161
0.928331
0.847691
0.999146
0.975622
1.14184
0.969992
0.819689
0.823155
1.11246
1.31572
1.10446
0.866124
0.835018
1.28003
1.10269
0.93578
0.861275
0.819689
0.930459
0.8192
1.29901
0.871277
1.11435
0.898122
1.11288
0.856062
1.40172
0.848449
1.60017
0.826137
0.846331
1.05765
0.896478
1.06802
0.825076
0.916666
0.825338
1.08379
0.94411
0.838986
0.819689
0.840204
1.02786
0.885832
0.875479
0.998327
1.19655
1.16263
0.945444
1.14301
0.925524
1.5646
1.02329
0.820884
0.820667
0.821886
1.04399
0.819689
0.860295
1.13116
0.848858
1.21898
0.832991
1.04702
1.05225
1.33953
1.26548
1.47408
1.00242
1.09445
0.820466
0.847223
0.900018
1.45863
0.86823
0.979248
1.49179
0.983507
0.864998
1.08078
0.831386
0.948368
0.919392
1.02295
1.04576
1.06282
1.08067
0.914682
0.886631
0.931638
1.09339
0.960784
0.884994
0.858156
0.822858
0.849618
0.868473
0.958862
0.944275
0.819689
1.09467
1.05727
1.07478
0.973945
1.11307
1.28928
0.844846
1.01553
0.819689
0.819689
0.844449
1.1789
0.855221
0.8192
1.17328
1.05982
1.0273
1.21001
0.846716
1.29662
0.854776
0.841637
0.911359
1.00123
0.916507
1.06903
0.838163
1.10987
0.819689
1.06176
1.13003
0.819689
1.10755
0.986824
0.87067
0.826838
1.61038
0.845384
0.898749
0.886878
1.35021
0.864885
0.945402
1.29518
1.02399
0.899301
1.12042
0.852012
1.04255
0.898815
1.44595
0.823395
0.875481
0.898327
0.873526
0.861388
0.86175
0.867223
1.03794
1.19349
1.22731
0.909473
1.12924
1.0041
0.830355
0.992848
0.922097
0.937685
0.880109
0
0
0
0
0
0
0
0
0
0
0
0
0
0
0
0
0
0
0
0
0
0
0
0
0
0
0
0
0
0
0
0
0
0
0
0
0
0
0
0
0
0
0
0
0
0
0
0
0
0
0
0
0
0
0
0
0
0
0
0
0
0
0
0
0
0
0
0
0
0
0
0
0
0
0
0
0
0
0
0
0
0
0
0
0
0
0
0
0
0
0
0
0
0
0
0
0
0
0
0
0
0
0
0
0
0
0
0
0
0
0
0
0
0
0
0
0
0
0
0
0
0
0
0
0
0
0
0
0
0
0
0
0
0
0
0
0
0
0
0
0
0
0
0
0
0
0
0
0
0
0
0
0
0
0
0
0
0
0
0
0
0
0
0
0
0
0
0
0
0
0
0
0
0
0
0
0
0
0
0
0
0
0
0
0
0
0
0
0
0
0
0
0
0
0
0
0
0
0
0
0
0
0
0
0
0
0
0
0
0
0
0
0
0
0
0
0
0
0
0
0
0
0
0
0
0
0
0
0
0
0
0
0
0
0
0
0
0
0
0
0
0
0
0
0
0
0
0
0
0
0
0
0
0
0
0
0
0
0
0
0
0
0
0
0
0
0
0
0
0
0
0
0
0
0
0
0
0
0
0
0
0
0
0
0
0
0
0
0
0
0
0
0
0
0
0
0
0
0
0
0
0
0
0
0
0
0
0
0
0
0
0
0
0
0
0
0
0
0
0
0
0
0
0
0
0
0
0
0
0
0
0
0
0
0
0
0
0
0
0
0
0
0
0
0
0
0
0
0
0
0
0
0
0
0
0
0
0
0
0
0
0
0
0
0
0
0
0
0
0
0
0
0
0
0
0
0
0
0
0
0
0
0
0
0
0
0
0
0
0
0
0
0
0
0
0
0
0
0
0
0
0
0
0
0
0
0
0
0
0
0
0
0
0
0
0
0
0
0
0
0
0
0
0
0
0
0
0
0
0
0
0
0
0
0
0
0
0
0
0
0
0
0
0
0
0
0
0
0
0
0
0
0
0
0
0
0
0
0
0
0
0
0
0
0
0
0
0
0
0
0
0
0
0
0
0
0
0
0
0
0
0
0
0
0
0
0
0
0
0
0
0
0
0
0
0
0
0
0
0
0
0
0
0
0
0
0
0
0
0
0
0
0
0
0
0
0
0
0
0
0
0
0
0
0
0
0
0
0
0
0
0
0
0
0
0
0
0
0
0
0
0
0
0
0
0
0
0
0
0
0
0
0
0
0
0
0
0
0
0
0
0
0
0
0
0
0
0
0
0
0
0
0
0
0
0
0
0
0
0
0
0
0
0
0
0
0
0
0
0
0
0
0
0
0
0
0
0
0
0
0
0
0
0
0
0
0
0
0
0
0
0
0
0
0
0
0
0
0
0
0
0
0
0
0
0
0
0
0
0
0
0
0
0
0
0
0
0
0
0
0
0
0
0
0
0
0
0
0
0
0
0
0
0
0
0
0
0
0
0
0
0
0
0
0
0
0
0
0
0
0
0
0
0
0
0
0
0
0
0
0
0
0
0
0
0
0
0
0
0
0
0
0
0
0
0
0
0
0
0
0
0
0
0
0
0
0
0
0
0
0
0
0
0
0
0
0
0
0
0
0
0
0
0
0
0
0
0
0
0
0
0
0
0
0
0
0
0
0
0
0
0
0
0
0
0
0
0
0
0
0
0
0
0
0
0
0
0
0
0
0
0
0
0
0
0
0
0
0
0
0
0
0
0
0
0
0
0
0
0
0
0
0
0
0
0
0
0
0
0
0
0
0
0
0
0
0
0
0
0
0
0
0
0
0
0
0
0
0
0
0
0
0
0
0
0
0
0
0
0
0
0
0
0
0
0
0
0
0
0
0
0
0
0
0
0
0
0
0
0
0
0
0
0
0
0
0
0
0
0
0
0
0
0
0
0
0
0
0
0
0
0
0
0
0
0
0
0
0
0
0
0
0
0
0
0
0
0
0
0
0
0
0
0
0
0
0
0
0
0
0
0
0
0
0
0
0
0
0
0
0
0
0
0
0
0
0
0
0
0
0
0
0
0
0
0
0
0
0
0
0
0
0
0
0
0
0
0
0
0
0
0
0
0
0
0
0
0
0
0
0
0
0
0
0
0
0
0
0
0
0
0
0
0
0
0
0
0
0
0
0
0
0
0
0
0
0
0
0
0
0
0
0
0
0
0
0
0
0
0
0
0
0
0
0
0
0
0
0
0
0
0
0
0
0
0
0
0
0
0
0
0
0
0
0
0
0
0
0
0
0
0
0
0
0
0
0
0
0
0
0
0
0
0
0
0
0
0
0
0
0
0
0
0
0
0
0
0
0
0
0
0
0
0
0
0
0
0
0
0
0
0
0
0
0
0
0
0
0
0
0
0
0
0
0
0
0
0
0
0
0
0
0
0
0
0
0
0
0
0
0
0
0
0
0
0
0
0
0
0
0
0
0
0
0
0
0
0
0
0
0
0
0
0
0
0
0
0
0
0
0
0
0
0
0
0
0
0
0
0
0
0
0
0
0
0
0
0
0
0
0
0
0
0
0
0
0
0
0
0
0
0
0
0
0
0
0
0
0
0
0
0
0
0
0
0
0
0
0
0
0
0
0
0
0
0
0
0
0
0
0
0
0
0
0
0
0
0
0
0
0
0
0
0
0
0
0
0
0
0
0
0
0
0
0
0
0
0
0
0
0
0
0
0
0
0
0
0
0
0
0
0
0
0
0
0
0
0
0
0
0
0
0
0
0
0
0
0
0
0
0
0
0
0
0
0
0
0
0
0
0
0
0
0
0
0
0
0
0
0
0
0
0
0
0
0
0
0
0
0
0
0
0
0
0
0
0
0
0
0
0
0
0
0
0
0
0
0
0
0
0
0
0
0
0
0
0
0
0
0
0
0
0
0
0
0
0
0
0
0
0
0
0
0
0
0
0
0
0
0
0
0
0
0
0
0
0
0
0
0
0
0
0
0
0
0
0
0
0
0
0
0
0
0
0
0
0
0
0
0
0
0
0
0
0
0
0
0
0
0
0
0
0
0
0
0
0
0
0
0
0
0
0
0
0
0
0
0
0
0
0
0
0
0
0
0
0
0
0
0
0
0
0
0
0
0
0
0
0
0
0
0
0
0
0
0
0
0
0
0
0
0
0
0
0
0
0
0
0
0
0
0
0
0
0
0
0
0
0
0
0
0
0
0
0
0
0
0
0
0
0
0
0
0
0
0
0
0
0
0
0
0
0
0
0
0
0
0
0
0
0
0
0
0
0
0
0
0
0
0
0
0
0
0
0
0
0
0
0
0
0
0
0
0
0
0
0
0
0
0
0
0
0
0
0
0
0
0
0
0
0
0
0
0
0
0
0
0
0
0
0
0
0
0
0
0
0
0
0
0
0
0
0
0
0
0
0
0
0
0
0
0
0
0
0
0
0
0
0
0
0
0
0
0
0
0
0
0
0
0
0
0
0
0
0
0
0
0
0
0
0
0
0
0
0
0
0
0
0
0
0
0
0
0
0
0
0
0
0
0
0
0
0
0
0
0
0
0
0
0
0
0
0
0
0
0
0
0
0
0
0
0
0
0
0
0
0
0
0
0
0
0
0
0
0
0
0
0
0
0
0
0
0
0
0
0
0
0
0
0
0
0
0
0
0
0
0
0
0
0
0
0
0
0
0
0
0
0
0
0
0
0
0
0
0
0
0
0
0
0
0
0
0
0
0
0
0
0
0
0
0
0
0
0
0
0
0
0
0
0
0
0
0
0
0
0
0
0
0
0
0
0
0
0
0
0
0
0
0
0
0
0
0
0
0
0
0
0
0
0
0
0
0
0
0
0
0
0
0
0
0
0
0
0
0
0
0
0
0
0
0
0
0
0
0
0
0
0
0
0
0
0
0
0
0
0
0
0
0
0
0
0
0
0
0
0
0
0
0
0
0
0
0
0
0
0
0
0
0
0
0
0
0
0
0
0
0
0
0
0
0
0
0
0
0
0
0
0
0
0
0
0
0
0
0
0
0
0
0
0
0
0
0
0
0
0
0
0
0
0
0
0
0
0
0
0
0
0
0
0
0
0
0
0
0
0
0
0
0
0
0
0
0
0
0
0
0
0
0
0
0
0
0
0
0
0
0
0
0
0
0
0
0
0
0
0
0
0
0
0
0
0
0
0
0
0
0
0
0
0
0
0
0
0
0
0
0
0
0
0
0
0
0
0
0
0
0
0
0
0
0
0
0
0
0
0
0
0
0
0
0
0
0
0
0
0
0
0
0
0
0
0
0
0
0
0
0
0
0
0
0
0
0
0
0
0
0
0
0
0
0
0
0
0
0
0
0
0
0
0
0
0
0
0
0
0
0
0
0
0
0
0
0
0
0
0
0
0
0
0
0
0
0
0
0
0
0
0
0
0
0
0
0
0
0
0
0
0
0
0
0
0
0
0
0
0
0
0
0
0
0
0
0
0
0
0
0
0
0
0
0
0
0
0
0
0
0
0
0
0
