0
0
0
0
0
0
0
0
0
0
0
0
0
0
0
0
0
0
0
0
0
0
0
0
0
0
0
0
0
0
0
0
0
0
0
0
0
0
0
0
0
0
0
0
0
0
0
0
0
0
0
0
0
0
0
0
0
0
0
0
0
0
0
0
0
0
0
0
0
0
0
0
0
0
0
0
0
0
0
0
0
0
0
0
0
0
0
0
0
0
0
0
0
0
0
0
0
0
0
0
0
0
0
0
0
0
0
0
0
0
0
0
0
0
0
0
0
0
0
0
0
0
0
0
0
0
0
0
0
0
0
0
0
0
0
0
0
0
0
0
0
0
0
0
0
0
0
0
0
0
0
0
0
0
0
0
0
0
0
0
0
0
0
0
0
0
0
0
0
0
0
0
0
0
0
0
0
0
0
0
0
0
0
0
0
0
0
0
0
0
0
0
0
0
0
0
0
0
0
0
0
0
0
0
0
0
0
0
0
0
0
0
0
0
0
0
0
0
0
0
0
0
0
0
0
0
0
0
0
0
0
0
0
0
0
0
0
0
0
0
0
0
0
0
0
0
0
0
0
0
0
0
0
0
0
0
0
0
0
0
0
0
0
0
0
0
0
0
0
0
0
0
0
0
0
0
0
0
0
0
0
0
0
0
0
0
0
0
0
0
0
0
0
0
0
0
0
0
0
0
0
0
0
0
0
0
0
0
0
0
0
0
0
0
0
0
0
0
0
0
0
0
0
0
0
0
0
0
0
0
0
0
0
0
0
0
0
0
0
0
0
0
0
0
0
0
0
0
0
0
0
0
0
0
0
0
0
0
0
0
0
0
0
0
0
0
0
0
0
0
0
0
0
0
0
0
0
0
0
0
0
0
0
0
0
0
0
0
0
0
0
0
0
0
0
0
0
0
0
0
0
0
0
0
0
0
0
0
0
0
0
0
0
0
0
0
0
0
0
0
0
0
0
0
0
0
0
0
0
0
0
0
0
0
0
0
0
0
0
0
0
0
0
0
0
0
0
0
0
0
0
0
0
0
0
0
0
0
0
0
0
0
0
0
0
0
0
0
0
0
0
0
0
0
0
0
0
0
0
0
0
0
0
0
0
0
0
0
0
0
0
0
0
0
0
0
0
0
0
0
0
0
0
0
0
0
0
0
0
0
0
0
0
0
0
0
0
0
0
0
0
0
0
0
0
0
0
0
0
0
0
0
0
0
0
0
0
0
0
0
0
0
0
0
0
0
0
0
0
0
0
0
0
0
0
0
0
0
0
0
0
0
0
0
0
0
0
0
0
0
0
0
0
0
0
0
0
0
0
0
0
0
0
0
0
0
0
0
0
0
0
0
0
0
0
0
0
0
0
0
0
0
0
0
0
0
0
0
0
0
0
0
0
0
0
0
0
0
0
0
0
0
0
0
0
0
0
0
0
0
0
0
0
0
0
0
0
0
0
0
0
0
0
0
0
0
0
0
0
0
0
0
0
0
0
0
0
0
0
0
0
0
0
0
0
0
0
0
0
0
0
0
0
0
0
0
0
0
0
0
0
0
0
0
0
0
0
0
0
0
0
0
0
0
0
0
0
0
0
0
0
0
0
0
0
0
0
0
0
0
0
0
0
0
0
0
0
0
0
0
0
0
0
0
0
0
0
0
0
0
0
0
0
0
0
0
0
0
0
0
0
0
0
0
0
0
0
0
0
0
0
0
0
0
0
0
0
0
0
0
0
0
0
0
0
0
0
0
0
0
0
0
0
0
0
0
0
0
0
0
0
0
0
0
0
0
0
0
0
0
0
0
0
0
0
0
0
0
0
0
0
0
0
0
0
0
0
0
0
0
0
0
0
0
0
0
0
0
0
0
0
0
0
0
0
0
0
0
0
0
0
0
0
0
0
0
0
0
0
0
0
0
0
0
0
0
0
0
0
0
0
0
0
0
0
0
0
0
0
0
0
0
0
0
0
0
0
0
0
0
0
0
0
0
0
0
0
0
0
0
0
0
0
0
0
0
0
0
0
0
0
0
0
0
0
0
0
0
0
0
0
0
0
0
0
0
0
0
0
0
0
0
0
0
0
0
0
0
0
0
0
0
0
0
0
0
0
0
0
0
0
0
0
0
0
0
0
0
0
0
0
0
0
0
0
0
0
0
0
0
0
0
0
0
0
0
0
0
0
0
0
0
0
0
0
0
0
0
0
0
0
0
0
0
0
0
0
0
0
0
0
0
0
0
0
0
0
0
0
0
0
0
0
0
0
0
0
0
0
0
0
0
0
0
0
0
0
0
0
0
0
0
0
0
0
0
0
0
0
0
0
0
0
0
0
0
0
0
0
0
0
0
0
0
0
0
0
0
0
0
0
0
0
0
0
0
0
0
0
0
0
0
0
0
0
0
0
0
0
0
0
0
0
0
0
0
0
0
0
0
0
0
0
0
0
0
0
0
0
0
0
0
0
0
0
0
0
0
0
0
0
0
0
0
0
0
0
0
0
0
0
0
0
0
0
0
0
0
0
0
0
0
0
0
0
0
0
0
0
0
0
0
0
0
0
0
0
0
0
0
0
0
0
0
0
0
0
0
0
0
0
0
0
0
0
0
0
0
0
0
0
0
0
0
0
0
0
0
0
0
0
0
0
0
0
0
0
0
0
0
0
0
0
0
0
0
0
0
0
0
0
0
0
0
0
0
0
0
0
0
0
0
0
0
0
0
0
0
0
0
0
0
0
0
0
0
0
0
0
0
0
0
0
0
0
0
0
0
0
0
0
0
0
0
0
0
0
0
0
0
0
0
0
0
0
0
0
0
0
0
0
0
0
0
0
0
0
0
0
0
0
0
0
0
0
0
0
0
0
0
0
0
0
0
0
0
0
0
0
0
0
0
0
0
0
0
0
0
0
0
0
0
0
0
0
0
0
0
0
0
0
0
0
0
0
0
0
0
0
0
0
0
0
0
0
0
0
0
0
0
0
0
0
0
0
0
0
0
0
0
0
0
0
0
0
0
0
0
0
0
0
0
0
0
0
0
0
0
0
0
0
0
0
0
0
0
0
0
0
0
0
0
0
0
0
0
0
0
0
0
0
0
0
0
0
0
0
0
0
0
0
0
0
0
0
0
0
0
0
0
0
0
0
0
0
0
0
0
0
0
0
0
0
0
0
0
0
0
0
0
0
0
0
0
0
0
0
0
0
0
0
0
0
0
0
0
0
0
0
0
0
0
0
0
0
0
0
0
0
0
0
0
0
0
0
0
0
0
0
0
0
0
0
0
0
0
0
0
0
0
0
0
0
0
0
0
0
0
0
0
0
0
0
0
0
0
0
0
0
0
0
0
0
0
0
0
0
0
0
0
0
0
0
0
0
0
0
0
0
0
0
0
0
0
0
0
0
0
0
0
0
0
0
0
0
0
0
0
0
0
0
0
0
0
0
0
0
0
0
0
0
0
0
0
0
0
0
0
0
0
0
0
0
0
0
0
0
0
0
0
0
0
0
0
0
0
0
0
0
0
0
0
0
0
0
0
0
0
0
0
0
0
0
0
0
0
0
0
0
0
0
0
0
0
0
0
0
0
0
0
0
0
0
0
0
0
0
0
0
0
0
0
0
0
0
0
0
0
0
0
0
0
0
0
0
0
0
0
0
0
0
0
0
0
0
0
0
0
0
0
0
0
0
0
0
0
0
0
0
0
0
0
0
0
0
0
0
0
0
0
0
0
0
0
0
0
0
0
0
0
0
0
0
0
0
0
0
0
0
0
0
0
0
0
0
0
0
0
0
0
0
0
0
0
0
0
0
0
0
0
0
0
0
0
0
0
0
0
0
0
0
0
0
0
0
0
0
0
0
0
0
0
0
0
0
0
0
0
0
0
0
0
0
0
0
0
0
0
0
0
0
0
0
0
0
0
0
0
0
0
0
0
0
0
0
0
0
0
0
0
0
0
0
0
0
0
0
0
0
0
0
0
0
0
0
0
0
0
0
0
0
0
0
0
0
0
0
0
0
0
0
0
0
0
0
0
0
0
0
0
0
0
0
0
0
0
0
0
0
0
0
0
0
0
0
0
0
0
0
0
0
0
0
0
0
0
0
0
0
0
0
0
0
0
0
0
0
0
0
0
0
0
0
0
0
0
0
0
0
0
0
0
0
0
0
0
0
0
0
0
0
0
0
0
0
0
0
0
0
0
0
0
0
0
0
0
0
0
0
0
0
0
0
0
0
0
0
0
0
0
0
0
0
0
0
0
0
0
0
0
0
0
0
0
0
0
0
0
0
0
0
0
0
0
0
0
0
0
0
0
0
0
0
0
0
0
0
0
0
0
0
0
0
0
0
0
0
0
0
0
0
0
0
0
0
0
0
0
0
0
0
0
0
0
0
0
0
0
0
0
0
0
0
0
0
0
0
0
0
0
0
0
0
0
0
0
0
0
0
0
0
0
0
0
0
0
0
0
0
0
0
0
0
0
0
0
0
0
0
0
0
0
0
0
0
0
0
0
0
0
0
0
0
0
0
0
0
0
0
0
-1.09585
0.399188
0.273429
-0.127604
-1.35698
0.264288
-0.81866
0.771652
0.338363
-0.58613
0.00860269
-0.895329
-0.730402
0.0262497
0.22148
-0.0764553
-0.433215
0.30708
0.023862
-0.604411
-1.74136
0.403476
0.605508
-0.745755
0.0140046
0.347268
-1.67175
0.0889385
0.111104
0.08444
-0.527902
0.177282
-0.171302
-1.55572
0.570938
0.375244
0.30888
-0.0835648
-0.736039
-0.373447
0.0580194
-1.16156
-0.106125
0.264637
0.105761
0.0518542
0.319943
-1.02699
-1.01467
0.2213
-0.929955
-0.213407
0.277451
-0.821
-0.861077
0.620692
-0.508448
-0.796358
-0.0427757
-0.230131
0.11761
0.569565
0.0499609
-0.817804
0.122669
-0.0695408
0.663036
0.401556
-1.15074
-0.178957
-0.991865
-0.625986
-0.0435628
0.348554
0.248187
0.00329356
-2.53408
-0.32237
-0.0628083
0.342747
-0.234851
-0.311983
0.0960408
-0.668629
0.322317
-0.275782
-0.443883
-0.508337
0.329483
0.0626654
-1.37987
0.0782088
0.0745372
-0.294602
-0.161821
0.672585
0.0857962
-0.632138
-0.562124
0.471021
-0.523991
-0.80477
-1.25599
0.23784
-0.556898
-0.818554
-1.42072
-2.3254
-0.938069
0.37872
-0.038123
-0.440968
0.184273
0.24187
-0.422088
0.15943
0.163076
-0.812705
-0.555412
0.3938
0.214359
0.19909
-0.179611
-0.205913
-0.522647
0.0586777
0.469656
-0.329179
0.753853
-0.613382
-0.211651
0.143199
-0.837312
-0.37392
-0.876978
-0.354227
-0.998664
-0.14612
0.620794
-0.877285
-0.070466
-2.12642
0.0434993
-0.226127
-0.285698
-1.12911
0.113184
-0.43504
0.336243
-0.88873
0.217022
0.489469
0.49334
-0.4397
-0.177439
-1.07526
-0.0908898
0.240782
-0.839695
0.460568
0.294998
0.289807
0.0560192
-1.35827
0.310229
-0.254575
-1.42466
-1.52219
0.213911
-0.418925
-0.937903
0.247842
0.2629
0.557473
0.578782
0.0325546
0.250999
0.365402
-0.970439
-0.40175
-0.0869958
0.553813
0.538862
-0.00939085
-0.687135
0.539679
0.23417
-0.0723543
0.294829
-0.862189
0.269355
0.0662633
-1.2036
0.164125
0.707471
0.453182
-0.502884
-0.489659
0.0819431
0.405003
-1.22528
0.0452345
0.638564
0.384793
-0.593115
0.157843
0.0802255
-0.843962
-1.17973
-2.08239
-0.821344
-0.299502
-0.863657
-1.09131
-0.140853
-0.802794
-1.13353
-0.386743
-0.102943
-0.287808
-0.699626
0.475254
-1.54684
-0.624474
-0.277723
-0.421307
-0.17956
-0.348005
-0.688243
0.705625
-1.36299
-0.815959
0.774936
-0.492523
0.424391
0.234431
-0.168725
-0.797335
-0.648281
-0.711049
-1.04105
-0.465064
-0.0469705
0.35929
-0.0714136
0.0494178
-0.517241
-0.0879691
-0.40558
-0.350938
0.244168
-0.498753
0.615646
0.582271
-0.249435
-2.37991
-0.264674
-0.00239588
-1.55529
-1.09331
-1.1303
-0.928588
0.00459124
0.693957
-1.37722
-0.889395
-1.6616
0.378593
0.0950513
-0.458855
-0.14703
0.074794
0.128887
0.410294
-0.0584916
-2.1373
-0.253846
-0.458205
0.0749971
-0.0101282
-0.268676
-0.148064
0.384706
0.0263199
-0.546255
-0.249336
-0.260844
-1.50113
-0.199447
-0.687247
0.066459
0.628899
-0.796431
0.119835
-0.744697
0.288393
0.490846
-1.98531
-2.56631
0.193054
-0.821897
-0.516497
-0.16824
-0.096127
-1.68502
0.0784597
-0.643936
-0.35299
0.630401
-1.23865
-0.948641
-0.920745
0.815889
-1.52194
-1.23677
0.0700391
-0.395965
-1.89087
0.447716
-0.771524
0.480529
0.0246568
0.441151
-0.0448867
0.707359
-0.395781
0.278836
-1.60896
0.341959
-0.0360918
-1.8148
0.0700215
0.498616
-0.492684
-0.0459245
-0.29774
-0.101309
0.245436
-0.924222
-3.28385
-3.28645
-0.687685
0.687138
0.0725942
-0.747964
-0.465419
0.297379
-0.695169
-0.253623
0.333963
-1.3381
0.285986
0.138111
-0.127555
0.137412
0.289402
-0.936312
0.164757
-0.968699
-0.509088
-1.02895
0.2853
-1.20606
0.361983
-1.42911
-0.435832
0.136232
0.185018
-1.61819
-0.249234
-0.211887
-0.840638
0.409386
-0.412236
0.510655
-2.40424
0.689944
-0.610163
0.201962
-1.80711
0.464747
-0.952129
-1.56669
-0.423684
0.276522
-0.370261
-0.0527888
-0.767258
0.346798
-0.851151
-0.560271
-1.11457
0.417362
0.841751
-0.61179
-0.0432392
0.290567
-1.55782
-0.0591826
0.378096
-1.14539
-0.385447
-2.23207
0.556131
-1.33137
0.510924
-1.23343
-1.02033
-1.17526
-1.15645
-0.0296616
-0.514399
-0.535301
-0.193739
-0.182598
0.943847
-0.578253
-0.259264
0.536366
-0.513414
-0.591145
-0.642669
-1.18279
-2.05257
-1.35307
-0.803509
0.529228
0.0471802
0.212561
-0.519305
-0.894651
-0.73716
-0.566741
-1.18057
-0.868698
0.398322
-0.00184717
-0.207102
-1.60264
-1.02698
0.470576
0.421716
-0.212362
-0.57744
0.398587
-1.76275
0.00859931
-1.24923
-0.0146621
-1.02097
0.110194
0.0219473
0.585446
0.557004
-1.83717
0.331299
-0.0337118
-0.902166
-0.222876
-0.309697
-0.00526652
0.460011
0.297448
-0.0609035
-0.817548
0.262418
-0.531819
-0.524446
-0.943074
-0.456795
0.0310567
0.145869
-0.87093
-0.223987
-0.861449
0.738026
-1.78552
-0.838406
0.494843
0.065556
-1.12634
0.329133
-0.14091
-0.151319
-0.144403
-0.812752
0.197442
0.361542
0.377318
-1.08448
-0.366014
-0.529325
0.525393
-0.16311
0.24634
-0.148481
-0.482364
0.350811
-0.521947
0.0778913
-1.11283
-2.20122
-1.45545
0.2127
-0.393594
-0.926351
-0.287112
-0.530469
-1.15859
0.250709
-0.127813
0.226903
-0.138696
0.0637447
-0.21391
-0.197863
-0.208946
0.419146
-1.11776
-0.458568
0.36884
-2.45747
-1.23912
-0.202799
-0.37356
0.42179
-1.54139
0.328031
-0.17015
0.085257
0.40044
-0.493777
0.262046
0.332339
-0.127519
-0.216434
0.289458
0.0427336
-1.24223
-0.209356
-0.728613
-1.55076
0.0999375
-0.727931
0.138575
0.618639
0.0449806
-1.08476
0.371018
-0.717123
-1.52565
-1.49447
-0.546521
0.00417091
0.1381
0.214975
0.109307
0.0757907
-2.07099
-1.11323
-0.348941
0.310117
-1.83892
-1.56927
0.37039
-0.464087
-0.0937409
-0.885487
-0.421773
0.386075
-1.31322
-2.70902
-0.33337
0.340229
-1.22752
0.348557
-0.737304
-1.08619
0.270899
0.00584914
0.150847
0.0451845
-0.899173
-0.670792
-1.66029
-1.28176
-0.564373
0.260828
0.400071
-0.856351
-0.922903
-1.19672
-0.105904
0.229424
0.322399
-0.105466
-0.670315
-0.442808
-0.303781
-0.142788
-1.45487
0.0519582
-1.01747
0.416905
-1.25217
-0.0603637
-2.16144
0.367577
-0.454054
-2.21611
0.306249
0.222512
0.494267
-2.25724
0.462761
0.392331
-0.344885
-0.00126427
-0.250636
-0.676929
-0.161901
-0.768984
-0.603055
-1.63915
0.0341371
-1.18185
-1.08162
0.511815
-1.47467
-0.460641
0.0568486
-1.19526
-0.708282
-1.02156
-1.62309
0.480043
-0.0938803
-0.446306
0.0411703
0.0535675
0.215588
-0.0816179
0.111796
-0.256196
-0.892667
-0.325692
-0.000973221
-0.312797
-0.61797
-0.437581
-1.59702
0.115514
-0.194558
0.00819511
-0.50318
0.0770669
0.468712
-0.684998
-0.663727
-1.38802
0.263273
-0.969221
-0.518282
-0.795319
-0.793045
-0.5047
-1.37106
0.0446674
0.393614
0.298721
-0.421643
-0.188579
0.64539
-0.754627
0.382392
-0.118462
0.6558
0.496708
-0.973116
0.600452
0.637334
-2.00306
-0.942232
-1.90464
0.432725
-0.628776
-0.365727
0.498315
-0.80016
-0.146998
-0.353782
-1.00519
0.41711
-0.30105
0.407883
-2.5353
0.0512001
-1.0909
-0.122504
-0.385848
-1.99413
0.410713
0.631592
0.0755529
-0.694446
0.261799
0.410507
0.126857
-0.391174
-0.0342799
-0.821678
-2.08664
-0.248716
-1.50389
0.262271
-1.17092
-1.33818
-0.052194
0.288234
-0.788278
0.306705
0.0208655
-1.02111
0.308683
-0.378254
-0.589359
-0.175233
-1.06868
-0.137246
-0.0306471
0.558669
-1.40406
-0.353639
-0.809969
-1.00926
-0.569507
0.118069
-0.376631
0.189176
0.137149
-0.614492
-0.22165
0.0808772
-1.43243
0.730827
-0.485867
-0.254021
-0.569007
-1.77303
-1.86571
-0.26466
-1.26062
-0.827376
0.0701736
-0.144796
0.427766
0.443919
0.0263975
0.110869
-0.666872
0.142271
-0.0230527
0.0694873
-1.30687
-0.83605
0.432496
-0.149279
-0.0476593
-0.835983
0.465206
-0.162036
-1.59805
0.535413
-0.105914
0.379388
-0.155879
0.0114656
-0.126379
0.203872
0.22376
-0.857295
-0.400342
-0.546587
0.479664
0.542152
-1.6012
-1.27694
0.244354
0.625775
-0.449514
0.281207
-0.707941
0.070522
0.356685
0.191641
-0.383055
-0.704914
-1.83678
-1.52228
-0.600815
-0.362022
0.589412
0.308388
0.188734
-0.242806
-0.527883
0.215649
-1.11106
-1.3855
0.141087
0.200662
-1.8989
0.456701
-0.183729
-0.867676
-0.813049
-0.604397
0.00266578
0.394512
-0.156653
0.080433
-0.0215603
-1.5748
-1.88812
0.118305
0.252788
0.260071
-1.58146
-0.731653
-0.306044
-0.973381
-0.819832
-0.819027
-0.192243
-1.10614
0.0944676
0.23923
-0.739243
0.456382
0.390507
0.470667
-0.197969
0.198745
-0.94464
0.378765
0.503612
0.46972
-0.702491
-0.350063
-0.873251
-0.239846
-0.756998
-1.27829
-1.79754
0.274875
-0.169878
-0.869495
-1.76679
0.126421
0.200206
-1.06945
-1.39203
0.52089
-0.581997
0.583191
-0.655104
-1.42828
-0.194484
-1.11687
0.130776
-0.0603676
-0.985704
0.41522
-0.693321
-0.03424
-1.06212
-0.926357
-0.831982
-0.314016
-2.2817
0.676411
-0.616901
0.31033
-0.661262
-0.288553
-1.27228
-0.272355
0.0676664
-0.0155072
-0.954439
-0.305134
0.100705
-0.212608
-1.10141
0.0915189
-0.249705
-0.751904
-1.40471
-1.18236
-0.341395
-1.43053
-1.17839
0.551381
-1.24101
0.69498
0.0942264
-0.319247
-1.09673
-1.61732
-0.802137
-0.264136
0.583916
0.534191
-1.27424
-1.21641
-0.181792
-0.23611
0.0414855
-0.35688
-0.288043
0.184879
0.356161
-1.01614
-0.290289
0.0700804
-0.55782
-1.18658
-1.98269
0.224802
-0.396275
-0.184197
-0.373582
0.44864
0.507428
0.491681
-0.599669
0.169889
-0.582399
0.64669
0.483815
-0.399284
0.239494
-0.625097
-1.81529
-0.021456
0.430917
0.0405998
0.167953
-0.327336
0.0566114
0.381189
0.718363
-0.66308
0.172786
-0.993422
-0.0248742
-0.154287
-0.0124043
-0.685526
0.112796
0.0907422
0.214419
-0.651088
-0.462641
0.373303
-1.41048
0.0837219
-0.0126115
-0.309241
0.310439
0.120605
-0.994687
-0.120175
0.589751
0.51177
-0.278918
-0.557889
-0.376474
-0.327695
-0.0145268
-0.639492
0.318729
-1.98816
-1.36868
0.0448144
-1.6562
0.184084
0.0616831
0.382533
0.28347
-0.392159
-0.170512
0.0168479
-0.551127
-0.209364
0.0710201
0.43941
-0.503089
-1.06311
-2.39966
0.564082
0.488818
-0.504907
-0.899842
-0.23008
-0.222968
-1.15712
-0.324524
-0.529936
0.148359
-0.529752
-0.171707
-0.418335
-0.00764994
-1.2202
-1.14485
0.0729272
-0.10271
-0.033126
0.362733
-0.292687
0.0151482
0.546529
0.445786
-0.02726
0.571456
-0.781115
-0.928099
0.290783
-0.0913388
0.505196
0.284149
-0.974295
-0.561528
-0.425985
-0.453645
-0.57222
0.0434466
0.398431
-0.866178
0.398287
0.160918
-0.082313
-0.570894
0.410554
-1.06623
0.0980679
-0.000242574
-0.187656
-0.0543817
-0.465168
0.0813474
-0.233694
0.21111
0.056009
-0.281554
-1.08551
-0.246168
-1.92277
0.291583
0.29101
-1.06469
-0.174322
-0.0447404
-0.0770788
0.293972
-1.69447
0.264662
-0.423879
-0.67377
-0.535442
-0.0115066
-0.722297
0.531226
-0.316514
-0.181896
0.555698
0.359485
-0.258066
-0.000627532
0.162192
-0.977149
-0.502833
-1.12972
-0.244429
-0.586673
0.201416
0.599282
0.474403
-0.718562
-0.124195
-0.376347
0.244032
-0.701816
-0.122316
0.00226459
-0.14097
0.240139
0.108404
-1.4601
-0.824108
-0.024907
0.5717
-0.958783
0.319938
0.0334529
0.243623
0.27677
-0.656795
0.387744
-1.93377
0.554955
-0.241789
-0.643793
-1.08575
-0.0908586
-0.939626
-1.22013
-0.686907
0.275867
0.12713
-0.866448
-0.593132
0.0550941
-1.78206
-0.553493
0.579782
0.358923
-0.569897
-1.28412
0.3535
-0.415418
-0.786945
-0.525046
-0.0291204
0.0744973
-1.85734
0.23462
-0.141244
-0.716346
-0.447902
0.228632
-0.294843
0.247158
-1.54328
0.435659
0.216514
0.0464625
0.579063
-1.91299
-0.486136
-0.656943
0.0518476
-0.317775
0.241473
-0.414948
-0.189627
-1.06036
0.320235
0.236345
0.289692
-0.300622
-0.197295
-0.406121
0.274581
-0.804481
0.261175
0.45079
0.533887
0.433698
0.363161
0.647235
-1.36633
-0.238971
0.0271875
-1.45224
-0.303326
-0.231751
-0.0986207
0.141975
0.00601973
0.119861
-0.158992
-0.353396
0.0616987
-0.37915
-0.228621
-0.336104
-0.670251
-0.693895
0.161053
-0.514116
-0.971548
-0.0538337
0.295781
0.156303
-0.394836
-0.255146
0.255128
-0.403738
-0.929001
0.37498
-1.04898
-0.112101
-0.743406
-1.67913
-1.22375
-0.29339
-0.284552
-0.127726
0.576434
0.156747
0.0784564
0.0350517
-0.729343
-0.50663
-0.110997
0.0798386
0.14157
-0.396417
0.196207
-1.23015
-1.78552
-0.751052
-0.122262
-0.756619
-0.781945
-1.39477
0.414447
0.295921
-0.917576
-0.531595
-0.0576223
-0.908443
-1.24358
-0.233524
-0.999041
0.294979
0.32693
-0.810853
-0.676722
0.389579
0.343084
0.548498
0.619596
-2.45667
-0.478406
-0.0162584
-1.62469
0.00275563
-1.87142
-0.339354
-0.214595
-0.969038
0.346465
0.240559
0.610304
-0.118455
-0.388756
0.217144
0.376015
-0.647369
-0.998551
-2.19343
-0.0622793
-0.296838
-0.925423
-0.18134
0.287783
-0.10365
-0.215223
-0.242945
0.243293
0.347871
-0.0541986
-1.50873
0.338555
-0.277587
0.427868
0.368869
-0.0488048
-0.436199
0.217185
0.448602
-0.543788
-0.916167
-0.568673
-1.24827
0.0871153
0.370456
-0.419879
0.715792
0.120941
-0.446701
0.0770631
-0.040649
-0.404983
-0.755764
0.273879
0.243885
-1.13172
-0.314034
-0.384828
-0.0408867
0.669176
-0.162244
0.12155
-0.597857
-2.14366
-0.272447
0.501265
-0.089757
-1.14117
-0.0880761
-0.238153
-0.059241
-0.236824
-0.917748
-0.46673
0.369306
-0.402968
-0.720982
0.0698567
-0.629999
-1.15896
-0.358989
-0.098388
-0.110785
-0.624582
0.284528
-0.783045
-0.114554
-0.415991
0.31344
0.0462093
-0.323007
-0.0416502
0.270571
0.339185
-0.72649
0.0679774
-3.53918
0.37556
0.0507209
-2.21043
0.0786768
0.669195
0.404593
-0.149826
0.370232
0.442794
-0.0734495
-1.04545
-0.0255927
0.115696
-0.212147
-1.59154
-2.07173
0.19944
0.295395
0.250222
-0.754323
-0.0582305
-0.278098
0.324579
-0.4778
-0.136676
-0.164357
-0.278555
-0.813563
0.295192
0.182938
0.302583
-0.366475
-1.73822
0.406707
-0.355392
0.294676
-0.121225
0.0274118
0.566462
-0.0509324
0.218615
-0.00434717
0.249341
-1.61964
-0.488175
-1.45612
-0.21295
-0.48113
0.373161
-0.174405
-0.418245
-0.150126
-0.974537
0.0799033
0.100364
-0.308463
0.162164
-0.772012
-0.235895
-0.980846
-0.285228
0.322036
-0.663706
0.337914
0.0456941
-0.748374
-0.64219
0.0759601
0.218763
-0.107089
-0.296794
0.103158
-1.12609
-0.720536
-0.358606
0.180633
0.464986
0.0166117
0.0819637
-0.31398
0.371308
-0.203499
-1.08711
0.195707
-0.332194
-0.61951
0.179273
-0.296292
0.537932
0.433418
0.403204
0.267973
-1.59732
0.0456357
-1.0682
-0.568518
-0.324699
-0.568301
-0.727681
0.0530664
-0.704334
-1.58322
-0.0215379
-0.257496
-2.09802
-0.404681
-0.525991
-0.66856
0.556044
-0.741373
0.200551
0.170994
-1.01282
-0.608284
0.40541
0.355647
0.187061
0.178976
-0.425371
-1.3887
0.0810108
0.241027
-0.000866336
-1.41103
-0.28939
-0.246651
0.252996
0.446471
0.0888854
0.502332
-0.0776577
-0.62836
-0.426642
0.345538
0.233799
-2.7475
-0.817115
0.461218
-0.387793
-0.0571884
-0.0347465
-0.153303
0.49613
-0.133786
-0.11483
-0.0442445
0.248762
-1.11715
0.389099
0.546383
0.433262
0.442878
-1.28262
-1.78887
-0.328858
0.280471
0.136393
-0.46368
0.2836
0.339795
0.0196385
0.472695
0.00809416
-0.066934
0.635701
-1.3875
-0.345274
0.111952
-0.921652
-0.626474
-0.862185
-0.999749
-0.106176
0.344272
-1.01252
-0.586626
-0.355876
-0.0527131
-0.69498
0.543023
-0.0313046
0.316721
-1.7744
-0.910372
0.111155
-1.09205
-0.798287
-0.222304
-0.00138121
-0.61924
0.502502
0.059901
-0.0712563
0.041167
-0.830745
-1.3101
-0.0117926
0.133422
0.219647
-0.444152
-0.826675
0.216818
-0.433152
-0.668711
-0.578177
-0.329151
0.336734
-1.23606
-0.936205
-0.927394
0.0694465
-0.638552
-0.603724
0.280319
0.0328535
0.433548
-0.866461
-0.585798
-0.338975
-1.48299
0.00309506
0.0923741
-0.0646193
-0.304222
0.263234
-0.651229
0.0936885
-0.500877
0.115339
-0.305503
0.465503
-0.957035
-0.251998
-0.480219
-0.0682511
-0.665313
-0.17875
-0.814047
0.130121
0.545664
0.147796
-0.623615
0.567765
-0.968332
-0.27195
-0.774034
0.154956
-0.669439
0.0646127
0.0299309
0.352389
-0.955862
0.817704
-0.0987971
0.0269776
-0.0379719
-0.865119
-0.614859
-1.0978
-0.291073
-0.624926
0.241472
0.440157
0.300928
0.20977
-1.29848
-0.356388
-0.378467
-1.3848
0.104437
-0.908277
0.197057
0.358372
-0.495199
0.0123999
-0.791004
-0.0296676
-1.11291
-0.165357
-0.0483397
-0.250251
-1.65859
-0.646938
-1.25651
-0.250667
0.343488
-0.87051
0.180796
0.192411
-0.112335
0.496952
-0.436323
-0.252796
-0.385103
-1.6434
-0.14922
0.192503
0.120927
0.205869
0.163497
0.170179
-0.528159
0.437608
-0.474897
-0.583225
0.330243
-0.218967
-0.904996
-0.800179
0.630694
-0.160671
-0.00469259
0.115681
0.0631836
0.308312
0.537577
-0.539432
0.130502
0.540581
0.59826
-1.89523
-0.940207
0.256532
-0.430457
-0.306746
-0.734927
0.0510854
-0.42822
-1.09581
0.342035
0.158493
0.328538
0.0716536
0.451014
0.218053
-0.0401703
-0.0438509
-0.935409
-0.712333
-0.592902
-0.608923
0.0716645
0.120929
0.174
-0.842554
-1.07772
-0.268598
-1.058
-0.525215
0.203521
-0.365706
-0.54753
-0.0494928
0.124805
-0.975057
0.330737
0.790671
-0.727958
-1.49016
0.368377
0.0468664
0.367056
-1.0225
0.362861
-0.938486
-0.292906
0.417545
0.0316509
0.099344
-0.356309
-1.03476
-0.0806744
-0.854261
0.250344
-0.386795
0.330173
-0.434947
-0.122328
0.00381359
-1.76297
-0.45015
0.458429
-1.08376
-0.299178
0.341495
-0.0877279
0.0258021
-1.66955
-0.241081
0.157902
0.103084
-0.0432199
-0.326251
-0.823346
-0.587777
-0.860843
0.056916
0.498058
-0.937428
-1.03833
0.589419
0.412677
0.0921189
0.524367
-0.784131
-1.50851
0.0133296
0.537131
0.359294
-0.163317
-1.37301
-0.401184
-0.620918
-0.319764
-0.686596
-0.763984
0.0276172
-0.613142
-1.06512
0.141629
0.805403
0.109987
0.270017
-0.623514
-0.0634947
-0.434066
0.0453036
-0.126746
-0.432932
-1.40366
0.0367384
-0.730865
-0.379832
0.0319589
0.189382
-0.140925
-0.29971
-0.0299347
-0.506767
0.24281
-1.22051
-1.51223
-0.0261113
0.38117
-0.0684768
-0.379872
0.207955
-0.206032
0.0529971
-0.345702
0.100174
-0.514616
0.663829
-0.389084
0.476736
0.0292677
-0.0146283
-0.350807
0.149229
-0.846187
-0.440465
-0.431963
-0.24672
0.728278
-1.49755
-0.574737
0.246578
-0.200414
0.473464
0.314972
0.321358
-0.786729
-0.619319
0.233022
-0.363053
0.35579
-0.585253
0.246664
-0.424196
0.488306
-1.50209
0.0774777
-2.08907
0.00576198
-1.01101
-0.874613
-0.217178
-0.964549
-0.563974
0.011076
-0.50694
0.264174
-0.192284
0.38514
0.417201
-0.548727
-0.633935
-0.106649
-0.173207
0.194762
-0.843559
0.661061
0.375077
0.414052
0.395226
0.0878855
-0.0335539
0.177119
-1.217
0.198184
-0.0992677
-1.35643
0.675564
-0.621911
-0.731609
-0.970242
0.343135
0.328514
0.320322
0.317606
-0.326822
0.247622
-0.0962211
0.167715
0.173916
-0.107042
0.331
-0.0415938
0.0463753
0.279163
-1.44084
0.396959
0.271837
-0.643455
0.470715
-1.11153
-0.289142
-1.02405
0.226901
-0.391774
0.422223
-0.0586706
-0.478079
-0.291761
0.418445
0.737105
0.116045
-0.362317
0.317754
0.697563
-1.32001
0.277698
-0.64994
-0.445149
0.0188948
-0.918426
-0.772121
-2.25605
-0.108563
-0.563783
-0.850681
0.141193
-0.116666
0.346287
-0.055959
0.232654
-0.31974
0.174947
0.41604
0.14692
0.193393
-0.179151
-0.38071
-0.0359722
0.339454
-0.661642
0.438232
0.119957
-0.582408
-1.34203
0.0292077
0.432894
-0.0214801
0.366984
-0.0620099
0.469871
-1.85495
0.386785
0.255939
-2.54993
-0.66666
0.286821
0.365281
-1.07587
-1.52462
0.365307
-0.0779692
-1.27546
0.257194
0.411394
-0.032152
0.252698
0.210116
-0.604928
-0.194262
-0.309602
-1.19818
0.496676
-1.13189
-0.181394
-0.911095
-0.744825
-0.91773
-1.61026
0.348256
0.152371
-0.477625
0.123491
-0.615693
-0.365495
-0.234149
-0.00253875
-0.178077
0.73751
0.553097
-1.52091
-0.24695
0.7542
-0.668316
-0.503115
-1.65595
0.246167
-1.06723
0.374433
-0.610752
-0.0598746
-0.423965
-1.09625
0.165893
-0.0784935
-0.214196
0.0355201
-0.887848
-2.66582
0.384708
0.246224
-0.840557
-0.3403
-0.936533
0.0128554
-0.0629759
0.605889
0.362516
-0.739046
-0.263164
-1.35458
0.560022
-0.855985
