1.02985
1.024
1.03591
1.13149
1.10841
1.42962
1.024
1.02498
1.02693
1.20777
1.03404
1.12289
1.04354
1.10471
1.04552
1.03038
1.02707
1.02498
1.35816
1.024
1.06112
1.02498
1.024
1.07294
1.02498
1.024
1.02498
1.03401
1.15062
1.02983
1.02732
1.02498
1.09838
1.024
1.07706
1.07803
1.05124
1.024
1.03149
1.13792
1.29947
1.024
1.02654
1.05661
1.45547
1.024
1.03241
1.14251
1.07316
1.04763
1.02707
1.024
1.02498
1.02498
1.024
1.15831
1.11955
1.03721
1.10886
1.04035
1.024
1.44623
1.55307
1.02767
1.03482
1.22954
1.21672
1.04401
1.02498
1.02767
1.03108
1.17377
1.12454
1.024
1.38357
1.06677
1.11907
1.02686
1.24788
1.04
1.024
1.03512
1.04544
1.0255
1.04126
1.02498
1.22875
1.024
1.21805
1.024
1.024
1.12943
1.09115
1.15847
1.18807
1.05643
1.024
1.024
1.05784
1.02498
1.024
1.04581
1.29122
1.05343
1.02845
1.024
1.02498
1.02498
1.03665
1.024
1.07041
1.02498
1.0419
1.02566
1.08445
1.03898
1.05296
1.02498
1.02498
1.0438
1.079
1.024
1.03124
1.03299
1.02498
1.02498
1.02498
1.03022
1.02841
1.024
1.02498
1.04888
1.22607
1.024
1.32885
1.19382
1.02498
1.024
1.024
1.03325
1.024
1.024
1.02498
1.2134
1.2445
1.24654
1.02498
1.07943
1.04381
1.09283
1.02834
1.02691
1.10444
1.05041
1.14409
1.08583
1.02498
1.11587
1.02498
1.21953
1.20621
1.38596
1.156
1.024
1.02498
1.024
1.024
1.1289
1.03266
1.23683
1.13248
1.024
1.0514
1.024
1.02498
1.08529
1.024
1.03471
1.31904
1.04166
1.2953
1.024
1.16215
1.0789
1.02574
1.24904
1.02531
1.51111
1.02498
1.18324
1.03452
1.12266
1.14697
1.4192
1.14842
1.024
1.02706
1.07802
1.024
1.39973
1.05908
1.02498
1.02865
1.06569
1.06622
1.19783
1.10528
1.03226
1.09752
1.11436
1.024
1.26222
1.02498
1.16925
1.02763
1.0953
1.024
1.04567
1.15288
1.03151
1.024
1.05105
1.024
1.27159
1.07366
1.03331
1.02498
1.25121
1.02498
1.03103
1.36301
1.02498
1.10725
1.024
1.76276
1.2121
1.62675
1.024
1.024
1.17622
1.02768
1.02498
1.024
1.024
1.02498
1.18073
1.02625
1.02498
1.10115
1.024
1.024
1.04585
1.15233
1.02498
1.19957
1.03457
1.02716
1.03037
1.02639
1.02498
1.02908
1.024
1.024
1.05259
1.06739
1.10736
1.02498
1.09666
1.20265
1.024
1.1647
1.02498
1.19261
1.15896
1.03398
1.024
1.17354
1.03949
1.05861
1.024
1.08877
1.024
1.024
1.02946
1.36109
1.22246
1.31755
1.02498
1.56357
1.0391
1.02787
1.024
1.024
1.02498
1.024
1.14117
1.02629
1.20311
1.28559
1.35567
1.07424
1.19613
1.13006
1.024
1.0305
1.02677
1.024
1.05499
1.13566
1.04891
1.18346
1.02498
1.16002
1.02498
1.03321
1.03359
1.024
1.17629
1.024
2.05304
1.05058
1.02762
1.11219
1.02718
1.024
1.22333
1.03886
1.03288
1.02498
1.06863
1.04833
1.0589
1.02928
1.02498
1.024
1.05584
1.02498
1.024
1.12057
1.03524
1.41485
1.07527
1.08682
1.14294
1.024
1.024
1.02498
1.02498
1.02498
1.024
1.63736
1.02498
1.05769
1.02498
1.02498
1.15959
1.02498
1.024
1.02498
1.024
1.18605
1.12544
1.0396
1.024
1.0899
1.024
1.024
1.09091
1.07678
1.024
1.13858
1.09651
1.09284
1.02498
1.024
1.04
1.03149
1.50507
1.02498
1.04449
1.05168
1.05157
1.024
1.03377
1.17467
1.14473
1.12009
1.024
1.16897
1.19183
1.024
1.024
1.03116
1.024
1.024
1.024
1.08865
1.03712
1.0456
1.05514
1.05652
1.36849
1.10772
1.2443
1.02498
1.024
1.0467
1.02875
1.15754
1.024
1.024
1.06385
1.39146
1.02875
1.07634
1.02498
1.10542
1.16393
1.02811
1.04159
1.02498
1.024
1.18528
1.02524
1.024
1.05383
1.05557
1.02498
1.03067
1.1588
1.13801
1.09709
1.14655
1.024
1.11044
1.10535
1.024
1.03271
1.024
1.024
1.25706
1.10533
1.04003
1.07806
1.19315
1.16818
1.07177
1.02787
1.024
1.02498
1.73212
1.02498
1.02498
1.05143
1.09522
1.26731
1.28456
1.16278
1.45179
1.024
1.02498
1.09033
1.02952
1.41787
1.27181
1.08095
1.06113
1.08966
1.10097
1.17451
1.07841
1.05854
1.03958
1.02811
1.09012
1.02498
1.05813
1.02498
1.03433
1.30721
1.39418
1.04598
1.20594
1.024
1.024
1.024
1.02498
1.03513
1.05315
1.024
1.024
1.02767
1.024
1.024
1.14487
1.06551
1.02524
1.3577
1.34081
1.132
1.02719
1.06973
1.02757
1.02606
1.02755
1.024
1.41517
1.22027
1.83845
1.08577
1.05642
1.21271
1.0367
1.07429
1.02498
1.24558
1.08217
1.024
1.03187
1.22282
1.1426
1.03405
1.03124
1.11635
1.18888
1.024
1.0257
1.024
1.02498
1.024
1.04048
1.14706
1.02498
1.20391
1.05738
1.07076
1.04863
1.05281
1.3079
1.024
1.08753
1.02873
1.02498
1.04462
1.0327
1.04854
1.18082
1.024
1.024
1.29168
1.43561
1.02498
1.02498
1.09148
1.02902
1.02498
1.024
1.10939
1.05211
1.024
1.024
1.02498
1.024
1.07581
1.08376
1.024
1.02498
1.02498
1.28848
1.024
1.024
1.19694
1.27351
1.14081
1.024
1.03124
1.18499
1.024
1.024
1.02498
1.02498
1.33454
1.10153
1.0259
1.024
1.02717
1.024
1.13666
1.05745
1.05705
1.0384
1.027
1.024
1.08383
1.02865
1.024
1.08487
1.024
1.02751
1.1462
1.07082
1.02498
1.024
1.04595
1.04788
1.02498
1.024
1.024
1.024
1.024
1.02768
1.18383
1.34748
1.05197
1.02498
1.02778
1.06772
1.06005
1.024
1.09131
1.0635
1.05765
1.05305
1.05523
1.18117
1.10776
1.02498
1.33778
1.22555
1.02498
1.13135
1.024
1.08812
1.024
1.19383
1.024
1.02498
1.02498
1.29363
1.0334
1.024
1.186
1.06269
1.19727
1.04379
1.024
1.04888
1.04065
1.03939
1.08433
1.024
1.07994
1.03191
1.2024
1.04122
1.03949
1.20803
1.02719
1.02498
1.02498
1.14649
1.03758
1.12754
1.03272
1.024
1.024
1.06969
1.13145
1.33923
1.024
1.024
1.07207
1.024
1.024
1.09144
1.22033
1.02498
1.024
1.02498
1.08729
1.02498
1.024
1.11549
1.14925
1.04554
1.02498
1.04082
1.07382
1.024
1.02498
1.02498
1.024
1.02605
1.03687
1.024
1.16181
1.35227
1.024
1.24098
1.02498
1.12525
1.04311
1.02753
1.118
1.34969
1.1351
1.16228
1.04106
1.02498
1.03053
1.10298
1.48953
1.27598
1.024
1.024
1.024
1.09069
1.02498
1.10363
1.23691
1.02498
1.1953
1.03822
1.024
1.23946
1.024
1.024
1.17572
1.024
1.09148
1.12829
1.02498
1.20523
1.024
1.15513
1.16886
1.024
1.24712
1.024
1.024
1.14864
1.02498
1.02498
1.14185
1.02498
1.024
1.10416
1.03918
1.03103
1.03052
1.02498
1.04068
1.22582
1.02498
1.02498
1.09196
1.03618
1.02498
1.02498
1.19398
1.28289
1.19214
1.024
1.07478
1.32344
1.04894
1.02498
1.21406
1.024
1.02905
1.07463
1.37481
1.19823
1.024
1.02878
1.03764
1.1263
1.02498
1.024
1.19151
1.42339
1.02498
1.0277
1.02498
1.03568
1.024
1.03136
1.024
1.59651
1.02498
1.3311
1.024
1.13542
1.10135
1.07929
1.024
1.2803
1.024
1.02498
1.20516
1.024
1.02553
1.02498
1.12375
1.30503
1.024
1.024
1.02692
1.17417
1.02498
1.15163
1.024
1.29361
1.14445
1.03049
1.024
1.16681
1.1856
1.11029
1.02689
1.02631
1.024
1.024
1.024
1.024
1.024
1.024
1.53247
1.02498
1.03288
1.34426
1.024
1.024
1.024
1.024
1.09273
1.02498
1.12622
1.12417
1.024
1.09909
1.024
1.14999
1.21958
1.05536
1.02498
1.02871
1.02498
1.07751
1.02498
1.12314
1.024
1.02498
1.02752
1.03565
1.024
1.024
1.08581
1.02689
1.28128
1.02498
1.05348
1.14049
1.32908
1.07318
1.02498
1.05076
1.03221
1.09288
1.11887
1.02569
1.11799
1.02498
1.09518
1.13703
1.02498
1.23554
1.02865
1.03225
1.20872
1.03156
1.20167
1.024
1.08571
1.03012
1.02578
1.10053
1.024
1.06095
1.0299
1.024
1.05382
1.02498
1.03224
1.02498
1.0658
1.024
1.81875
1.10296
1.05501
1.024
1.02937
1.15649
1.02852
1.024
1.02976
1.13349
1.11404
1.05396
1.02498
1.34804
1.05089
1.02498
1.14884
1.03652
1.02498
1.08879
1.024
1.04279
1.39264
1.02498
1.02848
1.11575
1.0586
1.02498
1.03549
1.02498
1.10739
1.024
1.04837
1.03874
1.024
1.20163
1.02809
1.05298
1.02498
1.04874
1.02927
1.19099
1.08399
1.02498
1.024
1.02498
1.03071
1.02498
1.02498
1.024
1.05377
1.02498
1.024
1.02563
1.02762
1.02498
1.02498
1.039
1.15174
1.03163
1.10553
1.04409
1.02498
1.06444
1.08105
1.07765
1.04268
1.25391
1.0431
1.02558
1.15945
1.024
1.03442
1.03855
1.024
1.12179
1.024
1.024
1.34088
1.02936
1.02858
1.08878
1.2335
1.02726
1.03611
1.17721
1.02498
1.02956
1.02498
1.024
1.26897
1.024
1.024
1.09188
1.024
1.02498
1.03784
1.24593
1.02669
1.024
1.19824
1.03439
1.0361
0.868582
1.14838
1.00501
1.05315
0.878015
0.8192
0.823037
0.900538
1.14638
0.8192
1.00112
0.970715
0.842058
0.820311
0.821913
0.841388
0.819689
0.846404
0.859943
0.821787
0.819689
1.36442
1.19988
0.917109
1.04029
1.12881
0.939626
0.905512
0.825213
0.819689
0.886878
0.823196
0.984824
1.11856
0.819839
0.836339
0.8192
0.898178
0.869546
0.850694
1.14842
1.4156
0.861692
0.875335
1.15518
1.02196
0.819689
0.872469
0.921562
1.16102
0.874317
0.826977
0.91676
0.934214
0.909434
0.819735
1.11355
0.824933
0.819689
1.1262
0.874539
1.01058
0.876196
0.848097
0.893082
0.819689
0.973031
0.841245
0.819689
0.833632
0.924253
0.875317
0.971071
0.946952
1.24853
1.23816
1.04409
0.857751
1.06732
1.10469
0.82195
0.819689
0.837325
0.86869
0.820941
1.05885
0.852752
0.830504
0.930508
0.8192
1.06524
1.43679
0.830029
0.937014
0.87985
0.880323
1.09203
0.888624
0.907347
1.15283
0.842635
0.851714
0.820889
0.84359
0.994177
0.970141
0.862174
0.870979
1.06459
1.04723
1.03218
0.826283
0.882259
0.829821
0.837964
1.04774
0.823446
0.848056
0.888599
0.844441
0.8192
0.935444
1.14045
0.821878
1.1802
0.855937
1.31645
0.943403
1.06018
1.11538
1.29796
1.16564
0.819689
1.22801
0.881379
1.0061
1.06841
1.24629
0.956222
0.836679
1.13889
0.940094
0.825117
0.921246
1.00922
0.881876
1.07543
0.901589
0.877137
0.920267
0.852522
0.980671
0.821759
1.11591
1.10849
0.8192
1.13498
0.829756
0.937752
1.4301
0.819709
0.827598
1.2304
0.98555
1.12355
0.827102
0.842362
0.830294
0.976358
0.847185
0.826683
0.8192
0.891393
1.43453
0.922587
1.01532
1.00645
0.81989
0.819689
1.238
1.04244
1.05672
0.999468
0.986919
0.87212
0.94045
0.926771
0.892212
0.850265
1.11387
1.03105
0.819689
0.926361
0.821556
1.14787
0.829505
0.931343
1.07872
0.847028
1.47349
1.0543
0.841932
1.004
1.09716
0.92889
0.886357
1.67037
1.01415
0.819889
0.884958
0.829294
1.08416
0.84228
0.8192
0.819689
0.819689
0.828836
0.982663
0.863842
0.927415
0.821588
0.884035
0.893734
0.84486
0.911467
0.888864
1.35691
0.895663
0.84223
0.837188
0.824566
1.20856
0.819689
0.992918
1.02043
0.85971
1.07823
0.904194
1.09027
1.04815
0.830208
1.16281
0.832567
1.1309
1.47303
0.823949
1.12096
0.92981
1.44438
0.8192
0.819689
0.822555
1.06452
1.17556
1.11955
1.1443
0.841003
0.881028
0.8192
1.00122
0.82252
1.01177
0.839456
1.02133
0.858351
1.36661
0.895676
0.915883
1.15341
0.823568
0.819689
1.02416
0.819689
1.14595
0.867856
1.1838
1.05452
1.35792
0.978564
0.873689
1.397
1.23913
0.819689
0.850996
1.08187
1.09842
0.837055
0.897574
1.48173
0.8192
0.820473
0.998449
0.819689
0.966996
1.04959
0.931812
0.824844
0.852206
0.870423
0.819689
1.01749
0.8192
0.847732
1.23686
1.17596
1.25185
0.82407
0.834943
1.12339
0.819689
1.0128
0.819689
0.882866
0.854514
0.876225
1.13614
0.865968
0.977319
0.850592
0.829869
0.82997
0.864613
1.03673
0.824672
0.982292
1.20912
1.62454
0.856647
0.821991
0.948283
0.869423
0.845155
1.18775
1.16894
0.883693
0.873691
0.865055
0.871776
1.05231
1.43845
0.842262
1.21797
1.36316
0.853054
1.04932
0.887334
0.827351
0.971871
0.838206
0.92917
0.871957
0.986229
1.0263
0.882231
0.82018
0.980562
1.4175
1.14179
1.31999
0.964676
1.04021
0.825796
0.861316
0.977331
0.830839
0.886919
0.989847
1.10605
1.22645
0.826648
0.975489
0.983456
0.970379
0.832022
0.869295
1.08436
0.820995
1.02367
1.04451
0.831639
0.91208
0.824786
0.927948
1.02393
1.43401
0.911509
0.827451
0.834627
0.839312
1.1605
0.819689
0.819689
1.05617
1.16255
1.01353
0.849585
1.06977
1.58437
1.01126
1.47858
0.921346
0.928739
0.823355
1.02852
0.981866
0.879748
0.885402
0.821836
0.914738
0.979921
1.26441
0.842082
0.863611
0.831523
0.938517
0.82077
0.88294
1.03749
1.08431
1.09646
0.848049
1.04384
1.20749
0.824263
0.840935
1.46766
1.31697
0.907194
0.823815
0.93252
1.26225
1.06611
0.967566
1.21407
0.890952
1.14071
0.819689
0.819689
1.14658
1.27245
0.824008
1.17476
0.819689
0.827524
0.819689
0.915398
0.845109
0.981682
0.850203
0.892224
0.833246
0.927338
0.822798
0.834263
0.819689
1.10666
0.87027
0.822504
1.2562
0.819689
0.828481
0.843986
0.836797
0.831576
1.08435
1.27805
0.825243
1.00944
0.97979
1.181
0.825674
0.852499
0.819689
1.19234
1.24271
1.28908
0.955706
0.897812
1.07031
0.8899
0.8192
1.15704
0.900373
0.974558
0.937681
1.02443
0.907454
1.03761
0.8192
0.927952
1.0583
0.831007
0.886196
0.833044
1.04002
0.993185
0.836255
0.819689
1.24387
0.868627
1.02237
1.03128
0.821928
0.820858
0.85237
0.926153
0.819733
0.957887
0.825653
0.868203
1.21106
0.871236
0.819689
0.829458
0.913883
0.91858
1.05104
1.10038
0.819689
1.20264
0.934053
0.891573
0.860103
0.834347
1.26419
0.819689
0.931353
0.877931
0.979137
1.28248
0.819689
0.88021
0.83832
0.838941
1.04876
0.850855
1.02547
0.820629
0.849707
0.904835
0.8192
0.968432
1.05107
0.952885
0.914357
0.823872
1.5934
0.959755
0.853817
0.883162
0.863839
1.16176
0.858564
0.924324
1.03798
0.830244
1.23302
0.875435
0.8192
1.12563
0.8192
0.991865
0.834836
1.26831
0.864213
1.26553
1.5841
0.826142
0.819689
0.825739
0.936108
1.28218
1.13141
1.1638
1.07737
1.02773
1.23861
0.877011
0.819689
0.915679
0.874109
0.904037
0.837569
1.54634
0.927162
1.0378
1.20074
0.826036
0.820654
0.941235
0.851547
0.823287
0.987067
0.8192
1.02588
0.828658
0.831994
0.898329
0.837022
1.27883
1.42689
0.900863
1.15064
0.859318
0.834391
0.849992
0.999214
0.872393
0.827953
0.987222
1.50866
0.866901
1.13118
0.819689
1.02661
1.29427
1.03303
1.14236
1.18858
1.36961
1.12594
0.823404
0.819689
0.890768
1.11698
1.12531
0.856946
0.900411
1.24829
0.889353
0.837259
1.0889
0.831036
0.8192
0.96188
0.85667
0.963432
1.11618
0.849879
0.873868
0.833297
0.835958
1.03816
0.819774
1.34287
1.08991
0.842757
0.8192
1.15222
0.823539
0.823208
0.958055
1.48863
0.858141
0.864783
0.841193
0.849478
0.825292
1.04865
0.820545
0.836428
0.819689
0.866341
0.819689
1.05878
0.976218
1.19452
1.70441
1.12143
1.22855
0.8192
0.8192
0.825534
1.20204
0.846083
0.831771
1.34293
0.821564
1.2554
0.862862
0.827203
0.937766
1.33407
1.1972
0.862382
1.16272
0.877987
1.16102
1.06709
0.930537
0.945591
0.830095
0.924436
1.1504
0.840588
1.13197
0.975542
0.984978
0.887375
0.8192
0.834863
0.914472
0.83542
1.1792
0.968665
1.1064
0.857946
0.888279
0.993077
1.41931
0.903902
0.824918
1.0953
0.823331
1.07812
0.978763
0.926619
0.825335
0.819689
1.00933
0.861392
1.11072
1.20666
0.83387
0.896974
1.32406
0.885565
0.911497
1.25308
0.820317
1.1552
0.859447
0.89311
1.02952
1.15029
0.819689
0.876996
0.842354
0.869998
0.819689
0.897432
0.867064
1.10582
0.829533
0.822096
0.840455
0.821002
1.08272
0.962057
0.82383
1.09399
0.871337
1.00972
0.936292
1.19762
0.900612
0.95827
0.839249
0.978222
0.833455
0.825878
0.966019
0.820051
0.84084
1.17123
1.00699
0.819689
0.957687
1.13604
0.823389
0.871172
0.865349
0.961428
1.32717
0.822096
0.880643
1.15484
1.0533
0.890174
0.843532
0.834735
1.11207
1.19845
0.823909
0.832959
1.01057
0.884112
1.09239
1.3491
0.948388
1.22291
0.82068
0.869868
1.09358
1.05114
0.982151
1.19424
0.839522
0.837758
1.09947
0.819689
0.819689
0.982328
0.822191
0.844328
0.82212
0.921022
0.990761
0.839513
0.851744
0.985022
0.903692
1.26565
1.02335
0.828109
0.846309
0.923516
1.08589
1.4553
0.823625
0.97701
0.9875
1.02106
0.819689
1.0097
0.827483
0.878429
0.841658
0.874912
1.36071
0.820308
0.883086
0.8192
1.11482
1.03483
0.857394
1.00735
0.846459
0.847531
1.38741
1.08474
1.27463
0.8192
1.33604
0.996567
1.02504
0.848037
0.827508
1.05545
1.14687
0.873547
0.839911
1.33084
0.838203
0.819689
0.928127
0.823681
0.878322
0.835719
0.949243
0.852107
1.16029
0.932248
0.970714
1.26409
1.10938
1.03137
1.14929
0.832523
0.82056
0.846272
0.876472
0.842708
0.847525
0.838174
1.13095
0.819689
1.03798
0.819689
0.83961
0.829462
0.925001
0.845723
0.8192
1.11241
0.82708
1.27525
1.09575
0.985387
1.12544
0.882829
0.8192
1.09231
1.15634
0.924238
1.16477
0.878643
1.01603
1.04727
1.20946
0.822957
0.833582
0.967528
1.12904
1.04884
0.820165
1.32144
1.1077
0.98533
0.8192
1.42508
0.846148
1.09139
1.07727
0.822389
0.830386
0.871667
1.00511
0.962121
1.02922
0.880591
0.906941
1.13058
0.827744
0.820693
0.823288
0.879123
1.25527
0.93831
1.16742
1.15973
1.0419
0.82246
0.866333
1.12028
1.05961
1.14815
1.35391
1.03901
1.00769
0.845969
0.8192
1.40013
1.18995
0.819689
0.841607
0.897379
1.0904
0.895099
1.03105
0.916371
1.00705
1.14353
0.828274
0.995796
0.8192
0.819689
0.960217
0.941323
0.962023
0.928263
1.06607
1.13143
0.980352
0.918703
1.11606
0.842191
0.938131
0.857295
0.819689
0.964014
0.833339
1.06285
1.16854
1.09985
1.12219
0.845288
0.819689
1.19296
0.837656
0.919395
0.829969
1.06095
0.819689
0.832247
1.27489
0.82324
0.920134
1.19054
0.8192
1.21557
1.12361
0.819689
0.848343
0.822373
0.899504
1.28243
1.10199
0.895185
0.927265
0
0
0
0
0
0
0
0
0
0
0
0
0
0
0
0
0
0
0
0
0
0
0
0
0
0
0
0
0
0
0
0
0
0
0
0
0
0
0
0
0
0
0
0
0
0
0
0
0
0
0
0
0
0
0
0
0
0
0
0
0
0
0
0
0
0
0
0
0
0
0
0
0
0
0
0
0
0
0
0
0
0
0
0
0
0
0
0
0
0
0
0
0
0
0
0
0
0
0
0
0
0
0
0
0
0
0
0
0
0
0
0
0
0
0
0
0
0
0
0
0
0
0
0
0
0
0
0
0
0
0
0
0
0
0
0
0
0
0
0
0
0
0
0
0
0
0
0
0
0
0
0
0
0
0
0
0
0
0
0
0
0
0
0
0
0
0
0
0
0
0
0
0
0
0
0
0
0
0
0
0
0
0
0
0
0
0
0
0
0
0
0
0
0
0
0
0
0
0
0
0
0
0
0
0
0
0
0
0
0
0
0
0
0
0
0
0
0
0
0
0
0
0
0
0
0
0
0
0
0
0
0
0
0
0
0
0
0
0
0
0
0
0
0
0
0
0
0
0
0
0
0
0
0
0
0
0
0
0
0
0
0
0
0
0
0
0
0
0
0
0
0
0
0
0
0
0
0
0
0
0
0
0
0
0
0
0
0
0
0
0
0
0
0
0
0
0
0
0
0
0
0
0
0
0
0
0
0
0
0
0
0
0
0
0
0
0
0
0
0
0
0
0
0
0
0
0
0
0
0
0
0
0
0
0
0
0
0
0
0
0
0
0
0
0
0
0
0
0
0
0
0
0
0
0
0
0
0
0
0
0
0
0
0
0
0
0
0
0
0
0
0
0
0
0
0
0
0
0
0
0
0
0
0
0
0
0
0
0
0
0
0
0
0
0
0
0
0
0
0
0
0
0
0
0
0
0
0
0
0
0
0
0
0
0
0
0
0
0
0
0
0
0
0
0
0
0
0
0
0
0
0
0
0
0
0
0
0
0
0
0
0
0
0
0
0
0
0
0
0
0
0
0
0
0
0
0
0
0
0
0
0
0
0
0
0
0
0
0
0
0
0
0
0
0
0
0
0
0
0
0
0
0
0
0
0
0
0
0
0
0
0
0
0
0
0
0
0
0
0
0
0
0
0
0
0
0
0
0
0
0
0
0
0
0
0
0
0
0
0
0
0
0
0
0
0
0
0
0
0
0
0
0
0
0
0
0
0
0
0
0
0
0
0
0
0
0
0
0
0
0
0
0
0
0
0
0
0
0
0
0
0
0
0
0
0
0
0
0
0
0
0
0
0
0
0
0
0
0
0
0
0
0
0
0
0
0
0
0
0
0
0
0
0
0
0
0
0
0
0
0
0
0
0
0
0
0
0
0
0
0
0
0
0
0
0
0
0
0
0
0
0
0
0
0
0
0
0
0
0
0
0
0
0
0
0
0
0
0
0
0
0
0
0
0
0
0
0
0
0
0
0
0
0
0
0
0
0
0
0
0
0
0
0
0
0
0
0
0
0
0
0
0
0
0
0
0
0
0
0
0
0
0
0
0
0
0
0
0
0
0
0
0
0
0
0
0
0
0
0
0
0
0
0
0
0
0
0
0
0
0
0
0
0
0
0
0
0
0
0
0
0
0
0
0
0
0
0
0
0
0
0
0
0
0
0
0
0
0
0
0
0
0
0
0
0
0
0
0
0
0
0
0
0
0
0
0
0
0
0
0
0
0
0
0
0
0
0
0
0
0
0
0
0
0
0
0
0
0
0
0
0
0
0
0
0
0
0
0
0
0
0
0
0
0
0
0
0
0
0
0
0
0
0
0
0
0
0
0
0
0
0
0
0
0
0
0
0
0
0
0
0
0
0
0
0
0
0
0
0
0
0
0
0
0
0
0
0
0
0
0
0
0
0
0
0
0
0
0
0
0
0
0
0
0
0
0
0
0
0
0
0
0
0
0
0
0
0
0
0
0
0
0
0
0
0
0
0
0
0
0
0
0
0
0
0
0
0
0
0
0
0
0
0
0
0
0
0
0
0
0
0
0
0
0
0
0
0
0
0
0
0
0
0
0
0
0
0
0
0
0
0
0
0
0
0
0
0
0
0
0
0
0
0
0
0
0
0
0
0
0
0
0
0
0
0
0
0
0
0
0
0
0
0
0
0
0
0
0
0
0
0
0
0
0
0
0
0
0
0
0
0
0
0
0
0
0
0
0
0
0
0
0
0
0
0
0
0
0
0
0
0
0
0
0
0
0
0
0
0
0
0
0
0
0
0
0
0
0
0
0
0
0
0
0
0
0
0
0
0
0
0
0
0
0
0
0
0
0
0
0
0
0
0
0
0
0
0
0
0
0
0
0
0
0
0
0
0
0
0
0
0
0
0
0
0
0
0
0
0
0
0
0
0
0
0
0
0
0
0
0
0
0
0
0
0
0
0
0
0
0
0
0
0
0
0
0
0
0
0
0
0
0
0
0
0
0
0
0
0
0
0
0
0
0
0
0
0
0
0
0
0
0
0
0
0
0
0
0
0
0
0
0
0
0
0
0
0
0
0
0
0
0
0
0
0
0
0
0
0
0
0
0
0
0
0
0
0
0
0
0
0
0
0
0
0
0
0
0
0
0
0
0
0
0
0
0
0
0
0
0
0
0
0
0
0
0
0
0
0
0
0
0
0
0
0
0
0
0
0
0
0
0
0
0
0
0
0
0
0
0
0
0
0
0
0
0
0
0
0
0
0
0
0
0
0
0
0
0
0
0
0
0
0
0
0
0
0
0
0
0
0
0
0
0
0
0
0
0
0
0
0
0
0
0
0
0
0
0
0
0
0
0
0
0
0
0
0
0
0
0
0
0
0
0
0
0
0
0
0
0
0
0
0
0
0
0
0
0
0
0
0
0
0
0
0
0
0
0
0
0
0
0
0
0
0
0
0
0
0
0
0
0
0
0
0
0
0
0
0
0
0
0
0
0
0
0
0
0
0
0
0
0
0
0
0
0
0
0
0
0
0
0
0
0
0
0
0
0
0
0
0
0
0
0
0
0
0
0
0
0
0
0
0
0
0
0
0
0
0
0
0
0
0
0
0
0
0
0
0
0
0
0
0
0
0
0
0
0
0
0
0
0
0
0
0
0
0
0
0
0
0
0
0
0
0
0
0
0
0
0
0
0
0
0
0
0
0
0
0
0
0
0
0
0
0
0
0
0
0
0
0
0
0
0
0
0
0
0
0
0
0
0
0
0
0
0
0
0
0
0
0
0
0
0
0
0
0
0
0
0
0
0
0
0
0
0
0
0
0
0
0
0
0
0
0
0
0
0
0
0
0
0
0
0
0
0
0
0
0
0
0
0
0
0
0
0
0
0
0
0
0
0
0
0
0
0
0
0
0
0
0
0
0
0
0
0
0
0
0
0
0
0
0
0
0
0
0
0
0
0
0
0
0
0
0
0
0
0
0
0
0
0
0
0
0
0
0
0
0
0
0
0
0
0
0
0
0
0
0
0
0
0
0
0
0
0
0
0
0
0
0
0
0
0
0
0
0
0
0
0
0
0
0
0
0
0
0
0
0
0
0
0
0
0
0
0
0
0
0
0
0
0
0
0
0
0
0
0
0
0
0
0
0
0
0
0
0
0
0
0
0
0
0
0
0
0
0
0
0
0
0
0
0
0
0
0
0
0
0
0
0
0
0
0
0
0
0
0
0
0
0
0
0
0
0
0
0
0
0
0
0
0
0
0
0
0
0
0
0
0
0
0
0
0
0
0
0
0
0
0
0
0
0
0
0
0
0
0
0
0
0
0
0
0
0
0
0
0
0
0
0
0
0
0
0
0
0
0
0
0
0
0
0
0
0
0
0
0
0
0
0
0
0
0
0
0
0
0
0
0
0
0
0
0
0
0
0
0
0
0
0
0
0
0
0
0
0
0
0
0
0
0
0
0
0
0
0
0
0
0
0
0
0
0
0
0
0
0
0
0
0
0
0
0
0
0
0
0
0
0
0
0
0
0
0
0
0
0
0
0
0
0
0
0
0
0
0
0
0
0
0
0
0
0
0
0
0
0
0
0
0
0
0
0
0
0
0
0
0
0
0
0
0
0
0
0
0
0
0
0
0
0
0
0
0
0
0
0
0
0
0
0
0
0
0
0
0
0
0
0
0
0
0
0
0
0
0
0
0
0
0
0
0
0
0
0
0
0
0
0
0
0
0
0
0
0
0
0
0
0
0
0
0
0
0
0
0
0
0
0
0
0
0
0
0
0
0
0
0
0
0
0
0
0
0
0
0
0
0
0
0
0
0
0
0
0
0
0
0
0
0
0
0
0
0
0
0
0
0
0
0
0
0
0
0
0
0
0
0
0
0
0
0
0
0
0
0
0
0
0
0
0
0
0
0
0
0
0
0
0
0
0
0
0
0
0
0
0
0
0
0
0
0
0
0
0
0
0
0
0
0
0
0
0
0
0
0
0
0
0
0
0
0
0
0
0
0
0
0
0
0
0
0
0
0
0
0
0
0
