0.0124878
0.337171
1.16137
0.0124878
0.611902
0.124878
0.0374634
0.512
0.0374634
0
0
0
0
0.324683
0
0
0
0
0.649366
0.0374634
0
0
0
0
0
0.312195
0.124878
0.73678
0.0374634
0.0874146
0.062439
0.0874146
0.11239
0.649366
0
0.262244
0.0249756
0
0.274732
0.462049
0.437073
0.124878
0
0.237268
0.312195
0.636878
0.0249756
0
0.0874146
0.0124878
0.199805
0.11239
0.0374634
0.0374634
1.17385
0
0
0
0
0.586927
0.586927
0.0249756
0.387122
0
0
0.212293
0.0124878
0.0749268
0
0.0374634
0.0749268
0.0124878
0.39961
0
0
0.0499512
0.124878
0
0
0.674341
0.0999024
0.199805
0
0
0.0874146
0.0124878
0.262244
0
0.212293
0
0.137366
0.0249756
0.312195
0.0124878
0.174829
0.0124878
0.062439
0.0124878
0
0
0.11239
0
0.761756
0.299707
0.174829
0.449561
0
0
0.249756
0.0249756
0
0
0
0.487024
0.162341
0.0124878
0.237268
0.149854
0.22478
0
0
0
0
0
0.0749268
0.0999024
0.574439
0.412098
0.0124878
0.0874146
0.324683
0.0124878
0.811707
0.062439
0.487024
0
0.11239
0.199805
0.0249756
0.91161
0.0249756
0
1.27376
0.199805
0.0374634
0
0.187317
0.0499512
0.586927
0
0.0874146
0
0
0.062439
0.0374634
0.0749268
0
0
0.711805
0
0.0999024
0.711805
0.362146
0.124878
0.299707
0.0499512
0.674341
0.0749268
0.274732
0.187317
0.0249756
0.162341
0.674341
0
0.0374634
0
0.0124878
0.262244
0.424585
0.0124878
0.0499512
0
0.124878
0.374634
0.0124878
0.149854
0
0
0.312195
0.0499512
0
0
0.237268
0
0
0.137366
0
0.0124878
0.0374634
0.412098
0.0499512
0.199805
0.599415
0.0124878
0.22478
0.424585
0.262244
0.0124878
0
0
0.836683
0
0.11239
0.636878
0.187317
0.324683
0.0124878
0.212293
0
0.0124878
0.124878
0
0.062439
0
0
0.062439
0
0
0.699317
0
0.124878
0.337171
0.487024
1.04898
0.062439
0.437073
0
0
0.062439
0.611902
0.711805
0
0.274732
0.212293
0.149854
0
0
0.462049
0.237268
0.237268
0
0.761756
0.149854
0
0.212293
0
0
0.237268
0.0124878
0.836683
0.636878
0
0.39961
0.0124878
0.686829
0.387122
0.11239
0
0.437073
0.387122
0
0.961561
0.174829
0.999024
0.212293
0.424585
0.237268
0.0249756
0.262244
0.449561
0.124878
0
1.024
0.0999024
0.424585
1.06146
0.761756
0.487024
0.249756
0.0374634
0.387122
0.0749268
0
0.212293
0
0.162341
0.299707
0.0999024
0.0374634
0.362146
0.22478
0.337171
0.387122
0.11239
0
0
0.986537
0.337171
0.137366
0.686829
0.124878
0.0124878
0
0.0749268
0.124878
0.362146
0.0874146
0.062439
0.149854
0.262244
0.424585
0.062439
0.487024
0
0.28722
0.0124878
0.0374634
0.11239
0.786732
0.786732
0.162341
0
0.274732
0.312195
0.549463
0.424585
0.249756
1.1239
0.137366
0
0
0.0124878
0.0124878
0.187317
0.337171
0
0.0749268
0.149854
0.0124878
0
0.0874146
0.249756
0
0.0124878
0.412098
0.137366
0.499512
0.0124878
0
0
0
0.524488
0.512
0
0.137366
0.062439
0
0.0499512
0.28722
0.561951
0.0374634
0.0499512
0
0.237268
0.524488
0
0.137366
0.312195
0.636878
0
0.0499512
0.374634
0.199805
0
0.39961
0.0124878
0
0.174829
0.162341
0
0.0374634
0.811707
0.0374634
0.0374634
0
0.11239
0.836683
0.11239
0.274732
0.0249756
0
0.0249756
0
0
0.0999024
0
0.212293
0.262244
0.28722
0.924098
0
0.449561
0.0749268
0
0.0499512
0
0
0
0.0249756
0.0124878
0.0124878
0
0
0.262244
0.174829
0.187317
0
0
0.0124878
0.0499512
0.487024
0.774244
1.14888
0
0.212293
0.0374634
0.374634
0.28722
0
0.0499512
0.0874146
0.362146
0
0.0124878
0
0
0.799219
0.487024
0
0
0
0.0874146
0
0.199805
0
0.237268
0.524488
0.0249756
0
0
0
0.0999024
0
0.137366
0.0249756
0.0124878
0.0124878
0
0.0999024
0.0124878
0
0.124878
0.28722
0.499512
0.0124878
0.124878
0.0374634
0.0874146
0
0.661854
1.1239
0.0749268
1.1239
0.137366
0.974049
0
0.062439
0
0.062439
0.0499512
0.137366
0.22478
0
0.387122
0.561951
0
0.274732
0.137366
0
0.412098
0.0124878
0.212293
0.561951
0
0.137366
0.0499512
0.187317
0.661854
0.0124878
0
0
0
0
0
0.73678
0.449561
0.599415
0.262244
0
0
0
0.0499512
0.149854
0
0.324683
0
0
0.749268
0.474537
0.774244
0.412098
0.0374634
0.174829
0
0.0374634
0.11239
0.0374634
0
0.0374634
0.062439
0.0124878
0.474537
0.062439
0.0249756
0.0124878
1.03649
0.187317
0.412098
0.462049
0.0249756
0.22478
0.674341
0.0124878
0.0874146
0.249756
0.0999024
0.0374634
0.836683
0.524488
0.249756
1.1239
0.11239
0.0874146
0
0
0.324683
1.2238
0.512
0
0.0124878
0
0.462049
0.0249756
0
0.0874146
0.0249756
0.249756
0.187317
0
0.0124878
0.574439
0.0999024
0
0.299707
0.0374634
0.249756
0
0.449561
0
0.212293
0.249756
0.0124878
0
0.062439
0.0999024
0.187317
0.149854
0
0.0249756
0.0124878
0
0
0.599415
0.212293
0.299707
0
0.0374634
0.062439
0.462049
0.0124878
0.387122
0.124878
0
0.999024
0.0874146
0.0249756
0
0.487024
0.39961
0.0999024
0.11239
0.337171
0
0.474537
0.124878
0.686829
0
0
0.39961
0.0749268
0.0499512
0.0124878
0.0249756
0.374634
0
0
0.437073
0
0
0
0.212293
0
0.0874146
0.124878
0.0374634
0.512
0
0.0499512
0.324683
0.749268
0.387122
0.412098
0
0.0124878
0.449561
0.424585
0.124878
0
0
0
1.13639
0
0.299707
0.62439
0.0999024
0.0374634
0
0.387122
0
0
0.22478
0.199805
0.0124878
0.749268
0.0124878
0
0
0.174829
0.0499512
0
0.062439
0.487024
0.0999024
1.19883
0.474537
0.0999024
0
0.549463
0.149854
0
0.149854
0.0874146
0.124878
0.312195
0.0249756
0
0
0
0.0124878
0.0124878
0.124878
0
0.11239
0.536976
0.0874146
0.124878
0
0
0
0.0249756
0
0
0.0124878
0.0249756
0.761756
0.349659
0.374634
0
0.0124878
0.174829
0.561951
0.062439
0.661854
0
0.28722
0.73678
0
0
0.274732
0.0499512
0
0
0.299707
0.674341
0.524488
0.0874146
0.312195
0
0
0.0124878
0.124878
0.462049
0.699317
0.0999024
0.149854
0
0.574439
0
0.0249756
0.424585
0.062439
0
0.0999024
0
0.28722
0
0.437073
0.0124878
0.212293
0.0249756
0
0.137366
1.21132
0.0249756
0.199805
0.0124878
0.39961
0.524488
0.199805
0.462049
0.0499512
0
0.0124878
0.449561
0
0.249756
0.574439
0.424585
0
0.437073
0
0.337171
0.174829
0.0374634
0
0.0374634
0.412098
0
0.39961
0.0499512
0.711805
0.0749268
0.0124878
0.0749268
0.474537
0.362146
0.199805
0
0
0.0124878
0.0249756
0
0
0
0.0124878
0.0749268
0
0
0.199805
0.0874146
0.0124878
0.0374634
0.124878
0.0124878
0.162341
1.06146
0.449561
0.274732
0
0
0.0999024
0.0124878
0.349659
0.437073
0
0.0374634
0.199805
0.0249756
0
0
1.1239
0.0999024
0
0
0
0
0.299707
0.212293
0.636878
0.0874146
0.137366
0.0124878
0.462049
0
0.137366
0.699317
0.724293
0.312195
0.162341
0
0
0.0874146
0
0
0.0124878
0
0
0.474537
0
0
0.262244
0
0
0.536976
0.312195
0
0.362146
0.174829
0.786732
0
0.0374634
0
0
0
0
0.62439
0.936585
0.574439
0.387122
0
0.0374634
0.0124878
0.0124878
0
0.0124878
0.0374634
0.39961
0.124878
0.974049
0.0499512
0.362146
0.124878
0.11239
0
0.437073
0
0.062439
1.18634
0.0124878
0.412098
0.0124878
0
0.124878
0.299707
1.07395
0
0
0
0.661854
0.374634
0.699317
0.0124878
0.212293
0
0.337171
0.0124878
0.0249756
0
0.0749268
0.062439
0
0.149854
0
0.661854
0
0.062439
0.062439
0.137366
0
0.299707
0.0374634
0.0249756
0.149854
0.062439
0.0374634
0.0124878
0
0.412098
0.212293
0.174829
0.237268
0
0
0.237268
0
0
0.499512
0.462049
0.424585
0.062439
0.124878
1.27376
0.636878
0
0.0124878
0.062439
0.374634
0.337171
0
0
0
0
0
0.0124878
0
0
0.73678
0
0
0.274732
0
0
0.387122
0
0.174829
0
0
0.0249756
0
0.0374634
0.0124878
0
0
0
0.174829
1.024
0.0749268
0.786732
0.274732
1.024
0.0249756
0.836683
0.249756
0.374634
0.0374634
0
0.0749268
0.524488
0
0.462049
0
0.137366
0
0.0749268
0.062439
0.524488
0.0249756
0.274732
0.0749268
0.512
0.0749268
0.749268
0.0124878
0.0249756
0.062439
0
0.199805
0
0.274732
0
0
0.0999024
0.0124878
0.799219
0.0749268
0.0124878
0.724293
0.0749268
0.387122
0
0.149854
0.274732
0.0874146
0.274732
0.162341
0.0499512
0.349659
1.01151
0.349659
0
0
0.337171
0
0.124878
0.0374634
0
0.0124878
0.0999024
0.0374634
0.424585
0.91161
0.0749268
0.0749268
0.299707
0.524488
0.312195
0.299707
0.174829
0.0999024
0.212293
0.362146
0.0249756
0.874146
0.28722
0.749268
0.412098
0
0.124878
0
0.0124878
0
0
0
0
0
0.11239
0.11239
0.536976
0.462049
0.0249756
0.249756
0.0124878
0.561951
0
0.0124878
0.387122
0
0.686829
0
0.0374634
0.212293
0.162341
0.274732
0
0
0.0499512
0
0.124878
0.462049
0.274732
0.536976
0.711805
0.0374634
0.0374634
0
0.0124878
0.149854
0.561951
0.686829
0.274732
0.162341
0.0249756
0.599415
0.799219
0.337171
0.312195
0.237268
0.137366
0.749268
0.0249756
0
0.0499512
0.0999024
0.449561
0.561951
0.0499512
0.586927
0
0.124878
0
0.11239
0.162341
0.924098
0.0124878
0.0374634
0.0124878
0.0374634
0.0249756
0.0124878
0.524488
0.362146
0.0874146
0.349659
0.124878
1.4361
0
0
0.137366
0.0749268
0
0.424585
0.611902
0.0749268
0.449561
0.0124878
0.212293
0.0124878
0.22478
0
0
0
0.699317
0.636878
0.561951
0.22478
0.249756
0.0249756
0.22478
0.0749268
0.0124878
0.0124878
0.249756
0
0.0249756
0.0999024
0.574439
0.0874146
0.0374634
0.0374634
0.0749268
0.387122
0.174829
0.162341
0.274732
0.374634
0.0249756
0.0249756
0.0124878
0.437073
0.811707
0
0
0.162341
0.0124878
0
0.187317
0
0
0.22478
0.062439
0.0124878
0
0.062439
0
0.0749268
0.561951
0.0874146
0.0499512
0.0999024
0.22478
0.137366
0.137366
0.0499512
0.312195
0.11239
0.062439
0.149854
0.586927
0
0
0.274732
0.149854
0.524488
0
0
0.0374634
0.0249756
0.0124878
0.0374634
0
0
0
0.0874146
0.11239
0.0749268
0.11239
0.22478
0
0.162341
0.162341
0
0.299707
0.149854
0.0499512
0.162341
0.149854
0
0
0
0.0124878
0.0249756
0.487024
0.199805
0
0
0.0749268
0.0999024
0.274732
0.0749268
0.611902
0.0124878
0.0124878
0.0124878
0
0
0.262244
0.062439
0
0
0.124878
0.0124878
0
0.0124878
0.324683
0
0.561951
0.487024
0.187317
0.536976
0.249756
0
0.0749268
0.11239
0.199805
0.674341
0.574439
0.22478
0.899122
0.0124878
0.412098
0.324683
0.374634
0.149854
0.187317
0.0999024
0.0249756
0.11239
0.0374634
0.199805
0.062439
0.0374634
0
0.262244
0
0.599415
0.0874146
0
0.437073
0.449561
0.262244
0.412098
0.374634
0.0999024
0.22478
0.212293
0.124878
0
0.0374634
0.999024
0.0499512
0.0749268
0.462049
0
0.0749268
0.262244
0
0.262244
0.0374634
0.824195
0.062439
0.0249756
0
0.586927
0.28722
0.374634
0.39961
0.387122
0.412098
0.0124878
0.0874146
0.0124878
0
0
0.0249756
0.312195
0.149854
0.0374634
0
0.586927
0.574439
0.187317
0.162341
0.0874146
0.636878
0.0124878
0.312195
0
0.0374634
0.187317
0.312195
0
0.0499512
0.39961
0.711805
0.0124878
0.137366
0.0249756
0.149854
0.262244
0.162341
0
0.0124878
0
0.561951
0
0.0124878
0.0874146
0.162341
0.062439
0
0.0374634
0.374634
0.0124878
0.262244
0.449561
0.11239
0.11239
0.137366
0.0374634
0
0.212293
0.324683
0.0124878
0.337171
0.711805
0.324683
0.0874146
0.162341
0.124878
0.0499512
0.374634
0
0.611902
0.0874146
0
0.324683
0.149854
0.0124878
0.424585
0.11239
0.199805
0.174829
0.374634
0.0374634
0.0499512
0.462049
0.0124878
0.561951
0.412098
0.499512
1.1239
0.124878
0.237268
0.237268
0.174829
0.0124878
0
0.599415
0.199805
0.237268
0.312195
0.11239
0
0
0.324683
0.262244
0.174829
0.649366
0.0499512
0.28722
0
0.0999024
0.337171
0.137366
0
0.412098
0.412098
0.187317
0.374634
0
0.174829
0.062439
0.149854
0.686829
0.0374634
0.437073
0
0.0249756
0.512
0.274732
0.062439
0.374634
0.062439
0
0.174829
0.0124878
0
0.262244
0.0749268
0.699317
0.699317
0.312195
0.274732
0.11239
0.0124878
0.062439
0
0.299707
0.124878
0.237268
0.062439
0.39961
0.0749268
0.187317
0.174829
0.636878
0.0874146
0.0124878
0.574439
0.761756
0
0.0249756
0.487024
0.149854
0
0.187317
0.499512
0.474537
0.437073
0
0.0249756
0.237268
0.62439
0.0999024
0.11239
0.11239
0.586927
0.62439
0.212293
0.0124878
0.0124878
0.0124878
0.349659
0.73678
0.512
0.0874146
0.11239
0.0374634
0.187317
0.0249756
0
0.174829
0.0124878
0.0249756
0.137366
0.262244
0.636878
0.0374634
0.324683
0.0374634
0
0.0124878
0.661854
0.11239
0.0499512
0.0374634
0.0249756
0.237268
0.124878
0.836683
0
0.28722
0.0124878
0.312195
0.0124878
0.0749268
0.337171
0.299707
0.0374634
0.0499512
0
0.786732
0
0.28722
0.474537
0.611902
0.149854
0.412098
0
0.212293
0.299707
0.0874146
0.924098
0.0249756
0.137366
0
0.212293
0.0499512
0.374634
0.374634
0
0.237268
0.387122
0.674341
0.0249756
0.0249756
0.349659
0.0124878
0.0124878
0.524488
0.062439
0
0.062439
0.062439
0.337171
0.0249756
0.0249756
0.474537
0.0249756
0.586927
0
0.199805
0.137366
0.149854
0.0499512
0
0.162341
0.0124878
0.349659
0.062439
0.0249756
0.0374634
0.487024
0
0.0124878
0.149854
0.0374634
0.137366
0.237268
0
0.187317
0.387122
0.874146
0
0.39961
0
0
0.0124878
0.262244
0.449561
0.661854
0.0124878
0.899122
0.337171
0
0
0.162341
0.149854
0.0749268
0.362146
0
0.174829
0.362146
0
0
0.149854
0.337171
0.062439
0.137366
0.0124878
0.0249756
0.174829
0.649366
0.0499512
0.274732
0.0124878
0.536976
0
0.124878
0
0.362146
0.162341
0.362146
0.786732
0.187317
0.561951
0.512
0.699317
0.162341
0.137366
0.0999024
0.0249756
0.299707
0.0499512
0.39961
0.524488
0.28722
0.561951
0.674341
0.0249756
0.349659
0.0124878
0.536976
0.0124878
0.0249756
0
0.849171
0.137366
0
0.0749268
0.212293
0.11239
0
0.387122
0.212293
0.362146
0.187317
0.11239
0.262244
0.349659
0
0.0999024
0.124878
0
0.062439
0.0124878
0.0124878
0.649366
0.199805
0.312195
0
0.312195
0.0124878
0.774244
0.0499512
0.0499512
0
0
0
0.599415
0
0
0.187317
0.986537
0.324683
0
0.462049
0.28722
0.137366
0.0249756
0.0249756
0.212293
0.262244
0.0874146
0.387122
0.611902
0.499512
0.524488
0.137366
0.0999024
0.0249756
0.137366
0.437073
0
0.0124878
0.262244
0.0749268
0.0374634
0
0.0124878
0.149854
0
0.586927
0.0374634
0.237268
0.437073
0.824195
0.187317
0.0124878
1.13639
0.849171
0.349659
0.312195
0.237268
0
0.462049
0.124878
0.91161
0
0.786732
0.761756
0
0.262244
0
0
0.212293
0.22478
0.237268
0.62439
0.0124878
0.0124878
0
0
0.324683
0.0249756
0.0124878
0.11239
0.0874146
0
0.0999024
0.39961
0.0999024
0.649366
0
0.149854
0.124878
0.11239
0
0.0999024
1.04898
0
0.387122
0.0374634
0
0.324683
0
0.124878
0.11239
0.0124878
0.0999024
0
0.237268
0.0999024
0.0499512
0.349659
0.499512
0.274732
0.0124878
0.324683
0.0499512
0.0874146
0
0.11239
0
0.0749268
0.362146
0.0374634
0.0374634
0.0124878
0.349659
0.362146
0.474537
0.0124878
0.786732
0.337171
0.149854
0.337171
0.0999024
0
0.0249756
0
0.199805
0.0374634
0.262244
0.0249756
0.212293
0.274732
0
0
0.262244
0.661854
0.337171
0.0374634
0.062439
0.362146
0.474537
0.199805
0.0124878
0
0.11239
0
0.499512
0.137366
0.199805
0.137366
0.437073
0.0499512
0.811707
0.0124878
1.09893
0.0374634
0.0124878
0.312195
0.0249756
0.212293
0
0.162341
0.062439
0.449561
0.137366
0
0
0.0249756
0.424585
0
0.0749268
0.11239
0.699317
0.549463
0.174829
0.362146
0.137366
1.07395
0.0999024
0
0
0
0.449561
0
0.11239
0.487024
0.0374634
0.424585
0
0.512
0.262244
0.462049
0.586927
0.924098
0.337171
0.11239
0
0.0124878
0.0749268
0.786732
0.0874146
0.237268
0.999024
0.0999024
0.062439
0.237268
0
0.062439
0.274732
0.11239
0.349659
0.22478
0.11239
0.062439
0.11239
0.262244
0.324683
0.274732
0.0374634
0.062439
0.0249756
0
0
0.137366
0.124878
0
0.28722
0.212293
0.412098
0.162341
0.312195
0.699317
0.0999024
0.162341
0
0
0.0749268
0.412098
0.0249756
0
0.39961
0.524488
0.062439
0.761756
0.0249756
0.649366
0
0.0124878
0.187317
0.174829
0.0499512
0.437073
0.0749268
0.212293
0
0.312195
0.512
0
0.512
0.28722
0.0499512
0
0.949073
0.0124878
0.149854
0.137366
0.62439
0.0124878
0.149854
0.374634
0.387122
0.0249756
0.274732
0
0.437073
0.22478
0.73678
0
0.062439
0.0249756
0.0749268
0.0499512
0.0749268
0.137366
0.187317
0.599415
0.649366
0.187317
0.62439
0.28722
0.0124878
0.274732
0.22478
0.0499512
0.062439
0
0.0249756
0.0124878
0
0
0.0249756
0
0.349659
0
0
0
0
0
0
0.0124878
0.0124878
0
0.0374634
0.0124878
0
0
0.0499512
0.474537
0
0.0499512
0
0
0
0
0.0124878
0
0
0.0124878
0
0.39961
0.0374634
0.0249756
0
0
0
0.0124878
0
0
0.0124878
0
0.0249756
0.0374634
0
0
0.11239
0
0
0.0249756
0
0
0.0499512
0
0
0.0124878
0
0
0.0499512
0
0.11239
0.0124878
0
0.262244
0.0249756
0
0.0124878
0
0
0
0.0374634
0.0124878
0
0
0
0
0.0124878
0
0
0
0
0
0
0
0
0.22478
0.0124878
0
0.0124878
0
0
0
0.199805
0
0
0
0.0374634
0
0
0
0
0
0
0
0
0
0
0
0
0
0
0
0
0.0124878
0
0
0.0374634
0.0124878
0
0
0
0
0
0.0749268
0
0.387122
0
0
0.0124878
0
0.0124878
0
0
0
0
0.0374634
0
0
0
0
0
0
0
0.124878
0
0.0249756
0
0.0749268
0.062439
0.0124878
0
0
0
0
0.0124878
0
0.0249756
0.0124878
0
0.0249756
0
0.0249756
0.0124878
0
0
0.0249756
0
0
0.0124878
0.0124878
0.0374634
0.0874146
0.0249756
0.0249756
0.0124878
0
0
0.0124878
0.424585
0.0249756
0
0
0.0874146
0.0124878
0
0.0124878
0
0.0124878
0
0
0.0499512
0.237268
0.0124878
0
0
0
0.0249756
0
0
0.437073
0.0374634
0
0.0249756
0.0124878
0
0
0
0
0
0
0
0.0124878
0
0
0
0
0
0
0.0124878
0
0
0
0
0
0.0249756
0
0.124878
0
0
0.28722
0.0249756
0.0249756
0.0124878
0
0
0
0
0
0
0.0124878
0
0
0.0124878
0
0
0
0
0.0249756
0
0.0499512
0.0374634
0
0
0
0.0124878
0
0
0
0
0
0.374634
0
0
0
0.124878
0.124878
0
0.0124878
0.0124878
0.0249756
0.0374634
0
0
0
0
0
0
0
0
0
0
0
0
0
0
0
0
0.0124878
0.249756
0
0.0124878
0
0.0124878
0.0499512
0
0
0.062439
0
0
0
0
0
0
0
0.0124878
0.124878
0
0
0
0.499512
0
0
0.0249756
0
0
0.0249756
0
0.0249756
0.0124878
0.062439
0
0.249756
0
0.0124878
0
0.137366
0
0
0.0124878
0.22478
0
0.0124878
0
0
0.0249756
0
0
0
0
0.262244
0.0249756
0
0
0.0249756
0
0.0374634
0.062439
0
0
0.0249756
0
0.0124878
0.0124878
0
0
0
0
0
0
0
0.149854
0
0
0.0249756
0.0124878
0
0
0
0
0.0124878
0
0.0749268
0
0.137366
0
0.0249756
0
0.0124878
0
0
0.0124878
0.0124878
0
0
0
0.062439
0
0
0
0.0374634
0.536976
0
0
0.0249756
0
0
0.0249756
0
0
0
0.0874146
0
0.187317
0
0
0
0
0.0499512
0
0
0
0
0.674341
0
0
0.774244
0
0
0
0
0
0
0
0.0374634
0
0.0124878
0
0
0
0
0
0
0.274732
0.0124878
0
0
0
0.187317
0.0249756
0
0
0.0374634
0
0.0374634
0
0.0124878
0
0.0124878
0
0.062439
0.0749268
0
0.0249756
0
0
0
0
0.0749268
0.0374634
0.0124878
0
0
0.0749268
0
0
0
0
0.0124878
0
0
0
0
0.474537
0
0
0.0499512
0
0
0.0124878
0
0
0
0
0.137366
0.0124878
0
0
0
0
0.0999024
0.0249756
0.0249756
0.0124878
0
0.0124878
0
0.0124878
0
0
0
0.0249756
0.0124878
0
0
0
0
0.0124878
0
0.0124878
0.0124878
0.0124878
0
0.0249756
0.0124878
0.0249756
0
0
0.0249756
0
0
0
0.0124878
0.0374634
0
0.0249756
0
0
0.0249756
0
0.0249756
0.0249756
0.0124878
0
0
0.0124878
0
0
0
0
0.0124878
0
0.0124878
0.474537
0.0124878
0
0.0124878
0
0
0
0
0
0
0
0.0124878
0
0
0
0
0.062439
0
0
0.062439
0
0
0
0
0.0499512
0
0
0
0.0874146
0
0.0249756
0
0
0
0
0.0124878
0.0374634
0
0
0
0
0
0.0124878
0.0499512
0
0
0
0
0
0.0374634
0
0
0
0
0
0
0.11239
0
0.0249756
0
0
0
0.0249756
0.0124878
0
0.0124878
0.0249756
0.062439
0
0.0124878
0
0
0
0
0
0
0
0
0
0.0249756
0
0
0.199805
0
0.0124878
0.062439
0
0
0
0
0.0374634
0
0
0
0
0.124878
0
0.0124878
0
0
0
0
0.0124878
0
0
0
0.0124878
0
0
0
0.0249756
0.0249756
0
0
0
0.0249756
0
0
0
0
0
0
0
0.0249756
0
0
0
0.174829
0
0.0124878
0
0.124878
0.0249756
0
0.199805
0.0374634
0
0
0
0.0249756
0
0
0.0249756
0
0
0
0
0.0374634
0
0.0749268
0
0
0
0
0
0
0.0124878
0.149854
0
0
0.0374634
0
0.137366
0
0
0
0
0
0
0
0
0
0
0.0999024
0
0
0.0124878
0
0.062439
0
0
0.0124878
0
0
0
0.062439
0
0
0
0
0
0.0374634
0
0
0.0124878
0.0124878
0
0
0
0.28722
0
0.0249756
0
0
0
0
0
0
0
0
0.062439
0.0124878
0.0249756
0
0
0.062439
0
0.0124878
0
0
0.0249756
0
0
0
0.0749268
0
0
0.0749268
0.0124878
0.0374634
0.0374634
0
0
0.0124878
0
0
0
0
0.11239
0.0249756
0
0
0
0.22478
0
0.0249756
0
0
0.0374634
0.0124878
0
0
0
0
0
0
0.0999024
0.0499512
0.0124878
0
0
0
0
0
0.0249756
0
0
0.0249756
0
0
0
0
0.0124878
0.11239
0
0.0124878
0
0
0
0
0.0124878
0.0124878
0
0
0
0
0
0
0
0
0
0.0124878
0
0.22478
0.062439
0
0
0.0124878
0
0.0249756
0.22478
0.274732
0
0
0
0
0
0
0
0.0374634
0.0124878
0
0
0.0374634
0
0
0
0.162341
0
0.424585
0
0
0
0
0.0124878
0.0499512
0
0.0374634
0
0
0
0
0
0
0
0.174829
0
0.312195
0
0
0
0
0
0.0124878
0
0.0124878
0
0
0
0
0
0
0
0
0
0
0
0.11239
0
0.249756
0.0249756
0
0
0
0
0
0.062439
0.0499512
0
0
0
0
0.0374634
0
0
0
0.0249756
0
0.0124878
0
0
0
0
0.0124878
0
0
0.0124878
0.0499512
0.0374634
0.0374634
0
0.0124878
0
0.212293
0
0
0.0124878
0
0
0.0249756
0.0874146
0
0
0
0
0.0124878
0.212293
0
0.0124878
0
0.0124878
0.0124878
0
0
0.0124878
0
0.0124878
0
0
0.28722
0
0.0124878
0
0
0.0499512
0
0
0.0124878
0.137366
0.0499512
0
0
0.0124878
0
0.0249756
0
0.0124878
0
0
0
0
0.0374634
0.0124878
0.0749268
0.0249756
0.0124878
0.0124878
0
0
0
0
0.28722
0
0
0
0.711805
0.299707
0.199805
0
0.0499512
0
0.0374634
0.212293
0.149854
0.124878
0.0499512
0.199805
0
0.149854
0
0
0.349659
0.174829
0.22478
0.0874146
0.0124878
0.237268
0.886634
0.462049
0.137366
0.674341
0.0374634
0
0.28722
0.0124878
0.674341
0.11239
0
0
0.0249756
0
0.0999024
0.062439
0.549463
0.0124878
0.611902
0.062439
0.237268
0.0124878
0.337171
0
0.524488
0.0499512
0.462049
0.0249756
0.0124878
0.237268
0.337171
0.549463
0.11239
0.0124878
0.0249756
0.11239
0
0.062439
0.0374634
0
0.836683
0.22478
0.299707
0.424585
0.0124878
0.062439
0.199805
0.162341
0.0249756
0.249756
0.174829
0.749268
0.062439
0.387122
0.849171
0.162341
0.11239
0.262244
0.212293
0
0.0124878
0.0124878
0.262244
0.324683
0.28722
0.799219
0.599415
0.0124878
0.22478
0.0374634
0.649366
0
0.462049
0.0249756
0
0.0249756
0
0
0
0.124878
0.337171
0.0999024
0.362146
0.137366
0.636878
0.574439
0.0499512
0.124878
0
0.749268
0.0874146
0.149854
0.0124878
0.174829
0.0124878
0.0124878
0.0124878
0.199805
0.324683
0
0.0124878
0.0374634
0.11239
0.0749268
0.786732
0.699317
0.0124878
0
0.349659
0.524488
0.274732
0.437073
0.412098
0.699317
0
0.249756
0.262244
0
0.0124878
0.0749268
0.0124878
0.349659
0
0.73678
0.249756
0.636878
0.199805
0
0.062439
0.0124878
0.212293
0
0.586927
0.249756
0.474537
0.0874146
0.162341
0.274732
0.39961
0
0.0124878
0.0499512
0.487024
0
0.174829
0.187317
0.586927
0.22478
0.149854
0.724293
0.162341
0
0.0249756
0.337171
0.0749268
0.212293
0.124878
0.536976
0.374634
0.11239
0.28722
0.162341
0.28722
0.149854
0.0499512
0.412098
0.0124878
0.187317
0.124878
0.174829
0
0.0999024
0.561951
0.249756
0.362146
0.0249756
0.636878
0.0374634
0.0874146
0.28722
0.237268
0.0249756
0
0
0
0.0374634
0.449561
0.0124878
0.387122
0.274732
0.187317
0.0124878
0.0124878
0.0124878
0.124878
0.412098
0.0249756
0.299707
0.0499512
0
0
0.0749268
0.73678
0
0.39961
0
0.849171
0.0999024
0.199805
0.062439
0.0499512
0
0.349659
0.362146
0
0.62439
0.137366
0
0
0.349659
0.124878
0.312195
0.387122
0
0
0.39961
0
0.11239
0
0.237268
0.0249756
0
0.149854
0.212293
0.487024
0.137366
0.11239
0.499512
0.28722
0.124878
0
0.0124878
0.362146
0.39961
0.162341
0
0.28722
0.649366
0.124878
0.0874146
0.611902
0.362146
0.0999024
0
0.412098
0.0874146
0.62439
0.137366
0.062439
0.0374634
0.0374634
0.724293
0.0749268
0
0.0249756
0
0.137366
0.599415
0.0999024
0.924098
0.474537
0
0.174829
0.137366
0.349659
0
0.362146
0.22478
0.0374634
0.0999024
0
0.0124878
0.799219
0.0374634
0.39961
0.0374634
0
0.387122
0.824195
0.162341
0
0.0749268
0.174829
0.312195
0.437073
0
0.0249756
0.661854
0
0.137366
0.0124878
0.0374634
0
0.137366
0
0.137366
0.062439
0.274732
0.0374634
0.0249756
0.199805
0.774244
0.0749268
0.162341
0
0.237268
0.699317
0
0.0499512
0
0.0999024
0.174829
0.11239
0.062439
0.724293
0.11239
0.262244
0.599415
0.811707
0.0874146
0
0.137366
0.0124878
0.22478
0.0249756
0
0.39961
0.299707
0.174829
0.124878
0.0374634
0.674341
0.62439
0.39961
0
0.137366
0.062439
0.0249756
0.312195
0.124878
0.799219
0
0
0.561951
0.124878
0.22478
0.524488
0.187317
0.299707
0.524488
0.162341
0.212293
0.262244
0
0.0124878
0
0.124878
0.174829
0.274732
0.674341
0.387122
0.137366
0.0499512
0.536976
0.149854
0.586927
0.324683
0.0249756
0.0874146
0.0249756
0.0124878
0.249756
0.274732
0.586927
0.062439
0.0124878
0.0374634
0.149854
0.274732
0.124878
0.0249756
0.474537
0.149854
0.299707
0
0.212293
0.549463
0.187317
0.312195
0.174829
0.574439
0.0874146
0
0.237268
0.0124878
0.324683
0.312195
0
0.986537
0.512
0.62439
0.174829
0.0749268
0.149854
0
0
0.0124878
0
0.062439
0.149854
0.137366
0
0.149854
0.0749268
0
0.0499512
0.199805
0.124878
0.512
0.0749268
0.836683
0.0749268
0
0
0.524488
0.949073
0.487024
0.28722
0
0
0.337171
0.237268
0.137366
0
0
0.124878
0.39961
0.0499512
0.274732
0.586927
0
0
0.0124878
0.249756
0.337171
0
0
0.487024
0.0499512
0.412098
0.0874146
0.0249756
0.611902
0.149854
0.199805
0.212293
0.187317
0.237268
0.374634
0.611902
0.324683
0.711805
0
0
0
0.0249756
0.437073
0.137366
0.899122
0.524488
0
0.661854
0.0499512
0.28722
0.62439
0
0
0.674341
0.0124878
0.187317
0.149854
0.0999024
0
0.462049
0
0
0.199805
0.449561
0.237268
0.39961
0.262244
0.187317
0
0.0124878
0.299707
0
0.062439
0.0249756
0.487024
0.0249756
0.874146
0.274732
0.374634
0.424585
0.0499512
0
0.0499512
0.374634
0.0249756
0.312195
0
0.28722
0.0249756
0.174829
0.0874146
0.0874146
0.062439
0
0.187317
0.0249756
0.299707
0.0249756
0.062439
0.699317
0.449561
0.362146
0
0
0.312195
0
0.437073
0.449561
0.149854
0
0.22478
0
0.487024
0
0.0999024
0
0.674341
0.0499512
0
0.0749268
0.262244
0.0124878
0.162341
0
0.0499512
0.462049
0.0499512
0.0249756
0.524488
0.0374634
0.162341
0.0499512
0.362146
0
0.649366
0.137366
0.212293
0
1.38615
0
0.0499512
0
0
0.0749268
0.062439
0.499512
0.0124878
0.387122
0.474537
0.561951
0.324683
0.0124878
0.11239
0.39961
0
0.22478
0.11239
0.362146
0.686829
0.137366
0.349659
0.0124878
0.262244
0.0249756
0.162341
0.124878
0
0.0124878
0.11239
0
0
0.22478
0
0.22478
0.28722
0.524488
0.387122
0.0124878
0.0999024
0.0499512
0
0.199805
0.262244
0.0249756
0.62439
0.0499512
0.337171
0
0.549463
0.0249756
0.22478
0.39961
0.0999024
0.187317
0.374634
0.749268
0.0499512
0.0749268
0.437073
0.412098
0.187317
0.524488
0.0499512
0.162341
0.174829
0.811707
0
0
0.561951
0.162341
0.299707
0
0.28722
0.611902
0
0.22478
0.462049
0.362146
0.62439
0.362146
0.536976
0.0499512
0.174829
0.162341
0.11239
0.0249756
0
0.212293
0.661854
0.062439
0.0374634
0.0374634
0
0.137366
0.174829
0.174829
0.337171
0.262244
0.137366
0.0374634
0
0.512
0.886634
0.11239
0
0.512
0.174829
0.724293
0
0.312195
0.22478
0.0124878
0.824195
0.212293
0
0.137366
0.0999024
0.574439
0
0.22478
0.174829
0.149854
0.212293
0.0124878
0
0
0.137366
0.661854
0.0749268
0.187317
0.274732
0.187317
0.0374634
0
0.0499512
0.0374634
0.424585
0.0874146
0.0874146
0.199805
0.0124878
0
0.337171
0.299707
0.0874146
0.137366
0.799219
0.636878
0.0124878
0.387122
0.0124878
0
0.362146
0.849171
1.01151
0.0124878
0
0.062439
0
0.124878
0
0
0.62439
0.062439
0
0.39961
0.949073
0.0249756
0.249756
0.0249756
0.187317
0.11239
0.0749268
0.0499512
0.062439
0.0374634
0.524488
0.0124878
0.0999024
0.11239
0.524488
0.174829
0.0749268
0.0249756
0.187317
0.0999024
0
0.0374634
0.0124878
0.237268
0
0.0124878
0.549463
0.0249756
0.349659
0.11239
0.449561
0
0.512
0.162341
0.062439
0.162341
0.0374634
0.062439
0.262244
0.0124878
0
0.0124878
0.0124878
0.811707
0
0.0374634
0.374634
0.062439
0.499512
0.337171
0.28722
0.162341
0.124878
0.28722
0
0.412098
0.0374634
0.199805
0.0874146
0.724293
0.0124878
0.262244
0
0.39961
0
0
0.0374634
0.0374634
0
0.661854
0
0.0874146
0.062439
0.312195
0.249756
0.174829
0
0.0249756
0.28722
0.0749268
0.11239
0.949073
0.237268
0.487024
0.586927
0.174829
0.0124878
0.262244
0
0.549463
0.28722
0
0.586927
0.174829
0.0249756
0.0749268
0.374634
0.536976
0.424585
0.599415
0.39961
0.337171
0.212293
0.137366
0.0249756
0.374634
0.28722
0.0249756
0.062439
0.299707
0
0.137366
0.22478
0.0124878
0.337171
0
0
0.149854
0.536976
0
0.22478
0.349659
0
0.424585
0.39961
0.636878
0.412098
0.199805
0.0874146
0.986537
0
0.0874146
0.0374634
0.0749268
0.137366
0.0499512
0
0
0.374634
0.0499512
0.0749268
0.0874146
0.512
0.0999024
0.137366
0.0374634
0.299707
0.437073
0.274732
0.0499512
0.11239
0
0.0124878
0
0.449561
0.212293
0.549463
0
0.561951
0.0874146
0.424585
0.349659
0.0999024
0.424585
0.137366
0.449561
0
0.212293
0.0999024
0.0249756
0.0999024
0.512
0.462049
0
0
0.249756
0.187317
0
0.711805
0.474537
0.0499512
0.162341
0.212293
0.0249756
0.611902
0.0124878
0.0124878
0.62439
0
0.0124878
0.0124878
0
0
0
0.324683
0.212293
0.0124878
0.062439
0.0499512
0.0249756
0.137366
0
0.0499512
1.04898
0.536976
0
0.0124878
0.886634
0.124878
0
0
0.39961
0.0374634
0.387122
0.0374634
0.174829
0.0124878
0
0.437073
0.0124878
0.462049
0.549463
0
0
0.28722
0.174829
0
0.0124878
0.0749268
0.0249756
0.0999024
0.761756
0.474537
0.0499512
0.0749268
0
0.611902
0.299707
