0.013745
0.371114
1.15458
0.013745
0.646013
0.0824698
0.0274899
0.508564
0
0
0
0
0
0.247409
0
0
0
0
0.673503
0
0
0
0
0
0
0.274899
0.151195
0.824698
0
0.0549799
0.0824698
0.0962148
0.178685
0.646013
0
0.274899
0.013745
0
0.247409
0.481074
0.412349
0.16494
0
0.219919
0.329879
0.659758
0.0274899
0.013745
0.0824698
0
0.261154
0.178685
0.0412349
0.013745
1.23705
0
0
0
0
0.591034
0.577289
0.013745
0.357369
0
0
0.247409
0.013745
0.0549799
0
0.0274899
0.0687248
0
0.302389
0
0
0.0274899
0.0687248
0
0
0.673503
0.0274899
0.219919
0.013745
0
0.0962148
0.013745
0.316134
0
0.288644
0
0.16494
0.013745
0.398604
0
0.151195
0.013745
0.0962148
0
0.013745
0
0.0824698
0
0.755973
0.412349
0.151195
0.522309
0
0
0.123705
0
0
0
0
0.453584
0.16494
0.013745
0.219919
0.16494
0.247409
0
0
0
0
0
0.0412349
0.0274899
0.646013
0.357369
0
0.0824698
0.288644
0.013745
0.755973
0.0274899
0.481074
0
0.123705
0.178685
0.013745
0.893423
0
0
1.25079
0.123705
0
0.0412349
0.151195
0.0549799
0.508564
0
0.0962148
0
0
0
0.013745
0.0824698
0
0
0.797208
0
0.16494
0.687248
0.439839
0.13745
0.316134
0.0549799
0.604779
0.0549799
0.206174
0.233664
0
0.151195
0.673503
0
0.0412349
0
0.013745
0.302389
0.357369
0.0274899
0
0
0.0824698
0.302389
0.0549799
0.16494
0
0
0.274899
0.0412349
0
0.013745
0.219919
0
0
0.0962148
0
0
0.0549799
0.343624
0.0549799
0.261154
0.563544
0
0.178685
0.371114
0.343624
0.0549799
0
0.0412349
0.824698
0.013745
0.123705
0.618523
0.178685
0.302389
0
0.247409
0.013745
0.013745
0.0687248
0
0.0274899
0
0
0.10996
0
0
0.687248
0
0.0962148
0.343624
0.371114
1.04462
0.0824698
0.481074
0
0
0.0412349
0.659758
0.824698
0
0.261154
0.19243
0.16494
0.0274899
0
0.522309
0.261154
0.247409
0
0.865933
0.13745
0
0.247409
0
0
0.16494
0.013745
0.865933
0.659758
0
0.384859
0
0.659758
0.412349
0.0962148
0
0.549799
0.371114
0.013745
1.00338
0.219919
1.01713
0.233664
0.494819
0.233664
0
0.219919
0.467329
0.0687248
0
1.05836
0.10996
0.522309
1.08585
0.755973
0.536054
0.288644
0.123705
0.453584
0.013745
0
0.16494
0
0.151195
0.302389
0.10996
0.013745
0.343624
0.178685
0.302389
0.371114
0.123705
0
0
0.948403
0.357369
0.123705
0.646013
0.123705
0.0412349
0
0.10996
0.206174
0.316134
0.0687248
0.0687248
0.123705
0.206174
0.508564
0.0274899
0.591034
0
0.233664
0.0274899
0.0687248
0.0824698
0.728483
0.783463
0.151195
0
0.206174
0.316134
0.536054
0.453584
0.261154
1.12709
0.206174
0
0
0
0.013745
0.0687248
0.288644
0
0.0549799
0.178685
0
0
0.0687248
0.357369
0
0
0.481074
0.13745
0.563544
0
0
0
0
0.453584
0.577289
0
0.0824698
0.123705
0
0.0549799
0.439839
0.673503
0.0687248
0.0549799
0.013745
0.219919
0.577289
0
0.0962148
0.288644
0.673503
0
0.10996
0.371114
0.274899
0.0412349
0.439839
0
0
0.123705
0.0962148
0
0.013745
0.714738
0.0687248
0.0549799
0
0.123705
0.893423
0.0549799
0.274899
0.013745
0
0.0412349
0
0
0.13745
0
0.206174
0.219919
0.233664
0.975893
0
0.371114
0.10996
0.013745
0.151195
0
0
0
0
0.013745
0.013745
0
0
0.247409
0.151195
0.13745
0
0
0
0.0549799
0.439839
0.797208
1.15458
0
0.123705
0.0687248
0.357369
0.233664
0
0.013745
0.0549799
0.288644
0
0
0
0
0.742228
0.426094
0
0
0
0.0549799
0
0.219919
0
0.302389
0.604779
0.013745
0
0
0.013745
0.123705
0
0.0824698
0.0412349
0
0
0
0.0549799
0
0
0.16494
0.343624
0.494819
0
0.206174
0.013745
0.0412349
0
0.673503
1.14083
0.0412349
1.08585
0.123705
1.03087
0
0.0549799
0
0.123705
0.0412349
0.123705
0.10996
0
0.439839
0.591034
0
0.274899
0.16494
0
0.467329
0.0274899
0.178685
0.646013
0
0.0549799
0.0549799
0.151195
0.742228
0
0
0
0
0.013745
0
0.769718
0.439839
0.591034
0.357369
0
0
0
0.0824698
0.0962148
0
0.316134
0
0
0.810953
0.453584
0.838443
0.329879
0
0.206174
0
0.0962148
0.233664
0.0412349
0.013745
0.0962148
0.0824698
0.013745
0.508564
0.0824698
0.0412349
0
1.07211
0.219919
0.453584
0.508564
0.0274899
0.123705
0.646013
0
0.0687248
0.343624
0.0687248
0.0549799
0.824698
0.577289
0.274899
1.14083
0.0549799
0.0274899
0
0
0.206174
1.30577
0.481074
0
0.0274899
0
0.371114
0.013745
0
0.13745
0.013745
0.219919
0.19243
0.013745
0
0.591034
0.13745
0
0.261154
0.013745
0.316134
0.013745
0.481074
0
0.178685
0.219919
0.013745
0
0.0549799
0.151195
0.151195
0.19243
0
0.0412349
0
0
0
0.618523
0.13745
0.316134
0
0.0824698
0.013745
0.467329
0.013745
0.439839
0.0549799
0
1.03087
0.0962148
0.013745
0
0.508564
0.316134
0.0962148
0.151195
0.302389
0
0.467329
0.0824698
0.742228
0
0
0.494819
0.123705
0.0687248
0.0412349
0
0.439839
0.013745
0
0.549799
0
0
0.0274899
0.233664
0
0.13745
0.0687248
0.013745
0.563544
0
0.0962148
0.412349
0.879678
0.357369
0.329879
0
0.013745
0.412349
0.412349
0.13745
0
0.013745
0
1.11334
0
0.302389
0.604779
0.10996
0.0824698
0
0.398604
0
0
0.247409
0.151195
0
0.742228
0
0.013745
0
0.16494
0
0
0.0824698
0.563544
0.123705
1.16832
0.426094
0.219919
0.013745
0.646013
0.178685
0.0549799
0.16494
0.123705
0.13745
0.329879
0
0
0
0
0
0.013745
0.0687248
0
0.0824698
0.563544
0.0549799
0.10996
0
0
0
0
0
0
0.013745
0.0274899
0.673503
0.316134
0.439839
0
0
0.16494
0.618523
0.0687248
0.646013
0
0.288644
0.742228
0
0
0.329879
0.0549799
0
0.013745
0.247409
0.687248
0.508564
0.10996
0.316134
0
0
0
0.10996
0.481074
0.700993
0.0687248
0.13745
0
0.522309
0.0687248
0.0274899
0.494819
0.0549799
0
0.0962148
0.0274899
0.261154
0
0.453584
0
0.178685
0.0274899
0
0.16494
1.12709
0
0.13745
0.0412349
0.357369
0.453584
0.274899
0.494819
0.0824698
0
0
0.494819
0
0.233664
0.632268
0.508564
0.0274899
0.439839
0
0.316134
0.13745
0.013745
0
0.013745
0.453584
0.013745
0.357369
0.0824698
0.632268
0.10996
0.0412349
0.10996
0.522309
0.453584
0.219919
0
0
0
0.013745
0
0
0
0
0.0274899
0
0.013745
0.123705
0.0412349
0.0274899
0.0962148
0.16494
0.013745
0.178685
1.12709
0.467329
0.412349
0
0
0.0274899
0
0.371114
0.508564
0
0.0274899
0.206174
0.0687248
0
0
1.11334
0.0412349
0
0
0
0.013745
0.316134
0.19243
0.714738
0.0962148
0.16494
0
0.398604
0
0.123705
0.659758
0.810953
0.233664
0.13745
0
0
0.0412349
0
0
0.013745
0
0
0.494819
0
0
0.274899
0
0.013745
0.591034
0.329879
0
0.384859
0.10996
0.783463
0
0.0274899
0
0.0412349
0
0
0.632268
0.975893
0.549799
0.357369
0
0.013745
0
0
0
0.013745
0.0687248
0.577289
0.13745
0.948403
0
0.426094
0.219919
0.0549799
0
0.481074
0.013745
0.0687248
1.0996
0
0.439839
0.0274899
0
0.0962148
0.316134
1.14083
0
0
0
0.673503
0.384859
0.700993
0
0.0962148
0
0.343624
0
0.013745
0
0.0549799
0.013745
0
0.19243
0
0.742228
0
0.0687248
0.0824698
0.178685
0
0.357369
0.0274899
0.0274899
0.13745
0.013745
0.0687248
0.013745
0.013745
0.453584
0.19243
0.247409
0.178685
0
0
0.206174
0
0.013745
0.398604
0.467329
0.439839
0.0274899
0.123705
1.27828
0.700993
0
0.013745
0.0274899
0.302389
0.329879
0
0.0274899
0
0
0
0
0
0
0.742228
0
0
0.206174
0.013745
0
0.329879
0
0.206174
0
0
0.0412349
0
0.0412349
0
0
0
0
0.19243
1.00338
0.0274899
0.824698
0.316134
0.975893
0.013745
0.810953
0.261154
0.384859
0.0687248
0
0.0687248
0.522309
0
0.536054
0.0274899
0.16494
0
0.0962148
0.0687248
0.536054
0.123705
0.178685
0.10996
0.536054
0.10996
0.783463
0.0824698
0.0824698
0.123705
0
0.16494
0.013745
0.343624
0
0
0.16494
0
0.755973
0.0274899
0
0.810953
0.10996
0.329879
0
0.178685
0.219919
0.0962148
0.288644
0.13745
0.0412349
0.384859
0.989638
0.302389
0
0
0.288644
0.013745
0.19243
0.0549799
0
0.0274899
0.10996
0.13745
0.371114
0.975893
0.0824698
0.0412349
0.316134
0.659758
0.288644
0.247409
0.288644
0.10996
0.343624
0.274899
0.0687248
0.962148
0.219919
0.769718
0.467329
0
0.0549799
0
0.0274899
0.0274899
0
0
0.013745
0
0.151195
0.13745
0.536054
0.481074
0.10996
0.316134
0
0.618523
0
0
0.439839
0
0.714738
0
0.0412349
0.178685
0.0962148
0.219919
0
0
0.0824698
0
0.19243
0.508564
0.247409
0.536054
0.591034
0.0412349
0.0412349
0.013745
0.013745
0.10996
0.549799
0.714738
0.412349
0.316134
0
0.577289
0.838443
0.302389
0.384859
0.302389
0.288644
0.700993
0.0412349
0.013745
0.0274899
0.123705
0.522309
0.398604
0.0687248
0.577289
0
0.123705
0
0.151195
0.16494
0.975893
0
0.013745
0.0274899
0.0687248
0
0.0412349
0.536054
0.426094
0.151195
0.219919
0.233664
1.4982
0.013745
0.013745
0.13745
0.0824698
0
0.371114
0.522309
0.0962148
0.508564
0.013745
0.261154
0
0.288644
0
0.013745
0
0.700993
0.687248
0.453584
0.178685
0.178685
0.10996
0.233664
0
0.013745
0.0687248
0.19243
0.0824698
0.013745
0.178685
0.508564
0.10996
0.0412349
0.0274899
0.0962148
0.343624
0.0824698
0.178685
0.302389
0.439839
0
0
0.013745
0.343624
0.810953
0.013745
0.013745
0.13745
0.013745
0.0274899
0.151195
0
0
0.233664
0.0549799
0.0412349
0
0.0274899
0
0.10996
0.467329
0.0962148
0.013745
0.0549799
0.178685
0.0962148
0.151195
0.0687248
0.274899
0.0824698
0.0274899
0.219919
0.563544
0.0687248
0
0.13745
0.178685
0.563544
0
0.0274899
0
0.013745
0.0687248
0.013745
0
0.013745
0
0.0687248
0.0962148
0.0962148
0.0687248
0.219919
0.0274899
0.0962148
0.10996
0
0.288644
0.151195
0.0274899
0.10996
0.16494
0.013745
0
0
0
0
0.563544
0.247409
0
0.0412349
0.0412349
0.10996
0.288644
0.0824698
0.742228
0
0.0687248
0
0
0
0.151195
0.0687248
0
0
0.0687248
0
0.013745
0.013745
0.316134
0.0274899
0.522309
0.494819
0.247409
0.453584
0.247409
0
0.10996
0.19243
0.16494
0.618523
0.591034
0.261154
0.783463
0.013745
0.426094
0.371114
0.426094
0.123705
0.219919
0.0549799
0.0274899
0.0824698
0.013745
0.206174
0.0274899
0.0274899
0
0.233664
0
0.646013
0.013745
0
0.467329
0.481074
0.233664
0.329879
0.343624
0.0549799
0.247409
0.206174
0.0412349
0.013745
0.0274899
1.01713
0
0.0687248
0.439839
0.013745
0.0962148
0.274899
0
0.233664
0.013745
0.755973
0.0687248
0.0274899
0
0.659758
0.233664
0.357369
0.398604
0.371114
0.481074
0.0274899
0.0412349
0
0
0
0.013745
0.233664
0.13745
0.0687248
0
0.604779
0.522309
0.233664
0.0962148
0.123705
0.673503
0
0.371114
0
0.0687248
0.206174
0.329879
0
0.0824698
0.412349
0.714738
0
0.123705
0.013745
0.123705
0.302389
0.206174
0
0
0
0.618523
0
0.013745
0.151195
0.16494
0.0687248
0
0.0549799
0.343624
0.013745
0.261154
0.563544
0.0412349
0.0687248
0.10996
0
0
0.10996
0.371114
0.013745
0.371114
0.728483
0.274899
0.151195
0.274899
0.10996
0.0274899
0.343624
0
0.604779
0.0687248
0
0.274899
0.316134
0.0824698
0.453584
0.0824698
0.19243
0.123705
0.384859
0.0412349
0.0824698
0.481074
0.0274899
0.549799
0.467329
0.522309
1.14083
0.0687248
0.19243
0.261154
0.261154
0
0
0.604779
0.19243
0.233664
0.316134
0.0962148
0
0
0.343624
0.16494
0.19243
0.742228
0.0687248
0.274899
0
0.123705
0.384859
0.0962148
0
0.453584
0.426094
0.233664
0.384859
0
0.206174
0.0412349
0.206174
0.646013
0.013745
0.453584
0
0.013745
0.522309
0.274899
0.0549799
0.357369
0.10996
0
0.123705
0
0
0.19243
0.0549799
0.714738
0.714738
0.261154
0.178685
0.0824698
0.013745
0.0962148
0
0.274899
0.0687248
0.206174
0.0274899
0.467329
0.0412349
0.206174
0.123705
0.673503
0.0549799
0.013745
0.632268
0.865933
0.0412349
0.0824698
0.563544
0.151195
0
0.19243
0.357369
0.439839
0.467329
0.013745
0.013745
0.0962148
0.549799
0.10996
0.0824698
0.123705
0.522309
0.632268
0.178685
0.013745
0
0.0962148
0.371114
0.687248
0.481074
0.0549799
0.0824698
0.0549799
0.123705
0.013745
0
0.206174
0.0412349
0.0274899
0.10996
0.247409
0.646013
0.0274899
0.398604
0
0
0
0.632268
0.151195
0.0687248
0.0549799
0.013745
0.261154
0.16494
0.879678
0
0.357369
0.0274899
0.274899
0.0274899
0.0962148
0.302389
0.343624
0.0824698
0.0274899
0
0.783463
0
0.219919
0.481074
0.577289
0.16494
0.398604
0
0.16494
0.371114
0.10996
0.920913
0
0.10996
0.013745
0.178685
0
0.439839
0.371114
0
0.13745
0.357369
0.700993
0.0549799
0.013745
0.371114
0
0
0.508564
0.013745
0
0.0687248
0.0549799
0.288644
0.013745
0.0274899
0.412349
0.0274899
0.591034
0
0.288644
0.123705
0.123705
0
0
0.123705
0
0.288644
0.0412349
0.0274899
0.0412349
0.453584
0
0.0412349
0.178685
0.013745
0.206174
0.329879
0
0.178685
0.261154
0.948403
0
0.426094
0.013745
0
0.013745
0.274899
0.439839
0.646013
0.0274899
0.948403
0.384859
0.013745
0
0.178685
0.0824698
0.0687248
0.343624
0
0.219919
0.329879
0
0
0.151195
0.274899
0
0.0962148
0.013745
0.013745
0.219919
0.673503
0.0549799
0.178685
0.0549799
0.536054
0
0.123705
0
0.439839
0.233664
0.274899
0.810953
0.123705
0.591034
0.522309
0.632268
0.13745
0.0824698
0.123705
0.013745
0.398604
0.013745
0.371114
0.618523
0.233664
0.467329
0.673503
0.013745
0.274899
0.0412349
0.522309
0
0.0412349
0
0.893423
0.151195
0
0.0687248
0.343624
0.0549799
0.013745
0.467329
0.288644
0.384859
0.19243
0.0687248
0.233664
0.288644
0
0.19243
0.13745
0
0.0274899
0
0.0687248
0.563544
0.357369
0.316134
0.013745
0.316134
0.013745
0.810953
0.0412349
0.0687248
0
0
0
0.577289
0
0
0.151195
0.962148
0.247409
0
0.536054
0.19243
0.0687248
0.0274899
0.0412349
0.206174
0.357369
0.0412349
0.302389
0.549799
0.577289
0.508564
0.16494
0.10996
0.0274899
0.19243
0.481074
0
0.013745
0.206174
0.0824698
0.013745
0
0.0412349
0.13745
0
0.522309
0.0549799
0.247409
0.412349
0.728483
0.19243
0.013745
0.989638
0.879678
0.357369
0.274899
0.206174
0
0.481074
0.178685
0.934658
0
0.755973
0.742228
0
0.316134
0
0
0.233664
0.274899
0.151195
0.646013
0
0
0
0
0.357369
0.0549799
0
0.0687248
0.16494
0.013745
0.13745
0.398604
0.0549799
0.700993
0
0.0824698
0.0412349
0.10996
0
0.10996
1.15458
0
0.412349
0.0274899
0
0.288644
0
0.123705
0.123705
0.0687248
0.0274899
0
0.219919
0.10996
0.0687248
0.302389
0.439839
0.261154
0
0.453584
0.0549799
0.0274899
0
0.013745
0
0.0412349
0.233664
0.013745
0.0549799
0
0.219919
0.384859
0.467329
0
0.783463
0.453584
0.10996
0.426094
0.13745
0
0.013745
0
0.233664
0.0274899
0.329879
0.0274899
0.16494
0.371114
0
0
0.247409
0.632268
0.233664
0.0687248
0.0412349
0.329879
0.384859
0.19243
0
0
0.16494
0
0.467329
0.0962148
0.233664
0.178685
0.453584
0
0.783463
0.013745
1.14083
0.0412349
0.0412349
0.233664
0
0.274899
0
0.123705
0
0.522309
0.10996
0
0
0.013745
0.426094
0.0274899
0.0687248
0.19243
0.783463
0.563544
0.151195
0.371114
0.151195
1.07211
0.178685
0
0
0
0.467329
0
0.123705
0.508564
0.013745
0.384859
0.013745
0.494819
0.274899
0.412349
0.604779
0.893423
0.329879
0.0824698
0
0
0.0687248
0.824698
0.123705
0.16494
1.00338
0.10996
0.0549799
0.288644
0
0.0412349
0.233664
0.10996
0.439839
0.206174
0.13745
0.0687248
0.0962148
0.233664
0.357369
0.343624
0.0687248
0.0962148
0.0412349
0
0
0.19243
0.0549799
0
0.261154
0.261154
0.384859
0.302389
0.302389
0.769718
0.0824698
0.16494
0
0
0.0962148
0.426094
0.0412349
0
0.398604
0.508564
0.0549799
0.700993
0.0274899
0.659758
0
0.0687248
0.16494
0.123705
0.0687248
0.522309
0.0687248
0.233664
0
0.316134
0.481074
0
0.563544
0.384859
0.0687248
0.0274899
0.907168
0
0.0962148
0.19243
0.687248
0
0.19243
0.357369
0.426094
0.0274899
0.329879
0.0962148
0.467329
0.219919
0.604779
0
0.0962148
0.0824698
0.0687248
0.0412349
0.013745
0.123705
0.13745
0.659758
0.700993
0.123705
0.536054
0.343624
0
0.288644
0.233664
0.0274899
0
0
0.0274899
0.0274899
0
0
0.013745
0
0.412349
0.013745
0
0.013745
0
0
0.013745
0
0.013745
0
0
0
0
0
0.0549799
0.494819
0
0.013745
0.013745
0
0
0
0.013745
0
0
0
0
0.302389
0.0274899
0.0412349
0
0
0
0
0
0.013745
0.013745
0
0.0412349
0
0
0
0.0549799
0
0
0.013745
0
0
0.0274899
0
0
0.013745
0
0
0.0549799
0
0.13745
0.013745
0
0.261154
0.013745
0
0
0
0
0
0
0
0
0
0
0
0.013745
0
0
0
0
0.013745
0.013745
0
0
0.123705
0.013745
0
0.013745
0
0.013745
0
0.151195
0.0274899
0
0
0.0274899
0
0
0
0.013745
0
0
0
0
0
0.013745
0.013745
0
0.013745
0.013745
0
0.013745
0.013745
0
0
0.0412349
0.013745
0
0
0
0
0.013745
0.0687248
0
0.371114
0
0
0.013745
0
0.013745
0
0
0
0
0.0549799
0
0
0
0
0
0
0
0.0687248
0
0.013745
0
0.0274899
0.0549799
0.0412349
0
0.013745
0
0
0
0
0.0412349
0.013745
0.013745
0
0
0
0
0
0
0.0412349
0
0
0.013745
0
0.0274899
0.0687248
0.013745
0
0.0274899
0
0
0.013745
0.439839
0.0412349
0.013745
0
0.0824698
0.0274899
0
0
0
0.0412349
0.013745
0
0.0412349
0.19243
0.0412349
0
0
0
0.0274899
0
0
0.522309
0.0412349
0
0.013745
0.013745
0
0
0
0
0
0
0
0
0
0
0
0
0
0
0.0412349
0
0
0
0
0.013745
0
0
0.0549799
0
0
0.233664
0
0.0274899
0.013745
0
0
0
0
0
0
0
0.013745
0
0
0
0
0
0
0.013745
0
0.0549799
0.0274899
0
0
0
0
0
0
0
0
0
0.357369
0
0
0
0.13745
0.10996
0
0.0274899
0
0.013745
0
0
0
0
0
0
0.013745
0
0
0.0274899
0
0.013745
0
0
0
0.013745
0
0.013745
0.274899
0
0
0
0.013745
0.0412349
0
0
0.0687248
0
0
0.013745
0
0
0.013745
0
0
0.0549799
0
0
0
0.398604
0
0
0.013745
0
0
0.0274899
0
0.0274899
0.013745
0.0549799
0
0.151195
0
0
0
0.13745
0
0
0
0.206174
0
0
0
0
0.013745
0
0
0
0
0.288644
0.013745
0
0
0.013745
0
0.0274899
0.013745
0
0.013745
0.013745
0.013745
0.0274899
0.013745
0
0
0
0
0
0
0
0.206174
0
0
0.013745
0.0412349
0
0
0
0
0.013745
0
0.0549799
0
0.151195
0
0.013745
0
0.0274899
0
0
0
0
0.013745
0
0
0.0412349
0
0
0
0.013745
0.453584
0
0.013745
0.0274899
0
0
0.0274899
0
0
0
0.0687248
0
0.178685
0
0
0
0
0.013745
0
0
0.013745
0
0.687248
0.013745
0
0.783463
0
0
0
0
0
0
0
0.0412349
0
0.0274899
0
0
0
0
0
0
0.261154
0.013745
0
0
0
0.151195
0.0274899
0
0
0.0274899
0
0.0687248
0
0.0274899
0
0.013745
0.013745
0.0274899
0.0549799
0
0.013745
0.013745
0
0
0
0.0687248
0.0274899
0.013745
0.013745
0
0.0412349
0
0
0
0
0
0
0
0
0
0.494819
0
0
0.0274899
0.013745
0
0.013745
0
0
0
0
0.178685
0.013745
0.013745
0
0
0
0.0962148
0.013745
0.013745
0
0
0.013745
0
0
0
0
0
0.013745
0
0
0
0
0
0.013745
0
0
0
0
0
0
0.013745
0.013745
0
0
0.0412349
0
0
0
0
0.013745
0
0.013745
0
0
0.0274899
0
0.013745
0.013745
0
0
0.013745
0
0
0
0
0
0
0
0
0.467329
0.013745
0
0.013745
0
0
0
0
0
0
0.013745
0.013745
0
0
0
0.013745
0.0412349
0
0
0.0412349
0
0
0
0
0.0549799
0
0
0
0.0549799
0
0
0
0
0.013745
0
0
0.0412349
0
0
0
0
0
0.013745
0.0412349
0
0
0
0
0
0.0687248
0
0
0
0
0
0
0.0687248
0
0.0549799
0
0
0
0.013745
0
0
0.013745
0.013745
0.0412349
0
0.013745
0.0274899
0
0
0
0
0.0274899
0
0
0
0.0274899
0
0
0.178685
0
0.0274899
0.0412349
0
0
0
0
0.0824698
0
0
0
0.013745
0.0962148
0.013745
0.013745
0
0
0
0.013745
0.013745
0
0
0
0
0
0.013745
0
0.013745
0.0274899
0
0
0
0.0274899
0
0
0
0
0
0
0
0.0274899
0.013745
0
0
0.0962148
0
0
0
0.16494
0.0274899
0
0.206174
0.0274899
0
0
0
0.013745
0
0
0.013745
0
0
0
0
0.0274899
0
0.0687248
0
0
0
0
0
0
0
0.16494
0
0
0.0274899
0.013745
0.13745
0
0
0
0
0
0
0
0
0
0
0.13745
0
0.013745
0
0
0.0274899
0
0
0
0
0
0
0.0412349
0
0
0
0
0
0.013745
0
0.013745
0
0
0.013745
0.013745
0
0.19243
0
0
0
0
0
0
0
0
0
0.013745
0.0412349
0.0274899
0
0
0
0.0412349
0
0
0
0
0.0274899
0
0
0
0.0962148
0
0
0.0687248
0
0.0412349
0.0274899
0
0
0
0.013745
0
0
0
0.0962148
0.0412349
0
0
0.013745
0.151195
0
0.013745
0
0.013745
0.013745
0
0.013745
0
0
0
0
0
0.0962148
0.0549799
0.013745
0
0
0
0
0
0.0274899
0.013745
0
0.0274899
0
0
0
0
0.013745
0.0962148
0
0.013745
0
0
0
0
0.013745
0.0412349
0
0
0
0
0
0
0
0
0
0.013745
0
0.302389
0.0549799
0.0274899
0
0
0
0.013745
0.19243
0.233664
0
0
0
0
0
0
0
0
0
0
0
0.013745
0.0274899
0
0
0.10996
0
0.467329
0
0
0
0
0
0.0412349
0
0.0412349
0
0
0
0
0
0
0
0.16494
0
0.371114
0
0
0
0
0
0
0
0
0
0
0
0.0274899
0
0
0
0
0
0
0
0.0687248
0
0.219919
0.013745
0
0
0
0
0
0.0549799
0.0412349
0
0
0.013745
0
0.013745
0.013745
0
0.013745
0.0274899
0
0
0
0
0
0
0
0
0.013745
0
0.0412349
0.0412349
0.0412349
0
0
0
0.233664
0.013745
0
0.0274899
0
0
0.013745
0.0412349
0.0274899
0
0
0
0
0.288644
0
0.013745
0
0
0
0
0.013745
0
0.013745
0.013745
0
0
0.261154
0
0.013745
0.013745
0
0.0687248
0.013745
0
0
0.178685
0.0274899
0
0
0
0
0
0
0.0274899
0
0
0
0
0.0412349
0.013745
0.0412349
0.013745
0
0
0
0
0.013745
0
0.274899
0
0
0
0.755973
0.288644
0.123705
0
0.0549799
0.0274899
0.013745
0.16494
0.151195
0.0687248
0.0824698
0.274899
0
0.0824698
0.013745
0
0.384859
0.16494
0.233664
0.0549799
0
0.343624
0.852188
0.577289
0.0962148
0.632268
0.013745
0
0.247409
0
0.742228
0.10996
0.0274899
0
0
0
0.123705
0.0549799
0.522309
0.0412349
0.673503
0.0824698
0.343624
0
0.288644
0
0.481074
0.0687248
0.453584
0.0274899
0
0.247409
0.329879
0.563544
0.13745
0
0.013745
0.13745
0
0.13745
0.0549799
0.013745
0.852188
0.16494
0.316134
0.453584
0.0412349
0.0274899
0.178685
0.0824698
0.0962148
0.16494
0.206174
0.755973
0.013745
0.274899
0.852188
0.123705
0.0824698
0.302389
0.343624
0
0.0274899
0
0.288644
0.412349
0.343624
0.824698
0.618523
0.0549799
0.343624
0.0274899
0.659758
0
0.591034
0
0
0.013745
0.013745
0
0
0.178685
0.343624
0.10996
0.329879
0.10996
0.687248
0.591034
0.0274899
0.10996
0
0.632268
0.0962148
0.10996
0.0412349
0.19243
0.013745
0.0549799
0
0.178685
0.329879
0
0.0412349
0
0.178685
0.0824698
0.742228
0.591034
0
0
0.316134
0.467329
0.426094
0.412349
0.398604
0.755973
0
0.261154
0.206174
0
0
0.013745
0
0.371114
0
0.769718
0.219919
0.700993
0.123705
0
0.013745
0.013745
0.288644
0.013745
0.646013
0.302389
0.494819
0.0687248
0.16494
0.288644
0.329879
0
0.013745
0.0962148
0.453584
0
0.16494
0.178685
0.577289
0.19243
0.0962148
0.769718
0.0687248
0
0.013745
0.357369
0.013745
0.19243
0.219919
0.549799
0.481074
0.13745
0.233664
0.19243
0.247409
0.13745
0.0274899
0.343624
0.013745
0.13745
0.0962148
0.123705
0
0.0549799
0.659758
0.274899
0.316134
0.0274899
0.549799
0.0274899
0.0824698
0.357369
0.178685
0
0
0
0
0.0824698
0.481074
0.0274899
0.371114
0.343624
0.178685
0
0
0
0.0824698
0.522309
0.013745
0.357369
0.0274899
0
0.013745
0.10996
0.783463
0.0274899
0.357369
0
0.810953
0.0549799
0.233664
0.0412349
0.0687248
0
0.288644
0.316134
0
0.687248
0.19243
0.0274899
0
0.247409
0.10996
0.288644
0.398604
0
0.013745
0.329879
0.013745
0.123705
0
0.233664
0.013745
0
0.151195
0.247409
0.481074
0.0962148
0.0412349
0.494819
0.219919
0.16494
0
0
0.453584
0.398604
0.0962148
0
0.302389
0.714738
0.0687248
0.123705
0.618523
0.384859
0.0824698
0
0.357369
0.0549799
0.632268
0.151195
0.0412349
0.0274899
0.0412349
0.783463
0.151195
0
0.013745
0
0.123705
0.563544
0.123705
0.920913
0.412349
0
0.123705
0.0687248
0.274899
0
0.384859
0.233664
0.0549799
0.0824698
0.0274899
0.0549799
0.783463
0.0412349
0.357369
0.013745
0
0.371114
0.742228
0.16494
0
0.0274899
0.178685
0.19243
0.467329
0.013745
0
0.646013
0
0.151195
0.0274899
0.0412349
0
0.0824698
0
0.10996
0.0412349
0.19243
0.0274899
0.0274899
0.151195
0.838443
0.0824698
0.151195
0.013745
0.247409
0.604779
0
0.0274899
0
0.10996
0.178685
0.178685
0.0687248
0.797208
0.13745
0.274899
0.549799
0.838443
0.0687248
0
0.206174
0.0274899
0.247409
0.0274899
0
0.467329
0.288644
0.13745
0.0962148
0.0274899
0.769718
0.632268
0.494819
0
0.0962148
0.0687248
0.0412349
0.261154
0.206174
0.838443
0
0
0.577289
0.233664
0.302389
0.453584
0.151195
0.261154
0.563544
0.0962148
0.206174
0.302389
0
0
0
0.0549799
0.151195
0.261154
0.769718
0.494819
0.10996
0.013745
0.591034
0.0962148
0.618523
0.384859
0.013745
0.0549799
0.013745
0.0412349
0.316134
0.329879
0.632268
0.0687248
0.013745
0.0824698
0.0962148
0.261154
0.0962148
0.013745
0.494819
0.274899
0.274899
0.013745
0.219919
0.549799
0.10996
0.302389
0.219919
0.646013
0.0962148
0
0.206174
0
0.302389
0.261154
0
0.975893
0.439839
0.646013
0.178685
0.0687248
0.151195
0
0
0.0274899
0
0.013745
0.0962148
0.19243
0
0.123705
0.0687248
0
0.0412349
0.0687248
0.0412349
0.549799
0.0549799
0.907168
0.0687248
0
0
0.536054
0.975893
0.439839
0.343624
0
0
0.329879
0.219919
0.16494
0.013745
0.0274899
0.13745
0.426094
0.0274899
0.261154
0.536054
0
0
0
0.233664
0.316134
0
0
0.412349
0.013745
0.481074
0.0549799
0
0.646013
0.219919
0.288644
0.329879
0.178685
0.13745
0.398604
0.577289
0.316134
0.728483
0
0
0
0.013745
0.508564
0.0687248
0.962148
0.522309
0
0.618523
0.0274899
0.247409
0.673503
0
0
0.591034
0
0.247409
0.123705
0.0824698
0
0.508564
0.013745
0.0274899
0.0962148
0.481074
0.219919
0.384859
0.302389
0.151195
0
0.013745
0.247409
0
0.0274899
0.013745
0.522309
0.0274899
0.865933
0.302389
0.398604
0.481074
0.0549799
0
0.013745
0.481074
0.013745
0.261154
0
0.261154
0.0412349
0.16494
0.10996
0.0962148
0.0412349
0
0.13745
0.013745
0.274899
0.0274899
0.0274899
0.687248
0.467329
0.274899
0
0
0.343624
0
0.453584
0.398604
0.10996
0
0.247409
0
0.508564
0
0.123705
0
0.646013
0.0412349
0
0.0549799
0.274899
0
0.178685
0
0.0687248
0.439839
0.0549799
0.0549799
0.563544
0.0274899
0.178685
0.0412349
0.439839
0
0.700993
0.123705
0.19243
0.013745
1.45697
0.013745
0.0549799
0.0687248
0
0.0549799
0.0412349
0.467329
0.0274899
0.357369
0.494819
0.591034
0.316134
0.0274899
0.10996
0.288644
0
0.288644
0.123705
0.343624
0.687248
0.13745
0.371114
0.0412349
0.261154
0.013745
0.16494
0.219919
0
0.0274899
0.13745
0
0.013745
0.261154
0
0.302389
0.288644
0.563544
0.384859
0.0549799
0.0962148
0.10996
0
0.178685
0.274899
0.013745
0.604779
0.0549799
0.288644
0
0.549799
0.0687248
0.19243
0.549799
0.13745
0.151195
0.329879
0.783463
0.0549799
0.151195
0.426094
0.522309
0.151195
0.549799
0
0.0412349
0.151195
0.852188
0
0.013745
0.481074
0.123705
0.261154
0
0.233664
0.797208
0
0.19243
0.549799
0.343624
0.618523
0.357369
0.494819
0.0274899
0.10996
0.0824698
0.123705
0.0412349
0.0274899
0.233664
0.783463
0.0274899
0.0549799
0.013745
0
0.16494
0.206174
0.206174
0.329879
0.261154
0.151195
0.013745
0
0.577289
0.852188
0.16494
0
0.549799
0.233664
0.714738
0
0.329879
0.343624
0.013745
0.769718
0.233664
0.0274899
0.10996
0.0962148
0.577289
0
0.329879
0.219919
0.151195
0.219919
0.013745
0.013745
0
0.0962148
0.618523
0.0549799
0.206174
0.261154
0.10996
0.013745
0
0.013745
0.0549799
0.371114
0.0962148
0.10996
0.329879
0
0
0.384859
0.261154
0.0824698
0.16494
0.714738
0.646013
0.0412349
0.398604
0
0
0.233664
0.879678
1.07211
0
0.013745
0.0274899
0
0.178685
0
0
0.632268
0.0687248
0
0.426094
0.879678
0
0.247409
0.013745
0.151195
0.0962148
0.0274899
0.0687248
0.013745
0.0274899
0.536054
0.0274899
0.0962148
0.10996
0.481074
0.13745
0.0412349
0
0.219919
0.0687248
0
0.0412349
0.0412349
0.206174
0.013745
0
0.604779
0.0274899
0.302389
0.0962148
0.426094
0
0.536054
0.10996
0.0687248
0.123705
0.0549799
0.0962148
0.343624
0.0274899
0
0
0
0.783463
0
0.0687248
0.412349
0.0549799
0.522309
0.357369
0.261154
0.151195
0.16494
0.343624
0.013745
0.439839
0.0412349
0.233664
0.0274899
0.673503
0.0549799
0.247409
0
0.357369
0
0.013745
0.013745
0
0
0.700993
0
0.16494
0.0549799
0.329879
0.233664
0.178685
0
0.0274899
0.19243
0.0549799
0.0824698
0.893423
0.19243
0.467329
0.536054
0.16494
0
0.261154
0
0.632268
0.302389
0
0.632268
0.123705
0
0.123705
0.412349
0.522309
0.453584
0.700993
0.439839
0.288644
0.288644
0.0412349
0.013745
0.412349
0.274899
0.013745
0.0549799
0.288644
0
0.151195
0.206174
0.013745
0.357369
0
0
0.19243
0.563544
0
0.219919
0.288644
0.013745
0.371114
0.426094
0.646013
0.481074
0.19243
0.123705
1.07211
0
0.0274899
0.0412349
0.0962148
0.19243
0.0687248
0
0
0.343624
0
0.0412349
0.0549799
0.549799
0.10996
0.19243
0.0274899
0.247409
0.343624
0.316134
0
0.151195
0
0
0
0.453584
0.247409
0.646013
0.013745
0.549799
0.0687248
0.412349
0.343624
0.10996
0.426094
0.13745
0.426094
0
0.206174
0.151195
0.0549799
0.151195
0.481074
0.343624
0
0
0.219919
0.206174
0
0.728483
0.384859
0.0412349
0.16494
0.233664
0
0.632268
0
0.0274899
0.646013
0.0274899
0
0
0
0
0
0.329879
0.274899
0.013745
0.0687248
0.0687248
0
0.0824698
0.0274899
0.013745
1.07211
0.467329
0
0
0.948403
0.0687248
0.0274899
0
0.357369
0.0274899
0.343624
0
0.0962148
0.0274899
0
0.329879
0.0274899
0.453584
0.536054
0
0
0.316134
0.13745
0
0.0412349
0.0549799
0.0687248
0.10996
0.769718
0.439839
0
0.0549799
0
0.591034
0.274899
