0
0
0.159584
0
0.0398961
0
0
0.0797922
0
0
0
0
0
0.0132987
0
0
0
0
0.0797922
0
0
0
0
0
0
0.0132987
0
0.0398961
0
0
0
0
0
0.0531948
0
0.0132987
0.0132987
0
0
0
0.0132987
0
0
0.0132987
0.0132987
0.0398961
0
0
0
0
0
0
0
0
0.226078
0
0
0
0
0.0398961
0.0265974
0.0132987
0.0265974
0
0
0.0132987
0
0
0
0
0
0
0.0132987
0
0
0
0
0
0
0.0265974
0
0
0
0
0.0132987
0
0.0265974
0
0.0930909
0
0
0
0.0132987
0
0
0
0
0
0
0
0
0
0.385662
0
0.0132987
0.0398961
0
0
0.0265974
0
0
0
0
0.0797922
0
0
0
0
0
0
0
0
0
0
0
0
0.0531948
0
0
0
0.0132987
0
0.212779
0
0.0132987
0
0
0.0132987
0
0.0797922
0
0
0.984104
0
0
0
0
0
0.0132987
0
0
0
0
0
0
0
0
0
0.0265974
0
0
0.0531948
0
0
0.0265974
0
0.0398961
0
0
0.0132987
0
0.0132987
0.0531948
0
0
0
0
0.0265974
0.0398961
0
0
0
0
0
0
0
0
0
0.0132987
0
0
0
0.0132987
0
0
0
0
0
0
0.0531948
0
0.0132987
0.146286
0
0
0.0132987
0
0
0
0
0.41226
0
0
0.30587
0.0132987
0.0132987
0
0.0132987
0
0
0
0
0
0
0
0
0
0
0.0398961
0
0
0.0132987
0.0132987
0.385662
0
0.0265974
0
0
0
0.0531948
0.0132987
0
0.0132987
0
0
0
0
0
0.0132987
0
0
0.0531948
0
0
0.0265974
0
0
0
0
0.0531948
0.0531948
0
0
0
0.0265974
0.0398961
0
0
0.0132987
0.0398961
0
0.119688
0.0132987
0.585143
0
0.0132987
0
0
0
0.10639
0
0
0.119688
0
0.0265974
0.0797922
0.0930909
0.0132987
0.0265974
0.0132987
0.0398961
0.0132987
0
0.0132987
0
0.0265974
0.0132987
0
0.0132987
0.0132987
0.0132987
0.0265974
0.0265974
0
0
0
0.345766
0.0132987
0
0.452156
0
0
0
0.0132987
0
0.0265974
0
0
0
0.0265974
0
0
0.0132987
0
0.0132987
0
0
0
0.0930909
0.0531948
0.0132987
0
0
0.0132987
0.0930909
0.0265974
0
0.345766
0
0
0
0
0
0.0132987
0
0
0
0.0265974
0
0
0
0
0
0
0.0132987
0
0.0132987
0
0
0
0
0.0132987
0.0265974
0
0.0132987
0
0
0
0.0265974
0.0398961
0
0.0132987
0
0.0132987
0.0797922
0
0
0.0132987
0
0
0
0.0132987
0
0
0.0398961
0
0
0
0.0132987
0
0
0.0664935
0
0
0
0
0.292571
0
0.0265974
0
0
0
0
0
0
0
0
0
0.0132987
0.492052
0
0.0132987
0
0
0
0
0
0
0
0
0
0
0
0.0265974
0
0.0132987
0
0
0
0
0.0398961
0.119688
0.319169
0
0
0
0.0132987
0.0265974
0
0
0.0132987
0.0132987
0
0
0
0
0.0930909
0.0265974
0
0
0
0
0
0.0132987
0
0.0265974
0.0265974
0
0
0
0
0
0
0
0
0
0
0
0.0132987
0
0
0
0.0132987
0
0
0
0.0132987
0
0
0.0398961
0.159584
0.0132987
0.212779
0
0.10639
0
0
0
0
0
0
0
0
0.0398961
0.0930909
0
0
0
0
0.0531948
0
0
0.186182
0
0
0.0132987
0
0.0398961
0
0
0
0
0
0
0.0797922
0.0132987
0.398961
0.0265974
0
0
0
0
0.0132987
0
0.0132987
0
0
0.0531948
0.0398961
0.172883
0
0
0
0
0
0
0
0
0
0
0
0.0132987
0
0
0
0.239377
0
0.0132987
0.0265974
0
0
0.0531948
0
0
0.0132987
0
0
0.0398961
0.186182
0
0.159584
0
0
0
0
0
0.651636
0.0265974
0
0
0
0.226078
0
0
0
0
0.0132987
0
0
0
0.0265974
0.0265974
0
0
0
0
0
0.0132987
0
0
0
0
0
0
0
0
0
0
0
0
0
0
0.0132987
0
0.0132987
0
0
0.0132987
0.0132987
0
0.0132987
0
0
0.0664935
0
0
0
0.0265974
0.0265974
0.0132987
0
0.0265974
0
0.0398961
0
0.279273
0
0
0
0
0
0
0
0.0132987
0
0
0.0132987
0
0
0
0.0132987
0
0
0
0
0
0
0
0.0132987
0.186182
0.0265974
0.0265974
0
0
0.172883
0.0132987
0
0
0
0
0.465455
0
0.0132987
0.10639
0
0.0265974
0
0
0
0
0.0265974
0
0
0.0531948
0
0
0
0.0132987
0
0
0
0
0
0.172883
0.0265974
0
0
0.0265974
0.0265974
0
0
0
0
0
0
0
0
0
0
0
0
0
0
0.0132987
0
0.0132987
0
0
0
0
0
0
0
0
0.119688
0.0132987
0
0
0
0
0.252675
0
0.0398961
0
0.0132987
0.0265974
0
0
0
0
0
0
0
0.0664935
0.0398961
0.0132987
0
0
0
0
0
0.0265974
0.0531948
0
0
0
0.0265974
0
0
0.0531948
0
0
0
0
0.0265974
0
0.0132987
0
0
0
0
0.0132987
0.239377
0
0
0
0.0132987
0.30587
0
0
0
0
0
0.0265974
0
0
0.0132987
0.0132987
0
0.0132987
0
0
0.0132987
0
0
0
0.0265974
0
0.0664935
0
0.0930909
0.0132987
0
0
0.0265974
0.0132987
0
0
0
0
0
0
0
0
0
0
0
0
0
0
0
0
0
0
0
0.10639
0.0132987
0
0
0
0
0
0
0.0797922
0
0
0
0
0
0
0.279273
0.0132987
0
0
0
0
0.0132987
0
0.0664935
0
0.0132987
0
0.0797922
0
0
0.119688
0.0398961
0
0.0265974
0
0
0
0
0
0
0
0
0.0265974
0
0
0.0132987
0
0
0.0531948
0
0
0.0265974
0.0132987
0.425558
0
0
0
0
0
0
0.0531948
0.265974
0.0531948
0
0
0
0
0
0
0
0
0.0265974
0
0.0531948
0
0.0132987
0
0.0132987
0
0.0132987
0
0
0.398961
0
0.0930909
0
0
0
0.0132987
0.279273
0
0
0
0.186182
0.0132987
0.0797922
0
0
0
0.0132987
0
0
0
0.0132987
0
0
0.0132987
0
0.0265974
0
0
0.0265974
0.0132987
0
0
0
0
0.0132987
0
0.0132987
0
0
0
0.0132987
0.0398961
0
0
0
0
0
0
0.0531948
0.0398961
0.0531948
0
0.0132987
0.505351
0.0664935
0
0
0
0.0398961
0.0265974
0
0
0
0
0
0
0
0
0.0265974
0
0
0.0398961
0
0
0.0265974
0
0.0132987
0
0
0
0
0
0
0
0
0
0.0132987
0.678234
0.0132987
0.0398961
0
0.132987
0
0.199481
0.0398961
0.0132987
0.0132987
0
0
0.10639
0
0
0.0132987
0.132987
0
0.0398961
0.0265974
0.292571
0.0132987
0.71813
0.146286
0.61174
0.146286
0.0797922
0.0132987
0.332468
0.0265974
0.0265974
0.824519
0.0132987
0.119688
0
0
0.0930909
0.0132987
0.478753
0.10639
0.172883
0.744727
0
0.438857
0
0.545247
0.372364
0.159584
0.0531948
0.0398961
0.199481
0.398961
0.944208
0.0132987
0.10639
0
0.638338
0.0398961
0.146286
0.0398961
0.0398961
0.0132987
0.0664935
0.0132987
0.758026
0.0797922
0.199481
0.0531948
0.0132987
0.226078
0.345766
0.172883
0.10639
0.172883
0.199481
0.265974
0.0664935
0.598442
0.199481
0.545247
0.492052
0
0.345766
0
0
0
0
0
0.0265974
0.172883
0.172883
0.0664935
0.159584
0.226078
0.0265974
0.239377
0.146286
0.265974
0
0.0664935
0.0398961
0.0132987
0.319169
0.119688
0.172883
0.359065
0.239377
0.385662
0.0398961
0.0531948
0.279273
0
0.0930909
0.0531948
0.279273
0.359065
0.505351
0
0.0265974
0
0
0.132987
0.531948
0.385662
0.438857
0.132987
0.212779
0.0930909
0.452156
0.292571
0.704831
0.119688
0.0398961
0.438857
0.0398961
0.0132987
0
0
0.398961
0.359065
0.186182
0.265974
0
0.30587
0.0664935
0.0132987
0.0930909
0.664935
0.159584
0.0797922
0.0132987
0.0664935
0.0265974
0.119688
0.252675
0.159584
0.0664935
0.279273
0.0265974
1.09049
0
0.0132987
0.10639
0.119688
0
0.319169
0.226078
0.119688
0.359065
0.571844
0.0930909
0.0132987
0
0
0.0265974
0
0.186182
0.332468
0.851117
0.425558
0.0132987
0.159584
0.0664935
0.0132987
0
0.146286
0.199481
0.0265974
0.0797922
0
0.558545
0.265974
0.279273
0.0398961
0.0265974
0.758026
0.319169
0.0398961
0.571844
0.452156
0.0132987
0
0
0.0265974
0.797922
0.172883
0
0.279273
0.0132987
0
0.186182
0
0.292571
0.239377
0.212779
0.0664935
0
0.0930909
0
0.385662
0.332468
0.0132987
0.0398961
0.265974
0.0531948
0.159584
0.159584
0.199481
0.0531948
0.279273
0.172883
0
0.172883
0.0930909
0.0132987
0.172883
0.172883
0.292571
0
0.292571
0.172883
0
0
0.186182
0.199481
0.0398961
0.0398961
0.0265974
0.0398961
0
0
0.797922
0
0.61174
0.159584
0
0.239377
0.159584
0.252675
0.0531948
0.10639
0
0.0265974
0
0
0
0.638338
0.0664935
0
0.0132987
0
0.518649
0.252675
0.0664935
0.279273
0.0132987
0.279273
0.0132987
0.0398961
0.132987
0
0
0.0265974
0
0.319169
0.146286
0.0531948
0
0.359065
0
0.731429
0.625039
0.0531948
0.345766
0.0664935
0.0398961
0.172883
0.212779
0.186182
1.07719
0.585143
0.359065
0.505351
0
0.186182
0
0.0531948
0.0930909
0.345766
0.0531948
0.199481
0.0398961
0.172883
0.0265974
0.0797922
0.0265974
0
0.0930909
0
0.877714
0.0398961
0
0.0132987
0.704831
0.345766
0.226078
0.851117
0
0.0664935
0.0664935
0.0132987
0
0.0531948
1.0506
0.492052
0.0930909
0.41226
0
0.372364
0.186182
0.0132987
0
0.119688
0.598442
0.292571
0.30587
0
0.0797922
0.465455
0.0930909
0.452156
0.199481
0.811221
0.0930909
0.0398961
0
0.0398961
0
0.0797922
0.0132987
0.61174
0.10639
0.0930909
0.159584
0.571844
0.0930909
0.30587
0.425558
0.518649
0.186182
0.159584
0
0.0797922
0.492052
0.0531948
0.0132987
0.664935
0.505351
0.10639
0
0.0797922
0.0930909
0.638338
0.41226
0.0531948
0
0.0132987
0
0.518649
0
0
0.212779
0.0531948
0.0132987
0
0.359065
0
0
0.0132987
0.0531948
0.146286
0.265974
0.265974
0
0
0.398961
0.279273
0.0664935
0.452156
0.558545
0.119688
0.398961
0
0.731429
0.279273
0.292571
0.172883
0.585143
0.0531948
0.0797922
0.132987
0
0.0398961
0.292571
0.119688
0.0132987
0.478753
0.345766
0.0265974
0.212779
0.119688
0.10639
0.425558
0.0398961
0.664935
0.784623
0.30587
0.372364
0.0265974
0.0265974
0
0
0.30587
0.385662
0.518649
0.545247
0.146286
0
0.0132987
0.0531948
0.0531948
0
0.0398961
0.146286
0.638338
0
0.0664935
0.186182
0.531948
0
0.0132987
0.199481
0.10639
0.678234
0.0265974
0.159584
0.132987
0.0132987
0.877714
0
0.704831
0
0.0398961
0.531948
0.625039
0.0398961
0.0398961
0.0930909
0
0.0930909
0.199481
0
0.172883
0.265974
0.651636
0.132987
0.319169
0.146286
0.30587
0.0132987
0
0.0132987
0.345766
0.0265974
0.226078
0.0398961
0.119688
0.0265974
0.172883
0.359065
0.452156
0.452156
0.146286
0.265974
1.22348
0.0132987
0.279273
0.0664935
0.0132987
0.0132987
0.398961
0.372364
0.864416
0.186182
0.10639
0.30587
0.492052
0.518649
0.0132987
0.0664935
0
0.904312
0.797922
0.146286
0
0.372364
0.0265974
0.385662
0.970805
0.0132987
0.0132987
0.159584
0.119688
0.159584
0
0
0.691532
0.0132987
0.0531948
0.452156
0.372364
0.172883
0.226078
0.159584
0.186182
0.119688
0.159584
0.558545
0.279273
0.0265974
0.531948
0.505351
0.585143
0.585143
0.252675
0
0.132987
0.0132987
0.345766
0.252675
0.664935
0.478753
0.212779
0
0.505351
0.0132987
0.625039
0
0.10639
0.345766
0.558545
0.0531948
0.691532
0
0.265974
0.0132987
0.0132987
0.265974
0
0.0930909
0
0.0531948
0.199481
0.332468
0.0797922
0.0531948
0.0531948
0.398961
0.119688
0
0
0.531948
0.0132987
0.0531948
0.771325
0.359065
0.0664935
0.146286
0.0531948
0.345766
0.132987
0.30587
0.186182
0.252675
0.0664935
0
0.438857
0.359065
0.0664935
0
0.0398961
0
0.172883
0.332468
0.10639
0.0132987
0.571844
0.332468
0.0265974
0.212779
0.558545
0.585143
0.252675
0.186182
0.146286
0.398961
0.571844
0.930909
0.0398961
0.226078
0
0
0.0265974
0.465455
0.518649
0.691532
0.0132987
0.478753
0.0398961
0
0
0.0531948
0.0265974
0.292571
0.372364
0.0132987
0.0132987
0.199481
0.0398961
0
0.199481
0.159584
0
0.345766
0.186182
0
0
0.505351
0.239377
0.359065
0.0398961
0.359065
0
0.132987
0.279273
0.239377
0.0265974
0.212779
0.731429
0.704831
0.651636
0.771325
0.172883
0.0398961
0.465455
0.0930909
0.0531948
0.279273
0.186182
0.119688
0.359065
0
0.372364
0.771325
0.292571
1.21018
0.186182
0.41226
0.0132987
0.159584
0
0.91761
0.0398961
0.0132987
0.0132987
0.265974
0.0531948
0.0132987
0.159584
0.159584
0.199481
0.0664935
0.61174
0.265974
0.199481
0
0.146286
0.319169
0
0.372364
0.0132987
0.41226
0.0132987
0.146286
0.199481
0.10639
0.292571
0.0797922
0.438857
0.0664935
0.186182
0.0132987
0
0
0.904312
0.0132987
0.0398961
0.292571
0.172883
0.398961
0
0.119688
0.398961
0.172883
0
0.0930909
0.625039
0.0398961
0.239377
0.319169
0.970805
0.292571
0.425558
0.212779
0.30587
0.0265974
0.146286
0.30587
0.0398961
0.0265974
0.758026
0.0132987
0.212779
0
0.0664935
0.0664935
0
0.212779
0.0132987
0.0132987
0.438857
0.518649
0.186182
0.0132987
0.319169
0.372364
0.132987
0.332468
0.252675
0
0.465455
0.292571
0.252675
0
0.385662
0.558545
0
0.199481
0.0132987
0
0.478753
0.172883
0.598442
0.651636
0
0.159584
0.0132987
0.0930909
0.598442
0.518649
0.279273
0.279273
0.0664935
0.0132987
0.0265974
0.0132987
0.172883
0.425558
0
0.0398961
0.146286
0.265974
0
0
0.744727
0
0.0531948
0.319169
0.0132987
0.492052
0
0.0664935
0.159584
0
0.199481
0
0.465455
0.199481
0.492052
0.172883
0.518649
0
0
0.465455
0.0265974
0.0132987
0
0.824519
0.119688
0
0.159584
0.159584
0.159584
0
0.119688
0.212779
0.372364
0.132987
0.518649
0.252675
0.172883
0.265974
0.119688
0
0.0265974
0
0.0664935
0.0132987
0.239377
0.345766
0.678234
0.0398961
0
0.0132987
0.531948
0.61174
0.505351
0.0930909
0
0.957506
0.30587
0.119688
0.119688
0
0.172883
0
0.664935
0
0.664935
0.0398961
0.199481
0.0265974
0.625039
0.0797922
0.797922
0
0
0.41226
0.159584
0.41226
0
0.0930909
0
0.159584
0.146286
0.0664935
0
0.0531948
0.0930909
0.226078
0.146286
0.385662
0.172883
0.319169
0.0664935
0.359065
0.119688
0.837818
0.332468
0
0
0.0265974
0.0531948
0
0
0.252675
0
0.61174
0.0132987
0.119688
0.292571
0.864416
0.598442
0.758026
0.10639
0.651636
0
0.0930909
0.199481
0.771325
0.0265974
0.172883
0.638338
0.425558
0.0531948
0.398961
0.0132987
0.279273
0.0398961
0.319169
0.146286
0.332468
0.505351
0.199481
0.0398961
0.0265974
0.385662
0.0664935
0.0797922
0
0
0.0930909
0.119688
0.212779
0.159584
0
0.492052
0.478753
0.265974
0.159584
0.438857
0.279273
0
0.372364
0
0
0
0.425558
0.0531948
0
0.505351
0.0664935
0.452156
0.199481
0.0531948
0.518649
0.0531948
0
0.0132987
0.239377
0.226078
0.132987
0
0.558545
0
0.30587
0.186182
0
0.119688
0.10639
0.0797922
0
1.024
0.0398961
0.0930909
0.0398961
0.638338
0.186182
0.159584
0.877714
0.119688
0.186182
0.398961
0
0.0797922
0
0.851117
0.0132987
0.10639
0.159584
0.0531948
0.0797922
0.146286
0.0398961
0.372364
0.319169
0.186182
0.0398961
0.199481
0.132987
0.0132987
0.226078
0
0.359065
0.199481
0
0.545247
0.212779
0.132987
0
0.425558
0.0132987
1.07719
0.212779
0.0531948
0.10639
0
0.0265974
0.199481
0.159584
0.159584
0.0664935
0.438857
0.186182
0.0132987
0
0.571844
0.744727
0.0265974
0.212779
0.332468
0
0.146286
0.146286
0.186182
0
0.212779
0.226078
0
0.771325
0.531948
0.41226
0.0265974
0.0132987
0.0531948
0.119688
0
0.0664935
0.372364
0.212779
0.212779
0.345766
0
0
0.625039
0
0.0531948
0.359065
0
0
0.837818
0.0398961
0
0.172883
0.0797922
0.146286
0.91761
0.10639
0.0265974
0.146286
0.0398961
1.0506
0.438857
0
0.0531948
0
0
0.0664935
0.425558
0.398961
0.252675
0
0.0797922
0.10639
0.239377
0.0132987
0.0797922
0.10639
0.0132987
0.425558
0.0531948
0
0.0265974
0.452156
0.159584
0
0.239377
0.10639
0.0664935
0.0797922
0.970805
0.265974
0.0132987
0
0.691532
0
0
0
0.425558
0
0
0
0
0
0.279273
0.212779
0.0398961
0.292571
0.332468
0.0664935
0.265974
0.332468
0
0.0132987
0.571844
0.531948
0.212779
0.212779
0.0132987
0.0132987
0.239377
0.625039
0.0664935
0.957506
0
0.10639
0.146286
0.0265974
0.0265974
0
0
0
0.0664935
0.824519
0.0132987
0.199481
0
0.0930909
0.0797922
0.0398961
0.0132987
0.345766
0.0398961
0.492052
0
0.226078
0.691532
0.452156
0.0132987
0.226078
0
0.0265974
0.332468
0.0132987
0.664935
0.345766
0.10639
0.398961
0
0.332468
0.0132987
0
0
0.425558
0.0265974
0.0132987
0.465455
0.265974
0.824519
0.704831
0.159584
0.438857
0.265974
0
0.0398961
0.0930909
0.558545
0.651636
0.159584
0.0132987
0.797922
0.332468
0.0398961
0.146286
0
0.452156
0.132987
0
0.385662
0.851117
0.625039
0
0.0132987
0.132987
0.478753
0
0.172883
0.744727
0.664935
0
0.292571
0.239377
0.0132987
0
0
0.0132987
0.0797922
0
0
0.186182
0
0
0.0664935
0.0930909
0
0.0132987
0.704831
0
0.0398961
0.0797922
0.0531948
0.10639
0.0797922
0
1.0373
0
0
1.0506
0.0132987
0.505351
0.319169
0.0531948
0
0
0.0132987
0
0
0.10639
0.465455
0.226078
0.226078
0
0.132987
0.0664935
0
0.332468
0
0.824519
0.891013
0.0265974
0
0.212779
0.212779
0
0
0.0398961
0
0.172883
0.904312
0
0
0
0.558545
0.239377
0.0265974
0.239377
0.252675
0.372364
0.585143
0.159584
0
0.0797922
0.146286
0.226078
0.0531948
0.10639
0.159584
0.398961
0.159584
0.0265974
0.0398961
0.0531948
0
0.10639
0
0.292571
0.930909
0.0132987
0.119688
0
0.438857
0.944208
0
0
0.252675
0
0.0132987
0.172883
0.0797922
0
0.226078
0.0132987
0.0664935
0.904312
0
0
0
1.26338
0
0
0.279273
0.0132987
0
0.425558
0.0132987
0.545247
0.279273
0.691532
0.186182
1.11709
0.0132987
0.345766
0
0.558545
0.10639
0
0.226078
0.678234
0.0265974
0.212779
0.0930909
0.0930909
0.372364
0
0
0
0
0.891013
0.292571
0
0.0398961
0.292571
0
0.0664935
0.585143
0
0.478753
0.252675
0.132987
0.292571
0.61174
0
0.239377
0
0.0132987
0
0.332468
0
0.465455
0
0.0398961
0.30587
0.558545
0
0.0531948
0.0265974
0
0.492052
0.0132987
0.731429
0
1.13039
0
0.30587
0
0.731429
0
0
0.0265974
0.332468
0.0930909
0.159584
0.0132987
0.398961
0
0.0531948
0
0.771325
1.0639
0
0.172883
0.505351
0
0.10639
0.518649
0
0.0132987
0
1.09049
0
0.71813
0
0
0
0
0.332468
0
0.0132987
0.0531948
0
1.34317
0
0.0797922
0.61174
0.0265974
0
0
0
0
0
0
0.531948
0.172883
0.398961
0.0265974
0
0
0.0132987
0
0
0.585143
0.186182
0.0797922
0
0
0.71813
0.61174
0.0398961
0
0.678234
0
0.279273
0
0.172883
0
0.239377
0.172883
0.930909
0.891013
0
0.359065
0.159584
0
0.172883
0.119688
0.186182
0.598442
0.345766
0.0797922
0
0.438857
0
0.0132987
0
0.0132987
0.119688
0.226078
0
0.0664935
0
0.91761
0
0
0.678234
0.319169
0
0.372364
0.0664935
0.0930909
0.146286
0
0.199481
0.279273
0.651636
0
0
0.0265974
0.598442
0.186182
0.492052
0.146286
0.0398961
0.41226
0.0398961
0.146286
0
0
0
0.372364
0
0
0.0664935
0.0398961
0
0.398961
0.0398961
0.319169
0.132987
0.159584
0.119688
0.0265974
0.10639
0.425558
0
0.0664935
0.398961
0
0
0.0531948
0.132987
0.571844
0
0.651636
0.146286
0.159584
0.505351
0.0265974
0.30587
0.425558
0.279273
0.0265974
0.531948
0.119688
0
0.0265974
0
0
0.239377
0.0132987
0.359065
0.704831
0.199481
0
0.438857
0
0
0
0
0.146286
0.438857
0.265974
0.146286
0.0797922
0
0
0.0664935
0.492052
0
0
0.531948
0
0.132987
0
0
0.691532
0
0
0.0664935
0.398961
0
0.465455
0
0
0.265974
0.172883
0.252675
0.159584
0.0132987
0
0
0
0
0.438857
0.704831
0.0132987
0
0
0.0797922
0.172883
0.704831
0.0265974
0.0132987
0.0132987
0.0797922
0.119688
0
0.332468
0
0.744727
0
0.119688
0
0.545247
0.0531948
0
0.345766
0.478753
0.571844
0
0.585143
0.438857
0.0265974
0.319169
0.0265974
0
0.10639
0
0.0132987
0
0.425558
0
0
0.891013
0
0.146286
0.199481
0
0
0
0
0.704831
0.0664935
0.0265974
0.172883
0.172883
0.385662
0.119688
0.159584
0.10639
0
0.0531948
0.119688
0.0398961
0
0.132987
0
0.199481
0.0531948
0.0930909
0.0265974
0.212779
0.571844
0.0398961
0
0
0.571844
0
0.0132987
0.0132987
0
0.0265974
0
0.159584
0.691532
0.265974
0.0531948
0.0132987
0.824519
0
0.226078
0.0664935
1.0506
0.744727
0
0.944208
0.638338
0
0
0
0.492052
0.0132987
0.146286
0.531948
0
0.10639
0
0
0.465455
0.0797922
0.824519
0
0.0797922
0
0.0398961
0
0
0.452156
0.758026
0.332468
0.0132987
0.398961
0.438857
0.30587
0.0265974
0.119688
0
0
0.0930909
0
0.239377
0
0
0.0664935
0.425558
0
0.425558
0.172883
0
0.531948
0.0797922
0.0265974
0.146286
0
0.0531948
0.172883
0.837818
0
0.0265974
0
0
0.0265974
0.292571
0.0664935
0.345766
0.265974
0
0.0797922
0.345766
0
1.024
0.0132987
0.0531948
0
0
0
0.0531948
0
0
0.226078
0.132987
0.744727
0.664935
0.265974
0.265974
0
0.452156
0.0797922
0.159584
0
0
0.505351
0.159584
0.0664935
0.0265974
0.531948
0.172883
0
0.678234
0.159584
0.571844
0.159584
0.132987
0.0664935
0.226078
0.292571
0
0.0265974
0
0.651636
0.61174
0
0
0.212779
0.91761
0
0.452156
0.0265974
0.279273
0.545247
0.159584
0.0398961
0.0132987
0
0
0
0.0132987
0.771325
0.332468
0.279273
0.0398961
0
0.0930909
0
0
0.359065
0.239377
0
0.452156
0.0265974
0
0
0.0132987
0.252675
0.744727
0.119688
0.265974
0.159584
0
0
0.159584
0.372364
0.558545
0
0
0.0398961
0
0
0.0132987
0.0132987
0
0.226078
0.438857
0
0.758026
0.678234
0.571844
0.0664935
0.30587
0
0.41226
0.731429
0.545247
0
0.0664935
0
0
0
0
0
0.372364
0.0531948
0
0
0.398961
0.345766
0
0
0.625039
0.0398961
0.797922
0
0
0.0531948
0.0132987
0.212779
0.199481
0
0.731429
0
0.119688
0
0
0
0.0398961
0
0.771325
0.0265974
0.292571
0
0.0132987
0
0.0930909
0.146286
0.172883
0
0.0531948
0.372364
0.0132987
0
0.239377
0.359065
0.0664935
0
0
0.0531948
0
0
0.664935
0
0.824519
0.172883
0.0132987
0
0
0
0.0664935
0.851117
0.691532
0
0
0.10639
0.0930909
0.239377
0.10639
0.0265974
0.212779
0.452156
0
0.146286
0.186182
0.0265974
0
0
0.385662
0.0265974
0.146286
0.0398961
0.744727
0.784623
0.585143
0.0265974
0.226078
0.0531948
1.0506
0.372364
0.0132987
0.531948
0.0132987
0
0.239377
0.61174
0.0930909
0.199481
0.0664935
0.186182
0.385662
1.0639
0
0.212779
0
0.159584
0.0398961
0.10639
0.0265974
0.186182
0.0664935
0.425558
0.0265974
0.0132987
0.385662
0
0.199481
0.172883
0.0398961
0.545247
0.252675
0
0.132987
0.71813
0.71813
0.10639
0
0.0797922
0.0531948
0.212779
0.0132987
0.478753
0
0
0.10639
0
0.265974
0.186182
0.704831
0.545247
0.0398961
0.132987
0.212779
0
0.0797922
0.0930909
0.598442
0
0
0
0.744727
0.864416
0.0132987
0.0398961
0.0797922
0.132987
0
0.0132987
0.0531948
0.0664935
0.0398961
0.0797922
0.0930909
0.212779
0
0
0.159584
0.10639
0.186182
0.505351
0.10639
0.212779
0.452156
0.505351
0.226078
0.71813
0.0132987
0
0.492052
0.199481
0.651636
0.71813
0
0
0.0531948
0.0398961
0.0265974
0.385662
0.425558
0
0.345766
0.239377
0.0930909
0.0398961
0.452156
0
0.0930909
0.279273
0.10639
0.30587
0.0531948
0.279273
0.0930909
0.239377
0.332468
0.0930909
0
0.132987
0
0.558545
0.518649
0.0132987
0.0398961
0.186182
0.172883
0.359065
0
0.704831
0.0265974
0.0132987
0.0398961
0.226078
0.0265974
0.691532
0.0265974
0.279273
0.651636
0.438857
0.10639
0.10639
0.292571
0
0.0265974
0
0.0531948
0.0265974
0.226078
0.651636
0.545247
0.0132987
0.119688
0.0664935
0.199481
0.0398961
0.119688
0.30587
0.0664935
0.492052
0.372364
0
0
0.212779
1.0373
0
0.452156
0.186182
0.199481
0.319169
0
0.664935
0
0.651636
0.132987
0.0132987
0
0.159584
0
0
0
0.545247
0.252675
0.0132987
0.0531948
0.146286
0
0
0.731429
0.345766
0.0531948
0
0.598442
0.0531948
0.0132987
0.0531948
0.199481
0.159584
0
0.385662
0.132987
0
0.0132987
0.398961
0.186182
0.385662
0
0.30587
0.398961
0.199481
1.14369
0
0
0.0132987
0.332468
0.0930909
0.252675
0.0132987
0.0664935
0
0.385662
0.492052
0.292571
0.0797922
0.0930909
0
0.279273
0.0132987
0.359065
0.797922
0.598442
0.61174
0.385662
0.904312
0
0.186182
0.359065
0.0265974
0.0398961
0.119688
0.186182
0.292571
0.212779
0.172883
0.159584
0.0797922
0.30587
0.119688
0.0398961
0.0265974
0.0265974
0
0.359065
0.0265974
0
0.10639
0.41226
0.172883
0.0265974
0.186182
0.398961
0.0531948
0
0.558545
0.0132987
0.212779
0.0398961
0
0
0.0664935
0.0664935
0.0797922
0.61174
0.186182
0.119688
0.226078
0.0265974
0.0398961
0.0531948
0.199481
0.265974
0.0664935
0.438857
0
0
0
0.0398961
0.0132987
0.0265974
0
0.345766
0.505351
0
0
0.159584
0
0.0132987
0.0797922
0
0.239377
0.319169
0
0.0265974
0.837818
0.651636
0.758026
1.09049
0
0.0132987
0.172883
0
0.0930909
0
0.0664935
0.0930909
0
0.385662
0.425558
0.944208
0.0930909
0.0265974
0.332468
0.398961
0
0
0
0.0930909
0.119688
0.0132987
0.0398961
0.465455
0.0398961
0.10639
0.146286
0.199481
0.545247
0.172883
0
0.558545
0.119688
0.41226
0.771325
0.186182
0
0.531948
0.492052
0
0
0.0265974
0
0.212779
0.505351
0.0398961
0.930909
0.265974
0.0531948
0.332468
0.0797922
0.0664935
0.0398961
0.385662
0.265974
0
0.0531948
0.10639
0.385662
0.997403
0.199481
0.438857
0.0265974
0
0.0398961
0.531948
0.146286
0
0.186182
0.119688
0.119688
0.159584
0
0.0797922
0.465455
0.0398961
0.0265974
0.372364
0.0265974
0
0.0398961
0.199481
0.159584
0.0398961
0.425558
0
0.438857
0.0930909
0.212779
0.239377
0.0664935
0.30587
0.30587
0.704831
0
0.265974
0
0.811221
0.132987
0.0398961
0.319169
0.984104
0.531948
0.0930909
0.372364
0.478753
0.279273
0
0.226078
0.359065
0.10639
0
0
0.159584
0.398961
0.345766
0
0.159584
0.0664935
0.531948
0.0132987
0.146286
0.119688
0.159584
0
0.585143
0.398961
0.319169
0.0132987
0
0.359065
0.0664935
0.452156
0.119688
0.226078
0.837818
0.0797922
0.598442
0.172883
0.41226
0
0.0664935
0
0.10639
0.0132987
0.651636
0.0531948
0.132987
0.146286
0
0.212779
0.199481
0.0664935
0.41226
0
0.119688
0
0.0398961
0.492052
0.0132987
0.398961
0.41226
0
0.0132987
0.226078
0.30587
0.332468
0.0531948
0.10639
0.0265974
0
0.10639
0.345766
0.531948
0.332468
0.372364
0.0531948
0.359065
0.146286
0
0.332468
0.0398961
0.0132987
0.239377
0.0930909
0.505351
0.558545
0.478753
0.531948
0
0.186182
0
0.0132987
0.0398961
0.0132987
0.0265974
0.159584
0
0
0.199481
0.0930909
0
0.0531948
0.0531948
0
0.704831
0
0.226078
0.332468
0
0.0531948
0.518649
0.531948
0.212779
0.332468
0.119688
0
0.226078
0.425558
0.119688
0
0.132987
0.0398961
0.41226
0.691532
0.239377
0.465455
0.0930909
0.0265974
0.10639
0.61174
0.518649
0
0
0.478753
0.0664935
0.119688
0.146286
0.10639
0.452156
0.172883
0.0531948
0.199481
0.531948
0.0132987
0.518649
0.744727
0.598442
0.478753
0
0
0.0797922
0.625039
0.0930909
0.0265974
0.226078
0.372364
0.265974
0.651636
0.199481
0.146286
0.91761
0.0132987
0.0398961
0.172883
0
0.0132987
0
0.0265974
0.0797922
0.372364
0
0.0132987
0.0265974
0.10639
0
0.864416
0.146286
0.585143
0
0.0265974
0.372364
0
0.0132987
0.0797922
0.146286
0.0398961
0.438857
0.212779
0.0265974
0.30587
0
0
0.279273
0.239377
0.41226
0.0398961
0
0.398961
0.0398961
0.0132987
0.0265974
0.0265974
0.61174
0
0.0132987
0.0132987
0.146286
0.0132987
0.0132987
0.359065
0.132987
0.585143
0
0.0132987
0.0398961
0
0.172883
0.279273
0.199481
0.0265974
0.492052
0.0265974
0.159584
0.0265974
0.372364
0.0930909
0.61174
0
0.0265974
0.0132987
0.186182
0.0531948
0.0930909
0
0.199481
0.691532
0.319169
0.0531948
0.625039
0.0132987
0.0132987
0
0.146286
0
0.146286
0.132987
0.638338
0
0.744727
0.119688
0.226078
0.199481
0
0.0132987
0
0.0664935
0.0265974
0.319169
0.465455
0.425558
0.372364
0
0.0797922
0.0531948
0
0.212779
0
0.385662
0.438857
0.0132987
0.146286
0.0132987
0.186182
0
0.0930909
0.226078
0.0664935
0
0
0
0.159584
0.518649
0.0132987
0.41226
0.41226
0.146286
0.638338
0.0265974
0.132987
0.0531948
0
0.0797922
0.239377
0.345766
0.345766
0.30587
0.319169
0.0265974
0.691532
0
0
0.478753
0.0398961
0
0.0132987
0.904312
0.212779
0.41226
0.252675
0.292571
0.518649
0.704831
0.0398961
0.385662
1.0107
0.837818
0
0.0132987
0.359065
0.0265974
0.0664935
0.0132987
0.132987
0.0265974
0
0.598442
0.212779
0.678234
0.119688
0.678234
0.146286
0.226078
0.172883
0
0.0132987
0
0.0265974
0.226078
0.132987
0.478753
0.0132987
0
0.0398961
0
0.0132987
0.41226
0.0132987
0.0265974
0.10639
0.279273
0
0.438857
1.17029
0
0
0.372364
0.186182
0.239377
0
0.452156
0.0132987
0.0531948
0.359065
0.0797922
0.172883
0.0531948
0
0.0930909
0.0132987
0.30587
0.0531948
0.71813
0.0265974
0.159584
0.252675
0
0.0265974
0.398961
0
0.0132987
0.518649
0.119688
0.279273
0
0.0664935
0.438857
0.279273
0.132987
0.0664935
0
0.0132987
0.0132987
0.119688
0.944208
0
0.0132987
0.638338
0.571844
0.252675
0.744727
0
0
0.132987
0.385662
0.239377
0.186182
0
0.0797922
0.0132987
0.0132987
0.0132987
0.0132987
0.10639
0.0265974
0
0.186182
1.0506
0.319169
0.319169
0.0265974
0.0265974
0.0664935
0.385662
0.0398961
0.119688
0
0.212779
0.0132987
0.0132987
0.212779
0.252675
0.159584
0.0664935
0.292571
0.0398961
0.385662
0
0
0.279273
0.744727
0.359065
0.0531948
0.425558
0.0664935
0.10639
0.0132987
0.252675
0.0930909
1.0373
0.0398961
0.944208
0.265974
0.199481
0.0132987
0.30587
0
0.0132987
0.0132987
0.132987
0.904312
0
0
0.345766
0.0265974
0.505351
0.319169
0.292571
0
0
0.345766
0.0664935
0.385662
0.0398961
0.359065
0
0.438857
0
0.146286
0
0.186182
0
0.0132987
0.172883
0
0.0265974
0.0664935
0.0531948
0.319169
0.10639
0.41226
0.71813
0.0265974
0.0132987
0.119688
0.146286
0.545247
0
0.731429
0.678234
0.492052
0.359065
0.159584
0.332468
0.265974
0
0.199481
0.159584
0
0.957506
0
0
0
0.478753
0.505351
0.492052
0.585143
0.0265974
0.505351
0.146286
0.332468
0.41226
0.0531948
0.398961
0.265974
0.332468
0.319169
0
0.784623
0.651636
0.0132987
0.704831
0
0.10639
0
0.239377
0.0265974
0.704831
0.186182
0.0265974
0.0265974
0.571844
1.0107
0.212779
0.172883
0.598442
0.797922
0
0.425558
0
0.0265974
0.186182
0
0.0132987
0
0.0132987
0.0132987
0.0132987
0.319169
0.132987
0.811221
0.132987
0.319169
0
0.279273
0.545247
0.30587
0.265974
0.0398961
0.10639
0.252675
0.465455
0
0.478753
0.332468
0.0265974
0
0.172883
0.558545
0.119688
0.61174
0.10639
0.558545
0
0.625039
0.332468
0
0.0398961
0.478753
0.598442
0
0
0.585143
0.132987
0
0.265974
0.744727
0.159584
0.61174
0.30587
0.0265974
0.132987
0.0797922
0
0.478753
0
0.146286
0.0132987
0
0
0
0.478753
0.385662
0.0265974
0.252675
0
0.10639
0.146286
0.146286
0.159584
0.904312
0.691532
0
0.132987
0.904312
0.0265974
0.0265974
0
0.359065
0
0.505351
0.0265974
0.0797922
0.0664935
0
0.239377
0.319169
0.0531948
0.279273
0.0132987
0
0.452156
0.571844
0.0132987
0.0531948
0
0.172883
0.10639
0.638338
0.372364
0
0.0664935
0
0.598442
0
