0.0115043
0.379643
1.17344
0.0230087
0.644242
0.0575216
0.0230087
0.448669
0.0230087
0
0
0
0
0.230087
0
0
0
0
0.713268
0
0
0
0
0
0
0.333625
0.161061
0.77079
0.0115043
0.0115043
0.0805303
0.103539
0.161061
0.632738
0
0.264599
0
0
0.230087
0.437164
0.402651
0.115043
0
0.241591
0.241591
0.701764
0.0115043
0.0115043
0.0460173
0.0115043
0.207078
0.149556
0.0115043
0.0230087
1.19645
0
0
0
0
0.50619
0.540703
0.0230087
0.448669
0
0.0115043
0.207078
0
0.0920346
0
0.0460173
0.0230087
0
0.310617
0
0
0.0230087
0.0920346
0
0
0.563712
0.0460173
0.126548
0
0
0.115043
0
0.287608
0
0.299112
0
0.138052
0.0230087
0.310617
0.0115043
0.172565
0.0115043
0.0920346
0.0115043
0.0230087
0
0.115043
0
0.77079
0.310617
0.115043
0.483182
0
0
0.276104
0
0
0
0
0.42566
0.184069
0.0115043
0.172565
0.195574
0.264599
0
0
0.0115043
0
0
0.0690259
0.0460173
0.598225
0.483182
0
0.161061
0.299112
0.0230087
0.77079
0.0460173
0.437164
0
0.161061
0.126548
0.0230087
0.862824
0.0115043
0
1.29999
0.161061
0.034513
0.034513
0.115043
0.034513
0.598225
0
0.0920346
0
0
0
0.0115043
0.0690259
0.0115043
0
0.69026
0
0.0805303
0.701764
0.402651
0.115043
0.253095
0.034513
0.621234
0.0805303
0.230087
0.172565
0.0230087
0.172565
0.701764
0
0.0460173
0
0.0115043
0.276104
0.391147
0
0.034513
0
0.0690259
0.333625
0.034513
0.0805303
0
0.0115043
0.276104
0.0230087
0
0.0115043
0.207078
0.0575216
0.0115043
0.115043
0
0.0115043
0.0230087
0.333625
0.0805303
0.172565
0.483182
0
0.161061
0.287608
0.276104
0.0115043
0
0.034513
0.816807
0
0.0805303
0.667251
0.195574
0.310617
0
0.253095
0
0
0.138052
0
0.0460173
0
0
0.115043
0.0115043
0
0.713268
0
0.103539
0.241591
0.42566
0.989372
0.149556
0.437164
0
0
0.034513
0.609729
0.701764
0
0.241591
0.115043
0.161061
0.0230087
0
0.437164
0.230087
0.230087
0
0.793798
0.0690259
0
0.230087
0
0
0.195574
0
0.782294
0.655747
0
0.437164
0
0.598225
0.414156
0.0805303
0
0.517695
0.42566
0.0115043
1.01238
0.184069
1.01238
0.230087
0.460173
0.253095
0.0575216
0.184069
0.437164
0.138052
0
0.977868
0.115043
0.50619
1.01238
0.632738
0.471677
0.207078
0.0920346
0.34513
0.0230087
0
0.172565
0
0.0920346
0.253095
0.115043
0.0805303
0.379643
0.126548
0.322121
0.333625
0.0690259
0
0
0.977868
0.368138
0.103539
0.655747
0.172565
0.0115043
0
0.138052
0.034513
0.356634
0.0690259
0.0575216
0.207078
0.195574
0.402651
0.034513
0.483182
0
0.241591
0.0230087
0.0575216
0.0575216
0.713268
0.736277
0.161061
0
0.264599
0.34513
0.50619
0.42566
0.264599
1.11592
0.184069
0
0
0
0.0115043
0.115043
0.310617
0
0.0690259
0.184069
0
0
0.0805303
0.287608
0
0
0.402651
0.161061
0.540703
0
0
0
0
0.379643
0.540703
0
0.0920346
0.115043
0
0.0575216
0.379643
0.575216
0.0230087
0.126548
0
0.299112
0.609729
0
0.172565
0.310617
0.598225
0
0.103539
0.368138
0.207078
0.0115043
0.437164
0
0
0.172565
0.103539
0
0.0115043
0.782294
0.034513
0.0920346
0
0.115043
0.862824
0.0460173
0.287608
0.0115043
0
0.034513
0
0
0.0805303
0
0.161061
0.172565
0.333625
0.966363
0
0.379643
0.0805303
0.0115043
0.126548
0
0.0115043
0
0.0115043
0.0230087
0.0115043
0.0230087
0.0230087
0.276104
0.172565
0.126548
0
0
0
0.0805303
0.437164
0.793798
1.12742
0.0115043
0.172565
0.034513
0.299112
0.322121
0
0.0230087
0.138052
0.402651
0
0.0115043
0
0
0.701764
0.517695
0
0
0.0115043
0.0920346
0.0115043
0.172565
0
0.264599
0.632738
0.0115043
0
0
0.0230087
0.0690259
0
0.0690259
0.0460173
0
0
0
0.0920346
0
0
0.172565
0.34513
0.379643
0
0.0920346
0.0460173
0.0460173
0
0.609729
1.17344
0.0460173
1.0584
0.0575216
0.977868
0
0.0575216
0
0.034513
0.0460173
0.172565
0.184069
0
0.529199
0.540703
0
0.218582
0.0690259
0
0.529199
0.0115043
0.195574
0.598225
0
0.103539
0.034513
0.0920346
0.678755
0
0
0
0
0
0
0.701764
0.402651
0.644242
0.264599
0
0
0
0.115043
0.0690259
0
0.276104
0
0
0.678755
0.471677
0.759285
0.276104
0.0115043
0.172565
0
0.0575216
0.149556
0.0115043
0
0.0920346
0.0805303
0.0230087
0.42566
0.0805303
0.0805303
0.0115043
1.01238
0.172565
0.402651
0.494686
0.0230087
0.103539
0.724773
0
0.0460173
0.322121
0.0230087
0.034513
0.816807
0.575216
0.287608
1.11592
0.0690259
0.034513
0
0
0.264599
1.20795
0.552208
0
0.0575216
0
0.379643
0.0230087
0
0.0690259
0.0115043
0.241591
0.103539
0
0
0.586721
0.0920346
0
0.299112
0.0460173
0.241591
0
0.368138
0
0.161061
0.149556
0
0
0.034513
0.0920346
0.138052
0.184069
0
0.0230087
0
0
0
0.586721
0.161061
0.276104
0
0.0460173
0.0115043
0.471677
0
0.50619
0.172565
0
1.00088
0.0690259
0.0115043
0.0230087
0.42566
0.333625
0.0805303
0.138052
0.333625
0
0.471677
0.103539
0.701764
0
0
0.414156
0.0805303
0.0230087
0.0230087
0.0115043
0.379643
0.0115043
0.0115043
0.402651
0
0
0
0.207078
0
0.0805303
0.172565
0.034513
0.529199
0
0.0690259
0.356634
0.828311
0.368138
0.391147
0.0230087
0
0.414156
0.356634
0.126548
0
0
0
1.09291
0
0.333625
0.644242
0.0575216
0.0575216
0.0460173
0.414156
0
0
0.264599
0.184069
0.034513
0.655747
0.034513
0
0
0.161061
0.034513
0
0.138052
0.402651
0.0690259
1.17344
0.517695
0.0805303
0
0.621234
0.184069
0.0230087
0.0920346
0.115043
0.184069
0.299112
0
0
0
0
0
0.0230087
0.0920346
0
0.0805303
0.483182
0.103539
0.161061
0
0
0
0.034513
0
0
0.0115043
0.0115043
0.747781
0.333625
0.414156
0
0
0.103539
0.586721
0.0575216
0.632738
0
0.299112
0.678755
0
0
0.287608
0.0575216
0
0
0.310617
0.678755
0.494686
0.126548
0.287608
0
0
0
0.172565
0.402651
0.701764
0.0920346
0.138052
0
0.563712
0
0.034513
0.42566
0.0805303
0.0115043
0.0805303
0
0.299112
0
0.50619
0
0.207078
0.0460173
0
0.184069
1.17344
0
0.138052
0.0460173
0.322121
0.563712
0.161061
0.34513
0.0575216
0
0
0.540703
0
0.218582
0.563712
0.391147
0.0230087
0.322121
0.0115043
0.264599
0.195574
0.0690259
0
0
0.448669
0
0.414156
0.034513
0.609729
0.0690259
0.034513
0.0920346
0.50619
0.379643
0.218582
0
0
0.0115043
0.0230087
0
0.0115043
0
0
0.0115043
0
0
0.172565
0.0575216
0.0690259
0.0575216
0.172565
0.034513
0.172565
0.977868
0.42566
0.310617
0
0
0.0460173
0
0.310617
0.575216
0
0.0575216
0.264599
0.0115043
0
0
1.15043
0.103539
0
0
0
0.0115043
0.299112
0.126548
0.575216
0.126548
0.218582
0
0.540703
0
0.115043
0.667251
0.724773
0.195574
0.126548
0
0
0.149556
0
0
0
0
0
0.437164
0
0
0.264599
0
0
0.540703
0.448669
0
0.276104
0.161061
0.839816
0.0115043
0
0
0.0230087
0
0
0.621234
0.93185
0.552208
0.333625
0
0.0460173
0.0230087
0
0
0
0.0460173
0.460173
0.126548
0.920346
0
0.368138
0.115043
0.149556
0
0.414156
0
0.0920346
1.10442
0.034513
0.448669
0.0115043
0
0.0805303
0.287608
1.13893
0.0115043
0
0
0.69026
0.356634
0.621234
0
0.103539
0
0.276104
0
0.0230087
0
0.0690259
0.0575216
0
0.149556
0
0.644242
0
0.0115043
0.103539
0.0805303
0
0.333625
0.0115043
0.0230087
0.0920346
0.0115043
0.0690259
0.0115043
0.0115043
0.414156
0.253095
0.276104
0.172565
0
0
0.161061
0
0.0115043
0.460173
0.471677
0.471677
0.0805303
0.138052
1.23096
0.621234
0
0
0.0575216
0.333625
0.356634
0
0.0115043
0.0230087
0
0
0.0230087
0
0
0.713268
0
0
0.172565
0.0230087
0
0.368138
0
0.172565
0
0
0.0230087
0
0.034513
0.0115043
0
0
0
0.195574
1.04689
0.115043
0.793798
0.34513
0.954859
0.0460173
0.816807
0.230087
0.379643
0.0575216
0
0.0805303
0.483182
0
0.402651
0.0230087
0.138052
0
0.0690259
0.0575216
0.575216
0.0575216
0.253095
0.0805303
0.529199
0.0805303
0.644242
0.0575216
0.0575216
0.149556
0
0.138052
0.0115043
0.379643
0
0
0.138052
0.0115043
0.736277
0.0805303
0.0115043
0.77079
0.184069
0.299112
0
0.184069
0.172565
0.0920346
0.264599
0.195574
0.034513
0.310617
0.954859
0.356634
0
0
0.34513
0.0115043
0.138052
0.0230087
0
0
0.0920346
0.0805303
0.42566
0.828311
0.0460173
0.0460173
0.195574
0.609729
0.356634
0.241591
0.184069
0.115043
0.253095
0.322121
0.126548
0.897337
0.184069
0.713268
0.414156
0
0.0920346
0
0.0230087
0.0115043
0
0
0
0
0.161061
0.115043
0.529199
0.448669
0.0920346
0.230087
0.034513
0.575216
0.0230087
0
0.379643
0
0.644242
0
0.034513
0.172565
0.161061
0.287608
0
0.0115043
0.115043
0
0.138052
0.460173
0.287608
0.529199
0.667251
0.0115043
0.034513
0
0.0230087
0.126548
0.540703
0.655747
0.322121
0.253095
0.034513
0.575216
0.874329
0.322121
0.356634
0.299112
0.195574
0.724773
0.0805303
0.0230087
0.0115043
0.161061
0.483182
0.483182
0.0230087
0.586721
0
0.0920346
0.0230087
0.115043
0.138052
0.897337
0
0
0.034513
0.0575216
0
0.0115043
0.552208
0.333625
0.0805303
0.287608
0.184069
1.40353
0
0
0.138052
0.138052
0
0.379643
0.575216
0.0460173
0.494686
0.0230087
0.253095
0
0.264599
0.0230087
0.0115043
0
0.747781
0.632738
0.483182
0.195574
0.218582
0.0575216
0.230087
0.034513
0.0115043
0.034513
0.184069
0.0460173
0.0115043
0.0805303
0.563712
0.103539
0.0575216
0.0460173
0.115043
0.379643
0.149556
0.230087
0.34513
0.42566
0
0.0115043
0
0.356634
0.874329
0
0
0.138052
0.0575216
0
0.161061
0
0
0.287608
0.0460173
0.0575216
0
0.0805303
0
0.115043
0.552208
0.0690259
0.0115043
0.0460173
0.184069
0.0805303
0.103539
0.0690259
0.287608
0.0575216
0
0.218582
0.517695
0.0230087
0
0.149556
0.195574
0.552208
0
0
0
0.0575216
0.0115043
0.0230087
0.0115043
0
0
0.0230087
0.103539
0.0690259
0.0575216
0.172565
0
0.115043
0.195574
0
0.322121
0.115043
0.0230087
0.115043
0.138052
0.034513
0
0
0.0115043
0.0230087
0.598225
0.195574
0
0.0230087
0.0230087
0.034513
0.253095
0.103539
0.598225
0
0.0460173
0
0
0
0.218582
0.0575216
0
0
0.161061
0
0
0.034513
0.264599
0
0.563712
0.529199
0.172565
0.414156
0.264599
0
0.172565
0.0805303
0.218582
0.609729
0.563712
0.195574
0.862824
0.0115043
0.34513
0.322121
0.414156
0.126548
0.218582
0.0805303
0.0230087
0.0920346
0
0.195574
0.0230087
0.0920346
0.0230087
0.287608
0
0.529199
0.0460173
0
0.448669
0.448669
0.218582
0.356634
0.34513
0.103539
0.322121
0.126548
0.0460173
0.0230087
0.0460173
1.00088
0.0115043
0.0690259
0.414156
0
0.126548
0.299112
0
0.253095
0.034513
0.724773
0.0805303
0.0230087
0
0.586721
0.264599
0.356634
0.379643
0.402651
0.50619
0.0230087
0.0690259
0
0
0
0.034513
0.333625
0.126548
0.0690259
0
0.621234
0.552208
0.115043
0.138052
0.0920346
0.736277
0
0.299112
0
0.0230087
0.241591
0.287608
0
0.0460173
0.391147
0.69026
0
0.115043
0.0460173
0.172565
0.230087
0.241591
0
0
0
0.563712
0
0.034513
0.149556
0.172565
0.034513
0
0.0575216
0.333625
0.0115043
0.195574
0.414156
0.0690259
0.103539
0.0920346
0.0115043
0
0.103539
0.34513
0.0460173
0.356634
0.701764
0.287608
0.0575216
0.161061
0.161061
0.034513
0.460173
0
0.667251
0.126548
0
0.253095
0.253095
0.0115043
0.437164
0.103539
0.218582
0.207078
0.379643
0
0.0460173
0.483182
0.0115043
0.563712
0.402651
0.494686
1.11592
0.0690259
0.161061
0.195574
0.172565
0.0115043
0
0.563712
0.184069
0.184069
0.310617
0.0805303
0
0.0115043
0.195574
0.195574
0.149556
0.632738
0.0575216
0.230087
0
0.0920346
0.322121
0.0690259
0
0.368138
0.379643
0.195574
0.379643
0
0.207078
0.0575216
0.172565
0.724773
0.0230087
0.402651
0
0.034513
0.552208
0.195574
0.0230087
0.333625
0.0805303
0
0.138052
0
0
0.195574
0.0230087
0.69026
0.701764
0.299112
0.195574
0.138052
0.0115043
0.034513
0
0.195574
0.138052
0.207078
0.0920346
0.402651
0.0805303
0.195574
0.161061
0.586721
0.0115043
0
0.621234
0.793798
0.034513
0
0.437164
0.149556
0
0.126548
0.448669
0.494686
0.356634
0
0.0230087
0.184069
0.552208
0.0460173
0.0115043
0.138052
0.50619
0.621234
0.161061
0
0.0115043
0.0805303
0.322121
0.701764
0.483182
0.0920346
0.0690259
0.0460173
0.287608
0.0230087
0
0.195574
0.0230087
0.0115043
0.0690259
0.333625
0.552208
0.0460173
0.230087
0
0
0
0.667251
0.115043
0.103539
0.0575216
0
0.230087
0.103539
0.816807
0
0.322121
0.0230087
0.368138
0
0.0690259
0.253095
0.276104
0.0460173
0.0575216
0
0.713268
0
0.218582
0.448669
0.632738
0.115043
0.471677
0
0.138052
0.310617
0.138052
0.943355
0
0.126548
0
0.241591
0.0230087
0.483182
0.310617
0
0.103539
0.322121
0.701764
0.0230087
0.0115043
0.356634
0
0
0.437164
0.0690259
0.0115043
0.0805303
0.0460173
0.264599
0.0115043
0.0230087
0.391147
0.0460173
0.575216
0
0.322121
0.149556
0.172565
0
0
0.0575216
0.0115043
0.42566
0.0690259
0.034513
0.034513
0.460173
0
0.0230087
0.230087
0
0.195574
0.333625
0
0.149556
0.322121
0.943355
0
0.34513
0
0
0.0115043
0.276104
0.460173
0.701764
0.0230087
1.02389
0.333625
0
0
0.149556
0.0920346
0.034513
0.368138
0
0.195574
0.379643
0
0
0.161061
0.356634
0.0575216
0.161061
0
0.034513
0.149556
0.736277
0.0230087
0.241591
0.0460173
0.517695
0
0.138052
0
0.34513
0.230087
0.299112
0.793798
0.103539
0.517695
0.529199
0.632738
0.115043
0.0575216
0.0805303
0.0115043
0.253095
0.0115043
0.379643
0.552208
0.253095
0.575216
0.655747
0
0.276104
0.0230087
0.50619
0
0.034513
0
0.93185
0.184069
0
0.0575216
0.322121
0.138052
0.0115043
0.379643
0.241591
0.34513
0.184069
0.103539
0.34513
0.322121
0
0.195574
0.0920346
0
0.0460173
0.0115043
0.034513
0.540703
0.195574
0.333625
0.0230087
0.414156
0.0115043
0.862824
0.0690259
0.0460173
0
0
0
0.655747
0
0
0.126548
0.93185
0.287608
0
0.50619
0.195574
0.0230087
0.0115043
0.0230087
0.161061
0.276104
0.0690259
0.356634
0.586721
0.552208
0.448669
0.138052
0.103539
0.0230087
0.149556
0.529199
0.0115043
0.0115043
0.264599
0.0805303
0.0115043
0
0.0115043
0.0460173
0
0.494686
0.0230087
0.218582
0.368138
0.759285
0.195574
0.0460173
0.966363
0.805303
0.414156
0.276104
0.276104
0
0.379643
0.149556
0.828311
0
0.759285
0.655747
0
0.322121
0
0
0.207078
0.184069
0.241591
0.644242
0.0115043
0
0
0
0.356634
0.0115043
0.0115043
0.115043
0.103539
0
0.115043
0.287608
0.149556
0.724773
0
0.0460173
0.115043
0.103539
0
0.126548
1.08141
0
0.494686
0.0115043
0
0.287608
0
0.138052
0.115043
0.0460173
0.103539
0
0.184069
0.0805303
0.0805303
0.310617
0.460173
0.241591
0.0115043
0.391147
0.0115043
0.034513
0.0115043
0.034513
0
0.0115043
0.287608
0.034513
0.0805303
0
0.276104
0.333625
0.540703
0
0.77079
0.356634
0.195574
0.471677
0.103539
0
0.0115043
0
0.184069
0.034513
0.241591
0.0690259
0.207078
0.287608
0
0
0.264599
0.609729
0.184069
0.0575216
0.0460173
0.368138
0.437164
0.218582
0.0230087
0
0.161061
0
0.483182
0.126548
0.195574
0.172565
0.437164
0.0460173
0.828311
0.0230087
1.13893
0.0230087
0.0230087
0.149556
0
0.253095
0
0.115043
0.0115043
0.448669
0.103539
0
0
0
0.437164
0
0.0575216
0.0805303
0.701764
0.529199
0.172565
0.42566
0.115043
1.08141
0.172565
0
0
0
0.50619
0
0.0690259
0.437164
0.0115043
0.276104
0
0.471677
0.207078
0.448669
0.598225
0.874329
0.368138
0.115043
0
0
0.0805303
0.816807
0.0805303
0.172565
0.943355
0.103539
0.0575216
0.241591
0
0.0115043
0.264599
0.138052
0.34513
0.299112
0.161061
0.0575216
0.0575216
0.207078
0.287608
0.287608
0.0115043
0.034513
0.0230087
0
0
0.149556
0.115043
0
0.253095
0.184069
0.402651
0.184069
0.218582
0.77079
0.0690259
0.115043
0
0
0.138052
0.402651
0.0230087
0
0.391147
0.494686
0.0230087
0.713268
0.0230087
0.644242
0
0.0575216
0.161061
0.138052
0.0575216
0.437164
0.0460173
0.218582
0
0.379643
0.50619
0.0115043
0.529199
0.322121
0.0115043
0.0115043
0.874329
0
0.115043
0.149556
0.701764
0
0.149556
0.34513
0.299112
0
0.299112
0.0920346
0.42566
0.195574
0.77079
0.0115043
0.0690259
0.0460173
0.0920346
0.0230087
0.0115043
0.126548
0.126548
0.575216
0.69026
0.115043
0.494686
0.356634
0.0460173
0.241591
0.230087
0.0115043
0.0230087
0
0
0
0
0
0
0
0.356634
0
0
0
0
0
0
0
0
0
0
0
0
0
0.034513
0.494686
0
0.0460173
0
0
0
0
0
0
0
0
0
0.414156
0.034513
0.0230087
0
0
0
0
0
0
0.0115043
0
0.0230087
0.0115043
0
0
0.0690259
0
0
0
0
0
0.0115043
0
0
0
0
0
0.034513
0
0.0805303
0
0
0.230087
0
0
0
0
0
0
0.0115043
0
0
0
0
0
0.0115043
0
0
0
0
0
0
0
0
0.138052
0
0
0
0
0
0
0.195574
0
0
0
0.0230087
0
0
0
0
0
0
0
0
0
0
0
0
0
0
0
0
0
0
0
0
0
0
0
0
0
0.0115043
0.0460173
0
0.34513
0
0
0.0115043
0
0.0115043
0
0
0
0
0.0115043
0
0
0
0
0
0
0
0.138052
0
0
0
0.0805303
0.0575216
0.0115043
0
0
0
0
0
0
0.0115043
0
0
0
0
0
0
0
0
0.0115043
0
0
0
0
0.0115043
0.034513
0
0
0
0
0
0
0.414156
0
0
0
0.0575216
0
0
0
0
0
0
0
0.0230087
0.195574
0
0
0
0
0
0
0
0.540703
0
0
0
0
0
0
0
0
0
0
0
0
0
0
0
0
0
0
0
0
0
0
0
0
0
0
0.0690259
0
0
0.310617
0.0230087
0.0230087
0
0
0
0
0
0
0
0
0
0
0
0
0
0
0
0
0
0.0460173
0.0115043
0
0
0.0115043
0
0
0
0
0
0
0.34513
0
0
0
0.161061
0.0920346
0
0
0
0
0.0230087
0
0
0
0
0
0
0
0
0
0
0
0
0
0
0
0
0
0.253095
0
0
0
0
0
0
0
0.149556
0
0
0
0
0
0
0
0
0.0460173
0
0
0
0.483182
0
0
0
0
0
0
0
0
0
0.0575216
0
0.138052
0
0
0
0.172565
0
0
0
0.195574
0
0
0
0
0
0
0
0
0
0.322121
0
0.0115043
0
0
0
0
0.0115043
0
0
0
0
0.0230087
0
0
0
0
0
0
0
0
0.138052
0
0
0
0
0
0
0
0
0.0115043
0
0.115043
0
0.103539
0
0
0
0
0
0
0
0
0
0
0
0.0690259
0
0
0
0.0115043
0.483182
0
0
0
0
0
0
0
0
0
0.0460173
0
0.126548
0
0
0
0
0
0
0
0
0
0.713268
0
0
0.782294
0
0
0
0
0
0
0
0.034513
0
0
0
0
0
0
0
0
0.276104
0
0
0
0
0.184069
0
0
0
0
0
0.0690259
0
0
0
0.0115043
0
0
0.0575216
0
0
0
0
0
0
0.0690259
0.0115043
0.0115043
0
0
0.0920346
0
0
0
0
0
0
0
0
0
0.529199
0
0
0.0115043
0
0
0
0
0
0
0
0.195574
0.0115043
0
0
0
0
0.0690259
0.0115043
0
0
0
0.0115043
0
0
0
0
0
0
0
0
0
0
0
0
0
0
0
0
0
0
0
0
0
0
0
0
0
0
0
0
0
0.034513
0
0
0.0230087
0
0
0
0
0
0.0115043
0
0
0
0
0
0
0
0
0.563712
0
0
0
0
0
0
0
0
0
0
0.0115043
0
0
0
0
0.034513
0
0
0.034513
0
0
0
0
0.034513
0
0
0
0.0690259
0
0
0
0
0
0
0
0.0115043
0
0
0
0
0
0
0.0460173
0
0
0
0
0
0.0690259
0
0
0
0
0
0
0.138052
0
0
0
0
0
0
0
0
0
0
0.0230087
0
0
0
0
0
0
0
0
0
0
0
0.0115043
0
0
0.172565
0
0.0460173
0.0115043
0
0
0
0
0.0460173
0
0
0
0
0.0920346
0
0.0115043
0
0
0
0
0.0115043
0
0
0
0
0
0
0
0.0230087
0
0
0
0
0.0115043
0
0
0
0
0.0115043
0
0
0.0230087
0
0
0
0.184069
0
0
0
0.126548
0
0
0.161061
0
0
0
0
0
0
0
0
0
0
0
0
0.034513
0
0.034513
0
0
0
0
0
0
0
0.207078
0
0
0
0
0.115043
0
0
0
0
0
0
0
0
0
0.0115043
0.126548
0
0
0
0
0.0115043
0
0
0
0
0
0
0.0575216
0
0
0
0
0
0.034513
0
0
0
0
0
0
0
0.253095
0
0
0
0
0
0
0
0
0.0460173
0
0.0115043
0.0115043
0
0
0
0.0230087
0
0
0
0
0.034513
0
0
0
0.0460173
0
0
0.034513
0
0.0115043
0.034513
0
0
0
0
0
0
0
0.0575216
0
0
0
0
0.207078
0
0
0
0
0.0230087
0
0
0
0
0
0
0
0.0460173
0.0230087
0
0
0
0
0
0
0.0115043
0
0
0
0
0
0
0
0
0.0690259
0
0
0
0
0
0
0
0
0
0
0
0
0
0
0
0
0
0
0
0.207078
0.0575216
0
0
0.034513
0
0
0.241591
0.276104
0
0
0
0
0
0
0
0
0
0
0
0.0230087
0.034513
0
0
0.138052
0
0.42566
0
0
0
0
0
0.138052
0
0.0115043
0
0
0
0
0
0
0
0.149556
0
0.356634
0
0
0
0
0
0.0115043
0
0
0
0
0
0.0115043
0
0
0
0
0
0
0
0.0920346
0
0.299112
0
0
0
0
0
0
0.0230087
0.0115043
0
0
0
0
0.034513
0
0
0.0115043
0
0
0
0
0
0
0
0
0
0
0.0115043
0.0230087
0
0.034513
0
0
0
0.195574
0
0
0
0
0
0
0.0690259
0
0
0
0
0
0.322121
0
0
0
0
0
0
0
0
0
0
0
0
0.299112
0
0
0
0
0.034513
0
0
0
0.103539
0
0
0
0
0
0
0
0
0
0
0
0
0
0
0
0.0115043
0
0
0
0
0
0
0.276104
0
0
0
0.644242
0.276104
0.161061
0
0.034513
0.034513
0.034513
0.276104
0.149556
0.0575216
0.0575216
0.264599
0
0.0690259
0
0
0.368138
0.161061
0.172565
0.0460173
0.0115043
0.287608
0.839816
0.494686
0.161061
0.667251
0.034513
0
0.34513
0.0230087
0.724773
0.126548
0.0115043
0.0230087
0
0
0.0920346
0.0805303
0.494686
0.0115043
0.655747
0.034513
0.241591
0.0115043
0.310617
0
0.540703
0.0690259
0.529199
0
0
0.241591
0.310617
0.471677
0.103539
0
0.0115043
0.161061
0
0.126548
0.034513
0.0115043
0.759285
0.184069
0.253095
0.379643
0.0115043
0.0690259
0.207078
0.195574
0.034513
0.184069
0.149556
0.667251
0.0460173
0.276104
0.85132
0.172565
0.103539
0.310617
0.230087
0
0.0115043
0.0115043
0.287608
0.414156
0.310617
0.759285
0.644242
0.0115043
0.253095
0.034513
0.644242
0
0.575216
0
0
0.0230087
0
0
0
0.184069
0.322121
0.0805303
0.264599
0.103539
0.609729
0.575216
0.0230087
0.103539
0
0.632738
0.103539
0.0805303
0
0.138052
0
0.0230087
0.0115043
0.184069
0.333625
0
0.0575216
0
0.115043
0.0575216
0.713268
0.632738
0
0
0.34513
0.517695
0.34513
0.310617
0.414156
0.621234
0
0.218582
0.241591
0
0
0.034513
0
0.379643
0
0.759285
0.230087
0.586721
0.0690259
0
0.0575216
0.0230087
0.264599
0
0.586721
0.276104
0.460173
0.0460173
0.207078
0.287608
0.34513
0
0.0230087
0.0805303
0.414156
0
0.172565
0.115043
0.540703
0.184069
0.172565
0.701764
0.149556
0
0
0.34513
0.0230087
0.207078
0.207078
0.471677
0.471677
0.126548
0.218582
0.149556
0.333625
0.172565
0.0230087
0.264599
0
0.161061
0.0230087
0.161061
0.0230087
0.0920346
0.586721
0.207078
0.333625
0.0115043
0.609729
0.0115043
0.0690259
0.253095
0.184069
0.0230087
0
0
0
0.034513
0.42566
0.0115043
0.287608
0.299112
0.172565
0.0115043
0
0
0.126548
0.437164
0.0230087
0.287608
0.0690259
0
0
0.0920346
0.77079
0.0115043
0.391147
0
0.793798
0.0575216
0.184069
0.0920346
0.0805303
0
0.299112
0.264599
0
0.621234
0.126548
0.0115043
0
0.368138
0.0805303
0.299112
0.379643
0
0
0.379643
0.0115043
0.0575216
0
0.241591
0.0115043
0
0.149556
0.218582
0.460173
0.0460173
0.0920346
0.437164
0.195574
0.0690259
0.0230087
0.0115043
0.310617
0.402651
0.241591
0
0.218582
0.678755
0.126548
0.138052
0.655747
0.34513
0.115043
0
0.437164
0.115043
0.609729
0.0920346
0.0460173
0.034513
0.0575216
0.759285
0.0920346
0
0.034513
0
0.0805303
0.552208
0.115043
0.908842
0.391147
0
0.126548
0.126548
0.287608
0
0.310617
0.230087
0.0460173
0.0920346
0
0.0230087
0.759285
0.0690259
0.414156
0
0
0.437164
0.805303
0.161061
0
0.0460173
0.138052
0.287608
0.448669
0
0.0115043
0.609729
0.0115043
0.195574
0.0230087
0.0460173
0
0.0805303
0
0.0920346
0.0230087
0.218582
0.0230087
0.0230087
0.161061
0.724773
0.0460173
0.149556
0.0115043
0.184069
0.736277
0.0115043
0.0230087
0
0.149556
0.218582
0.138052
0.0805303
0.793798
0.149556
0.184069
0.540703
0.793798
0.0460173
0
0.230087
0.0115043
0.184069
0.0115043
0
0.42566
0.241591
0.138052
0.138052
0.0115043
0.701764
0.747781
0.34513
0
0.0805303
0.034513
0.0115043
0.299112
0.184069
0.816807
0.0115043
0
0.50619
0.126548
0.218582
0.448669
0.195574
0.241591
0.494686
0.138052
0.172565
0.276104
0.0115043
0
0
0.0805303
0.138052
0.218582
0.77079
0.34513
0.0920346
0.0230087
0.529199
0.207078
0.609729
0.402651
0.034513
0.0805303
0
0
0.34513
0.241591
0.621234
0.0460173
0.0115043
0.0460173
0.126548
0.322121
0.138052
0.034513
0.50619
0.126548
0.241591
0.0230087
0.218582
0.540703
0.195574
0.322121
0.207078
0.540703
0.149556
0
0.230087
0.034513
0.356634
0.276104
0
0.943355
0.529199
0.621234
0.218582
0.0690259
0.172565
0.0115043
0.0115043
0.0230087
0
0.034513
0.149556
0.0460173
0
0.103539
0.034513
0
0.0460173
0.126548
0.115043
0.540703
0.0460173
0.862824
0.103539
0
0
0.471677
0.954859
0.517695
0.310617
0
0
0.368138
0.310617
0.0920346
0
0.0115043
0.138052
0.391147
0.0115043
0.207078
0.586721
0
0
0
0.161061
0.253095
0
0
0.402651
0.0230087
0.460173
0.138052
0.0230087
0.575216
0.195574
0.195574
0.241591
0.115043
0.149556
0.414156
0.644242
0.310617
0.713268
0
0
0
0.0230087
0.529199
0.138052
0.954859
0.460173
0.0115043
0.598225
0.034513
0.264599
0.598225
0
0
0.540703
0
0.207078
0.115043
0.126548
0
0.448669
0.0230087
0
0.207078
0.391147
0.241591
0.437164
0.264599
0.0460173
0
0.0115043
0.195574
0
0.0460173
0.034513
0.494686
0.0115043
0.77079
0.333625
0.391147
0.42566
0.0575216
0
0.0805303
0.448669
0.0115043
0.333625
0
0.195574
0.0115043
0.207078
0.034513
0.103539
0.103539
0
0.138052
0.0115043
0.264599
0.0115043
0.034513
0.724773
0.391147
0.379643
0
0
0.276104
0
0.42566
0.379643
0.0920346
0
0.161061
0
0.494686
0
0.103539
0
0.713268
0
0
0.034513
0.287608
0
0.161061
0
0.0575216
0.494686
0.0460173
0.0115043
0.529199
0.0575216
0.138052
0.0460173
0.333625
0.0115043
0.644242
0.115043
0.172565
0
1.34601
0
0.034513
0
0
0.126548
0.0230087
0.448669
0
0.356634
0.517695
0.563712
0.322121
0.0230087
0.103539
0.310617
0
0.207078
0.0920346
0.322121
0.609729
0.103539
0.310617
0.0230087
0.287608
0.0230087
0.195574
0.103539
0.0115043
0.0115043
0.103539
0
0
0.253095
0
0.287608
0.310617
0.552208
0.379643
0.034513
0.0920346
0.0575216
0
0.184069
0.276104
0.0115043
0.586721
0.0575216
0.299112
0
0.552208
0.034513
0.126548
0.517695
0.0805303
0.126548
0.368138
0.759285
0.149556
0.0575216
0.379643
0.414156
0.138052
0.552208
0.0230087
0.103539
0.184069
0.839816
0
0
0.494686
0.115043
0.333625
0
0.172565
0.609729
0
0.276104
0.483182
0.310617
0.598225
0.42566
0.586721
0.034513
0.103539
0.0920346
0.0575216
0.034513
0.0230087
0.264599
0.724773
0.0460173
0.034513
0
0.0115043
0.195574
0.149556
0.230087
0.276104
0.276104
0.253095
0.0115043
0
0.598225
0.828311
0.218582
0
0.494686
0.172565
0.713268
0
0.34513
0.287608
0.0115043
0.828311
0.149556
0.0115043
0.115043
0.0805303
0.575216
0
0.264599
0.184069
0.161061
0.103539
0
0
0
0.0920346
0.632738
0.0460173
0.195574
0.264599
0.241591
0.0115043
0
0.0460173
0.034513
0.402651
0.0805303
0.0920346
0.276104
0.0115043
0
0.287608
0.276104
0.0460173
0.161061
0.77079
0.655747
0
0.42566
0
0
0.299112
0.782294
1.09291
0.0115043
0
0.0460173
0
0.103539
0
0
0.609729
0.0230087
0
0.448669
0.897337
0.0115043
0.299112
0
0.149556
0.126548
0.115043
0.0460173
0
0.0115043
0.540703
0.0460173
0.172565
0.0690259
0.42566
0.207078
0.0920346
0
0.195574
0.0920346
0
0.0115043
0
0.299112
0
0
0.575216
0.0230087
0.253095
0.0690259
0.494686
0
0.529199
0.161061
0.0115043
0.230087
0.0115043
0.161061
0.276104
0.0230087
0.0115043
0
0
0.862824
0
0.0690259
0.276104
0.0690259
0.517695
0.310617
0.287608
0.126548
0.149556
0.264599
0
0.402651
0.0230087
0.276104
0.034513
0.701764
0.0230087
0.241591
0
0.379643
0
0
0.0115043
0.0230087
0
0.655747
0
0.126548
0.0575216
0.322121
0.276104
0.184069
0
0
0.207078
0.0575216
0.184069
0.920346
0.264599
0.494686
0.437164
0.149556
0.0115043
0.287608
0
0.598225
0.287608
0
0.621234
0.138052
0
0.0690259
0.42566
0.437164
0.437164
0.644242
0.42566
0.241591
0.207078
0.0920346
0.0230087
0.333625
0.34513
0.0115043
0.034513
0.310617
0
0.126548
0.195574
0.034513
0.368138
0
0.0230087
0.172565
0.563712
0.0115043
0.207078
0.368138
0.0115043
0.322121
0.368138
0.575216
0.460173
0.184069
0.0690259
1.03539
0
0.0230087
0.0460173
0.0690259
0.264599
0.115043
0
0
0.368138
0
0.034513
0.0575216
0.42566
0.103539
0.184069
0.0230087
0.287608
0.287608
0.241591
0.0115043
0.103539
0.0115043
0
0.0115043
0.379643
0.184069
0.552208
0.0115043
0.460173
0.0575216
0.42566
0.368138
0.103539
0.402651
0.126548
0.391147
0
0.241591
0.149556
0
0.195574
0.483182
0.391147
0
0
0.207078
0.195574
0
0.713268
0.402651
0.0460173
0.184069
0.241591
0.0230087
0.609729
0.0115043
0.0690259
0.632738
0.0230087
0.0115043
0
0
0
0
0.322121
0.230087
0.0115043
0.0460173
0.034513
0.0115043
0.0805303
0
0.0460173
1.13893
0.552208
0
0.0115043
0.85132
0.103539
0
0
0.402651
0.115043
0.310617
0.0115043
0.0690259
0.0115043
0
0.448669
0
0.529199
0.529199
0
0
0.322121
0.184069
0.0115043
0.034513
0.0575216
0.0575216
0.115043
0.816807
0.494686
0.034513
0.0690259
0
0.586721
0.253095
