0
0.354987
1.14688
0
0.587093
0.08192
0.0136533
0.423253
0.0136533
0
0
0
0.0136533
0.300373
0
0
0
0
0.723627
0
0.0136533
0
0
0
0
0.28672
0.109227
0.86016
0
0.0955733
0.04096
0.109227
0.177493
0.600747
0
0.32768
0
0
0.24576
0.505173
0.382293
0.12288
0
0.24576
0.341333
0.709973
0.0136533
0
0.0546133
0.0136533
0.232107
0.150187
0.0136533
0.0136533
1.16053
0
0
0
0
0.49152
0.546133
0.0273067
0.45056
0
0
0.24576
0.0136533
0.0546133
0
0.0682667
0.0682667
0.0136533
0.354987
0
0
0.0546133
0.0682667
0
0
0.641707
0.0546133
0.24576
0
0
0.08192
0
0.24576
0
0.273067
0
0.12288
0.04096
0.341333
0
0.232107
0.0136533
0.0546133
0.0136533
0.0273067
0
0.150187
0
0.8192
0.28672
0.232107
0.477867
0
0
0.273067
0.0682667
0
0
0
0.477867
0.16384
0
0.24576
0.12288
0.24576
0
0
0
0
0
0.0546133
0.04096
0.682667
0.395947
0
0.109227
0.32768
0.0136533
0.723627
0.0682667
0.464213
0
0.16384
0.177493
0.0136533
0.887467
0
0
1.31072
0.16384
0.04096
0.0546133
0.150187
0.04096
0.53248
0
0.08192
0
0
0.0546133
0
0.150187
0.0136533
0
0.846507
0.0136533
0.136533
0.709973
0.436907
0.12288
0.28672
0.08192
0.682667
0.04096
0.24576
0.28672
0.04096
0.177493
0.669013
0
0.0136533
0
0.0546133
0.28672
0.436907
0
0.0136533
0
0.08192
0.354987
0.04096
0.150187
0
0
0.28672
0.0273067
0
0.0273067
0.259413
0.0273067
0
0.191147
0
0.0136533
0.0273067
0.354987
0.0273067
0.259413
0.518827
0
0.191147
0.354987
0.273067
0.0136533
0
0.04096
0.969387
0
0.0273067
0.600747
0.2048
0.28672
0
0.232107
0
0
0.0955733
0
0.08192
0
0
0.08192
0
0
0.682667
0
0.109227
0.354987
0.395947
1.06496
0.0546133
0.477867
0
0
0.0546133
0.641707
0.805547
0
0.191147
0.218453
0.136533
0
0
0.518827
0.32768
0.28672
0
0.832853
0.12288
0
0.28672
0
0.0273067
0.2048
0
0.846507
0.750933
0
0.36864
0
0.669013
0.436907
0.109227
0
0.505173
0.436907
0
0.955733
0.16384
0.969387
0.273067
0.477867
0.273067
0.04096
0.232107
0.423253
0.0682667
0
1.06496
0.109227
0.546133
1.11957
0.69632
0.477867
0.232107
0.0955733
0.464213
0.0546133
0
0.24576
0
0.109227
0.28672
0.136533
0.0273067
0.341333
0.2048
0.32768
0.28672
0.150187
0
0
1.06496
0.395947
0.16384
0.669013
0.0955733
0.0273067
0
0.08192
0.136533
0.300373
0.136533
0.08192
0.136533
0.2048
0.477867
0.0682667
0.546133
0
0.28672
0.0136533
0.0682667
0.0955733
0.764587
0.791893
0.136533
0
0.232107
0.300373
0.505173
0.436907
0.28672
1.20149
0.2048
0
0
0
0.0136533
0.150187
0.314027
0
0.0273067
0.24576
0
0
0.0546133
0.28672
0
0
0.477867
0.191147
0.505173
0
0
0
0
0.45056
0.57344
0
0.0682667
0.0955733
0
0.0546133
0.423253
0.682667
0.109227
0.08192
0.0136533
0.259413
0.57344
0
0.08192
0.273067
0.682667
0
0.08192
0.354987
0.2048
0.0273067
0.423253
0
0
0.0955733
0.0682667
0.0136533
0.0546133
0.723627
0.08192
0.04096
0
0.12288
0.887467
0.08192
0.354987
0.0136533
0
0.0273067
0
0
0.109227
0
0.24576
0.177493
0.300373
0.969387
0
0.4096
0.08192
0.0136533
0.12288
0
0.0273067
0
0
0
0
0
0
0.232107
0.16384
0.218453
0
0
0
0.08192
0.464213
0.73728
1.2288
0
0.136533
0.04096
0.300373
0.28672
0
0.04096
0.0955733
0.28672
0
0
0
0
0.65536
0.436907
0.0136533
0
0
0.0546133
0.0136533
0.177493
0
0.273067
0.65536
0.0136533
0
0
0
0.12288
0
0.109227
0.04096
0
0
0
0.0682667
0.0136533
0
0.12288
0.32768
0.423253
0
0.0955733
0
0.0682667
0
0.6144
1.13323
0.0273067
1.06496
0.109227
1.05131
0
0.04096
0
0.0955733
0.0682667
0.136533
0.24576
0
0.423253
0.546133
0
0.24576
0.150187
0
0.518827
0
0.191147
0.641707
0
0.109227
0.0546133
0.12288
0.73728
0
0
0
0
0
0
0.832853
0.4096
0.65536
0.354987
0
0
0
0.08192
0.109227
0
0.28672
0
0
0.723627
0.518827
0.73728
0.423253
0.0136533
0.136533
0
0.04096
0.136533
0.0546133
0
0.0955733
0.0546133
0
0.53248
0.0546133
0.04096
0.0136533
1.06496
0.218453
0.49152
0.505173
0.0546133
0.150187
0.805547
0
0.109227
0.300373
0.109227
0.0546133
0.805547
0.587093
0.300373
1.14688
0.08192
0.0682667
0
0
0.232107
1.25611
0.57344
0
0.0682667
0
0.45056
0.0273067
0
0.0136533
0.0273067
0.191147
0.12288
0
0
0.669013
0.150187
0
0.218453
0
0.341333
0
0.518827
0
0.12288
0.177493
0.0273067
0
0.0273067
0.109227
0.0955733
0.150187
0
0.0273067
0
0
0
0.600747
0.232107
0.218453
0
0.0136533
0.08192
0.518827
0.0273067
0.518827
0.0682667
0
1.03765
0.109227
0.0273067
0
0.477867
0.354987
0.08192
0.191147
0.382293
0
0.45056
0.0682667
0.723627
0
0
0.423253
0.136533
0.0273067
0.0136533
0
0.395947
0
0
0.505173
0
0
0
0.24576
0.0136533
0.177493
0.150187
0
0.57344
0
0.0955733
0.395947
0.846507
0.273067
0.314027
0
0.0136533
0.49152
0.423253
0.177493
0
0
0
1.10592
0
0.341333
0.682667
0.136533
0.0546133
0
0.36864
0
0
0.2048
0.150187
0.04096
0.750933
0.0136533
0
0
0.191147
0.0682667
0.0136533
0.0546133
0.505173
0.08192
1.18784
0.477867
0.191147
0
0.600747
0.136533
0.0273067
0.177493
0.177493
0.150187
0.314027
0.04096
0
0
0
0
0
0.136533
0
0.08192
0.57344
0.0546133
0.16384
0
0
0
0.0546133
0
0
0
0.0136533
0.709973
0.273067
0.49152
0
0
0.0955733
0.559787
0.0682667
0.587093
0
0.300373
0.805547
0
0
0.24576
0.0955733
0
0
0.232107
0.65536
0.505173
0.0546133
0.354987
0
0
0
0.16384
0.546133
0.682667
0.12288
0.0682667
0
0.587093
0.0273067
0
0.4096
0.12288
0
0.08192
0.0136533
0.341333
0
0.4096
0.0273067
0.177493
0.0682667
0
0.150187
1.17419
0.0136533
0.150187
0.0273067
0.436907
0.587093
0.232107
0.4096
0.0682667
0
0.0136533
0.505173
0.0136533
0.232107
0.587093
0.518827
0.04096
0.395947
0
0.436907
0.12288
0.0546133
0
0.0136533
0.4096
0
0.36864
0.0682667
0.600747
0.0955733
0.0273067
0.136533
0.53248
0.436907
0.273067
0
0
0
0.0136533
0
0
0
0
0.04096
0
0
0.136533
0.0136533
0.0273067
0.08192
0.0546133
0
0.218453
1.14688
0.395947
0.354987
0
0
0.0136533
0
0.395947
0.53248
0
0.0136533
0.16384
0.0682667
0
0
1.07861
0.0955733
0.0136533
0
0
0
0.28672
0.232107
0.682667
0.150187
0.16384
0.0136533
0.45056
0
0.16384
0.641707
0.723627
0.2048
0.08192
0
0.0136533
0.08192
0
0
0
0
0
0.464213
0
0
0.218453
0
0.04096
0.57344
0.341333
0
0.32768
0.136533
0.8192
0.0136533
0.0273067
0
0
0
0
0.669013
0.969387
0.587093
0.36864
0
0.0682667
0.04096
0
0
0
0.0136533
0.505173
0.136533
0.969387
0.0273067
0.4096
0.136533
0.08192
0
0.45056
0
0.109227
1.20149
0.0136533
0.4096
0.0273067
0
0.0955733
0.314027
1.10592
0
0
0
0.628053
0.395947
0.723627
0.0136533
0.08192
0
0.32768
0
0
0
0.0546133
0.0136533
0
0.191147
0
0.723627
0
0.0546133
0.08192
0.232107
0
0.32768
0
0.04096
0.16384
0.0273067
0.0682667
0
0.0136533
0.477867
0.259413
0.150187
0.232107
0
0
0.300373
0
0
0.382293
0.57344
0.477867
0.0546133
0.136533
1.31072
0.669013
0
0
0.0682667
0.436907
0.314027
0
0
0
0
0
0.04096
0
0
0.750933
0
0
0.136533
0.0136533
0
0.382293
0
0.2048
0
0
0.04096
0
0.04096
0
0.0136533
0
0
0.2048
0.98304
0.0682667
0.86016
0.28672
0.969387
0
0.832853
0.28672
0.436907
0.0136533
0
0.08192
0.518827
0
0.477867
0
0.16384
0
0.0682667
0.0546133
0.53248
0.0546133
0.218453
0.0955733
0.559787
0.08192
0.764587
0.0136533
0.08192
0.0136533
0
0.150187
0
0.273067
0
0.0136533
0.0682667
0
0.805547
0.0682667
0
0.73728
0.12288
0.354987
0
0.2048
0.273067
0.0682667
0.314027
0.177493
0.0136533
0.36864
1.01035
0.45056
0
0
0.341333
0.0136533
0.136533
0.0682667
0
0.0136533
0.12288
0.12288
0.505173
0.955733
0.0682667
0.04096
0.273067
0.559787
0.314027
0.300373
0.232107
0.136533
0.28672
0.259413
0.0955733
0.873813
0.232107
0.77824
0.477867
0
0.0955733
0
0.0136533
0.0136533
0
0
0
0
0.300373
0.16384
0.477867
0.505173
0.0955733
0.382293
0.04096
0.69632
0
0
0.354987
0
0.641707
0
0.04096
0.150187
0.12288
0.218453
0
0
0.109227
0
0.136533
0.423253
0.341333
0.53248
0.6144
0.0682667
0.04096
0
0.0136533
0.136533
0.559787
0.69632
0.314027
0.28672
0
0.505173
0.873813
0.273067
0.382293
0.354987
0.2048
0.669013
0.0273067
0.04096
0.0546133
0.136533
0.546133
0.45056
0.0682667
0.682667
0
0.109227
0.0136533
0.16384
0.150187
0.996693
0
0.04096
0
0.0546133
0.0136533
0
0.505173
0.354987
0.150187
0.314027
0.177493
1.4336
0
0
0.0955733
0.08192
0
0.4096
0.6144
0.136533
0.464213
0.0136533
0.232107
0.0273067
0.24576
0
0.0136533
0
0.791893
0.600747
0.464213
0.177493
0.16384
0.0546133
0.218453
0.0136533
0
0.0136533
0.2048
0.04096
0
0.16384
0.559787
0.0955733
0.0273067
0.0273067
0.16384
0.300373
0.136533
0.2048
0.314027
0.436907
0.0273067
0.0136533
0.0136533
0.36864
0.805547
0.0136533
0.0136533
0.191147
0
0.0136533
0.136533
0
0.0136533
0.300373
0.0273067
0.0682667
0
0.0273067
0
0.08192
0.423253
0.08192
0.0136533
0.04096
0.259413
0.0955733
0.191147
0.12288
0.28672
0.109227
0.0273067
0.259413
0.49152
0.0136533
0
0.136533
0.2048
0.518827
0.04096
0.0136533
0.0136533
0.0136533
0.04096
0.04096
0.0136533
0
0
0.0136533
0.0955733
0.0546133
0.109227
0.232107
0
0.136533
0.136533
0.0273067
0.32768
0.109227
0.0273067
0.12288
0.0955733
0
0
0
0.0136533
0.0136533
0.57344
0.177493
0.0136533
0.0136533
0.04096
0.0546133
0.28672
0.0682667
0.723627
0
0.0136533
0
0
0
0.16384
0.0682667
0
0
0.150187
0.0136533
0
0.0136533
0.341333
0.0136533
0.57344
0.505173
0.2048
0.49152
0.218453
0.0136533
0.0955733
0.150187
0.136533
0.587093
0.600747
0.273067
0.846507
0.0136533
0.382293
0.314027
0.45056
0.136533
0.136533
0.08192
0.0136533
0.136533
0.0273067
0.12288
0.0546133
0.0682667
0.0273067
0.314027
0
0.628053
0.0682667
0
0.49152
0.477867
0.259413
0.395947
0.36864
0.0955733
0.32768
0.16384
0.04096
0.0136533
0.0273067
0.969387
0.04096
0.04096
0.423253
0
0.0955733
0.28672
0
0.314027
0.0273067
0.791893
0.0955733
0.0136533
0
0.6144
0.259413
0.314027
0.354987
0.32768
0.505173
0
0.0682667
0
0
0
0.04096
0.28672
0.109227
0.0682667
0
0.600747
0.49152
0.2048
0.12288
0.0955733
0.682667
0
0.354987
0
0.08192
0.259413
0.314027
0.0136533
0.0546133
0.45056
0.723627
0
0.08192
0.0682667
0.0955733
0.232107
0.2048
0
0
0
0.57344
0
0
0.191147
0.16384
0.04096
0
0.0546133
0.395947
0.0273067
0.24576
0.49152
0.04096
0.0682667
0.109227
0
0
0.109227
0.36864
0.0136533
0.314027
0.669013
0.36864
0.16384
0.218453
0.16384
0.04096
0.395947
0
0.641707
0.0682667
0
0.36864
0.24576
0.0136533
0.45056
0.12288
0.16384
0.150187
0.341333
0.08192
0.0273067
0.4096
0.0546133
0.49152
0.518827
0.477867
1.14688
0.150187
0.273067
0.109227
0.191147
0
0
0.6144
0.150187
0.2048
0.259413
0.136533
0
0
0.32768
0.191147
0.150187
0.723627
0.0546133
0.218453
0
0.109227
0.341333
0.04096
0
0.436907
0.464213
0.150187
0.382293
0.0136533
0.12288
0.0682667
0.177493
0.709973
0.0136533
0.45056
0.0136533
0.0136533
0.518827
0.2048
0.0546133
0.341333
0.0273067
0
0.16384
0.0136533
0
0.177493
0.0546133
0.628053
0.65536
0.2048
0.232107
0.136533
0.0273067
0.0955733
0
0.273067
0.2048
0.191147
0.0273067
0.49152
0.08192
0.24576
0.150187
0.587093
0.0273067
0.0136533
0.65536
0.805547
0.04096
0.0136533
0.436907
0.218453
0
0.177493
0.518827
0.436907
0.45056
0
0
0.24576
0.518827
0.12288
0.0136533
0.109227
0.518827
0.600747
0.136533
0.0273067
0.0682667
0.0955733
0.300373
0.709973
0.518827
0.04096
0.04096
0.0682667
0.259413
0.0136533
0
0.177493
0.04096
0
0.0682667
0.32768
0.628053
0.0273067
0.259413
0
0
0.0273067
0.6144
0.08192
0.0682667
0.04096
0.0136533
0.354987
0.218453
0.846507
0
0.341333
0.0136533
0.314027
0.0273067
0.12288
0.273067
0.300373
0.0682667
0.0546133
0
0.73728
0
0.218453
0.546133
0.559787
0.12288
0.423253
0
0.16384
0.354987
0.0682667
0.94208
0
0.136533
0
0.191147
0.0273067
0.423253
0.341333
0
0.177493
0.314027
0.6144
0.0273067
0
0.273067
0
0.0136533
0.546133
0.08192
0
0.109227
0.08192
0.259413
0
0.0136533
0.45056
0.04096
0.587093
0
0.273067
0.12288
0.2048
0.0136533
0
0.0955733
0
0.382293
0.0682667
0.0273067
0.0682667
0.505173
0
0.0136533
0.218453
0.0136533
0.191147
0.218453
0.0136533
0.16384
0.314027
0.914773
0
0.436907
0
0
0
0.24576
0.423253
0.723627
0.0273067
1.01035
0.436907
0.0136533
0
0.177493
0.12288
0.08192
0.382293
0
0.191147
0.382293
0
0.0136533
0.12288
0.32768
0.0273067
0.136533
0
0.0273067
0.191147
0.73728
0.08192
0.136533
0.0273067
0.518827
0
0.109227
0.0136533
0.423253
0.191147
0.341333
0.86016
0.12288
0.628053
0.505173
0.73728
0.12288
0.0955733
0.136533
0
0.395947
0.04096
0.382293
0.518827
0.2048
0.587093
0.641707
0.0546133
0.28672
0.0273067
0.505173
0.0136533
0.04096
0
0.873813
0.191147
0
0.0682667
0.259413
0.150187
0
0.49152
0.191147
0.341333
0.218453
0.136533
0.314027
0.28672
0.0136533
0.136533
0.08192
0
0.0546133
0.0136533
0.04096
0.600747
0.24576
0.32768
0.0273067
0.2048
0.0273067
0.846507
0.0273067
0.0546133
0
0
0.0136533
0.628053
0
0
0.2048
0.887467
0.259413
0
0.518827
0.191147
0.0682667
0.0546133
0.0546133
0.191147
0.273067
0.0682667
0.341333
0.546133
0.669013
0.464213
0.0682667
0.0955733
0.0136533
0.12288
0.45056
0
0.0136533
0.28672
0.0546133
0.0546133
0
0.0273067
0.136533
0
0.518827
0.0136533
0.2048
0.45056
0.805547
0.2048
0
1.01035
0.8192
0.314027
0.300373
0.2048
0
0.477867
0.150187
0.94208
0
0.764587
0.709973
0
0.314027
0.0136533
0
0.218453
0.150187
0.177493
0.641707
0
0.0136533
0
0
0.300373
0.0273067
0.0273067
0.08192
0.12288
0.0136533
0.150187
0.4096
0.136533
0.682667
0
0.0955733
0.109227
0.08192
0
0.177493
1.07861
0
0.423253
0.0273067
0
0.341333
0
0.136533
0.08192
0.0546133
0.04096
0
0.232107
0.109227
0.04096
0.314027
0.436907
0.354987
0.0136533
0.45056
0.0546133
0.0546133
0.0136533
0.08192
0.0136533
0.04096
0.273067
0.0136533
0.0546133
0
0.300373
0.4096
0.477867
0
0.805547
0.36864
0.12288
0.423253
0.136533
0
0
0
0.177493
0.04096
0.259413
0.0682667
0.232107
0.36864
0
0
0.259413
0.641707
0.273067
0.04096
0.0682667
0.354987
0.382293
0.2048
0.0136533
0
0.150187
0
0.505173
0.16384
0.232107
0.150187
0.436907
0.0546133
0.77824
0
1.10592
0
0.0136533
0.273067
0.0136533
0.232107
0.0136533
0.150187
0.0136533
0.546133
0.08192
0
0
0
0.4096
0
0.0682667
0.109227
0.69632
0.600747
0.191147
0.36864
0.0682667
1.06496
0.177493
0
0.0136533
0
0.53248
0
0.08192
0.477867
0.0273067
0.32768
0.0136533
0.477867
0.232107
0.45056
0.600747
0.846507
0.32768
0.150187
0
0
0.04096
0.873813
0.08192
0.2048
0.996693
0.0682667
0.0546133
0.218453
0
0.0682667
0.24576
0.0955733
0.464213
0.2048
0.109227
0.109227
0.0546133
0.232107
0.354987
0.300373
0.0136533
0.0682667
0.0136533
0.0136533
0
0.16384
0.150187
0
0.28672
0.218453
0.423253
0.259413
0.341333
0.77824
0.0273067
0.150187
0
0
0.0955733
0.395947
0.04096
0
0.423253
0.477867
0.0682667
0.723627
0
0.6144
0.0273067
0.08192
0.2048
0.191147
0.0273067
0.395947
0.109227
0.300373
0
0.341333
0.505173
0
0.559787
0.32768
0
0
0.914773
0
0.232107
0.177493
0.682667
0
0.136533
0.354987
0.395947
0
0.314027
0.0682667
0.477867
0.218453
0.669013
0
0.08192
0.0136533
0.0955733
0.0546133
0.0136533
0.109227
0.136533
0.65536
0.65536
0.109227
0.600747
0.300373
0.04096
0.24576
0.177493
0.04096
0.04096
0
0
0.0136533
0
0
0.0136533
0
0.36864
0.0136533
0
0.0136533
0
0
0
0
0
0
0
0.0136533
0
0
0.04096
0.464213
0
0.08192
0.0136533
0
0
0
0.0136533
0
0.0136533
0
0
0.36864
0.0273067
0.0273067
0
0
0
0.0136533
0
0
0
0
0.04096
0.0136533
0
0
0.0682667
0
0
0.0136533
0
0
0.04096
0
0
0
0
0.0136533
0.0546133
0
0.0546133
0
0.0136533
0.2048
0.0273067
0
0
0
0
0.0136533
0.0136533
0
0.0136533
0
0
0.0136533
0.0136533
0
0
0
0
0.0136533
0
0
0
0.0682667
0
0
0.0136533
0
0
0
0.2048
0
0
0
0.0273067
0
0
0
0.0136533
0
0
0
0
0
0
0
0
0.0136533
0.0136533
0
0.0136533
0.0136533
0
0
0.0136533
0
0.0136533
0
0
0
0
0.04096
0
0.32768
0
0
0
0
0
0
0
0
0
0.0273067
0
0
0
0
0
0
0
0.0955733
0
0.0273067
0
0.08192
0.0136533
0.0273067
0
0
0
0
0.0136533
0
0.0546133
0.0136533
0
0
0
0
0
0
0
0.0136533
0
0
0.0136533
0.0273067
0.0136533
0.0682667
0
0
0.0136533
0
0
0
0.4096
0.04096
0
0
0.0546133
0
0
0
0
0.0136533
0
0
0.0136533
0.16384
0.0273067
0
0
0
0.0273067
0
0
0.477867
0.0546133
0
0.0136533
0
0
0
0
0
0
0
0
0.0136533
0
0
0
0
0
0
0
0
0
0
0
0
0
0
0.109227
0
0
0.28672
0.0136533
0.04096
0.0136533
0
0
0
0
0
0
0.0136533
0.0136533
0
0
0
0
0
0
0.0136533
0
0.0273067
0.04096
0
0
0
0
0
0
0
0
0.0136533
0.341333
0
0
0
0.136533
0.109227
0
0.0136533
0
0.0273067
0.04096
0
0
0
0
0
0
0
0.0136533
0.0136533
0
0
0
0
0
0
0
0
0.28672
0
0
0
0.0273067
0.0273067
0
0
0.04096
0
0
0
0
0
0.0136533
0
0
0.0955733
0
0
0
0.464213
0
0
0.0273067
0
0
0.0273067
0
0.04096
0.0136533
0.0546133
0
0.24576
0
0.0136533
0
0.109227
0
0
0.0136533
0.232107
0
0
0
0
0.04096
0
0
0
0
0.232107
0
0
0
0.0136533
0
0.0273067
0.0136533
0
0.0136533
0
0
0.0273067
0.0136533
0
0
0
0
0
0.0136533
0
0.177493
0
0
0
0
0
0.0136533
0.0136533
0
0.0273067
0
0.08192
0
0.136533
0
0.0136533
0
0.0273067
0
0
0
0
0
0
0
0.0682667
0
0
0
0.0136533
0.464213
0
0.0136533
0.04096
0
0
0.0273067
0
0
0
0.0273067
0
0.150187
0
0
0
0
0.0546133
0
0
0
0
0.723627
0
0
0.764587
0
0
0
0
0
0
0
0.04096
0
0
0
0
0
0
0
0
0.232107
0
0
0
0
0.150187
0.0136533
0
0
0.0273067
0
0.0682667
0
0
0
0
0
0.0273067
0.12288
0
0
0.0136533
0
0.0136533
0
0.0955733
0.0273067
0.0136533
0
0
0.0546133
0
0
0
0
0
0.0136533
0
0
0
0.436907
0
0
0.0136533
0
0
0
0
0
0
0
0.150187
0.0273067
0.0136533
0
0
0
0.0955733
0.0136533
0.0136533
0
0
0.0136533
0
0.0136533
0
0
0
0.0136533
0
0
0
0
0
0.0136533
0
0.0273067
0
0.0136533
0
0.0273067
0.0136533
0.0136533
0
0
0
0
0
0
0
0.0136533
0
0.04096
0
0
0.0273067
0
0.0136533
0.04096
0.0136533
0
0
0
0
0
0
0
0
0
0
0.505173
0.0136533
0
0.0136533
0
0
0
0
0
0
0
0
0
0
0
0
0.08192
0
0
0.0136533
0
0.0136533
0
0
0.04096
0
0
0
0.0273067
0
0.0273067
0
0
0
0
0
0.04096
0
0
0
0
0
0.0136533
0.0682667
0
0
0
0
0
0.04096
0
0
0
0
0
0
0.0682667
0
0.0273067
0
0.0273067
0
0.0136533
0
0
0.0136533
0.0273067
0.0955733
0
0.0273067
0
0
0
0
0
0.0136533
0
0
0
0.0136533
0
0
0.150187
0
0.0136533
0.0136533
0
0
0
0
0.0546133
0
0
0
0
0.0546133
0
0.0273067
0
0
0
0
0.0136533
0
0
0
0
0
0
0
0.0136533
0.0136533
0
0
0
0.04096
0
0
0
0
0.0136533
0
0
0.04096
0
0
0
0.150187
0
0.0136533
0
0.0955733
0.04096
0
0.136533
0
0
0
0
0
0
0
0.0273067
0
0
0
0
0.04096
0
0.0546133
0
0
0
0
0
0
0.0136533
0.232107
0
0
0.0136533
0
0.109227
0
0
0
0
0
0
0
0
0
0
0.08192
0
0.0136533
0
0
0.0273067
0
0
0
0
0
0
0.04096
0
0
0
0
0
0.04096
0
0.0136533
0
0
0
0
0
0.273067
0
0
0
0
0
0
0
0
0.0136533
0
0.0273067
0.04096
0
0.0136533
0
0.0273067
0
0
0
0
0.0273067
0
0.0136533
0
0.08192
0
0
0.04096
0
0.0136533
0.0546133
0
0
0
0
0
0
0
0.08192
0.0136533
0
0
0
0.232107
0
0.0273067
0
0
0.04096
0
0
0
0
0
0
0
0.08192
0.0136533
0
0
0
0
0
0
0.0273067
0.0136533
0
0.0273067
0
0
0
0
0.0136533
0.08192
0
0.0136533
0
0
0
0.0136533
0.0273067
0.0136533
0
0
0
0
0
0
0
0
0
0
0
0.2048
0.0546133
0.0273067
0
0.0136533
0
0
0.191147
0.218453
0
0
0
0
0
0
0
0.0136533
0
0
0
0.0136533
0.0136533
0
0
0.109227
0
0.36864
0
0
0
0
0
0.08192
0
0.0273067
0
0
0
0
0
0
0
0.150187
0
0.32768
0
0
0
0
0
0
0
0
0
0
0
0
0.0136533
0
0
0
0
0
0
0.08192
0
0.259413
0.0136533
0
0
0
0
0
0.0682667
0.0682667
0
0
0.0136533
0
0.0273067
0
0
0.0136533
0.04096
0
0
0.0273067
0
0
0
0.0136533
0
0
0.0136533
0.0273067
0.04096
0.0546133
0
0.0136533
0
0.218453
0.0136533
0
0.0136533
0
0
0
0.0273067
0
0
0
0
0.0136533
0.218453
0
0
0
0
0.0136533
0
0
0
0
0.0136533
0
0.0136533
0.28672
0
0
0
0
0.0136533
0
0
0
0.12288
0.04096
0
0
0
0
0
0
0.0136533
0
0
0
0
0.0273067
0
0.0273067
0.0273067
0
0
0
0
0
0
0.24576
0
0
0
0.73728
0.273067
0.150187
0
0.0682667
0.04096
0.0273067
0.24576
0.150187
0.109227
0.0682667
0.259413
0
0.109227
0
0.0136533
0.423253
0.136533
0.232107
0.0546133
0.0136533
0.273067
0.914773
0.518827
0.0955733
0.65536
0.0546133
0
0.300373
0.0136533
0.669013
0.12288
0
0
0
0
0.136533
0.0682667
0.546133
0.0136533
0.6144
0.0273067
0.36864
0
0.300373
0
0.45056
0.0546133
0.436907
0.04096
0.0136533
0.191147
0.28672
0.600747
0.08192
0
0
0.0955733
0
0.08192
0.0682667
0
0.805547
0.191147
0.273067
0.395947
0.0136533
0.04096
0.177493
0.0955733
0.0682667
0.232107
0.16384
0.723627
0.04096
0.314027
0.887467
0.136533
0.0955733
0.28672
0.232107
0
0.0546133
0
0.218453
0.4096
0.300373
0.846507
0.518827
0.0136533
0.273067
0.0273067
0.669013
0
0.6144
0
0
0.0136533
0
0
0
0.191147
0.28672
0.109227
0.300373
0.150187
0.709973
0.600747
0.0546133
0.08192
0
0.641707
0.16384
0.04096
0
0.191147
0
0.0136533
0
0.191147
0.395947
0
0.0136533
0.0136533
0.0955733
0.04096
0.77824
0.641707
0
0
0.341333
0.505173
0.259413
0.4096
0.36864
0.628053
0
0.2048
0.150187
0
0.0136533
0.08192
0.0273067
0.36864
0
0.750933
0.273067
0.587093
0.109227
0
0.04096
0.04096
0.273067
0
0.641707
0.28672
0.518827
0.0682667
0.177493
0.24576
0.314027
0.0136533
0.0136533
0.0955733
0.505173
0
0.177493
0.16384
0.600747
0.259413
0.177493
0.73728
0.136533
0
0
0.28672
0.0273067
0.177493
0.232107
0.57344
0.45056
0.150187
0.2048
0.109227
0.2048
0.109227
0.0273067
0.32768
0.0273067
0.191147
0.0273067
0.109227
0
0.0682667
0.628053
0.16384
0.314027
0
0.6144
0
0.0682667
0.28672
0.2048
0.0273067
0
0
0
0.0546133
0.518827
0.04096
0.382293
0.300373
0.12288
0.04096
0
0
0.12288
0.395947
0
0.354987
0.0682667
0
0
0.12288
0.750933
0
0.436907
0
0.90112
0.0546133
0.2048
0.0546133
0.109227
0
0.259413
0.341333
0
0.682667
0.218453
0.0136533
0
0.24576
0.0955733
0.341333
0.45056
0
0
0.341333
0
0.08192
0
0.232107
0.0136533
0
0.12288
0.24576
0.53248
0.109227
0.109227
0.546133
0.300373
0.0955733
0.0136533
0
0.341333
0.354987
0.16384
0
0.24576
0.709973
0.150187
0.136533
0.73728
0.32768
0.0546133
0
0.45056
0.12288
0.6144
0.12288
0.04096
0.0955733
0.0546133
0.77824
0.150187
0
0.0273067
0
0.16384
0.559787
0.12288
0.90112
0.436907
0
0.16384
0.0955733
0.32768
0
0.423253
0.28672
0.0682667
0.0955733
0.0136533
0.0273067
0.77824
0.0682667
0.32768
0.0136533
0
0.423253
0.750933
0.16384
0
0.0546133
0.24576
0.314027
0.518827
0
0.0136533
0.69632
0
0.16384
0.0136533
0.04096
0
0.0682667
0
0.191147
0.0546133
0.150187
0.0273067
0.0136533
0.16384
0.77824
0.0955733
0.0682667
0
0.24576
0.6144
0
0.0273067
0
0.150187
0.218453
0.2048
0.0273067
0.791893
0.150187
0.218453
0.641707
0.832853
0.04096
0
0.150187
0.04096
0.150187
0
0
0.45056
0.218453
0.136533
0.0955733
0.0136533
0.750933
0.73728
0.395947
0
0.0955733
0.109227
0.0136533
0.273067
0.2048
0.86016
0
0
0.546133
0.136533
0.28672
0.423253
0.16384
0.259413
0.464213
0.109227
0.218453
0.341333
0
0
0
0.109227
0.218453
0.24576
0.65536
0.49152
0.16384
0.0546133
0.45056
0.150187
0.49152
0.395947
0
0.0682667
0.04096
0.0136533
0.300373
0.300373
0.600747
0.08192
0.0136533
0.0136533
0.0546133
0.232107
0.12288
0.0136533
0.546133
0.232107
0.300373
0.0273067
0.177493
0.57344
0.16384
0.259413
0.150187
0.628053
0.12288
0
0.218453
0.0273067
0.32768
0.314027
0
1.01035
0.53248
0.764587
0.2048
0.0682667
0.109227
0
0.0136533
0.0136533
0.0136533
0
0.136533
0.16384
0
0.0955733
0.0682667
0
0.0682667
0.136533
0.0955733
0.559787
0.0273067
0.98304
0.109227
0
0.0136533
0.505173
0.98304
0.477867
0.314027
0
0
0.4096
0.218453
0.136533
0.0136533
0.0273067
0.0955733
0.477867
0.04096
0.2048
0.559787
0
0
0
0.218453
0.382293
0
0
0.4096
0.0136533
0.464213
0.150187
0
0.587093
0.177493
0.16384
0.273067
0.177493
0.150187
0.464213
0.587093
0.32768
0.791893
0
0
0
0.0273067
0.464213
0.08192
0.955733
0.4096
0
0.641707
0.0546133
0.2048
0.65536
0
0
0.57344
0
0.259413
0.0955733
0.0682667
0.0136533
0.505173
0.0273067
0.0136533
0.136533
0.477867
0.177493
0.505173
0.259413
0.0955733
0
0.0546133
0.218453
0.0136533
0.0546133
0.0136533
0.53248
0.0546133
0.887467
0.32768
0.436907
0.382293
0.0136533
0
0.0546133
0.49152
0.0273067
0.28672
0
0.2048
0.0273067
0.191147
0.08192
0.136533
0.0546133
0
0.0955733
0
0.232107
0.0136533
0.0136533
0.669013
0.4096
0.382293
0
0
0.341333
0
0.49152
0.36864
0.109227
0.0273067
0.2048
0
0.53248
0.0273067
0.136533
0
0.723627
0.0546133
0
0.109227
0.259413
0.0273067
0.109227
0
0.0136533
0.436907
0.0273067
0.04096
0.559787
0.0273067
0.259413
0.0136533
0.464213
0
0.628053
0.150187
0.259413
0
1.4336
0.0273067
0.04096
0.0136533
0
0.109227
0.0546133
0.518827
0.0136533
0.436907
0.505173
0.587093
0.354987
0.0136533
0.0682667
0.36864
0
0.28672
0.0682667
0.354987
0.628053
0.136533
0.382293
0.0136533
0.218453
0
0.2048
0.109227
0.0136533
0.0273067
0.109227
0
0
0.24576
0
0.218453
0.259413
0.518827
0.436907
0.0546133
0.12288
0.04096
0
0.2048
0.191147
0.0136533
0.6144
0.0955733
0.232107
0
0.600747
0.0955733
0.12288
0.518827
0.0955733
0.150187
0.341333
0.73728
0.12288
0.0682667
0.464213
0.395947
0.0546133
0.546133
0
0.0955733
0.2048
0.791893
0
0
0.49152
0.150187
0.300373
0
0.191147
0.764587
0
0.177493
0.559787
0.354987
0.628053
0.45056
0.57344
0.04096
0.08192
0.0546133
0.0955733
0.0273067
0
0.300373
0.669013
0.0546133
0.0546133
0.0273067
0
0.218453
0.16384
0.24576
0.354987
0.341333
0.08192
0.0136533
0
0.477867
0.90112
0.109227
0
0.57344
0.24576
0.791893
0
0.24576
0.354987
0.0136533
0.805547
0.218453
0.0136533
0.150187
0.136533
0.559787
0
0.28672
0.177493
0.150187
0.191147
0.04096
0
0
0.136533
0.641707
0.04096
0.16384
0.314027
0.109227
0.0273067
0
0.04096
0.04096
0.4096
0.04096
0.0955733
0.24576
0
0
0.314027
0.300373
0.08192
0.191147
0.764587
0.669013
0.0273067
0.32768
0
0
0.314027
0.832853
1.11957
0.0136533
0
0.0682667
0
0.109227
0.0136533
0
0.669013
0.0273067
0.0136533
0.436907
0.98304
0.0136533
0.28672
0
0.12288
0.08192
0.08192
0.08192
0.0136533
0
0.518827
0
0.0682667
0.109227
0.49152
0.150187
0.0273067
0.0136533
0.2048
0.109227
0
0
0.0136533
0.259413
0.0136533
0.0136533
0.505173
0.08192
0.28672
0.12288
0.477867
0.0136533
0.53248
0.2048
0.0682667
0.16384
0.0136533
0.0955733
0.341333
0.04096
0.0136533
0.0136533
0.0546133
0.86016
0
0.0682667
0.300373
0.08192
0.464213
0.36864
0.273067
0.259413
0.2048
0.354987
0
0.36864
0.0273067
0.259413
0.0546133
0.65536
0.0273067
0.259413
0
0.36864
0
0.0136533
0
0.0136533
0.0136533
0.669013
0
0.08192
0.08192
0.300373
0.24576
0.232107
0
0
0.2048
0.0682667
0.191147
0.94208
0.232107
0.477867
0.6144
0.136533
0.0136533
0.273067
0
0.6144
0.341333
0
0.628053
0.109227
0
0.0955733
0.4096
0.546133
0.382293
0.628053
0.477867
0.314027
0.259413
0.0955733
0.0136533
0.45056
0.341333
0.0546133
0.0546133
0.314027
0
0.150187
0.2048
0.0273067
0.382293
0
0
0.177493
0.518827
0
0.24576
0.273067
0
0.395947
0.341333
0.641707
0.464213
0.2048
0.0955733
1.06496
0
0.109227
0.0136533
0.109227
0.136533
0.136533
0
0
0.382293
0.0273067
0.0546133
0.0136533
0.57344
0.150187
0.150187
0.0682667
0.218453
0.382293
0.314027
0.0136533
0.0546133
0.0136533
0
0.0136533
0.477867
0.218453
0.641707
0.0136533
0.53248
0.0136533
0.423253
0.423253
0.12288
0.4096
0.109227
0.354987
0
0.16384
0.12288
0.04096
0.08192
0.53248
0.354987
0
0
0.24576
0.177493
0
0.682667
0.45056
0.04096
0.150187
0.259413
0.0136533
0.669013
0
0.0273067
0.669013
0.0136533
0
0
0
0
0.0136533
0.341333
0.24576
0
0.109227
0.0273067
0.0136533
0.150187
0.0136533
0.08192
1.09227
0.49152
0
0.0136533
0.928427
0.109227
0
0
0.382293
0.0136533
0.341333
0.0546133
0.12288
0.0136533
0
0.423253
0.0136533
0.45056
0.477867
0
0
0.28672
0.177493
0.0136533
0
0.109227
0.0273067
0.12288
0.805547
0.423253
0.0273067
0.04096
0
0.559787
0.16384
