0.0945231
0.0210051
0
0
0
0
0.0105026
0
0
0
0
0.0105026
0
0
0.0105026
0.567138
0.0105026
0.0735179
0.0105026
0
0.0210051
0
0.0105026
0
0
0.0315077
0
0.0315077
0.0105026
0
0
0
0.0525128
0
0.0840205
0.0105026
0.136533
0
0
0.0105026
0
0
0
0
0
0
0
0
0
0.0105026
0
0
0.0105026
0
0.0105026
0
0.0105026
0
0
0
0.388595
0
0.0210051
0
0.0210051
0
0
0
0
0.178544
0
0
0.0105026
0
0
0
0.0630154
0
0
0
0
0
0.0105026
0.0105026
0.0105026
0
0
0
0
0
0.0630154
0
0
0
0
0
0
0
0
0
0.0105026
0
0.0210051
0.0525128
0
0.0105026
0.168041
0
0.399097
0
0
0.0420103
0
0
0
0
0.0105026
0.126031
0
0
0
0
0
0.399097
0.0525128
0.0210051
0.0525128
0
0
0
0
0
0
0
0
0
0
0
0
0
0
0
0
0
0
0.0105026
0.0420103
0
0
0
0.0315077
0
0
0.0210051
0
0
0.0105026
0
0
0
0
0
0
0
0
0
0.0105026
0
0.0105026
0.0525128
0
0
0
0
0
0
0
0.0210051
0.189046
0.0105026
0
0
0.0210051
0
0
0.0105026
0
0
0
0.0105026
0
0
0
0.0315077
0
0.0210051
0
0
0.0945231
0.0315077
0
0.0105026
0
0
0
0
0
0.0105026
0
0
0.0105026
0
0
0
0
0.0105026
0
0
0
0.0210051
0
0.0105026
0
0
0.0105026
0
0.0630154
0
0.0105026
0
0
0
0
0
0
0
0.0105026
0.0105026
0
0.0315077
0
0.0210051
0
0
0
0.0105026
0
0
0
0
0.0525128
0.0525128
0
0
0
0
0.0105026
0
0
0
0
0
0
0
0
0
0
0
0.0210051
0
0
0.0105026
0.0105026
0
0
0
0
0
0
0
0
0.0105026
0
0
0
0.178544
0.0210051
0.0210051
0
0
0
0
0
0.0105026
0
0
0
0.0105026
0
0
0
0
0.0105026
0
0
0
0.105026
0
0.136533
0.210051
0.0105026
0
0
0
0
0.0210051
0
0
0
0
0
0
0.0105026
0.0105026
0
0.0105026
0
0
0
0
0
0
0
0
0
0.0210051
0
0
0.189046
0
0
0.0735179
0
0
0
0
0.0525128
0
0.0105026
0.0105026
0
0
0
0
0
0
0
0
0.0105026
0.0105026
0
0
0
0
0
0.0525128
0
0
0
0.0105026
0
0
0
0
0.0105026
0
0
0.0105026
0.0105026
0
0
0.0105026
0
0.0105026
0
0.0210051
0
0
0
0
0
0.0420103
0.0105026
0.0105026
0.0315077
0
0
0
0.0315077
0.252062
0.0105026
0.0105026
0.0105026
0.0105026
0
0
0
0
0.0840205
0
0
0.630154
0
0.136533
0.388595
0.0105026
0
0
0
0.0525128
0
0
0.273067
0
0
0
0
0
0
0.178544
0
0
0.0210051
0
0
0
0
0.0105026
0
0.0105026
0
0.0105026
0
0
0
0
0
0.0105026
0.0210051
0.105026
0
0
0.609149
0.0105026
0
0
0
0
0
0
0
0.0210051
0
0.273067
0
0.0105026
0.0210051
0
0
0
0.0210051
0.126031
0
0
0
0.420103
0.0105026
0
0
0.0945231
0
0
0
0
0
0.0945231
0
0.0525128
0
0
0.262564
0.0630154
0
0.0945231
0
0
0.0210051
0.0210051
0
0
0.0105026
0.0420103
0.0105026
0
0
0
0
0.189046
0
0
0
0.0420103
0
0
0
0
0.0735179
0
0
0.0105026
0.0735179
0
0
0
0
0
0.0105026
0
0
0
0.0525128
0
0.0105026
0
0.0105026
0.0525128
0
0
0.0210051
0
0.0210051
0
0
0.115528
0
0.0105026
0
0
0.0735179
0
0
0
0
0.388595
0.472615
0
0
0
0
0
0
0.0105026
0
0
0
0
0.0210051
0.0210051
0.283569
0
0
0.210051
0.0315077
0.0315077
0
0
0.0315077
0.0420103
0.105026
0
0
0.0210051
0
0
0
0
0
0
0.0105026
0
0
0
0
0
0.0210051
0.0315077
0
0
0
0.0315077
0.0105026
0
0
0
0
0
0
0
0.0315077
0
0
0
0.0315077
0.0630154
0
0
0
0.273067
0
0
0.0105026
0
0
0.0105026
0.0105026
0
0.0105026
0
0
0
0
0
0
0.0630154
0
0.0945231
0.0105026
0
0
0
0.0105026
0
0
0
0
0
0
0
0
0.0210051
0
0
0
0.0105026
0
0.0525128
0.0210051
0
0.0315077
0
0
0
0.0210051
0
0
0.0210051
0.0735179
0
0
0
0
0
0
0
0
0
0.115528
0
0
0
0
0
0
0
0.0105026
0.0105026
0
0
0
0
0.147036
0
0.147036
0
0
0
0
0
0
0
0.0105026
0
0.0105026
0
0
0
0
0
0.0105026
0.0105026
0
0.0525128
0.0105026
0
0
0
0.0105026
0
0.0105026
0
0
0
0.0210051
0
0
0
0
0
0
0
0.0105026
0.0105026
0.388595
0
0
0
0.0840205
0.0315077
0
0
0
0.0315077
0.0105026
0
0
0.0105026
0
0.0735179
0.0105026
0
0.157538
0
0
0.0315077
0
0
0
0
0.0105026
0
0
0
0.0210051
0
0.0105026
0
0.0210051
0
0
0.420103
0
0.0105026
0.0735179
0.115528
0
0
0
0
0
0
0.0315077
0
0
0
0
0
0.0105026
0.0105026
0
0
0
0
0
0
0.0525128
0
0.0105026
0.0105026
0.0105026
0
0
0
0
0
0.0210051
0
0.0210051
0
0
0.0105026
0
0.0105026
0
0.0105026
0
0
0.0210051
0
0
0
0.0420103
0.0735179
0.0105026
0
0
0
0
0.0105026
0.231056
0
0.0210051
0
0
0.0105026
0.0210051
0
0
0
0
0.136533
0.168041
0
0
0
0
0.0105026
0
0
0
0
0
0
0.0525128
0
0
0
0
0
0
0.157538
0.0315077
0
0.0630154
0
0
0.0105026
0
0.126031
0.283569
0
0
0
0
0
0
0
0
0
0
0
0
0.0630154
0
0.0315077
0
0.0105026
0.0840205
0
0
0.0525128
0.0105026
0
0.0105026
0
0
0
0.0210051
0.0210051
0
0
0
0
0.0735179
0
0
0
0
0
0.36759
0.304574
0
0
0
0
0.0105026
0.0105026
0
0
0.0210051
0.0105026
0
0.0210051
0.0105026
0.0840205
0
0
0
0
0
0
0.0105026
0
0.0105026
0
0
0
0
0
0
0
0
0
0
0
0.0315077
0
0
0.0105026
0.0420103
0.0315077
0
0
0.0105026
0
0.147036
0.199549
0.0210051
0
0
0
0.0105026
0
0
0.0105026
0.0315077
0
0
0
0
0
0
0
0
0
0
0
0.0105026
0
0
0
0.0105026
0
0.0105026
0
0
0.0105026
0
0.0420103
0
0
0
0
0
0
0
0
0
0
0
0
0.105026
0.651159
0.262564
0.241559
0.357087
0.0945231
0.357087
0.220554
0
0.609149
0.493621
0.0630154
0.378092
0.0315077
0.735179
0.462113
0
0.231056
0
0.0210051
0.0210051
0.0105026
0.546133
0
0.0210051
0
0
0.0105026
0.0420103
0
0.4096
0.651159
0.0525128
0
0.252062
0.178544
0.105026
0.115528
0.378092
0.0420103
0.672164
0.0210051
0
0.588144
0
0.0105026
0.0315077
0.168041
0.0315077
0.0420103
0.115528
0
0.283569
0.231056
0.8192
0.378092
0.283569
0.0210051
0.504123
0.0525128
0.136533
0.147036
0.105026
0.157538
0
0.976738
0.105026
0.294072
0.0105026
0
0
0.252062
0.0210051
0
0.178544
0.346585
0.336082
1.00825
0.147036
0.147036
0.0210051
0.0315077
0.483118
0
0.0945231
0.273067
0.273067
0.241559
0.0735179
0.0315077
0.0105026
0.945231
0.493621
0.661662
0.231056
0.262564
0
0.0420103
0.136533
0.0525128
0.0210051
0.0525128
0.0210051
0
0.45161
0
0.126031
0
0.0525128
0.273067
0.0630154
0
0.36759
0.0210051
0.0105026
0.441108
0.430605
0.210051
0.105026
0
0.157538
0.357087
0.325579
0.147036
0.283569
0.493621
1.10277
0
0.157538
0.430605
0.241559
0.724677
0.420103
0.0840205
0.0315077
0.0525128
0.0420103
0.462113
0.0525128
0.189046
0.0210051
0
0
0.157538
0.420103
0
0.178544
0.0105026
0.241559
0.157538
0.0105026
0.0420103
0.346585
0
0.147036
0.4096
0.283569
0.0210051
0.157538
0.546133
0.0735179
0.661662
0.672164
0.147036
0.199549
0.388595
0
0.220554
0
0
0.0210051
0.157538
0.0315077
0.0525128
0.0105026
0.588144
0.178544
0.0105026
0.0630154
0.399097
0.178544
0
0.0210051
0
0
0.0735179
0
0.0420103
0.577641
0.147036
0.0420103
0
0.147036
0.189046
0.0210051
0
0
0.357087
0.273067
0.0105026
0.115528
0.0525128
0
0.273067
0
0.745682
0.0210051
0.0735179
0.0630154
0.178544
0.0420103
0
0.630154
0.0210051
0.0105026
0.346585
0.273067
0.357087
0.420103
0.735179
0.346585
0.189046
0.189046
0.105026
0
0.252062
0.850708
0.0525128
0.441108
0.504123
0
0.199549
0.0105026
0
0.315077
0.283569
0.357087
0.0735179
0.903221
0
0.661662
0
0.493621
0.273067
0.199549
0
0
0
0.577641
0.105026
0.189046
0.0210051
0.294072
0.672164
0.126031
0.0630154
0.651159
0.115528
0.0945231
0
0.346585
0
0.357087
0
0.0105026
0.0210051
0.388595
0.273067
0.189046
0.357087
0.0840205
0.273067
0.126031
0.0315077
0.0105026
0.189046
0
0.430605
0.0105026
0.136533
0.262564
0.0420103
0
0.0630154
0.126031
0.0945231
0.0630154
0
0.199549
0.0630154
0.399097
0
0.745682
0.0840205
0.0945231
0.189046
0.0105026
0.892718
0.189046
0.241559
0.0420103
0.115528
0.0105026
0.430605
0.273067
0
0.588144
0.0210051
0.0315077
0.147036
0.0525128
0
0.420103
0.315077
0.472615
0.588144
0.199549
0.0630154
0.4096
0.105026
0.262564
0.294072
0.136533
0.0315077
0.115528
0.0420103
0.0945231
0
0.178544
0.336082
0.189046
0.136533
0.273067
0.0630154
0.0315077
0.913723
0.588144
0
0
0.0105026
0
0.0105026
0
0.0315077
0.0210051
0
0.567138
0.0420103
0.136533
0
0.462113
0.0105026
0
0.514626
0.136533
0.147036
0.147036
0.0945231
0.556636
0
0.0210051
0.189046
0.0420103
0.157538
0.577641
0.840205
0.273067
0.157538
0.0105026
0.577641
0.0420103
0.808697
0.252062
0.0630154
0.115528
0.315077
0.294072
0.262564
0.346585
0.178544
0.199549
0.157538
0.388595
0.388595
0
0.0945231
0
0.273067
0.535631
0.199549
0.0945231
0
0.609149
0.45161
0
0
0.0840205
0
0
0.115528
0
0.273067
0
0.147036
0.0420103
0.0525128
0.745682
0.126031
0.514626
0.0105026
0.168041
0
0.0525128
0.315077
0.0735179
0.0210051
0.220554
0.178544
0.682667
0.210051
0.220554
0.0105026
0
0
0.262564
0.168041
0.231056
0.619651
0.787692
0.525128
0.168041
0.0630154
0.199549
0.462113
0.514626
0.157538
0.231056
0.115528
0.105026
0.283569
0.357087
0
0.199549
0.514626
0.136533
0.682667
0.147036
0
0.682667
0.231056
0.378092
0
0.399097
0.147036
0.283569
0.357087
0.0210051
0
0.4096
0.178544
0.4096
0.157538
0.157538
0.430605
0.0525128
0.0630154
0.105026
0.0630154
0.136533
0.0630154
0
0.0630154
0
0
0.231056
0.0105026
0.430605
0
0.430605
0.136533
0.0105026
0
0.168041
0.399097
0
0.168041
0
0
0.0525128
0.178544
0.126031
0.630154
0.357087
0
0.241559
0.0315077
0.315077
0.441108
0.136533
0
0.210051
0.4096
0.0630154
0.0210051
0.0840205
0.0315077
0.504123
0.241559
0.0735179
0
0.45161
0
0.252062
0.168041
0.136533
0.0315077
0.105026
0.315077
0.556636
0.126031
0.178544
0.304574
0.0210051
0
0.147036
0.399097
0.147036
0.105026
0.157538
0.147036
0.45161
0.157538
0.8192
0.231056
0.0105026
0.630154
0.294072
0.567138
0.714174
0.178544
0.0630154
0
0.0945231
0.115528
0.36759
0.661662
0.399097
0.0420103
0.199549
0.651159
0.241559
0.0210051
0.0735179
0.231056
0.430605
0.115528
0.766687
0.388595
0.315077
0.0945231
0.766687
0
0.0105026
0.514626
0
0.0630154
0.546133
0
0.840205
0.525128
0.115528
0.105026
0.241559
0.0210051
0.0105026
0.126031
0.294072
0.0210051
0.0105026
0.0105026
0.45161
0.0210051
0.0105026
0.283569
0.504123
0.798195
0.189046
0.0420103
0.546133
0.430605
0
0.241559
0.0105026
0.346585
0.0105026
0.441108
0.462113
0.598646
0.0315077
0.0630154
0.0420103
0.168041
0.0315077
0.0105026
0.0735179
0.36759
0.241559
0
0.388595
0.325579
0.0945231
0.420103
0.199549
0
0.294072
0.105026
0.357087
0.483118
0.462113
0.126031
0.378092
0.0105026
0.640656
0.0420103
0.630154
0.105026
0.378092
0.262564
0
0
0.304574
0.115528
0.0105026
0.262564
0.504123
0
0.0420103
0.0525128
0.567138
0.252062
0.598646
0.0315077
0.0315077
0.0210051
0.0420103
0.220554
0.0105026
0.703672
0
0.630154
0.556636
0.0630154
0
0
0.241559
1.01875
0.147036
0.168041
0.273067
0.0210051
0.0105026
0.157538
0.241559
0.945231
0.630154
0.0840205
0.210051
0.168041
0.535631
0.0630154
0.0105026
0.262564
0.0735179
0.0105026
0
0.0945231
0.105026
0.525128
0.4096
0.577641
0.168041
0.0105026
0.0420103
0.441108
0.504123
0.0105026
0.493621
0.262564
0
0.210051
0.105026
0.0105026
0.0105026
0.346585
0.0315077
0.45161
0.0525128
0.430605
0.0735179
0.273067
0.241559
0.0630154
0.0840205
0.567138
0.0840205
0
0.0105026
0
0.0630154
0.661662
0.546133
0.0630154
0.420103
0
0.283569
0.0315077
0.136533
0.493621
0.0105026
0.231056
0.556636
0.210051
0.304574
0.283569
0.0105026
0
0.325579
0
0
0.913723
0
0.430605
0.0315077
0.0840205
0.136533
0.4096
0.357087
0.262564
0.0420103
0.294072
0.294072
0.262564
0.0105026
0.420103
0.199549
0.945231
0
0.210051
0
0.0105026
0.0105026
0.0420103
0
0.682667
0.745682
0.0525128
0.0210051
0.325579
0.220554
0.136533
0.378092
0
0
0.325579
0.0630154
0.157538
0.0630154
0.693169
0.829703
0.0315077
0.0630154
0.262564
0.315077
0.168041
0.0105026
0
0.325579
1.03975
0.0105026
0.0105026
0.0105026
0.0420103
0
0
0.0420103
0.0630154
0.672164
0
0.430605
0.241559
0
0.0105026
0.0525128
0.0840205
0.0105026
0.0420103
0.388595
0.0735179
0.178544
0.388595
0.262564
0.0315077
0.493621
0.8192
0.115528
0.483118
0.0210051
0
0
0
0.36759
0.210051
0.0945231
0.598646
0.231056
0.252062
0.294072
0
0.462113
0.0630154
0.231056
0.136533
0
0
0.483118
0.441108
0.126031
0.126031
0.147036
0.231056
0.315077
0.262564
0
0.0315077
0.210051
0
0.168041
0.210051
0.0105026
0.619651
0.640656
0.0105026
0.126031
0.157538
0.0630154
0.241559
0.147036
0
0
0.546133
0.45161
0.0735179
0.756185
0.336082
0.210051
0.462113
0.262564
0
0
0.577641
0.147036
0.0315077
0.483118
0.598646
0.0105026
0.0525128
0.0945231
0.588144
0.0630154
0.0315077
0.0945231
0
0.0105026
0.525128
0
0.504123
0.0210051
0.0840205
0.147036
0.0210051
0.336082
0
0.525128
0.0840205
0.546133
0.661662
0.178544
0.0105026
0.157538
0.178544
0
0.283569
0.0105026
0
0.462113
0.136533
0.0420103
0.178544
0
0
0.735179
0.0525128
0.661662
0.0735179
0.472615
0.231056
0
0.0315077
0
0.147036
0.630154
0.315077
0
0.0420103
0.157538
0.325579
0
0.609149
0
0.0420103
0.0420103
0.0210051
0.619651
0.45161
0.168041
0.0210051
0.252062
0.0525128
0.0210051
0
0.252062
0.0735179
0
0
0.0420103
0.273067
0
0.178544
0.0420103
0
0.514626
0.0735179
0.0630154
0.0315077
0.0630154
0.273067
1.08176
0.0630154
0.0420103
0.77719
0.0735179
0.0525128
0.0945231
0.105026
0.472615
0.462113
0.189046
0.189046
0.0525128
0.199549
0.136533
0.0525128
0.388595
0
0.0630154
0.525128
0.0105026
0.168041
0.0735179
0.0210051
0.273067
0.483118
0.0105026
0
0.798195
0.0210051
0.0735179
0.220554
0.126031
0
0.0630154
0.36759
0.462113
0
0.0210051
0.0105026
0.661662
0.252062
0
0
0.0105026
0.504123
0.136533
0.0315077
0
0
0.0420103
0.157538
0.105026
0.0525128
0.325579
0.315077
0.997744
0.0735179
0.0420103
0
0
0
0
0.178544
0.0840205
0.0105026
0
0
0.388595
0
0.45161
0
0.0420103
0
0.0315077
0.0735179
0.0105026
0.525128
0.588144
1.12377
0.231056
0.241559
0.913723
0.304574
0.0210051
0
0.210051
0.262564
0.378092
0.0420103
0.0315077
0.0105026
0.640656
0
0
0.115528
0.136533
0
0
0.0105026
0
0.630154
0.0525128
0
0.997744
0.0525128
0.231056
0
0.126031
0.535631
0.525128
0.0105026
0
0
0.115528
0.105026
0.724677
0.0105026
0.483118
0.472615
0.0105026
0
0.189046
0.0840205
0
0.0210051
0.0210051
0.231056
0.136533
0
0.609149
0.0315077
0
0
1.18679
0.4096
0.0210051
0.220554
0.556636
0.546133
0.0315077
0.336082
0.525128
0.0315077
0.220554
0.0525128
0.651159
0
0.567138
0.672164
0.598646
0.388595
0.136533
0.199549
0
0.0420103
0.0945231
0.619651
0.315077
0
0
0.346585
0.0315077
0.0105026
0.0105026
0.315077
0.0420103
0.36759
0
0.682667
0.0210051
0.0945231
0.283569
0.0945231
0
0
0.315077
0.252062
0
0
0.441108
0.283569
0
0.430605
0
0
0.0945231
0.472615
0.0105026
0.0840205
0.420103
0.514626
0.0315077
0.357087
0
0
0.735179
0.294072
0
0.4096
0.0210051
0.0210051
0.430605
0.4096
0
0.147036
0.0210051
0.388595
0.115528
0.157538
0.462113
0
0.0210051
0.105026
0
0
0
0
0.189046
0
0
0.0315077
0.0105026
0.0105026
0.294072
0.252062
0.147036
0
0.36759
0.472615
0.168041
0.0210051
0.199549
0.798195
0.0105026
0.388595
0
0.4096
0.252062
0.304574
0.577641
0.178544
1.06076
0.441108
0.0210051
0.189046
0.199549
0.294072
1.15528
0
0.115528
0.273067
0.514626
0.0105026
0
0.252062
0
0.252062
0
0.45161
0.0315077
0.630154
0.273067
0.168041
0.630154
0.399097
0.0525128
0.105026
0
0.241559
0.0525128
0
0.262564
0.0630154
0.0210051
0.0525128
0.0420103
0.178544
0
0.609149
0.619651
0.315077
0.609149
0.36759
0.0105026
0.0315077
0.0105026
0
0.745682
0
0.441108
0.136533
0.0735179
0
0.651159
0
0.0105026
0
0
0.420103
0.903221
0
0.315077
0
0
0.0630154
0
0.0840205
0.45161
0.420103
0
0.105026
0.178544
0.0525128
0.262564
0
0.441108
0.430605
0.231056
0.693169
0
0.189046
0.147036
0.0525128
0.210051
0
0.882215
0.0210051
0.0105026
0.514626
0.336082
0
0.0105026
0
0.105026
0.598646
0
0.294072
0
0
0.220554
0.0315077
0.294072
0.0840205
0.315077
0.0735179
0.0420103
0
0.315077
0.0525128
0.588144
0.0105026
0.0210051
0.126031
0
0.241559
0.0735179
0.294072
0
0.8192
1.01875
0.199549
0.168041
0
0.126031
0.86121
0
0.336082
0.0210051
0.0630154
0
0.168041
0.0105026
0.378092
0.850708
0.850708
0
0.126031
0
0.0105026
0
0
0.735179
0.903221
0.252062
0
0.210051
0.0630154
0
0.36759
0.210051
0.420103
0
0
0
0.283569
0.420103
0.0210051
0.535631
0.115528
0.399097
0.273067
0.126031
0
0
0.0840205
0.126031
0.630154
0.189046
0
0.168041
0.0315077
0.231056
0.0105026
0
0.0525128
0.210051
0.0315077
0
0.241559
0
0.0945231
0.0735179
0
0.168041
0.441108
0.525128
0.0525128
0.462113
0.0735179
0.0210051
0
0.136533
0.304574
0.294072
0.0105026
0
0.0105026
0
0
0.483118
0.315077
0
0.378092
0
0
0.231056
0.147036
0.0105026
0
0
0.567138
0.0105026
0.672164
0
0.756185
0.703672
0
0.0735179
0.0210051
0
0
0
0.0210051
0
0
0
0.0735179
0.45161
0.493621
0.0105026
0.0105026
0.0735179
0.399097
0.0840205
0
0.0525128
0.430605
0.0210051
0.357087
0.892718
0.735179
0.115528
0.0315077
0.388595
0.336082
0
0.0210051
0.147036
0
0.262564
0
0.45161
0.199549
0.840205
0.126031
0.168041
0.0105026
0.514626
0.976738
0.913723
0
0.147036
0.199549
0.0210051
0
0
0.0105026
0.577641
0
0.304574
0
0.493621
0
0.136533
0.483118
0.105026
0.0420103
0.294072
0
0
0.210051
0.441108
0.525128
0.231056
0.430605
0
0.0105026
0.0105026
0
0.0630154
0.346585
0.0105026
0.388595
0.0105026
0
0.136533
0.808697
0.136533
0.325579
0.693169
0.0525128
0.0105026
0
0.115528
0.45161
0.0525128
0.252062
0.0840205
0.115528
0
0
0.220554
0
0.0840205
0
0.0525128
0.0210051
0
0
0.105026
0.0945231
0.168041
0.45161
0
0.0420103
0.0105026
0.178544
0
0.36759
0.0315077
0.0525128
0
0.45161
0
0.157538
0
0
0.0420103
0.483118
0.0840205
0.115528
0.0735179
0.619651
0.178544
0.0420103
0.346585
0
0.136533
0.8192
0.147036
0.304574
0.231056
0.357087
0.126031
0.36759
0
0.189046
0.189046
0.0840205
0.0420103
0.294072
0.210051
0.0105026
0.567138
0.735179
0.199549
0.0105026
0.0315077
0.0945231
0.336082
0
0.0315077
0.126031
0.588144
0
0.430605
0.0315077
0.0105026
0.304574
0.4096
0.157538
0
0.147036
0.86121
0.693169
0.441108
0.189046
0.199549
0.0420103
0.357087
0.168041
0
0.0420103
0
0.0735179
0
0
0.462113
0.0840205
0.0315077
0.157538
0.210051
0.0420103
0.514626
0.0105026
0
0
0
0.430605
0.0210051
0.0105026
0
0.0105026
0.336082
0.0525128
0.0210051
0.157538
0.0210051
0.0420103
0
0.0315077
0.147036
0
0.357087
0.0945231
0.178544
0.0105026
0.598646
0
0.525128
0.189046
0.252062
0
0.105026
0.252062
0
0.283569
0
0
0.262564
0
0
0.0525128
0.315077
0.0945231
0.0630154
0
0
0.0105026
0.0735179
0
0.210051
0.724677
0
0
0
0.105026
0
0
0.126031
0
0.178544
0.126031
0.0105026
0.0105026
0.0210051
0.714174
0.157538
0
0
0.231056
0.157538
0.304574
0.0420103
0.0105026
0.4096
0.0525128
0.178544
0.157538
0.178544
0
0.0210051
0
0.0105026
0.0735179
0
0
0
0
0
0.619651
0
0.535631
0.798195
0.0630154
0.168041
0.136533
0.441108
0.273067
0.0105026
0.535631
0.0105026
0.0945231
0.525128
0.178544
0
0
0.252062
0
0.346585
0.0210051
0.0210051
0.252062
0
0.0315077
0.273067
0
0
0
0.136533
0.504123
0
0
0.0420103
0.241559
0
0.189046
0.0735179
0
0.36759
0.493621
0
0
0.105026
0
0.0315077
0
0.0420103
0.178544
0.199549
0.0105026
0.199549
0.0945231
0.756185
0.115528
0
0.0105026
0.126031
0.504123
0.294072
0.0945231
0.0105026
0.420103
0.0105026
0.0315077
0
0.178544
0
0
0.0630154
1.01875
0
0.0420103
0.126031
0.0105026
0
1.02925
0.682667
0
0.283569
0.262564
0.262564
0.388595
0.0315077
0
0.241559
0
0.0315077
0.472615
0.0735179
0.0105026
0.808697
0.787692
0
0.304574
0.0525128
0.693169
0
0.220554
0.315077
0.283569
0.378092
0.0105026
0.0420103
0.0105026
0.0210051
0
0.0525128
0
0
0.619651
0
0.325579
0.0945231
0.0105026
0
0.0105026
0
0
0.0420103
0.493621
0.0105026
0
0
0.598646
0.0735179
0.0945231
0.882215
0.136533
0.682667
0.0105026
0
0.472615
0.252062
0.472615
0
0
0.115528
0.766687
0.0840205
0.231056
0.136533
0.388595
0.178544
0.136533
0.504123
0.105026
0.157538
0
0.136533
0.136533
0
0.441108
0
0.157538
0.661662
0.262564
0.168041
0.0315077
0
0.0735179
0.0525128
0.556636
0.483118
0
0.346585
0
0.693169
0.0840205
0.178544
0
0
0.4096
0.567138
0.136533
0
0.661662
0.0420103
0.136533
0.336082
0.0105026
0.0840205
0.588144
0.210051
0.77719
0
0.115528
0
0.0105026
0.4096
0
0.598646
0.0420103
0
0.0420103
0.0210051
0.178544
0.0105026
0
0.441108
0
0
0.105026
0.0525128
0.4096
0
0.0315077
0.220554
0.840205
0.399097
0.231056
0
0
0.0315077
0
0.252062
0.0630154
0.924226
0.0945231
0.651159
0.168041
0
0
0.0420103
0.157538
0.745682
0.0945231
0
0
0.0315077
0.4096
0
0
0.315077
0.0105026
0.0420103
0.157538
0.493621
0
0.0105026
0.346585
0
0.0105026
0.220554
0.0735179
0.913723
0.745682
0.0315077
0.0105026
0.0105026
0
0.36759
0.745682
0
0.336082
0.283569
0.0525128
0.630154
0.126031
0.0105026
0.724677
0.126031
0
0.0630154
0.0105026
0.336082
0.220554
0.399097
0.136533
0
0.493621
0.157538
0.0735179
0.210051
0.0210051
0.0945231
0
0.493621
0.0105026
0
0.0525128
0
0.147036
0.0525128
0.0105026
0.262564
0
0
0
0.0945231
0
0.147036
0.0420103
0.0525128
0.0945231
0.0315077
0.472615
0.136533
0.430605
0
0.378092
0
0.210051
0
0.829703
0.262564
0
0.0315077
0
0.168041
0.0735179
0.210051
0.0210051
0
0.0525128
0.0525128
0.168041
0.86121
0.105026
0.210051
0
0.36759
0
0.136533
0.283569
0
0
0.336082
0.514626
0.0735179
0.882215
0.0105026
0
0.0630154
0.0105026
0.0105026
0
0
0.252062
0.504123
0.0840205
0.661662
0
0
0.136533
0
0.420103
0.115528
0.724677
0.682667
0.693169
0.0840205
0
0.346585
0.126031
0.0210051
0.546133
0.220554
0.462113
0.441108
0.0210051
0.0945231
0
0.252062
0.0420103
0.294072
0.178544
0
0.0735179
0.640656
0
0.0420103
0.126031
0.0525128
0
0.115528
0.535631
0
0.294072
0.955733
0.0840205
0.0735179
0.0210051
0
0.36759
0.231056
0.0945231
0.787692
0
0.273067
0.273067
0
0.262564
0.682667
0.577641
0.0105026
0.126031
0.283569
0.36759
0.378092
0.304574
0.0105026
0.472615
0
0.325579
0.178544
0.178544
0
0.0105026
0.115528
0.577641
0.0525128
0.0315077
0.0525128
0.0525128
0.546133
0.882215
0.0315077
0.4096
0.598646
0.0210051
0.441108
0.0525128
0.0420103
0.0945231
0.0105026
0.147036
0
0.0315077
0.0105026
0.0105026
0.0525128
0
0
1.00825
0.0105026
0.598646
0.420103
0.0840205
0.0105026
0.682667
0.598646
0
0.0840205
0.241559
0.0420103
0.346585
0.45161
0.0525128
0
0
0.199549
0
0.4096
0.294072
0
0.0315077
0.0420103
0.189046
0.640656
0.0525128
0.577641
0.535631
0.0630154
0.36759
0.36759
0.0525128
0.619651
0.231056
0
0
0
0.0315077
0.0630154
0.136533
0.283569
0.588144
0.0945231
0.0840205
0
0.0210051
0.556636
0.231056
0.0525128
0.0840205
0.0210051
0.504123
0.0210051
0.147036
0.346585
0.0105026
0
0.241559
0.0735179
0.0420103
0.357087
0.0525128
0.0315077
0.546133
0.714174
0.0945231
1.09227
0.504123
0.0315077
0.77719
0.0420103
0.315077
0.220554
0.346585
0.241559
0.651159
0.441108
0.0735179
0.0315077
0.325579
0.882215
0.525128
0.231056
0
0.241559
0
0.157538
0.0630154
0.0210051
0
0.273067
0.0420103
0
0.0735179
0.336082
0
0.252062
0.756185
0
0.273067
0
0.231056
0.273067
0.0420103
0.325579
0.0105026
0.0105026
0.231056
0.178544
0.535631
0.0630154
0.0105026
0
0.0210051
0
0.0420103
0.0420103
0.672164
0.903221
0.136533
0.388595
0.262564
0.0525128
0.0315077
0.336082
0.0525128
0.483118
0.189046
0.0840205
0.168041
0.0105026
0
0.0735179
0.0105026
0.157538
0
0
0.273067
0.441108
0.630154
0.0525128
0.36759
0.304574
0.36759
0.0735179
0.0315077
0.273067
0.157538
0.567138
0.0840205
0
0.430605
0.0210051
0.651159
0
0
0.672164
0
0.0210051
0.199549
0.0420103
0
0.157538
0.210051
0.651159
0
0.567138
0.0525128
0.850708
0.493621
0
0.0525128
0.0210051
0.86121
0.0315077
0.483118
0.0315077
0.0105026
0.136533
0.420103
0.147036
0
0.0210051
0.157538
0.556636
0.703672
0.0945231
0.147036
0.462113
0.189046
0
0.0105026
0.0420103
0.661662
0.0105026
0.871713
0
0.0210051
0.0945231
0.199549
0
0.546133
0
0.252062
0.115528
0.399097
0.808697
0.168041
0.672164
0
0.157538
0
0.157538
0.0735179
0.0420103
0
0.126031
0.504123
0.346585
0.640656
0.0105026
0.0210051
0.567138
0
0.0525128
0.0210051
0.0945231
0.441108
0.430605
0.0630154
0.0525128
0.808697
0.0420103
0.346585
0.283569
0.0630154
0.462113
0.262564
0
0
0.588144
0.220554
0.0735179
0
0.0735179
0.0735179
0
0.0840205
0
0.0420103
0.231056
0.462113
0
0.231056
0.0525128
0.273067
0.0945231
0.0630154
0.336082
0.178544
0
0.619651
0.357087
0.0105026
0
0
0.346585
0.220554
0.703672
0.0210051
0.0315077
0.0525128
0.157538
0.136533
0
0
0.357087
0.651159
0.0105026
0.577641
0.609149
0
0.0315077
0.0630154
0
0.441108
0.430605
0
0.0840205
0
0
0.0735179
0.252062
0.0525128
0.493621
0.0735179
0.0210051
0.0315077
0.199549
0.0840205
0.115528
0
0.0315077
0
0.262564
0.0525128
0.231056
0.0105026
0.0525128
0.199549
0.325579
0.0525128
0.0105026
0.462113
0
0.546133
0.126031
0.0840205
0.4096
0.0105026
0.840205
0.36759
0.0630154
0.336082
0.178544
0
0.157538
0.0630154
0
0.934728
0
0
0.0315077
0.0210051
0
0
0.0105026
0.0525128
0.0315077
1.03975
0.0210051
0.420103
0.36759
0
0
0.0630154
0.640656
0
0.315077
0.168041
0.147036
0.798195
0.0420103
0.0210051
0.0735179
0
0.0210051
0
0
0
0.241559
0.0735179
0.210051
0.714174
0.283569
0.189046
0
0.0945231
0.598646
0.357087
0.0210051
0
0
0.178544
0.231056
0.535631
0.0315077
0
0
0.231056
0.924226
0
0.178544
0.178544
0.0840205
0.420103
0.231056
0.567138
0
0
0
0
0.0105026
0.0525128
0.126031
0.147036
0.651159
0.493621
0.357087
0.0735179
0.36759
0.315077
0
0
0.703672
0
0.0840205
0
0.0840205
0.294072
0
0.325579
0.399097
0.703672
0.199549
0.252062
0.178544
0.189046
1.15528
0.262564
0.0105026
0.808697
0.45161
0.0105026
0.157538
0.147036
0.388595
0
0.189046
0.168041
0.0840205
0
0.504123
0.556636
0.105026
0.0210051
0.0210051
0.0105026
0.178544
0.126031
0.388595
0.315077
0.0420103
0
0.273067
0
0.787692
0.136533
0.514626
0.472615
0.0105026
0.178544
0.36759
0.0840205
0.567138
0.252062
0.4096
0.640656
0.378092
0.325579
0.0105026
0.0105026
0.199549
0.220554
0.36759
0.126031
0.0630154
0.189046
0.0210051
0
0.325579
0
0.430605
0.378092
0.420103
0.147036
0.325579
0.136533
0.651159
0.472615
0
0.0420103
0.0945231
0.0210051
0.388595
0.178544
0
0
0.535631
0
0
0.0105026
0.210051
0.514626
0.210051
0.703672
0.0105026
0.147036
0.378092
0
0.0945231
0.0420103
0.399097
0.168041
0
0
0.598646
0.0525128
0.0525128
0
0.0420103
0.262564
0.45161
0.766687
0.714174
1.01875
0
0.0840205
0
0.210051
0
0
0.105026
0
0
0.168041
0.0420103
0.77719
0.535631
0
0.147036
0
0
0
0.0525128
0.136533
0.0525128
0.0630154
0.493621
0.36759
0.0315077
0.178544
0.105026
0.388595
0.357087
0.0945231
0.105026
0.420103
0.0210051
0.0210051
0
0.157538
0.714174
0.189046
0.0420103
0.0525128
0.315077
0
0
0.514626
0.346585
0.262564
0.231056
0.115528
0.619651
0.0840205
0
0.619651
0.609149
0.388595
0.0945231
0.0735179
0
0
0.0210051
0.304574
0.115528
0.336082
0
0.556636
0
0.241559
0.0105026
0.0315077
0.493621
0.0315077
0
0.577641
0.0105026
0
0.0210051
0.357087
0.0420103
0.231056
0.0525128
0.283569
0
0.0630154
0.147036
0.157538
0.661662
0.157538
0
0.315077
0.0525128
0.304574
0.651159
0.77719
0.0105026
0.493621
0
0.535631
0
0.0840205
0
0.0525128
0.147036
0.199549
0.0840205
0
0.399097
0
0.0735179
0
0.0105026
0.168041
0.0315077
0.0630154
0
0.220554
0.0630154
0.105026
0.0105026
0
0.0105026
0
0.0210051
0
0.0630154
0.168041
0.0630154
0.630154
0.0630154
0.651159
0.0315077
0.0735179
0.178544
0.0315077
0.325579
0
0
0.0945231
0.231056
0.231056
0.0525128
0.0420103
0.210051
0.0945231
0
0
0.441108
0.0210051
0.598646
0.346585
0.199549
0.0420103
0.157538
1.11327
0.262564
0
0.147036
0.157538
0.168041
0.0105026
0.325579
0
0.0735179
0.0945231
0.336082
0
0.0525128
0.0630154
0
0.105026
0.178544
0.0945231
0.4096
0.0105026
0.462113
0
0.535631
0.325579
0.0735179
0.210051
0
0
0.147036
0.199549
0.441108
0.0210051
0.315077
0.0840205
0.0105026
0
0.45161
0.0210051
0.462113
0.178544
0.0945231
0.157538
0.0210051
0.4096
0.0210051
0.483118
0.220554
0
0.168041
0
0.178544
0.0105026
0.0210051
0
0.0105026
0
0.0105026
0
0.588144
0.0630154
0.0945231
0.325579
0.0420103
0.693169
0.378092
0.189046
0.535631
0
0
0.388595
0.325579
0.0210051
0.262564
0.304574
0.105026
0.493621
0.0735179
0.0630154
0.115528
0.220554
0.0105026
0.336082
0.241559
0.829703
0.346585
0.0735179
0.115528
0.0210051
0.0315077
0.0315077
0.0525128
0
0.567138
0.241559
0.0105026
0.336082
0.441108
0.147036
0.0105026
0.0105026
0.0105026
0.273067
0
0.199549
0
0.0210051
0.105026
0.0315077
0.168041
0.126031
0
0.273067
0.126031
0.0735179
0.45161
0
0.0210051
0.157538
0.0525128
0.252062
0.0210051
0.0105026
0.231056
0.430605
0.36759
0.36759
0.0945231
0.0210051
0.105026
0.0105026
0
0.0105026
0.0945231
0.0210051
0.0420103
0
0.0105026
0.0210051
0.136533
0.0840205
0.0630154
0.336082
0.399097
0.273067
0.136533
0
0.252062
0.336082
0.0735179
0.315077
0.157538
0.231056
0.766687
0.493621
0.126031
0.0105026
0.0525128
0.241559
0
0.0420103
0.462113
0.472615
0.0210051
0.136533
0.378092
0.336082
0.178544
0.724677
0.0210051
0.136533
0
0.535631
0.588144
0.472615
0.283569
0.567138
1.38634
0.619651
0.640656
0.0420103
0
0.724677
0.325579
0.336082
0.336082
0.0420103
0.210051
0.0105026
0.126031
0.493621
0.136533
0.8192
0.325579
0.0840205
0.0630154
0
0.199549
0.147036
0.294072
0.0945231
0.178544
0.0525128
0.136533
0.168041
0.262564
0.0525128
0.0630154
0
0.556636
0.283569
0.0210051
0.0420103
0
0.147036
0.325579
0.703672
0.0315077
0.0525128
0.693169
0
