0.0115056
0.356674
1.12755
0
0.609798
0.0920449
0.0230112
0.448719
0.0115056
0
0.0115056
0
0
0.299146
0
0
0
0
0.644315
0.0115056
0
0
0
0
0
0.310652
0.138067
0.83991
0.0115056
0.0115056
0.0690337
0.0920449
0.138067
0.644315
0
0.28764
0.0115056
0
0.138067
0.540764
0.356674
0.195596
0
0.207101
0.28764
0.701843
0.0115056
0
0.0460225
0
0.172584
0.161079
0
0.0575281
1.2311
0
0
0
0
0.517753
0.47173
0.0345169
0.402697
0
0.0115056
0.207101
0
0.0230112
0
0.0460225
0.0690337
0
0.333663
0
0
0.0460225
0.0920449
0
0
0.632809
0.0690337
0.18409
0.0115056
0
0.0920449
0
0.253124
0
0.241618
0
0.126562
0
0.299146
0.0115056
0.218607
0.0115056
0.0920449
0.0115056
0.0115056
0
0.172584
0
0.816899
0.322157
0.18409
0.47173
0
0
0.322157
0.0460225
0
0
0
0.414202
0.18409
0
0.207101
0.149573
0.207101
0
0
0
0
0
0.0805393
0.0460225
0.598292
0.379685
0
0.103551
0.322157
0.0115056
0.782382
0.0115056
0.402697
0
0.126562
0.172584
0.0345169
0.920449
0.0345169
0
1.27712
0.126562
0.0575281
0.0115056
0.126562
0.0460225
0.540764
0
0.0575281
0
0
0.0230112
0
0.0920449
0
0
0.701843
0
0.149573
0.609798
0.402697
0.172584
0.195596
0.0690337
0.644315
0.0345169
0.172584
0.253124
0.0115056
0.161079
0.65582
0
0
0
0.0460225
0.207101
0.379685
0.0115056
0.0460225
0
0.172584
0.356674
0.0690337
0.138067
0
0
0.310652
0.0345169
0
0.0115056
0.172584
0.0115056
0
0.103551
0.0230112
0.0115056
0.0115056
0.322157
0.0460225
0.207101
0.586787
0
0.149573
0.36818
0.253124
0
0
0.0575281
0.874427
0
0.115056
0.621303
0.18409
0.333663
0
0.207101
0
0.0115056
0.138067
0
0.0345169
0
0
0.103551
0.0115056
0
0.701843
0
0.161079
0.36818
0.414202
1.01249
0.0920449
0.517753
0
0
0.0460225
0.65582
0.73636
0
0.264629
0.161079
0.0345169
0
0
0.402697
0.253124
0.241618
0
0.770876
0.172584
0
0.207101
0
0.0115056
0.241618
0
0.851416
0.65582
0
0.356674
0
0.678831
0.448719
0.103551
0
0.529258
0.437213
0
0.931955
0.115056
1.03551
0.230112
0.506247
0.230112
0.0345169
0.253124
0.414202
0.103551
0
1.024
0.115056
0.448719
1.024
0.667326
0.483236
0.207101
0.0920449
0.36818
0.0345169
0
0.172584
0
0.138067
0.299146
0.115056
0.0460225
0.322157
0.149573
0.28764
0.356674
0.149573
0
0
1.024
0.379685
0.149573
0.632809
0.161079
0
0
0.138067
0.103551
0.36818
0.103551
0.0805393
0.149573
0.207101
0.460225
0.0575281
0.506247
0
0.253124
0.0115056
0.0805393
0.0690337
0.701843
0.782382
0.149573
0.0230112
0.172584
0.299146
0.506247
0.494742
0.264629
1.10454
0.18409
0
0
0
0.0345169
0.0805393
0.310652
0.0115056
0.0460225
0.230112
0
0
0.0575281
0.253124
0
0
0.414202
0.126562
0.506247
0.0230112
0
0
0
0.36818
0.575281
0
0.0920449
0.115056
0
0.0460225
0.379685
0.632809
0.0690337
0.0345169
0.0115056
0.218607
0.586787
0
0.149573
0.264629
0.667326
0
0.0575281
0.36818
0.18409
0
0.391191
0
0
0.138067
0.0920449
0
0.0345169
0.65582
0.0575281
0.0345169
0
0.115056
0.851416
0.0230112
0.28764
0.0230112
0
0.0345169
0
0
0.115056
0
0.230112
0.230112
0.36818
0.931955
0
0.414202
0.0575281
0.0115056
0.126562
0
0
0.0115056
0
0.0115056
0
0
0
0.230112
0.18409
0.115056
0
0
0
0.0345169
0.460225
0.678831
1.16207
0
0.0805393
0.0460225
0.379685
0.276135
0
0.0230112
0.0690337
0.322157
0.0115056
0.0115056
0
0
0.667326
0.494742
0
0
0
0.103551
0.0115056
0.149573
0
0.207101
0.609798
0.0115056
0
0
0
0.0805393
0
0.0805393
0.0460225
0.0230112
0
0
0.103551
0.0115056
0
0.172584
0.391191
0.47173
0.0115056
0.0805393
0.0690337
0.0115056
0
0.621303
1.08153
0.0805393
1.024
0.0805393
1.00099
0
0.0460225
0
0.0805393
0.0460225
0.149573
0.241618
0.0115056
0.437213
0.483236
0
0.207101
0.126562
0
0.517753
0.0115056
0.218607
0.586787
0
0.138067
0.0575281
0.161079
0.667326
0
0
0
0
0
0
0.793888
0.414202
0.609798
0.310652
0
0
0
0.0805393
0.115056
0
0.322157
0
0
0.747865
0.494742
0.73636
0.379685
0.0345169
0.195596
0
0.0805393
0.207101
0.0230112
0
0.0690337
0.0805393
0.0230112
0.437213
0.0460225
0.0230112
0
1.024
0.138067
0.494742
0.494742
0.0345169
0.172584
0.713348
0.0115056
0.0690337
0.276135
0.0345169
0.0575281
0.782382
0.517753
0.230112
1.12755
0.103551
0.0460225
0
0
0.264629
1.26562
0.540764
0
0.0920449
0
0.448719
0
0
0.0460225
0.0115056
0.218607
0.0920449
0
0
0.609798
0.103551
0
0.149573
0.0230112
0.253124
0
0.483236
0
0.126562
0.172584
0
0
0.0575281
0.115056
0.115056
0.161079
0
0.0345169
0
0
0
0.632809
0.218607
0.299146
0
0.0460225
0.0345169
0.483236
0.0115056
0.425708
0.126562
0
0.931955
0.138067
0.0460225
0.0115056
0.483236
0.310652
0.0345169
0.103551
0.322157
0
0.414202
0.0690337
0.690337
0
0
0.379685
0.0460225
0.0115056
0.0230112
0
0.391191
0
0.0345169
0.414202
0
0
0.0115056
0.195596
0
0.149573
0.103551
0
0.586787
0
0.0575281
0.402697
0.83991
0.391191
0.299146
0
0.0230112
0.448719
0.379685
0.115056
0
0
0
1.04701
0
0.322157
0.713348
0.103551
0.0460225
0.0230112
0.356674
0
0
0.253124
0.149573
0.0230112
0.747865
0.0230112
0.0115056
0
0.126562
0.0345169
0
0.103551
0.460225
0.0690337
1.05852
0.540764
0.138067
0
0.621303
0.195596
0.0230112
0.138067
0.138067
0.115056
0.28764
0.0345169
0
0
0.0115056
0
0.0230112
0.138067
0
0.126562
0.437213
0.0920449
0.103551
0
0
0
0.0115056
0
0
0
0.0115056
0.701843
0.322157
0.36818
0
0
0.126562
0.529258
0.0690337
0.598292
0
0.276135
0.747865
0
0
0.28764
0.115056
0
0
0.207101
0.667326
0.494742
0.115056
0.28764
0
0
0
0.115056
0.460225
0.667326
0.0575281
0.149573
0
0.575281
0.0230112
0.0460225
0.414202
0.103551
0.0115056
0.138067
0.0115056
0.356674
0
0.460225
0.0230112
0.276135
0.0920449
0
0.161079
1.17357
0
0.149573
0.0230112
0.402697
0.483236
0.195596
0.356674
0.0690337
0
0
0.460225
0
0.264629
0.540764
0.379685
0.0345169
0.414202
0.0115056
0.414202
0.207101
0.0345169
0
0.0345169
0.460225
0
0.391191
0.0805393
0.632809
0.103551
0.0575281
0.126562
0.414202
0.36818
0.241618
0
0
0
0.0345169
0
0
0
0.0115056
0.0460225
0
0.0115056
0.18409
0.0345169
0.0460225
0.115056
0.18409
0.0230112
0.241618
1.04701
0.437213
0.253124
0
0
0.0345169
0
0.379685
0.529258
0
0.0345169
0.207101
0.0345169
0
0
1.12755
0.161079
0
0
0
0
0.276135
0.18409
0.609798
0.138067
0.207101
0
0.540764
0
0.138067
0.644315
0.644315
0.195596
0.161079
0
0
0.103551
0
0
0
0
0
0.414202
0
0
0.28764
0
0.0115056
0.494742
0.36818
0
0.310652
0.172584
0.83991
0
0.0345169
0
0
0
0
0.609798
0.943461
0.540764
0.36818
0
0.0345169
0.0460225
0
0
0.0115056
0.0575281
0.483236
0.115056
0.931955
0.0115056
0.322157
0.126562
0.138067
0
0.437213
0
0.0690337
1.09303
0.0345169
0.460225
0.0345169
0
0.0575281
0.36818
1.10454
0
0
0
0.667326
0.356674
0.713348
0.0115056
0.149573
0
0.28764
0
0
0
0.138067
0.0345169
0
0.241618
0
0.690337
0
0.0345169
0.0345169
0.138067
0
0.322157
0
0.0345169
0.115056
0.0230112
0.0230112
0.0115056
0.0115056
0.379685
0.253124
0.195596
0.18409
0
0
0.195596
0
0
0.460225
0.494742
0.506247
0.0575281
0.103551
1.27712
0.701843
0
0.0115056
0.0115056
0.36818
0.391191
0
0
0
0
0
0.0345169
0
0
0.701843
0
0
0.138067
0.0115056
0
0.402697
0
0.149573
0
0
0.0690337
0
0.0690337
0.0345169
0
0
0
0.149573
1.024
0.0575281
0.759371
0.276135
0.908944
0.0575281
0.793888
0.253124
0.356674
0.0920449
0
0.0460225
0.540764
0
0.540764
0.0230112
0.0690337
0
0.0460225
0.0920449
0.540764
0.0575281
0.264629
0.0920449
0.517753
0.115056
0.690337
0.0575281
0.0460225
0.161079
0
0.195596
0
0.310652
0
0
0.115056
0.0230112
0.759371
0.103551
0.0230112
0.73636
0.126562
0.356674
0
0.172584
0.195596
0.115056
0.310652
0.161079
0.0345169
0.322157
1.024
0.345169
0
0
0.310652
0.0345169
0.161079
0.0230112
0
0.0115056
0.0460225
0.103551
0.494742
0.862921
0.0460225
0.138067
0.253124
0.609798
0.356674
0.264629
0.172584
0.0920449
0.195596
0.28764
0.0920449
0.851416
0.195596
0.713348
0.448719
0
0.0920449
0
0.0690337
0.0345169
0
0
0
0
0.253124
0.138067
0.47173
0.47173
0.103551
0.322157
0.0230112
0.609798
0
0
0.402697
0
0.724854
0
0.0345169
0.126562
0.149573
0.230112
0
0
0.103551
0
0.115056
0.425708
0.299146
0.55227
0.575281
0.0345169
0.0460225
0
0.0115056
0.0920449
0.494742
0.701843
0.28764
0.253124
0.0230112
0.540764
0.862921
0.345169
0.322157
0.333663
0.172584
0.713348
0.0460225
0
0.0115056
0.195596
0.494742
0.47173
0.115056
0.644315
0
0.103551
0
0.103551
0.103551
0.966472
0
0.0230112
0.0345169
0.0460225
0.0345169
0
0.517753
0.356674
0.138067
0.333663
0.207101
1.38067
0
0
0.126562
0.0920449
0
0.36818
0.586787
0.0345169
0.483236
0.0345169
0.149573
0
0.253124
0
0.0115056
0
0.667326
0.598292
0.47173
0.230112
0.138067
0.0460225
0.18409
0.0230112
0
0.0230112
0.230112
0
0.0115056
0.0805393
0.55227
0.0690337
0.0460225
0.0345169
0.172584
0.345169
0.230112
0.18409
0.356674
0.379685
0
0
0.0230112
0.333663
0.828404
0.0230112
0
0.172584
0.0230112
0
0.18409
0
0.0115056
0.253124
0.0115056
0.0460225
0
0.0230112
0
0.0690337
0.540764
0.0805393
0
0.0460225
0.230112
0.0690337
0.0805393
0.0575281
0.310652
0.138067
0.0575281
0.218607
0.391191
0.0345169
0
0.195596
0.149573
0.494742
0
0
0
0.0115056
0.0230112
0.0115056
0.0230112
0.0115056
0
0.0920449
0.0460225
0.0805393
0.103551
0.230112
0
0.103551
0.126562
0
0.322157
0.172584
0.0230112
0.0805393
0.138067
0
0
0
0.0230112
0
0.609798
0.218607
0.0115056
0.0345169
0.0575281
0.115056
0.253124
0.0920449
0.678831
0
0.0575281
0.0345169
0
0
0.195596
0.0575281
0
0
0.126562
0
0
0
0.264629
0.0230112
0.586787
0.506247
0.241618
0.414202
0.276135
0.0115056
0.115056
0.0920449
0.28764
0.667326
0.621303
0.241618
0.874427
0.0115056
0.379685
0.299146
0.391191
0.0920449
0.230112
0.115056
0.0345169
0.0805393
0.0115056
0.161079
0.0575281
0.0575281
0
0.299146
0
0.609798
0.0460225
0
0.437213
0.448719
0.264629
0.345169
0.379685
0.0690337
0.345169
0.207101
0.0345169
0.0115056
0.0115056
0.989483
0.0115056
0.0460225
0.437213
0
0.161079
0.207101
0
0.28764
0.0230112
0.816899
0.0460225
0
0
0.540764
0.253124
0.333663
0.437213
0.333663
0.460225
0.0230112
0.0920449
0
0
0
0.0345169
0.333663
0.218607
0.0115056
0
0.540764
0.540764
0.138067
0.126562
0.0920449
0.713348
0
0.299146
0
0.0460225
0.264629
0.310652
0.0115056
0.0690337
0.414202
0.701843
0.0115056
0.0805393
0.0345169
0.230112
0.218607
0.149573
0
0.0115056
0
0.575281
0
0.0230112
0.161079
0.103551
0.0460225
0
0.0460225
0.322157
0.0460225
0.218607
0.494742
0.0575281
0.103551
0.0805393
0.0115056
0
0.126562
0.414202
0
0.391191
0.713348
0.28764
0.195596
0.195596
0.18409
0.0690337
0.437213
0.0230112
0.667326
0.0575281
0
0.322157
0.28764
0
0.47173
0.0805393
0.0920449
0.161079
0.391191
0.0575281
0.0690337
0.506247
0.0575281
0.575281
0.391191
0.494742
1.20809
0.103551
0.253124
0.149573
0.161079
0.0115056
0
0.575281
0.230112
0.161079
0.36818
0.149573
0
0
0.276135
0.18409
0.115056
0.609798
0.0805393
0.28764
0
0.0805393
0.322157
0.0920449
0
0.414202
0.322157
0.172584
0.379685
0
0.18409
0.0920449
0.149573
0.667326
0.0230112
0.425708
0
0.0575281
0.517753
0.172584
0.0345169
0.264629
0.138067
0
0.115056
0.0115056
0
0.230112
0.0575281
0.678831
0.667326
0.207101
0.18409
0.138067
0.0115056
0.103551
0
0.310652
0.172584
0.241618
0.0575281
0.36818
0.0805393
0.172584
0.0805393
0.529258
0.0345169
0.0115056
0.55227
0.83991
0.0460225
0.0115056
0.379685
0.241618
0
0.161079
0.437213
0.506247
0.391191
0
0.0115056
0.138067
0.517753
0.103551
0.0230112
0.0805393
0.47173
0.65582
0.207101
0.0230112
0.0690337
0.0920449
0.276135
0.713348
0.47173
0.0230112
0.0575281
0.0230112
0.230112
0.0345169
0
0.115056
0
0.0345169
0.0575281
0.322157
0.586787
0.0345169
0.310652
0.0115056
0
0
0.609798
0.126562
0.0805393
0.0690337
0.0115056
0.299146
0.18409
0.862921
0
0.333663
0.0230112
0.310652
0
0.0920449
0.333663
0.36818
0.0690337
0.0805393
0
0.724854
0
0.195596
0.483236
0.598292
0.149573
0.437213
0
0.218607
0.264629
0.0920449
0.885933
0
0.18409
0
0.230112
0.0230112
0.448719
0.356674
0
0.161079
0.391191
0.678831
0
0.0230112
0.28764
0
0
0.517753
0.0115056
0
0.115056
0.0460225
0.28764
0.0115056
0.0460225
0.460225
0.0460225
0.540764
0
0.299146
0.126562
0.126562
0
0
0.0805393
0
0.379685
0.0575281
0.0345169
0.0575281
0.391191
0
0.0115056
0.218607
0.0115056
0.218607
0.253124
0
0.161079
0.310652
0.943461
0
0.391191
0
0
0
0.241618
0.460225
0.73636
0.0230112
1.00099
0.391191
0
0
0.0920449
0.0920449
0.0805393
0.448719
0
0.241618
0.379685
0
0.0115056
0.149573
0.322157
0.0115056
0.161079
0.0115056
0.0345169
0.161079
0.65582
0.126562
0.28764
0.0345169
0.529258
0
0.161079
0.0115056
0.379685
0.161079
0.276135
0.83991
0.115056
0.586787
0.517753
0.73636
0.126562
0.0920449
0.0805393
0.0115056
0.333663
0.0115056
0.425708
0.529258
0.218607
0.586787
0.678831
0.0345169
0.310652
0.0230112
0.47173
0.0230112
0
0.0115056
0.862921
0.161079
0
0.0920449
0.241618
0.161079
0
0.402697
0.310652
0.299146
0.18409
0.0805393
0.230112
0.253124
0.0115056
0.172584
0.115056
0
0.0690337
0.0115056
0.0690337
0.529258
0.276135
0.402697
0
0.36818
0
0.805393
0.0345169
0.0805393
0
0.0115056
0
0.632809
0
0
0.161079
0.862921
0.310652
0
0.47173
0.218607
0.0575281
0.0230112
0.0805393
0.161079
0.253124
0.0805393
0.379685
0.575281
0.609798
0.517753
0.138067
0.0805393
0
0.138067
0.448719
0.0230112
0.0230112
0.230112
0.0345169
0.0230112
0
0.0460225
0.115056
0.0115056
0.540764
0.0230112
0.195596
0.414202
0.828404
0.172584
0.0230112
1.024
0.828404
0.356674
0.230112
0.207101
0
0.460225
0.126562
0.83991
0
0.724854
0.701843
0
0.322157
0
0
0.241618
0.161079
0.253124
0.678831
0
0
0
0.0115056
0.28764
0.0230112
0.0230112
0.115056
0.138067
0.0345169
0.149573
0.36818
0.149573
0.73636
0.0115056
0.0690337
0.0690337
0.115056
0
0.18409
1.19658
0
0.460225
0.0575281
0
0.299146
0
0.172584
0.0690337
0.0345169
0.0690337
0
0.264629
0.0920449
0.0690337
0.379685
0.379685
0.241618
0.0115056
0.391191
0.0690337
0.0460225
0
0.0690337
0
0.0345169
0.264629
0.0230112
0.0575281
0.0115056
0.264629
0.345169
0.529258
0
0.793888
0.299146
0.138067
0.391191
0.149573
0
0
0.0230112
0.218607
0.0460225
0.264629
0.0690337
0.230112
0.28764
0
0
0.241618
0.65582
0.322157
0.0230112
0.0460225
0.345169
0.437213
0.207101
0
0
0.103551
0
0.483236
0.115056
0.18409
0.138067
0.460225
0.0690337
0.83991
0.0115056
1.07002
0
0.0805393
0.28764
0
0.218607
0
0.207101
0
0.448719
0.126562
0
0
0
0.391191
0
0.0920449
0.103551
0.678831
0.563775
0.161079
0.402697
0.115056
1.05852
0.218607
0
0
0
0.529258
0
0.0805393
0.529258
0.0575281
0.379685
0.0230112
0.460225
0.264629
0.448719
0.598292
0.885933
0.356674
0.138067
0
0
0.0575281
0.793888
0.115056
0.241618
0.977978
0.103551
0.0690337
0.264629
0
0.0460225
0.230112
0.161079
0.28764
0.241618
0.149573
0.0805393
0.0805393
0.218607
0.28764
0.241618
0.0460225
0.0690337
0.0115056
0
0
0.149573
0.161079
0
0.264629
0.172584
0.379685
0.264629
0.253124
0.701843
0.0460225
0.195596
0
0
0.0345169
0.379685
0.0115056
0
0.483236
0.448719
0.0690337
0.65582
0.0230112
0.632809
0
0.0460225
0.195596
0.18409
0.0575281
0.494742
0.0345169
0.276135
0
0.276135
0.460225
0
0.621303
0.333663
0.0345169
0.0115056
0.908944
0
0.103551
0.0690337
0.667326
0
0.172584
0.379685
0.448719
0
0.322157
0.0920449
0.425708
0.195596
0.724854
0.0115056
0.0805393
0.0345169
0.0920449
0.0460225
0.0230112
0.0920449
0.149573
0.609798
0.713348
0.138067
0.529258
0.356674
0.0230112
0.207101
0.218607
0.0345169
0.0115056
0
0.0230112
0
0
0
0.0230112
0
0.36818
0
0
0
0
0
0
0
0
0
0.0115056
0.0115056
0
0
0.0230112
0.494742
0
0.0920449
0
0
0
0
0.0115056
0
0.0115056
0
0
0.437213
0.0575281
0.0345169
0
0
0.0115056
0
0
0
0
0.0115056
0.0345169
0.0115056
0
0
0.0805393
0
0
0.0115056
0
0
0.0345169
0
0
0
0
0
0.103551
0
0.0805393
0
0
0.207101
0.0230112
0
0.0115056
0
0
0
0.0345169
0
0
0
0
0.0115056
0.0230112
0
0
0
0
0
0
0
0
0.172584
0.0115056
0
0
0
0
0
0.218607
0.0115056
0
0
0.0460225
0
0
0
0
0
0
0
0
0
0.0115056
0
0
0.0230112
0.0230112
0
0
0.0115056
0
0
0.0230112
0.0115056
0.0230112
0
0
0
0
0.0575281
0
0.391191
0
0
0.0115056
0
0
0
0
0
0
0.0230112
0
0
0
0
0
0
0
0.149573
0
0.0115056
0
0.0805393
0.0460225
0.0345169
0.0115056
0
0
0
0.0115056
0
0.0345169
0.0115056
0
0.0115056
0
0.0115056
0
0
0
0.0575281
0
0
0
0.0230112
0.0345169
0.0805393
0
0.0115056
0.0115056
0
0
0.0115056
0.402697
0.0115056
0
0
0.0460225
0.0230112
0
0
0
0.0115056
0
0
0.0230112
0.195596
0.0115056
0
0
0.0115056
0.0230112
0
0.0115056
0.483236
0.0230112
0
0.0230112
0.0115056
0
0
0
0
0
0
0
0
0
0
0
0.0230112
0
0
0.0230112
0
0
0.0115056
0
0
0.0115056
0
0.138067
0
0
0.299146
0.0115056
0.0460225
0.0230112
0
0
0
0
0
0
0.0115056
0.0230112
0
0.0115056
0
0
0
0
0.0230112
0
0.0575281
0.0230112
0
0
0.0115056
0
0
0
0
0
0
0.345169
0
0
0
0.0690337
0.103551
0
0
0.0115056
0.0230112
0.0230112
0
0
0
0
0
0.0230112
0
0
0.0345169
0.0115056
0
0
0
0
0
0
0.0115056
0.276135
0
0.0115056
0
0.0115056
0.0115056
0
0
0.0805393
0
0
0
0
0
0.0115056
0.0115056
0
0.0920449
0
0
0
0.483236
0
0
0
0
0
0.0230112
0
0.0115056
0
0.0920449
0
0.195596
0
0.0115056
0
0.207101
0
0
0
0.218607
0
0.0115056
0
0
0.0230112
0
0
0
0
0.241618
0.0115056
0
0
0
0
0
0.0460225
0
0.0230112
0
0
0
0.0115056
0
0.0115056
0
0
0
0.0115056
0
0.126562
0
0
0
0.0115056
0
0
0
0
0.0345169
0
0.103551
0
0.172584
0
0.0115056
0
0.0115056
0
0
0
0
0
0
0
0.0345169
0
0
0
0.0115056
0.55227
0
0.0115056
0.0115056
0
0
0.0345169
0
0
0
0.0460225
0
0.161079
0
0
0
0
0.0115056
0
0
0
0
0.759371
0
0
0.793888
0
0
0
0
0
0
0
0.0345169
0
0.0115056
0
0
0
0
0
0
0.299146
0
0
0
0
0.207101
0.0345169
0.0115056
0
0.0230112
0
0.0805393
0
0.0115056
0
0.0230112
0
0.0230112
0.115056
0
0.0345169
0
0
0.0115056
0.0115056
0.0920449
0.0230112
0
0.0115056
0
0.0460225
0
0
0
0
0
0.0115056
0
0
0
0.494742
0
0
0.0230112
0
0
0
0
0
0
0
0.149573
0.0115056
0.0115056
0
0
0
0.0805393
0.0460225
0.0115056
0
0
0.0230112
0
0
0
0
0
0.0115056
0
0
0
0
0
0.0115056
0
0.0115056
0
0
0.0115056
0.0230112
0
0.0230112
0
0
0.0115056
0
0
0
0
0
0
0.0345169
0.0115056
0
0.0230112
0
0
0.0115056
0.0115056
0
0
0
0
0
0
0
0.0115056
0
0
0.506247
0
0
0.0345169
0
0
0
0
0
0.0115056
0
0
0
0
0
0
0.0920449
0
0
0.0230112
0
0
0
0
0.0575281
0
0
0
0.0345169
0
0.0230112
0
0
0
0
0
0.0345169
0
0
0
0
0
0.0115056
0.0230112
0
0
0
0
0
0.0575281
0
0
0
0
0
0
0.161079
0
0.0230112
0
0
0
0.0230112
0
0
0
0.0115056
0.0690337
0
0.0230112
0.0345169
0
0
0
0
0
0
0
0
0.0115056
0
0
0.218607
0
0.0345169
0.0230112
0
0
0
0
0.0690337
0
0
0
0
0.103551
0
0
0
0
0
0
0.0230112
0
0
0
0
0
0
0
0.0115056
0.0230112
0
0
0
0.0230112
0
0
0
0
0
0
0
0.0230112
0
0.0115056
0
0.172584
0
0
0
0.138067
0.0230112
0
0.149573
0.0230112
0
0
0
0
0
0
0.0115056
0
0
0
0
0.0115056
0
0.0805393
0
0
0
0
0
0
0.0115056
0.126562
0
0
0.0460225
0.0115056
0.115056
0
0
0
0
0
0
0.0115056
0
0
0
0.115056
0
0.0230112
0.0115056
0
0.0345169
0
0
0
0
0
0
0.0460225
0
0
0
0
0.0115056
0.0345169
0
0
0
0
0
0.0115056
0
0.253124
0
0
0
0
0
0
0
0
0.0230112
0.0115056
0.0690337
0.0345169
0.0115056
0.0115056
0
0.0575281
0
0.0115056
0
0
0.0115056
0
0
0
0.0805393
0.0115056
0
0.0575281
0.0115056
0.0460225
0.0230112
0
0
0
0
0
0
0
0.103551
0.0230112
0
0
0
0.218607
0
0.0345169
0
0.0115056
0.0690337
0
0
0
0
0
0
0
0.103551
0.0345169
0.0115056
0
0
0
0
0
0.0345169
0
0
0.0230112
0
0
0
0
0.0115056
0.103551
0
0
0
0
0
0
0
0.0115056
0
0
0
0
0
0
0
0
0.0115056
0.0230112
0
0.276135
0.0345169
0.0230112
0
0.0230112
0
0.0115056
0.230112
0.28764
0
0
0
0
0
0
0
0
0
0
0
0.0230112
0.0230112
0
0
0.149573
0
0.483236
0
0
0
0
0
0.0920449
0
0.0230112
0.0115056
0
0
0
0
0
0
0.161079
0
0.36818
0
0
0
0
0.0115056
0.0230112
0
0.0115056
0
0
0
0.0230112
0.0115056
0
0
0
0
0
0
0.0575281
0
0.28764
0
0
0
0
0
0
0.0460225
0.0460225
0
0
0
0
0.0805393
0
0
0.0115056
0.0115056
0
0.0115056
0
0
0
0
0
0
0
0
0.0345169
0.0575281
0.0460225
0
0.0230112
0
0.230112
0.0115056
0
0.0230112
0
0
0
0.0460225
0
0.0115056
0
0
0.0230112
0.333663
0
0.0115056
0
0
0.0115056
0.0115056
0
0
0.0115056
0
0
0
0.310652
0
0.0115056
0
0
0.0805393
0
0
0
0.195596
0.0345169
0
0
0
0
0.0230112
0
0.0230112
0
0
0
0
0.0230112
0
0.0460225
0.0230112
0
0
0
0
0
0
0.264629
0
0
0
0.713348
0.264629
0.172584
0
0.0230112
0.0230112
0.0460225
0.253124
0.161079
0.0805393
0.0920449
0.253124
0
0.115056
0
0.0115056
0.402697
0.195596
0.18409
0.0345169
0.0115056
0.28764
0.862921
0.448719
0.103551
0.644315
0
0
0.28764
0.0230112
0.713348
0.115056
0.0575281
0
0.0230112
0
0.0690337
0.0575281
0.529258
0
0.609798
0.0805393
0.310652
0
0.310652
0
0.506247
0.0690337
0.437213
0.0345169
0.0115056
0.172584
0.299146
0.529258
0.115056
0
0
0.149573
0
0.126562
0.0345169
0
0.770876
0.149573
0.310652
0.322157
0
0.0460225
0.253124
0.138067
0.0460225
0.195596
0.103551
0.724854
0.0575281
0.276135
0.908944
0.126562
0.0805393
0.299146
0.218607
0
0.0230112
0
0.230112
0.391191
0.310652
0.908944
0.529258
0.0115056
0.230112
0.0690337
0.690337
0.0115056
0.540764
0
0.0115056
0.0230112
0.0115056
0
0
0.172584
0.379685
0.0805393
0.356674
0.0805393
0.621303
0.575281
0.0345169
0.126562
0
0.667326
0.126562
0.0920449
0.0230112
0.172584
0.0115056
0
0.0115056
0.230112
0.356674
0
0.0230112
0
0.0920449
0.0230112
0.747865
0.65582
0.0115056
0.0115056
0.345169
0.517753
0.299146
0.28764
0.379685
0.632809
0
0.253124
0.241618
0
0
0.0690337
0.0230112
0.414202
0
0.782382
0.264629
0.632809
0.103551
0
0.0460225
0.0345169
0.207101
0
0.667326
0.310652
0.402697
0.0805393
0.18409
0.264629
0.379685
0
0
0.126562
0.425708
0
0.126562
0.230112
0.517753
0.149573
0.138067
0.73636
0.195596
0.0115056
0.0115056
0.379685
0.0345169
0.218607
0.18409
0.55227
0.36818
0.0805393
0.207101
0.149573
0.276135
0.161079
0
0.391191
0
0.172584
0.0805393
0.172584
0
0.0920449
0.55227
0.241618
0.28764
0
0.609798
0.0230112
0.0690337
0.356674
0.207101
0.0115056
0.0115056
0
0
0.0460225
0.47173
0.0460225
0.322157
0.345169
0.172584
0.0115056
0
0.0115056
0.115056
0.425708
0.0345169
0.276135
0.0460225
0
0.0115056
0.0920449
0.73636
0.0115056
0.402697
0
0.851416
0.0690337
0.207101
0.0345169
0.126562
0
0.276135
0.299146
0
0.701843
0.172584
0
0
0.356674
0.0690337
0.36818
0.414202
0
0
0.322157
0.0230112
0.115056
0
0.195596
0.0460225
0
0.161079
0.253124
0.540764
0.0575281
0.0805393
0.414202
0.276135
0.0805393
0.0115056
0
0.276135
0.356674
0.218607
0
0.299146
0.609798
0.126562
0.172584
0.632809
0.391191
0.138067
0
0.437213
0.103551
0.563775
0.126562
0.0460225
0.0345169
0.0920449
0.759371
0.0805393
0
0.0345169
0
0.149573
0.632809
0.18409
0.885933
0.425708
0
0.115056
0.126562
0.264629
0
0.356674
0.207101
0.0460225
0.103551
0
0.0230112
0.782382
0.0230112
0.322157
0.0345169
0.0115056
0.414202
0.805393
0.172584
0
0.0230112
0.138067
0.264629
0.437213
0
0.0460225
0.65582
0
0.126562
0.0345169
0
0
0.0805393
0
0.172584
0.0345169
0.264629
0.0345169
0.0230112
0.172584
0.65582
0.0460225
0.126562
0
0.253124
0.782382
0
0
0
0.0920449
0.264629
0.149573
0.0690337
0.793888
0.126562
0.230112
0.529258
0.83991
0.0805393
0
0.18409
0.0460225
0.161079
0.0230112
0
0.36818
0.276135
0.161079
0.115056
0.0345169
0.678831
0.65582
0.356674
0
0.126562
0.0460225
0
0.310652
0.172584
0.828404
0
0
0.529258
0.161079
0.276135
0.483236
0.207101
0.264629
0.483236
0.115056
0.172584
0.310652
0
0
0
0.0920449
0.195596
0.230112
0.759371
0.322157
0.0920449
0.0115056
0.540764
0.18409
0.540764
0.379685
0.0460225
0.0920449
0
0.0115056
0.345169
0.264629
0.586787
0.0345169
0
0.0115056
0.172584
0.28764
0.149573
0.0230112
0.540764
0.207101
0.253124
0.0115056
0.230112
0.540764
0.207101
0.276135
0.149573
0.632809
0.0575281
0
0.172584
0.0345169
0.299146
0.299146
0
0.954966
0.47173
0.632809
0.207101
0.103551
0.149573
0
0
0.0345169
0
0.0115056
0.126562
0.0575281
0
0.0805393
0.0575281
0
0.0460225
0.126562
0.0920449
0.483236
0.0345169
0.920449
0.0920449
0
0
0.529258
0.897438
0.483236
0.299146
0
0
0.333663
0.28764
0.126562
0
0.0115056
0.0920449
0.402697
0.0460225
0.18409
0.55227
0.0345169
0
0.0115056
0.276135
0.322157
0
0
0.437213
0
0.494742
0.115056
0
0.632809
0.195596
0.195596
0.253124
0.138067
0.172584
0.414202
0.65582
0.414202
0.724854
0
0
0
0.0460225
0.47173
0.126562
0.931955
0.540764
0.0115056
0.690337
0.0460225
0.322157
0.621303
0
0
0.598292
0
0.172584
0.161079
0.0690337
0.0115056
0.540764
0.0115056
0
0.138067
0.483236
0.172584
0.414202
0.253124
0.138067
0
0.0115056
0.241618
0.0115056
0.0230112
0.0115056
0.460225
0.0230112
0.828404
0.253124
0.414202
0.437213
0.0575281
0
0.0230112
0.345169
0.0115056
0.276135
0.0115056
0.253124
0
0.18409
0.0805393
0.0690337
0.103551
0
0.138067
0.0230112
0.333663
0.0115056
0.0575281
0.713348
0.460225
0.356674
0
0
0.322157
0
0.460225
0.356674
0.115056
0.0115056
0.264629
0
0.517753
0
0.126562
0
0.713348
0.0230112
0
0.0345169
0.253124
0.0115056
0.115056
0
0.0115056
0.425708
0.0460225
0.0460225
0.609798
0.0115056
0.195596
0.0345169
0.36818
0
0.644315
0.161079
0.218607
0
1.35766
0.0115056
0.0690337
0.0115056
0
0.0690337
0.0345169
0.540764
0.0115056
0.402697
0.563775
0.540764
0.299146
0.0230112
0.103551
0.310652
0
0.161079
0.103551
0.310652
0.65582
0.138067
0.322157
0.0345169
0.299146
0
0.195596
0.126562
0.0115056
0.0230112
0.138067
0
0
0.276135
0
0.264629
0.333663
0.529258
0.391191
0.0345169
0.0920449
0.0345169
0
0.218607
0.310652
0
0.586787
0.0460225
0.310652
0
0.540764
0.0805393
0.149573
0.540764
0.0805393
0.149573
0.345169
0.770876
0.0805393
0.115056
0.391191
0.483236
0.18409
0.586787
0.0230112
0.0460225
0.218607
0.816899
0
0
0.460225
0.207101
0.253124
0
0.28764
0.598292
0
0.195596
0.506247
0.322157
0.644315
0.402697
0.540764
0.0460225
0.0690337
0.126562
0.0920449
0.0230112
0
0.264629
0.690337
0.0460225
0.0345169
0.0230112
0.0115056
0.207101
0.161079
0.276135
0.28764
0.241618
0.18409
0.0690337
0
0.632809
0.908944
0.149573
0
0.529258
0.195596
0.690337
0
0.322157
0.241618
0
0.83991
0.207101
0.0230112
0.0920449
0.103551
0.55227
0
0.276135
0.195596
0.195596
0.18409
0.0345169
0.0230112
0
0.161079
0.678831
0.0690337
0.161079
0.299146
0.207101
0.0230112
0
0.0345169
0.0920449
0.356674
0.0575281
0.115056
0.241618
0.0230112
0.0115056
0.276135
0.276135
0.126562
0.149573
0.747865
0.678831
0.0345169
0.448719
0.0115056
0
0.333663
0.805393
1.04701
0.0460225
0
0.126562
0
0.0920449
0
0
0.586787
0.0345169
0
0.379685
0.897438
0.0115056
0.299146
0
0.149573
0.115056
0.115056
0.0805393
0.0230112
0.0230112
0.506247
0.0115056
0.115056
0.138067
0.391191
0.149573
0.0805393
0.0230112
0.218607
0.115056
0
0.0460225
0.0115056
0.253124
0.0115056
0.0115056
0.483236
0.0575281
0.253124
0.0805393
0.483236
0.0115056
0.563775
0.138067
0.0805393
0.161079
0
0.0920449
0.299146
0.0460225
0.0230112
0.0115056
0.0345169
0.828404
0
0.0460225
0.333663
0.0460225
0.540764
0.391191
0.264629
0.172584
0.172584
0.322157
0
0.36818
0.0460225
0.195596
0.0115056
0.644315
0.0230112
0.276135
0
0.391191
0
0
0.0115056
0.0115056
0.0115056
0.701843
0
0.0805393
0.0920449
0.310652
0.241618
0.195596
0
0.0115056
0.276135
0.0345169
0.149573
0.943461
0.195596
0.506247
0.563775
0.195596
0
0.230112
0
0.506247
0.218607
0
0.609798
0.103551
0
0.103551
0.36818
0.494742
0.437213
0.644315
0.425708
0.345169
0.230112
0.0690337
0.0460225
0.310652
0.276135
0
0.0460225
0.333663
0
0.230112
0.172584
0.0230112
0.345169
0
0
0.172584
0.529258
0
0.195596
0.276135
0.0115056
0.402697
0.425708
0.598292
0.414202
0.18409
0.103551
1.01249
0
0.0460225
0.0230112
0.0690337
0.18409
0.0805393
0
0
0.379685
0
0.0230112
0.0575281
0.494742
0.172584
0.172584
0.0460225
0.28764
0.356674
0.276135
0.0230112
0.103551
0.0115056
0
0
0.460225
0.172584
0.609798
0.0460225
0.494742
0.0230112
0.36818
0.437213
0.149573
0.322157
0.115056
0.448719
0
0.230112
0.138067
0.0115056
0.103551
0.425708
0.402697
0.0115056
0
0.161079
0.195596
0
0.690337
0.391191
0.0345169
0.172584
0.28764
0.0115056
0.632809
0.0115056
0.0230112
0.667326
0
0
0
0.0115056
0
0
0.333663
0.241618
0
0.0575281
0.0230112
0
0.0920449
0.0230112
0.0920449
1.00099
0.494742
0
0.0115056
0.920449
0.115056
0
0
0.379685
0.0920449
0.345169
0.0345169
0.115056
0
0
0.379685
0
0.494742
0.517753
0
0
0.333663
0.18409
0
0.0345169
0.0690337
0.0460225
0.161079
0.759371
0.425708
0.0115056
0.0690337
0
0.563775
0.264629
