0
0.39084
1.18815
0
0.640977
0.125069
0.0312672
0.453374
0.0156336
0
0
0
0
0.265771
0
0
0
0
0.703511
0.0156336
0
0
0
0
0
0.250137
0.109435
0.766046
0.0156336
0.0156336
0.0312672
0.125069
0.140702
0.640977
0
0.328305
0.0312672
0
0.250137
0.469008
0.343939
0.140702
0
0.187603
0.281405
0.625344
0.0156336
0
0.109435
0
0.21887
0.125069
0.0156336
0.0156336
1.17252
0
0
0
0
0.562809
0.562809
0.0781679
0.453374
0
0
0.203237
0.0156336
0.0625344
0
0.0781679
0.0781679
0
0.328305
0
0
0
0.0156336
0
0
0.656611
0.109435
0.156336
0.0156336
0
0.156336
0
0.203237
0
0.281405
0
0.140702
0
0.359573
0
0.187603
0.0156336
0.109435
0
0.0156336
0
0.0781679
0
0.734779
0.39084
0.187603
0.422107
0
0
0.234504
0.0625344
0
0
0
0.500275
0.250137
0.0312672
0.234504
0.203237
0.328305
0
0
0
0
0.0156336
0.0781679
0.0625344
0.594076
0.453374
0
0.125069
0.343939
0.0156336
0.781679
0.0156336
0.406473
0
0.109435
0.156336
0.0625344
0.906748
0
0
1.28195
0.140702
0.0312672
0
0.187603
0.0156336
0.594076
0
0.0938015
0
0
0.0312672
0
0.0938015
0.0156336
0
0.734779
0
0.203237
0.594076
0.375206
0.187603
0.312672
0.0312672
0.672244
0.0156336
0.156336
0.21887
0.0156336
0.187603
0.656611
0
0.0312672
0
0.0625344
0.171969
0.469008
0
0.0312672
0
0.0938015
0.343939
0.109435
0.125069
0
0
0.343939
0
0
0
0.265771
0
0
0.109435
0
0.0469008
0.0469008
0.297038
0.0469008
0.140702
0.594076
0
0.187603
0.39084
0.250137
0.0469008
0
0.0156336
0.891115
0
0.140702
0.672244
0.171969
0.312672
0
0.187603
0
0.0156336
0.156336
0.0156336
0.0469008
0
0
0.140702
0
0.0156336
0.656611
0
0.187603
0.312672
0.406473
1.04745
0.125069
0.594076
0
0
0.0312672
0.734779
0.766046
0
0.297038
0.203237
0.156336
0.0156336
0
0.594076
0.265771
0.234504
0
0.797313
0.156336
0
0.187603
0
0
0.281405
0
0.906748
0.60971
0
0.359573
0.0156336
0.734779
0.343939
0.0781679
0
0.531542
0.375206
0
0.859847
0.171969
1.01618
0.203237
0.422107
0.297038
0.0469008
0.21887
0.453374
0.0781679
0
1.09435
0.109435
0.500275
1.06308
0.672244
0.500275
0.234504
0.0625344
0.359573
0.0156336
0
0.203237
0
0.171969
0.297038
0.140702
0.0312672
0.312672
0.281405
0.265771
0.312672
0.140702
0
0
1.01618
0.375206
0.187603
0.672244
0.125069
0
0
0.125069
0.0625344
0.406473
0.109435
0.0625344
0.156336
0.21887
0.422107
0.0625344
0.43774
0
0.234504
0.0156336
0.0156336
0.0625344
0.719145
0.82858
0.109435
0
0.250137
0.171969
0.594076
0.515908
0.328305
1.17252
0.187603
0
0
0
0.0469008
0.109435
0.312672
0
0.0781679
0.21887
0
0
0.109435
0.343939
0
0
0.469008
0.171969
0.515908
0
0
0
0
0.43774
0.547176
0
0.0625344
0.109435
0
0.0156336
0.375206
0.60971
0.0781679
0.0625344
0.0156336
0.250137
0.60971
0
0.109435
0.328305
0.703511
0
0.0781679
0.328305
0.21887
0.0469008
0.406473
0.0156336
0
0.0938015
0.140702
0
0.0625344
0.766046
0.0312672
0.0625344
0
0.156336
0.797313
0.0625344
0.328305
0.0156336
0
0.0312672
0
0
0.156336
0
0.171969
0.250137
0.21887
0.906748
0
0.359573
0.156336
0
0.0781679
0
0.0312672
0
0
0.0156336
0
0
0
0.312672
0.203237
0.234504
0
0
0
0.0625344
0.43774
0.766046
1.14125
0
0.0938015
0.0156336
0.39084
0.343939
0
0.0312672
0.0625344
0.375206
0
0
0
0
0.719145
0.469008
0
0
0
0.109435
0
0.140702
0
0.250137
0.640977
0.0312672
0
0
0
0.140702
0
0.0625344
0.0312672
0
0.0156336
0
0.0625344
0
0
0.140702
0.375206
0.422107
0
0.125069
0.0625344
0.0312672
0
0.672244
1.23505
0.0156336
1.03182
0.0781679
1.00055
0
0.0469008
0
0.0625344
0.0312672
0.187603
0.328305
0
0.453374
0.484641
0
0.250137
0.171969
0
0.469008
0.0156336
0.187603
0.594076
0
0.156336
0.0312672
0.203237
0.703511
0
0
0
0
0
0
0.734779
0.484641
0.594076
0.328305
0
0.0156336
0
0.109435
0.0625344
0
0.328305
0
0
0.734779
0.422107
0.687878
0.375206
0
0.187603
0
0.0469008
0.187603
0.0469008
0
0.109435
0.0469008
0.0156336
0.406473
0.0625344
0.0469008
0
1.01618
0.203237
0.406473
0.484641
0.0156336
0.125069
0.60971
0.0156336
0.0469008
0.312672
0.0781679
0.0469008
0.750412
0.60971
0.234504
1.14125
0.109435
0.0312672
0
0
0.265771
1.25069
0.531542
0.0156336
0.0469008
0
0.406473
0.0312672
0
0.171969
0.0156336
0.203237
0.187603
0
0.0156336
0.547176
0.0938015
0
0.343939
0.0156336
0.312672
0.0312672
0.406473
0
0.125069
0.187603
0.0156336
0
0
0.0625344
0.156336
0.171969
0
0.0781679
0
0
0
0.625344
0.234504
0.312672
0
0
0.0781679
0.515908
0.0156336
0.453374
0.171969
0
0.984916
0.125069
0.0312672
0
0.484641
0.297038
0.0312672
0.0938015
0.39084
0
0.484641
0.125069
0.60971
0
0
0.469008
0.109435
0.0312672
0.0312672
0.0469008
0.359573
0
0
0.469008
0
0
0.0625344
0.281405
0
0.156336
0.109435
0.0156336
0.578443
0
0.0156336
0.343939
0.797313
0.406473
0.343939
0.0156336
0.0156336
0.328305
0.312672
0.156336
0
0
0
1.09435
0
0.297038
0.640977
0.156336
0.0938015
0
0.328305
0
0
0.234504
0.203237
0.0156336
0.703511
0
0
0
0.140702
0.0625344
0
0.140702
0.500275
0.0625344
1.15689
0.515908
0.140702
0
0.640977
0.140702
0.0156336
0.187603
0.0938015
0.109435
0.265771
0.0625344
0
0
0.0312672
0
0.0312672
0.125069
0
0.156336
0.484641
0.0469008
0.109435
0
0
0
0.0312672
0
0
0
0.0781679
0.734779
0.343939
0.500275
0
0
0.125069
0.60971
0.0625344
0.60971
0
0.297038
0.734779
0
0
0.297038
0.0781679
0
0
0.21887
0.640977
0.562809
0.0938015
0.234504
0
0
0
0.140702
0.422107
0.687878
0.0938015
0.171969
0
0.594076
0.0312672
0.0156336
0.43774
0.0781679
0
0.0625344
0
0.328305
0
0.422107
0
0.234504
0.0938015
0
0.125069
1.12562
0.0156336
0.21887
0
0.359573
0.453374
0.250137
0.39084
0.0781679
0
0
0.43774
0
0.281405
0.578443
0.453374
0.0156336
0.500275
0
0.422107
0.187603
0.0781679
0
0
0.453374
0
0.297038
0.0469008
0.594076
0.125069
0.0781679
0.125069
0.515908
0.39084
0.234504
0
0
0
0.0156336
0
0
0
0.0156336
0.0156336
0
0
0.21887
0.0469008
0.0469008
0.0781679
0.109435
0.0156336
0.187603
1.06308
0.484641
0.343939
0.0156336
0
0.0312672
0
0.359573
0.406473
0
0
0.21887
0.0312672
0
0
1.17252
0.0781679
0
0
0
0.0156336
0.312672
0.203237
0.719145
0.109435
0.203237
0
0.422107
0
0.125069
0.640977
0.656611
0.234504
0.0625344
0
0
0.0938015
0
0.0156336
0.0156336
0
0
0.500275
0
0
0.250137
0
0.0312672
0.562809
0.343939
0
0.375206
0.156336
0.781679
0.0156336
0
0
0
0
0
0.594076
0.953649
0.515908
0.39084
0
0.0781679
0.0156336
0
0
0
0.0156336
0.469008
0.109435
0.938015
0
0.312672
0.171969
0.0938015
0
0.453374
0
0.0781679
1.07872
0
0.39084
0.0312672
0
0.0781679
0.250137
1.15689
0
0
0
0.672244
0.422107
0.734779
0
0.0781679
0
0.422107
0
0
0
0.0625344
0.0156336
0
0.203237
0
0.703511
0
0.0781679
0.109435
0.171969
0
0.312672
0.0156336
0.0312672
0.156336
0.0469008
0.0469008
0
0
0.469008
0.328305
0.21887
0.234504
0
0
0.171969
0
0
0.562809
0.594076
0.39084
0.0781679
0.171969
1.36012
0.625344
0
0
0.0312672
0.359573
0.343939
0
0
0
0
0
0
0
0
0.640977
0
0
0.187603
0.0156336
0
0.297038
0
0.125069
0
0
0.0312672
0
0.0312672
0.0156336
0.0156336
0
0
0.21887
1.00055
0.0625344
0.766046
0.312672
0.938015
0.0469008
0.719145
0.297038
0.359573
0.0625344
0
0.0781679
0.43774
0
0.515908
0.0312672
0.171969
0
0.0312672
0.0938015
0.578443
0.0625344
0.203237
0.0469008
0.594076
0.0625344
0.703511
0.0156336
0.109435
0.109435
0.0156336
0.125069
0
0.343939
0
0
0.140702
0.0156336
0.750412
0.0156336
0
0.719145
0.0938015
0.39084
0
0.234504
0.21887
0.109435
0.328305
0.125069
0.0469008
0.359573
1.07872
0.43774
0
0
0.343939
0
0.21887
0.0312672
0
0
0.0469008
0.0938015
0.515908
0.859847
0.109435
0.109435
0.328305
0.60971
0.375206
0.297038
0.265771
0.0469008
0.234504
0.297038
0.0781679
0.891115
0.234504
0.640977
0.43774
0
0.0781679
0
0.0156336
0.0312672
0
0
0
0
0.21887
0.156336
0.515908
0.500275
0.109435
0.21887
0.0156336
0.656611
0.0156336
0
0.406473
0
0.703511
0
0.0781679
0.234504
0.140702
0.265771
0
0.0312672
0.0781679
0
0.0781679
0.43774
0.281405
0.500275
0.640977
0.0781679
0.0312672
0
0.0156336
0.125069
0.60971
0.734779
0.359573
0.187603
0.0625344
0.484641
0.859847
0.359573
0.328305
0.297038
0.21887
0.734779
0.0781679
0.0156336
0.0312672
0.0469008
0.547176
0.594076
0.0625344
0.578443
0
0.0781679
0.0156336
0.0781679
0.171969
0.938015
0
0
0
0.0469008
0
0.0156336
0.594076
0.328305
0.0781679
0.328305
0.203237
1.46956
0
0
0.125069
0.187603
0
0.484641
0.562809
0.125069
0.515908
0.0625344
0.234504
0.0156336
0.250137
0
0.0312672
0
0.703511
0.594076
0.500275
0.203237
0.187603
0.0938015
0.203237
0.0156336
0
0.0156336
0.21887
0.0469008
0.0156336
0.156336
0.515908
0.0781679
0.0312672
0.0156336
0.203237
0.328305
0.156336
0.125069
0.281405
0.281405
0.0156336
0.0156336
0.0156336
0.422107
0.812947
0
0
0.187603
0.0469008
0.0156336
0.171969
0
0.0156336
0.250137
0.0938015
0.0312672
0
0.0156336
0.0156336
0.125069
0.484641
0.0938015
0.0156336
0.125069
0.187603
0.0469008
0.109435
0.0625344
0.234504
0.0781679
0.0156336
0.140702
0.515908
0.0469008
0
0.21887
0.171969
0.500275
0.0156336
0.0156336
0.0156336
0
0.0938015
0.0312672
0
0.0156336
0.0312672
0.0312672
0.0312672
0.156336
0.109435
0.21887
0
0.171969
0.187603
0
0.328305
0.0625344
0.0469008
0.125069
0.203237
0
0
0
0
0
0.547176
0.234504
0
0.0156336
0.0625344
0.0312672
0.234504
0.0938015
0.734779
0.0156336
0.0312672
0
0
0
0.250137
0.0625344
0
0
0.156336
0.0156336
0
0.0156336
0.21887
0
0.594076
0.531542
0.234504
0.484641
0.21887
0
0.0625344
0.140702
0.187603
0.687878
0.60971
0.265771
0.844214
0.0312672
0.343939
0.328305
0.343939
0.109435
0.171969
0.0469008
0.0312672
0.140702
0.0156336
0.171969
0.0469008
0.109435
0
0.297038
0
0.562809
0.0781679
0
0.515908
0.43774
0.250137
0.297038
0.343939
0.0625344
0.359573
0.187603
0.0938015
0.0156336
0.0156336
0.969282
0.0625344
0.0312672
0.39084
0
0.125069
0.265771
0
0.281405
0.0156336
0.82858
0.0781679
0.0156336
0
0.640977
0.265771
0.406473
0.281405
0.469008
0.562809
0.0469008
0.125069
0
0
0
0.0625344
0.343939
0.140702
0.0938015
0
0.547176
0.500275
0.21887
0.203237
0.0312672
0.734779
0
0.422107
0.0156336
0.0469008
0.21887
0.312672
0
0.0469008
0.422107
0.781679
0
0.125069
0.0938015
0.171969
0.21887
0.187603
0
0
0
0.594076
0
0
0.234504
0.156336
0.0469008
0
0.0312672
0.375206
0.0156336
0.328305
0.500275
0.0625344
0.109435
0.140702
0.0156336
0
0.0781679
0.39084
0.0156336
0.281405
0.703511
0.250137
0.125069
0.265771
0.109435
0.0312672
0.43774
0.0156336
0.625344
0.0469008
0
0.265771
0.281405
0.0625344
0.43774
0.156336
0.125069
0.171969
0.343939
0.0312672
0.0156336
0.39084
0.0469008
0.547176
0.453374
0.531542
1.12562
0.0625344
0.250137
0.234504
0.250137
0
0
0.625344
0.265771
0.203237
0.328305
0.0781679
0
0
0.312672
0.125069
0.203237
0.672244
0.0938015
0.265771
0
0.0469008
0.297038
0.125069
0
0.469008
0.422107
0.109435
0.359573
0
0.125069
0.125069
0.21887
0.672244
0.0156336
0.406473
0
0.0469008
0.43774
0.187603
0.0156336
0.297038
0.0781679
0
0.156336
0.0156336
0
0.250137
0.0312672
0.656611
0.672244
0.312672
0.171969
0.109435
0
0.109435
0
0.265771
0.156336
0.21887
0.125069
0.406473
0.109435
0.203237
0.156336
0.672244
0.0469008
0.0156336
0.656611
0.781679
0.0469008
0.0312672
0.453374
0.203237
0
0.203237
0.453374
0.484641
0.500275
0
0
0.156336
0.562809
0.125069
0.0156336
0.187603
0.469008
0.578443
0.234504
0.0312672
0.0312672
0.0312672
0.250137
0.703511
0.531542
0.0781679
0.0625344
0.0312672
0.187603
0.0156336
0
0.187603
0.0312672
0.0156336
0.0781679
0.234504
0.672244
0.0156336
0.312672
0
0
0.0156336
0.594076
0.125069
0.0781679
0.0469008
0.0781679
0.281405
0.125069
0.891115
0
0.328305
0
0.250137
0.0312672
0.0938015
0.328305
0.312672
0.0625344
0.0781679
0
0.750412
0
0.203237
0.500275
0.60971
0.156336
0.453374
0
0.203237
0.312672
0.203237
0.922382
0
0.156336
0.0156336
0.171969
0.0156336
0.453374
0.422107
0
0.234504
0.328305
0.60971
0.0156336
0
0.265771
0
0
0.531542
0.0781679
0.0156336
0.0781679
0.0938015
0.422107
0.0312672
0.0312672
0.453374
0.0312672
0.531542
0
0.312672
0.156336
0.0938015
0.0156336
0
0.0781679
0.0156336
0.328305
0.0625344
0.0469008
0.0469008
0.484641
0
0.0312672
0.140702
0
0.203237
0.21887
0.0156336
0.171969
0.375206
0.891115
0
0.484641
0
0
0.0156336
0.234504
0.39084
0.672244
0
1.01618
0.43774
0.0156336
0
0.234504
0.0469008
0.0469008
0.359573
0.0156336
0.203237
0.43774
0
0
0.171969
0.375206
0.0469008
0.156336
0
0.0312672
0.21887
0.640977
0.0938015
0.203237
0.0469008
0.515908
0
0.187603
0
0.375206
0.21887
0.406473
0.859847
0.140702
0.484641
0.43774
0.687878
0.0938015
0.0625344
0.0938015
0.0156336
0.281405
0.0156336
0.359573
0.484641
0.265771
0.594076
0.672244
0.0312672
0.281405
0
0.515908
0.0156336
0.0312672
0
0.906748
0.203237
0
0.0312672
0.343939
0.187603
0
0.453374
0.250137
0.359573
0.187603
0.109435
0.312672
0.281405
0.0312672
0.21887
0.109435
0
0.0938015
0
0.109435
0.531542
0.234504
0.328305
0.0156336
0.297038
0.0156336
0.82858
0.0781679
0.125069
0
0
0
0.547176
0
0.0156336
0.156336
0.875481
0.375206
0
0.531542
0.234504
0.0781679
0
0.0312672
0.203237
0.312672
0.0469008
0.375206
0.625344
0.594076
0.515908
0.156336
0.0781679
0.0312672
0.140702
0.406473
0
0.0156336
0.281405
0.0781679
0.0156336
0
0.0156336
0.125069
0
0.578443
0.0156336
0.21887
0.484641
0.797313
0.171969
0.0156336
0.984916
0.891115
0.359573
0.265771
0.250137
0
0.469008
0.0938015
0.922382
0
0.734779
0.719145
0
0.265771
0
0
0.21887
0.234504
0.265771
0.625344
0
0
0
0.0156336
0.343939
0.0781679
0.0312672
0.0469008
0.0781679
0
0.0781679
0.359573
0.0781679
0.719145
0
0.0781679
0.0625344
0.109435
0
0.109435
1.09435
0
0.453374
0
0
0.187603
0
0.125069
0.140702
0.0156336
0.109435
0
0.187603
0.109435
0.0781679
0.265771
0.484641
0.265771
0.0312672
0.453374
0.0781679
0.0156336
0
0.0938015
0
0.0469008
0.281405
0.0156336
0
0.0156336
0.250137
0.297038
0.484641
0.0156336
0.797313
0.39084
0.171969
0.359573
0.0781679
0
0
0
0.156336
0.0469008
0.250137
0.0469008
0.171969
0.297038
0
0
0.234504
0.625344
0.297038
0.0312672
0.0469008
0.281405
0.43774
0.156336
0.0156336
0
0.0625344
0
0.531542
0.140702
0.21887
0.156336
0.422107
0.0625344
0.875481
0
1.10998
0
0.0625344
0.265771
0
0.234504
0
0.125069
0.0156336
0.484641
0.156336
0
0
0.0156336
0.39084
0.0156336
0.0625344
0.109435
0.719145
0.578443
0.21887
0.422107
0.140702
1.09435
0.140702
0
0
0
0.547176
0
0.125069
0.500275
0.0156336
0.43774
0
0.469008
0.265771
0.422107
0.547176
0.844214
0.328305
0.140702
0
0.0156336
0.0938015
0.734779
0.0938015
0.156336
0.938015
0.0469008
0.0469008
0.156336
0
0.0625344
0.250137
0.125069
0.406473
0.187603
0.109435
0.125069
0.0625344
0.281405
0.312672
0.359573
0.0312672
0.0781679
0.0156336
0
0.0156336
0.187603
0.0938015
0
0.250137
0.250137
0.422107
0.187603
0.312672
0.625344
0.0156336
0.187603
0
0
0.0625344
0.469008
0
0
0.297038
0.547176
0.0625344
0.750412
0.0312672
0.60971
0
0.0625344
0.187603
0.156336
0.0469008
0.43774
0.0312672
0.21887
0
0.343939
0.500275
0
0.640977
0.359573
0
0.0156336
0.922382
0
0.109435
0.140702
0.640977
0
0.171969
0.375206
0.469008
0.0312672
0.265771
0.109435
0.484641
0.21887
0.687878
0
0.0469008
0.0625344
0.125069
0.0312672
0
0.0625344
0.171969
0.625344
0.687878
0.0625344
0.594076
0.343939
0.0156336
0.297038
0.156336
0
0.0469008
0
0.0625344
0.0156336
0
0
0.0156336
0
0.328305
0.0156336
0
0
0
0
0
0
0.0156336
0
0.0156336
0.0312672
0
0
0.0625344
0.406473
0
0.0469008
0
0
0
0.0156336
0.0156336
0
0.0156336
0
0
0.297038
0.0312672
0.0469008
0
0
0
0.0156336
0
0
0.0312672
0.0156336
0.0625344
0.0156336
0
0
0.0938015
0
0
0
0
0
0.0469008
0
0
0.0156336
0
0
0.109435
0
0.109435
0
0
0.234504
0.0156336
0
0
0
0
0
0
0
0
0
0
0
0.0312672
0
0
0
0
0.0469008
0
0
0
0.109435
0.0156336
0
0
0
0
0
0.187603
0.0156336
0
0
0.0469008
0
0
0
0
0
0
0
0
0
0.0156336
0.0156336
0
0.0312672
0.0156336
0
0.0156336
0.0312672
0
0
0.0312672
0.0156336
0.0156336
0
0
0
0
0.0469008
0
0.281405
0
0
0.0156336
0
0.0156336
0
0
0
0
0.0469008
0
0
0
0
0
0
0
0.0938015
0
0.0312672
0
0.0781679
0.0781679
0.0781679
0
0.0156336
0
0
0
0
0.0625344
0.0156336
0.0156336
0.0312672
0
0.0312672
0
0
0
0.0469008
0
0
0.0312672
0.0156336
0.0156336
0.0469008
0
0.0156336
0.0156336
0
0
0
0.359573
0.0156336
0
0
0.0625344
0.0156336
0
0.0156336
0
0.0156336
0
0
0.0156336
0.21887
0.0469008
0
0
0
0.0469008
0
0
0.515908
0.0625344
0
0.0156336
0.0156336
0
0
0
0
0
0
0
0
0
0
0
0
0
0
0.0312672
0
0
0
0
0
0
0
0.0938015
0
0
0.281405
0.0469008
0.0469008
0.0312672
0
0
0
0
0
0
0
0.0156336
0.0156336
0.0156336
0
0
0
0
0.0469008
0
0.0781679
0.0938015
0
0
0
0
0
0
0
0
0
0.343939
0
0
0
0.125069
0.0625344
0
0.0156336
0.0156336
0
0.0469008
0
0
0
0
0
0.0156336
0
0
0.0156336
0.0156336
0
0
0
0
0
0
0.0156336
0.250137
0
0
0
0
0.0625344
0
0
0.0781679
0
0
0.0156336
0
0
0.0156336
0
0
0.109435
0
0
0
0.469008
0
0
0.0156336
0
0
0.0156336
0
0.0312672
0
0.0469008
0.0156336
0.156336
0
0.0156336
0
0.203237
0.0312672
0
0.0156336
0.140702
0
0
0
0
0.0156336
0
0
0
0
0.297038
0
0
0
0.0312672
0
0.0312672
0
0
0.0312672
0
0
0
0.0469008
0
0
0
0
0
0
0
0.156336
0
0
0.0312672
0.0312672
0
0
0
0
0.0312672
0.0156336
0.0938015
0
0.0938015
0
0.0156336
0
0.0625344
0
0
0
0.0156336
0
0
0
0.0469008
0
0
0
0.0938015
0.484641
0
0.0156336
0.0469008
0
0
0.0156336
0
0
0
0.0938015
0
0.125069
0
0
0
0
0.0312672
0
0
0
0
0.750412
0
0
0.781679
0
0
0
0
0
0
0
0.0312672
0
0.0156336
0
0
0
0
0
0
0.297038
0
0
0
0
0.140702
0.0312672
0
0
0.0625344
0
0.0469008
0
0
0
0.0312672
0
0.0469008
0.0938015
0
0.0312672
0
0
0.0156336
0
0.0469008
0.0625344
0.0156336
0
0
0.0781679
0
0
0
0
0
0
0
0
0
0.453374
0
0
0.0469008
0.0156336
0
0
0
0
0
0
0.125069
0
0.0156336
0
0
0
0.140702
0.0156336
0.0156336
0.0156336
0
0.0156336
0
0
0
0
0
0.0156336
0
0
0
0
0
0
0
0.0156336
0
0
0
0.0469008
0
0.0156336
0
0
0.0156336
0
0
0
0
0.0312672
0
0.0312672
0
0
0.0156336
0
0
0.0156336
0.0312672
0
0.0156336
0
0
0
0
0
0.0312672
0
0.0156336
0.500275
0
0
0
0
0
0
0
0
0.0156336
0
0.0156336
0.0156336
0
0
0
0.0469008
0
0
0.0469008
0
0
0
0
0.0625344
0
0
0
0.0469008
0
0.0469008
0
0
0.0156336
0.0156336
0
0.0156336
0
0
0
0
0
0.0312672
0.0312672
0
0
0
0
0.0156336
0.0625344
0
0
0
0
0.0156336
0
0.0469008
0
0.0312672
0
0.0156336
0
0.0469008
0
0
0.0312672
0.0156336
0.0312672
0
0.0469008
0.0312672
0
0
0
0
0.0156336
0
0
0
0.0156336
0
0
0.125069
0
0.0312672
0
0
0
0
0
0.0625344
0.0156336
0
0
0.0156336
0.125069
0
0
0.0156336
0
0
0.0156336
0.0312672
0
0
0
0
0
0
0
0.0312672
0.0469008
0
0
0
0
0
0
0
0
0
0
0
0.0781679
0.0156336
0
0
0.171969
0
0.0156336
0.0156336
0.171969
0.0469008
0
0.171969
0.0312672
0
0
0
0.0156336
0
0
0.0312672
0
0.0156336
0
0
0.0625344
0
0.0781679
0
0
0
0
0
0
0.0156336
0.171969
0.0312672
0.0156336
0.0312672
0.0312672
0.0625344
0
0.0156336
0
0
0
0
0.0156336
0
0
0.0156336
0.0781679
0
0.0156336
0.0156336
0
0.0625344
0
0
0
0
0
0
0.0938015
0
0
0
0
0
0.0312672
0
0.0156336
0
0
0
0.0156336
0
0.250137
0
0
0
0
0
0
0
0
0.0156336
0
0.0625344
0.0312672
0
0
0
0.0781679
0
0
0
0
0.0469008
0
0
0
0.0938015
0
0
0.0469008
0
0.0469008
0.0156336
0
0
0
0.0156336
0
0
0
0.125069
0.0312672
0
0
0.0156336
0.187603
0
0.0312672
0
0.0156336
0.0312672
0.0156336
0
0
0
0
0
0.0156336
0.0625344
0.0312672
0.0156336
0
0
0
0
0
0.0156336
0.0156336
0
0.0156336
0
0
0
0
0
0.0625344
0.0156336
0.0156336
0
0
0
0
0
0.0312672
0
0
0
0
0
0
0
0
0
0.0156336
0
0.171969
0.0625344
0.0156336
0.0156336
0
0
0.0312672
0.140702
0.265771
0
0
0
0
0
0
0
0.0156336
0
0
0
0.0312672
0.0156336
0
0
0.109435
0
0.43774
0
0
0
0
0.0156336
0.0781679
0
0.0469008
0
0.0156336
0
0
0
0
0
0.156336
0
0.343939
0
0
0
0
0
0
0
0
0.0156336
0
0
0.0156336
0.0156336
0
0
0
0
0
0
0.0938015
0
0.234504
0.0312672
0
0
0
0
0
0.0625344
0.0625344
0
0
0
0
0.0156336
0
0
0.0156336
0.0156336
0
0
0.0156336
0
0
0
0.0156336
0
0
0
0.0781679
0.0469008
0.0312672
0
0
0
0.187603
0.0156336
0
0.0156336
0
0
0.0156336
0.0156336
0
0.0156336
0
0
0.0156336
0.297038
0
0.0312672
0
0
0.0156336
0
0
0
0
0.0156336
0
0
0.203237
0
0
0
0
0.0469008
0.0156336
0
0
0.156336
0.0625344
0
0
0
0
0.0156336
0
0.0469008
0
0
0
0
0.0156336
0
0.0469008
0.0312672
0
0.0156336
0
0
0
0
0.297038
0
0
0
0.640977
0.328305
0.140702
0
0.0469008
0.0156336
0.0312672
0.265771
0.140702
0.0625344
0.0625344
0.328305
0
0.0625344
0
0.0156336
0.39084
0.140702
0.187603
0.109435
0
0.343939
0.859847
0.578443
0.0625344
0.687878
0
0
0.328305
0.0156336
0.703511
0.156336
0.0156336
0
0.0312672
0.0156336
0.140702
0.0469008
0.515908
0
0.625344
0.0156336
0.343939
0.0156336
0.312672
0
0.531542
0.0781679
0.422107
0.0312672
0.0156336
0.281405
0.281405
0.531542
0.0781679
0
0.0156336
0.203237
0
0.0625344
0.0625344
0
0.812947
0.171969
0.359573
0.39084
0
0.0625344
0.203237
0.109435
0.0938015
0.187603
0.156336
0.672244
0
0.312672
0.82858
0.171969
0.125069
0.281405
0.250137
0
0.0312672
0
0.250137
0.297038
0.281405
0.797313
0.562809
0.0312672
0.234504
0.0469008
0.672244
0
0.547176
0
0
0.0469008
0.0156336
0
0
0.140702
0.343939
0.140702
0.343939
0.109435
0.640977
0.578443
0.0781679
0.140702
0
0.672244
0.109435
0.0938015
0
0.21887
0
0.0625344
0
0.125069
0.375206
0
0.0156336
0.0156336
0.0938015
0.0938015
0.766046
0.60971
0
0
0.39084
0.469008
0.328305
0.39084
0.343939
0.656611
0
0.250137
0.21887
0
0
0.0156336
0
0.39084
0
0.703511
0.171969
0.687878
0.0938015
0
0.0469008
0.0156336
0.328305
0
0.672244
0.234504
0.422107
0.0781679
0.171969
0.265771
0.312672
0
0
0.109435
0.453374
0
0.171969
0.140702
0.562809
0.250137
0.125069
0.750412
0.125069
0.0156336
0.0625344
0.328305
0.0312672
0.156336
0.187603
0.484641
0.484641
0.0938015
0.203237
0.171969
0.343939
0.0781679
0.0156336
0.343939
0
0.0938015
0.0625344
0.156336
0
0.109435
0.672244
0.281405
0.375206
0.0312672
0.60971
0.0156336
0.109435
0.297038
0.281405
0.0469008
0
0
0.0156336
0.0312672
0.484641
0.0312672
0.328305
0.281405
0.171969
0
0
0
0.156336
0.406473
0.0312672
0.312672
0.0938015
0
0
0.140702
0.797313
0.0156336
0.422107
0
0.812947
0.0938015
0.265771
0.0625344
0.0312672
0
0.406473
0.281405
0
0.625344
0.171969
0
0
0.343939
0.109435
0.265771
0.406473
0
0
0.359573
0.0156336
0.125069
0
0.187603
0.0312672
0
0.187603
0.234504
0.43774
0.0781679
0.109435
0.531542
0.171969
0.125069
0
0
0.312672
0.297038
0.109435
0
0.234504
0.687878
0.171969
0.0781679
0.687878
0.406473
0.0781679
0
0.39084
0.140702
0.656611
0.109435
0.0625344
0.0938015
0.0625344
0.719145
0.0938015
0
0.0312672
0
0.0781679
0.531542
0.125069
0.953649
0.39084
0
0.140702
0.0938015
0.250137
0
0.406473
0.234504
0.0938015
0.140702
0.0469008
0.0156336
0.781679
0.0312672
0.297038
0.0156336
0
0.422107
0.82858
0.156336
0
0.0469008
0.187603
0.281405
0.469008
0
0.0156336
0.687878
0
0.140702
0.0156336
0.0156336
0
0.0625344
0
0.109435
0
0.21887
0.0469008
0.0469008
0.156336
0.750412
0.0625344
0.156336
0.0156336
0.171969
0.640977
0
0.0156336
0
0.140702
0.21887
0.171969
0.0938015
0.766046
0.125069
0.203237
0.594076
0.812947
0.0625344
0
0.203237
0.0312672
0.125069
0.0312672
0
0.500275
0.297038
0.171969
0.0625344
0.0156336
0.781679
0.687878
0.359573
0
0.0469008
0.0938015
0
0.265771
0.203237
0.750412
0.0156336
0
0.562809
0.140702
0.265771
0.453374
0.109435
0.250137
0.531542
0.109435
0.203237
0.234504
0
0
0
0.0625344
0.0938015
0.265771
0.656611
0.43774
0.109435
0
0.656611
0.171969
0.594076
0.312672
0.0156336
0.0625344
0.0156336
0
0.328305
0.21887
0.547176
0.0781679
0.0156336
0.0312672
0.0781679
0.250137
0.125069
0.0312672
0.578443
0.250137
0.297038
0.0156336
0.281405
0.578443
0.140702
0.297038
0.21887
0.625344
0.140702
0
0.156336
0.0156336
0.343939
0.297038
0.0312672
0.891115
0.531542
0.640977
0.156336
0.0781679
0.21887
0
0
0.0312672
0
0.0156336
0.125069
0.0938015
0
0.109435
0.0469008
0
0.0469008
0.109435
0.0781679
0.453374
0.0156336
1.00055
0.156336
0
0
0.469008
0.984916
0.547176
0.312672
0
0
0.265771
0.281405
0.0469008
0
0.0312672
0.156336
0.406473
0.0625344
0.265771
0.547176
0.0312672
0
0.0156336
0.250137
0.281405
0
0
0.453374
0.0312672
0.43774
0.0938015
0
0.656611
0.171969
0.187603
0.343939
0.171969
0.125069
0.484641
0.594076
0.359573
0.703511
0
0
0
0.0156336
0.531542
0.140702
0.984916
0.500275
0.0156336
0.656611
0.0469008
0.343939
0.703511
0
0
0.547176
0
0.250137
0.140702
0.109435
0
0.500275
0.0156336
0
0.203237
0.422107
0.171969
0.469008
0.281405
0.140702
0
0.0156336
0.265771
0.0156336
0.0625344
0.0312672
0.515908
0.0469008
0.922382
0.297038
0.343939
0.453374
0
0
0.0469008
0.343939
0.0156336
0.281405
0
0.250137
0.0469008
0.187603
0.0469008
0.156336
0.0938015
0
0.187603
0.0469008
0.312672
0.0312672
0.0469008
0.640977
0.39084
0.422107
0
0
0.343939
0
0.484641
0.422107
0.156336
0
0.265771
0.0156336
0.531542
0
0.0625344
0
0.719145
0.0469008
0
0.0469008
0.343939
0
0.156336
0
0.0781679
0.469008
0.0781679
0.0156336
0.578443
0.0938015
0.187603
0.0469008
0.359573
0
0.750412
0.0938015
0.187603
0
1.39139
0
0.0469008
0
0
0.125069
0
0.422107
0
0.406473
0.500275
0.60971
0.359573
0.0156336
0.156336
0.265771
0
0.312672
0.0938015
0.359573
0.640977
0.109435
0.422107
0
0.297038
0.0469008
0.234504
0.0938015
0.0469008
0.0156336
0.125069
0
0.0156336
0.250137
0
0.328305
0.234504
0.547176
0.359573
0.0156336
0.109435
0.0938015
0
0.203237
0.265771
0.0469008
0.594076
0.0625344
0.250137
0.0312672
0.547176
0.0469008
0.187603
0.531542
0.0781679
0.156336
0.375206
0.859847
0.125069
0.0938015
0.422107
0.422107
0.171969
0.531542
0.0156336
0.0938015
0.187603
0.82858
0
0.0312672
0.43774
0.156336
0.343939
0
0.234504
0.672244
0
0.187603
0.515908
0.39084
0.625344
0.39084
0.60971
0.109435
0.0625344
0.125069
0.0938015
0.0781679
0
0.265771
0.812947
0.0938015
0.0781679
0.0469008
0
0.171969
0.171969
0.250137
0.343939
0.297038
0.0938015
0.0625344
0
0.500275
0.906748
0.187603
0
0.531542
0.203237
0.719145
0
0.297038
0.297038
0
0.812947
0.156336
0.0156336
0.0625344
0.0938015
0.531542
0
0.250137
0.0938015
0.140702
0.21887
0.0156336
0
0
0.109435
0.594076
0.0625344
0.140702
0.39084
0.187603
0
0
0.0156336
0.0469008
0.343939
0.0938015
0.0938015
0.281405
0
0
0.234504
0.343939
0.0625344
0.21887
0.750412
0.60971
0.0312672
0.406473
0
0.0156336
0.328305
0.797313
1.10998
0.0312672
0
0.0938015
0
0.171969
0
0
0.640977
0.0469008
0
0.422107
0.922382
0.0156336
0.265771
0
0.140702
0.0156336
0.125069
0.0625344
0.0312672
0.0469008
0.469008
0.0156336
0.187603
0.156336
0.453374
0.156336
0.0625344
0.0312672
0.156336
0.109435
0
0.0312672
0.0156336
0.265771
0.0312672
0
0.515908
0.0312672
0.234504
0.0625344
0.500275
0
0.484641
0.250137
0.0938015
0.281405
0.0156336
0.0781679
0.297038
0.0156336
0.0156336
0
0
0.906748
0
0.0156336
0.297038
0.0625344
0.515908
0.343939
0.281405
0.109435
0.21887
0.328305
0
0.453374
0.0312672
0.234504
0.0469008
0.734779
0.0156336
0.281405
0
0.39084
0
0
0
0.0312672
0
0.672244
0
0.109435
0.0938015
0.312672
0.281405
0.21887
0.0156336
0
0.265771
0.0625344
0.109435
0.891115
0.234504
0.500275
0.515908
0.140702
0
0.265771
0
0.640977
0.265771
0
0.547176
0.171969
0
0.0469008
0.531542
0.469008
0.422107
0.625344
0.43774
0.265771
0.265771
0.0938015
0.0312672
0.39084
0.250137
0.0156336
0.0625344
0.343939
0
0.0938015
0.156336
0.0156336
0.328305
0
0
0.171969
0.531542
0
0.171969
0.250137
0
0.375206
0.39084
0.60971
0.469008
0.187603
0.109435
1.01618
0
0.0625344
0.0312672
0.0781679
0.156336
0.140702
0
0
0.406473
0
0.0469008
0.0312672
0.60971
0.171969
0.187603
0.0469008
0.312672
0.39084
0.328305
0.0156336
0.0781679
0
0.0156336
0
0.43774
0.250137
0.640977
0
0.578443
0.0781679
0.422107
0.343939
0.109435
0.39084
0.0938015
0.422107
0
0.187603
0.109435
0.0156336
0.0938015
0.453374
0.453374
0
0
0.234504
0.21887
0
0.750412
0.375206
0.0469008
0.171969
0.297038
0
0.687878
0.0312672
0.0469008
0.687878
0
0
0
0
0
0
0.265771
0.234504
0.0156336
0.0625344
0.0156336
0
0.0938015
0.0156336
0.0469008
1.10998
0.500275
0
0.0156336
0.875481
0.125069
0
0
0.39084
0.0781679
0.343939
0.0469008
0.0781679
0.0156336
0
0.312672
0.0156336
0.422107
0.547176
0
0
0.297038
0.187603
0.0156336
0.0781679
0.0781679
0.0469008
0.125069
0.82858
0.453374
0.0156336
0.0312672
0
0.562809
0.250137
