0
0
0.108606
0
0.0310303
0.0155152
0
0.0465455
0
0
0
0
0
0
0
0
0
0
0.0620606
0
0
0
0
0
0
0.0155152
0.0155152
0.0310303
0
0
0
0
0
0.0465455
0
0.0155152
0
0
0
0.0155152
0
0
0
0.0155152
0.0155152
0.0465455
0
0
0
0
0.0155152
0
0
0
0.170667
0
0
0
0
0.0310303
0.0310303
0
0
0
0
0.0155152
0
0
0
0
0
0
0.0310303
0
0
0
0
0
0
0.0310303
0
0
0
0
0
0
0.0155152
0
0.0465455
0
0
0
0
0
0
0
0
0
0
0
0
0
0.341333
0.0155152
0
0.0310303
0
0
0
0
0
0
0
0.0775758
0.0155152
0
0
0
0
0
0
0
0
0
0
0
0.0310303
0.0155152
0
0
0.0155152
0
0.124121
0
0.0155152
0
0
0.0155152
0
0.0310303
0
0
0.915394
0.0155152
0
0
0
0
0.0155152
0
0
0
0
0
0
0
0
0
0.0155152
0
0
0.0155152
0.0155152
0
0.0310303
0
0.0310303
0
0
0
0
0
0.0155152
0
0
0
0
0
0.0155152
0
0
0
0.0155152
0.0155152
0
0
0
0
0.0155152
0
0
0
0
0
0
0.0155152
0
0
0
0.0155152
0
0
0.217212
0
0.0155152
0.0155152
0
0
0
0.0155152
0.434424
0
0
0.155152
0.0310303
0
0
0.0155152
0
0
0
0
0
0
0
0.0155152
0
0
0.0465455
0
0
0.0155152
0
0.434424
0
0
0
0
0
0.0155152
0.0310303
0
0
0
0
0
0
0
0
0.0310303
0
0.0310303
0
0
0.0155152
0
0
0
0
0.0620606
0.0620606
0
0
0
0.0465455
0.0465455
0.0155152
0
0.0155152
0.0310303
0
0.0775758
0
0.589576
0.0310303
0.0310303
0
0
0
0.0310303
0
0
0.0930909
0
0.0155152
0.0465455
0.124121
0.0465455
0.0310303
0
0
0
0
0.0310303
0
0
0
0
0
0.0155152
0
0
0.0155152
0
0
0
0.341333
0
0.0155152
0.449939
0
0
0
0
0
0.0155152
0
0
0
0.0465455
0.0465455
0
0.0155152
0
0
0
0
0
0.0930909
0.0465455
0
0
0.0155152
0.0155152
0.0465455
0.0155152
0.0155152
0.263758
0
0
0
0
0
0.0310303
0
0
0
0
0
0
0
0.0310303
0
0
0.0155152
0
0
0
0
0
0
0.0310303
0.0155152
0
0
0.0155152
0
0
0.0155152
0.0310303
0.0155152
0
0
0.0155152
0.0465455
0
0
0.0310303
0.0310303
0
0
0.0310303
0
0
0.0310303
0
0
0
0
0
0
0.0620606
0
0
0
0
0.232727
0
0.0155152
0
0
0
0
0
0
0
0
0
0.0155152
0.48097
0
0.0155152
0
0
0
0
0
0
0
0
0
0
0
0.0155152
0.0155152
0
0
0
0
0
0.0155152
0.0775758
0.325818
0
0
0
0.0155152
0.0310303
0
0
0
0.0155152
0
0
0
0
0.0930909
0.0155152
0
0
0
0
0
0.0310303
0
0
0.0310303
0
0
0
0
0
0
0
0
0
0
0
0
0
0
0
0
0
0
0
0
0
0
0.0155152
0.0930909
0
0.155152
0
0.0775758
0
0
0
0
0
0
0.0155152
0
0.0155152
0.0310303
0
0
0
0
0.0310303
0
0.0310303
0.124121
0
0
0
0
0
0
0
0
0
0
0
0.0465455
0.0155152
0.372364
0.0155152
0
0
0
0
0
0
0.0155152
0
0
0.0310303
0.0155152
0.139636
0.0310303
0
0.0155152
0
0
0.0155152
0
0
0
0.0155152
0
0.0155152
0.0155152
0
0
0.263758
0
0.0310303
0.0310303
0.0155152
0.0155152
0.0465455
0
0
0
0
0
0.0465455
0.124121
0
0.0775758
0
0
0
0
0.0155152
0.558545
0.0155152
0
0
0
0.139636
0
0
0
0
0
0
0
0
0.0465455
0
0
0.0310303
0
0.0155152
0
0
0
0
0
0
0
0
0
0.0155152
0
0
0
0
0
0
0.0310303
0.0155152
0
0
0
0.0155152
0.0155152
0
0.0310303
0
0
0.0620606
0.0155152
0
0
0.0310303
0
0
0
0.0155152
0
0.0310303
0
0.186182
0
0
0.0155152
0
0
0
0
0
0
0
0
0
0
0
0.0155152
0
0
0
0
0.0310303
0
0
0
0.108606
0.0155152
0.0155152
0
0
0.124121
0
0
0
0
0
0.434424
0
0.0155152
0.0775758
0
0
0
0.0465455
0
0
0.0155152
0
0
0.0310303
0
0
0
0
0
0
0
0.0310303
0
0.108606
0.0310303
0
0
0
0
0
0
0
0
0
0
0
0
0
0
0
0
0
0
0.0155152
0
0.0310303
0
0
0
0
0
0
0
0
0.0620606
0
0.0155152
0
0
0
0.232727
0
0.0310303
0
0
0.0310303
0
0
0
0
0
0
0
0.0465455
0.0155152
0
0
0
0
0
0
0
0.0620606
0
0
0
0.0620606
0
0
0.0155152
0
0
0
0
0.0155152
0
0.0155152
0
0.0155152
0
0
0.0155152
0.139636
0
0
0
0.0155152
0.310303
0
0
0
0
0
0.0155152
0
0.0155152
0.0155152
0.0155152
0
0
0
0.0310303
0
0
0
0
0.0155152
0
0.0155152
0
0.108606
0
0
0
0.0155152
0.0310303
0
0
0
0
0
0
0
0
0
0
0
0
0.0155152
0
0
0
0
0
0
0.0620606
0
0
0
0
0
0
0.0155152
0.0620606
0
0
0
0
0
0
0.201697
0
0
0
0
0
0
0.0155152
0.0310303
0
0
0
0.0310303
0
0
0.108606
0.0155152
0
0
0
0
0
0
0
0
0
0
0.0465455
0
0
0
0
0
0.0310303
0.0155152
0
0
0.0155152
0.279273
0
0
0
0
0
0
0.0620606
0.279273
0.0155152
0
0
0
0
0
0
0
0
0.0310303
0
0.0620606
0
0
0.0155152
0.0155152
0
0.0155152
0
0
0.279273
0
0.0775758
0
0
0
0.0620606
0.232727
0
0
0
0.170667
0
0.0465455
0
0
0
0.0155152
0
0
0
0
0
0
0
0
0.0155152
0
0
0
0
0
0.0155152
0
0
0
0
0
0
0
0.0155152
0.0155152
0
0
0
0
0.0310303
0
0
0.0310303
0.0465455
0.0310303
0
0
0.465455
0.0620606
0
0
0
0.0465455
0.0155152
0
0
0
0
0
0
0
0
0.0465455
0
0
0.0155152
0
0
0.0310303
0
0.0155152
0
0
0
0
0
0
0
0
0
0
0.682667
0
0.0465455
0
0.0620606
0
0.170667
0.0155152
0.0310303
0
0
0
0.0620606
0
0.0155152
0.0155152
0.155152
0
0.0465455
0.0155152
0.310303
0
0.806788
0.279273
0.574061
0.279273
0.0620606
0
0.418909
0.0155152
0.0465455
0.713697
0
0.108606
0
0.0155152
0.108606
0.108606
0.527515
0.0930909
0.217212
0.822303
0.0310303
0.465455
0
0.636121
0.418909
0.124121
0.0620606
0.0310303
0.170667
0.372364
0.961939
0.0310303
0.217212
0
0.744727
0.0930909
0.155152
0.0620606
0
0.0465455
0.0775758
0.0155152
0.729212
0.0465455
0.232727
0.0465455
0
0.232727
0.294788
0.186182
0.170667
0.201697
0.155152
0.279273
0.0465455
0.512
0.170667
0.54303
0.496485
0
0.310303
0
0
0.0155152
0
0.0155152
0.0465455
0.0775758
0.201697
0.0155152
0.108606
0.232727
0.0620606
0.248242
0.139636
0.279273
0.0155152
0.0775758
0.0775758
0
0.294788
0.108606
0.108606
0.434424
0.217212
0.434424
0.0775758
0.0930909
0.387879
0
0.108606
0.0310303
0.310303
0.372364
0.465455
0.0155152
0.0310303
0
0
0.201697
0.418909
0.387879
0.372364
0.139636
0.217212
0.217212
0.465455
0.248242
0.574061
0.0620606
0.108606
0.372364
0.0155152
0
0
0.0465455
0.372364
0.387879
0.201697
0.201697
0
0.449939
0.0930909
0
0.108606
0.682667
0.170667
0.0775758
0
0.0465455
0
0.124121
0.155152
0.0775758
0.0620606
0.356848
0.0155152
1.11709
0
0.0310303
0.0620606
0.170667
0
0.434424
0.155152
0.124121
0.341333
0.651636
0.0620606
0.0465455
0.0155152
0.0465455
0.0155152
0
0.139636
0.279273
0.822303
0.496485
0.0310303
0.155152
0.0155152
0
0.0155152
0.201697
0.232727
0
0.0620606
0
0.54303
0.232727
0.294788
0.0310303
0
0.744727
0.217212
0.0155152
0.558545
0.387879
0.0465455
0
0
0.0155152
0.760242
0.217212
0
0.201697
0.0310303
0
0.170667
0
0.310303
0.232727
0.0930909
0.0465455
0
0.0620606
0.0155152
0.418909
0.341333
0
0.0930909
0.341333
0.0620606
0.124121
0.186182
0.217212
0.0155152
0.155152
0.139636
0.0310303
0.201697
0.0620606
0
0.0775758
0.170667
0.232727
0
0.372364
0.217212
0
0
0.201697
0.124121
0.0775758
0.0310303
0
0.0465455
0
0
0.775758
0
0.512
0.139636
0
0.155152
0.248242
0.263758
0.0775758
0.0775758
0.0310303
0.0465455
0
0
0
0.682667
0.0620606
0.0155152
0
0
0.574061
0.263758
0.0775758
0.356848
0
0.279273
0.0465455
0.0775758
0.108606
0.0310303
0
0.0310303
0
0.434424
0.201697
0.0620606
0.0155152
0.356848
0
0.853333
0.574061
0.0930909
0.232727
0.0310303
0.0310303
0.108606
0.124121
0.186182
1.08606
0.620606
0.403394
0.558545
0.0310303
0.0930909
0.0310303
0.0310303
0.0775758
0.341333
0.0310303
0.201697
0.0620606
0.248242
0.0155152
0.0465455
0.0310303
0.0310303
0.0310303
0
0.853333
0.108606
0
0.0930909
0.791273
0.294788
0.232727
0.899879
0
0.0775758
0
0
0
0.0465455
1.00848
0.682667
0.201697
0.387879
0
0.48097
0.217212
0
0
0.108606
0.558545
0.310303
0.418909
0
0.0930909
0.449939
0.124121
0.449939
0.310303
0.930909
0.0930909
0.0155152
0
0
0
0.124121
0
0.605091
0.124121
0.0775758
0.0310303
0.527515
0.0620606
0.248242
0.527515
0.372364
0.139636
0.170667
0
0.0310303
0.496485
0.0465455
0.0155152
0.744727
0.496485
0.124121
0
0.0465455
0.186182
0.620606
0.434424
0.0465455
0
0.0465455
0
0.465455
0
0.0155152
0.263758
0.0620606
0
0
0.387879
0.0310303
0
0.0155152
0.0155152
0.0930909
0.310303
0.325818
0
0
0.403394
0.387879
0.0465455
0.372364
0.54303
0.124121
0.449939
0
0.760242
0.294788
0.325818
0.201697
0.605091
0.108606
0.0930909
0.108606
0.0155152
0.0930909
0.263758
0.108606
0.0155152
0.449939
0.418909
0
0.279273
0.124121
0.124121
0.449939
0.0155152
0.558545
0.791273
0.387879
0.403394
0
0.0620606
0
0
0.341333
0.248242
0.605091
0.496485
0.232727
0
0.0155152
0.0465455
0.0775758
0.0155152
0.0465455
0.186182
0.682667
0
0.0310303
0.248242
0.449939
0
0.0310303
0.201697
0.0775758
0.729212
0.0775758
0.0775758
0.170667
0.0775758
0.930909
0
0.775758
0
0.0465455
0.418909
0.729212
0.0155152
0.0155152
0.0620606
0
0.124121
0.279273
0.0155152
0.124121
0.294788
0.651636
0.124121
0.387879
0.139636
0.263758
0
0
0.0310303
0.341333
0
0.263758
0.108606
0.0930909
0.0155152
0.232727
0.403394
0.341333
0.449939
0.201697
0.310303
1.27224
0.0310303
0.279273
0.0620606
0
0.0310303
0.465455
0.263758
0.806788
0.170667
0.0930909
0.496485
0.527515
0.496485
0.0310303
0.0930909
0.0310303
0.868849
0.775758
0.155152
0
0.341333
0.0155152
0.372364
0.99297
0.0465455
0.0155152
0.0620606
0.108606
0.217212
0.0155152
0
0.729212
0
0.0155152
0.527515
0.356848
0.263758
0.217212
0.217212
0.170667
0.248242
0.155152
0.496485
0.341333
0.0465455
0.605091
0.465455
0.651636
0.589576
0.310303
0
0.139636
0.0310303
0.387879
0.325818
0.729212
0.465455
0.217212
0
0.54303
0
0.465455
0
0.0930909
0.325818
0.527515
0.0465455
0.729212
0
0.248242
0.0465455
0
0.263758
0
0.0775758
0
0.0155152
0.155152
0.263758
0.0930909
0.0930909
0.0930909
0.512
0.0775758
0
0
0.449939
0.0310303
0.0310303
0.760242
0.341333
0.108606
0.139636
0
0.248242
0.124121
0.356848
0.201697
0.294788
0.0620606
0
0.434424
0.341333
0.0775758
0.0155152
0
0
0.0930909
0.387879
0.124121
0.0155152
0.589576
0.341333
0
0.403394
0.667152
0.512
0.248242
0.155152
0.263758
0.465455
0.620606
0.853333
0.0775758
0.186182
0
0
0
0.434424
0.527515
0.806788
0.0310303
0.449939
0
0
0
0.0775758
0
0.263758
0.341333
0.0155152
0
0.139636
0
0
0.232727
0.186182
0
0.403394
0.201697
0
0.0155152
0.527515
0.263758
0.341333
0.0155152
0.356848
0
0.0930909
0.248242
0.279273
0.0465455
0.170667
0.651636
0.667152
0.527515
0.775758
0.217212
0.0310303
0.48097
0.0930909
0.124121
0.372364
0.124121
0.0930909
0.294788
0.0310303
0.449939
0.899879
0.372364
1.10158
0.201697
0.48097
0.0620606
0.155152
0
0.884364
0.0310303
0
0.0310303
0.279273
0.0930909
0
0.139636
0.155152
0.279273
0.0465455
0.760242
0.263758
0.232727
0
0.108606
0.387879
0
0.372364
0.0310303
0.48097
0.0465455
0.139636
0.170667
0.108606
0.248242
0.139636
0.294788
0.139636
0.217212
0
0
0
0.884364
0.0155152
0
0.294788
0.155152
0.558545
0
0.0775758
0.465455
0.186182
0.0155152
0.0620606
0.713697
0.0465455
0.248242
0.403394
1.07055
0.294788
0.449939
0.248242
0.372364
0.0775758
0.155152
0.248242
0.0620606
0.0155152
0.930909
0.0310303
0.217212
0
0
0.0930909
0
0.294788
0.0310303
0.0465455
0.48097
0.496485
0.248242
0.0155152
0.248242
0.279273
0.0465455
0.325818
0.186182
0
0.449939
0.294788
0.201697
0.0155152
0.449939
0.636121
0
0.217212
0.0620606
0
0.465455
0.155152
0.651636
0.682667
0
0.124121
0.0155152
0.0620606
0.682667
0.589576
0.356848
0.325818
0.0465455
0
0.0155152
0.0310303
0.155152
0.356848
0
0.0310303
0.232727
0.279273
0.0155152
0.0155152
0.682667
0
0.0775758
0.325818
0
0.465455
0
0.0775758
0.170667
0
0.0930909
0
0.387879
0.186182
0.558545
0.124121
0.496485
0
0
0.465455
0.0310303
0
0.0155152
0.977455
0.124121
0
0.217212
0.124121
0.201697
0
0.0775758
0.170667
0.325818
0.263758
0.574061
0.263758
0.201697
0.217212
0.217212
0
0.0310303
0
0.0930909
0.0775758
0.201697
0.403394
0.620606
0.0155152
0
0.0310303
0.605091
0.682667
0.527515
0.124121
0
0.884364
0.263758
0.170667
0.0930909
0.0155152
0.124121
0
0.667152
0
0.667152
0.0155152
0.279273
0.0465455
0.527515
0.124121
0.744727
0
0
0.372364
0.186182
0.48097
0.0155152
0.0930909
0
0.170667
0.186182
0.0620606
0
0.0465455
0.0465455
0.263758
0.0620606
0.449939
0.186182
0.186182
0.0620606
0.418909
0.108606
0.791273
0.403394
0
0.0155152
0.0155152
0.0465455
0
0
0.201697
0.0155152
0.620606
0.0310303
0.0930909
0.356848
0.961939
0.48097
0.636121
0.0930909
0.651636
0
0.0930909
0.139636
0.837818
0.0310303
0.279273
0.636121
0.341333
0.0930909
0.434424
0.0465455
0.279273
0
0.294788
0.201697
0.434424
0.558545
0.217212
0.0620606
0.0620606
0.434424
0.0310303
0.108606
0.0155152
0
0.124121
0.170667
0.170667
0.139636
0
0.527515
0.449939
0.263758
0.0930909
0.496485
0.325818
0
0.372364
0
0
0
0.449939
0.0775758
0
0.465455
0.0620606
0.403394
0.170667
0.0310303
0.589576
0.0620606
0.0155152
0.0155152
0.294788
0.263758
0.108606
0
0.496485
0
0.325818
0.155152
0
0.124121
0.0775758
0.124121
0
1.024
0.0465455
0.0620606
0.0155152
0.713697
0.139636
0.201697
0.899879
0.124121
0.294788
0.449939
0
0.0465455
0
0.884364
0
0.0775758
0.170667
0.0465455
0.0310303
0.170667
0.0930909
0.465455
0.248242
0.263758
0.139636
0.279273
0.0620606
0.0155152
0.155152
0.0155152
0.325818
0.155152
0
0.682667
0.186182
0.0930909
0
0.558545
0.0155152
1.13261
0.325818
0.0465455
0.310303
0.0465455
0
0.155152
0.155152
0.139636
0.0930909
0.465455
0.248242
0.0310303
0
0.620606
0.744727
0
0.170667
0.449939
0
0.170667
0.201697
0.310303
0
0.155152
0.232727
0
0.806788
0.574061
0.434424
0.0775758
0
0.0775758
0.186182
0
0.124121
0.465455
0.248242
0.248242
0.372364
0
0
0.651636
0
0
0.372364
0.0155152
0
0.930909
0
0.0155152
0.139636
0.0465455
0.279273
0.961939
0.0930909
0
0.186182
0.124121
1.14812
0.527515
0
0.124121
0
0.0155152
0.0775758
0.54303
0.356848
0.201697
0
0.0465455
0.155152
0.310303
0
0.0775758
0.248242
0
0.403394
0.0310303
0
0.0620606
0.558545
0.232727
0
0.217212
0.108606
0.0155152
0.139636
1.00848
0.387879
0
0.0465455
0.822303
0.0155152
0.0155152
0
0.341333
0
0
0
0
0
0.356848
0.279273
0.0465455
0.403394
0.356848
0.124121
0.248242
0.294788
0.0155152
0
0.605091
0.48097
0.217212
0.201697
0.0465455
0
0.418909
0.651636
0.0775758
1.00848
0
0.0775758
0.186182
0.0155152
0.0155152
0
0.0310303
0
0.0775758
0.915394
0
0.186182
0
0.155152
0.139636
0.0310303
0.0155152
0.325818
0.0620606
0.48097
0
0.139636
0.682667
0.387879
0.0155152
0.0930909
0
0.0620606
0.325818
0
0.775758
0.418909
0.186182
0.325818
0
0.372364
0.0310303
0
0
0.403394
0.0310303
0
0.54303
0.279273
0.99297
0.760242
0.155152
0.465455
0.372364
0.0155152
0.0310303
0.0930909
0.589576
0.729212
0.186182
0.0155152
0.837818
0.418909
0.0930909
0.232727
0.0155152
0.574061
0.0930909
0
0.372364
0.961939
0.729212
0.0465455
0.0310303
0.248242
0.713697
0
0.248242
0.744727
0.636121
0
0.325818
0.279273
0.0155152
0
0
0
0.0465455
0
0
0.139636
0.0155152
0
0.0930909
0.0155152
0
0
0.667152
0
0.0310303
0.0620606
0.0155152
0.139636
0.108606
0.0155152
1.19467
0
0
1.16364
0.0155152
0.527515
0.232727
0.0620606
0.0155152
0.0155152
0.0310303
0
0.0155152
0.108606
0.434424
0.263758
0.232727
0
0.124121
0.0465455
0
0.356848
0.0155152
0.868849
1.08606
0
0
0.155152
0.232727
0
0
0
0
0.186182
0.977455
0
0
0
0.54303
0.325818
0.0155152
0.232727
0.310303
0.325818
0.729212
0.108606
0
0.0465455
0.155152
0.279273
0.108606
0.0310303
0.0465455
0.465455
0.248242
0.0310303
0.0310303
0.0310303
0
0.155152
0
0.341333
0.946424
0
0.0775758
0
0.496485
1.07055
0
0
0.201697
0
0
0.170667
0.108606
0
0.325818
0.0155152
0.0775758
0.961939
0
0
0
1.21018
0
0
0.232727
0.0310303
0
0.54303
0.0155152
0.605091
0.310303
0.713697
0.139636
1.17915
0
0.279273
0
0.54303
0.263758
0
0.155152
0.698182
0.0155152
0.217212
0.0620606
0.0775758
0.418909
0
0
0
0.0310303
0.99297
0.356848
0.0155152
0.0310303
0.372364
0
0.108606
0.636121
0
0.48097
0.263758
0.139636
0.372364
0.698182
0
0.217212
0
0.0310303
0
0.294788
0
0.512
0
0.0155152
0.217212
0.558545
0
0.0310303
0.0465455
0
0.465455
0.0310303
0.713697
0
1.11709
0.0155152
0.403394
0
0.791273
0.0155152
0
0
0.310303
0.0930909
0.0620606
0.0155152
0.372364
0
0.0465455
0
0.822303
1.10158
0.0620606
0.186182
0.558545
0
0.124121
0.698182
0
0
0
0.977455
0
0.713697
0
0
0
0
0.341333
0
0
0.124121
0
1.44291
0
0.0775758
0.54303
0.0310303
0.0155152
0
0
0
0
0
0.48097
0.139636
0.496485
0.0310303
0
0.0155152
0.0930909
0
0
0.558545
0.310303
0.0620606
0
0
0.791273
0.682667
0.0155152
0
0.698182
0
0.248242
0
0.232727
0
0.217212
0.232727
1.14812
0.915394
0
0.48097
0.217212
0
0.108606
0.108606
0.139636
0.651636
0.356848
0.0620606
0
0.418909
0
0
0
0.0310303
0.232727
0.186182
0
0.0155152
0
0.853333
0
0
0.698182
0.294788
0
0.589576
0.0930909
0.0310303
0.248242
0
0.232727
0.263758
0.651636
0
0.0310303
0.0155152
0.667152
0.108606
0.605091
0.139636
0.0465455
0.387879
0.0620606
0.201697
0
0
0
0.294788
0.0155152
0
0.0465455
0.0155152
0
0.434424
0.0465455
0.356848
0.108606
0.170667
0.201697
0
0.0930909
0.48097
0
0.0465455
0.449939
0
0
0.155152
0.0620606
0.636121
0
0.667152
0.170667
0.139636
0.512
0.0155152
0.341333
0.325818
0.325818
0.0620606
0.620606
0.108606
0.0155152
0.124121
0
0
0.170667
0.0155152
0.341333
0.775758
0.248242
0
0.54303
0
0
0
0.0155152
0.217212
0.434424
0.263758
0.170667
0.139636
0
0
0.0465455
0.512
0
0
0.620606
0.0155152
0.108606
0
0.0310303
0.760242
0
0
0.124121
0.48097
0
0.418909
0
0
0.341333
0.155152
0.201697
0.310303
0
0
0
0
0.0310303
0.48097
0.744727
0
0
0
0.0775758
0.263758
0.574061
0.0930909
0
0.0465455
0.0310303
0.186182
0
0.356848
0
0.868849
0
0.0930909
0
0.512
0.0775758
0
0.341333
0.512
0.651636
0
0.651636
0.434424
0.0465455
0.403394
0.139636
0
0.139636
0
0.0155152
0
0.403394
0
0
0.884364
0
0.124121
0.170667
0
0
0
0
0.574061
0.0930909
0.0310303
0.232727
0.201697
0.356848
0.170667
0.170667
0.0775758
0.0155152
0.0775758
0.248242
0.108606
0
0.0775758
0
0.310303
0.0620606
0.0465455
0.0310303
0.186182
0.589576
0.0465455
0
0
0.48097
0
0.0155152
0
0
0.0310303
0
0.201697
0.744727
0.356848
0.124121
0.0310303
0.853333
0
0.310303
0.0465455
1.03952
0.744727
0
1.08606
0.775758
0
0.0155152
0
0.387879
0.0465455
0.124121
0.651636
0
0.0930909
0
0
0.605091
0.0465455
0.791273
0
0.248242
0.0155152
0
0.0155152
0
0.54303
0.791273
0.341333
0.0155152
0.418909
0.574061
0.155152
0.0465455
0.108606
0.0155152
0
0.0930909
0
0.279273
0
0
0.0930909
0.465455
0.0155152
0.403394
0.155152
0
0.54303
0.0155152
0.0155152
0.124121
0
0.0465455
0.139636
0.884364
0
0
0.0155152
0
0.0620606
0.263758
0
0.48097
0.372364
0
0.0465455
0.356848
0
1.024
0.0155152
0.108606
0.0155152
0
0
0
0
0
0.232727
0.0465455
0.698182
0.620606
0.263758
0.294788
0
0.403394
0.201697
0.201697
0.0155152
0.0155152
0.48097
0.139636
0.201697
0
0.496485
0.170667
0
0.667152
0.155152
0.636121
0.139636
0.108606
0.0465455
0.263758
0.403394
0
0.0310303
0
0.822303
0.636121
0
0
0.294788
0.961939
0.0310303
0.434424
0.0155152
0.372364
0.620606
0.201697
0.0775758
0
0
0
0.0155152
0
0.884364
0.387879
0.341333
0.0465455
0
0.124121
0
0
0.667152
0.341333
0
0.465455
0.0310303
0
0
0.0155152
0.263758
0.698182
0.170667
0.248242
0.155152
0
0
0.170667
0.387879
0.574061
0
0
0.0310303
0
0.0155152
0
0.0620606
0
0.248242
0.512
0
0.713697
0.729212
0.620606
0.0775758
0.294788
0.0155152
0.496485
0.837818
0.465455
0
0.0775758
0
0.0620606
0
0
0
0.418909
0.0775758
0
0
0.465455
0.294788
0
0
0.636121
0.0310303
0.698182
0
0
0.0310303
0
0.263758
0.170667
0
0.713697
0
0.170667
0
0
0
0.0155152
0
0.915394
0.0155152
0.279273
0
0.0620606
0
0.139636
0.155152
0.201697
0
0.0620606
0.403394
0.0310303
0
0.341333
0.279273
0.0310303
0
0
0.0465455
0
0
0.682667
0
0.868849
0.217212
0.0310303
0
0
0
0.0155152
0.946424
0.698182
0
0
0.0930909
0.108606
0.201697
0.0465455
0.0310303
0.248242
0.512
0
0.108606
0.170667
0
0
0
0.356848
0
0.139636
0.0465455
0.667152
0.837818
0.574061
0.0620606
0.310303
0.0465455
1.08606
0.372364
0
0.651636
0
0
0.294788
0.682667
0.0465455
0.263758
0.0775758
0.232727
0.434424
1.10158
0.0155152
0.263758
0
0.108606
0.155152
0.139636
0.0155152
0.170667
0.108606
0.418909
0.0465455
0.0155152
0.341333
0
0.139636
0.155152
0.0310303
0.54303
0.294788
0
0.139636
0.713697
0.806788
0.124121
0.0465455
0.0775758
0.0155152
0.248242
0.0310303
0.698182
0
0
0.124121
0
0.449939
0.217212
0.729212
0.465455
0.0310303
0.232727
0.279273
0
0.0155152
0.201697
0.48097
0.0155152
0
0
0.760242
0.868849
0
0.0465455
0.0620606
0.170667
0
0.0465455
0.0775758
0.108606
0.0310303
0.0155152
0.0775758
0.170667
0
0
0.217212
0.155152
0.108606
0.48097
0.0465455
0.170667
0.465455
0.418909
0.186182
0.713697
0
0
0.465455
0.248242
0.620606
0.682667
0
0.0155152
0.0930909
0.0620606
0
0.279273
0.434424
0
0.418909
0.263758
0.139636
0.0775758
0.465455
0
0.0775758
0.279273
0.0775758
0.310303
0.0155152
0.263758
0.0775758
0.170667
0.325818
0.108606
0
0.0930909
0
0.698182
0.574061
0
0.0465455
0.155152
0.0775758
0.372364
0
0.729212
0.0465455
0
0
0.170667
0
0.760242
0.0620606
0.232727
0.605091
0.512
0.0775758
0.155152
0.294788
0
0
0
0.0465455
0
0.201697
0.667152
0.605091
0.0465455
0.155152
0.0930909
0.0930909
0.0155152
0.108606
0.356848
0.170667
0.605091
0.263758
0
0
0.155152
1.00848
0
0.589576
0.232727
0.186182
0.372364
0.0310303
0.729212
0
0.636121
0.139636
0.0310303
0
0.201697
0.0155152
0.0155152
0
0.620606
0.263758
0
0
0.232727
0
0
0.760242
0.372364
0.0775758
0
0.605091
0.0310303
0
0.0155152
0.139636
0.139636
0
0.387879
0.0775758
0.0310303
0.0620606
0.418909
0.155152
0.310303
0
0.356848
0.341333
0.155152
1.2257
0
0.0775758
0.0155152
0.279273
0.124121
0.248242
0.0465455
0.0465455
0
0.372364
0.558545
0.310303
0.139636
0.139636
0.0775758
0.294788
0
0.341333
0.884364
0.682667
0.589576
0.465455
0.853333
0.0155152
0.201697
0.341333
0.0155152
0.0620606
0.0930909
0.186182
0.217212
0.170667
0.186182
0.108606
0.0620606
0.232727
0.108606
0.0930909
0.0620606
0.0155152
0
0.434424
0.0465455
0.0155152
0.170667
0.279273
0.155152
0.0155152
0.155152
0.310303
0.0620606
0
0.496485
0
0.0930909
0.0155152
0
0
0.0465455
0.108606
0.0930909
0.713697
0.155152
0.155152
0.201697
0
0.0310303
0.124121
0.186182
0.248242
0.0155152
0.387879
0
0
0.0155152
0.0310303
0
0.0465455
0
0.372364
0.527515
0.0310303
0.0155152
0.124121
0
0
0.0775758
0
0.325818
0.403394
0
0.0310303
1.03952
0.744727
0.760242
1.11709
0
0.0465455
0.186182
0
0.0930909
0
0.0620606
0.0930909
0
0.449939
0.372364
1.03952
0.170667
0.0310303
0.248242
0.465455
0.0155152
0
0
0.0930909
0.0775758
0.0155152
0.0775758
0.434424
0.0775758
0.0465455
0.139636
0.155152
0.54303
0.263758
0
0.574061
0.0775758
0.434424
0.884364
0.232727
0.0310303
0.574061
0.434424
0.0310303
0.0155152
0.0310303
0
0.248242
0.512
0.0310303
0.961939
0.232727
0.108606
0.387879
0.155152
0.0155152
0.0310303
0.527515
0.279273
0
0.0465455
0.0310303
0.387879
0.99297
0.201697
0.465455
0
0
0.0155152
0.54303
0.279273
0
0.232727
0.248242
0.155152
0.155152
0
0.0620606
0.341333
0.0775758
0.0155152
0.418909
0.0155152
0
0.0310303
0.294788
0.155152
0.0155152
0.48097
0
0.434424
0.0310303
0.310303
0.325818
0.0930909
0.248242
0.232727
0.558545
0
0.294788
0
0.806788
0.155152
0
0.217212
0.868849
0.589576
0.0930909
0.527515
0.449939
0.217212
0
0.294788
0.356848
0.0930909
0
0
0.201697
0.387879
0.356848
0
0.217212
0.0620606
0.434424
0.0310303
0.155152
0.0310303
0.170667
0
0.589576
0.341333
0.232727
0.0155152
0
0.356848
0.0775758
0.418909
0.201697
0.201697
0.868849
0.0930909
0.589576
0.232727
0.341333
0
0.124121
0
0.139636
0.0310303
0.822303
0.0310303
0.0310303
0.0620606
0
0.186182
0.201697
0.0775758
0.434424
0
0.170667
0
0.0620606
0.465455
0.0155152
0.403394
0.403394
0.0155152
0.0155152
0.279273
0.325818
0.294788
0.108606
0.0930909
0.0155152
0
0.0620606
0.387879
0.54303
0.356848
0.232727
0.0310303
0.372364
0.155152
0
0.356848
0.0465455
0.0155152
0.232727
0.155152
0.449939
0.574061
0.574061
0.574061
0.0155152
0.155152
0
0.0310303
0.0930909
0
0.0155152
0.139636
0.0155152
0
0.232727
0.0930909
0
0.0930909
0.0155152
0
0.682667
0
0.279273
0.387879
0
0.0155152
0.589576
0.574061
0.170667
0.310303
0.201697
0
0.186182
0.403394
0.170667
0
0.0930909
0.0775758
0.449939
0.713697
0.248242
0.558545
0.155152
0.0155152
0.108606
0.636121
0.465455
0
0
0.574061
0.0310303
0.0620606
0.232727
0.155152
0.48097
0.186182
0.0930909
0.124121
0.558545
0
0.589576
0.791273
0.667152
0.512
0.0155152
0
0.0930909
0.760242
0.0930909
0.0620606
0.217212
0.294788
0.310303
0.574061
0.186182
0.139636
0.822303
0
0.0775758
0.201697
0
0.0620606
0
0
0.0775758
0.372364
0
0.0310303
0
0.170667
0
0.837818
0.108606
0.620606
0
0
0.372364
0
0
0.108606
0.170667
0
0.465455
0.279273
0.0310303
0.248242
0.0155152
0
0.294788
0.232727
0.48097
0.0465455
0
0.418909
0.0155152
0
0.0155152
0.0310303
0.574061
0
0
0
0.201697
0
0.0155152
0.279273
0.0775758
0.589576
0
0.0620606
0.0620606
0
0.108606
0.155152
0.279273
0.0465455
0.54303
0.0155152
0.124121
0.0310303
0.387879
0.201697
0.589576
0
0.0930909
0.0620606
0.139636
0.0620606
0.0465455
0
0.248242
0.698182
0.434424
0.0775758
0.682667
0
0.0310303
0.0155152
0.108606
0.0155152
0.124121
0.0775758
0.822303
0
0.744727
0.170667
0.217212
0.248242
0
0
0
0.0310303
0
0.310303
0.449939
0.294788
0.387879
0
0.0465455
0.0155152
0
0.217212
0
0.48097
0.418909
0.0155152
0.201697
0
0.201697
0
0.0930909
0.186182
0.0930909
0
0.0155152
0
0.155152
0.574061
0
0.403394
0.372364
0.0930909
0.713697
0.0310303
0.124121
0.124121
0
0.0465455
0.294788
0.403394
0.418909
0.325818
0.325818
0.0155152
0.667152
0
0
0.387879
0.0775758
0.0155152
0.0155152
0.853333
0.201697
0.294788
0.217212
0.325818
0.558545
0.729212
0.0465455
0.434424
1.08606
0.744727
0
0
0.325818
0.0465455
0.0310303
0.0310303
0.170667
0.0465455
0
0.636121
0.201697
0.636121
0.155152
0.698182
0.201697
0.170667
0.201697
0
0
0.0155152
0.0155152
0.217212
0.186182
0.496485
0
0
0.0465455
0
0
0.434424
0.0155152
0.0620606
0.201697
0.356848
0
0.341333
1.2257
0
0
0.449939
0.139636
0.217212
0
0.449939
0.0310303
0.0465455
0.310303
0.170667
0.217212
0.0465455
0
0.170667
0.0155152
0.248242
0.0930909
0.651636
0.0310303
0.155152
0.325818
0
0
0.418909
0
0.0155152
0.449939
0.201697
0.356848
0
0.0465455
0.403394
0.201697
0.232727
0.0465455
0
0.0155152
0
0.0465455
0.946424
0.0155152
0
0.651636
0.496485
0.279273
0.698182
0
0
0.139636
0.512
0.155152
0.124121
0
0.108606
0.0155152
0.0465455
0
0.0310303
0.0930909
0.0620606
0
0.201697
1.07055
0.387879
0.341333
0
0.0465455
0.108606
0.418909
0.0775758
0.155152
0
0.139636
0
0.0310303
0.248242
0.294788
0.0775758
0.0310303
0.449939
0.0465455
0.465455
0
0
0.325818
0.822303
0.372364
0.0310303
0.341333
0.0465455
0.155152
0
0.263758
0.0310303
1.08606
0.0310303
0.946424
0.232727
0.248242
0.0620606
0.248242
0
0.0310303
0.0620606
0.0930909
0.930909
0
0
0.387879
0.0930909
0.54303
0.403394
0.294788
0
0
0.356848
0.108606
0.434424
0
0.434424
0
0.372364
0
0.170667
0
0.263758
0
0
0.139636
0
0.0155152
0.0310303
0.0930909
0.263758
0.232727
0.48097
0.729212
0.0310303
0.0155152
0.263758
0.0930909
0.589576
0
0.837818
0.651636
0.48097
0.356848
0.232727
0.263758
0.263758
0
0.155152
0.124121
0
0.946424
0.0310303
0
0.0310303
0.465455
0.527515
0.574061
0.54303
0.0465455
0.54303
0.155152
0.356848
0.434424
0.0310303
0.387879
0.403394
0.387879
0.341333
0
0.775758
0.605091
0
0.99297
0
0.155152
0
0.217212
0.0465455
0.915394
0.186182
0.0930909
0.0155152
0.589576
1.07055
0.294788
0.139636
0.651636
0.806788
0
0.527515
0.0155152
0.0155152
0.186182
0
0
0
0.108606
0.0465455
0
0.434424
0.0775758
0.853333
0.217212
0.372364
0.0310303
0.232727
0.512
0.341333
0.248242
0.0155152
0.170667
0.201697
0.54303
0.0310303
0.465455
0.387879
0
0
0.201697
0.620606
0.108606
0.605091
0.170667
0.574061
0
0.667152
0.325818
0
0.0155152
0.527515
0.589576
0
0
0.636121
0.108606
0
0.217212
0.620606
0.186182
0.605091
0.248242
0.0155152
0.186182
0.139636
0
0.512
0
0.201697
0.0155152
0.0155152
0
0
0.512
0.403394
0
0.248242
0
0.0775758
0.155152
0.232727
0.124121
0.884364
0.744727
0
0.108606
0.930909
0
0.0775758
0
0.263758
0
0.54303
0
0.0930909
0.0465455
0
0.325818
0.387879
0.0465455
0.155152
0
0
0.449939
0.713697
0
0.0775758
0
0.170667
0.124121
0.698182
0.434424
0
0.108606
0
0.620606
0
