0.0602353
0.376471
1.17459
0
0.632471
0.0903529
0
0.466824
0
0
0
0
0
0.195765
0
0
0
0
0.677647
0.0150588
0
0
0
0
0
0.331294
0.0451765
0.858353
0
0.0752941
0.0752941
0.105412
0.165647
0.647529
0
0.286118
0.0150588
0
0.271059
0.451765
0.346353
0.180706
0
0.271059
0.316235
0.647529
0
0
0.105412
0
0.210824
0.165647
0
0.0301176
1.21976
0
0
0
0
0.481882
0.481882
0.0150588
0.466824
0
0
0.225882
0.0150588
0.0451765
0
0.0301176
0.0602353
0
0.346353
0
0
0.0602353
0.0903529
0
0
0.632471
0.0451765
0.256
0
0
0.105412
0
0.240941
0
0.286118
0
0.135529
0.0301176
0.225882
0.0150588
0.180706
0.0301176
0.0451765
0
0
0
0.135529
0
0.813176
0.331294
0.180706
0.451765
0
0
0.256
0.0150588
0
0
0
0.376471
0.240941
0.0301176
0.165647
0.180706
0.256
0
0
0
0
0
0.0903529
0.0602353
0.557176
0.346353
0
0.0903529
0.331294
0.0150588
0.828235
0.0150588
0.481882
0
0.135529
0.180706
0
0.873412
0
0
1.24988
0.195765
0.0451765
0.0301176
0.180706
0.0451765
0.512
0
0.105412
0
0
0.0301176
0.0150588
0.0752941
0.0301176
0
0.602353
0
0.0752941
0.662588
0.376471
0.150588
0.240941
0.0752941
0.632471
0.0301176
0.180706
0.240941
0.0150588
0.105412
0.722824
0
0.0301176
0
0.0602353
0.225882
0.421647
0.0150588
0.0602353
0
0.0752941
0.361412
0.0451765
0.0903529
0
0
0.316235
0.0150588
0
0
0.195765
0.0301176
0.0150588
0.150588
0
0
0.0301176
0.391529
0.0150588
0.180706
0.557176
0
0.165647
0.346353
0.286118
0
0
0
0.948706
0.0150588
0.0451765
0.677647
0.225882
0.331294
0
0.210824
0
0.0150588
0.150588
0
0.0301176
0
0.0150588
0.0752941
0
0
0.677647
0
0.0903529
0.316235
0.346353
1.024
0.0903529
0.496941
0
0
0.0150588
0.647529
0.722824
0
0.180706
0.180706
0.105412
0
0
0.496941
0.225882
0.195765
0
0.752941
0.0602353
0
0.195765
0
0
0.225882
0
0.813176
0.587294
0
0.406588
0.0150588
0.647529
0.346353
0.105412
0
0.572235
0.406588
0
0.963765
0.150588
1.03906
0.271059
0.481882
0.286118
0.0451765
0.210824
0.406588
0.135529
0
1.05412
0.120471
0.512
1.06918
0.677647
0.496941
0.225882
0.105412
0.286118
0.0301176
0
0.180706
0
0.135529
0.301176
0.120471
0.0602353
0.316235
0.150588
0.286118
0.391529
0.0903529
0
0
0.978824
0.376471
0.120471
0.617412
0.135529
0.0150588
0
0.120471
0.105412
0.331294
0.105412
0.0451765
0.165647
0.135529
0.466824
0.0301176
0.451765
0
0.256
0.0150588
0.0602353
0.120471
0.783059
0.813176
0.180706
0
0.165647
0.301176
0.527059
0.466824
0.225882
1.11435
0.210824
0
0
0.0150588
0.0150588
0.0752941
0.301176
0
0.0602353
0.240941
0.0150588
0
0.0602353
0.316235
0
0
0.421647
0.105412
0.451765
0
0
0
0
0.466824
0.557176
0
0.0301176
0.105412
0.0150588
0.0752941
0.331294
0.572235
0.0602353
0.0150588
0
0.240941
0.617412
0
0.0903529
0.271059
0.587294
0
0.0602353
0.346353
0.225882
0.0301176
0.527059
0
0
0.180706
0.135529
0
0.0301176
0.828235
0.0301176
0.0752941
0
0.135529
0.798118
0.0451765
0.331294
0.0301176
0
0.0150588
0
0
0.0752941
0
0.210824
0.165647
0.361412
0.993882
0
0.391529
0.105412
0.0150588
0.105412
0
0.0301176
0
0
0.0150588
0
0
0.0301176
0.301176
0.180706
0.225882
0
0
0
0.0752941
0.421647
0.783059
1.15953
0
0.165647
0.0451765
0.331294
0.301176
0
0
0.0752941
0.361412
0
0.0150588
0
0
0.722824
0.527059
0.0150588
0
0.0150588
0.0752941
0.0150588
0.195765
0
0.286118
0.466824
0.0150588
0
0
0
0.120471
0
0.105412
0.0451765
0.0150588
0
0
0.0903529
0
0
0.165647
0.286118
0.391529
0.0150588
0.105412
0.0301176
0.0301176
0
0.572235
1.12941
0.0903529
1.08424
0.0752941
0.993882
0
0.0150588
0
0.0602353
0.0301176
0.105412
0.180706
0
0.391529
0.527059
0
0.286118
0.165647
0
0.512
0.0150588
0.195765
0.617412
0
0.120471
0.105412
0.135529
0.617412
0
0
0
0
0
0
0.768
0.436706
0.617412
0.301176
0
0.0301176
0
0.135529
0.120471
0
0.240941
0
0
0.707765
0.481882
0.768
0.361412
0.0301176
0.195765
0
0.105412
0.240941
0.0150588
0
0.0752941
0.0451765
0
0.451765
0.0301176
0.0451765
0.0150588
1.12941
0.135529
0.466824
0.496941
0.0602353
0.165647
0.692706
0
0.0903529
0.301176
0.0752941
0.0451765
0.783059
0.557176
0.225882
1.17459
0.0602353
0.0451765
0
0
0.301176
1.21976
0.557176
0
0
0
0.481882
0
0
0.0752941
0.0150588
0.135529
0.105412
0
0
0.572235
0.0752941
0
0.286118
0
0.271059
0
0.361412
0
0.0903529
0.180706
0.0150588
0
0.0301176
0.0903529
0.150588
0.150588
0
0.0602353
0
0
0
0.647529
0.225882
0.301176
0
0.0752941
0.0451765
0.496941
0.0150588
0.481882
0.165647
0
0.918588
0.0301176
0.0150588
0
0.436706
0.376471
0.0451765
0.120471
0.361412
0
0.421647
0.0451765
0.647529
0
0
0.391529
0.0602353
0.0150588
0.0451765
0
0.391529
0
0
0.346353
0
0
0.0150588
0.240941
0
0.135529
0.0903529
0
0.512
0
0.0451765
0.361412
0.828235
0.421647
0.331294
0.0150588
0
0.496941
0.391529
0.210824
0
0
0
1.12941
0
0.361412
0.752941
0.0903529
0.0752941
0.0150588
0.361412
0
0
0.240941
0.195765
0
0.692706
0
0
0
0.180706
0.0451765
0
0.0903529
0.496941
0.0903529
1.23482
0.557176
0.105412
0
0.647529
0.135529
0.0602353
0.135529
0.0752941
0.195765
0.301176
0
0
0
0.0150588
0
0
0.120471
0
0.0903529
0.512
0.0602353
0.165647
0
0
0
0
0
0
0.0150588
0.0150588
0.692706
0.331294
0.361412
0
0
0.0903529
0.557176
0.0451765
0.587294
0
0.301176
0.737882
0
0
0.316235
0.0301176
0
0
0.240941
0.662588
0.557176
0.0752941
0.406588
0
0
0
0.120471
0.436706
0.752941
0.0451765
0.165647
0
0.572235
0
0.0451765
0.466824
0.0903529
0
0.0903529
0
0.361412
0
0.451765
0.0301176
0.180706
0.0301176
0
0.135529
1.11435
0
0.195765
0.0451765
0.421647
0.496941
0.225882
0.406588
0.105412
0
0
0.436706
0
0.271059
0.572235
0.421647
0.0150588
0.391529
0
0.391529
0.165647
0
0
0.0301176
0.436706
0
0.346353
0.0451765
0.677647
0.0301176
0.0150588
0.165647
0.436706
0.316235
0.240941
0
0
0
0
0
0
0
0.0150588
0.0150588
0
0.0150588
0.180706
0.0752941
0.0602353
0.0602353
0.165647
0.0301176
0.105412
1.024
0.481882
0.240941
0
0
0.0150588
0
0.406588
0.512
0
0.0451765
0.195765
0.0451765
0
0
1.15953
0.105412
0
0
0
0
0.316235
0.225882
0.572235
0.120471
0.150588
0
0.587294
0
0.0752941
0.722824
0.722824
0.271059
0.120471
0
0
0.0903529
0
0
0.0150588
0
0
0.496941
0
0
0.301176
0
0
0.542118
0.316235
0
0.361412
0.150588
0.888471
0
0.0150588
0
0.0150588
0
0
0.572235
0.993882
0.466824
0.316235
0
0.0301176
0.0150588
0
0
0
0.0602353
0.436706
0.105412
0.873412
0.0150588
0.346353
0.150588
0.135529
0
0.406588
0
0.0752941
1.11435
0.0301176
0.421647
0
0
0.0903529
0.361412
1.03906
0
0
0
0.662588
0.346353
0.692706
0
0.120471
0
0.361412
0
0.0150588
0
0.0903529
0
0
0.180706
0
0.617412
0
0.0903529
0.0602353
0.165647
0
0.271059
0
0.0150588
0.120471
0.0451765
0.0301176
0
0
0.421647
0.180706
0.271059
0.210824
0
0
0.180706
0.0150588
0.0150588
0.466824
0.512
0.496941
0.0301176
0.0451765
1.28
0.587294
0
0
0.0150588
0.286118
0.346353
0
0
0
0
0
0.0150588
0
0
0.692706
0
0
0.180706
0
0
0.346353
0.0150588
0.195765
0
0
0.0602353
0
0.0301176
0.0150588
0
0
0
0.150588
0.993882
0.0451765
0.798118
0.361412
0.993882
0.0451765
0.828235
0.225882
0.331294
0.0451765
0
0.0752941
0.512
0
0.512
0
0.150588
0
0.0451765
0.0602353
0.587294
0.0752941
0.271059
0.0752941
0.572235
0.0903529
0.707765
0.0752941
0.105412
0.150588
0
0.135529
0
0.331294
0
0
0.120471
0
0.752941
0.105412
0.0150588
0.692706
0.135529
0.391529
0
0.210824
0.301176
0.105412
0.256
0.165647
0.0451765
0.316235
1.00894
0.361412
0
0
0.346353
0
0.180706
0.0301176
0
0
0.0903529
0.0752941
0.466824
0.903529
0.120471
0.0903529
0.271059
0.617412
0.376471
0.346353
0.210824
0.0752941
0.195765
0.301176
0.120471
0.858353
0.256
0.768
0.346353
0
0.135529
0
0.0150588
0
0
0
0
0
0.165647
0.105412
0.542118
0.421647
0.0752941
0.240941
0
0.542118
0
0
0.361412
0
0.692706
0
0.0602353
0.195765
0.135529
0.286118
0
0
0.0752941
0
0.0903529
0.436706
0.256
0.542118
0.602353
0.0150588
0.0150588
0
0.0150588
0.120471
0.587294
0.737882
0.256
0.256
0.0150588
0.496941
0.888471
0.391529
0.301176
0.240941
0.150588
0.692706
0.0602353
0.0150588
0.0301176
0.0903529
0.496941
0.542118
0.0150588
0.677647
0
0.135529
0.0150588
0.120471
0.135529
0.948706
0
0.0451765
0.0150588
0.0602353
0
0
0.481882
0.391529
0.135529
0.391529
0.165647
1.40047
0
0
0.180706
0.0903529
0
0.361412
0.737882
0.105412
0.481882
0.0301176
0.195765
0
0.316235
0
0.0150588
0
0.888471
0.572235
0.481882
0.225882
0.165647
0.0451765
0.195765
0.0301176
0
0.0752941
0.195765
0.0150588
0
0.0752941
0.512
0.0903529
0.0301176
0.0451765
0.0903529
0.301176
0.195765
0.210824
0.421647
0.451765
0.0301176
0
0
0.391529
0.798118
0
0
0.150588
0.0451765
0.0150588
0.195765
0
0
0.256
0.0752941
0.0602353
0
0.0451765
0
0.165647
0.527059
0.0903529
0.0602353
0.0903529
0.225882
0.0602353
0.0903529
0.0301176
0.346353
0.0903529
0
0.180706
0.557176
0.0602353
0.0150588
0.225882
0.120471
0.527059
0.0150588
0
0.0150588
0.0150588
0.0451765
0.0150588
0.0150588
0.0150588
0
0.0602353
0.0752941
0.0602353
0.0903529
0.210824
0
0.0903529
0.135529
0
0.271059
0.135529
0.0602353
0.150588
0.135529
0
0
0
0
0.0150588
0.527059
0.135529
0
0.0301176
0.0451765
0.0602353
0.256
0.0602353
0.647529
0
0.0301176
0
0
0.0150588
0.195765
0.0301176
0
0
0.150588
0
0
0
0.286118
0.0150588
0.557176
0.527059
0.150588
0.451765
0.210824
0
0.0602353
0.0752941
0.210824
0.602353
0.617412
0.195765
0.828235
0.0150588
0.406588
0.301176
0.406588
0.0903529
0.165647
0.135529
0.0150588
0.0903529
0
0.210824
0.0602353
0.0301176
0.0150588
0.316235
0
0.557176
0.105412
0
0.451765
0.481882
0.180706
0.361412
0.331294
0.105412
0.210824
0.195765
0.0602353
0.0150588
0.0150588
0.963765
0.0451765
0.0903529
0.451765
0
0.0752941
0.316235
0
0.180706
0.0602353
0.798118
0.0451765
0
0
0.602353
0.286118
0.376471
0.361412
0.391529
0.466824
0.0150588
0.0903529
0
0
0
0.0301176
0.346353
0.165647
0.0301176
0
0.527059
0.496941
0.165647
0.120471
0.0602353
0.737882
0
0.391529
0
0.0301176
0.240941
0.301176
0
0.120471
0.421647
0.632471
0
0.105412
0.0602353
0.210824
0.210824
0.195765
0
0
0
0.617412
0
0
0.120471
0.150588
0.0602353
0
0.0150588
0.376471
0.0451765
0.271059
0.496941
0.0752941
0.135529
0.0903529
0
0
0.105412
0.376471
0.0301176
0.361412
0.647529
0.376471
0.135529
0.180706
0.150588
0.0150588
0.451765
0
0.647529
0.0602353
0.0150588
0.406588
0.286118
0.0451765
0.436706
0.0602353
0.150588
0.195765
0.391529
0.0451765
0
0.406588
0.0602353
0.527059
0.376471
0.496941
1.11435
0.0752941
0.240941
0.165647
0.210824
0.0150588
0
0.572235
0.256
0.180706
0.346353
0.0602353
0
0.0150588
0.256
0.195765
0.150588
0.707765
0.0903529
0.256
0
0.135529
0.361412
0.105412
0
0.406588
0.376471
0.165647
0.391529
0
0.150588
0.0451765
0.135529
0.647529
0.0301176
0.391529
0
0.0150588
0.512
0.135529
0
0.271059
0.0602353
0
0.105412
0
0
0.271059
0.0150588
0.692706
0.677647
0.256
0.135529
0.120471
0.0150588
0.0903529
0
0.225882
0.105412
0.271059
0.105412
0.391529
0.120471
0.195765
0.105412
0.602353
0.0301176
0.0150588
0.647529
0.798118
0.0752941
0.0301176
0.391529
0.180706
0
0.180706
0.421647
0.466824
0.406588
0
0
0.135529
0.572235
0.0903529
0
0.105412
0.496941
0.677647
0.180706
0.0150588
0.0602353
0.135529
0.256
0.768
0.496941
0.0903529
0.0602353
0.0301176
0.195765
0.0301176
0
0.135529
0.0301176
0.0150588
0.120471
0.331294
0.587294
0.0150588
0.316235
0
0
0
0.602353
0.150588
0.120471
0.0752941
0
0.271059
0.180706
0.813176
0.0150588
0.361412
0.0150588
0.346353
0.0150588
0.0903529
0.331294
0.346353
0.0301176
0
0
0.737882
0
0.180706
0.557176
0.647529
0.0903529
0.421647
0
0.180706
0.331294
0.120471
0.978824
0
0.165647
0
0.256
0.0301176
0.391529
0.361412
0
0.210824
0.406588
0.647529
0.0150588
0.0301176
0.301176
0.0150588
0.0150588
0.451765
0.0602353
0
0.0602353
0.0301176
0.301176
0.0150588
0.0150588
0.406588
0.0451765
0.542118
0
0.271059
0.105412
0.165647
0
0
0.0903529
0.0150588
0.346353
0.105412
0.0150588
0.0752941
0.527059
0
0
0.256
0.0301176
0.210824
0.195765
0.0150588
0.180706
0.225882
0.858353
0.0150588
0.406588
0
0
0.0150588
0.256
0.481882
0.632471
0.0451765
1.03906
0.376471
0
0
0.165647
0.135529
0.0903529
0.436706
0
0.180706
0.391529
0
0
0.195765
0.331294
0.0602353
0.195765
0.0150588
0.0150588
0.135529
0.677647
0.0752941
0.361412
0.0451765
0.512
0
0.210824
0
0.361412
0.165647
0.331294
0.828235
0.150588
0.587294
0.542118
0.737882
0.0903529
0.120471
0.0903529
0.0301176
0.301176
0.0301176
0.481882
0.527059
0.316235
0.572235
0.647529
0.0301176
0.376471
0.0451765
0.527059
0.0150588
0.0150588
0
0.888471
0.150588
0
0.105412
0.301176
0.105412
0
0.406588
0.240941
0.301176
0.240941
0.105412
0.301176
0.301176
0
0.195765
0.105412
0
0.0301176
0.0451765
0.0301176
0.572235
0.256
0.361412
0
0.331294
0.0451765
0.783059
0.0301176
0.0752941
0
0
0
0.617412
0
0
0.225882
0.858353
0.406588
0
0.451765
0.256
0.0602353
0.0150588
0.0451765
0.150588
0.316235
0.105412
0.376471
0.602353
0.557176
0.421647
0.105412
0.120471
0.0150588
0.120471
0.466824
0
0.0150588
0.256
0.0451765
0.0301176
0
0.0150588
0.225882
0
0.496941
0.0301176
0.180706
0.436706
0.873412
0.150588
0
1.03906
0.783059
0.376471
0.256
0.225882
0
0.421647
0.120471
0.888471
0
0.783059
0.662588
0
0.286118
0.0150588
0
0.195765
0.150588
0.240941
0.602353
0
0
0
0.0150588
0.271059
0.0150588
0.0602353
0.150588
0.120471
0.0301176
0.0903529
0.361412
0.105412
0.692706
0
0.105412
0.120471
0.120471
0
0.150588
1.06918
0
0.436706
0.0451765
0.0150588
0.301176
0
0.105412
0.150588
0.0752941
0.0903529
0
0.210824
0.0451765
0.0903529
0.331294
0.451765
0.301176
0
0.346353
0.0150588
0.0752941
0
0.0301176
0
0.0301176
0.225882
0.0301176
0.0752941
0
0.286118
0.316235
0.481882
0.0150588
0.813176
0.240941
0.165647
0.391529
0.120471
0
0
0
0.150588
0.0451765
0.195765
0.0301176
0.331294
0.225882
0
0
0.271059
0.587294
0.346353
0.0752941
0.0301176
0.376471
0.451765
0.195765
0
0
0.150588
0
0.542118
0.165647
0.135529
0.105412
0.496941
0
0.798118
0.0150588
1.09929
0
0.0602353
0.180706
0.0150588
0.240941
0
0.180706
0
0.481882
0.105412
0
0
0.0150588
0.391529
0
0.0602353
0.120471
0.722824
0.527059
0.135529
0.436706
0.105412
0.993882
0.180706
0
0
0
0.527059
0
0.105412
0.421647
0.0451765
0.376471
0
0.496941
0.286118
0.527059
0.632471
0.918588
0.346353
0.165647
0
0
0.0903529
0.798118
0.180706
0.195765
0.933647
0.0752941
0.0150588
0.286118
0
0.0451765
0.240941
0.150588
0.376471
0.225882
0.0602353
0.0752941
0.165647
0.210824
0.316235
0.301176
0.0301176
0.0451765
0.0301176
0.0150588
0
0.150588
0.120471
0
0.256
0.135529
0.376471
0.240941
0.256
0.707765
0.0451765
0.150588
0
0
0.105412
0.406588
0.0451765
0
0.406588
0.496941
0.0602353
0.707765
0.0301176
0.602353
0.0150588
0.0451765
0.135529
0.165647
0.0752941
0.451765
0.0903529
0.195765
0
0.331294
0.557176
0
0.647529
0.316235
0
0.0301176
0.888471
0
0.105412
0.165647
0.677647
0
0.225882
0.421647
0.346353
0
0.316235
0.0903529
0.421647
0.225882
0.737882
0
0.0752941
0.0301176
0.0903529
0.0752941
0
0.150588
0.180706
0.692706
0.692706
0.180706
0.587294
0.301176
0
0.256
0.225882
0.0301176
0.0602353
0
0.0301176
0.0150588
0
0
0
0
0.376471
0.0150588
0
0
0
0
0.0301176
0
0
0
0.0150588
0
0
0
0.0301176
0.451765
0
0.0602353
0
0
0
0
0.0150588
0
0
0
0
0.436706
0.0602353
0.0602353
0
0
0.0150588
0
0
0
0.0301176
0
0
0.0451765
0
0
0.120471
0
0
0
0
0
0.0150588
0
0
0
0.0301176
0
0.0752941
0
0.165647
0.0150588
0
0.256
0
0
0
0
0
0
0.0150588
0.0150588
0.0150588
0
0
0.0150588
0.0150588
0
0.0150588
0
0
0.0301176
0
0
0
0.165647
0
0
0.0150588
0
0
0
0.225882
0
0
0
0.0150588
0
0
0
0.0301176
0
0
0
0
0
0
0
0
0.0451765
0.0301176
0
0
0
0
0
0.0301176
0.0150588
0
0.0150588
0
0
0
0.0602353
0
0.346353
0
0
0.0150588
0
0
0
0
0
0
0.0301176
0
0
0
0
0
0
0
0.150588
0
0.0602353
0
0.120471
0.0602353
0.0451765
0
0.0150588
0
0
0
0
0.0451765
0.0150588
0
0.0150588
0
0
0
0
0
0.0150588
0.0150588
0
0.0301176
0.0301176
0.0150588
0.0752941
0.0150588
0.0150588
0.0150588
0
0
0.0150588
0.436706
0.0150588
0
0
0.0903529
0
0.0150588
0
0
0.0301176
0
0
0.0150588
0.195765
0.0301176
0
0
0.0150588
0.0150588
0
0
0.527059
0.0301176
0
0
0
0
0
0
0
0
0
0
0
0
0
0
0.0150588
0
0
0.0301176
0
0
0
0.0150588
0.0150588
0
0
0.120471
0
0
0.301176
0.0301176
0.0602353
0
0
0
0
0
0
0
0
0
0.0150588
0.0150588
0
0
0
0
0.0150588
0
0.0301176
0.0451765
0
0
0
0
0
0
0
0
0
0.346353
0
0
0
0.120471
0.105412
0
0
0
0.0150588
0.0301176
0
0
0
0
0.0150588
0.0451765
0
0
0.0150588
0.0150588
0
0
0
0
0
0
0
0.225882
0
0
0
0.0301176
0.0301176
0
0
0.120471
0
0
0
0
0
0
0.0150588
0
0.0752941
0
0
0
0.451765
0
0
0
0
0
0.0301176
0
0.0301176
0.0301176
0.0602353
0
0.240941
0
0
0
0.150588
0
0
0
0.210824
0
0
0
0
0.0301176
0
0
0
0
0.301176
0
0
0
0
0
0.0150588
0.0150588
0
0.0150588
0.0150588
0
0.0150588
0.0150588
0
0.0150588
0
0
0
0.0150588
0
0.135529
0
0
0
0.0150588
0
0
0
0
0.0150588
0
0.0903529
0
0.180706
0
0.0301176
0
0.0301176
0
0
0
0.0301176
0.0150588
0.0150588
0
0.0602353
0
0.0150588
0
0.0301176
0.466824
0
0
0.0150588
0
0
0
0
0
0
0.0301176
0
0.150588
0
0
0
0
0.0150588
0
0
0
0
0.722824
0
0
0.888471
0
0
0
0
0
0
0
0.0451765
0
0.0150588
0
0
0
0
0
0
0.406588
0
0
0
0
0.150588
0.0301176
0.0150588
0
0.0301176
0
0.0752941
0
0
0
0.0451765
0
0.0451765
0.0602353
0
0.0150588
0
0
0
0
0.0602353
0.0301176
0.0602353
0
0
0.0903529
0
0
0
0
0
0.0150588
0
0
0
0.481882
0
0
0.0602353
0.0150588
0
0.0150588
0
0
0
0
0.225882
0.0451765
0.0301176
0
0.0150588
0
0.0903529
0.0451765
0.0150588
0
0
0.0150588
0
0.0150588
0
0
0
0
0
0
0
0
0
0.0301176
0
0.0150588
0
0
0
0.0451765
0
0.0451765
0
0
0.0150588
0
0
0
0
0.0301176
0
0.0602353
0
0
0.0451765
0
0.0150588
0.0451765
0
0
0.0150588
0
0
0
0
0
0.0451765
0
0
0.451765
0.0150588
0
0
0
0
0
0
0
0.0150588
0
0.0150588
0
0
0
0
0.0903529
0
0
0.0602353
0
0
0
0
0.0752941
0
0
0
0.0451765
0
0.0301176
0
0
0.0150588
0
0.0150588
0.0451765
0
0
0
0
0
0.0150588
0
0
0
0
0
0
0.0903529
0
0
0
0
0.0150588
0
0.105412
0
0.0301176
0
0
0
0.0301176
0
0
0.0150588
0.0301176
0.0301176
0
0.0150588
0.0150588
0
0.0301176
0
0
0
0
0
0
0.0150588
0
0
0.210824
0
0.0301176
0.0752941
0
0
0
0
0.120471
0
0
0
0.0150588
0.0903529
0.0150588
0.0150588
0
0.0150588
0
0
0.0150588
0
0
0
0
0
0
0
0.0150588
0.0150588
0
0
0
0.0602353
0
0
0
0
0.0301176
0
0
0.0301176
0
0
0
0.225882
0
0.0150588
0
0.120471
0.0451765
0
0.180706
0.0150588
0
0
0
0.0301176
0
0
0.0301176
0
0
0
0
0.0451765
0
0.0752941
0
0.0150588
0
0
0
0
0
0.150588
0.0150588
0
0.0752941
0.0150588
0.150588
0
0
0
0
0
0
0
0
0
0
0.0602353
0
0.0150588
0.0150588
0
0.0451765
0
0
0
0
0
0.0150588
0.105412
0
0
0
0
0
0.0301176
0
0
0.0150588
0
0.0150588
0.0150588
0
0.286118
0
0
0
0
0
0
0
0
0.0150588
0
0.0451765
0.0451765
0.0301176
0.0301176
0
0.0301176
0
0
0
0
0.0301176
0
0
0
0.0752941
0
0
0.0301176
0
0.0150588
0.0602353
0.0150588
0
0
0.0150588
0
0
0
0.0752941
0.0150588
0
0
0
0.180706
0
0.0150588
0
0
0.0301176
0
0
0
0
0
0
0
0.105412
0.0451765
0.0150588
0
0
0
0
0
0.0301176
0.0150588
0
0.0451765
0
0
0
0
0
0.0903529
0
0
0
0
0
0
0.0150588
0.0150588
0
0
0.0150588
0
0
0
0
0
0.0150588
0.0301176
0
0.271059
0.0451765
0.0301176
0
0.0150588
0
0.0150588
0.225882
0.316235
0
0
0
0
0
0
0
0
0
0
0
0.0150588
0.0150588
0
0
0.195765
0
0.451765
0
0
0
0
0.0150588
0.0903529
0
0.0451765
0
0.0150588
0
0
0
0
0
0.0903529
0
0.346353
0
0
0
0
0.0301176
0
0
0
0.0301176
0
0
0
0.0150588
0
0
0
0
0
0
0.105412
0
0.210824
0.0150588
0
0
0
0
0
0.0602353
0.0301176
0
0
0
0
0.0602353
0
0
0
0.0150588
0
0
0.0150588
0
0
0
0.0150588
0
0
0.0301176
0.0752941
0.0150588
0
0
0.0150588
0.0150588
0.180706
0.0301176
0.0150588
0.0150588
0
0
0
0.0301176
0.0150588
0
0.0150588
0
0.0150588
0.331294
0
0
0
0
0
0
0
0
0
0
0
0
0.271059
0
0
0.0301176
0
0.0602353
0.0150588
0
0
0.150588
0.0150588
0
0
0.0150588
0
0
0
0
0
0
0
0
0
0
0.0301176
0.0301176
0
0
0.0301176
0
0
0.0150588
0.271059
0
0
0
0.647529
0.286118
0.180706
0
0.0451765
0
0.0602353
0.240941
0.150588
0.105412
0.0903529
0.301176
0.0150588
0.135529
0
0
0.481882
0.120471
0.210824
0.0903529
0.0451765
0.240941
0.858353
0.451765
0.0752941
0.692706
0.0150588
0
0.376471
0
0.783059
0.0602353
0.0150588
0
0.0301176
0
0.135529
0.0301176
0.542118
0.0150588
0.557176
0.0301176
0.240941
0
0.376471
0
0.496941
0.0602353
0.496941
0.0301176
0
0.256
0.271059
0.512
0.120471
0
0
0.165647
0
0.105412
0.0150588
0
0.798118
0.180706
0.256
0.406588
0
0.0602353
0.180706
0.120471
0.0301176
0.240941
0.135529
0.752941
0.0602353
0.286118
0.903529
0.180706
0.105412
0.286118
0.150588
0
0.0301176
0
0.240941
0.361412
0.286118
0.752941
0.557176
0
0.240941
0
0.707765
0
0.587294
0.0150588
0
0.0301176
0.0150588
0
0
0.210824
0.271059
0.0903529
0.361412
0.0451765
0.617412
0.587294
0.0752941
0.105412
0
0.737882
0.150588
0.165647
0
0.256
0
0.0150588
0
0.135529
0.286118
0
0
0.0150588
0.135529
0.105412
0.783059
0.677647
0
0
0.331294
0.557176
0.286118
0.346353
0.466824
0.692706
0
0.225882
0.210824
0
0
0.0451765
0
0.391529
0
0.737882
0.240941
0.737882
0.0602353
0
0.0301176
0.0150588
0.225882
0.0150588
0.647529
0.271059
0.496941
0.0752941
0.180706
0.346353
0.391529
0
0.0150588
0.0752941
0.451765
0
0.165647
0.180706
0.602353
0.165647
0.165647
0.768
0.135529
0
0.0150588
0.346353
0.0150588
0.256
0.180706
0.512
0.436706
0.0451765
0.256
0.180706
0.240941
0.0752941
0.0150588
0.406588
0.0301176
0.195765
0.0602353
0.150588
0
0.0903529
0.602353
0.225882
0.256
0.0150588
0.617412
0.0301176
0.0903529
0.240941
0.180706
0.0150588
0
0
0
0.0451765
0.391529
0.0150588
0.286118
0.406588
0.165647
0.0150588
0
0
0.150588
0.421647
0.0150588
0.346353
0.0451765
0
0.0150588
0.120471
0.737882
0.0150588
0.496941
0
0.813176
0.0602353
0.240941
0.0451765
0.120471
0
0.301176
0.301176
0
0.587294
0.135529
0
0
0.331294
0.0903529
0.376471
0.466824
0
0
0.331294
0.0301176
0.0752941
0
0.225882
0
0
0.135529
0.271059
0.481882
0.0903529
0.0301176
0.451765
0.256
0.105412
0.0150588
0
0.256
0.391529
0.180706
0
0.240941
0.677647
0.150588
0.0903529
0.602353
0.346353
0.120471
0.0150588
0.436706
0.0451765
0.557176
0.135529
0.0301176
0.0602353
0.0752941
0.737882
0.105412
0
0.0301176
0
0.135529
0.572235
0.0752941
0.903529
0.346353
0
0.120471
0.0903529
0.331294
0
0.331294
0.210824
0.0150588
0.120471
0
0
0.768
0.0301176
0.346353
0.0150588
0
0.361412
0.768
0.120471
0
0.0150588
0.150588
0.180706
0.466824
0.0150588
0.0451765
0.707765
0
0.150588
0.0150588
0.0150588
0
0.0903529
0
0.150588
0.0150588
0.240941
0.0451765
0.0451765
0.120471
0.737882
0.150588
0.195765
0
0.210824
0.692706
0
0.0150588
0
0.165647
0.150588
0.135529
0.120471
0.737882
0.0602353
0.210824
0.542118
0.752941
0.0903529
0
0.165647
0.0301176
0.210824
0
0
0.331294
0.271059
0.105412
0.0301176
0
0.752941
0.602353
0.361412
0
0.0301176
0.0903529
0.0150588
0.271059
0.210824
0.737882
0
0
0.527059
0.210824
0.301176
0.406588
0.105412
0.165647
0.527059
0.0903529
0.210824
0.256
0
0
0
0.0752941
0.105412
0.331294
0.768
0.361412
0.165647
0.0150588
0.572235
0.165647
0.662588
0.376471
0.0301176
0.0752941
0
0.0150588
0.286118
0.271059
0.662588
0.0602353
0.0150588
0.0301176
0.135529
0.301176
0.150588
0.0150588
0.557176
0.240941
0.286118
0
0.240941
0.496941
0.210824
0.376471
0.210824
0.617412
0.0752941
0
0.195765
0
0.331294
0.240941
0
0.978824
0.481882
0.572235
0.195765
0.0903529
0.180706
0
0
0.0150588
0
0.0301176
0.105412
0.0752941
0
0.0903529
0.0150588
0
0.0602353
0.165647
0.0602353
0.572235
0.0451765
0.963765
0.0752941
0
0
0.587294
0.963765
0.481882
0.376471
0.0150588
0
0.346353
0.286118
0.0752941
0
0.0301176
0.0903529
0.346353
0.0451765
0.180706
0.542118
0
0
0
0.240941
0.301176
0
0
0.451765
0.0150588
0.557176
0.0752941
0.0451765
0.542118
0.120471
0.316235
0.301176
0.150588
0.120471
0.376471
0.557176
0.240941
0.647529
0
0
0
0.0150588
0.527059
0.195765
0.963765
0.572235
0
0.632471
0.0451765
0.286118
0.647529
0
0
0.632471
0
0.225882
0.150588
0.0451765
0.0150588
0.481882
0.0602353
0
0.195765
0.421647
0.150588
0.376471
0.286118
0.0903529
0
0.0150588
0.225882
0
0.0602353
0.0301176
0.527059
0.0451765
0.813176
0.361412
0.376471
0.436706
0.0451765
0
0.0451765
0.361412
0.0150588
0.240941
0
0.195765
0.0150588
0.240941
0.0301176
0.105412
0.0752941
0
0.165647
0.0150588
0.286118
0.0150588
0.0301176
0.677647
0.376471
0.406588
0
0
0.240941
0
0.542118
0.406588
0.105412
0
0.195765
0
0.557176
0
0.0451765
0
0.692706
0.0301176
0
0.0301176
0.256
0
0.165647
0
0.0451765
0.406588
0.0301176
0.0150588
0.617412
0.0301176
0.165647
0.0150588
0.466824
0.0150588
0.707765
0.150588
0.195765
0
1.41553
0.0150588
0.0301176
0
0
0.0602353
0.0752941
0.527059
0
0.376471
0.557176
0.602353
0.361412
0
0.105412
0.301176
0
0.165647
0.0752941
0.225882
0.768
0.105412
0.376471
0.0301176
0.256
0.0150588
0.150588
0.180706
0.0150588
0.0451765
0.150588
0
0
0.210824
0
0.286118
0.331294
0.602353
0.406588
0.0602353
0.105412
0.0602353
0.0150588
0.150588
0.240941
0
0.692706
0.0451765
0.316235
0
0.512
0.0451765
0.105412
0.542118
0.0602353
0.135529
0.406588
0.783059
0.0752941
0.150588
0.406588
0.481882
0.225882
0.512
0
0.120471
0.165647
0.888471
0
0
0.527059
0.165647
0.391529
0
0.256
0.602353
0
0.240941
0.496941
0.256
0.647529
0.331294
0.587294
0.0301176
0.0602353
0.120471
0.150588
0
0
0.210824
0.737882
0.0602353
0.0451765
0.0150588
0.0150588
0.195765
0.210824
0.286118
0.225882
0.286118
0.210824
0.0150588
0.0150588
0.602353
0.828235
0.120471
0
0.587294
0.180706
0.677647
0
0.361412
0.240941
0
0.858353
0.210824
0.0602353
0.150588
0.105412
0.632471
0
0.331294
0.195765
0.180706
0.150588
0.0451765
0
0
0.135529
0.632471
0.0602353
0.165647
0.210824
0.301176
0.0301176
0
0.0752941
0.0602353
0.256
0.0150588
0.0602353
0.256
0.0150588
0
0.286118
0.256
0.120471
0.195765
0.722824
0.617412
0.0150588
0.376471
0
0
0.271059
0.843294
1.00894
0.0301176
0
0.105412
0
0.135529
0
0
0.752941
0.0903529
0
0.391529
0.933647
0
0.195765
0
0.150588
0.150588
0.0752941
0.0903529
0
0
0.527059
0.0301176
0.0451765
0.0903529
0.451765
0.180706
0.0903529
0
0.195765
0.0752941
0
0.0451765
0
0.331294
0
0.0301176
0.542118
0.0451765
0.376471
0.120471
0.421647
0
0.512
0.150588
0.150588
0.271059
0
0.0903529
0.271059
0.0451765
0.0301176
0
0.0602353
0.903529
0
0.0752941
0.316235
0.0150588
0.496941
0.316235
0.256
0.150588
0.120471
0.376471
0
0.496941
0
0.180706
0.0301176
0.737882
0.0150588
0.316235
0
0.496941
0
0
0.0150588
0.0150588
0.0150588
0.632471
0
0.135529
0.0602353
0.316235
0.225882
0.180706
0
0.0150588
0.316235
0.0301176
0.0752941
0.918588
0.210824
0.602353
0.512
0.180706
0
0.286118
0
0.527059
0.195765
0
0.527059
0.150588
0
0.135529
0.346353
0.481882
0.496941
0.722824
0.421647
0.316235
0.210824
0.105412
0.0150588
0.331294
0.240941
0.0301176
0.0451765
0.286118
0
0.150588
0.210824
0.0451765
0.391529
0
0
0.180706
0.572235
0
0.180706
0.361412
0
0.376471
0.391529
0.602353
0.346353
0.271059
0.120471
1.00894
0
0
0.0301176
0.180706
0.195765
0.165647
0
0
0.391529
0.0150588
0.0451765
0.0752941
0.421647
0.120471
0.240941
0.0150588
0.331294
0.331294
0.331294
0.0150588
0.105412
0.0150588
0
0
0.391529
0.180706
0.542118
0.0301176
0.632471
0.0602353
0.406588
0.391529
0.0903529
0.391529
0.0752941
0.376471
0
0.195765
0.150588
0.0150588
0.135529
0.451765
0.376471
0
0
0.271059
0.225882
0
0.752941
0.481882
0.0150588
0.180706
0.225882
0.0301176
0.692706
0.0150588
0.0150588
0.617412
0
0.0150588
0
0.0301176
0
0
0.286118
0.195765
0.0150588
0.0602353
0.0150588
0
0.120471
0
0.0903529
0.993882
0.481882
0
0
0.888471
0.135529
0
0
0.316235
0.0752941
0.331294
0.0451765
0.0903529
0.0150588
0
0.436706
0.0150588
0.512
0.587294
0
0
0.376471
0.120471
0
0.0451765
0.0451765
0.0752941
0.165647
0.798118
0.451765
0.0301176
0.0451765
0
0.587294
0.256
