0.089085
0.0381793
0
0
0
0.0254529
0.0254529
0
0
0
0
0.0127264
0
0
0
0.572689
0.0381793
0.089085
0.0127264
0
0.0127264
0
0
0
0
0.0254529
0
0.0636321
0.0254529
0
0
0
0.0381793
0
0.0763585
0.0381793
0.101811
0
0
0
0
0.0127264
0
0
0
0
0
0
0
0.0127264
0.0254529
0
0
0.0254529
0.0254529
0
0.0127264
0.0254529
0
0
0.432698
0.0127264
0
0
0.0127264
0
0
0
0
0.190896
0.0127264
0
0
0.0127264
0
0
0.101811
0
0
0
0
0
0
0.0127264
0
0.0254529
0
0.0127264
0
0
0.0254529
0.0636321
0
0
0
0
0
0
0
0.0127264
0.0127264
0
0.0254529
0.101811
0
0.0127264
0.165444
0
0.394519
0
0
0.0254529
0
0
0
0
0.0127264
0.17817
0
0
0
0
0
0.343613
0.0254529
0.0254529
0.0509057
0
0.0127264
0
0
0
0
0
0
0
0
0
0.0127264
0
0
0
0
0
0
0
0.0636321
0
0
0
0.139991
0
0
0.0509057
0
0
0.0127264
0
0.0127264
0
0
0
0.0254529
0
0
0
0.0127264
0.0127264
0
0.101811
0
0
0
0.0127264
0
0
0.0127264
0.0381793
0.203623
0.0254529
0
0
0
0
0
0
0
0
0.0127264
0
0.0254529
0
0
0.0254529
0
0.0254529
0
0
0.0381793
0.0381793
0
0
0
0
0
0.0127264
0
0.0127264
0
0
0
0
0.0381793
0
0.0127264
0
0
0
0
0.0254529
0
0.0127264
0.0127264
0
0.0127264
0
0.0509057
0
0
0.0127264
0
0
0
0
0
0
0.0127264
0
0.0127264
0.0127264
0
0.0381793
0
0
0.0127264
0.0127264
0
0.0127264
0
0
0.089085
0.0763585
0
0
0
0
0
0
0
0
0
0
0
0
0.0127264
0
0
0
0.0254529
0
0
0.0127264
0
0
0
0
0
0
0.0127264
0
0
0
0
0
0
0.229076
0.0127264
0
0
0
0
0
0
0
0.0127264
0
0
0.0127264
0
0
0
0
0
0.0127264
0
0
0.0381793
0
0.101811
0.241802
0.0127264
0
0
0
0
0.0127264
0
0.0254529
0.0254529
0
0
0
0
0.0127264
0
0
0
0
0
0
0
0
0
0
0
0.0254529
0
0
0.203623
0
0
0.0636321
0
0
0
0
0.0509057
0
0.0127264
0.0127264
0
0.0127264
0
0
0
0
0
0
0.0254529
0.0254529
0
0
0
0
0
0.0509057
0.0254529
0
0
0.0254529
0
0
0
0
0.0127264
0
0
0
0
0
0
0.0127264
0
0.0127264
0
0.0254529
0
0
0
0
0
0.0254529
0
0.0127264
0.0254529
0
0
0
0.0254529
0.318161
0.0127264
0.0127264
0
0
0
0
0
0
0.127264
0
0
0.610868
0
0.089085
0.407246
0.0127264
0
0
0.0127264
0.0127264
0
0.0127264
0.279981
0
0
0
0
0
0
0.267255
0
0
0.0254529
0
0
0
0
0.0254529
0
0.0127264
0
0.0254529
0
0.0127264
0
0.0127264
0
0
0.0127264
0.114538
0
0
0.559963
0
0
0
0
0
0
0
0
0.0127264
0
0.254528
0.0254529
0.0254529
0.0127264
0
0
0
0.0381793
0.241802
0
0
0.0127264
0.470878
0.0381793
0
0
0.0509057
0
0
0
0
0
0.101811
0
0.0636321
0
0
0.229076
0.139991
0
0.152717
0
0
0.0381793
0
0
0
0
0.0509057
0
0
0
0
0
0.267255
0
0
0
0
0
0.0381793
0
0
0.0381793
0
0
0
0.0636321
0
0
0
0.0127264
0
0.0381793
0
0
0
0.0509057
0
0.0127264
0
0.0254529
0.101811
0
0
0.0509057
0
0.0381793
0
0
0.101811
0
0
0
0
0.101811
0
0
0
0
0.445425
0.53451
0
0
0
0
0
0
0.0254529
0.0127264
0
0
0
0.0254529
0.0254529
0.407246
0.0127264
0
0.203623
0.0381793
0.0254529
0
0
0.0509057
0.0254529
0.0763585
0
0
0.0127264
0
0
0
0
0
0
0.0381793
0
0
0.0127264
0
0
0.0127264
0.0254529
0
0
0
0.0509057
0.0127264
0
0
0
0.0127264
0
0.0381793
0.0127264
0.0636321
0
0
0
0
0.0636321
0
0
0
0.292708
0
0
0.0127264
0
0
0
0.0254529
0
0.0127264
0
0
0
0.0127264
0
0
0.101811
0
0.139991
0.0127264
0
0
0
0.0127264
0
0
0.0127264
0
0
0
0
0
0
0
0
0
0.0509057
0
0.127264
0.0509057
0
0.0381793
0
0
0
0.0254529
0
0
0.0381793
0.0763585
0
0.0127264
0
0
0
0.0127264
0
0
0.0127264
0.0636321
0
0
0.0127264
0
0
0
0
0.0381793
0.0381793
0
0
0
0.0127264
0.165444
0
0.241802
0
0
0
0
0
0
0.0127264
0
0
0.0127264
0
0
0
0
0
0.0127264
0.0127264
0
0.0763585
0.0127264
0
0
0
0
0
0
0
0.0381793
0
0.0254529
0
0
0.0127264
0
0
0
0
0.0127264
0
0.419972
0
0
0.0127264
0.0509057
0.0381793
0
0
0
0.0381793
0.0254529
0
0
0.0254529
0
0.101811
0
0
0.165444
0
0
0.0509057
0.0127264
0
0
0
0
0
0
0
0
0
0.0127264
0.0127264
0.0127264
0
0
0.381793
0.0127264
0.0127264
0.101811
0.152717
0
0
0
0
0
0
0.0381793
0
0
0
0.0127264
0
0
0
0.0127264
0
0
0
0
0
0.0381793
0
0.0254529
0.0127264
0.0127264
0
0
0
0
0
0.0254529
0
0
0
0
0
0
0.0127264
0
0
0
0
0.0636321
0
0
0
0.0381793
0.0636321
0
0
0
0
0
0.0127264
0.267255
0
0.0254529
0
0
0.0127264
0.0127264
0
0.0127264
0
0
0.127264
0.127264
0
0
0
0.0127264
0.0127264
0
0
0
0
0
0
0.0763585
0
0
0
0
0.0127264
0
0.127264
0.0509057
0
0.0509057
0
0
0.0381793
0
0.127264
0.279981
0.0127264
0
0.0127264
0
0
0
0
0
0
0
0
0
0.0381793
0
0.0127264
0
0
0.127264
0.0127264
0
0.0254529
0.0127264
0
0.0127264
0
0
0.0127264
0.0254529
0.0254529
0
0
0
0.0127264
0.0636321
0
0
0
0
0
0.369066
0.292708
0
0
0
0
0
0.0254529
0
0
0.0127264
0.0254529
0
0.0254529
0.0127264
0.152717
0.0127264
0
0
0
0.0127264
0.0127264
0.0381793
0
0.0127264
0
0
0
0
0
0
0
0
0
0
0
0.0127264
0
0
0
0.0381793
0.0254529
0
0
0.0254529
0.0127264
0.139991
0.190896
0.0254529
0
0
0
0
0
0
0
0.0254529
0
0
0
0
0
0
0
0
0
0
0
0
0
0
0
0.0381793
0.0127264
0
0
0
0.0254529
0
0.0381793
0
0
0
0
0.0127264
0
0.0127264
0
0
0
0
0
0.114538
0.687227
0.229076
0.152717
0.292708
0.139991
0.394519
0.165444
0.0127264
0.559963
0.445425
0.0636321
0.369066
0.0381793
0.572689
0.458151
0.0127264
0.241802
0.0127264
0
0
0.0127264
0.458151
0
0.089085
0
0.0127264
0.0509057
0.0763585
0
0.458151
0.636321
0.0509057
0
0.229076
0.101811
0.127264
0.152717
0.305434
0.0254529
0.661774
0.0509057
0
0.53451
0
0.0509057
0.0254529
0.17817
0.089085
0.0509057
0.139991
0
0.267255
0.241802
0.839944
0.394519
0.267255
0.0509057
0.470878
0
0.139991
0.0763585
0.165444
0.0763585
0
0.954482
0.216349
0.330887
0.0254529
0.0254529
0.0254529
0.343613
0.0509057
0
0.17817
0.343613
0.292708
0.865397
0.089085
0.0636321
0.0127264
0.0254529
0.598142
0
0.0381793
0.305434
0.369066
0.216349
0.0381793
0
0.0254529
0.941755
0.330887
0.661774
0.203623
0.369066
0
0.0763585
0.165444
0.0763585
0.0127264
0.0636321
0
0
0.496331
0
0.165444
0
0.0636321
0.254528
0.114538
0
0.343613
0.0254529
0.0127264
0.305434
0.432698
0.203623
0.203623
0
0.152717
0.267255
0.279981
0.152717
0.35634
0.445425
1.01811
0
0.165444
0.432698
0.267255
0.699953
0.419972
0.0509057
0.0509057
0.0509057
0.0636321
0.445425
0.101811
0.152717
0.0636321
0
0
0.165444
0.394519
0.0127264
0.17817
0
0.165444
0.190896
0
0.0509057
0.394519
0
0.101811
0.369066
0.190896
0
0.216349
0.496331
0.0509057
0.585416
0.661774
0.17817
0.17817
0.445425
0
0.254528
0
0
0
0.114538
0.0763585
0.0509057
0
0.572689
0.203623
0
0.0636321
0.432698
0.203623
0.0127264
0
0.0127264
0
0.0381793
0
0.0381793
0.509057
0.17817
0.0636321
0
0.139991
0.165444
0.0127264
0
0
0.35634
0.17817
0
0.101811
0.0381793
0
0.190896
0
0.738133
0.0254529
0.101811
0.0127264
0.127264
0.0254529
0
0.521783
0
0.0509057
0.35634
0.279981
0.343613
0.394519
0.763586
0.292708
0.279981
0.241802
0.101811
0
0.35634
0.789038
0.0254529
0.496331
0.432698
0.0127264
0.152717
0.0254529
0
0.254528
0.292708
0.432698
0.0763585
0.865397
0
0.687227
0
0.521783
0.216349
0.267255
0.0127264
0
0.089085
0.509057
0.0509057
0.216349
0
0.407246
0.509057
0.127264
0.0381793
0.649048
0.101811
0.0636321
0
0.279981
0
0.254528
0
0
0
0.381793
0.318161
0.139991
0.369066
0.114538
0.267255
0.152717
0.0254529
0.0254529
0.139991
0
0.458151
0.0127264
0.139991
0.279981
0.0509057
0
0.0127264
0.139991
0.139991
0.0127264
0.0127264
0.229076
0.0763585
0.381793
0
0.687227
0.0636321
0.0763585
0.152717
0.0127264
0.903576
0.089085
0.318161
0.0127264
0.114538
0.0636321
0.343613
0.216349
0
0.610868
0.0127264
0.0381793
0.0763585
0.0636321
0
0.445425
0.292708
0.432698
0.483604
0.190896
0.0763585
0.394519
0.165444
0.318161
0.267255
0.101811
0.0509057
0.165444
0.0254529
0.0636321
0
0.229076
0.305434
0.203623
0.0763585
0.305434
0.0763585
0.0254529
0.929029
0.572689
0.0127264
0
0.0127264
0
0.0127264
0.0127264
0.0509057
0.0127264
0
0.521783
0.0381793
0.114538
0
0.381793
0.0127264
0
0.419972
0.127264
0.17817
0.114538
0.114538
0.598142
0.0127264
0.0127264
0.165444
0.0763585
0.139991
0.53451
0.71268
0.343613
0.101811
0.0127264
0.509057
0.0381793
0.71268
0.152717
0.0636321
0.190896
0.470878
0.241802
0.279981
0.381793
0.241802
0.17817
0.203623
0.394519
0.407246
0.0127264
0.0636321
0
0.203623
0.521783
0.216349
0.0509057
0
0.53451
0.458151
0
0
0.0636321
0
0
0.127264
0
0.267255
0
0.114538
0.0636321
0.0127264
0.699953
0.0636321
0.496331
0.0127264
0.139991
0
0.0763585
0.254528
0.0509057
0.0763585
0.17817
0.127264
0.636321
0.17817
0.152717
0.0636321
0
0.0127264
0.165444
0.165444
0.203623
0.699953
0.789038
0.53451
0.114538
0.0636321
0.127264
0.369066
0.509057
0.152717
0.267255
0.190896
0.101811
0.318161
0.318161
0
0.190896
0.483604
0.101811
0.687227
0.17817
0
0.636321
0.190896
0.458151
0
0.394519
0.17817
0.305434
0.292708
0.0509057
0
0.305434
0.127264
0.381793
0.17817
0.165444
0.35634
0.0763585
0.089085
0.0509057
0.0127264
0.139991
0.0763585
0
0.0763585
0
0
0.190896
0.0127264
0.381793
0
0.229076
0.127264
0.0127264
0
0.0763585
0.432698
0
0.216349
0
0
0.101811
0.0763585
0.165444
0.610868
0.369066
0
0.292708
0.0381793
0.318161
0.419972
0.190896
0
0.267255
0.369066
0.139991
0.0127264
0.0763585
0
0.559963
0.203623
0.0763585
0
0.470878
0
0.203623
0.127264
0.139991
0.0254529
0.0763585
0.35634
0.559963
0.127264
0.229076
0.216349
0.0254529
0
0.101811
0.35634
0.139991
0.216349
0.152717
0.127264
0.509057
0.165444
0.738133
0.254528
0.0636321
0.610868
0.229076
0.407246
0.674501
0.17817
0.0763585
0
0.165444
0.114538
0.369066
0.585416
0.381793
0.089085
0.165444
0.585416
0.241802
0.0127264
0.0636321
0.241802
0.445425
0.127264
0.725406
0.35634
0.394519
0.089085
0.738133
0
0.0254529
0.470878
0
0.0381793
0.521783
0
0.827218
0.572689
0.0763585
0.0763585
0.229076
0.0381793
0
0.114538
0.241802
0.0509057
0.0254529
0.0254529
0.445425
0.0127264
0.0254529
0.318161
0.53451
0.763586
0.216349
0
0.623595
0.279981
0.0254529
0.190896
0
0.35634
0.0381793
0.394519
0.394519
0.559963
0.0127264
0.0763585
0.0509057
0.0763585
0.0127264
0.0127264
0.089085
0.330887
0.241802
0
0.318161
0.343613
0.0763585
0.458151
0.254528
0
0.318161
0.139991
0.407246
0.445425
0.483604
0.190896
0.432698
0
0.610868
0.0127264
0.547236
0.089085
0.279981
0.127264
0
0
0.241802
0.139991
0
0.292708
0.407246
0
0.0509057
0.127264
0.572689
0.190896
0.559963
0
0.0254529
0.0127264
0.0636321
0.190896
0
0.71268
0
0.585416
0.496331
0.0509057
0
0
0.305434
1.06902
0.152717
0.114538
0.17817
0.0509057
0.0254529
0.101811
0.254528
0.941755
0.661774
0.114538
0.203623
0.0509057
0.559963
0.0254529
0
0.318161
0.101811
0.0127264
0
0.0509057
0.114538
0.470878
0.432698
0.483604
0.190896
0.0254529
0.0254529
0.509057
0.458151
0.0127264
0.496331
0.229076
0
0.267255
0.0381793
0
0.0127264
0.318161
0
0.407246
0
0.343613
0.0509057
0.305434
0.229076
0.0254529
0.0763585
0.483604
0.0509057
0
0
0
0.0254529
0.674501
0.559963
0.101811
0.330887
0
0.292708
0
0.165444
0.509057
0.0127264
0.229076
0.496331
0.229076
0.279981
0.254528
0.0381793
0
0.305434
0
0
0.839944
0
0.394519
0.0254529
0.0381793
0.0763585
0.318161
0.292708
0.190896
0.0254529
0.216349
0.279981
0.318161
0.0127264
0.419972
0.165444
0.954482
0
0.267255
0
0.0127264
0
0.0254529
0.0127264
0.623595
0.661774
0.0254529
0
0.330887
0.203623
0.17817
0.305434
0.0127264
0
0.241802
0.089085
0.139991
0.0254529
0.636321
0.839944
0.0127264
0.0381793
0.343613
0.279981
0.101811
0
0
0.241802
0.992661
0
0
0.0127264
0.0381793
0.0127264
0
0
0.0636321
0.725406
0.0254529
0.458151
0.279981
0
0.0254529
0.0254529
0.114538
0.0254529
0.0636321
0.292708
0.165444
0.203623
0.343613
0.305434
0.0381793
0.458151
0.789038
0.101811
0.419972
0.0509057
0
0
0
0.369066
0.152717
0.0509057
0.636321
0.241802
0.203623
0.279981
0
0.432698
0.0254529
0.254528
0.190896
0
0
0.559963
0.458151
0.127264
0.0763585
0.216349
0.267255
0.292708
0.152717
0.0127264
0.0254529
0.216349
0
0.241802
0.203623
0.0381793
0.661774
0.572689
0
0.152717
0.127264
0.0509057
0.305434
0.152717
0
0
0.521783
0.559963
0.0763585
0.750859
0.330887
0.139991
0.496331
0.267255
0
0
0.572689
0.114538
0.0254529
0.483604
0.509057
0.0254529
0.0254529
0.0509057
0.649048
0.0763585
0.0254529
0.17817
0.0254529
0.0381793
0.547236
0
0.470878
0.0509057
0.0763585
0.17817
0
0.330887
0
0.483604
0.0763585
0.547236
0.610868
0.101811
0
0.203623
0.0636321
0
0.318161
0
0
0.394519
0.0763585
0.089085
0.279981
0
0
0.687227
0.0636321
0.598142
0.101811
0.470878
0.216349
0
0.0381793
0.0127264
0.229076
0.585416
0.279981
0
0.0509057
0.203623
0.267255
0
0.623595
0
0
0.0381793
0
0.623595
0.496331
0.101811
0.0254529
0.241802
0.089085
0.0381793
0
0.254528
0.0636321
0
0
0.0127264
0.279981
0
0.190896
0.0127264
0
0.35634
0.0763585
0.0763585
0.0127264
0.0509057
0.190896
1.01811
0.0254529
0.114538
0.763586
0.089085
0.0381793
0
0.139991
0.509057
0.381793
0.152717
0.114538
0.089085
0.229076
0.0763585
0.0254529
0.470878
0
0.0381793
0.547236
0.0254529
0.203623
0.101811
0.0254529
0.229076
0.458151
0.0127264
0.0254529
0.725406
0.0127264
0.0381793
0.139991
0.127264
0
0.0509057
0.407246
0.470878
0
0.0509057
0
0.661774
0.343613
0.0254529
0
0.0127264
0.394519
0.101811
0.0254529
0
0
0.0381793
0.190896
0.127264
0.0254529
0.292708
0.292708
0.916303
0.0763585
0.0127264
0.0381793
0
0
0.0127264
0.190896
0.152717
0
0
0
0.419972
0.0381793
0.330887
0.0127264
0.0509057
0.0509057
0.0254529
0.127264
0.0127264
0.559963
0.496331
1.06902
0.267255
0.292708
0.878123
0.305434
0
0
0.190896
0.17817
0.381793
0.0509057
0.0381793
0.0254529
0.585416
0
0.0127264
0.089085
0.114538
0
0
0
0
0.559963
0.0254529
0
1.00539
0.0127264
0.139991
0
0.127264
0.53451
0.343613
0.0127264
0
0.0254529
0.101811
0.0509057
0.661774
0
0.470878
0.432698
0.0127264
0
0.216349
0.0509057
0
0.0763585
0.0254529
0.17817
0.114538
0
0.572689
0
0.0127264
0
1.1072
0.419972
0
0.165444
0.470878
0.598142
0.0509057
0.343613
0.509057
0.0509057
0.190896
0.0636321
0.598142
0
0.496331
0.598142
0.585416
0.305434
0.139991
0.241802
0
0.0509057
0.0636321
0.559963
0.305434
0
0
0.369066
0
0
0.0127264
0.318161
0.0254529
0.267255
0
0.547236
0.0381793
0.101811
0.165444
0.0763585
0
0
0.292708
0.152717
0
0
0.330887
0.203623
0
0.470878
0
0
0.17817
0.419972
0.0127264
0.0381793
0.394519
0.445425
0.0509057
0.35634
0
0
0.661774
0.267255
0
0.419972
0.0127264
0.0127264
0.394519
0.35634
0.0254529
0.101811
0.0254529
0.394519
0.101811
0.152717
0.509057
0
0.0127264
0.0763585
0.0127264
0
0
0
0.216349
0
0
0.0509057
0
0.0127264
0.203623
0.203623
0.165444
0
0.267255
0.547236
0.127264
0.0636321
0.089085
0.776312
0
0.394519
0
0.394519
0.216349
0.216349
0.610868
0.101811
1.00539
0.394519
0.0254529
0.127264
0.190896
0.229076
1.08175
0
0.114538
0.267255
0.419972
0.0636321
0
0.216349
0
0.292708
0
0.419972
0.0381793
0.636321
0.292708
0.190896
0.53451
0.470878
0.0381793
0.101811
0
0.229076
0.0763585
0
0.254528
0.0763585
0.0509057
0
0.0636321
0.17817
0
0.623595
0.598142
0.330887
0.509057
0.369066
0.0127264
0.0509057
0
0
0.649048
0
0.394519
0.165444
0.114538
0
0.547236
0
0.0127264
0
0
0.470878
0.89085
0
0.343613
0
0
0.0381793
0
0.101811
0.432698
0.369066
0
0.127264
0.216349
0.127264
0.292708
0
0.407246
0.483604
0.229076
0.661774
0
0.216349
0.165444
0.0509057
0.229076
0
0.878123
0.0127264
0
0.496331
0.267255
0
0
0
0.139991
0.496331
0
0.190896
0
0
0.203623
0.0254529
0.267255
0.101811
0.381793
0.127264
0.0636321
0
0.305434
0.0509057
0.496331
0
0.0381793
0.165444
0
0.267255
0.0509057
0.292708
0
0.801765
0.903576
0.165444
0.190896
0
0.101811
0.738133
0
0.330887
0
0.0127264
0
0.114538
0
0.394519
0.801765
0.827218
0
0.0763585
0
0
0
0
0.738133
0.954482
0.267255
0.0127264
0.190896
0.0636321
0
0.343613
0.241802
0.369066
0
0
0.0127264
0.229076
0.381793
0
0.445425
0.089085
0.407246
0.17817
0.152717
0
0.0127264
0.0636321
0.152717
0.636321
0.17817
0
0.190896
0.0381793
0.267255
0
0
0.0763585
0.203623
0
0.0127264
0.229076
0.0127264
0.127264
0.0636321
0
0.165444
0.496331
0.547236
0.0254529
0.445425
0.089085
0.0636321
0
0.139991
0.35634
0.279981
0.0381793
0
0.0254529
0
0
0.521783
0.318161
0
0.369066
0
0
0.216349
0.089085
0.0254529
0
0
0.53451
0
0.725406
0
0.674501
0.699953
0
0.0763585
0.0127264
0
0
0
0.0127264
0
0
0
0.0381793
0.381793
0.419972
0.0127264
0.0127264
0.0381793
0.381793
0.0636321
0
0.0381793
0.369066
0
0.267255
0.814491
0.71268
0.0509057
0.0127264
0.369066
0.381793
0.0127264
0
0.101811
0
0.254528
0
0.407246
0.229076
0.738133
0.17817
0.139991
0
0.572689
0.916303
0.839944
0
0.127264
0.114538
0.0509057
0
0
0.0254529
0.407246
0
0.203623
0
0.483604
0
0.127264
0.53451
0.0636321
0.0254529
0.229076
0
0.0127264
0.279981
0.394519
0.445425
0.229076
0.407246
0
0
0
0
0.0636321
0.292708
0.0127264
0.35634
0.0127264
0
0.0636321
0.725406
0.101811
0.369066
0.750859
0.0509057
0.0381793
0.0127264
0.0381793
0.483604
0.0254529
0.216349
0.0763585
0.114538
0
0.0381793
0.17817
0
0.0254529
0
0.0381793
0.0254529
0
0
0.0763585
0.139991
0.139991
0.419972
0
0.0636321
0.0381793
0.165444
0
0.381793
0
0.0381793
0
0.496331
0
0.190896
0
0
0.0127264
0.394519
0.114538
0.114538
0.0509057
0.610868
0.229076
0.0254529
0.267255
0
0.17817
0.725406
0.216349
0.305434
0.241802
0.241802
0.0763585
0.330887
0.0381793
0.165444
0.152717
0.0381793
0.0763585
0.229076
0.17817
0.0127264
0.585416
0.699953
0.203623
0
0.0127264
0.0636321
0.216349
0
0.0509057
0.139991
0.547236
0
0.407246
0.0127264
0.0127264
0.343613
0.432698
0.127264
0.0254529
0.139991
0.878123
0.521783
0.419972
0.17817
0.139991
0.0509057
0.318161
0.229076
0
0.0254529
0
0.089085
0
0
0.35634
0.089085
0.0127264
0.089085
0.216349
0.0127264
0.559963
0.0254529
0
0
0
0.470878
0.0254529
0.0127264
0
0.0127264
0.318161
0.0636321
0.0127264
0.127264
0.0254529
0.0127264
0
0.0254529
0.165444
0
0.267255
0.089085
0.114538
0
0.585416
0
0.496331
0.139991
0.305434
0
0.0763585
0.305434
0
0.139991
0
0
0.165444
0
0
0.127264
0.292708
0.0636321
0.0763585
0
0
0.0254529
0.139991
0
0.203623
0.738133
0
0
0
0.089085
0
0
0.101811
0
0.17817
0.139991
0.0254529
0
0
0.71268
0.216349
0
0
0.190896
0.114538
0.318161
0.0127264
0
0.305434
0.0509057
0.114538
0.127264
0.17817
0
0.0127264
0.0254529
0
0.089085
0
0
0
0
0
0.649048
0
0.53451
0.789038
0.089085
0.17817
0.152717
0.419972
0.241802
0.0381793
0.496331
0.0254529
0.0763585
0.509057
0.190896
0
0
0.241802
0
0.369066
0.0127264
0.0254529
0.267255
0.0636321
0.0127264
0.229076
0
0
0
0.0763585
0.445425
0.0127264
0
0.0381793
0.203623
0
0.190896
0.0254529
0
0.407246
0.432698
0
0
0.0381793
0
0.0381793
0
0.0127264
0.203623
0.229076
0.0127264
0.165444
0.0763585
0.750859
0.0763585
0
0
0.089085
0.432698
0.394519
0.114538
0
0.381793
0.0127264
0.0381793
0
0.165444
0.0381793
0
0.0763585
1.05629
0
0.0636321
0.0509057
0.0636321
0
1.04357
0.585416
0
0.241802
0.254528
0.267255
0.369066
0.0763585
0
0.292708
0.0127264
0
0.509057
0.0381793
0
0.814491
0.789038
0
0.330887
0.0509057
0.649048
0
0.305434
0.305434
0.267255
0.343613
0
0.0381793
0
0.0254529
0
0.0509057
0
0
0.610868
0
0.35634
0.114538
0.0127264
0
0
0
0
0.0381793
0.496331
0
0
0
0.547236
0.0636321
0.0763585
0.865397
0.165444
0.725406
0.0127264
0
0.432698
0.165444
0.305434
0.0127264
0
0.0254529
0.699953
0.165444
0.267255
0.190896
0.292708
0.152717
0.139991
0.483604
0.17817
0.114538
0
0.190896
0.190896
0
0.305434
0.0127264
0.17817
0.623595
0.241802
0.114538
0.0509057
0
0.0509057
0.0636321
0.445425
0.521783
0
0.305434
0
0.661774
0.0381793
0.139991
0
0
0.407246
0.598142
0.127264
0
0.483604
0.0254529
0.17817
0.292708
0.0509057
0.089085
0.521783
0.318161
0.699953
0
0.0381793
0
0.0127264
0.343613
0
0.521783
0.0381793
0
0.0636321
0.0127264
0.152717
0
0
0.458151
0
0
0.089085
0.0127264
0.407246
0
0.0127264
0.203623
0.839944
0.407246
0.216349
0
0
0.0127264
0
0.241802
0.089085
0.89085
0.089085
0.598142
0.190896
0
0
0.089085
0.114538
0.687227
0.0254529
0
0
0.0254529
0.35634
0
0
0.292708
0
0.0381793
0.114538
0.521783
0
0.0127264
0.229076
0
0.0127264
0.216349
0.089085
0.89085
0.674501
0.0509057
0
0
0
0.432698
0.674501
0
0.305434
0.267255
0.0254529
0.509057
0.127264
0.0254529
0.661774
0.0509057
0.0127264
0.0636321
0
0.35634
0.190896
0.394519
0.089085
0
0.572689
0.139991
0.127264
0.139991
0.0127264
0.0509057
0
0.458151
0.0381793
0
0.0381793
0
0.114538
0.0254529
0.0127264
0.229076
0.0254529
0
0
0.0636321
0.0254529
0.127264
0.0636321
0.0636321
0.0763585
0.0509057
0.381793
0.114538
0.445425
0
0.394519
0
0.190896
0.0636321
0.750859
0.203623
0
0.0127264
0
0.127264
0.0509057
0.127264
0
0
0.089085
0.0127264
0.114538
0.814491
0.0763585
0.203623
0
0.407246
0
0.101811
0.292708
0
0
0.35634
0.458151
0.114538
0.903576
0
0
0.089085
0.0127264
0
0
0
0.17817
0.458151
0.0763585
0.623595
0
0.0254529
0.203623
0
0.432698
0.089085
0.674501
0.547236
0.636321
0.0509057
0
0.394519
0.101811
0.0254529
0.559963
0.254528
0.496331
0.318161
0
0.089085
0
0.267255
0.0254529
0.318161
0.114538
0.0127264
0.0127264
0.445425
0.0127264
0.0254529
0.152717
0.0509057
0
0.114538
0.509057
0
0.267255
1.01811
0.101811
0.0509057
0.0254529
0
0.432698
0.241802
0.114538
0.763586
0
0.229076
0.152717
0
0.216349
0.674501
0.521783
0.0127264
0.0763585
0.267255
0.254528
0.381793
0.165444
0
0.458151
0
0.330887
0.152717
0.127264
0
0.0254529
0.17817
0.572689
0.0127264
0.0381793
0.0763585
0.0127264
0.521783
0.89085
0.0127264
0.381793
0.585416
0.0254529
0.458151
0.101811
0.101811
0.114538
0.0127264
0.101811
0
0.089085
0
0.0127264
0.101811
0
0.0127264
0.929029
0.0636321
0.610868
0.407246
0.0381793
0
0.71268
0.559963
0
0.114538
0.216349
0.0509057
0.292708
0.407246
0.0381793
0.0127264
0
0.139991
0.0127264
0.432698
0.254528
0
0.0381793
0.114538
0.152717
0.687227
0.0254529
0.53451
0.559963
0.0636321
0.305434
0.381793
0.0636321
0.636321
0.254528
0
0
0
0.0509057
0.0636321
0.0636321
0.305434
0.559963
0.089085
0.0636321
0
0.0381793
0.53451
0.254528
0.0127264
0.0509057
0
0.483604
0.0381793
0.203623
0.343613
0.0381793
0
0.229076
0.0254529
0.0127264
0.35634
0
0.0509057
0.521783
0.725406
0.0763585
1.06902
0.53451
0.0381793
0.738133
0.0509057
0.279981
0.203623
0.394519
0.165444
0.610868
0.496331
0.114538
0.0127264
0.292708
0.789038
0.432698
0.17817
0
0.203623
0
0.101811
0.0381793
0
0.0127264
0.254528
0.0381793
0
0.0636321
0.330887
0.0254529
0.330887
0.750859
0
0.267255
0
0.267255
0.254528
0.0509057
0.279981
0
0.0381793
0.216349
0.152717
0.445425
0.0636321
0
0
0.0127264
0
0.0763585
0.0127264
0.623595
0.865397
0.229076
0.330887
0.292708
0.0127264
0.0509057
0.216349
0.0381793
0.496331
0.241802
0.139991
0.127264
0.0127264
0
0.0254529
0.0127264
0.152717
0.0127264
0
0.279981
0.458151
0.547236
0.0509057
0.330887
0.267255
0.407246
0.139991
0.0127264
0.203623
0.127264
0.53451
0.0763585
0
0.470878
0.0254529
0.598142
0
0
0.776312
0
0.0254529
0.279981
0.0763585
0.0127264
0.190896
0.190896
0.623595
0
0.547236
0.0254529
0.763586
0.35634
0
0.0636321
0.0127264
0.763586
0
0.470878
0.0254529
0
0.089085
0.572689
0.216349
0
0
0.089085
0.470878
0.699953
0.0763585
0.089085
0.394519
0.279981
0
0.0636321
0.0127264
0.661774
0.0127264
0.839944
0
0.0254529
0.0509057
0.114538
0
0.470878
0.0381793
0.216349
0.139991
0.35634
0.839944
0.216349
0.585416
0
0.203623
0
0.165444
0.152717
0.0254529
0
0.0509057
0.458151
0.343613
0.661774
0.0127264
0
0.496331
0
0.0127264
0.0254529
0.152717
0.419972
0.330887
0.101811
0.0763585
0.725406
0.0636321
0.381793
0.343613
0.0509057
0.381793
0.17817
0
0
0.559963
0.17817
0.0636321
0
0.0763585
0.0636321
0.0254529
0.0763585
0
0.0254529
0.190896
0.458151
0
0.229076
0.0509057
0.267255
0.114538
0.089085
0.381793
0.17817
0.0127264
0.547236
0.318161
0.0254529
0
0
0.458151
0.216349
0.750859
0
0.127264
0.0254529
0.190896
0.139991
0.0381793
0
0.35634
0.674501
0.0636321
0.547236
0.585416
0
0.0636321
0.0636321
0
0.407246
0.419972
0
0.0636321
0
0.0254529
0.0636321
0.241802
0.0763585
0.547236
0.0509057
0.0763585
0.0509057
0.216349
0.089085
0.0636321
0
0.0127264
0
0.216349
0.0509057
0.229076
0.0127264
0.0509057
0.216349
0.292708
0.089085
0.0254529
0.509057
0
0.458151
0.0636321
0.0636321
0.483604
0.0763585
0.85267
0.407246
0.0636321
0.190896
0.203623
0
0.279981
0.0381793
0
0.827218
0.0127264
0.0254529
0
0.0636321
0
0
0.0381793
0.0127264
0.0254529
1.00539
0.0509057
0.369066
0.343613
0
0
0.0636321
0.661774
0
0.330887
0.190896
0.190896
0.738133
0.0381793
0
0.0381793
0
0.0254529
0
0
0
0.190896
0.101811
0.152717
0.661774
0.229076
0.190896
0
0.0254529
0.458151
0.318161
0.0254529
0
0.0127264
0.190896
0.267255
0.483604
0.0254529
0
0
0.127264
0.827218
0
0.165444
0.139991
0.0254529
0.407246
0.203623
0.547236
0
0
0
0
0.0127264
0.0254529
0.152717
0.17817
0.53451
0.572689
0.318161
0.089085
0.318161
0.279981
0
0.0636321
0.636321
0.0127264
0.0509057
0
0.165444
0.292708
0
0.267255
0.407246
0.687227
0.17817
0.203623
0.114538
0.152717
1.13265
0.267255
0.0127264
0.789038
0.432698
0.0381793
0.216349
0.101811
0.267255
0
0.17817
0.241802
0.101811
0
0.509057
0.483604
0.203623
0.0127264
0.0381793
0.0127264
0.139991
0.114538
0.343613
0.203623
0.0254529
0
0.267255
0
0.738133
0.139991
0.509057
0.521783
0
0.229076
0.394519
0.101811
0.547236
0.330887
0.394519
0.636321
0.330887
0.241802
0.0127264
0
0.305434
0.17817
0.330887
0.190896
0.127264
0.203623
0.0381793
0
0.292708
0
0.432698
0.394519
0.35634
0.229076
0.407246
0.165444
0.699953
0.521783
0
0.0127264
0.101811
0.0381793
0.369066
0.165444
0
0
0.521783
0
0
0.0127264
0.203623
0.547236
0.139991
0.623595
0.0127264
0.152717
0.343613
0
0.101811
0.0381793
0.330887
0.101811
0.0127264
0
0.521783
0.0509057
0.0636321
0.0127264
0.0381793
0.190896
0.458151
0.814491
0.725406
0.954482
0.0254529
0.101811
0.0127264
0.165444
0
0
0.114538
0
0
0.127264
0.0636321
0.750859
0.53451
0
0.0636321
0
0
0
0.114538
0.152717
0.0509057
0.0636321
0.496331
0.305434
0.089085
0.17817
0.127264
0.394519
0.254528
0.114538
0.139991
0.343613
0.0127264
0.0636321
0
0.152717
0.71268
0.127264
0
0.0636321
0.229076
0
0.0127264
0.547236
0.343613
0.279981
0.216349
0.139991
0.610868
0.0636321
0.0254529
0.585416
0.483604
0.330887
0.0127264
0.0763585
0
0
0.0127264
0.229076
0.127264
0.394519
0
0.610868
0
0.241802
0.0254529
0.0763585
0.547236
0.0254529
0
0.521783
0
0
0.0381793
0.419972
0.0636321
0.17817
0.0381793
0.330887
0
0.0636321
0.229076
0.139991
0.636321
0.165444
0
0.229076
0.0636321
0.343613
0.559963
0.674501
0.0381793
0.483604
0
0.521783
0.0127264
0.0254529
0
0.0254529
0.0254529
0.190896
0.0763585
0.0381793
0.407246
0
0.0509057
0
0.0127264
0.292708
0.0127264
0.0636321
0
0.241802
0.0254529
0.127264
0.0127264
0
0.0509057
0
0.0254529
0
0.0763585
0.089085
0.0509057
0.53451
0.0254529
0.649048
0.0254529
0.0636321
0.152717
0.0127264
0.216349
0.0127264
0
0.127264
0.229076
0.216349
0.0381793
0.089085
0.17817
0.267255
0.0381793
0
0.419972
0.0254529
0.547236
0.35634
0.190896
0.0636321
0.203623
1.08175
0.267255
0
0.17817
0.17817
0.127264
0
0.318161
0
0.089085
0.0636321
0.343613
0.0254529
0.0509057
0.0636321
0.0127264
0.139991
0.241802
0.0636321
0.343613
0.0127264
0.432698
0
0.509057
0.267255
0.0636321
0.190896
0
0.0127264
0.203623
0.216349
0.394519
0.0254529
0.305434
0.101811
0
0
0.483604
0.0254529
0.496331
0.17817
0.0509057
0.101811
0.0381793
0.369066
0
0.445425
0.203623
0.0127264
0.17817
0
0.190896
0
0.0127264
0
0
0
0
0
0.585416
0.0381793
0.0509057
0.254528
0.0254529
0.649048
0.419972
0.190896
0.496331
0
0
0.292708
0.445425
0
0.279981
0.279981
0.101811
0.547236
0.089085
0.0381793
0.139991
0.165444
0.0636321
0.305434
0.241802
0.865397
0.330887
0.089085
0.127264
0
0.0254529
0.0381793
0.0509057
0.0254529
0.572689
0.17817
0.0254529
0.318161
0.407246
0.089085
0
0.0127264
0
0.241802
0.0127264
0.254528
0
0.0636321
0.114538
0.0254529
0.114538
0.190896
0
0.343613
0.089085
0.0254529
0.483604
0
0.0254529
0.17817
0.139991
0.292708
0.0509057
0.0254529
0.254528
0.394519
0.432698
0.432698
0.127264
0.0127264
0.089085
0
0
0.0127264
0.203623
0.0381793
0.0381793
0.0127264
0.0381793
0.0763585
0.17817
0.0509057
0.0509057
0.267255
0.343613
0.254528
0.241802
0.0127264
0.152717
0.267255
0.0127264
0.279981
0.165444
0.165444
0.776312
0.53451
0.139991
0
0.0254529
0.254528
0
0.0254529
0.445425
0.496331
0.0127264
0.114538
0.407246
0.318161
0.114538
0.699953
0.0636321
0.190896
0
0.521783
0.572689
0.547236
0.305434
0.496331
1.32355
0.559963
0.521783
0.0127264
0
0.699953
0.369066
0.330887
0.407246
0.0381793
0.127264
0.0127264
0.139991
0.394519
0.127264
0.839944
0.330887
0.0254529
0.0509057
0.0127264
0.254528
0.165444
0.343613
0.0763585
0.152717
0.0636321
0.152717
0.127264
0.203623
0.0763585
0.0509057
0.0127264
0.521783
0.279981
0.0127264
0.0381793
0
0.127264
0.279981
0.674501
0
0.0636321
0.649048
0
