0
0.0127205
0.178087
0
0.025441
0.0127205
0
0.050882
0
0
0
0
0
0
0
0
0
0
0.0381615
0
0
0
0
0
0
0.0127205
0.0127205
0.025441
0
0
0
0
0.0127205
0.0636025
0
0
0
0
0
0.0381615
0.0127205
0
0
0
0.050882
0.025441
0
0
0
0
0
0.0127205
0
0
0.216248
0
0
0
0
0.0381615
0.0127205
0
0.025441
0
0
0.0127205
0
0
0
0
0.0127205
0
0.0127205
0
0
0.0127205
0
0
0
0.0381615
0
0
0
0
0.0127205
0
0.025441
0
0.0636025
0
0
0
0
0
0.0127205
0.0127205
0
0
0
0
0
0
0.356174
0.0127205
0
0.0381615
0
0
0
0
0
0
0
0.025441
0
0
0
0
0.0127205
0
0
0
0
0
0
0
0.0381615
0.025441
0
0
0.0127205
0
0.228969
0
0.025441
0
0
0
0
0.076323
0
0
0.941317
0
0
0
0
0
0.025441
0
0
0
0
0
0
0
0
0
0.0381615
0
0
0.025441
0.0127205
0.0127205
0.0127205
0
0.0381615
0
0.0127205
0.0127205
0
0.0127205
0.0636025
0
0
0
0
0.0381615
0.0127205
0
0
0
0.0127205
0
0
0
0
0
0
0
0
0
0.0127205
0
0
0
0.0127205
0
0
0.025441
0
0
0.25441
0
0
0.0127205
0
0
0
0.0127205
0.381615
0
0
0.228969
0.0127205
0.0127205
0
0.0127205
0
0
0.0127205
0
0
0
0
0.0127205
0
0
0.050882
0
0
0.0127205
0.0127205
0.432497
0
0.0381615
0
0
0
0.0381615
0.0381615
0
0.0127205
0.0127205
0
0
0
0.0127205
0.0127205
0.0127205
0
0.0636025
0.025441
0
0.025441
0
0
0
0
0.0381615
0.050882
0
0.0381615
0
0.0127205
0.025441
0
0
0.0127205
0.0381615
0
0.152646
0
0.610584
0.025441
0.025441
0.0127205
0.0127205
0.0127205
0.025441
0
0
0.127205
0
0.025441
0.127205
0.076323
0.050882
0.050882
0
0.0127205
0
0
0.025441
0
0
0.025441
0.0127205
0
0.025441
0
0
0.025441
0.0127205
0
0
0.343453
0.0127205
0
0.407056
0
0
0
0
0
0
0
0
0
0.025441
0.025441
0
0.025441
0
0
0
0
0.0127205
0.114484
0.0636025
0.0127205
0
0.0127205
0
0.0636025
0.0127205
0
0.330733
0
0
0
0
0.0127205
0
0.0127205
0
0
0.0127205
0
0
0
0.0127205
0
0
0.0127205
0
0.0636025
0
0
0
0
0
0.025441
0
0.0127205
0.0127205
0
0
0
0.050882
0
0
0
0.0127205
0.0636025
0
0.0127205
0.0127205
0.025441
0
0
0.076323
0.0127205
0
0.025441
0
0
0
0
0
0
0.101764
0
0
0
0
0.279851
0
0.025441
0
0
0
0
0
0
0
0.0127205
0
0.0127205
0.483379
0
0.0127205
0.0127205
0
0.0127205
0
0
0
0
0
0
0
0
0.025441
0
0
0
0
0
0
0.0381615
0.0890435
0.343453
0
0
0
0
0.0381615
0
0
0
0
0
0
0
0
0.101764
0.0381615
0
0
0
0.025441
0
0
0
0.0127205
0.025441
0
0
0
0
0
0
0
0.0127205
0
0
0
0.0127205
0
0
0
0.025441
0.050882
0
0
0
0
0
0.0381615
0.127205
0.025441
0.203528
0
0.0636025
0
0
0
0
0
0
0.0127205
0
0
0.0381615
0
0
0.0127205
0
0.076323
0
0
0.152646
0
0
0
0
0.0381615
0
0
0
0
0
0
0.101764
0.0127205
0.419776
0.025441
0
0
0
0
0
0
0.0127205
0
0
0.0381615
0.0381615
0.216248
0.0127205
0.0127205
0
0
0.0127205
0.0127205
0
0
0
0
0
0.0381615
0
0
0
0.25441
0
0.0127205
0.050882
0
0
0.050882
0
0
0.0127205
0
0
0.050882
0.203528
0
0.127205
0
0.0127205
0
0
0
0.623304
0
0
0
0
0.228969
0
0
0
0
0
0
0
0
0.050882
0
0
0.0127205
0
0
0
0.025441
0
0
0
0
0
0
0
0
0.0127205
0
0
0
0
0
0
0
0
0
0
0
0.025441
0
0.025441
0
0
0.076323
0
0
0
0.0381615
0.0127205
0
0.0127205
0
0
0.025441
0
0.25441
0
0
0.025441
0
0
0
0
0
0
0
0.0127205
0
0
0
0
0
0
0
0
0.025441
0
0
0.0127205
0.165366
0.0381615
0.0127205
0
0
0.0890435
0.0127205
0
0
0
0
0.457938
0
0.0127205
0.152646
0
0.0127205
0.0127205
0.025441
0
0
0
0.0127205
0
0.0381615
0
0
0
0
0
0
0.0127205
0.050882
0
0.203528
0.025441
0
0
0
0.0381615
0
0
0
0
0.0127205
0
0
0
0
0
0
0
0
0
0.0127205
0
0.0127205
0
0
0
0
0
0
0
0
0.0890435
0.025441
0.0381615
0
0
0
0.292571
0
0.076323
0
0.025441
0.101764
0
0
0.025441
0
0
0
0
0.0890435
0.025441
0
0.0127205
0
0
0.0127205
0
0.025441
0.050882
0
0
0
0.0127205
0
0
0.0636025
0.0127205
0.0127205
0
0
0.0127205
0
0.025441
0
0
0
0
0
0.241689
0
0
0
0
0.356174
0
0.0127205
0
0
0
0.025441
0
0.0127205
0.025441
0
0
0.025441
0
0
0.0127205
0
0
0
0.0381615
0
0.050882
0
0.101764
0
0
0.0127205
0.0127205
0.0127205
0.0127205
0
0
0
0
0
0
0
0
0
0
0
0
0
0
0
0
0
0.0127205
0.0636025
0.0127205
0.0127205
0
0
0
0
0.0127205
0.0890435
0
0
0.0127205
0
0
0
0.26713
0
0
0
0
0
0.0127205
0
0.0381615
0
0.0127205
0
0.076323
0
0
0.114484
0.025441
0
0
0
0
0
0
0
0
0
0
0.025441
0
0
0
0
0
0.0127205
0.0127205
0
0.0127205
0
0.419776
0
0
0
0
0
0
0.050882
0.292571
0.025441
0.0127205
0
0
0
0
0
0
0
0.025441
0
0.0636025
0
0.025441
0
0
0
0
0
0
0.356174
0
0.101764
0
0
0
0.025441
0.318012
0
0
0
0.178087
0.025441
0.101764
0
0
0
0.0127205
0
0
0
0
0
0
0
0
0.0381615
0
0
0
0
0
0.0127205
0
0
0
0
0
0
0
0.0127205
0.0127205
0.0381615
0
0
0
0.0127205
0
0
0.025441
0.0381615
0.101764
0
0
0.50882
0.076323
0
0
0
0.025441
0.025441
0
0
0
0
0
0
0
0
0.0636025
0
0
0.0127205
0.0127205
0
0
0
0
0
0
0
0
0
0
0
0
0
0.0127205
0.674186
0
0.0636025
0
0.152646
0
0.305292
0.0636025
0.0127205
0
0
0
0.127205
0
0.0127205
0
0.101764
0
0.0636025
0
0.368894
0.0127205
0.712348
0.25441
0.597863
0.228969
0.114484
0
0.343453
0.0381615
0.0381615
0.77595
0.0127205
0.127205
0.0127205
0.0127205
0.114484
0.0890435
0.470658
0.152646
0.152646
0.750509
0.0381615
0.483379
0
0.457938
0.368894
0.178087
0.0381615
0
0.190807
0.394335
1.00492
0
0.178087
0
0.725068
0.076323
0.114484
0.025441
0
0.025441
0.050882
0.0127205
0.814112
0.0636025
0.228969
0.0127205
0.0127205
0.318012
0.279851
0.152646
0.152646
0.101764
0.114484
0.216248
0.101764
0.546981
0.241689
0.407056
0.394335
0
0.318012
0
0
0
0
0.0381615
0.050882
0.050882
0.114484
0.0636025
0.178087
0.292571
0.076323
0.216248
0.178087
0.203528
0.025441
0.114484
0.076323
0
0.292571
0.101764
0.101764
0.407056
0.178087
0.343453
0.025441
0.0127205
0.343453
0
0.0636025
0.0636025
0.241689
0.381615
0.457938
0
0.025441
0
0
0.165366
0.457938
0.419776
0.419776
0.114484
0.152646
0.178087
0.419776
0.26713
0.597863
0.178087
0.0636025
0.432497
0.0127205
0.0127205
0
0.0127205
0.343453
0.394335
0.165366
0.279851
0
0.305292
0.0636025
0
0.0890435
0.699627
0.152646
0.178087
0.0127205
0.0890435
0.0381615
0.139925
0.228969
0.165366
0.101764
0.305292
0.0127205
1.1194
0
0
0.076323
0.165366
0
0.343453
0.203528
0.139925
0.330733
0.50882
0.076323
0.076323
0.0381615
0.0127205
0.0127205
0
0.190807
0.381615
0.839553
0.432497
0.025441
0.0890435
0.0890435
0
0.025441
0.178087
0.203528
0
0.050882
0
0.597863
0.25441
0.356174
0.0127205
0.025441
0.76323
0.292571
0.0381615
0.585143
0.483379
0.0127205
0
0.0127205
0.0381615
0.814112
0.216248
0
0.279851
0.076323
0
0.216248
0
0.216248
0.356174
0.139925
0.101764
0
0.101764
0.0127205
0.343453
0.318012
0.0127205
0.0636025
0.394335
0.050882
0.216248
0.25441
0.216248
0.050882
0.25441
0.165366
0
0.165366
0.114484
0
0.076323
0.165366
0.26713
0
0.318012
0.139925
0.0127205
0
0.178087
0.139925
0.0127205
0.0890435
0.0127205
0.025441
0
0
0.77595
0.0127205
0.534261
0.114484
0
0.190807
0.165366
0.241689
0.050882
0.0636025
0
0.0127205
0
0
0
0.636025
0.076323
0
0
0
0.597863
0.228969
0.0636025
0.26713
0
0.25441
0.0381615
0.050882
0.0890435
0.025441
0
0.0127205
0.0127205
0.368894
0.216248
0.0636025
0.0381615
0.356174
0
0.788671
0.597863
0.0890435
0.216248
0.0636025
0.025441
0.139925
0.114484
0.114484
1.04308
0.546981
0.394335
0.534261
0.0636025
0.114484
0.0381615
0.0636025
0.0890435
0.305292
0.076323
0.203528
0.050882
0.152646
0.025441
0.076323
0.0381615
0.0127205
0.050882
0
0.826832
0.0636025
0
0.0636025
0.661466
0.292571
0.26713
0.966758
0.0381615
0.101764
0.025441
0.025441
0
0.0381615
0.992199
0.534261
0.216248
0.394335
0
0.381615
0.241689
0.0127205
0.025441
0.114484
0.559702
0.356174
0.305292
0
0.0890435
0.445217
0.114484
0.445217
0.190807
0.826832
0.0890435
0.0636025
0
0.0127205
0
0.0890435
0.0127205
0.623304
0.050882
0.0890435
0.0381615
0.432497
0.114484
0.25441
0.432497
0.470658
0.114484
0.165366
0
0.101764
0.457938
0.0381615
0.0127205
0.636025
0.432497
0.0890435
0
0.076323
0.0890435
0.648745
0.432497
0.0381615
0
0
0
0.496099
0
0
0.241689
0.0381615
0
0.0127205
0.381615
0.0127205
0
0
0.025441
0.0890435
0.190807
0.343453
0
0
0.381615
0.26713
0.0636025
0.419776
0.585143
0.178087
0.318012
0
0.801391
0.203528
0.368894
0.165366
0.648745
0.0381615
0.101764
0.0890435
0.0127205
0.0636025
0.25441
0.127205
0
0.432497
0.470658
0.0127205
0.26713
0.114484
0.190807
0.26713
0.0381615
0.597863
0.852273
0.368894
0.496099
0.0127205
0.025441
0
0
0.292571
0.203528
0.457938
0.597863
0.178087
0
0.0636025
0.0636025
0.127205
0.025441
0.050882
0.165366
0.623304
0
0.0636025
0.228969
0.445217
0
0.0381615
0.152646
0.114484
0.737789
0.0890435
0.0636025
0.178087
0.0890435
0.903155
0
0.750509
0
0.025441
0.52154
0.661466
0.0127205
0.025441
0.152646
0
0.101764
0.25441
0.0127205
0.203528
0.279851
0.648745
0.139925
0.381615
0.152646
0.318012
0
0
0.0127205
0.343453
0.0127205
0.228969
0.050882
0.127205
0.0127205
0.25441
0.381615
0.381615
0.483379
0.190807
0.305292
1.17029
0
0.241689
0.0636025
0.050882
0.0127205
0.419776
0.330733
0.674186
0.216248
0.101764
0.330733
0.483379
0.457938
0
0.025441
0.0127205
0.814112
0.839553
0.076323
0
0.305292
0.0127205
0.368894
0.928596
0.0127205
0
0.076323
0.127205
0.216248
0
0
0.648745
0.0127205
0.0127205
0.432497
0.496099
0.178087
0.216248
0.127205
0.203528
0.165366
0.165366
0.559702
0.305292
0.050882
0.52154
0.445217
0.686907
0.636025
0.25441
0
0.127205
0.0127205
0.381615
0.190807
0.610584
0.50882
0.279851
0
0.585143
0.0127205
0.559702
0
0.0890435
0.292571
0.546981
0.114484
0.725068
0
0.241689
0.0127205
0.025441
0.279851
0
0.0381615
0
0.025441
0.127205
0.318012
0.076323
0.101764
0.076323
0.407056
0.165366
0
0
0.50882
0
0.0381615
0.725068
0.279851
0.050882
0.165366
0.0890435
0.318012
0.101764
0.216248
0.203528
0.279851
0.0636025
0
0.292571
0.343453
0.114484
0
0.0127205
0
0.050882
0.419776
0.114484
0.0127205
0.572422
0.394335
0
0.305292
0.546981
0.50882
0.279851
0.101764
0.165366
0.432497
0.559702
0.852273
0.127205
0.26713
0
0
0
0.445217
0.534261
0.686907
0.0636025
0.50882
0.0381615
0.0127205
0
0.050882
0.0127205
0.216248
0.318012
0
0.025441
0.216248
0.0636025
0.0127205
0.165366
0.216248
0
0.394335
0.241689
0.0127205
0.0127205
0.546981
0.190807
0.407056
0.050882
0.381615
0
0.076323
0.26713
0.318012
0.0381615
0.178087
0.686907
0.661466
0.585143
0.737789
0.216248
0.0381615
0.470658
0.114484
0.050882
0.356174
0.228969
0.127205
0.381615
0
0.445217
0.852273
0.241689
1.15757
0.228969
0.483379
0.0636025
0.165366
0
0.915876
0.050882
0.0127205
0.0127205
0.26713
0.0636025
0.0127205
0.101764
0.127205
0.228969
0.0890435
0.686907
0.216248
0.178087
0
0.101764
0.26713
0
0.343453
0.0127205
0.445217
0.050882
0.101764
0.25441
0.0890435
0.381615
0.114484
0.407056
0.050882
0.216248
0.025441
0.0127205
0
0.928596
0.0127205
0.025441
0.279851
0.25441
0.496099
0
0.0890435
0.419776
0.26713
0.0127205
0.050882
0.699627
0.0381615
0.216248
0.330733
1.08124
0.292571
0.470658
0.25441
0.394335
0.050882
0.076323
0.216248
0.0127205
0.050882
0.826832
0.0381615
0.228969
0
0.025441
0.114484
0
0.292571
0.050882
0.0381615
0.496099
0.585143
0.165366
0.0127205
0.368894
0.305292
0.101764
0.25441
0.127205
0
0.432497
0.318012
0.216248
0.0127205
0.432497
0.597863
0
0.216248
0.076323
0
0.368894
0.190807
0.686907
0.597863
0
0.127205
0.025441
0.025441
0.648745
0.52154
0.368894
0.26713
0.050882
0
0.025441
0.0127205
0.114484
0.368894
0
0.0127205
0.190807
0.241689
0
0
0.76323
0
0.076323
0.228969
0
0.470658
0
0.025441
0.139925
0
0.165366
0
0.407056
0.152646
0.445217
0.190807
0.407056
0.0127205
0.0127205
0.534261
0.025441
0
0
0.826832
0.127205
0
0.114484
0.190807
0.203528
0
0.0890435
0.190807
0.368894
0.178087
0.559702
0.26713
0.318012
0.25441
0.178087
0
0
0
0.025441
0.050882
0.216248
0.394335
0.648745
0.0636025
0
0.0127205
0.546981
0.572422
0.470658
0.0890435
0.0127205
0.992199
0.292571
0.076323
0.0890435
0
0.152646
0
0.699627
0.0127205
0.610584
0.050882
0.25441
0.0381615
0.610584
0.0381615
0.725068
0
0
0.292571
0.190807
0.419776
0
0.114484
0
0.178087
0.228969
0.0636025
0
0.0636025
0.0890435
0.25441
0.050882
0.407056
0.25441
0.26713
0.050882
0.407056
0.0890435
0.839553
0.407056
0
0
0.025441
0.0127205
0
0
0.26713
0.025441
0.699627
0
0.101764
0.356174
0.966758
0.534261
0.712348
0.076323
0.52154
0
0.0890435
0.076323
0.839553
0.050882
0.203528
0.661466
0.368894
0.076323
0.470658
0.050882
0.279851
0.0636025
0.407056
0.241689
0.419776
0.50882
0.139925
0.025441
0.025441
0.356174
0.0636025
0.101764
0.025441
0
0.101764
0.101764
0.203528
0.203528
0
0.483379
0.457938
0.241689
0.0381615
0.470658
0.394335
0
0.330733
0
0.0127205
0
0.407056
0.0127205
0
0.50882
0.0890435
0.50882
0.228969
0.0381615
0.546981
0.025441
0
0.0127205
0.241689
0.228969
0.178087
0
0.534261
0
0.25441
0.190807
0
0.114484
0.0890435
0.076323
0
1.06852
0.0381615
0.0636025
0.0381615
0.725068
0.101764
0.101764
0.852273
0.139925
0.228969
0.381615
0
0.0636025
0
0.941317
0
0.114484
0.25441
0.0636025
0.0890435
0.152646
0.050882
0.457938
0.305292
0.330733
0.0890435
0.152646
0.101764
0
0.228969
0.025441
0.25441
0.178087
0
0.534261
0.152646
0.0890435
0
0.407056
0
1.14484
0.343453
0.0127205
0.139925
0
0.0127205
0.127205
0.114484
0.165366
0.050882
0.356174
0.203528
0
0
0.559702
0.750509
0.025441
0.178087
0.330733
0
0.165366
0.165366
0.292571
0.0127205
0.228969
0.178087
0
0.725068
0.52154
0.407056
0.076323
0.0127205
0.101764
0.152646
0
0.127205
0.407056
0.279851
0.228969
0.407056
0
0
0.623304
0.0127205
0.050882
0.381615
0
0
0.788671
0
0
0.139925
0.050882
0.241689
0.877714
0.152646
0
0.165366
0.114484
1.04308
0.483379
0
0.101764
0
0.025441
0.076323
0.496099
0.318012
0.241689
0
0.0636025
0.0636025
0.279851
0.0127205
0.076323
0.152646
0
0.407056
0
0.0381615
0.0381615
0.534261
0.241689
0
0.190807
0.114484
0.0127205
0.050882
1.06852
0.343453
0
0
0.648745
0
0
0
0.419776
0.0127205
0
0
0
0
0.356174
0.241689
0
0.26713
0.368894
0.050882
0.356174
0.330733
0
0
0.610584
0.457938
0.216248
0.190807
0.0127205
0
0.25441
0.636025
0.050882
0.966758
0.0381615
0.0636025
0.152646
0.0127205
0.025441
0
0.025441
0
0.050882
0.890435
0
0.228969
0
0.114484
0.127205
0.050882
0
0.419776
0.0127205
0.432497
0
0.216248
0.674186
0.470658
0.0127205
0.216248
0
0.0381615
0.318012
0.0127205
0.686907
0.419776
0.165366
0.343453
0
0.381615
0.025441
0
0.0127205
0.407056
0.0636025
0.0127205
0.432497
0.279851
0.954037
0.750509
0.152646
0.445217
0.292571
0
0.025441
0.076323
0.623304
0.661466
0.228969
0.0127205
0.826832
0.305292
0.0890435
0.165366
0
0.457938
0.101764
0
0.318012
0.852273
0.623304
0.0127205
0.0381615
0.178087
0.559702
0
0.190807
0.699627
0.597863
0
0.292571
0.292571
0.0381615
0
0
0
0.0636025
0
0
0.152646
0.0127205
0
0.0636025
0.114484
0.0127205
0.025441
0.610584
0
0.0127205
0.076323
0.0636025
0.152646
0.050882
0.0127205
1.0558
0
0.0381615
1.0558
0.0381615
0.50882
0.330733
0.0636025
0.0127205
0.0127205
0.0127205
0
0.025441
0.101764
0.394335
0.241689
0.228969
0.025441
0.114484
0.025441
0.025441
0.381615
0.0127205
0.788671
0.915876
0.050882
0
0.114484
0.292571
0
0
0
0
0.114484
0.966758
0
0
0
0.610584
0.241689
0.0381615
0.178087
0.305292
0.318012
0.699627
0.165366
0
0.0890435
0.101764
0.305292
0.114484
0.050882
0.165366
0.381615
0.139925
0.025441
0.050882
0.076323
0
0.165366
0.0127205
0.25441
0.915876
0
0.101764
0.0127205
0.445217
0.954037
0
0
0.216248
0
0.0127205
0.190807
0.050882
0
0.292571
0.050882
0.0890435
0.941317
0
0
0
1.23389
0
0
0.228969
0.0127205
0
0.470658
0.0127205
0.585143
0.241689
0.623304
0.139925
1.13212
0
0.305292
0
0.470658
0.241689
0
0.152646
0.699627
0.025441
0.216248
0.0381615
0.0636025
0.432497
0
0
0
0.025441
0.941317
0.318012
0.0127205
0.0381615
0.292571
0
0.025441
0.610584
0
0.432497
0.216248
0.203528
0.356174
0.610584
0
0.228969
0.025441
0.0127205
0
0.305292
0
0.483379
0
0.0127205
0.279851
0.674186
0
0.076323
0.050882
0
0.496099
0.025441
0.623304
0
1.06852
0
0.330733
0
0.725068
0
0
0.0127205
0.279851
0.0636025
0.127205
0
0.381615
0
0.050882
0
0.699627
1.0558
0
0.152646
0.50882
0
0.050882
0.585143
0
0
0
1.0558
0
0.661466
0
0
0
0
0.292571
0.0127205
0.025441
0.050882
0.0127205
1.36109
0.0381615
0.076323
0.610584
0.025441
0
0
0
0
0
0
0.50882
0.152646
0.330733
0.0381615
0.0127205
0
0.025441
0
0
0.572422
0.241689
0.0381615
0
0
0.750509
0.559702
0.025441
0.0127205
0.661466
0
0.279851
0
0.165366
0
0.305292
0.190807
0.903155
0.839553
0
0.432497
0.165366
0
0.165366
0.114484
0.178087
0.559702
0.356174
0.0636025
0
0.419776
0.025441
0.025441
0.0127205
0.0127205
0.165366
0.228969
0
0.076323
0.0127205
0.814112
0
0
0.699627
0.25441
0
0.546981
0.0890435
0.076323
0.139925
0
0.216248
0.305292
0.610584
0
0.0381615
0
0.610584
0.152646
0.432497
0.127205
0.0381615
0.343453
0
0.165366
0
0
0
0.343453
0.0127205
0.0127205
0.101764
0.050882
0
0.330733
0.0127205
0.330733
0.101764
0.178087
0.0890435
0.0381615
0.0890435
0.419776
0.0127205
0
0.445217
0
0
0.0381615
0.025441
0.610584
0
0.636025
0.178087
0.152646
0.50882
0.0127205
0.330733
0.381615
0.26713
0.076323
0.457938
0.139925
0
0.0381615
0
0
0.228969
0
0.305292
0.76323
0.25441
0
0.572422
0
0
0
0.0127205
0.190807
0.407056
0.305292
0.152646
0.0890435
0
0
0.101764
0.483379
0
0
0.559702
0
0.0890435
0
0.0636025
0.674186
0
0
0.076323
0.457938
0
0.419776
0.050882
0
0.343453
0.203528
0.228969
0.216248
0.0127205
0
0
0
0
0.407056
0.725068
0.0127205
0
0
0.076323
0.165366
0.661466
0.0890435
0
0.0381615
0.0127205
0.139925
0
0.330733
0
0.750509
0
0.139925
0
0.52154
0.050882
0
0.368894
0.407056
0.585143
0
0.572422
0.445217
0.0890435
0.368894
0.0381615
0
0.152646
0
0
0
0.305292
0
0
0.750509
0
0.0890435
0.165366
0
0
0
0
0.686907
0.050882
0.025441
0.165366
0.228969
0.356174
0.114484
0.216248
0.127205
0
0.0636025
0.114484
0.114484
0
0.0636025
0
0.190807
0.050882
0.101764
0.0127205
0.279851
0.52154
0.025441
0
0
0.457938
0
0.0381615
0
0
0.076323
0
0.190807
0.623304
0.305292
0.139925
0.0127205
0.826832
0
0.25441
0.0636025
1.08124
0.737789
0
0.928596
0.610584
0
0
0
0.394335
0.0381615
0.139925
0.597863
0
0.050882
0.0127205
0
0.546981
0.127205
0.801391
0
0.139925
0.0127205
0
0.0127205
0
0.419776
0.814112
0.26713
0
0.432497
0.483379
0.279851
0.025441
0.0890435
0
0
0.050882
0
0.26713
0
0
0.139925
0.50882
0.025441
0.356174
0.165366
0
0.534261
0.050882
0.0381615
0.165366
0
0.050882
0.114484
0.890435
0
0
0
0
0.0381615
0.25441
0.0127205
0.419776
0.26713
0.0127205
0.127205
0.292571
0
0.966758
0.0127205
0.025441
0.025441
0
0
0.0127205
0
0
0.178087
0.101764
0.699627
0.674186
0.292571
0.25441
0
0.445217
0.139925
0.165366
0.0127205
0
0.559702
0.139925
0.114484
0
0.496099
0.139925
0
0.597863
0.101764
0.52154
0.178087
0.178087
0.0890435
0.25441
0.330733
0
0.0127205
0
0.686907
0.597863
0
0
0.25441
0.915876
0.025441
0.356174
0.025441
0.216248
0.572422
0.203528
0.050882
0.0127205
0
0
0
0.025441
0.826832
0.330733
0.279851
0.0636025
0
0.076323
0
0
0.496099
0.305292
0
0.457938
0
0
0
0
0.216248
0.76323
0.152646
0.26713
0.152646
0
0
0.152646
0.368894
0.52154
0
0.0127205
0.050882
0
0.025441
0
0.025441
0
0.279851
0.483379
0
0.686907
0.77595
0.572422
0.076323
0.25441
0
0.394335
0.750509
0.572422
0
0.0381615
0
0.0381615
0
0
0
0.318012
0.050882
0
0
0.381615
0.356174
0
0
0.610584
0
0.712348
0
0
0.050882
0
0.228969
0.203528
0
0.636025
0
0.139925
0
0
0.0127205
0
0
0.864994
0.0127205
0.394335
0.0127205
0.114484
0
0.0890435
0.152646
0.228969
0
0.101764
0.394335
0
0
0.279851
0.292571
0.0127205
0
0
0.0890435
0
0
0.648745
0
0.915876
0.26713
0.0381615
0
0
0.0127205
0.076323
0.839553
0.623304
0
0
0.0890435
0.076323
0.25441
0.076323
0.0636025
0.203528
0.432497
0
0.101764
0.203528
0.0127205
0
0
0.419776
0.025441
0.178087
0.076323
0.699627
0.788671
0.636025
0.0381615
0.203528
0.0636025
1.06852
0.368894
0
0.559702
0.0127205
0
0.203528
0.597863
0.0890435
0.216248
0.139925
0.216248
0.419776
1.00492
0
0.25441
0.025441
0.139925
0.0890435
0.127205
0
0.203528
0.101764
0.368894
0.0127205
0.025441
0.356174
0
0.165366
0.165366
0.0636025
0.496099
0.26713
0
0.0890435
0.686907
0.814112
0.101764
0.0127205
0.101764
0.0381615
0.25441
0
0.559702
0
0
0.190807
0
0.368894
0.190807
0.661466
0.52154
0.0127205
0.178087
0.165366
0.025441
0.076323
0.127205
0.597863
0
0.0127205
0
0.737789
0.76323
0.025441
0
0.0890435
0.101764
0
0.076323
0.0127205
0.139925
0.050882
0.0381615
0.101764
0.178087
0
0.0127205
0.216248
0.114484
0.190807
0.483379
0.127205
0.139925
0.445217
0.445217
0.165366
0.648745
0.0381615
0
0.419776
0.216248
0.674186
0.686907
0
0.0381615
0.101764
0.076323
0.050882
0.343453
0.381615
0.0127205
0.356174
0.279851
0.076323
0.025441
0.534261
0
0.101764
0.203528
0.050882
0.305292
0.0381615
0.279851
0.0636025
0.25441
0.241689
0.101764
0
0.050882
0
0.50882
0.52154
0
0.0636025
0.127205
0.152646
0.318012
0
0.648745
0.0381615
0.0127205
0.0381615
0.203528
0
0.636025
0.0127205
0.26713
0.610584
0.50882
0.139925
0.101764
0.25441
0
0.0127205
0
0.0636025
0.0381615
0.165366
0.623304
0.534261
0
0.114484
0.0636025
0.203528
0.0127205
0.101764
0.279851
0.101764
0.546981
0.356174
0
0
0.292571
1.10668
0
0.534261
0.178087
0.139925
0.330733
0.025441
0.699627
0
0.699627
0.127205
0.050882
0
0.139925
0.0127205
0
0.025441
0.572422
0.343453
0
0.0127205
0.190807
0
0.0127205
0.725068
0.330733
0.0381615
0
0.597863
0.0890435
0.0381615
0.050882
0.152646
0.152646
0
0.330733
0.127205
0.0127205
0.050882
0.330733
0.178087
0.368894
0
0.343453
0.356174
0.114484
1.06852
0
0.0381615
0.025441
0.292571
0.165366
0.228969
0.0127205
0.0636025
0
0.381615
0.457938
0.26713
0.0636025
0.165366
0.025441
0.356174
0.0127205
0.356174
0.801391
0.623304
0.610584
0.457938
0.928596
0
0.152646
0.318012
0.0127205
0.0636025
0.0890435
0.152646
0.279851
0.25441
0.190807
0.127205
0.101764
0.216248
0.0636025
0.0381615
0.0381615
0.0127205
0.0127205
0.330733
0.0890435
0
0.152646
0.381615
0.152646
0.0127205
0.178087
0.394335
0.0890435
0
0.534261
0.025441
0.127205
0.0381615
0
0
0.076323
0.0890435
0.165366
0.572422
0.178087
0.127205
0.216248
0
0.0127205
0.114484
0.26713
0.26713
0.0890435
0.343453
0
0
0.0127205
0.076323
0
0
0
0.343453
0.534261
0.0127205
0.0127205
0.178087
0.0127205
0.0127205
0.025441
0
0.292571
0.356174
0.0127205
0
0.801391
0.686907
0.699627
1.01764
0
0.050882
0.228969
0
0.114484
0
0.0890435
0.127205
0
0.419776
0.318012
0.941317
0.127205
0.076323
0.241689
0.381615
0.025441
0
0
0.0890435
0.114484
0.025441
0.076323
0.470658
0.050882
0.101764
0.101764
0.228969
0.572422
0.228969
0
0.572422
0.076323
0.432497
0.686907
0.216248
0.0381615
0.470658
0.457938
0.0127205
0
0.050882
0
0.241689
0.572422
0.025441
0.966758
0.241689
0.0890435
0.356174
0.114484
0.050882
0.0127205
0.483379
0.305292
0
0.050882
0.050882
0.26713
0.928596
0.127205
0.432497
0.0127205
0
0.0127205
0.52154
0.178087
0
0.228969
0.165366
0.127205
0.114484
0
0.025441
0.445217
0.050882
0
0.394335
0.0127205
0
0.101764
0.203528
0.101764
0
0.496099
0.0127205
0.394335
0.050882
0.305292
0.25441
0.101764
0.241689
0.292571
0.648745
0.0127205
0.216248
0
0.737789
0.139925
0
0.343453
0.992199
0.483379
0.050882
0.496099
0.52154
0.190807
0
0.190807
0.356174
0.114484
0.0127205
0
0.241689
0.356174
0.343453
0.0381615
0.203528
0.076323
0.534261
0.0127205
0.127205
0.076323
0.178087
0
0.52154
0.356174
0.25441
0.025441
0
0.368894
0.0381615
0.534261
0.165366
0.190807
0.801391
0.0636025
0.483379
0.228969
0.381615
0
0.0381615
0
0.127205
0.025441
0.661466
0.0381615
0.101764
0.152646
0
0.216248
0.190807
0.0127205
0.305292
0
0.127205
0
0.076323
0.445217
0
0.432497
0.368894
0
0
0.216248
0.305292
0.241689
0.0890435
0.076323
0.0127205
0.025441
0.114484
0.356174
0.534261
0.216248
0.228969
0.076323
0.419776
0.127205
0
0.318012
0.076323
0.0381615
0.26713
0.152646
0.457938
0.546981
0.470658
0.534261
0
0.127205
0
0
0.076323
0.0127205
0
0.25441
0.0636025
0
0.25441
0.0381615
0
0.076323
0.025441
0
0.686907
0
0.26713
0.407056
0
0.025441
0.534261
0.546981
0.152646
0.356174
0.178087
0
0.165366
0.394335
0.114484
0
0.178087
0.076323
0.330733
0.610584
0.279851
0.470658
0.178087
0.025441
0.139925
0.648745
0.572422
0
0.0127205
0.50882
0.025441
0.0890435
0.139925
0.127205
0.419776
0.178087
0.101764
0.114484
0.50882
0
0.546981
0.712348
0.610584
0.496099
0
0
0.025441
0.597863
0.165366
0.0636025
0.241689
0.330733
0.343453
0.610584
0.279851
0.190807
0.890435
0
0.0381615
0.139925
0.0127205
0.025441
0
0
0.114484
0.394335
0
0.050882
0.050882
0.190807
0.0381615
0.826832
0.114484
0.546981
0
0.0127205
0.318012
0.0127205
0.0127205
0.127205
0.190807
0.0127205
0.457938
0.356174
0.076323
0.26713
0
0
0.305292
0.216248
0.496099
0.0636025
0
0.381615
0.0636025
0
0.0127205
0.050882
0.559702
0
0
0
0.139925
0.0381615
0.0127205
0.368894
0.127205
0.585143
0
0.0127205
0.076323
0
0.101764
0.26713
0.26713
0.025441
0.496099
0.050882
0.216248
0.0127205
0.419776
0.101764
0.546981
0
0.0381615
0.0381615
0.178087
0.025441
0.101764
0.0127205
0.241689
0.686907
0.330733
0.050882
0.585143
0.0127205
0.050882
0
0.139925
0.0636025
0.139925
0.165366
0.661466
0
0.686907
0.178087
0.228969
0.203528
0.0127205
0.050882
0
0.050882
0.0381615
0.228969
0.496099
0.381615
0.368894
0
0.114484
0.0381615
0
0.216248
0
0.470658
0.457938
0.0381615
0.152646
0
0.165366
0
0.152646
0.26713
0.0381615
0
0.025441
0
0.190807
0.496099
0.0127205
0.381615
0.368894
0.114484
0.648745
0.0381615
0.152646
0.076323
0
0.0636025
0.25441
0.356174
0.432497
0.241689
0.26713
0.0381615
0.636025
0.0127205
0.025441
0.445217
0.0636025
0
0.025441
0.826832
0.203528
0.343453
0.203528
0.343453
0.470658
0.686907
0.076323
0.483379
1.04308
0.788671
0
0
0.318012
0.0127205
0.050882
0.025441
0.139925
0.0636025
0.0127205
0.597863
0.25441
0.610584
0.203528
0.725068
0.228969
0.241689
0.203528
0
0.0127205
0.025441
0.025441
0.228969
0.178087
0.483379
0.0127205
0
0.076323
0
0.025441
0.394335
0.0127205
0
0.178087
0.26713
0.0127205
0.394335
1.14484
0.025441
0
0.432497
0.152646
0.241689
0
0.407056
0.0127205
0.0636025
0.305292
0.139925
0.241689
0.101764
0
0.139925
0.025441
0.318012
0.0381615
0.686907
0.0381615
0.127205
0.25441
0
0.025441
0.330733
0
0.0381615
0.457938
0.203528
0.305292
0
0.0890435
0.419776
0.279851
0.178087
0.0381615
0.0127205
0.0127205
0.0127205
0.0890435
0.915876
0.0127205
0.0127205
0.585143
0.457938
0.279851
0.712348
0
0
0.076323
0.470658
0.216248
0.152646
0
0.076323
0.0127205
0.025441
0.0127205
0.025441
0.190807
0.0890435
0
0.228969
1.0558
0.25441
0.305292
0.0381615
0.050882
0.025441
0.407056
0.050882
0.076323
0
0.165366
0
0.050882
0.228969
0.203528
0.114484
0.114484
0.356174
0.0636025
0.368894
0
0
0.305292
0.737789
0.318012
0.0381615
0.381615
0.101764
0.152646
0
0.318012
0.050882
1.00492
0.0381615
0.890435
0.330733
0.178087
0.0381615
0.305292
0.025441
0.0381615
0.0636025
0.127205
0.928596
0
0
0.381615
0.076323
0.496099
0.305292
0.305292
0
0
0.292571
0.101764
0.381615
0.0381615
0.381615
0.025441
0.546981
0
0.178087
0
0.25441
0
0
0.190807
0
0.050882
0.050882
0.076323
0.279851
0.0890435
0.432497
0.674186
0.025441
0.0127205
0.114484
0.101764
0.470658
0.0127205
0.801391
0.750509
0.534261
0.394335
0.152646
0.292571
0.343453
0
0.203528
0.178087
0
0.890435
0.0127205
0
0.025441
0.496099
0.585143
0.50882
0.50882
0.050882
0.470658
0.178087
0.394335
0.496099
0
0.419776
0.318012
0.330733
0.292571
0
0.826832
0.636025
0.0127205
0.839553
0
0.127205
0.0127205
0.203528
0.076323
0.750509
0.203528
0.0890435
0.025441
0.559702
0.979478
0.228969
0.203528
0.623304
0.801391
0
0.496099
0.050882
0.0127205
0.279851
0.025441
0.0127205
0
0.0381615
0.0127205
0
0.305292
0.076323
0.826832
0.203528
0.343453
0.0636025
0.305292
0.597863
0.26713
0.279851
0.076323
0.0890435
0.165366
0.407056
0.0381615
0.50882
0.381615
0
0
0.203528
0.52154
0.152646
0.559702
0.165366
0.572422
0
0.648745
0.356174
0
0.0381615
0.432497
0.597863
0
0
0.648745
0.178087
0
0.241689
0.712348
0.190807
0.496099
0.26713
0.025441
0.139925
0.076323
0
0.546981
0
0.165366
0
0
0
0
0.50882
0.343453
0.0127205
0.305292
0.0127205
0.127205
0.139925
0.216248
0.101764
0.826832
0.623304
0
0.152646
0.941317
0.025441
0.050882
0
0.343453
0
0.50882
0.0127205
0.076323
0.0381615
0
0.228969
0.330733
0.0636025
0.228969
0
0
0.483379
0.623304
0.0381615
0.0890435
0
0.165366
0.114484
0.686907
0.407056
0
0.050882
0
0.636025
0
